4.205206635178595	4.327987710593539
4.37623312124548	5.114270253792133
4.585188194457038	5.619074134171243
4.706330947348149	4.783137649690777
4.793343517891794	5.003050859077341
4.875674601988824	4.972950139973114
5.021333121762896	5.5263680065411185
5.070004522499018	5.125869029170684
5.079056226421523	5.465758943023656
5.271481458225252	5.423692835391191
5.297938837006035	5.785468441395042
5.423816154664538	5.946566550593225
5.446767019714805	6.155814790961205
5.474273675209021	5.931145604472449
5.48568948061974	5.910376270452891
5.504098115953571	5.592224577177286
5.59369989635887	5.718983701781137
5.63906987089343	5.642221749737191
5.644278430649481	5.779684314383492
5.678142136176301	5.977741349900507
5.730330537234271	5.762796125188458
5.752080408821062	5.921564418149523
5.794261821190539	6.322834179894177
5.826772664543856	6.112832357748406
5.9294016797106375	6.029969675675057
5.946933986160867	6.006748313972875
6.142339166894686	6.178873348456957
6.15509808664355	6.917285802125742
6.190349790786219	6.254168365486525
6.333530861088445	7.064037176396102
6.400380975829236	6.424212834092942
6.417287934296964	6.64019723048351
6.434604239710877	6.929118954429385
6.4574968133943225	6.678824783698801
6.55872961211324	6.73260235616284
6.605863164092369	6.634942943782788
6.675622091569472	6.933623666115313
7.099405903377352	7.398046192787413
7.914880288541353	8.005021265672754
3.1640194933836168	3.1712644811549113
3.6494817110713424	4.616628351429161
4.31126215940859	4.996279709780365
4.329198860859663	5.975374911380185
4.403782257711867	5.004143262623258
4.523090572944144	4.678009734445075
4.657139591582434	5.188840623883818
4.672222627844815	5.064199694910898
4.71081436283822	6.2404862481668495
4.720524265521595	5.219660780743523
4.865085150708176	5.04914793041804
5.015820313080472	5.380326380853782
5.074336317360186	5.416914613164906
5.080464164185393	5.430918794542532
5.088778587335282	5.477010445852715
5.201906616799322	5.785468441395042
5.218762547394212	6.429806522399813
5.244222807051577	5.706694882908596
5.287427794704952	5.598719769383277
5.290152365557113	6.960867847176536
5.324151932862768	6.111158720736914
5.356067607511275	5.829164996610555
5.370725590628211	5.497239585337769
5.385631729667225	5.82142363424495
5.421680030571003	5.731983136150949
5.443896432605603	6.416179755763027
5.460349706798817	5.750017681507712
5.575999769981448	6.225161728763955
5.577181483560639	6.28957985248415
5.60430211152463	5.664337973421479
5.6058573653666475	6.083356636200151
5.606232405644879	8.992128219927016
5.625047714153965	6.6904311139483585
5.638281462216162	6.107997223539561
5.643161963524148	6.499790426708344
5.652091393490127	6.291730033599788
5.6645282868319065	6.38807542186194
5.687099323970899	7.3875772444552705
5.721441162107942	6.570415005299301
5.739230531727992	6.12095674025355
5.742364270409441	5.804473368540064
5.773339451129809	7.265717904080297
5.782412576978435	6.6904311139483585
5.822281275317159	6.154080303885176
5.85386054467097	6.892045639107169
5.878464911981912	6.875033209567309
5.890070056021456	6.8446829409241
5.922193775855149	6.469455230179584
5.9728839049795415	6.841017571258697
6.013408409638962	6.192949212938503
6.019248340061086	7.173131631581265
6.020504079567016	6.536976021787084
6.021194660635658	6.570415005299301
6.0374753905758896	8.483430056920358
6.057675505517651	6.286855258868602
6.091454066191912	7.5604119322761445
6.142750921851503	6.7167150842120495
6.148492242964685	6.420783234808583
6.157470286486841	6.3813679058572195
6.171861313703279	7.339681097772691
6.206297070616582	6.650280858832337
6.227961362825136	6.3064650484359035
6.350308520105387	6.512556102779013
6.37497497061216	7.019831484704594
6.378122223978409	7.064521181323978
6.488450912108177	7.239305608550447
6.514024781924372	6.844595551389272
6.524523938927953	8.52215737256329
6.716755675871067	6.970985484048524
6.756621522154243	7.775321808689788
6.774103477327764	7.019831484704594
6.830855835710802	6.962189268670695
7.070179779130408	7.826549307622438
7.109780244533006	8.275316184474269
7.4283019387582625	7.908750053683664
7.458571721516298	7.736453698587706
7.491395862794647	7.7309143833634035
7.535845898184503	8.097727787665486
7.543036713181045	8.52215737256329
7.610060283012961	7.8179043590059765
7.646712463471771	8.545874581734418
7.689150812222642	8.06777125616393
7.8051729515269	8.438741791045219
8.28014371958252	8.315514213547866
8.51269056954044	8.96064077775472
9.72438865891457	10.976518458710439
4.723229020816172	5.75099456571242
4.911805310920241	6.065194931110779
5.152689769182384	6.759680600959278
5.2707465575062615	5.871274403392822
5.4557118546935826	6.621770238102145
5.5343733821419985	6.388875345704888
5.578816425758725	6.641939351495947
5.640957843964937	6.476234514454466
5.64108716033876	6.409600051519655
5.648790928317651	7.632886620692611
5.698338192241177	6.791723030833007
5.716923342465839	7.458877050845262
5.720764824048261	6.9298488360905015
5.729585833398431	6.164342644232337
5.790817012193356	6.57005161922717
5.800792708775934	8.742114682855494
5.844794211384789	6.832043066197397
5.97546168872872	7.758492288782618
5.981119074596563	7.441658932440286
6.068831113466391	6.871486788920811
6.186169716235854	7.832126437140002
6.47205276929045	8.64797477688927
6.478951820206907	8.442053755478472
7.205424995498355	8.72547149054227
5.124771827143691	6.725330713453899
5.1310778841414635	7.342469465115219
5.1565631579633475	7.9142713006457015
5.358697104793879	9.246927803257078
5.449066432438156	7.332716906111102
5.463904703184473	7.909207224746432
5.570958012489702	7.069817310223939
5.593729578821413	6.61865323684892
5.607652256383586	7.613902948697629
5.719925131464221	8.713111080307943
5.790004750602301	6.949301087960904
5.8848473887355075	8.036688314442163
6.375385598003778	8.729550084636273
4.875991429210371	8.287099165208328
5.100850998875927	7.902946052893929
5.429480814280342	9.05488736829141
5.511415922977499	7.060020875204262
5.003346876139827	8.217262465812597
5.087985694093668	8.284042544136417
5.438743329828657	7.650420961502347
4.858514597351168	8.243255806632993
5.426101947649038	8.50415893444936
5.237435019897463	8.753728141018286
5.128516607082846	8.802068692762115
