2.9936220982113624	3.8657601969675923
4.303639369527142	4.3756814632501815
4.54724733237248	4.591399591837194
4.584227565407842	4.809251521789801
4.657291609679445	4.827427136547053
4.742760957480092	5.330849744830839
4.818776938917937	4.894716579594438
4.905084625190803	5.037929684638909
5.170562228479104	5.250261331807027
5.192123115632177	6.307659291513244
5.227473685861744	5.808884660946145
5.325334454338288	5.339646586165383
5.336106734152415	5.364726534397539
5.361953526911622	5.4280252660290875
5.699030399049436	6.093150950963903
5.709527502220209	6.495992541283034
5.785721685444578	6.258217146729383
5.792500456449568	5.87872009015273
5.814118208172552	6.232693436149297
5.846782897802012	5.926304004733852
5.906091907444115	6.250931550490412
5.921972003603677	6.595317809870794
5.922712879968322	6.110516021496261
5.927074613367429	6.272699541165864
5.957220077894188	6.125636906937916
6.024828131545491	6.5666802184817525
6.165602292767246	6.617492427297809
6.284528629750024	6.869446897995118
6.514472593785391	6.7451479217361845
6.557658003453165	6.932567201895137
6.586536671848362	6.947879261982268
6.793275519607797	6.816196216657276
7.083934058535167	7.414725669437498
7.188283387744787	7.725299523328662
7.519805792923631	7.589294756200773
7.525007950578309	8.04448283027753
7.525450967705493	7.735993966685627
7.924183551672755	8.122574267133635
8.389356593229635	8.76658664325698
9.154790738951966	9.22868447236744
3.8638297838298095	3.940768486682446
3.90014066919041	4.837597740032987
4.143911370680177	5.719571751918191
4.256474590472409	4.5915729769830325
4.382350428791418	5.506589008624243
4.4598991470709155	5.471173391947917
4.516026654829719	5.469241400077713
4.633223194423359	4.678792296268092
4.6985539459782695	4.979361725474477
4.7119603682130276	5.595638978909394
4.794460947056277	4.903799009317612
4.818269316542908	5.036545535307622
4.839437903701266	4.909804664164579
4.9914151753190135	5.1352959510650855
4.994066758239457	5.425623734082663
5.015278721326773	5.380429028634869
5.062046297784756	7.8247917052469305
5.218976839523549	6.114274707543405
5.23207589606013	7.061327439763512
5.271689376016425	6.093394836205075
5.281122570929213	6.354457160216873
5.3263500645159105	5.7031661938612945
5.340171864176873	5.652183926948994
5.3519235211286675	5.368725796433835
5.408017927572962	5.584108988785245
5.448111190649106	6.714524117694778
5.4689082600174155	6.275025090126741
5.518021413548459	6.526857561065775
5.542367914184907	6.5093939196710515
5.572449341324437	6.300177095003125
5.590205116094944	6.327858312755142
5.644151763402341	6.265566660443271
5.651271589724754	6.708855062019187
5.662039337100723	6.723376832644998
5.688860899983918	8.22957186868569
5.688882792662026	7.981187791714997
5.691421390558073	6.510854491589102
5.725997600763956	6.832363786997947
5.731564427305912	6.321710620236951
5.769666260216047	6.349211397624973
5.807683821974756	6.038522309658926
5.810539460584424	5.985140847852491
5.81667077349647	6.327133732533373
5.9011120069629435	6.105419054564601
5.906687869198154	6.0898396063873435
5.940772296260536	6.552010276507357
5.993788862301538	7.020725116565856
6.128630993811095	7.373832502003602
6.236907135147575	6.521236559402072
6.253481643862584	6.470326087038676
6.277279329575806	6.453070625371708
6.322384251060046	7.7828623854927335
6.430664256955059	6.955348565302027
6.498382232562005	7.526193423091135
6.512817370206296	6.792315688788521
6.519168419297335	6.681509624333275
6.543084309121484	7.7230914583723616
6.545355004833619	7.379804183858167
6.56684973050731	6.97273170357488
6.651071742330839	7.904194735979305
6.6803672522646975	7.84602356284198
6.7455099666170755	7.675167288375521
6.958735833103945	6.968214937604968
6.971441447092559	7.5116335363739966
7.0857660633154484	7.506585988046624
7.205576034173921	8.05098647982376
7.282448244962811	7.568875813488919
7.282662650938608	9.222908895179263
7.381420435559749	8.541743154086456
7.39747785758001	8.32544318120409
7.413915654998813	7.6142668798129645
7.476297931889572	7.668056553887457
7.479932913723242	8.454905198592293
7.506760411972519	9.068784734936274
7.628518339707861	7.932513655570851
7.955612281954032	8.433318331123521
7.995324624055066	8.32981951014948
8.410043359380898	9.157111697012805
8.637728384952409	9.26969636242851
8.790888307136543	8.9310484469284
9.262066224697493	10.175777267734679
4.53815688758664	5.0261908050505415
4.722528239063363	6.563741100919018
4.894095238724857	5.556732049523648
5.139402394918493	7.437164412241914
5.233077395630526	7.011869071805014
5.2752165375989195	7.041993105694367
5.349419157051053	8.656059772578317
5.3632898077433415	7.833509261042325
5.480949426038527	7.79185537565562
5.503892014995634	6.82025757302759
5.561429477331026	7.585575609671434
5.573100714513459	8.63005050826642
5.6138943843129185	8.21423269475349
5.723448785444578	7.182986543364576
5.769922372036376	8.631845688765319
5.954108794410157	8.119283426239054
5.971240231466391	7.756195732677157
6.058848887383769	8.658545913098031
6.128712015884675	7.514694988239662
6.135374330989761	6.7427792769018735
6.3944491023347565	8.248911204398363
6.414155553129035	7.714897742146624
7.019282244766901	8.630978010945379
4.748933603523139	8.16206207900612
5.073255398357521	8.613389416651408
5.076970053458423	8.332664262128592
5.228056311138819	8.865959003929055
5.293143087224625	8.631845688765319
5.319032097132925	9.436680544805654
5.676387988805406	9.750041706485646
5.697503391926693	8.799211703369988
4.891927811585226	9.335526568421308
5.048306036597437	9.220107042903575
