4.226246622588299	4.7186869836923115
4.556424097821325	5.04622271634657
4.629562040505696	5.426446164851066
4.633071705701957	5.417741700551685
4.662167178084708	5.731205465762961
4.718139864984222	4.7186869836923115
4.769449525838597	5.735760933763702
4.77157649842942	5.285508389203194
4.806562549132098	5.388955437342595
4.816887663404324	5.9187897908695195
4.8313499589608675	5.7725033547492
4.84362429561264	5.810651714814924
4.850188728410722	5.151996250702174
4.856182692220895	5.597120903703849
4.873768999053694	5.200589402618177
4.883953667429702	5.260870412291876
4.908291066879076	5.310807103733239
4.925746264732535	5.411300700878652
4.947712720674161	5.3112900378860335
4.965520608063609	5.317269845728884
4.978453849306569	5.184863626836107
4.988997602009623	5.401228519041701
4.99133080988131	5.752394153611351
4.996318371992226	5.800482425343244
5.017029713931166	5.361903012148033
5.033931098310393	5.2580239885609386
5.036921740834572	5.891825317237104
5.0389906596693255	5.401228519041701
5.062270008004503	5.388955437342595
5.062330098421269	5.555632388567516
5.064260964136229	5.480124144797814
5.065343063872104	5.70784245565341
5.079833743612868	5.184863626836107
5.080598528198057	5.3112900378860335
5.0812135095159485	5.1425011353693035
5.0813519393514905	5.300858482707619
5.081814721899506	5.210234566121976
5.097078224982602	5.37817841745882
5.107312082418646	5.260870412291876
5.110943006522905	5.132707219236954
5.118736683064036	5.276003134222687
5.133620000229255	5.494998632770595
5.136171041500259	5.420635852855012
5.139598904071309	5.3906545440226274
5.142516085996876	5.5090262804169905
5.151611691562709	5.420635852855012
5.167400334122741	5.482380331921207
5.176946876548201	5.375181664004981
5.210300597364458	5.332258469393006
5.2171825755636885	5.361903012148033
5.217355474347022	5.390668229530263
5.219857218152621	5.411300700878652
5.231870275187398	5.2820569519283955
5.241343245532301	5.482380331921207
5.243597256860535	5.444114112418373
5.256178423625226	5.309727544376517
5.261707995887044	5.406820332384921
5.279754031720682	5.5394173728196305
5.288908797743543	5.545781671997528
5.293585602766977	5.3443447179521275
5.306740752598004	5.354614454719885
5.317927362854099	5.5251513000119745
5.324021872439051	5.3602174917580845
5.332711971102231	5.377502858652278
5.340570819886455	5.5251513000119745
5.379708124664182	5.480124144797814
5.383561223816157	5.4752065025262615
5.41314650661048	5.494998632770595
5.415820136015172	5.42743162417084
5.423975844679758	5.5659704024147265
5.45550785554677	5.632338013289875
5.45749041972167	5.466463300652469
5.47398184458557	5.521524155978937
5.565315126372863	5.681373634004132
5.592369200074995	5.874391069536102
5.7337846895503075	6.09418131122116
5.7414317991573265	5.974986769039669
5.768137195159342	6.0216900466974055
5.8700111952069225	6.175055049103771
5.951148752821015	6.127842095053497
6.194282687986736	6.38195977929601
7.989463128177961	8.127662452559255
8.201161516613798	8.732022112653198
8.280900690567675	8.485656892452356
8.887439299500588	9.508305590248733
4.517832094555916	5.419019197201911
4.601860948181906	5.283634182149342
4.673761160618499	6.189183400498389
4.684997906647058	5.139636236734034
4.715115848791984	5.824952324953645
4.724653587373515	5.885529926100802
4.726123153448545	5.231245428697494
4.738664086454097	5.223528525447665
4.761779595261129	5.230815653142802
4.772871082699176	5.806660351446556
4.777465937473768	5.453693930190126
4.79224991538405	5.453693930190126
4.81942162001571	5.643813085402753
4.831362488492991	5.42576879080392
4.847424060265145	5.383592799781278
4.911614373758988	5.143371689599255
4.915803554575273	5.230815653142802
4.921755691467552	5.009506893160183
4.922668571540103	5.317269845728884
4.924349186053098	5.344519846127601
4.926692092170567	5.469420799251775
4.9541902987645825	5.444114112418373
4.957609350104802	5.469314918889113
4.965087250923859	5.118495898324248
4.966465874245504	5.309727544376517
4.969304227650905	5.437526317461757
4.9757697297815335	5.4373307878478245
4.986203793074574	5.428405371315965
4.999199733258249	5.188234861432869
5.011630254998921	6.027367012506272
5.023689144716439	5.418859751435771
5.05637982076794	5.365963871555547
5.081749696605115	5.465979187751851
5.096573500837651	5.466463300652469
5.09879727809401	5.363309389764344
5.101272301352382	5.188234861432869
5.102689377532636	5.242324449760016
5.117397062505809	5.350272699463711
5.12501371810336	5.489362067796737
5.12872844983244	5.741584556719412
5.130509907442214	5.51277471360074
5.1341813904045726	5.134694330313522
5.140373672137524	5.411662003073911
5.161731485136039	5.462822491927487
5.16761414476191	5.437645644501629
5.172046476487639	5.57599530157622
5.186944383913487	5.654534900273217
5.189015655752777	5.42576879080392
5.194718227155538	5.521524155978937
5.2129941513429	5.608128554379475
5.213205119702117	5.337669432901546
5.220707489920069	5.365963871555547
5.225480879477049	5.489362067796737
5.23518806416076	5.575360623086073
5.236060476016887	5.938156667173587
5.2378227598333265	5.532271280178593
5.2430539987365945	5.643813085402753
5.272253757673734	5.437645644501629
5.279643952273101	5.344519846127601
5.286084677361516	5.692404864188106
5.2876010711534365	5.55824388614593
5.299251451429404	6.31476600353346
5.3226824184698405	6.13196093966992
5.362034408014339	5.379226887155436
5.367948879979035	6.095448301695494
5.374049853857873	5.436646651738937
5.419427618532274	5.832985789471008
5.420447356505107	5.581079192421471
5.427627354034864	5.687747636201834
5.437686733579239	6.290801594157318
5.439978319728313	5.874391069536102
5.447473061586997	5.5670378378940635
5.447770113919298	5.482159465497793
5.512446724682582	5.828056172506146
5.545284275121503	5.559019585337007
5.5837593841477915	6.6794712752776695
5.59491919941588	6.522484765995593
5.61678288827469	6.210732549035498
5.6493406368041335	6.304056234363313
5.709077814083191	5.788250427095296
5.717648741580359	5.754745328831963
5.788568523900633	7.753419620394779
5.828620509778492	5.906352695581923
6.0030920824610785	6.845962413366655
6.118484289213565	6.26732050727639
6.166701477348575	7.649131959224575
6.21743523821825	9.210449808267198
6.290039852169026	6.40691344746423
6.457708542696057	6.782723846280115
6.463334697693912	6.756219973328549
6.503737631152399	7.082700394526668
6.780806951254642	7.235665574896665
6.893817979327091	8.632941919941151
6.894092714243728	7.224295163775676
6.916694502650997	8.023189275159302
6.975839726484884	7.230973664824414
7.022321366996571	7.066649234795722
7.082702481112959	8.545388158359165
7.118838434053325	7.607655167472123
7.182286302381804	8.301707680777799
7.808567252896939	8.031671856008728
8.500357207287035	8.818659867412029
8.897264724225828	9.004440745817043
12.260243623567392	12.72709904330842
4.550945120327934	5.420249580825018
4.604931955273486	5.799016903137221
4.708348509332984	5.919320103453601
4.711908052269532	5.494290909883512
4.722637495219754	5.586049697115431
4.838284389570311	5.597120903703849
4.852452415384445	5.83717085082939
4.853506106119713	5.631272822782346
4.866861957296943	5.869096810454112
4.924396112147858	5.242324449760016
4.926957332229102	6.2902705449018015
4.928771091544262	5.3796421502091265
4.957334314934292	6.829082204370051
4.985635827650053	8.558550164037714
5.0478926796882355	5.580966061820067
5.050719889398839	5.940054793299803
5.062717888778518	5.350272699463711
5.066230254011461	7.275988236633022
5.0762047837717015	5.4242262150271605
5.12602829639152	7.143720265955305
5.365686354556878	8.728498847837885
5.511103061684245	7.120893627428131
5.582960025665428	7.280464374858264
6.125033715366352	7.174819957116853
4.251062689322981	7.344005731353943
4.277238378989343	5.851078951115284
4.51063229438146	8.382853552445047
4.530335378559431	6.058366915503047
4.667700878053815	8.334412674812741
4.806252530273244	5.741383030832073
4.819911000872932	8.791780054130808
5.9599552354118615	7.529440383224756
4.203690517406642	6.2081967144677925
4.463750810680874	7.649131959224575
4.651419819675838	6.035679612198804
4.099540188654439	9.108571486283687
4.396095021527853	8.05538830863659
4.5213841548189935	7.725924389965212
4.586145370627573	8.6936555327741
4.0869448573003995	9.041912509365337
4.556887492873486	8.71982065184532
4.1584708220914965	8.760602702831468
4.273562839143512	9.164960961615492
4.125514207724566	10.905634330806118
4.236383586709105	9.755767950467948
