4.456134828498057	5.114510142824803
4.539754771072748	5.209196058494367
4.696376805400269	5.615099551665865
4.75298492475944	5.0460649732972875
4.767170848387022	5.880902796422556
4.790802335189342	5.6148521210730635
4.799844989810235	5.985844127762418
4.804192969266477	5.257693026480678
4.807293369683868	5.483883633371561
4.8288591574233815	4.987556841132836
4.846994379204898	5.257693026480678
4.854183540173201	5.784399184977027
4.855133116417235	5.573585020229868
4.858043085454161	5.261491072213808
4.874351044705262	5.331037723946341
4.879396876827605	5.336984974663192
4.897216108493157	5.324338876351007
4.9658036684889755	5.507590417012647
4.980511477733566	5.238219729646098
4.9841186446924395	5.331395825210814
4.993162733170817	5.271502738428367
5.008062805973925	5.011414372820892
5.008565108037533	5.435955342154962
5.008984023344494	5.238219729646098
5.082307628140264	5.5888859709926955
5.097300375702448	5.6483020487013444
5.102634979601646	5.48392096283564
5.120749592908345	5.259736821496675
5.130638079284084	5.2088695334292066
5.132259758244021	5.2768073961357835
5.154305027612799	5.201880641099486
5.165525159208882	5.914986598233414
5.183532697966049	5.209196058494367
5.198318627987108	5.47537446439118
5.207801785608621	5.454433813467033
5.2084144581498375	5.2768073961357835
5.211965748116319	5.955630670052098
5.21432138760387	5.6085133244110095
5.229979110325203	5.504657059975013
5.231975220234781	5.324338876351007
5.2359681202137205	5.34232571520727
5.242336932745298	5.345228249770373
5.247916410513645	5.4724199358448375
5.259016675050071	5.345359929052937
5.266301725653076	5.331037723946341
5.281236484706654	5.562874917977613
5.300871930449448	5.438390599978381
5.320306662729475	5.6085133244110095
5.391094061534458	5.764021661171894
5.419407165639092	5.560358067869479
5.4413878060537995	5.630736273478077
5.443625691123428	5.504657059975013
5.452077870504647	6.044238931303414
5.478120102290652	5.60815015287812
5.485918798779574	5.50383203038497
5.490287100442289	5.739293883517509
5.577773454433887	5.660798479703327
5.645068941747887	5.743503977947925
5.721049729311658	6.15866560648431
5.877639382797301	5.893100646734821
6.075119228380807	6.077292307880399
6.1320242898328585	6.431684904080214
6.47917704317661	6.550173533870018
6.918202174131929	7.727730718097807
6.988511556436764	7.092151667062739
7.63020933195317	7.697790911167886
8.390454362685135	8.533361580652228
9.690628179821383	9.858492724231445
4.161069771137041	5.425995769494973
4.184251769447022	5.618791595619932
4.289285901062547	4.976973220986103
4.418849926216748	5.661557160485752
4.584276388389645	5.670277969509578
4.637507890085907	5.2517426675140575
4.641081689371702	5.370080700065942
4.762878627029163	6.012414054110878
4.765387147445591	5.762041476099571
4.790957785438324	5.385484944034768
4.792039148188298	5.331395825210814
4.805247087003356	5.734874818916334
4.810045681427992	5.830396132382677
4.814067530654056	5.104481804058419
4.828388131598837	6.16252987319277
4.831510349046286	5.336734363255272
4.83189322933596	5.98141764652048
4.834194051097758	5.265923768080109
4.840772113974699	5.110660451538294
4.842760737793687	5.778282482643113
4.8499787256090094	5.24314825440627
4.853569789292876	6.105219843466116
4.854779975008848	5.672973831837091
4.855981832132458	6.053838576963968
4.8866456921277335	5.921763524298886
4.902761040216542	5.259736821496675
4.904391540903785	5.201880641099486
4.907262532764535	5.24314825440627
4.910150874103829	5.34232571520727
4.928522959160719	5.489183888097073
4.928823072514062	5.647893701752803
4.936265467168918	5.846705337755549
4.946732413010504	5.2088695334292066
4.948036388379573	5.613503572757717
4.962019428434952	5.22615911110911
4.962126137031899	5.280786705301055
4.977320122510001	5.164890328456773
4.982840719987977	5.65562450291828
4.9828598803297846	5.127275142127746
4.987385971894324	5.524510172448086
4.994578403257101	5.3482443856314745
4.995819164844542	5.194334489160999
5.018126870735078	5.4511691661286585
5.02537077269912	5.72553129250302
5.037976394792715	5.506286007345914
5.057460079306303	5.127275142127746
5.058203752764513	5.2562442627461605
5.075279497387162	5.672393274769767
5.093340394159208	6.128432412732104
5.1118317819720485	5.368183702080675
5.111851654825987	5.3482443856314745
5.11808392048353	5.519755569067295
5.125383074152171	5.345450252897203
5.1513568493944994	5.514291457100567
5.174457423900727	5.454433813467033
5.17471357016055	5.625538537566952
5.190662577669523	5.4942811512243
5.2023805699346255	5.406454470450001
5.2032464234975375	5.60815015287812
5.240711812420958	5.555054773911128
5.24152397565112	5.65347236883839
5.251723183280295	5.382236931488795
5.262961241887242	5.443386328337562
5.287417274509635	7.190930582482341
5.300470419283829	5.535815037954742
5.306410068731951	5.538467595712871
5.321522882774609	6.005054303126738
5.355232721801493	5.519755569067295
5.386729452104102	5.580656396829881
5.398030757606316	5.489183888097073
5.434568468104109	5.669391208267162
5.4346228207854415	5.645355383899642
5.44007916458537	5.44800021407568
5.454312872284408	5.506331053527439
5.462917921546953	5.539448394871819
5.483404012698291	5.839048608117215
5.485263596518164	5.794380670823233
5.493081176137775	6.483003090467456
5.56965170376108	5.960070442790993
5.598319611846916	5.673325360373537
5.630450926936295	6.80727137502209
5.669996470703921	5.70463256887588
5.684742024985035	6.245546926364846
5.780130476962287	6.145322126982226
5.790992480039229	6.180512942230875
5.8401590074710406	7.369017478215708
6.055851814494422	8.218155419795615
6.350470492108036	6.768096448786262
6.602418342970309	7.127341444974561
6.69409507151021	7.470612407153784
6.72118112575187	6.894082249918504
6.784567254950049	7.27961103274875
6.868031382259082	7.977133103998161
7.021243003895082	7.625022154506822
7.039705171309802	7.651294902624082
7.0771977747663675	7.391795715694962
7.2551064431692325	8.002886849448052
7.264161432851809	7.345123228307729
7.330160771492986	7.969585216003626
7.417253239090767	7.90529223468872
7.446823820146951	9.234870686821598
7.486966299823511	7.993788119706697
7.512209927934448	7.705528271998301
7.631465011333766	8.29930538790837
7.736811969067561	8.50827643785815
7.784665321818284	10.58095561512378
7.88368312140587	8.945111232330042
8.386559043091951	8.921596334480265
8.487826914598852	8.771543121143988
8.693505009210277	9.425457174803485
4.508929609146266	5.341697333265605
4.547770854658241	5.211661876986858
4.62372867516366	9.273944151187656
4.672161727650594	5.9103185392089905
4.68047459001345	6.18930157944041
4.767330451384454	5.749699268526836
4.773803802398248	6.539443688935272
4.802707490886316	6.248684309437782
4.86131375432794	8.330430120084396
4.86230097618467	5.261748542952471
4.8682311043160205	6.082312474635192
4.903350134664709	5.843755951388522
4.928371389131864	5.657777584320157
4.933976883902755	5.846063688733519
4.940965971344858	5.22615911110911
5.0050165119586945	5.345450252897203
5.155734574316033	5.872965943272545
5.17303838998791	5.9641580877452665
5.24127678513721	5.695134330891646
6.215316122820657	8.621962007001327
6.217291046734861	7.556921774559564
6.406301272682464	7.604720389023748
4.089164633625249	8.557017447293987
4.507208278523171	7.891898384022587
4.540179151133216	8.280763686671545
4.660546680552769	6.148840361246404
4.7031000226868	6.172698000921292
4.844159604859135	8.592566149540858
4.890339622279182	8.568143137704356
4.96266265929631	5.414866304545447
4.999095736091185	6.218244741429608
4.621434466221384	7.032319222135492
4.710108788562043	8.069088529524121
4.730740814180527	8.73089593138854
4.4354158488472315	8.230168502049393
4.552670024262559	7.65176216142858
4.624500867891364	8.161101010489299
4.103537955276129	7.891556474087852
4.160259642583851	8.796624898846469
4.1847995825394895	8.946125436491785
4.602045451737918	9.00110948268382
4.103248484983987	8.676006227189752
