4.009076597403679	5.0049266501460705
4.635825402860675	5.198788889740496
4.642258097805822	5.191023592971919
4.663933299108832	5.2416797165236915
4.727015732973254	5.3971827459581245
4.742590256233002	5.48616480230404
4.786446540709009	5.2795159292451945
4.796953712761795	5.173189486623599
4.799480588471438	5.3474960477212194
4.831200970157945	6.003888624911936
4.838897792469651	5.618380612460097
4.8473706148378	5.495033708442383
4.889160201129089	5.314808961009208
4.894846609169627	5.707087543918892
4.9243276273021435	5.298238207605605
4.958660665218754	5.134453497747862
4.975909272131237	5.078526856119251
4.979753107151981	5.493704886649963
4.9832373034047	5.847026547521556
4.984651954211012	5.044061663538687
4.989023600603255	5.078526856119251
4.994551384573737	5.247986544604175
4.997751519984051	5.405348392509236
5.001816845129473	5.738019398210287
5.002562619544762	5.2795159292451945
5.007766713597393	5.582523025557522
5.009337329387107	5.3474960477212194
5.023374139742807	5.368202223151158
5.023381577984424	5.293428624026728
5.037511697480054	5.262992534397637
5.042811095658278	5.204468467735452
5.043199979240299	5.118318888558282
5.049334877823012	5.445055804590706
5.064119268450841	5.298238207605605
5.064803100665568	5.314808961009208
5.081329369365279	5.392726127531474
5.08616017192822	5.401357223148169
5.1040387877804925	5.452601771229017
5.1373857503047695	5.590217198997049
5.142894419008722	5.493704886649963
5.14601774555684	5.79710690777099
5.153481022171736	5.36207259335016
5.15519789543223	5.325396293722235
5.157792469065915	5.377792454437209
5.174497207197475	5.3496677122601195
5.176857901000382	5.326068107249175
5.1919501773728	5.365643680138225
5.192050769261601	5.442366853934572
5.201206386899503	5.401491588736299
5.2027204923002754	5.634591143186924
5.216700315191323	5.386893883765219
5.234685767887218	5.236988613452809
5.240494482459041	5.523379011736889
5.2409887291462836	5.609659072414506
5.288623131297202	5.700442656208121
5.29713632793722	5.529192805263553
5.299649041865058	5.370480927382401
5.309681763356795	5.377792454437209
5.316716443870175	5.461554001864195
5.333788313530067	5.634591143186924
5.339959932802388	5.392726127531474
5.346331993392369	5.511496206445349
5.3469135347214305	5.7497280741285435
5.3507769413632955	5.467202703789068
5.408971433418515	5.48616480230404
5.448461810644545	5.452601771229017
5.59152558782478	5.720480538230963
5.613202582402788	5.619508651845439
5.65968320372793	5.86842830901156
5.747012220157351	5.768619476673652
6.141638678908123	6.31379759803254
6.95228934780285	7.141356797803073
6.983964463581301	7.811329734932892
7.230154692232127	7.360690264874313
7.545802984004243	8.250571192285015
7.840804887406489	8.009340592892029
8.294244390948375	8.370387164498558
8.566512329908786	8.716575604672906
9.437061566824399	9.665821573432481
4.216400326654221	5.6545511932305335
4.310382088665627	5.59691797545932
4.44848841180587	5.787973316994324
4.4823712056495735	5.1989140254335675
4.500566121662653	5.250652713472603
4.5635675522173935	5.449180179031579
4.591832599447429	5.635657835095329
4.6237915549525415	5.091972790057454
4.6857019297313505	5.483564462668367
4.696394453298449	5.6847655406544915
4.76973134728444	5.204468467735452
4.779096583541889	5.017534070432738
4.795269728905349	5.231337981315399
4.800979724128117	5.042826664150951
4.835691534437938	5.432849606645886
4.873106378606073	5.870315873598128
4.88949172351638	5.732645833408776
4.8937859585910495	5.262885420774014
4.928702942493517	5.4278300118207525
4.931746458001507	6.0230927232235505
4.944255638715168	5.326068107249175
4.947522788533019	5.293428624026728
4.952072379586423	5.076595432951195
4.965212445091419	5.752836671210853
4.970549347106663	5.562187385124263
4.972022657286707	5.523798631278782
4.981334655820484	5.450383547586159
4.996172379564174	5.768745186838371
5.009683609249521	5.512887193708502
5.012291384461894	5.178609017944003
5.016483719849838	5.42838299812513
5.019001227598517	5.507575639883744
5.020688705767077	5.4367998948542064
5.023790141944603	5.2878646235209645
5.0249197780884876	5.322012392382614
5.025273713032712	5.239815702665901
5.034433081603912	5.373377906361823
5.044609489784058	6.10608510995106
5.065688186640659	5.2878646235209645
5.074568168956019	5.239815702665901
5.075125830121818	5.402955910411869
5.082104121488876	5.151938450368941
5.130276850573387	5.507622910617168
5.14382574815897	5.178609017944003
5.145836650083807	5.387089887222468
5.161696530373107	5.505290113929841
5.163662879727428	5.231337981315399
5.168952114446283	5.357195578948606
5.176697488267622	5.680128682688243
5.177313714477147	5.930941672737702
5.200322933557667	5.558642099151832
5.21557118434522	5.338911199019787
5.231898346537228	5.735318595496646
5.246800247814783	7.287740435495539
5.268607479810987	5.363053364599552
5.271445779454407	5.402955910411869
5.27336659601789	5.505290113929841
5.275643263058942	5.287351709898717
5.282320372723441	5.61036233144214
5.305681125030322	6.096919885701198
5.308974020034787	5.761956575600218
5.314209321089067	5.387089887222468
5.318857791191329	5.332022246274141
5.33750951435546	6.191552552563321
5.340650517901236	5.734223625621863
5.357247292538784	5.470303003911611
5.358820561997758	5.65093195312154
5.362402773645729	6.043816998855664
5.388197017251578	5.690310615610417
5.453943608976702	5.499348658944117
5.458605832294498	5.525759023855601
5.463315871633265	5.558642099151832
5.48898137641904	5.507622910617168
5.495313275152885	5.570834887395879
5.502683835718443	5.51237299552216
5.517881106566408	5.658468610811181
5.5332673086536674	6.248194863889902
5.589281173064696	5.7653164796045955
5.600338307777966	5.846167053896013
5.671803065256756	5.955208062162537
5.683588965721591	5.931274929894315
5.762650590156456	7.270431035436743
5.868210596840321	8.55112875923587
5.981349733498904	6.34642627434022
6.002562015679425	6.792417974267163
6.187310162024413	6.576253696979524
6.408378421734954	6.425358343379749
6.663546122589008	7.850664731012098
6.79726258045518	6.885711857228038
6.842063018835122	7.596366636482285
6.862914914100647	7.005450890675518
6.936780015357316	8.767244748605656
6.951576997468127	7.059172782129407
6.99372137274154	7.327602837559791
7.108266808066334	7.541319250444777
7.146399014163663	7.998483519874751
7.169175515651714	7.339274562293216
7.315653300109342	7.546149239082369
7.391203136082028	7.96806336602332
7.4391074904257515	7.589535000011893
7.503819051226763	7.732201169242455
7.584729396166372	7.87284861434317
7.605557829572789	7.694665627103724
7.646403346577838	8.27334937895395
7.67893840284954	8.103667497727336
8.218534087770584	8.903035770756599
8.458962369620513	8.5957930915926
8.778331585370399	9.119345034996782
8.824767103563522	9.637742805946303
4.463019595181016	5.708689714359055
4.551487451312436	5.590217198997049
4.575042051283387	5.71059465934087
4.594392349730389	8.61074677724168
4.669555969546228	6.025251497796617
4.700590714753756	5.287351709898717
4.715489596967732	5.933435128669389
4.724708764668953	5.834560569545522
4.724959396015058	6.906469325668098
4.738001264929599	5.3502873320206765
4.75517855766324	5.814723105538761
4.802783157343875	5.549689584409294
4.8082916983412565	5.839051286532681
4.83070370872363	6.014659211279396
4.8856509787943905	6.058306086563989
4.929142295997374	5.8129053685312995
5.023611655090535	5.576207164701641
5.212979005460874	5.887105546055906
5.250246467366143	5.81485049915682
5.320041155724785	5.570834887395879
5.331506674780176	5.684720690961331
5.479331562260043	7.074312385752241
6.17095221603158	8.635590373907949
6.561496747858141	7.900416195109016
6.645749605050613	7.160850584550997
7.190094941010582	7.629341722595557
4.320292899561253	8.00209344094968
4.429447402390081	6.0035606685483796
4.550887038171725	5.90453723952722
4.600469226324708	5.900029917424748
4.624019679428767	8.664009330216214
4.662600861098704	7.971701972066883
4.776161411722931	6.066941990470044
4.782677092221853	6.0111215169790695
4.8119074427461275	8.250571192285015
4.925641548451055	5.922300420508567
5.167781487517253	8.178864569570615
6.565939335113171	7.550731811870991
4.167573369266761	8.213999972536966
4.38795136188837	8.032824814124814
4.556877176243726	8.749333301955016
4.6485099863839014	8.605665054055493
4.675150078446234	6.1619071839854485
4.542043017232611	7.0424618284192615
4.556815504279469	9.794530020822375
4.191812519471031	8.776020231303162
4.4121953552673485	7.705175380605185
4.221770290089551	8.148127366866714
4.318653665756639	8.710963817753836
4.016467362706398	9.029496033369401
4.225216108381816	8.848652113274179
4.184821669507471	9.159275273005216
