4.445104320176394	5.15271133393965
4.592233233231823	5.082631354752589
4.618160305263159	5.632675645480196
4.631335371298526	5.263733965578777
4.663176502447107	5.2569752213247645
4.677839848056227	4.774144862395005
4.6927741773534795	5.01045506952002
4.704034380379406	5.867354814991531
4.711862247627176	5.613483368972806
4.748944853549302	5.746826625542826
4.765065144554661	5.01045506952002
4.781097347080592	5.116247034835508
4.791851107824819	5.8784136702492376
4.807177771156292	5.781516318982236
4.824815549915882	5.5687181742826795
4.8327546441010005	5.533355105299744
4.855042899662572	5.351208358608063
4.859012283432771	5.075516444860461
4.874489563074634	5.2200689161649905
4.894786300931056	5.478843199318346
4.908257015634156	5.206338631918289
4.922909213516525	5.2200689161649905
4.945249109961317	5.326927947139126
4.948321765473355	5.194164452847299
4.953482826311137	5.232118532414303
4.9578427191906576	5.075516444860461
4.959672736368408	5.281558477454473
4.961100666991206	5.966064763796245
4.9674802943049645	5.19709323340138
4.983679190904937	5.321863563141746
4.985815659220554	5.164810145625482
4.992763920202165	5.245425085576232
4.996580898541737	5.369345581692629
4.9970378587968804	5.390627796100942
5.010428566593656	5.364763901703924
5.024102878203464	5.303700541869343
5.037245629195999	5.060515581159229
5.038190699789977	5.487677746974428
5.050455728046158	5.203218063996589
5.064773745963825	5.5724743095149485
5.097337970759337	5.203218063996589
5.129360432611623	5.348800249247362
5.131866560681501	5.326382531429631
5.1440369444750385	5.426361612292867
5.158039352172579	5.1761165140664716
5.159584707857671	5.359059848146201
5.159613439315879	5.164810145625482
5.165263544632258	5.652497445799788
5.165481089370882	5.3221582975305655
5.1681147960643985	5.549335945514981
5.224770638260179	5.372334678740113
5.280668020768804	5.3536460030440365
5.284291949320663	5.364763901703924
5.302232613466482	5.463506362847694
5.367404477220376	5.4306597079145815
5.368592845599034	5.4323852859655535
5.37905997772125	5.487677746974428
5.379499916472212	5.506989249003047
5.394659723396976	5.699087773325404
5.439895407989931	5.480665670655001
5.497116673421156	5.909878852484895
5.6042387314259745	5.643552660199105
5.661055786807026	5.697577559289738
5.690887500851628	5.796074225162243
5.701095048419082	5.776737831276672
6.348918667987936	6.497489338603282
6.602478915595332	6.867028210291325
6.7052571116524655	7.033254466199692
7.1395415731012095	7.878891493681895
7.269401295034962	7.39480309638884
7.586466237113829	7.693999849419454
7.672027899728581	7.711364650914459
7.67451993269255	7.907957309097134
8.625766923253918	8.970311206975103
4.276639517970066	5.207584227882642
4.372075385781611	4.860330054237002
4.428129235003419	5.56897198061867
4.473555820604998	5.291001091074161
4.531111983824841	5.409726279828107
4.563754406579743	5.821427549616334
4.570863705066607	5.2349504633333925
4.58089891203857	5.684677533118016
4.595826223364271	5.3173768865635065
4.627692939701895	5.004062085249114
4.63522198512624	5.154958648963097
4.674299511762957	5.01669659001641
4.674509019172525	4.96841863877776
4.67962201687563	5.2577076962394775
4.709522927948094	6.040916025328195
4.7264126828057	5.570515293353546
4.7305580184167955	5.724593009567883
4.7518853465466595	5.304171966382083
4.772248782853194	5.232392654065304
4.7778028392073555	5.116247034835508
4.816167703343352	5.921782984600006
4.863266944738542	5.232392654065304
4.8714800913128204	5.3182054358475845
4.885408232111005	5.307131885588896
4.899824378335841	5.37892189875712
4.903876115520885	5.073230180190336
4.907087201636775	5.834716644651085
4.908081686445994	5.19709323340138
4.916210398595992	5.647890451888358
4.9228723812448765	5.518898715028875
4.924229388528744	5.499702486830486
4.926749238776423	5.350871051648294
4.9278341677157265	5.757192190774287
4.94152922691819	5.154958648963097
4.9441710203288425	5.007509555293128
4.944563256358127	5.206806624190697
4.948195267460184	6.030712604013852
4.959023113477851	5.588640530702762
4.9687641596339915	5.958602892535084
4.98149257376382	5.432595446991788
5.0027963603963395	5.171408120680328
5.010122129836757	5.735736839250487
5.022310908950049	5.459385640927444
5.033452856942032	5.365913202576695
5.107215996464481	6.186180752147731
5.123039827150676	5.4003700199098414
5.123373469695152	5.495808331759015
5.128994364479326	5.353202145470534
5.150138767254564	5.319103465874191
5.152592717394446	5.215690714245308
5.184435710285615	5.438774476774617
5.192030029053554	7.1867095726489145
5.224669553006837	5.44295021550018
5.229343259440071	6.040059724740319
5.2349002587338225	5.491873862903023
5.249652942492634	5.344226365601111
5.255637211212532	5.604385724732426
5.256328152522036	5.425450758430741
5.260325693726	5.613876033609703
5.272621180777909	5.763738567611526
5.293317416323915	5.60530625365033
5.296853971140953	5.322805410818077
5.307280854586714	5.941647487490882
5.311877145646205	5.614754087864166
5.333400990404992	5.383390609853785
5.340040249757639	5.575894469785796
5.357632711674064	5.518258000143837
5.371132489694612	5.396963892990377
5.392060170585168	5.60530625365033
5.3966340818010625	5.468161133452681
5.396969439379137	5.612370637157629
5.445131474734492	6.092012673028553
5.4840391466715355	5.494018748682359
5.498688675961932	5.629551090804316
5.5238850371548684	5.714490582474902
5.534444570486736	5.684137811958278
5.5864182952394525	5.760473200553878
5.598874298620222	5.607254520230339
5.632616954531793	6.002001903000141
5.67152682044403	5.735397309684182
5.698378138920734	5.837901378534713
5.721513108629796	5.837961094914125
5.761611586935226	6.219290241570381
5.778290123469399	6.157154159215682
5.832539977529688	7.1445108511417486
5.841004701910918	8.274216228398027
5.899030145405435	5.970191800034405
5.946219956586835	6.310590575601955
5.9903101245326855	6.183809942725413
6.060397097582665	6.893714573852594
6.317967646686383	6.803148145120634
6.507489181930267	6.740501367713245
6.562240593192718	7.603437149324305
6.592664069358025	6.616472144351605
6.62517015947354	6.880671020699806
6.772345635561789	6.800571696128088
6.811850251499099	7.414241014927843
6.850882929758565	7.027194109624927
7.089035094706651	8.161545328474997
7.107759235949256	7.805706178441691
7.352712430449348	8.899650276141106
7.385974819610319	7.76149692796101
7.396444528676111	7.641514080183079
7.437626434253807	7.998202286495318
7.447536946270383	8.064119872724579
7.522854859092334	8.286036989794436
7.541253039083755	7.8163359369424095
7.560137959218115	7.969810237261838
7.685751716322575	8.115429253353684
7.814724318698004	7.848556360527049
7.874008787356057	8.116220807850333
8.098348327223105	8.614261083937741
8.5333193478156	8.900535725386712
8.794808378126508	9.653506782370979
9.282137444552836	9.587275921010319
9.326753504577173	9.497468396101931
4.027295108341513	5.631875889497975
4.232926058401076	5.25467563659439
4.415250687094501	6.069975874308728
4.441018906846572	5.881864706146334
4.487928902966353	5.847193357068096
4.514292372463693	5.554657794162316
4.538872662962907	5.3822263255782365
4.565717496967046	5.785586787829134
4.604181261224014	6.324034268052856
4.646860648147963	5.0254942688160185
4.661547009833782	6.046017246003425
4.717086470518612	5.79648638643052
4.7202046138998455	6.026878048752473
4.737494525939779	8.113158637807427
4.784025248528586	8.497183813581064
4.819254798579638	6.182236154639062
4.83687295596491	6.017149496657541
4.904119834627434	5.907432507632268
4.913755470082832	5.365776531382078
5.046261870627286	5.468161133452681
5.094264837505228	8.09575279333432
5.103190436169539	8.260192216491278
5.144173175267586	6.90705443332913
5.2544145453674185	5.383390609853785
5.306656687633588	5.6292147013983405
5.352379835589816	5.396963892990377
5.368556287492957	5.8164742423001465
6.41072935486736	8.566456196441154
6.692700820322245	7.1050150376855274
6.785824149015961	7.782405909085509
4.071756496175151	8.478788693735485
4.576013743073875	7.904435514622373
4.60159084561851	8.590775518399262
4.70566316550085	6.935941175475043
4.833272455736504	7.024986165602206
4.45458001188178	7.344634009036389
4.704719120490668	8.570782766454712
4.714935537316622	8.013319105350346
4.151291857666206	8.17332632383221
4.160757550446138	8.87769929879003
4.221514504881086	9.31369191719239
4.24794749983146	8.83273131750465
4.521907510710139	8.860851137334267
4.022615170694269	8.974462111424563
4.105985457243924	8.429164565920948
4.293430522544693	10.263490024972857
