4.370507777163664	5.2694881985371795
4.6388286418274225	5.469694615732463
4.673454045128048	5.21034884287991
4.76252646748972	5.3359532490751125
4.774581541378668	5.383209496100422
4.782970532646131	5.8417804243439795
4.784933615458925	5.268653007025277
4.790892842432672	5.2895775343197196
4.7958935922504216	5.8266354089413355
4.819844317279887	5.244347772273116
4.831517012145046	5.784394526360368
4.834695765410259	5.367298163608399
4.846422341302483	5.087921678541907
4.8561488359655245	5.19946001351413
4.868398189211561	5.973972884405749
4.883322198187132	5.33451845382371
4.8857892754964505	5.820268068009242
4.920978476086969	5.372558449118133
4.922591189207726	5.234204628199437
4.9359570245613815	5.458327677174984
4.940053008693527	6.009727082812321
4.946464930452014	5.367542371481757
4.946864213018118	5.010328052202157
4.958218778980525	5.584456410565336
4.96357827134492	5.358468312916739
4.96712600722627	5.151186137222608
4.971925292810149	5.425577182146087
4.972885809059862	5.372558449118133
4.984588751631026	5.80880516311617
4.99615458390128	5.950866693400054
5.016661199452759	5.102834268882966
5.0304552666948625	5.159117368182825
5.031552149327514	5.395697939055971
5.049642734300984	5.457374706499945
5.051251331277429	5.191129560747086
5.0724969158677355	5.14270330738029
5.076022154812584	5.269131217733332
5.076765425487456	5.415945383796943
5.100578993228916	5.346463428052752
5.107731279551874	5.403695889973393
5.127740952566587	5.54050912150407
5.137320311214644	5.589168727679877
5.1384229508331165	5.78547769374477
5.142544186795875	5.403695889973393
5.1439582066555145	5.234204628199437
5.148557513159744	5.54050912150407
5.153675513457192	5.358468312916739
5.157733067588252	5.406625477106852
5.168164909866927	5.367298163608399
5.174366601409606	6.074525924075971
5.1945221421768375	5.400757746721938
5.207125434715418	5.415158519698882
5.23377690820537	5.253345155525181
5.258422610527383	5.426559964425241
5.265282310333817	5.337514198150586
5.266714219927237	5.462102180993416
5.267975327455072	5.668420694316304
5.294481299140197	5.519438089707415
5.294503193834945	5.663887972502636
5.29540572624628	5.525105202478641
5.327408338504221	5.440339443612838
5.330501288626847	5.522704171816026
5.36086370036641	5.415158519698882
5.369907717257903	5.406625477106852
5.395332245172416	5.589168727679877
5.454189763434149	5.533652222035937
5.4961570706370315	5.575524302590913
5.9075310360931805	6.063260606303181
6.425600901613914	6.443581978975119
6.75364277059629	6.773283860218515
8.476901717645838	9.158170090912414
9.005206152966784	9.044249022659548
9.70666869759981	9.770035410607504
4.183027685976111	5.767876657346816
4.315916095616819	5.483244914354282
4.4475706896224185	4.925378530763929
4.601368049299808	5.8442226919739975
4.649307931256284	5.13039818002848
4.72042651117809	5.1672902962457
4.72825520217659	5.191129560747086
4.731825156202425	5.898839632267969
4.733384021030382	5.289039003156604
4.752636848098275	5.209479422209399
4.770471586985287	5.798172488176587
4.772280064540235	5.511354151710557
4.786003801264378	5.725144670082193
4.803829233087471	5.428034124733811
4.80829840340723	5.750714085802124
4.812275426441506	6.056464169606086
4.8348678782056895	5.556376342867303
4.864999713261586	5.010328052202157
4.898157674217801	5.88676694512177
4.9057788697237	5.089769232955855
4.90936253066829	5.893567344551245
4.924663690038431	5.395697939055971
4.934516786839107	5.072064033714567
4.940389630577466	5.381853227172482
4.941596357644275	6.232728270244405
4.949541256573327	5.231179926563354
4.952274171802057	6.244256543459469
4.952725859936368	5.292222620492151
4.965763156452283	5.322493402804319
4.969478414627201	5.211934207006401
4.977611494908155	5.151061430034733
4.986867951326671	5.335160381459844
4.990313459987041	5.936455933710041
4.993571061529127	5.686466031300506
4.9957098636128086	5.4637120081938315
5.022918001041866	5.418858170270555
5.041687276122849	7.238972837510427
5.0536364736519	5.745373349412885
5.058278365533403	5.490513734311444
5.070808630261628	5.432986676256728
5.0918894974792215	5.172383550953335
5.093262552203548	5.421232914859124
5.103745830540416	5.3370008267273805
5.111436616840237	5.5079553268614125
5.114197118643302	5.325575459401096
5.1163862908934306	5.124706860966613
5.117443357108639	5.8216255255370335
5.127217186820342	5.318871876994777
5.135044480042858	5.344177456005785
5.135588979472813	5.532142902145304
5.142159068178477	5.3038445650237875
5.147315079305689	5.231179926563354
5.151459217324332	5.632698983644422
5.155494944788588	5.605284611915748
5.158901967763736	5.445136200611368
5.2005443488616265	5.211934207006401
5.200576988965354	5.381853227172482
5.2053669932449855	6.003317344902788
5.223219793561531	5.479974349533223
5.226445413055247	5.8863258022587175
5.230857173084012	6.02958927737451
5.244340270333063	5.298941211024785
5.2746714396281424	5.364778589260868
5.284138014916545	5.812217574566166
5.284151404535684	5.432986676256728
5.3295827480730695	5.388857608313902
5.392216893103768	5.619787693411263
5.46396050681505	5.613802412123134
5.466060835165259	5.736197693973172
5.479538945148567	5.580765732617349
5.505865753323649	5.5135304221419545
5.511682767196625	6.476681556578417
5.533163157937331	5.9831395768432785
5.534376327398446	5.727360048584998
5.539374966508737	5.674607558582779
5.541509822494956	5.600274165381762
5.570341437139987	5.836464336945371
5.686471815185501	5.877417994141892
5.752111789536125	5.804657070686148
5.762024648807865	6.756827430204415
5.803925968279773	5.943610955441745
5.846299298995679	8.365465901923658
5.85040377256241	7.217418550034848
5.872136737125719	6.088517715803148
5.927032340647475	6.23431869353274
6.285291200047034	6.720036684391423
6.402807043392557	6.935272945635577
6.439386867381446	6.806779786975576
6.581828889558014	7.011066454750262
6.586498518726391	6.596960474687556
6.660932791500724	6.712065409822787
6.705302682911926	6.727438400555007
6.73798070492709	7.345988313461576
6.801713537674894	6.9838777686294895
6.824950759859879	8.902820504813102
6.984579425877274	7.946139688172595
7.018770957826998	7.577052490634605
7.023530331007038	7.846181637870184
7.064817694143718	7.264732027005802
7.197336857458906	7.908299035542773
7.322767184152284	7.620197819007791
7.450558332886657	7.731732277851104
7.480720327580232	8.275304918257401
7.544215088352286	7.903211185415322
7.563038947722079	7.954111547537737
7.5723122359049535	8.464200551357685
7.82063126685931	8.241311774057086
8.089694177234152	8.891353882178514
8.268284581198076	8.356610661651546
8.726991058443001	9.316291400001854
4.192504728355854	5.745771407656522
4.43464665903983	5.526226164755461
4.471075639748734	5.325575459401096
4.563678163309303	8.925328506924185
4.609385524539227	5.469694615732463
4.638959983086669	5.839249574802928
4.648744666346666	5.971255095606895
4.664276406985846	6.014615675871164
4.746292457468401	5.854352467978132
4.810285812175767	5.40412111790159
4.8156452349924725	6.931428841781302
4.819453927932396	5.923506783541976
4.821058739714726	6.1543641202544945
4.842725434711303	6.143070263840932
4.849922743160877	6.169976178597194
4.863384130791071	5.3370008267273805
4.872481949250825	5.9883399388446135
4.949676755461128	5.388857608313902
4.952696248647259	5.335160381459844
4.987532140093439	6.802350365165992
5.09082581940937	6.149248596924518
5.094734812418247	6.048517465938998
5.137740932968609	6.1908186129661305
5.482302248898105	5.600274165381762
5.742518436277607	6.469016953752491
6.2277704806233665	7.5413136325480625
6.283088197768178	8.705802681185343
6.7065098691404454	7.373845449950601
7.513118612072315	8.014976251822054
4.480262366842024	7.980913991252649
4.6132564773649465	5.476589144996986
4.638459484545941	6.929916972692797
4.924432759796896	8.027989381678598
4.938100328347564	5.355602686831071
4.939650289883145	8.415162096638323
4.960561403485099	7.920442252028571
4.11180924386907	7.723439582594848
4.169229996351393	8.430826430500426
4.242310127114141	8.235349333248523
4.539592706966414	7.546450271191516
4.596939214505374	8.17200023936562
4.904389315860452	8.461768546844828
4.899237662064678	8.688510703095158
4.053125076206241	8.819056167716166
4.719510437111116	8.902051761338699
4.362391573747809	8.963198672941889
4.449295602415262	10.045190569939546
4.557589795304638	9.036082967580558
4.259535332123636	9.007105925643817
