4.054179024707367	4.613145822353335
4.189690957492693	4.943946385235294
4.234317943836289	4.634336363625369
4.422199142554432	5.092855178914674
4.43363424831578	5.562849024258449
4.5009167049628065	5.275035129396183
4.567790270586371	5.090948989645617
4.583451116966033	5.565131602206886
4.721977933403948	5.1914511657557805
4.735243832574274	5.640653362698392
4.767190129746745	4.890568544390386
4.770553844341954	5.147763856343171
4.775010911329499	5.035189369081697
4.808521077441489	4.858263409427799
4.822617215549586	5.490579884231528
4.83769907662467	4.947951580780712
4.859178092573833	5.50640727998249
4.8679310078537075	5.539749015647552
4.8709581449537955	5.613232035989682
4.87993357809314	4.893130619205583
4.943336657556109	5.692342620066626
4.958793105462322	5.566940954689951
5.002168305826893	5.181236652977847
5.006982471155267	5.343752978922544
5.055433909497745	5.1581591512723115
5.13359436108799	5.193894864207396
5.169101286412693	5.845443599389473
5.263838302718818	5.617430236132015
5.321393015913165	5.910006575739859
5.329470742115384	5.733397764696416
5.3894318441182305	6.143048918855041
5.411841693596128	6.150658458405148
5.47421506936161	6.495192451500127
5.486132308174012	5.496891364810622
5.505210136808851	6.061220146756762
5.508191635590776	5.602233589769025
5.516631336059154	5.7616118340599085
5.536720963389175	5.594657127824298
5.550846527010098	6.018675537864407
5.630156779720078	5.759582758568238
5.665305165107404	5.990438757580055
5.666678572679697	6.376048346132199
5.709239976145159	6.086944792157422
5.759801995224216	5.881872234522473
5.7665260482420875	5.867546136588027
5.938763033206442	6.582184284582719
5.9578704575058214	6.268657519914636
5.985084466132024	6.088953623096898
6.2298630075375305	6.817957359829803
6.251749431104404	6.636931620115883
6.35927958829276	6.606275946295091
6.4097921459474065	7.220888066432624
6.4630058777080235	6.511413709698977
6.64752038869538	6.6562556794355014
6.819598238585018	6.887998396736
7.29393183645916	8.108709773861701
7.300424137841461	7.370869599908864
7.343597190851263	7.377264764086291
7.386189096059967	7.421120885179056
8.79494153387862	9.307761106727805
9.153117980883938	9.440331945600464
11.946960266455454	12.401657634285794
4.285186163185713	5.6614060063017675
4.32669396361632	5.4293580733995865
4.334735386795098	4.482627581788034
4.357153112110772	5.349214387755035
4.375397646472705	5.769592913306647
4.447453310775051	5.275645103774406
4.448666248855494	4.803504488514816
4.515413924649641	5.017004010654183
4.519413132027498	4.782242335683458
4.577572834778847	4.813280327801094
4.59713320746286	4.927501006522974
4.623648542626781	5.604093328997699
4.680643153790981	5.165171988739957
4.7265865968114635	5.300051314702923
4.827285059193634	5.52538662396595
4.828332367756307	4.893130619205583
4.873794030325709	6.349584038868407
4.877381396643764	5.710475374133459
4.892518848289668	5.0879467052698075
4.905073322991678	5.31210806558119
4.9265693882025445	5.723031200425872
4.952701932813668	5.504472683226848
4.984672171552931	5.740018880066192
5.0349755114759365	6.7448614749108815
5.0360708582191815	5.9178830400070686
5.04729930349237	6.381048081875775
5.050706316006874	5.956719035901599
5.073257727478786	5.796252083936926
5.086670356615018	5.268447578738022
5.100708019417557	5.325037628813143
5.119847362432939	5.823491436178448
5.1467576447618475	7.635146406525567
5.153265200365239	5.52538662396595
5.1598413505846334	6.221716789708563
5.1677221565744365	5.274710854215927
5.210241329316598	5.5661457792247155
5.24090341539337	5.930029978277988
5.252865703638977	6.401065206261498
5.26258987216647	5.7298768543545595
5.270528272206723	5.741086312495445
5.27401894482027	5.910279934470863
5.274751959242892	5.669661407302751
5.3123185540878755	6.065401720040434
5.390943111905693	6.228318201017183
5.39240568717183	5.913519146476177
5.404713479146421	5.665003104951156
5.4094380653114245	6.358171385474426
5.42277303610504	5.699703373580621
5.545087831715537	5.71743845619444
5.584616941326435	6.132234794866982
5.59291735465791	6.029168288665023
5.656419957496495	6.105544795480651
5.77539218307982	5.988127906554067
5.794448731159373	6.045253048302896
5.82197859603459	5.836599884640888
5.825933117461349	5.998028097278136
5.8667610236154095	6.620850191524217
5.914209591659887	6.620257363082109
6.0224554547139935	6.637879000688186
6.0315329959852075	6.96078434793527
6.122072346571229	6.542721285448005
6.389981998125884	7.635177271829352
6.48321334090896	6.968814356251075
6.503016112541189	6.862401058485288
6.5392398032502665	8.463653811408369
6.575868010310109	7.173863227093574
6.64289917636511	7.277964427607787
6.7746506609804795	7.943596190543419
6.83035700711173	7.832562933684248
6.927393151059844	7.470546103133342
7.0013104396364865	7.893042393698106
7.092352180438557	7.774403144906312
7.245774014881893	7.286462464042926
7.696101510162756	8.025392114120798
8.019203653163103	8.571085387679746
8.237405356567916	8.873429672632737
8.43015829246466	9.291541884430833
8.555839616810566	8.630822677228247
4.416147980871161	4.942328111307202
4.551299788577309	5.375989616455245
4.6451088462828105	5.926331511386792
4.863696854308139	6.995269061065243
4.879404545803348	5.756421904996504
4.879720311382799	5.483258886117516
4.895514101824247	8.151284323358846
4.934255952907179	8.889509291422172
4.972498395063587	5.4532006533750925
5.048835332434419	6.983749982583206
5.065103311815499	6.654778999685494
5.115383453161197	5.634518897819633
5.148671782555114	8.018180168184264
5.165364654990079	5.80619285256624
5.176530905418068	10.878629009353112
5.225866326698861	7.217300907689499
5.307660371393894	6.397016889639338
5.554373801614335	6.532249895641029
5.564832376109159	8.733152642012392
5.586246203789643	7.286462464042926
5.596864320307542	8.466591169762927
5.90118449637778	6.637879000688186
6.675988118559899	8.405892734209484
4.812224689101363	5.544104121997478
4.8544150043674055	8.606927501113281
4.8798983353329035	8.451617317497949
5.036994685723365	5.991812468365171
5.398134810824663	8.597801049999026
5.448649724169591	7.141582191124989
5.747323022485335	6.882583380749215
4.283682978484516	5.835506123174683
4.304594598994556	5.936153519652815
4.86298932565279	6.054870880037768
5.055752232595896	8.604402428599032
5.088629191674478	8.534473034911937
5.532426198618419	7.445078814501467
5.647596345139375	7.856224109111155
4.816495994876054	9.222688216067088
4.830868506734388	7.85674962610893
4.94675446883131	9.083621045860244
4.998345300047918	8.276229325148167
5.057116952657933	8.635214185912904
4.880530011021045	8.844081554389367
