3.8879750178131247	4.261020131185865
3.918535200547009	4.459332747460738
4.107058268567633	4.640853155741118
4.251765942823493	4.270025728642703
4.395832848057784	4.8954723070106345
4.443649107486909	5.132001376349322
4.450960639811434	4.459332747460738
4.581500959138015	4.896179554046891
4.619764454295662	4.964741751273272
4.639386257589697	5.130401112161316
4.65192317219701	5.518632436607379
4.672310532168378	4.904297563533296
4.7214368507306625	4.9902359497871265
4.725397606412989	5.029044130744319
4.843337718530074	5.41291879745508
4.876828882716796	5.104475554414483
4.8956273187286525	5.344924250587883
5.003008915750445	5.702742192173048
5.008586981928804	5.097572005070951
5.081503004448857	5.330907462704201
5.102386635582376	5.5854396501485315
5.106697953043182	5.342482568034612
5.140098370121105	5.686429064483477
5.144271592993303	5.15674594591992
5.157837897580659	5.7469858927479835
5.161387245616942	5.534131822028609
5.182674756332594	5.993648343798707
5.22095922851017	5.740000567354766
5.296991828107977	5.397568897902485
5.4903646486134425	5.725196678229462
5.5129441209525165	5.5445273769219305
5.538368171355315	5.808868037266166
5.579441524229336	6.075831500552344
5.584635267575869	6.442853784877827
5.601895368314822	5.713344601514097
5.650015659569912	5.698333360294055
5.682973559011242	5.692383717485359
5.694031657737669	6.217333961524033
5.733874017790893	6.256988169001766
5.785157695178524	5.861471308872739
5.834672258471623	5.83603135579244
5.868461747793511	5.97487237648078
5.934869234054777	5.950541586513063
6.062047388330573	6.090756170444801
6.680719766071278	7.538281065594422
6.802972485874002	6.87168427865097
7.628641407320606	8.076112045236888
8.357200321223466	8.434628881007079
12.627065704686318	12.632876063984643
4.066515723822064	4.068639569969729
4.120368518862697	4.927844270093841
4.135344442053978	5.195183033126619
4.236942476147505	6.0920188843919005
4.2504000446787025	4.323055554287141
4.365273610249483	5.001037679787677
4.371249233900492	4.7530051203636
4.409061726179856	5.282628549510305
4.472777179168327	4.670440935407608
4.560832149670224	4.856352379345933
4.577094317243531	5.439876402511837
4.582782261157742	4.7212041380552705
4.6367581936515645	4.9124261434529295
4.6729150940377115	5.135850695024224
4.6834531624683695	5.2419775565893305
4.68395404026681	5.045279409347762
4.830162802641475	5.216184802204718
4.833331495621621	5.966575802647387
4.8534745443815135	5.918787860920977
4.873513275941029	4.914654318355904
4.874968742335135	5.3958863407341395
4.898690908386939	5.836925574528194
4.914452847866405	5.369668531762968
4.955965726634187	5.409805863642828
5.006656825736321	6.232282647703588
5.013063366024325	5.9336656326926125
5.0166137608144545	5.296691083010732
5.076956692152894	5.860246183938739
5.078393289238548	5.698333360294055
5.080535834944309	6.558071201674603
5.129320436979539	5.545210595942479
5.1331849493930255	5.575861634214626
5.145415588804044	5.565657325653774
5.161285529369964	5.853086180494703
5.194478974027903	6.063648918809575
5.204537194191821	5.353058913541362
5.207947778608361	5.755470283782567
5.254105025598792	5.860246183938739
5.332801380090953	5.931571789660404
5.369589270864545	5.902863162992134
5.396203380787359	5.41464497079429
5.398675105344931	5.6449109519029035
5.409342170583191	6.1813792879202225
5.432938747421853	5.567693909217854
5.559717567066491	6.100088862558297
5.57915877656874	5.991766578398406
5.600955827870518	6.046270341589956
5.634167205827923	5.865409902981106
5.644887975115127	6.531966297915367
5.682278146408433	5.950541586513063
5.692975361706819	5.884183914605848
5.718864399151786	5.896746411348906
5.731132389008533	6.575827645617717
5.81804399644259	6.330604200024155
5.891937066069949	6.20475272282312
5.892784032272338	7.4614897880752356
5.916319881001689	6.7642091814681455
5.932830418437231	6.616269191912394
5.957838813145908	6.295390177397145
5.974017429993072	6.791012554658327
6.11905798480529	6.727806427465786
6.157634974425944	6.411260870671141
6.187275564156336	6.280240406296899
6.2418355429189045	6.505483125763776
6.252512970933377	7.306015320134451
6.4428615986214535	7.045598418080681
6.638297997581761	9.078382677466095
6.703193465546116	7.360016215183822
6.765543286137091	8.05636684526558
6.827499777515881	8.220323598494803
6.92081359624942	8.202969604160788
7.05772813717	8.748764632547438
7.12369529666348	7.2490966096731855
7.238683166890317	7.987670261836003
7.295923356842234	8.537058300022053
7.42002779525144	8.393099006331475
7.679913023243127	8.18950777333996
8.25243296044279	8.70125142381226
8.28488851694391	8.51941241771598
4.6803081282448264	6.641311475815375
4.765198435110649	7.358297117932068
4.861896184927899	5.08745501366461
4.87750838879649	10.77254972471291
4.9456803095863355	6.082818338202156
5.002059317322388	5.599150049613638
5.02548878577513	6.120035316445446
5.042332066470416	5.5060312586914835
5.104698239296455	6.372601698138743
5.125674585671406	6.820596194680205
5.173267152420082	5.783763817768746
5.3236284719472575	6.564119780722677
5.398068865404818	6.805846983395174
5.404463469682958	5.916766504812205
5.515347117514026	8.628949807813992
5.633158420563856	7.482494069102245
5.71504878818921	7.972960976562372
5.762771059455421	6.335905904650145
5.956891406843059	7.181629032755491
4.597121189192989	7.8039318583855115
4.67507216375676	5.477330436146664
4.682484518455302	5.545210595942479
4.788350965190485	5.85128781638015
5.132713753046691	6.106818267733825
5.291461049473337	8.120882884553524
5.347665228181546	7.179018429602476
5.501172100749149	8.513577152825071
4.590610624924732	9.022208290505118
4.623605287561955	8.512642556705275
4.750285426881604	5.858421030398819
4.9912861645678115	8.268978677349908
5.120660502092893	8.364295707527612
5.246344716773922	8.750749227971564
5.259694472262526	8.938340909410687
4.6972304124776905	7.6672444701246425
4.908922991779493	8.406197691398567
4.963756837103497	8.855429707629295
5.043311653704572	10.269049021886707
4.801737162616127	8.97927120569433
4.882740214255341	9.038692680404436
4.8186234154070835	9.387522204600325
