3.976245856534619	4.707626788696119
4.075940127445298	4.418940284053368
4.275904517929091	4.329410438085081
4.289555547284956	4.837368382002788
4.415123376083965	4.418940284053368
4.440863540018928	5.395825259123151
4.636108058879812	4.803769113790804
4.706788648911494	4.932327887620572
4.713390257894	6.34967894237898
4.737478762869131	5.364149353872836
4.745731341193999	5.079882826191949
4.8377703248839135	4.854191940266647
4.8482253449959	6.043945618381899
4.9481958469081935	5.1704068861737325
4.949958164003481	5.111517310792262
4.958611900166645	4.982133555398674
4.994678186251968	5.079882826191949
5.051287975453049	5.387702561357699
5.062777997916052	5.991953358326927
5.086704700132286	5.215321531600279
5.097864138770462	5.387702561357699
5.1108034894241605	5.2475179468645115
5.115678158405759	5.44555953513187
5.142508471271595	5.262550791363219
5.180280419926779	5.2634130088747115
5.1957531093655245	5.281794217354782
5.22245188310123	5.590289069057574
5.230705711166191	5.431704689061009
5.329062307133133	5.484166059166707
5.354323430758253	5.4389017885851345
5.382500503352405	5.448765262549843
5.383187497233999	5.420747162093246
5.425558964424171	6.388320746903643
5.437684375462134	5.4389017885851345
5.494156732024515	6.24642425222169
5.543176730085936	6.175536226119873
5.5899468920967985	6.280827498793299
5.646886952979983	6.103294809447851
5.647168700254493	5.8269215194626875
5.650940904247953	5.994108651941305
5.793154637024033	6.125026647937818
5.869176478552123	5.9100154579269475
5.9130140126951245	5.959301746948515
5.988281947998587	6.1511494204661625
5.993392529213487	6.076680020158677
6.196627294108905	6.218494232919001
6.205882001489136	6.403609823355632
6.275892970528229	6.468106094009786
6.400173023246569	6.7509982306946545
6.6505962735468795	7.216987581485536
6.795850094643231	6.889680792983818
7.136512287372662	7.286785318497562
7.196681820354039	7.3438958206935006
7.240129894383612	7.9141796131632836
7.343710663567581	7.488596228354335
7.584917003961893	7.59082636871156
7.746584781557726	7.9433502503848485
8.398743409959875	8.412423097789507
8.504486470317001	8.791047874288989
9.215287410223125	9.3226188199843
4.094291007193481	4.715097853592727
4.157408647875579	4.674177535887303
4.309766833867776	4.6329839550989975
4.391636000025408	4.601549839953504
4.411074227014713	4.9381713854766645
4.4325761425522545	5.1975458331568225
4.492547695897942	5.5744720631817986
4.539001873829681	5.0330328154405
4.540217141762451	5.064044488544319
4.541920534879033	4.687539793967236
4.586643336008634	6.195853744407932
4.664269925412327	5.622708049498083
4.725928400952835	6.324660862192428
4.769493551499723	5.419802023996501
4.789450720169767	5.194607574251664
4.790627189845425	5.6406721838652025
4.803470903519665	5.809181342311765
4.830296952663554	5.3493295806842
4.858445815743132	5.316197882985215
4.8972351994290655	6.116131849415854
4.918476761846394	5.5588146919548675
4.944540120527399	5.685527745675081
4.946761735309858	6.076571252003167
4.961962167766731	5.716064386409956
4.962737011213999	5.70008597184645
4.965095058476223	6.176404019361442
4.976787109684041	5.004253566427174
4.989043344487275	8.74563107133843
5.004820380398628	5.544785754517911
5.008006294784104	6.581490894413668
5.009094496654948	5.026505759330668
5.012009089748965	5.641173575638322
5.018448342089216	5.849260428559636
5.073167696580395	5.080140878770276
5.076003120524834	5.471468513891672
5.08652348395268	5.128092454697632
5.104527820064555	6.102718770114975
5.124236981777344	6.746101674942157
5.14650503689167	5.409238858459378
5.2081407108326205	5.920894901434714
5.221910269052527	5.473616800005127
5.250173836851344	5.593273433094057
5.253704994751575	5.942070636516901
5.260105442115428	5.476439931337749
5.300181907233321	8.027271405559732
5.313427583218651	6.259255360036073
5.326461772164668	5.391850400848795
5.328317536846201	5.874949361767079
5.351983159645599	6.231550321506305
5.36882377227783	5.69656111569233
5.379544150245086	5.518328592847213
5.42248518502883	6.327282180054679
5.425266524914041	9.176913647193954
5.503629933317207	6.043945618381899
5.518910577045982	6.242917333111946
5.5638129186843015	5.681932665977603
5.566701861305099	6.142091321027476
5.7600593138009035	5.950930320338152
5.771509213326551	7.848037568664945
5.799402607527067	7.645330065916196
5.889052309872032	6.564586295260302
5.924698499272368	7.262798509468146
5.9361675924114525	6.081664497774154
5.976930676805804	6.632452695521482
6.106798349347992	6.353198384834604
6.129305211978967	6.187094312450463
6.174431374219732	7.998574186968867
6.250524838296534	7.732662810617116
6.266036012797677	6.525124611496576
6.290510236995901	7.545157108355051
6.345353789655995	6.915451272574399
6.4595353602076795	6.921966585500519
6.633302897498645	6.896436379236201
6.714339500412176	7.350720331346806
6.809949971271455	7.893439043271301
6.923000525328576	7.0190265622610655
7.077098764668784	8.854820523557489
7.0855755907585465	7.300604687873829
7.315507476925497	8.301400692565224
7.563726489424382	7.654791205866219
7.723103579845981	7.727109226685436
7.839436942470592	8.086127857649634
7.872198167159759	8.457212740951553
7.9025415179316765	8.408989697036743
7.966463119714144	9.888870919364576
9.24433268267365	10.043851567699837
9.908003340075327	10.356968087527981
4.188457480395696	5.550332576474554
4.389120598766924	5.260734869954271
4.5954979687822455	6.6179096387904455
4.721091491990371	6.550179545483242
4.849100698512841	5.484906926434219
4.901953842489019	6.516219119882504
4.9349423606346985	6.795797481887316
5.021651221371876	8.128845078090913
5.047113208798866	7.957458412843376
5.165916312432724	6.635388372242381
5.176295722957999	7.293448739808036
5.189165404165537	6.305643703932774
5.227775039724877	7.681555603864801
5.246873448849518	8.868394547856917
5.2721330096992265	6.114404798934789
5.461387211165325	7.421389397609471
5.5957683702459	5.993942333924896
5.600829768673711	6.824573604273529
5.623052125807811	7.339787938602774
5.944027787792217	8.442638369380305
7.365898633813131	8.02293014224099
4.603981548366397	6.463389503980474
4.673907812779147	7.761964063734797
4.760537728041064	8.491949065708566
4.774339757820979	7.356615602724066
4.8347698460602135	6.045395442800739
4.902651166124364	6.477738485667007
4.930523211266937	8.005257530074383
4.972255551282486	8.241263203188053
5.0587873299507065	8.868394547856917
5.061775557966876	8.17350392995112
5.2424703112752935	7.290928232642647
5.3924555786059205	6.03518840300342
4.7090715172674855	8.178603047692144
5.009704252928156	10.128321932080866
5.138365820769672	8.767110468655739
5.289356637166419	9.479643653543986
4.6560759510343	8.567465196879736
