4.280459711725608	4.749068668685407
4.287449525561432	5.015032513236384
4.34309398941458	4.443003091872574
4.344686122717285	4.894688404737965
4.484001771341494	5.411060000058215
4.637692377983809	4.74243772898471
4.65403192189859	4.898852503109306
4.6909163323317085	5.08360248762602
4.734523138340196	4.87336521846228
4.809261731002168	5.109134037587263
4.827417189756979	4.993765198121625
4.837506356653588	5.5323696045238595
4.844703619535381	5.10104317731452
4.864752360118732	5.469256760430678
4.8755512383749195	4.990879278536019
4.9390973142304775	5.168759710376941
4.944383601421498	5.870768773415408
5.010660704739685	5.419250833833644
5.1260577387901485	5.642895927285152
5.144021616415256	5.3609386822749805
5.226313860890211	5.29659275768654
5.318766557103622	5.3952055963948515
5.39996538922887	6.031744684503432
5.480110651539018	5.901027433167955
5.480916489322957	5.585042755067859
5.499106077305912	5.655117228222129
5.531212512497684	6.323567769099966
5.533394113852782	5.671714869748498
5.535846716881901	5.939686698353231
5.739870692432892	6.893320619376026
5.759998688295879	5.826734580643861
5.775990241554072	6.195612630293489
5.902320857226959	6.000006124102489
6.107921351822004	6.766649025067444
6.1319787374454044	6.664325357946363
6.371621978246546	6.628709615901309
6.383353154427821	6.684099252546288
6.485155505737309	6.73141309854226
6.568858082651668	7.457826895236371
6.947611378241285	6.989413490840376
7.018892397874356	7.261917005768458
7.189556389641455	7.852737401159076
7.680024236205517	8.263840061797676
8.454229246682242	8.545338647065417
8.65581767806724	8.994774661829256
4.072773823258424	4.7150104112399225
4.1073021876343425	4.944394347159575
4.126095727599516	4.801792800106576
4.173593830696805	5.603078876670806
4.188139679182673	5.495521485666907
4.28349387888741	6.7250150811135425
4.289538827235175	4.8247661285887276
4.329343007937448	4.939764518148712
4.466397546674446	5.1119317291363355
4.506913197992748	4.793935173519434
4.506947129337427	5.5039030881622555
4.510880132393664	4.74243772898471
4.516921542618726	4.655049330302495
4.547177592663493	5.825229116955117
4.56598641118423	5.215862904649096
4.584235140596962	5.618804170440729
4.594118070050894	4.655049330302495
4.6312645742463	5.441506921270979
4.656668543362175	5.051213442247651
4.665635949041764	5.822207288896101
4.692387420446923	5.629499291387775
4.69695974037924	5.532891009324577
4.714940460237182	8.39868011567829
4.735992224356922	6.07033175075469
4.739461473326387	5.457410292558399
4.7437152475902185	4.973071082364706
4.768344641282842	4.991353936780238
4.782686289384222	5.0041003431720465
4.791038034957597	5.157530319260091
4.8119550846900205	4.907789085557724
4.840439550683928	5.614851431415882
4.8647379866979215	5.129580534052743
4.8705307562494795	5.111981740250781
4.8845679051243724	5.481045523196751
4.9272097226445215	4.962525202832842
4.934484316975432	5.7171901615953935
4.935089547470764	7.308858561687469
5.0162541474102715	5.502106073433702
5.025052671535196	5.181406897072423
5.028456140814098	6.079636865851218
5.0698484197351545	5.210780378051992
5.089791894445383	6.094707131790571
5.094110221017828	5.589814194530774
5.100789391736069	5.257993652404894
5.166948186766213	5.370776883472451
5.178446008428498	5.184757194719804
5.1854175137528165	5.498184741563468
5.273298125047786	5.685765959205498
5.2915739572767375	5.727026615370117
5.300777560568111	6.155810525739749
5.301564352670314	5.963863315545345
5.307813008029394	6.204741676636881
5.344254069122008	6.0403967981842
5.364526989203765	5.7397064424432696
5.372759226162556	5.697480649772226
5.376862970957823	5.833802201469169
5.46034289021856	6.872803923669756
5.48419124877144	5.550611653329698
5.489125856888702	5.899055792565879
5.507949203385929	6.1703674957854675
5.558841730121959	5.951860744255242
5.560669807656988	5.842518179641749
5.573176820795746	5.588863679719208
5.622461841778191	6.041564243610656
5.74906243135512	5.761555621416337
5.764808486487236	6.323967054881574
5.779899866262222	6.082413926276362
5.801284130908004	7.945709867465304
5.8085179518983825	8.460301252590964
5.839023484419331	6.018425489096174
5.882994202552092	6.54950869095759
5.914319886138864	6.307157667477797
5.969834402567774	6.651180098854894
6.05471623798922	7.610065404242833
6.344541911450266	6.815368153297688
6.386037544988615	6.929888630268078
6.569349288585733	7.399911495816315
6.6157976500951365	8.442713704173444
6.851122237904482	7.733413149126409
6.947608284512171	8.701755948572034
6.991690426886619	8.588128333435565
7.020019356927038	7.360746432213022
7.0441203378785024	7.981277490077828
7.044952153327113	7.484855322281763
7.188021430123055	7.876246485668573
7.242186851784389	8.269507865495312
7.265826817570908	8.042605861992037
7.464248905369973	8.423083137577668
7.88080519148099	8.189021619907624
7.9052411457396845	8.01150672593615
7.986794913228736	8.657579577517293
8.068743398753169	8.389698979718057
4.089653450265202	4.766945748703395
4.360113265057024	5.860543417607981
4.4476791708349115	5.90873575905181
4.5051909418324305	7.441784600439183
4.649676101811424	7.268871615620253
4.681205871529805	6.083855471251942
4.682944648623772	5.682491267139206
4.70549939229605	9.174756939402542
4.759340381755508	7.1028654503632405
4.814215409484817	5.7171901615953935
4.954516011648331	7.0864103314570634
4.958264273066051	9.098572548093339
4.99634014231992	5.329033934959873
5.004804702220498	8.291986057106318
5.08332285976127	8.960196493133212
5.175966414518079	8.779027150000784
5.1997828916253015	6.36513605386088
5.219283682059347	7.896655834693215
5.597463785077903	8.012409856568949
5.692538901729852	6.239650218406205
5.937617701198893	8.938121359968912
7.666180606585523	8.543005641115018
4.503470538494192	6.796087770378588
4.823919554014548	8.314477125321815
4.864770685727909	9.121320353061764
4.8666073418408615	8.898692643718368
5.192057401840628	9.610639102449086
5.198576376994365	8.413079197523935
4.4895770063785205	6.923841447096075
4.786391401536631	8.424918325100455
4.805356771261009	9.42989782617503
4.729666089224538	8.488336080367592
4.723458734851534	9.210920352596814
