3.847568304865233	4.443394220821491
4.030960890403037	4.735696400374841
4.07283534143194	4.3822404002588495
4.158517846404443	5.009581657304096
4.349182208110113	4.754694488620399
4.442254476479633	5.021626116028921
4.506703800738164	5.317887504722668
4.596927915049861	5.1418848321880395
4.62413955158796	5.464163179298402
4.641430942880244	4.67501118644317
4.7116361777093925	5.03899114595031
4.718013469796131	5.1275113351356385
4.7233409052417015	5.1275113351356385
4.759061448087498	5.317887504722668
4.790372197742514	5.313761285763616
4.826515129805429	5.2404625532686
4.83158730255842	5.190864785444685
4.859241410015751	5.019160673255575
4.8767305559696075	5.185275791946509
4.882950602140826	4.95344803123673
4.945305879142649	5.01750637926766
4.966129422594282	5.322743628973467
4.992988577008401	5.1539159507606325
5.038384939429951	5.21557295717801
5.050388530252995	5.8759960426332905
5.188008876219448	5.383561567891957
5.195881477381477	5.354057595685491
5.197594740591661	6.1776934181603425
5.213509243095228	6.061585849299832
5.32650321957352	5.401187284344723
5.329240982604697	5.671833704362937
5.351169055206592	5.401187284344723
5.418118327446988	5.761297611985329
5.458175462146698	5.734868541027066
5.475278624298982	5.671833704362937
5.476718378033828	5.788590296805327
5.610676457827822	5.663148876051584
5.71897791014023	5.940123913139827
5.7392785826158335	5.989113311879146
5.889968723141619	6.130611909358165
6.027224034409878	6.069581304780634
6.466764786293268	6.666503024385248
6.71930659670747	6.73345525200006
6.759638851362459	7.14997295514205
7.241709976440561	7.67902312759666
7.750655698749936	7.841397095255278
7.92891214481245	8.625425772044832
8.096892938754866	8.416322814401656
8.236011320484435	8.512961306691926
10.076632570594674	10.11338988783947
3.7318534683460585	3.8963965723604432
4.063631421568977	4.681908550257103
4.188698245034003	4.2659359293125325
4.198111887370925	4.473492757044254
4.24439864112006	5.240833491861834
4.254778477867535	5.009910179394832
4.2630786425546745	5.147799998419843
4.315522760241071	4.823930502653098
4.368642262764986	4.995308458646928
4.372154651182269	5.194720297891706
4.409374631965388	5.090828287039504
4.4552963480556	5.689593117078112
4.473106797214342	4.5044835301173896
4.479565462297059	5.524478140703652
4.573734340030458	5.132512438374075
4.574938118715627	4.900274468090479
4.5940460812364945	5.816471961055903
4.656211887080667	5.171059060672316
4.675294149924922	5.281523173996548
4.684705448881301	5.715756240896063
4.704392929499979	5.341609279464213
4.72367352583095	5.501928651553693
4.742945231035313	5.1358676150187055
4.783652798406765	5.655625938153489
4.791587395226419	5.951253245533467
4.799344086073514	5.055106874369169
4.814159267565447	5.137526549832341
4.823391999976548	5.140787656141847
4.887555509923495	5.651739418075683
4.890605993866614	5.792728794933121
4.918472371589816	4.919751421364912
4.9197017722715914	5.097411346197509
4.972578576057804	5.685407882325294
4.9965474030626345	6.374788605702599
5.003335547386024	5.44376497460813
5.011934039139433	5.055106874369169
5.031389313652747	5.663148876051584
5.034771619021891	5.297793494894948
5.056416160350934	5.12090924477715
5.070587972707191	5.177803626501069
5.124163800038893	6.347787802237792
5.132652936675694	5.5009481070879405
5.151831078330132	5.657949067995971
5.170389963622137	5.612784067987873
5.23717386849487	5.647406546868224
5.260854365117048	5.404239396943276
5.273622584268099	6.300584678122665
5.288781756803949	5.87106213506592
5.306255811340333	5.6476176847060175
5.350091801052071	6.105074018711131
5.370104149901399	5.652761502962239
5.375806024190099	6.248814562242139
5.404562187708895	8.28172344964435
5.407441673036663	6.501505340600091
5.416309472274698	6.68886247789646
5.4327640034356905	6.509073227094743
5.447324492740233	6.69299920678319
5.504648420345618	5.6476176847060175
5.554344210404529	6.082233151161235
5.554928664472072	5.7672777194717915
5.556213535025674	5.769309604570153
5.566144970723803	6.6832448573528955
5.566535534649457	6.5535491906729115
5.575134967209492	7.2508347795876205
5.5854032675215946	5.724354801192197
5.58916184569924	5.859219126660161
5.6201205460583346	5.787325397548685
5.644452488561877	5.8336342886180335
5.661736474650396	6.671641543664789
5.7034981416833235	6.392971086830237
5.77165010138942	6.258320883154491
5.775063404547252	5.985918897875417
5.849494160589476	7.393206108244443
5.879807065247836	6.1521214488006795
5.8828399772383495	5.9037658216774656
5.9043547149339	6.362682213077353
5.910541880251497	6.078657667053317
6.035804355854658	6.435861214326225
6.138488370820535	7.0618805142006655
6.325208910220733	6.687273228297215
6.354950275640342	6.363959907237626
6.402378064781863	7.0007540256426655
6.481456322317338	7.883752645337106
6.564086283561278	7.665121795238569
6.598502963503733	7.340319928376493
6.649028520128021	8.482310725884693
6.65633954551374	7.136847726647622
6.6654665413061736	8.123623775677235
6.719900107991237	6.876707734416215
6.981254544880795	7.441863183419173
7.075854696526908	7.564392316376295
7.275868922809905	7.990558359614653
7.308439454271497	7.564392316376295
7.40785071264597	7.863078139874621
7.471592647637798	7.665121795238569
7.633441146694596	7.731040049849319
7.755079865158042	8.117122702211384
7.76702705603532	9.594899366036143
7.999396715817782	8.620297930200437
8.010544697455858	8.532209065972593
8.592754084460472	8.851177724389824
8.807514498355062	8.851177724389824
9.213611091855446	9.305589411487151
4.23309465352796	5.308082975872593
4.519479839807213	5.347825906420742
4.6108687297178985	6.173758609496653
4.666391791472116	5.418322055714862
4.884098518879309	6.361040046925657
4.885960135718521	5.737307003393381
4.966527018060526	6.792042803225241
4.968683063396132	6.448350391050042
4.998535550352001	7.415388988414233
5.067227856259098	5.759346889570498
5.077125925184267	6.782340293132986
5.131562167834419	6.09760565117919
5.314884323244005	5.8412095774165005
5.331955268118473	8.029683171939139
5.354492623367142	8.754073085001984
5.444891381777213	6.6618777861630525
5.455979979134392	6.302416271586129
5.6793559345292515	6.037306464117551
5.680121990067849	6.270236161880565
6.1121653277037415	6.796725195890528
6.762664627628467	7.574852790229591
6.930448774362448	8.611418535320514
4.248791719238703	6.057404799494397
4.663857334299523	6.608382097980691
4.673835985622743	9.68000370911891
4.7625064288475	6.977685927097667
4.806440055331413	10.731107555049979
4.9613823052411155	7.81465545890312
5.021173552945941	8.09112316304163
5.108952518467207	8.468256487772829
5.3262839954027825	8.040478328332394
5.76473424601791	6.999609970140011
5.459474238627298	7.3121225555550025
5.418753185233133	7.555480434286128
4.681963678649095	8.032299576247377
5.022806389195265	8.422108747350494
4.653048744602645	8.133879653015333
4.609046834728413	8.447720678146908
4.618843379240404	8.658261672869212
4.618174141659941	8.8762967076248
4.56213639874478	9.019213089717455
