3.976231766896231	4.9568506140834305
4.20280557471548	4.669552924792186
4.2359838646253	4.510286207185411
4.289640063091036	4.722224614752341
4.295792937886441	4.66436655691774
4.344431538540182	4.757989468948892
4.45903975176934	4.542300051586008
4.56803543862896	5.413702887314554
4.593834741137121	4.626230331233231
4.604125153948656	5.086311626214164
4.702182215591748	4.891397306463706
4.750594391299745	5.309205649690927
4.753641199559067	5.168384152690971
4.7678355488960324	4.954251802087731
4.800098321388139	5.269057955460007
4.803450261178476	5.202106301087978
4.882192395206759	4.990897373426775
4.8829340959451475	4.891212795579532
5.003457215409522	5.663992861174215
5.034751828895843	5.2264016863452785
5.105512063604571	5.392282394969307
5.1087371526548235	5.896508857770661
5.120388512679426	5.4918841837668975
5.183154369178784	5.90461651648432
5.185820312986796	5.219462107591384
5.185975119086964	5.498690079445309
5.221352803154454	5.402210514606262
5.228273252311542	5.516011974484661
5.241811621666128	5.5918202083735435
5.2858465604412075	5.921851983488731
5.34066825841218	5.522792560242979
5.361236578234631	5.536933967100138
5.36277686380658	5.588161899466601
5.476959413490216	5.588849796606667
5.5471184878284605	6.3587254932242105
5.555518663345276	5.90420344315732
5.590475054295812	5.6240738287933105
5.759804512271094	5.763281495264562
5.794331014560486	5.9180625691615
5.8411699297052975	5.953134857651492
5.845325683807673	5.901270186948767
5.9121286910056545	6.1868165055091175
5.9611733372711235	6.3472095414382235
6.013867594104724	6.118960479512069
6.023957782112686	6.141710326616828
6.056365509505145	6.242189604525036
6.087821667229696	6.237075294574879
6.291539508444733	6.367203078188027
6.297158145710015	6.851778875793157
6.378765875193026	6.909424662956602
6.663154628690352	7.074681803352279
6.853515025395062	7.048743320098919
6.91217200792965	6.981861474739777
8.230395503040864	8.698200313025483
8.356727027091203	8.75700954236272
8.360495586782863	8.482406334122597
8.58898553500755	8.747222373502156
8.89342970405966	9.328054446379076
8.933967347569002	9.087369028980524
4.062740425298115	5.2247821154784315
4.089478902754765	4.681331919067413
4.169734327287254	5.037068571236039
4.319277999796473	5.4310045832476685
4.349641848664633	5.219538623415516
4.3697665527388905	5.48450628937482
4.403173095247259	5.16257069138411
4.422010179706452	5.313204768640067
4.441267417047318	4.445486199828925
4.475277314519768	4.537542447143229
4.491355185548915	5.258700948955782
4.500734301952943	5.403121823766345
4.522238678139437	5.207303490936305
4.5500991457941815	5.643623917392777
4.551948658817001	4.574315036481429
4.565720288665786	5.01417829576514
4.577732230342005	4.597116870034358
4.592194984117751	6.146860882464028
4.605067668907534	4.680912899004878
4.6084283209953805	5.335690446564287
4.668363885780202	6.6409595960546906
4.675510957785366	5.448384852647746
4.700155060235417	5.4918841837668975
4.745194642058949	5.362104722174807
4.759804090677409	5.331482898149967
4.772612037172519	5.132487765500248
4.781504574046924	5.684072171447676
4.810069623840785	6.493332157936529
4.8183309261518845	5.540071023297224
4.857058120213914	4.987682671719731
4.878592913283842	5.251083822015224
4.895033833235047	5.350011085711289
4.899455299713965	6.090764061993562
4.937711817223096	6.309300641436507
4.98346418139604	5.728186135554533
5.007842969084271	5.7436644241420245
5.0096253001790085	6.041369628084368
5.0097789564086055	5.184528242212935
5.055695170904072	6.2185025340679045
5.093345307130291	5.6673899663892
5.155717698617667	5.723863114631639
5.164588791022691	5.558853453713759
5.16636789477404	5.693483815725381
5.2125025125877995	5.791604546516265
5.276536073918435	6.152807407843742
5.292076585890262	5.956924689169959
5.305399398337455	5.860251121095683
5.313827811616518	5.612693676343341
5.3138455107856	5.404691583690492
5.319176249810586	5.88756984709273
5.325454514947178	6.1868599865893925
5.326434416262526	6.212836998735296
5.3351231058960105	6.534891308062573
5.338170062465804	5.570596019119908
5.341197350916643	6.6035982106871
5.384128043224154	5.915448930604078
5.416165539038857	6.038539910504631
5.465071439800243	7.521365971031524
5.473151632586588	5.847044168792557
5.484290404124397	5.7014464139119205
5.490319548386668	6.577111887904829
5.49608013022354	6.883479228490764
5.50665443342964	6.031046603701467
5.537445339341958	6.029863085186883
5.6055670758322	6.523610737342392
5.622807763935853	5.779547278233223
5.627826331152361	5.777049241555001
5.6365466638464055	5.91927109764053
5.641651933603575	6.889036042082534
5.65362211240067	6.018830708745863
5.679052049022666	6.240916618034808
5.780296765749531	7.16040729939144
5.828231845712243	6.585358900317301
5.923816517468296	7.729954444607961
5.967496585543593	7.632707094719471
6.050767858686896	7.9330608704315395
6.249246221447132	8.31609233775351
6.32014712491277	6.9266001194163325
6.369514965569596	7.83885133286033
7.075330271887229	7.79769673096234
7.136666724044572	7.958209159086888
7.13804851227766	7.186497000892545
7.190043271228316	8.095144262936685
7.339661785222839	7.49214513391979
7.35628974763181	8.048488695190157
7.385058414578991	7.7116619308315695
7.422199674327339	9.052638663599847
7.432161426627589	7.956727407857319
8.500692923427849	9.027137492998902
4.338304812568978	6.075479241788804
4.472058027604106	6.170084584140397
4.49254295429242	5.891935495321035
4.633573395170542	6.35102047294477
4.64377495558012	7.002248905483012
4.715770135478682	6.053477377207082
4.746407028311728	5.9311647344418486
4.750009069410853	5.568601795889358
4.797472857715004	5.008402796121669
4.8115192295402025	7.303925615973162
4.843972217139185	8.7584977660212
4.926434036213014	6.3351637305898
4.9902389547772055	7.075232329165809
5.037752043471293	8.257307059564788
5.094771332006867	9.211038822771922
5.204345146498847	5.745667516413388
5.211880702154942	7.587413940882204
5.250330908744289	6.3324005555812475
5.290426379138616	6.542978475220231
5.456015999121752	7.042800516874741
5.558164386318994	7.5215016373668755
5.579587975994082	7.930479764210398
5.721984344534483	8.155516491824102
5.880949628295114	7.256979285961258
6.826984800284097	8.803787795084528
4.297427701900714	6.235176147542391
4.561297457873907	7.024313068501003
4.787468861650522	6.429608743875599
5.095308629860537	7.283314602988812
5.124231235148017	9.43724560977547
5.3058020805216755	7.628706192957451
5.419680558802622	8.458246763380377
4.6111647091904	8.58162768572976
4.672316371814319	7.690129730171604
5.241403620711592	7.846111981201838
5.288870688205834	8.65702968696249
4.6530339785937755	8.318511146144026
5.030041622246205	8.55740245028738
5.2742861458666015	8.839807033453615
