3.9137717715919704	4.279545897073607
3.979738476063709	4.915949566523264
4.032271975584329	4.520199246577553
4.19870918108018	4.2459973091151655
4.352318689282522	5.191739895949557
4.4216271635633655	5.205601898907973
4.497160082276306	4.520199246577553
4.500227859863266	5.14058534217981
4.508274633404437	4.812443346785635
4.566783259164253	5.145702243733319
4.618483901649063	4.684499856573348
4.62902691471856	5.117224294023332
4.655960100989142	4.876389550126564
4.704246783635678	4.762852652907809
4.736580160907034	4.859499696385723
4.759312164222055	5.3075245722567
4.9115693108761915	5.031943111429151
4.91743532097264	5.475702371416394
4.938130916636166	5.246113504361053
4.954524591581969	5.427971334930175
5.009918489142729	5.142433611801199
5.0168048575485225	5.130278812018107
5.033372416614228	5.558595041918148
5.052635380153134	5.256347951154215
5.070778857525188	5.148082390620862
5.076543440487096	5.590759579148868
5.078490072703634	5.755712596446317
5.099233280040452	5.848320290181881
5.109489033097692	5.243303868993082
5.178276990124858	5.231525365253735
5.1785613826140064	5.218601536334627
5.1810743966581105	5.545970229670987
5.23865687725943	5.243303868993082
5.36329528833291	5.611042395067741
5.392508379140255	5.624984813167301
5.394044745186523	5.834122714753261
5.425034201139016	5.500543155197337
5.4290666434680315	5.834122714753261
5.450249903528497	5.498935135875946
5.457852305181909	6.079671848942996
5.500980846225799	5.621868812035188
5.557233248059434	5.833514299775148
5.561673575667087	5.705132182912396
5.626649916982149	5.722578258680919
5.71538351798287	6.018396779713477
5.795152297738551	6.131098600929483
5.874740285073801	6.22777986810972
5.88092424123824	5.948238797905284
5.882272023304433	5.885359037127414
5.898916939362287	5.945635734184153
6.128863503050329	6.542357585584736
6.274778649451617	6.645646939419716
6.480539970136148	7.266076483930353
6.592714224983206	7.576733664500006
6.797675504244897	7.178139492961624
7.1766674587426476	7.467163687684949
7.942234999496958	8.067488873652275
8.759832814859537	8.80864730568619
3.78996465495706	4.507999652619762
3.9266579175691665	4.310041215526874
4.059182421852102	4.4084069628328155
4.130751507041438	4.415722642624885
4.314753918686737	5.006401198414683
4.321290416973076	4.652434508379141
4.3460862450730255	5.762606011648434
4.349613831119046	5.722321693216968
4.483941876535258	5.2381707425284265
4.490580377856578	5.715598405379558
4.5638134193095325	5.132650505052545
4.596911179518297	5.999326939999605
4.598524661987212	5.715739546368483
4.6069425614448125	4.7782890942485725
4.64767689392753	5.339634153593872
4.682099074906025	5.714893419801586
4.734113603892858	5.348688777101635
4.738663961816946	5.182981954709594
4.763712568110301	5.041594333446019
4.764983925351248	5.98211995124506
4.803695911605457	4.973214407917602
4.817930954814966	5.809930911512605
4.867832147699889	6.195135371479174
4.871130799389141	5.207439873784417
4.888469790349511	5.775004165801613
4.8986620507915335	5.576295797143145
4.899641389998069	6.0451072274370015
4.908354168878007	5.2192843894816425
4.911749871522152	5.800313802695344
4.91224327664333	5.069665530510852
4.921457851512827	6.064029742718164
4.927495962196356	5.8429861518426875
4.932427876492328	6.176592099915876
4.9700406932911925	5.098800179671352
4.9792882562965275	5.514597395589383
5.016444953136637	5.231525365253735
5.032577047962923	5.938184276541781
5.0526403726976445	5.789010053628155
5.068694449878586	5.07387076387637
5.097858399732067	5.385002850990285
5.103848635184536	5.368179739915151
5.10689042453336	5.594629451081486
5.137905297458976	5.752883672941409
5.1529647896169335	5.588157972373472
5.166952571247202	5.785773899591327
5.189933735401345	5.615525089960996
5.194668211467709	5.639237276099711
5.1948313382046525	6.011936190777978
5.196204918254857	5.495871837025537
5.220275410128388	6.208297895319999
5.234060285024245	5.757570647023339
5.251788467787211	8.743938985131884
5.272093693161401	5.877545033928232
5.279072506699638	6.403635638315964
5.291364859558181	5.542260556578358
5.337558443706914	6.041623689057544
5.416912098295941	6.061958847171836
5.41833257880485	5.804871415273722
5.455328974967356	5.569457885068756
5.48240383641994	5.849845976118275
5.506890551561303	6.1768214080033
5.582226570239968	6.066285626333856
5.619612225852424	6.7790394026137335
5.638943187756971	5.667002618450245
5.666656468348379	7.208822969056604
5.679691799273135	6.391844842651644
5.725105143980745	7.0675164259910215
5.808588336486961	5.836130369443464
5.859214081849245	6.631446747371138
5.896783809060966	7.048593038523933
5.917717810432012	6.3404220707748005
5.937515654383073	6.213083754247118
5.939896950357224	5.956835388184376
5.960380974451093	6.146096956997191
6.016767612217927	6.466817604031876
6.060551938759295	7.457358761373346
6.093250661391717	7.597180159709982
6.149296942792301	6.653023653890341
6.205892577309635	6.354139794549902
6.229528726011088	6.247782116079275
6.272192671839931	6.8130597636379955
6.275160437251391	8.107833274049263
6.36986343256798	7.857506900247662
6.3718439746631885	7.824757004187173
6.375277207630981	6.411039938466268
6.383204713665153	6.633129237088013
6.385786024116044	6.440427845452597
6.426495499509329	7.675576037542481
6.520198562962185	7.763287416858904
6.644041766922683	7.922005777791813
6.715435841863793	6.82748592820563
6.887320354832631	7.924851233915784
7.1217512236941625	7.3043227242874895
7.60678461499299	7.968410578215767
7.704540195352944	8.360683315736962
7.737654613561512	8.37513878374855
7.834124617351943	8.594160899442942
8.235102979542871	9.055111491844443
8.317150339274905	9.411476753196101
8.351246427715111	8.834689781892012
4.45601979203684	5.839235792364004
4.551627914274432	6.272202690355174
4.606187263831123	5.098800179671352
4.682247523646786	6.370135312884583
4.722071946060346	5.54269467499637
4.746079696274209	6.566402225542421
4.78795788694379	5.836130369443464
4.793857739244357	7.390002116143684
4.86046423435322	6.029873053018923
4.886788749740668	6.0967372720981325
4.947920089815029	6.84169071169175
4.967810448164912	8.600413977957253
4.973808873752263	8.646059124341514
4.982129670021562	6.253357822217537
5.014293853443452	7.401716477482622
5.033135455489071	7.936806107676728
5.037114891758293	5.8421929876842045
5.367529234924832	6.17509079254892
5.411902398290434	6.9450705672991555
5.44680135920459	6.437671227416562
5.474831974058806	6.453323855542481
5.532362611419632	6.844211141716631
5.638735026318066	6.629066725341652
5.774006103636842	8.117399572606368
6.032940835828033	7.2385409770751306
7.433641396305143	9.233728071969335
4.690245598143608	6.99821800323227
4.7316354568838435	9.172224665302112
4.783802317753669	6.375825156840589
4.790452758008378	8.736109268997437
4.86966722554689	6.8721212293496166
4.878953327058168	6.498576329208109
5.160098411559033	8.023642623111815
5.3382647319793	7.268329893762108
5.380850480431726	10.332807485252223
4.663934371495545	8.756040033340456
4.722133232016102	7.1521445575585965
5.304975745513389	7.493506031533092
4.704151285294648	7.6163583292648385
5.185051519392937	8.501276821479747
4.665880011313636	8.294156281311757
4.605156503140742	8.756040033340456
