4.66766424994364	5.501645167688318
4.725080249068645	5.573258227651169
4.733708236378327	5.572559900292496
4.800530045471042	5.81549184847405
4.82395825059106	5.450398027040699
4.835853361363298	5.36389447521918
4.8498117625646024	5.819781842419977
4.874825746004011	5.2071208553189505
4.8810252144570905	5.35007419540594
4.889238465177506	5.83641363370055
4.8954578640092405	5.926666283408755
4.898006695133636	5.2408832141089565
4.946781647629953	5.261013699152491
4.951076008472689	5.97226622236618
4.951629247184085	5.18828718480634
4.955542725127263	5.335352084344786
4.967567661128524	5.697852270823308
4.9808681598135776	5.316399653619792
4.984499402024916	5.467525282798416
4.984794215809167	5.2071208553189505
4.994681312764622	5.2844842341551885
5.011472933564893	5.3922878150135745
5.042973677409998	5.274222255870338
5.065859345001203	5.335352084344786
5.067130743927295	5.191850401913412
5.106314001180396	5.397292081944534
5.107161945925388	5.263403217858889
5.115427731049068	5.261013699152491
5.119896709964926	5.430345489959308
5.120436728347989	5.355261241950364
5.140433583531963	5.301615150681598
5.14658190771481	5.412501351730786
5.162521801280314	5.502532019530985
5.165336743032581	5.9173291835568165
5.16793161775406	5.336931638896394
5.167939763335287	5.439607980877567
5.172882207990577	5.2844842341551885
5.182990934755624	5.316399653619792
5.192818877822812	5.375749060781643
5.1995598310587985	5.342271754885925
5.2132805031499005	5.3922878150135745
5.222737233948787	5.792017505976855
5.23259652187306	5.441358749801126
5.232670282445676	5.35007419540594
5.248805305229663	5.433183940063502
5.249989922487599	5.305328232082084
5.2516009807922375	5.469252302781457
5.265776360950236	5.48101749125176
5.272070731040606	5.407439733295928
5.2823586257729325	5.35873084424376
5.296185823044671	5.5023085415730995
5.2969523509042675	5.433183940063502
5.304800286672645	5.440882279209132
5.3104681175912205	5.595081632314376
5.338171056112009	5.375749060781643
5.3421210153299645	5.4761707209526165
5.344380726175329	5.5540882784098695
5.3983013785949545	5.663816455511673
5.412713875439746	5.536614758414336
5.439016813829798	5.596795594010518
5.471340254034907	5.4983163001070015
5.54140736896742	5.719609280928067
5.550633073632265	5.688702520107635
5.649532342622431	5.707911467449566
5.741999900903584	5.792017505976855
5.805842296680744	6.0747380333594165
5.879133053824601	5.913265429586478
6.375442587037651	6.379732560247408
6.391168521619416	6.7618376954397785
6.4037186771371655	6.660306161993984
6.665666323693652	6.751987339113058
7.164627568682373	7.482829161197353
7.50686493348238	7.777847890486239
4.374440322057452	5.305328232082084
4.459912919259391	5.0771149798363915
4.5307582202021255	5.168357927697543
4.565852246254176	5.251348744903252
4.640766393567549	5.92678972728765
4.6727413504277955	5.662804671133424
4.678125553447588	5.775392010779479
4.694529926943111	5.682194116323412
4.703676479350147	5.80352139755364
4.709407904121714	4.977412079666001
4.713266205486876	5.12714473748263
4.713391058648131	5.355261241950364
4.728228450884396	5.24786502721997
4.734411949882051	5.669343915597644
4.736890516478901	5.284502170658451
4.757543757669418	6.248500664089216
4.767936420944862	5.613511342857532
4.768174284047877	5.714335123316202
4.7695715277972575	5.402191765147051
4.78241855950115	5.899241512346206
4.793741308795254	5.301615150681598
4.813201239657365	5.357280270736757
4.815589075347824	5.218589451899822
4.84283251517804	5.394195031769248
4.892470627072726	5.919302227100667
4.903973396738173	5.254140461183131
4.916759232237759	5.244607028000523
4.924662204450408	5.757349719446253
4.92928406293226	5.420006240410496
4.93533525035903	5.159204332803502
4.941628715381961	5.362739225200153
4.945216158983417	5.140670688757476
4.971273304102772	5.373571119395701
4.978811854638421	5.397100358986837
4.994505080697038	5.346088116583618
5.0009732946848855	5.441846322939743
5.006104818273732	5.916589879976233
5.012044660815397	5.340673411450112
5.018412877695962	5.311948659344214
5.023677831885904	5.399315833991465
5.038696566898825	5.244607028000523
5.062134380175727	5.461156218829775
5.0721217022689995	5.278388157019538
5.081377175848002	5.521943759087496
5.095845425715685	5.278388157019538
5.1051659734351	5.31646539464283
5.1203394566601315	5.956563540319092
5.129820975894022	5.35873084424376
5.130251927464229	5.3388617855032585
5.136698383319529	5.6334697688111
5.149462020588886	5.427439280554358
5.162097936848348	5.311948659344214
5.162531433970647	5.53282856509454
5.163801071214222	5.456662665944641
5.164205459867431	5.362739225200153
5.166994195434689	5.923980205796528
5.172574536824445	5.547735374659369
5.188720176706292	5.258109789645779
5.216373274018694	5.465501698809289
5.222585391555847	5.896039039850181
5.2228759208957	5.2356107373449365
5.235127815062028	5.3225027085478835
5.237601908272776	5.454988703742481
5.2455345918357725	5.24786502721997
5.245847789985735	5.248155484270289
5.2594163124244115	5.422944677814764
5.26302566043716	6.1256749021345165
5.2683163274459925	5.441846322939743
5.287245600782433	5.501185608423894
5.298322160894028	5.719609280928067
5.3347947151522925	5.340757927545948
5.351971390626277	5.621027321329018
5.3521852759202595	5.531868901966611
5.3556926020082605	5.5794126859012625
5.360644187363778	5.947024052626763
5.360953496233701	5.895857258709088
5.389194466443854	5.648385950679382
5.441082866551616	5.834884933183616
5.484004051140974	5.832305565832343
5.497582525934889	5.741515443905603
5.502115776297443	5.606263905724313
5.511298095836351	5.611291990601357
5.521071038363042	5.552238982564972
5.551451633602404	6.521198732312763
5.649659021366015	6.145241355678676
5.686370435702299	6.141616622924137
5.8122589946110645	6.210750850406705
5.911436154767877	7.35630528793523
5.915233981295035	6.395078942164541
5.989571209632596	6.569654737171334
6.01172947676112	7.273808625376538
6.139985642586084	6.531359067592391
6.177355485985261	8.450996163975624
6.248654450863503	7.0489312514061755
6.3738387540133665	6.602875716172659
6.383221048980225	6.937078547500069
6.527148831529123	6.538748589757654
6.555121936544834	6.665452448362028
6.82285234447162	7.819319190640462
6.964401052607681	7.53024060321534
6.966802296261846	8.046688130000547
6.997435422593561	7.102174245580451
7.032993519137297	7.649569557304088
7.39646295230304	7.754680126338785
7.503862726920406	7.551586781469246
7.960742640100432	8.011059438020999
8.158736731367304	8.611456847825565
8.574669657540127	8.690279518032968
4.35601134183068	5.247418189595217
4.356275807768971	5.346208656548993
4.440530094572294	5.819387332694653
4.511292415396033	6.046587271604359
4.560095357959453	5.83173313556684
4.5826159188202285	5.619976594406499
4.625575126469103	6.07801674830048
4.697712562763139	7.009043289859115
4.712179297125306	5.982986747396896
4.797117816148653	5.140670688757476
4.812386766914227	5.159204332803502
4.871686605107556	5.393610811553509
4.875501799460323	5.306973905151079
4.917194421118598	5.346088116583618
4.951860733620661	5.848370598670628
5.000024680134746	5.258109789645779
5.004177743843942	5.422944677814764
5.0091457017305565	5.631181422945447
5.077767750736683	5.629196344816519
5.089401001995479	5.427439280554358
5.185670092739318	5.3270711919785665
5.196037723433703	5.980560028623919
5.262649380730548	6.299766986641338
5.266284578381501	7.319483268768427
5.306711337143347	5.630382980066939
5.695011746528163	6.234680601945926
5.760452851767576	7.166536995643474
5.919345061834963	6.955822456198694
6.287894743556393	7.009359630577995
4.472238296350238	7.690902207249488
4.732998225835847	8.45480899161036
4.773203130217441	5.759766682046683
4.853289317106662	5.795323729852496
4.940847353839601	5.676767121301822
4.986059742857093	5.428406408561031
5.436207020120767	8.024163756888504
5.793825337702982	7.45494087518596
4.600195153118968	7.9301990607813
4.76564129611714	5.937402955598389
4.768649351095053	5.92663215307496
4.871545139057179	8.185045642594579
4.104969283165556	8.33836900555818
4.150098503968131	8.269204010453821
4.553745465590922	6.69264069495476
4.737781916194707	5.927837470165222
4.863344845706309	8.46913983804287
4.307781136258162	8.616261553555567
4.582775461089231	5.991341443761394
4.610322112312866	10.098032523620594
4.636584793879792	8.737026244215482
4.785794874667909	8.884149892858366
4.229706886674004	7.300956735693294
3.83298554189867	7.859512302504019
4.114231802279324	7.908340923931713
4.201745659485317	10.590726419862479
