4.180220576300804	5.177013700272217
4.604110463242723	5.524649491337861
4.671505363774553	5.168109748844503
4.78777577912255	5.519827621094498
4.797081896773402	4.9712582613010845
4.804899709687423	5.639775256149163
4.827480438165079	5.899898885990212
4.8513396600398595	6.029660771454731
4.8735097929788935	5.291043838940973
4.873930590337485	5.843648635078727
4.881030376472171	5.436738465622534
4.892762963894912	5.194750581595834
4.902327045318651	5.731381588478782
4.908636164014345	5.981296747932949
4.931333973882769	5.357959666263913
4.936388724054678	5.461732640794764
4.948575436157844	5.233823217981779
4.960742530930363	5.299695708239068
5.0051214397693675	5.359692137042821
5.02243513303956	5.319417398382586
5.02930283058263	5.275841270739068
5.0404358211346185	5.451466681286264
5.04050413571613	5.233823217981779
5.043027160091265	5.299695708239068
5.060502576628653	5.4007000737020565
5.0606770006314985	5.39920679370388
5.064798262711796	5.182889609615089
5.065371702341614	6.024403656631402
5.070466222210127	5.359692137042821
5.07442839428302	5.444837340874998
5.110971398723055	5.358070137129384
5.112747542586705	5.511291721753608
5.1159224263663585	5.260502424770298
5.134570295985326	5.360299665737964
5.140533873486322	5.3699079885785475
5.157409751352755	5.448943359232971
5.165481205971152	5.4007000737020565
5.167928303017596	5.376621375437383
5.1706689760999955	5.395156273334358
5.175538030187813	5.365313175911465
5.191200356505597	5.4613691904166
5.200842525167777	5.52320622964271
5.20115658843555	5.461732640794764
5.208017665184285	5.469054336244725
5.212247337229742	5.383369478951894
5.218640976138171	5.549672146190026
5.221084881809367	5.347009467500834
5.2236209203792345	5.280288613298074
5.225969332475256	5.438910405586697
5.227014054650055	5.443910728880583
5.237238104911161	5.447716092077607
5.240091788059897	5.524565683978019
5.243820248828048	5.4525658534909285
5.249558065751393	5.570435389325427
5.252482705811874	5.2679507147894356
5.283868570186222	5.409635386701396
5.286431371079044	5.322595242133113
5.296117125741622	5.45072164730906
5.30436090155823	5.412768515437534
5.33679511884619	5.437845219106338
5.36513185022475	5.45793513105845
5.388696856255454	5.464976476221037
5.414993452367485	5.4204750166003794
5.425952589821346	5.742416195001066
5.514875610799913	5.629788105486565
5.58544907204931	5.602493524705283
5.6388820798892185	5.676580344945314
6.0040935036369705	6.06522856242266
6.010148797308369	6.137956763521308
6.057874073845311	6.684525715804438
6.559516309902734	6.652730090153183
7.119048251407489	7.131848887497144
7.385428812163653	7.638729525208138
8.604819281748362	8.700034479264007
9.542231369608967	9.626423470811897
4.344450121832124	5.619486528806143
4.3985193178758735	5.57310549058667
4.435405938057323	5.390240769010936
4.455021794728523	5.807705923576516
4.547814225860302	5.099714769534386
4.627304376513889	5.055017354192913
4.7263682901506385	5.6560471998909865
4.726869148533713	5.314045196376068
4.734808075522	5.825108390744001
4.746302030193991	5.226598178777841
4.791521686890558	5.221429393694409
4.791699088439561	5.44017396859824
4.79799364506399	5.45793513105845
4.802786950064477	5.1583637118193595
4.83180908044611	5.2679507147894356
4.842578322416282	5.392709730569834
4.846361942899991	5.68630624000564
4.848338661426229	5.763689382832955
4.851017429667828	6.06342507860511
4.857054701946756	5.260502424770298
4.86242823203103	5.787215100660859
4.872024971612792	5.060917200256451
4.875378848229585	5.98154438803324
4.881565518529372	5.327093312315248
4.8885130917275195	5.787148621071788
4.892546428296795	6.05561572423419
4.900391962560176	5.442695659872813
4.9088026920437695	6.214627212023321
4.925390838836267	5.39920679370388
4.931842329161559	5.524685127581607
4.932655097886464	5.373473072577542
4.964225070348247	5.795991366558789
4.965604313371177	5.334560942286173
4.9695344517400954	5.190127475145747
4.985093935420666	5.287921521129982
5.001385851545547	5.863229298812167
5.003222374174062	5.358070137129384
5.0302066592168835	5.375169616104546
5.032980120522202	5.410164046595273
5.0354607192688166	5.811205512041432
5.042886169772119	5.254040429542782
5.056533622071158	5.411894698720393
5.062049822314565	5.689069257428106
5.078630687237766	5.334560942286173
5.09443400126885	5.175774810495734
5.099386795699692	6.026265546038465
5.1069007003273255	5.300660434506301
5.113439997728159	5.443533052616011
5.114209731641539	5.423974907350246
5.1150422198034775	5.376621375437383
5.1165081731278255	5.327093312315248
5.117934628868492	5.998526102377681
5.122488830707021	5.514330087439727
5.12452616661156	7.186548639522047
5.146268596510615	5.305911663583106
5.152493403910928	5.529312144859632
5.153400853842738	5.423974907350246
5.176806901202495	5.373473072577542
5.215599657085893	6.083664622222385
5.218390240805026	5.401950480907743
5.218792217971173	5.34516736773449
5.223768771361557	5.878100714642951
5.2242798205411365	5.4727165492002054
5.243438704707904	5.429293386978723
5.243864903647292	5.438045731678427
5.2604843421775245	5.310310020326028
5.262129034149032	5.604389580254554
5.264552222335521	5.467600359889233
5.2705126491490955	5.386841244348427
5.278717870666674	5.518904682740078
5.287406598638125	5.537121374616159
5.312327449404424	5.96210201464821
5.322707783013975	5.537121374616159
5.339276243294095	6.234503754007073
5.379583448271267	5.569847023019055
5.382472616004592	6.111819511366919
5.436271066700535	5.443148968173506
5.446238696160586	5.44851536766451
5.4531135343943395	5.61717626838489
5.469243686204872	5.475032837897538
5.490278465540684	5.568946894471861
5.544267670545949	5.607976091372856
5.583525814089678	6.3999121714101275
5.584703800009107	6.032060636504549
5.6376647259278085	5.963871515352756
5.66413167169407	5.782849808733504
5.66953455519322	5.7054019378110326
5.73831871520718	7.307824518332945
5.767058674100336	5.9406202170410305
5.826910967857638	8.278542607366338
5.85042301062091	5.973275507228926
5.987224134076948	6.300520929975155
6.431192917280051	6.883046910053626
6.736464119643026	7.395563566226047
6.743720835514452	6.89330279219658
6.762050278381487	6.839796264204369
6.834814336954172	6.87080490184052
6.841224337870135	6.899350246672273
6.850849290961038	8.028896420343063
6.854068158877988	7.581004665329817
6.925762591804829	6.976182398468277
6.964880834520587	8.035408220444552
6.973239444658917	8.879741135937255
7.062397133873051	7.594130085809411
7.208754482538665	7.888935384611338
7.30152371094686	7.386799628100686
7.408870872573596	7.594864388099949
7.42925342687492	7.948091795888144
7.4693350799374425	8.044698025586795
7.517992288227942	7.947350632641398
7.599247198916631	7.987428362326234
7.604596221923321	8.435383925893081
7.996698426820526	8.921130653019615
8.370627652459039	8.643615260365749
8.719951565249428	9.137068932573444
8.733950841279434	9.648346337918046
4.356972539523372	5.491002122650241
4.553914411636807	5.849184062118301
4.605442918240115	5.400330320252716
4.651018720224891	5.960850696442208
4.656724537632663	5.258658284304056
4.701298940548348	8.303980427233059
4.723901145987358	5.395156273334358
4.724718455379753	6.053607715826884
4.74273718184741	6.851751309561697
4.760614507590692	5.93836963827853
4.766287193109219	6.006211792645131
4.840284503500725	6.032057265457989
4.864910209934679	5.988121092421022
4.873783610740968	6.078496248273029
4.879988715297553	5.287921521129982
4.906245359058735	6.043348464437941
4.911742953376067	5.401950480907743
4.916022836992442	6.0699068699741545
4.934632860212808	5.175774810495734
4.939488049303684	5.467600359889233
4.987068002810269	5.640504743215316
5.192281036412193	5.518904682740078
5.381086621359483	5.9524078408170435
5.40813381195791	7.1233962887312705
6.2303662917452405	7.69414578738418
6.353538460748003	8.548211429629907
6.6931188147064535	7.320004528624151
6.779256520398516	7.000684280210234
7.2432423593764685	7.865031736624416
7.534844926053454	8.166739809046012
4.081399995945122	8.443986344731785
4.597674128630378	8.078425002771747
4.615276647787942	6.932144568176658
4.638404263985172	9.098734574205418
4.748585300672648	6.2442576766583535
4.752157386499281	8.588187757865855
4.8091674276758525	8.383889319075767
5.2494286554042064	8.019126580009818
6.666931427106473	7.602512820527921
4.426984778782307	8.03577890079665
4.576939488597565	7.396205424343375
4.695167748862069	8.095564119358873
4.09693371372509	7.876807975845525
4.416823775663285	9.035395787636654
4.646227190214832	8.678392643816732
3.843766022849051	8.515071443259536
4.108221790541746	8.850425891873966
4.1139456464939315	9.13326232134607
4.542825235810857	9.103128873045288
4.55083399151663	9.855674060838451
