 0 0.618634
 0 0.618636
 0 0.618729
 0 0.619125
 0 0.619125
 0 0.619125
 0 0.619723
 0 0.619724
 0 0.620039
 0 0.620849
 0 0.620849
 0 0.621026
 0 0.621979
 0 0.622074
 0 0.622178
 0 0.622179
 0 0.622403
 0 0.622871
 0 0.622872
 0 0.623108
 0 0.623128
 0 0.623225
 0 0.623226
 0 0.623251
 0 0.623252
 0 0.623461
 0 0.623462
 0 0.623512
 0 0.623512
 0 0.623514
 0 0.623534
 0 0.623534
 0 0.623535
 0 0.623535
 0 0.623686
 0 0.623688
 0 0.624059
 0 0.624059
 0 0.624302
 0 0.624302
 0 0.624362
 0 0.624424
 0 0.624425
 0 0.624661
 0 0.624661
 0 0.624662
 0 0.624668
 0 0.624668
 0 0.62467
 0 0.62467
 0 0.62467
 0 0.624966
 0 0.624966
 0 0.624966
 0 0.624966
 0 0.62508
 0 0.625114
 0 0.625115
 0 0.625116
 0 0.625598
 0 0.625699
 0 0.625724
 0 0.625724
 0 0.625832
 0 0.625833
 0 0.625866
 0 0.625867
 0 0.625947
 0 0.625953
 0 0.626136
 0 0.626136
 0 0.626145
 0 0.62619
 0 0.626193
 0 0.626199
 0 0.6262
 0 0.6262
 0 0.6262
 0 0.626225
 0 0.626225
 0 0.626293
 0 0.62631
 0 0.626382
 0 0.626382
 0 0.626383
 0 0.626383
 0 0.626394
 0 0.626394
 0 0.626459
 0 0.626459
 0 0.626459
 0 0.626459
 0 0.626592
 0 0.626674
 0 0.626715
 0 0.626717
 0 0.626717
 0 0.626717
 0 0.626752
 0 0.626754
 0 0.626756
 0 0.62677
 0 0.626771
 0 0.626772
 0 0.626772
 0 0.626777
 0 0.626777
 0 0.626805
 0 0.626805
 0 0.626805
 0 0.626828
 0 0.626828
 0 0.626834
 0 0.626834
 0 0.626835
 0 0.627003
 0 0.62702
 0 0.62702
 0 0.62702
 0 0.62702
 0 0.627021
 0 0.627021
 0 0.627024
 0 0.627026
 0 0.627035
 0 0.627036
 0 0.627036
 0 0.627051
 0 0.627051
 0 0.627052
 0 0.627065
 0 0.627079
 0 0.627097
 0 0.627112
 0 0.627112
 0 0.627124
 0 0.627158
 0 0.627169
 0 0.627192
 0 0.627192
 0 0.627194
 0 0.627236
 0 0.627257
 0 0.627266
 0 0.627266
 0 0.627268
 0 0.627269
 0 0.627275
 0 0.627301
 0 0.627309
 0 0.62731
 0 0.627311
 0 0.627316
 0 0.627316
 0 0.627329
 0 0.627363
 0 0.627364
 0 0.627427
 0 0.627427
 0 0.627428
 0 0.627471
 0 0.62748
 0 0.62748
 0 0.627481
 0 0.627499
 0 0.627499
 0 0.6275
 0 0.627501
 0 0.627549
 0 0.627552
 0 0.627596
 0 0.627597
 0 0.627597
 0 0.627605
 0 0.627605
 0 0.627605
 0 0.627607
 0 0.627607
 0 0.627612
 0 0.627612
 0 0.627664
 0 0.627667
 0 0.627678
 0 0.627746
 0 0.627746
 0 0.627747
 0 0.627825
 0 0.62784
 0 0.627869
 0 0.62787
 0 0.62787
 0 0.627913
 0 0.627918
 0 0.62792
 0 0.62792
 0 0.62792
 0 0.627937
 0 0.627938
 0 0.627978
 0 0.62798
 0 0.62799
 0 0.627991
 0 0.628002
 0 0.628003
 0 0.628027
 0 0.628037
 0 0.628039
 0 0.62804
 0 0.628041
 0 0.62807
 0 0.62807
 0 0.628072
 0 0.628072
 0 0.628075
 0 0.628077
 0 0.628077
 0 0.628084
 0 0.628084
 0 0.628103
 0 0.628104
 0 0.628124
 0 0.628147
 0 0.628147
 0 0.628149
 0 0.628161
 0 0.628161
 0 0.628161
 0 0.628191
 0 0.628194
 0 0.628194
 0 0.628194
 0 0.628195
 0 0.628195
 0 0.62823
 0 0.628234
 0 0.628246
 0 0.628262
 0 0.628263
 0 0.628275
 0 0.628285
 0 0.628285
 0 0.628286
 0 0.628303
 0 0.628303
 0 0.628312
 0 0.628341
 0 0.628341
 0 0.628359
 0 0.62836
 0 0.628364
 0 0.62837
 0 0.62839
 0 0.62839
 0 0.62839
 0 0.628393
 0 0.628393
 0 0.628394
 0 0.628398
 0 0.628442
 0 0.62845
 0 0.62845
 0 0.628451
 0 0.628459
 0 0.628496
 0 0.628566
 0 0.62858
 0 0.628581
 0 0.628581
 0 0.628596
 0 0.628596
 0 0.628597
 0 0.628621
 0 0.628707
 0 0.628708
 0 0.628708
 0 0.628708
 0 0.628708
 0 0.628709
 0 0.628709
 0 0.628728
 0 0.628731
 0 0.628733
 0 0.62877
 0 0.628772
 0 0.628772
 0 0.628782
 0 0.628782
 0 0.62879
 0 0.628812
 0 0.628814
 0 0.628819
 0 0.628846
 0 0.628848
 0 0.628851
 0 0.628855
 0 0.628855
 0 0.628899
 0 0.628901
 0 0.628941
 0 0.628942
 0 0.628967
 0 0.628976
 0 0.628981
 0 0.628982
 0 0.628985
 0 0.628985
 0 0.628985
 0 0.62901
 0 0.62901
 0 0.629026
 0 0.629026
 0 0.629026
 0 0.629059
 0 0.629065
 0 0.629065
 0 0.629117
 0 0.629158
 0 0.629158
 0 0.629159
 0 0.629163
 0 0.629173
 0 0.629174
 0 0.629175
 0 0.629242
 0 0.629244
 0 0.629252
 0 0.62926
 0 0.62926
 0 0.629261
 0 0.629261
 0 0.629268
 0 0.629283
 0 0.629322
 0 0.629322
 0 0.629403
 0 0.62941
 0 0.62941
 0 0.629411
 0 0.629412
 0 0.629416
 0 0.62942
 0 0.629428
 0 0.629428
 0 0.629431
 0 0.629432
 0 0.629432
 0 0.629435
 0 0.629435
 0 0.629435
 0 0.629436
 0 0.629436
 0 0.629457
 0 0.62946
 0 0.629464
 0 0.629471
 0 0.629471
 0 0.629471
 0 0.629471
 0 0.629472
 0 0.629472
 0 0.629472
 0 0.62949
 0 0.629491
 0 0.629496
 0 0.629511
 0 0.629512
 0 0.629512
 0 0.629571
 0 0.629571
 0 0.629592
 0 0.629592
 0 0.629643
 0 0.629643
 0 0.629643
 0 0.629688
 0 0.629714
 0 0.629714
 0 0.62973
 0 0.62973
 0 0.62973
 0 0.629731
 0 0.629735
 0 0.629735
 0 0.629741
 0 0.629763
 0 0.629769
 0 0.62977
 0 0.629771
 0 0.6298
 0 0.6298
 0 0.629836
 0 0.629838
 0 0.629859
 0 0.629868
 0 0.629868
 0 0.629894
 0 0.62992
 0 0.62992
 0 0.629946
 0 0.629948
 0 0.629957
 0 0.629959
 0 0.629965
 0 0.629965
 0 0.629965
 0 0.629966
 0 0.629989
 0 0.629989
 0 0.630012
 0 0.630094
 0 0.630095
 0 0.630121
 0 0.630122
 0 0.630149
 0 0.630149
 0 0.63015
 0 0.630163
 0 0.630164
 0 0.630164
 0 0.63017
 0 0.630171
 0 0.630172
 0 0.630221
 0 0.630221
 0 0.630221
 0 0.630224
 0 0.630248
 0 0.630248
 0 0.630248
 0 0.630248
 0 0.630251
 0 0.630252
 0 0.630253
 0 0.630271
 0 0.630296
 0 0.63031
 0 0.630315
 0 0.630319
 0 0.630319
 0 0.630322
 0 0.630322
 0 0.630353
 0 0.630355
 0 0.630355
 0 0.630355
 0 0.630409
 0 0.630418
 0 0.630431
 0 0.630431
 0 0.630431
 0 0.630459
 0 0.630461
 0 0.63047
 0 0.630496
 0 0.630496
 0 0.630498
 0 0.630508
 0 0.630508
 0 0.630515
 0 0.630525
 0 0.630558
 0 0.630558
 0 0.630558
 0 0.630581
 0 0.630587
 0 0.630587
 0 0.630587
 0 0.630587
 0 0.630587
 0 0.630597
 0 0.630608
 0 0.630621
 0 0.630621
 0 0.630621
 0 0.630635
 0 0.630635
 0 0.630635
 0 0.630641
 0 0.630644
 0 0.630647
 0 0.630673
 0 0.630674
 0 0.630699
 0 0.630708
 0 0.630712
 0 0.630712
 0 0.630718
 0 0.630743
 0 0.630746
 0 0.630746
 0 0.630762
 0 0.630764
 0 0.630848
 0 0.63085
 0 0.63085
 0 0.630886
 0 0.630887
 0 0.630888
 0 0.630888
 0 0.630889
 0 0.630889
 0 0.630899
 0 0.6309
 0 0.630905
 0 0.630906
 0 0.63091
 0 0.630911
 0 0.630919
 0 0.630955
 0 0.630978
 0 0.630979
 0 0.630979
 0 0.630979
 0 0.631001
 0 0.631003
 0 0.631036
 0 0.631042
 0 0.631042
 0 0.631051
 0 0.631058
 0 0.631058
 0 0.631058
 0 0.631059
 0 0.631075
 0 0.631075
 0 0.631075
 0 0.631079
 0 0.631092
 0 0.631092
 0 0.631118
 0 0.631152
 0 0.631154
 0 0.631183
 0 0.631183
 0 0.631191
 0 0.631192
 0 0.631211
 0 0.631211
 0 0.631211
 0 0.631211
 0 0.631244
 0 0.631257
 0 0.631257
 0 0.631257
 0 0.631257
 0 0.631263
 0 0.631265
 0 0.63127
 0 0.631277
 0 0.631289
 0 0.631289
 0 0.63129
 0 0.631297
 0 0.631297
 0 0.631298
 0 0.631305
 0 0.631306
 0 0.631306
 0 0.631306
 0 0.631325
 0 0.631336
 0 0.631336
 0 0.631336
 0 0.631348
 0 0.63135
 0 0.63135
 0 0.631375
 0 0.631387
 0 0.631388
 0 0.631388
 0 0.631388
 0 0.631407
 0 0.631407
 0 0.631409
 0 0.631416
 0 0.631419
 0 0.63142
 0 0.631445
 0 0.631445
 0 0.631447
 0 0.63145
 0 0.63145
 0 0.63145
 0 0.631451
 0 0.631452
 0 0.631452
 0 0.631452
 0 0.631452
 0 0.631453
 0 0.63147
 0 0.631501
 0 0.631501
 0 0.631504
 0 0.631505
 0 0.631507
 0 0.63157
 0 0.631571
 0 0.631572
 0 0.631629
 0 0.63163
 0 0.631639
 0 0.631641
 0 0.631641
 0 0.631646
 0 0.631647
 0 0.631659
 0 0.631713
 0 0.631713
 0 0.631713
 0 0.631722
 0 0.631722
 0 0.631723
 0 0.631724
 0 0.631725
 0 0.631725
 0 0.631737
 0 0.631737
 0 0.631737
 0 0.631737
 0 0.631737
 0 0.631746
 0 0.631746
 0 0.63176
 0 0.631762
 0 0.631768
 0 0.631769
 0 0.631771
 0 0.631772
 0 0.631774
 0 0.631774
 0 0.631783
 0 0.631817
 0 0.631833
 0 0.631841
 0 0.631843
 0 0.631844
 0 0.631848
 0 0.631849
 0 0.631853
 0 0.631863
 0 0.631876
 0 0.631887
 0 0.631903
 0 0.631903
 0 0.631912
 0 0.631913
 0 0.631916
 0 0.631918
 0 0.631918
 0 0.631932
 0 0.631965
 0 0.631975
 0 0.631985
 0 0.631986
 0 0.632016
 0 0.632021
 0 0.632021
 0 0.632052
 0 0.63218
 0 0.632182
 0 0.632182
 0 0.632182
 0 0.632188
 0 0.632202
 0 0.632203
 0 0.632203
 0 0.632207
 0 0.63224
 0 0.632242
 0 0.632257
 0 0.632258
 0 0.632261
 0 0.632261
 0 0.632261
 0 0.632261
 0 0.632266
 0 0.632266
 0 0.632267
 0 0.632312
 0 0.632323
 0 0.632324
 0 0.632325
 0 0.632374
 0 0.632374
 0 0.632386
 0 0.632386
 0 0.632386
 0 0.632386
 0 0.632389
 0 0.632389
 0 0.632398
 0 0.632399
 0 0.632435
 0 0.632436
 0 0.632437
 0 0.632438
 0 0.632439
 0 0.632439
 0 0.632439
 0 0.63244
 0 0.632456
 0 0.63247
 0 0.632475
 0 0.632475
 0 0.632489
 0 0.632491
 0 0.632529
 0 0.63253
 0 0.632542
 0 0.632561
 0 0.632561
 0 0.632577
 0 0.632596
 0 0.632618
 0 0.632625
 0 0.632633
 0 0.632634
 0 0.632659
 0 0.632661
 0 0.632665
 0 0.632665
 0 0.632719
 0 0.632719
 0 0.63272
 0 0.632722
 0 0.632725
 0 0.632725
 0 0.632726
 0 0.632734
 0 0.632734
 0 0.632735
 0 0.632736
 0 0.632736
 0 0.632736
 0 0.632737
 0 0.632737
 0 0.632738
 0 0.632754
 0 0.632768
 0 0.632768
 0 0.632776
 0 0.632776
 0 0.632777
 0 0.632786
 0 0.632854
 0 0.632864
 0 0.632874
 0 0.632874
 0 0.632875
 0 0.632879
 0 0.63288
 0 0.63288
 0 0.632887
 0 0.632888
 0 0.632888
 0 0.632906
 0 0.632907
 0 0.632909
 0 0.632982
 0 0.632982
 0 0.632982
 0 0.632994
 0 0.633006
 0 0.633042
 0 0.633057
 0 0.633059
 0 0.633074
 0 0.633097
 0 0.633097
 0 0.633097
 0 0.633101
 0 0.633101
 0 0.633101
 0 0.633101
 0 0.633103
 0 0.633104
 0 0.633109
 0 0.633114
 0 0.633114
 0 0.633114
 0 0.633114
 0 0.633126
 0 0.633126
 0 0.633144
 0 0.633148
 0 0.633172
 0 0.633172
 0 0.633174
 0 0.633175
 0 0.63318
 0 0.633181
 0 0.633181
 0 0.63319
 0 0.633191
 0 0.633191
 0 0.633191
 0 0.633191
 0 0.633201
 0 0.633201
 0 0.633201
 0 0.633202
 0 0.63321
 0 0.633216
 0 0.633216
 0 0.633218
 0 0.633234
 0 0.633234
 0 0.633242
 0 0.633242
 0 0.633242
 0 0.633253
 0 0.633266
 0 0.633273
 0 0.633274
 0 0.633294
 0 0.633298
 0 0.6333
 0 0.6333
 0 0.633308
 0 0.63331
 0 0.633328
 0 0.633338
 0 0.633338
 0 0.633357
 0 0.633358
 0 0.633358
 0 0.633386
 0 0.633402
 0 0.633405
 0 0.633405
 0 0.633473
 0 0.633474
 0 0.633476
 0 0.633476
 0 0.633492
 0 0.633492
 0 0.633504
 0 0.633519
 0 0.633531
 0 0.633533
 0 0.633546
 0 0.633546
 0 0.633546
 0 0.633557
 0 0.633558
 0 0.633558
 0 0.63356
 0 0.63356
 0 0.633561
 0 0.633561
 0 0.633573
 0 0.633577
 0 0.6336
 0 0.6336
 0 0.633608
 0 0.633609
 0 0.633612
 0 0.633613
 0 0.633613
 0 0.633614
 0 0.633622
 0 0.633631
 0 0.633639
 0 0.633649
 0 0.633652
 0 0.633653
 0 0.633667
 0 0.633672
 0 0.633672
 0 0.633673
 0 0.633673
 0 0.633688
 0 0.633688
 0 0.633711
 0 0.633711
 0 0.633725
 0 0.633725
 0 0.633725
 0 0.633729
 0 0.633732
 0 0.633734
 0 0.633734
 0 0.633746
 0 0.633746
 0 0.633752
 0 0.633753
 0 0.633777
 0 0.633778
 0 0.633778
 0 0.633778
 0 0.633779
 0 0.633779
 0 0.633806
 0 0.633806
 0 0.633808
 0 0.633847
 0 0.633847
 0 0.633854
 0 0.633855
 0 0.633856
 0 0.633856
 0 0.633882
 0 0.633882
 0 0.633883
 0 0.633893
 0 0.633894
 0 0.633897
 0 0.633897
 0 0.633912
 0 0.633915
 0 0.633916
 0 0.633916
 0 0.633921
 0 0.633921
 0 0.633929
 0 0.63393
 0 0.633931
 0 0.633965
 0 0.633986
 0 0.633986
 0 0.633991
 0 0.633992
 0 0.633992
 0 0.634003
 0 0.634005
 0 0.634005
 0 0.634006
 0 0.634029
 0 0.634052
 0 0.634052
 0 0.634058
 0 0.634058
 0 0.634058
 0 0.63406
 0 0.634064
 0 0.634071
 0 0.634071
 0 0.634071
 0 0.634071
 0 0.634104
 0 0.634104
 0 0.634104
 0 0.634104
 0 0.634134
 0 0.634135
 0 0.634146
 0 0.634146
 0 0.634147
 0 0.634148
 0 0.634149
 0 0.63415
 0 0.63415
 0 0.63415
 0 0.634158
 0 0.634158
 0 0.634169
 0 0.63419
 0 0.63419
 0 0.63421
 0 0.634232
 0 0.634232
 0 0.634237
 0 0.634238
 0 0.634239
 0 0.634248
 0 0.634268
 0 0.634268
 0 0.634269
 0 0.634273
 0 0.634273
 0 0.634318
 0 0.634321
 0 0.63434
 0 0.634351
 0 0.634366
 0 0.634369
 0 0.634372
 0 0.634383
 0 0.634383
 0 0.634383
 0 0.634386
 0 0.634387
 0 0.634388
 0 0.634389
 0 0.63439
 0 0.63439
 0 0.63439
 0 0.634391
 0 0.634392
 0 0.634392
 0 0.634393
 0 0.634393
 0 0.634395
 0 0.634396
 0 0.634398
 0 0.634398
 0 0.6344
 0 0.634401
 0 0.63441
 0 0.63441
 0 0.634426
 0 0.634426
 0 0.634426
 0 0.634428
 0 0.634436
 0 0.634436
 0 0.634448
 0 0.634463
 0 0.634468
 0 0.634468
 0 0.634469
 0 0.63447
 0 0.634476
 0 0.634477
 0 0.634477
 0 0.634477
 0 0.634479
 0 0.634484
 0 0.634484
 0 0.634493
 0 0.634494
 0 0.634497
 0 0.63453
 0 0.634531
 0 0.634533
 0 0.63454
 0 0.634547
 0 0.634555
 0 0.634555
 0 0.634558
 0 0.634558
 0 0.634558
 0 0.634575
 0 0.634575
 0 0.634575
 0 0.634576
 0 0.634597
 0 0.634626
 0 0.634626
 0 0.634627
 0 0.634627
 0 0.634629
 0 0.634629
 0 0.634629
 0 0.634648
 0 0.634655
 0 0.634657
 0 0.634662
 0 0.634662
 0 0.634662
 0 0.634669
 0 0.634689
 0 0.634695
 0 0.63471
 0 0.634711
 0 0.634717
 0 0.634726
 0 0.634726
 0 0.634728
 0 0.634729
 0 0.634729
 0 0.634737
 0 0.634764
 0 0.634777
 0 0.634777
 0 0.634777
 0 0.634783
 0 0.634783
 0 0.634784
 0 0.634787
 0 0.634787
 0 0.634791
 0 0.634792
 0 0.634793
 0 0.634802
 0 0.634802
 0 0.634811
 0 0.634839
 0 0.634841
 0 0.634841
 0 0.634843
 0 0.634884
 0 0.634886
 0 0.634886
 0 0.634886
 0 0.634886
 0 0.634886
 0 0.634888
 0 0.63489
 0 0.634891
 0 0.634894
 0 0.634896
 0 0.634896
 0 0.634896
 0 0.634896
 0 0.634896
 0 0.634898
 0 0.634898
 0 0.634908
 0 0.634918
 0 0.63492
 0 0.634924
 0 0.634934
 0 0.634935
 0 0.634939
 0 0.634963
 0 0.634964
 0 0.634977
 0 0.634979
 0 0.634979
 0 0.634983
 0 0.634983
 0 0.634984
 0 0.634984
 0 0.63499
 0 0.63499
 0 0.634991
 0 0.635002
 0 0.635003
 0 0.635009
 0 0.63501
 0 0.63501
 0 0.635033
 0 0.635034
 0 0.635034
 0 0.635045
 0 0.635055
 0 0.635055
 0 0.635057
 0 0.635057
 0 0.635057
 0 0.635072
 0 0.635073
 0 0.635076
 0 0.635079
 0 0.635084
 0 0.635084
 0 0.635085
 0 0.635086
 0 0.635098
 0 0.635098
 0 0.635098
 0 0.635098
 0 0.635121
 0 0.635122
 0 0.635124
 0 0.635159
 0 0.635159
 0 0.635173
 0 0.635188
 0 0.63521
 0 0.63521
 0 0.635211
 0 0.635222
 0 0.635224
 0 0.635224
 0 0.635228
 0 0.635228
 0 0.635232
 0 0.635233
 0 0.635234
 0 0.635235
 0 0.635235
 0 0.635236
 0 0.635239
 0 0.635266
 0 0.635295
 0 0.635297
 0 0.635297
 0 0.635297
 0 0.63531
 0 0.635312
 0 0.635312
 0 0.635315
 0 0.635318
 0 0.635318
 0 0.635323
 0 0.635334
 0 0.635362
 0 0.635377
 0 0.635424
 0 0.635424
 0 0.635426
 0 0.635428
 0 0.635428
 0 0.635449
 0 0.63545
 0 0.63545
 0 0.635454
 0 0.635461
 0 0.635461
 0 0.635461
 0 0.635462
 0 0.635487
 0 0.635496
 0 0.635512
 0 0.635549
 0 0.63555
 0 0.635551
 0 0.635552
 0 0.635552
 0 0.635553
 0 0.63556
 0 0.635561
 0 0.635562
 0 0.635566
 0 0.635566
 0 0.635566
 0 0.635566
 0 0.635571
 0 0.635582
 0 0.635582
 0 0.635583
 0 0.635596
 0 0.635596
 0 0.635608
 0 0.635608
 0 0.635608
 0 0.635614
 0 0.635617
 0 0.635634
 0 0.635637
 0 0.635643
 0 0.635643
 0 0.635646
 0 0.635652
 0 0.635653
 0 0.635657
 0 0.635659
 0 0.635678
 0 0.6357
 0 0.635701
 0 0.635702
 0 0.635703
 0 0.635703
 0 0.635705
 0 0.635708
 0 0.635709
 0 0.635713
 0 0.635718
 0 0.635725
 0 0.635726
 0 0.635749
 0 0.635758
 0 0.635759
 0 0.635761
 0 0.635761
 0 0.635762
 0 0.635763
 0 0.635763
 0 0.635768
 0 0.635772
 0 0.635775
 0 0.635776
 0 0.635824
 0 0.635825
 0 0.635827
 0 0.635839
 0 0.635841
 0 0.635841
 0 0.635848
 0 0.635855
 0 0.635856
 0 0.635872
 0 0.635872
 0 0.635872
 0 0.635872
 0 0.635873
 0 0.635874
 0 0.635876
 0 0.635876
 0 0.635881
 0 0.6359
 0 0.6359
 0 0.6359
 0 0.635902
 0 0.635903
 0 0.635906
 0 0.635914
 0 0.635915
 0 0.635915
 0 0.635915
 0 0.635925
 0 0.635926
 0 0.635938
 0 0.635939
 0 0.635939
 0 0.635939
 0 0.635942
 0 0.635956
 0 0.635985
 0 0.636008
 0 0.636015
 0 0.636015
 0 0.636016
 0 0.636021
 0 0.636042
 0 0.636049
 0 0.63606
 0 0.63607
 0 0.63607
 0 0.636076
 0 0.636086
 0 0.63609
 0 0.636091
 0 0.636101
 0 0.636103
 0 0.636115
 0 0.636121
 0 0.636122
 0 0.636122
 0 0.636122
 0 0.636145
 0 0.636145
 0 0.636146
 0 0.636146
 0 0.636154
 0 0.636154
 0 0.636155
 0 0.636155
 0 0.636155
 0 0.636161
 0 0.636165
 0 0.636166
 0 0.636169
 0 0.636174
 0 0.636184
 0 0.636184
 0 0.636184
 0 0.636185
 0 0.636208
 0 0.636208
 0 0.636212
 0 0.636222
 0 0.636223
 0 0.636242
 0 0.636251
 0 0.636253
 0 0.636253
 0 0.636253
 0 0.636263
 0 0.636283
 0 0.636284
 0 0.636291
 0 0.636299
 0 0.636299
 0 0.636309
 0 0.636326
 0 0.636326
 0 0.636327
 0 0.636351
 0 0.636351
 0 0.636355
 0 0.636356
 0 0.636356
 0 0.636356
 0 0.636359
 0 0.63636
 0 0.63637
 0 0.636372
 0 0.636372
 0 0.636372
 0 0.636373
 0 0.636407
 0 0.636407
 0 0.636409
 0 0.636411
 0 0.636416
 0 0.636416
 0 0.636417
 0 0.636424
 0 0.636432
 0 0.636435
 0 0.63645
 0 0.636452
 0 0.636453
 0 0.636453
 0 0.636454
 0 0.636454
 0 0.636479
 0 0.63648
 0 0.636493
 0 0.636494
 0 0.636494
 0 0.636494
 0 0.636498
 0 0.636501
 0 0.63653
 0 0.63653
 0 0.636547
 0 0.636548
 0 0.636571
 0 0.636582
 0 0.636583
 0 0.636601
 0 0.636601
 0 0.636639
 0 0.636639
 0 0.63664
 0 0.636643
 0 0.636648
 0 0.636648
 0 0.636663
 0 0.636686
 0 0.63672
 0 0.636721
 0 0.636721
 0 0.63673
 0 0.63673
 0 0.636731
 0 0.636731
 0 0.636734
 0 0.636743
 0 0.636743
 0 0.636743
 0 0.636743
 0 0.636744
 0 0.636783
 0 0.636783
 0 0.636783
 0 0.636784
 0 0.636784
 0 0.63679
 0 0.63679
 0 0.63679
 0 0.636801
 0 0.636801
 0 0.636801
 0 0.636801
 0 0.636802
 0 0.636812
 0 0.636812
 0 0.636813
 0 0.636813
 0 0.636818
 0 0.636818
 0 0.636823
 0 0.636824
 0 0.636825
 0 0.636837
 0 0.636837
 0 0.636837
 0 0.636837
 0 0.636861
 0 0.636862
 0 0.636862
 0 0.636875
 0 0.636877
 0 0.636893
 0 0.636897
 0 0.636898
 0 0.636903
 0 0.636905
 0 0.636906
 0 0.636918
 0 0.636919
 0 0.636974
 0 0.636976
 0 0.636997
 0 0.636997
 0 0.636998
 0 0.637014
 0 0.637018
 0 0.637019
 0 0.637019
 0 0.637025
 0 0.637025
 0 0.637044
 0 0.637063
 0 0.637071
 0 0.637072
 0 0.637072
 0 0.637083
 0 0.637095
 0 0.637097
 0 0.637146
 0 0.637147
 0 0.637156
 0 0.637182
 0 0.637186
 0 0.637186
 0 0.637186
 0 0.63719
 0 0.637214
 0 0.637231
 0 0.637237
 0 0.637311
 0 0.637312
 0 0.637316
 0 0.637349
 0 0.637349
 0 0.63735
 0 0.63735
 0 0.637355
 0 0.637358
 0 0.637359
 0 0.637365
 0 0.637378
 0 0.637378
 0 0.637379
 0 0.63739
 0 0.63739
 0 0.637418
 0 0.63743
 0 0.637441
 0 0.637441
 0 0.637441
 0 0.637445
 0 0.637458
 0 0.637458
 0 0.637464
 0 0.637464
 0 0.637492
 0 0.637523
 0 0.637559
 0 0.637559
 0 0.637559
 0 0.637559
 0 0.637559
 0 0.637585
 0 0.637586
 0 0.637624
 0 0.637624
 0 0.637625
 0 0.637625
 0 0.637631
 0 0.637631
 0 0.637631
 0 0.637632
 0 0.63764
 0 0.637641
 0 0.637664
 0 0.637665
 0 0.637674
 0 0.637686
 0 0.637687
 0 0.637691
 0 0.637697
 0 0.637697
 0 0.637697
 0 0.637702
 0 0.637702
 0 0.637704
 0 0.637747
 0 0.637747
 0 0.637763
 0 0.637763
 0 0.637775
 0 0.637777
 0 0.637778
 0 0.637779
 0 0.637782
 0 0.637782
 0 0.637815
 0 0.637815
 0 0.637819
 0 0.637892
 0 0.637892
 0 0.637976
 0 0.637977
 0 0.637979
 0 0.637979
 0 0.637979
 0 0.637979
 0 0.638042
 0 0.63807
 0 0.63807
 0 0.638071
 0 0.638072
 0 0.638087
 0 0.638087
 0 0.6381
 0 0.6381
 0 0.638177
 0 0.638213
 0 0.638213
 0 0.638213
 0 0.638214
 0 0.638215
 0 0.638216
 0 0.638245
 0 0.638247
 0 0.638276
 0 0.638278
 0 0.638368
 0 0.63837
 0 0.63837
 0 0.638377
 0 0.638377
 0 0.638387
 0 0.638388
 0 0.638388
 0 0.638397
 0 0.638397
 0 0.638397
 0 0.638402
 0 0.638403
 0 0.638404
 0 0.638408
 0 0.63841
 0 0.638418
 0 0.638425
 0 0.638425
 0 0.638442
 0 0.638442
 0 0.638448
 0 0.638491
 0 0.638493
 0 0.638493
 0 0.638493
 0 0.638493
 0 0.638508
 0 0.638534
 0 0.638534
 0 0.638534
 0 0.638534
 0 0.638536
 0 0.638541
 0 0.638541
 0 0.638541
 0 0.638542
 0 0.638553
 0 0.638553
 0 0.638734
 0 0.638734
 0 0.638753
 0 0.638763
 0 0.638763
 0 0.638794
 0 0.638795
 0 0.638837
 0 0.638838
 0 0.638839
 0 0.638865
 0 0.638865
 0 0.638881
 0 0.638897
 0 0.6389
 0 0.6389
 0 0.6389
 0 0.63895
 0 0.63895
 0 0.639013
 0 0.639053
 0 0.639065
 0 0.63907
 0 0.639084
 0 0.639086
 0 0.639093
 0 0.639093
 0 0.639126
 0 0.639142
 0 0.639142
 0 0.639207
 0 0.63921
 0 0.639214
 0 0.639221
 0 0.639222
 0 0.639223
 0 0.639252
 0 0.639253
 0 0.639253
 0 0.639253
 0 0.639274
 0 0.639274
 0 0.639301
 0 0.639321
 0 0.639321
 0 0.639321
 0 0.639321
 0 0.63935
 0 0.639351
 0 0.639352
 0 0.639352
 0 0.63941
 0 0.63941
 0 0.639453
 0 0.639454
 0 0.639466
 0 0.639467
 0 0.639481
 0 0.639482
 0 0.639482
 0 0.639482
 0 0.639483
 0 0.639485
 0 0.639485
 0 0.639485
 0 0.639485
 0 0.639495
 0 0.639502
 0 0.639527
 0 0.639528
 0 0.639529
 0 0.639549
 0 0.639549
 0 0.639609
 0 0.639635
 0 0.63966
 0 0.639675
 0 0.639702
 0 0.639702
 0 0.63972
 0 0.639722
 0 0.63973
 0 0.639735
 0 0.639735
 0 0.639739
 0 0.639741
 0 0.639742
 0 0.639787
 0 0.639817
 0 0.639818
 0 0.639829
 0 0.639832
 0 0.639834
 0 0.639839
 0 0.63984
 0 0.63984
 0 0.639879
 0 0.63988
 0 0.639882
 0 0.639917
 0 0.639919
 0 0.639934
 0 0.639937
 0 0.639948
 0 0.639949
 0 0.639949
 0 0.639949
 0 0.639949
 0 0.639952
 0 0.63997
 0 0.63997
 0 0.63997
 0 0.639997
 0 0.639997
 0 0.640023
 0 0.640034
 0 0.640034
 0 0.640037
 0 0.640085
 0 0.640097
 0 0.640098
 0 0.640098
 0 0.640117
 0 0.64012
 0 0.640132
 0 0.640152
 0 0.640168
 0 0.640169
 0 0.640179
 0 0.640179
 0 0.640179
 0 0.640179
 0 0.64018
 0 0.64018
 0 0.64018
 0 0.640181
 0 0.640183
 0 0.640192
 0 0.640196
 0 0.640217
 0 0.640226
 0 0.640233
 0 0.640242
 0 0.640252
 0 0.640252
 0 0.640274
 0 0.640278
 0 0.64028
 0 0.640282
 0 0.640289
 0 0.640289
 0 0.640301
 0 0.640301
 0 0.640303
 0 0.640315
 0 0.640391
 0 0.640441
 0 0.640456
 0 0.64047
 0 0.640472
 0 0.640536
 0 0.640536
 0 0.640536
 0 0.640551
 0 0.640552
 0 0.640555
 0 0.640556
 0 0.640556
 0 0.640635
 0 0.640635
 0 0.640648
 0 0.640648
 0 0.64066
 0 0.640669
 0 0.640669
 0 0.64067
 0 0.640692
 0 0.640715
 0 0.640719
 0 0.64072
 0 0.640723
 0 0.640723
 0 0.640744
 0 0.640744
 0 0.640798
 0 0.640815
 0 0.640821
 0 0.640821
 0 0.640821
 0 0.640828
 0 0.640828
 0 0.640856
 0 0.640856
 0 0.640857
 0 0.640857
 0 0.640892
 0 0.640894
 0 0.640894
 0 0.640894
 0 0.640896
 0 0.640903
 0 0.640903
 0 0.64092
 0 0.64092
 0 0.640937
 0 0.640939
 0 0.64094
 0 0.64094
 0 0.640941
 0 0.640955
 0 0.64098
 0 0.64098
 0 0.64098
 0 0.640981
 0 0.640983
 0 0.640997
 0 0.641022
 0 0.641082
 0 0.641082
 0 0.641096
 0 0.641097
 0 0.641141
 0 0.641142
 0 0.641143
 0 0.641215
 0 0.641287
 0 0.641287
 0 0.641299
 0 0.641306
 0 0.641307
 0 0.641331
 0 0.641331
 0 0.641332
 0 0.641346
 0 0.641346
 0 0.641375
 0 0.641384
 0 0.641417
 0 0.641417
 0 0.641418
 0 0.641418
 0 0.641454
 0 0.641455
 0 0.64147
 0 0.64147
 0 0.641471
 0 0.641472
 0 0.641506
 0 0.641507
 0 0.641517
 0 0.641526
 0 0.641526
 0 0.641528
 0 0.641534
 0 0.641534
 0 0.641535
 0 0.641543
 0 0.641564
 0 0.641564
 0 0.641573
 0 0.641573
 0 0.641573
 0 0.641607
 0 0.641607
 0 0.641624
 0 0.641649
 0 0.641649
 0 0.641662
 0 0.64169
 0 0.641693
 0 0.641694
 0 0.641744
 0 0.641744
 0 0.641747
 0 0.641747
 0 0.64177
 0 0.641771
 0 0.641772
 0 0.641772
 0 0.641786
 0 0.641786
 0 0.641805
 0 0.641806
 0 0.641814
 0 0.641814
 0 0.641814
 0 0.641831
 0 0.641832
 0 0.641892
 0 0.641941
 0 0.641941
 0 0.64202
 0 0.642027
 0 0.642027
 0 0.642049
 0 0.642079
 0 0.64208
 0 0.64208
 0 0.642083
 0 0.642085
 0 0.642086
 0 0.642086
 0 0.642113
 0 0.64213
 0 0.64213
 0 0.64213
 0 0.64213
 0 0.64213
 0 0.642132
 0 0.642133
 0 0.642153
 0 0.642154
 0 0.642154
 0 0.642154
 0 0.642172
 0 0.642173
 0 0.642173
 0 0.642182
 0 0.642183
 0 0.64224
 0 0.642241
 0 0.642241
 0 0.642241
 0 0.642241
 0 0.642268
 0 0.642271
 0 0.642277
 0 0.642357
 0 0.642357
 0 0.642359
 0 0.642359
 0 0.642378
 0 0.642388
 0 0.642397
 0 0.642397
 0 0.642402
 0 0.642426
 0 0.642426
 0 0.642426
 0 0.642442
 0 0.642442
 0 0.642444
 0 0.642447
 0 0.642481
 0 0.642549
 0 0.64256
 0 0.642561
 0 0.642562
 0 0.642597
 0 0.642597
 0 0.642597
 0 0.642598
 0 0.642637
 0 0.642638
 0 0.642639
 0 0.642641
 0 0.642706
 0 0.64271
 0 0.642718
 0 0.642748
 0 0.642748
 0 0.642749
 0 0.642749
 0 0.642749
 0 0.642749
 0 0.642759
 0 0.642848
 0 0.642881
 0 0.642976
 0 0.643026
 0 0.643026
 0 0.643027
 0 0.643047
 0 0.643047
 0 0.643047
 0 0.643047
 0 0.643047
 0 0.64306
 0 0.643149
 0 0.643194
 0 0.643194
 0 0.643194
 0 0.643249
 0 0.643249
 0 0.643271
 0 0.643276
 0 0.643276
 0 0.643276
 0 0.643323
 0 0.643356
 0 0.643362
 0 0.643413
 0 0.643414
 0 0.643436
 0 0.643549
 0 0.643641
 0 0.64365
 0 0.643724
 0 0.64373
 0 0.643759
 0 0.643948
 0 0.64395
 0 0.644007
 0 0.644043
 0 0.644131
 0 0.644141
 0 0.644244
 0 0.644344
 0 0.644344
 0 0.644386
 0 0.644388
 0 0.64456
 0 0.644666
 0 0.644667
 0 0.644668
 0 0.644668
 0 0.644683
 0 0.644683
 0 0.644689
 0 0.644761
 0 0.644762
 0 0.644837
 0 0.644837
 0 0.644941
 0 0.644943
 0 0.644943
 0 0.644962
 0 0.644962
 0 0.645155
 0 0.645155
 0 0.645201
 0 0.645201
 0 0.645201
 0 0.645203
 0 0.645203
 0 0.64531
 0 0.645484
 0 0.645484
 0 0.645489
 0 0.645489
 0 0.64549
 0 0.64557
 0 0.645703
 0 0.645852
 0 0.646122
 0 0.646254
 0 0.646254
 0 0.646254
 0 0.646254
 0 0.646254
 0 0.646302
 0 0.646303
 0 0.646311
 0 0.646311
 0 0.646454
 0 0.646643
 0 0.646938
 0 0.647249
 0 0.647393
 0 0.64831
 0 0.64831
 0 0.64831
 0 0.648405
 0 0.64905
 0 0.64905
 0 0.649438
 0 0.649438
 0 0.649804
 0 0.65035
 0 0.65035
 0 0.65035
 0 0.916566
 0 0.916567
 0 0.916745
 0 0.916746
 0 0.917283
 0 0.917462
 0 1.20539
 0 1.37247
 0 1.373
 0 1.373
 0 1.37326
 0 1.37381
 0 1.37381
 0 1.70617
 0 1.70669
 0 1.70702
 0 1.70702
 0 1.70707
 0 1.98115
 0 2.08177
 0 2.11827
 0 2.16353
 0 2.28281
 0 3.95659
 0 inf
