 0 0.48624
 0 0.48624
 0 0.486463
 0 0.487118
 0 0.48734
 0 0.487341
 0 0.492377
 0 0.493264
 0 0.493264
 0 0.493293
 0 0.493293
 0 0.493664
 0 0.620377
 0 0.620377
 0 0.620377
 0 0.620646
 0 0.620646
 0 0.62172
 0 0.622252
 0 0.622252
 0 0.622538
 0 0.622538
 0 0.622538
 0 0.622538
 0 0.622861
 0 0.623834
 0 0.624112
 0 0.624112
 0 0.624112
 0 0.624112
 0 0.624112
 0 0.624513
 0 0.624513
 0 0.624581
 0 0.624581
 0 0.624986
 0 0.624986
 0 0.624994
 0 0.624994
 0 0.624994
 0 0.624994
 0 0.625051
 0 0.625205
 0 0.625206
 0 0.625215
 0 0.625215
 0 0.625215
 0 0.625278
 0 0.62528
 0 0.625287
 0 0.625288
 0 0.625349
 0 0.625349
 0 0.625384
 0 0.625385
 0 0.625385
 0 0.625428
 0 0.625654
 0 0.6257
 0 0.625857
 0 0.625857
 0 0.625858
 0 0.625859
 0 0.625867
 0 0.625867
 0 0.625867
 0 0.625867
 0 0.625867
 0 0.625888
 0 0.625892
 0 0.625892
 0 0.625893
 0 0.625921
 0 0.625923
 0 0.625933
 0 0.625933
 0 0.62601
 0 0.62601
 0 0.62601
 0 0.626085
 0 0.626114
 0 0.626147
 0 0.626155
 0 0.626155
 0 0.626155
 0 0.626171
 0 0.626171
 0 0.626276
 0 0.626276
 0 0.626289
 0 0.626289
 0 0.62632
 0 0.62632
 0 0.62632
 0 0.626346
 0 0.626357
 0 0.626357
 0 0.626359
 0 0.626385
 0 0.626413
 0 0.626413
 0 0.626413
 0 0.626413
 0 0.62642
 0 0.62642
 0 0.626438
 0 0.626438
 0 0.626447
 0 0.626451
 0 0.626493
 0 0.626537
 0 0.626537
 0 0.626537
 0 0.62654
 0 0.62657
 0 0.626601
 0 0.626602
 0 0.626702
 0 0.626702
 0 0.626704
 0 0.626726
 0 0.626726
 0 0.626864
 0 0.626899
 0 0.626899
 0 0.62694
 0 0.62694
 0 0.626962
 0 0.626968
 0 0.626977
 0 0.627021
 0 0.627021
 0 0.627093
 0 0.627094
 0 0.627094
 0 0.627136
 0 0.627136
 0 0.627136
 0 0.62715
 0 0.62715
 0 0.627152
 0 0.627212
 0 0.627219
 0 0.62722
 0 0.627223
 0 0.627223
 0 0.627289
 0 0.627301
 0 0.627311
 0 0.627312
 0 0.627313
 0 0.627326
 0 0.627326
 0 0.627327
 0 0.627327
 0 0.627493
 0 0.62751
 0 0.62751
 0 0.62751
 0 0.627552
 0 0.627552
 0 0.627553
 0 0.627555
 0 0.627555
 0 0.627557
 0 0.627568
 0 0.627568
 0 0.627568
 0 0.627569
 0 0.627659
 0 0.62766
 0 0.627877
 0 0.627924
 0 0.627924
 0 0.627943
 0 0.627944
 0 0.627951
 0 0.627952
 0 0.62796
 0 0.627961
 0 0.628003
 0 0.628003
 0 0.628013
 0 0.628014
 0 0.628014
 0 0.628024
 0 0.628028
 0 0.628072
 0 0.628106
 0 0.628107
 0 0.628107
 0 0.628107
 0 0.628206
 0 0.628206
 0 0.628231
 0 0.628263
 0 0.628293
 0 0.628293
 0 0.628293
 0 0.6283
 0 0.6283
 0 0.628307
 0 0.62832
 0 0.62832
 0 0.62832
 0 0.628393
 0 0.628393
 0 0.628393
 0 0.628413
 0 0.628414
 0 0.62843
 0 0.628431
 0 0.628501
 0 0.628501
 0 0.628501
 0 0.6286
 0 0.6286
 0 0.628627
 0 0.628627
 0 0.62867
 0 0.628682
 0 0.628683
 0 0.628684
 0 0.628705
 0 0.62874
 0 0.62874
 0 0.628753
 0 0.628753
 0 0.628773
 0 0.628773
 0 0.628803
 0 0.628803
 0 0.628803
 0 0.62887
 0 0.62887
 0 0.628872
 0 0.628872
 0 0.628872
 0 0.628938
 0 0.628975
 0 0.628978
 0 0.62899
 0 0.62899
 0 0.629045
 0 0.629048
 0 0.629048
 0 0.629051
 0 0.629073
 0 0.629086
 0 0.629154
 0 0.629199
 0 0.629199
 0 0.629206
 0 0.629215
 0 0.629215
 0 0.62934
 0 0.629354
 0 0.629355
 0 0.629355
 0 0.62948
 0 0.629491
 0 0.629492
 0 0.629493
 0 0.629493
 0 0.629496
 0 0.629521
 0 0.629523
 0 0.629531
 0 0.629531
 0 0.629532
 0 0.629572
 0 0.629572
 0 0.629593
 0 0.629594
 0 0.629594
 0 0.629594
 0 0.629594
 0 0.629672
 0 0.629682
 0 0.629682
 0 0.629683
 0 0.629876
 0 0.629944
 0 0.630019
 0 0.630019
 0 0.63006
 0 0.630061
 0 0.630076
 0 0.630137
 0 0.630137
 0 0.630194
 0 0.630194
 0 0.630194
 0 0.630195
 0 0.630227
 0 0.630227
 0 0.630236
 0 0.63034
 0 0.63034
 0 0.630369
 0 0.630521
 0 0.630629
 0 0.630629
 0 0.63063
 0 0.630727
 0 0.630742
 0 0.630742
 0 0.630759
 0 0.630761
 0 0.630813
 0 0.630813
 0 0.630896
 0 0.630896
 0 0.630896
 0 0.630896
 0 0.630896
 0 0.630897
 0 0.630899
 0 0.630979
 0 0.63098
 0 0.63098
 0 0.631007
 0 0.631009
 0 0.631154
 0 0.631154
 0 0.631154
 0 0.631154
 0 0.631155
 0 0.631156
 0 0.631156
 0 0.631156
 0 0.631157
 0 0.631157
 0 0.631159
 0 0.631159
 0 0.631159
 0 0.631184
 0 0.631269
 0 0.631269
 0 0.631269
 0 0.631269
 0 0.631324
 0 0.631399
 0 0.631399
 0 0.631419
 0 0.631459
 0 0.63147
 0 0.631472
 0 0.631472
 0 0.631472
 0 0.631475
 0 0.631475
 0 0.631476
 0 0.631476
 0 0.63148
 0 0.631481
 0 0.631481
 0 0.631482
 0 0.631482
 0 0.63149
 0 0.631491
 0 0.631496
 0 0.631497
 0 0.631498
 0 0.631498
 0 0.631542
 0 0.631543
 0 0.631662
 0 0.631668
 0 0.631668
 0 0.631742
 0 0.631756
 0 0.631756
 0 0.631767
 0 0.631792
 0 0.631793
 0 0.631806
 0 0.631826
 0 0.631826
 0 0.631837
 0 0.631847
 0 0.631863
 0 0.631865
 0 0.631913
 0 0.631913
 0 0.631945
 0 0.631972
 0 0.63201
 0 0.632019
 0 0.632021
 0 0.632021
 0 0.632119
 0 0.632131
 0 0.632131
 0 0.632143
 0 0.632149
 0 0.632151
 0 0.632168
 0 0.632168
 0 0.632174
 0 0.632175
 0 0.632175
 0 0.632184
 0 0.632206
 0 0.632233
 0 0.632296
 0 0.632296
 0 0.632313
 0 0.632314
 0 0.632314
 0 0.632334
 0 0.632334
 0 0.632338
 0 0.632338
 0 0.63234
 0 0.632365
 0 0.632369
 0 0.63237
 0 0.632381
 0 0.632381
 0 0.632381
 0 0.632403
 0 0.632419
 0 0.63242
 0 0.632428
 0 0.632428
 0 0.63243
 0 0.632434
 0 0.632491
 0 0.632492
 0 0.632495
 0 0.632521
 0 0.632521
 0 0.632545
 0 0.632547
 0 0.632572
 0 0.632573
 0 0.632573
 0 0.632573
 0 0.632573
 0 0.632589
 0 0.63263
 0 0.632634
 0 0.632641
 0 0.632641
 0 0.632681
 0 0.632681
 0 0.632681
 0 0.632685
 0 0.632685
 0 0.632688
 0 0.632688
 0 0.632693
 0 0.632693
 0 0.632701
 0 0.632703
 0 0.632703
 0 0.632704
 0 0.632704
 0 0.632704
 0 0.632733
 0 0.632741
 0 0.632741
 0 0.632741
 0 0.632742
 0 0.632764
 0 0.632781
 0 0.632825
 0 0.632827
 0 0.632838
 0 0.632839
 0 0.632888
 0 0.63289
 0 0.632927
 0 0.632927
 0 0.632927
 0 0.632949
 0 0.632949
 0 0.63295
 0 0.632956
 0 0.632969
 0 0.632984
 0 0.632995
 0 0.632997
 0 0.632997
 0 0.632998
 0 0.632999
 0 0.633018
 0 0.633032
 0 0.633047
 0 0.633048
 0 0.633066
 0 0.633067
 0 0.633067
 0 0.633068
 0 0.633072
 0 0.633072
 0 0.633082
 0 0.633096
 0 0.633097
 0 0.633134
 0 0.633134
 0 0.633139
 0 0.63314
 0 0.633171
 0 0.633171
 0 0.633177
 0 0.633189
 0 0.63319
 0 0.633202
 0 0.633204
 0 0.633244
 0 0.633244
 0 0.633263
 0 0.633263
 0 0.633265
 0 0.633271
 0 0.633271
 0 0.633271
 0 0.633271
 0 0.633281
 0 0.633296
 0 0.633299
 0 0.633299
 0 0.633299
 0 0.633323
 0 0.633324
 0 0.633324
 0 0.633348
 0 0.633351
 0 0.633351
 0 0.633351
 0 0.633382
 0 0.633383
 0 0.633408
 0 0.633443
 0 0.633465
 0 0.633471
 0 0.633472
 0 0.633486
 0 0.633486
 0 0.633487
 0 0.633488
 0 0.633492
 0 0.633492
 0 0.633512
 0 0.633512
 0 0.633513
 0 0.633514
 0 0.633514
 0 0.633514
 0 0.633535
 0 0.633535
 0 0.633535
 0 0.633537
 0 0.63354
 0 0.633541
 0 0.633553
 0 0.633554
 0 0.63357
 0 0.63357
 0 0.633571
 0 0.633584
 0 0.633639
 0 0.633654
 0 0.633654
 0 0.633676
 0 0.633677
 0 0.633677
 0 0.633679
 0 0.63368
 0 0.63368
 0 0.63368
 0 0.633683
 0 0.633683
 0 0.633684
 0 0.633689
 0 0.633689
 0 0.633689
 0 0.63369
 0 0.633696
 0 0.633727
 0 0.633727
 0 0.633735
 0 0.633735
 0 0.633736
 0 0.633736
 0 0.633736
 0 0.633736
 0 0.633741
 0 0.633818
 0 0.633879
 0 0.633881
 0 0.633883
 0 0.6339
 0 0.634064
 0 0.63408
 0 0.634084
 0 0.634084
 0 0.634084
 0 0.634093
 0 0.634096
 0 0.634139
 0 0.63414
 0 0.634141
 0 0.634152
 0 0.634162
 0 0.634162
 0 0.634188
 0 0.634188
 0 0.634263
 0 0.634264
 0 0.634269
 0 0.634269
 0 0.634386
 0 0.634393
 0 0.634418
 0 0.634418
 0 0.634433
 0 0.634434
 0 0.634435
 0 0.634456
 0 0.634456
 0 0.634465
 0 0.634474
 0 0.634475
 0 0.634507
 0 0.634508
 0 0.634569
 0 0.634571
 0 0.634591
 0 0.634634
 0 0.634636
 0 0.634642
 0 0.634643
 0 0.634644
 0 0.634669
 0 0.634672
 0 0.634705
 0 0.634707
 0 0.634729
 0 0.634755
 0 0.634756
 0 0.634757
 0 0.634776
 0 0.634804
 0 0.634808
 0 0.634808
 0 0.634808
 0 0.63483
 0 0.634831
 0 0.634831
 0 0.634865
 0 0.634865
 0 0.634872
 0 0.634872
 0 0.634872
 0 0.634875
 0 0.634875
 0 0.634875
 0 0.634899
 0 0.634899
 0 0.634899
 0 0.6349
 0 0.6349
 0 0.6349
 0 0.634925
 0 0.634925
 0 0.634925
 0 0.634926
 0 0.634926
 0 0.634927
 0 0.634928
 0 0.634929
 0 0.634938
 0 0.634939
 0 0.634985
 0 0.635022
 0 0.635022
 0 0.635023
 0 0.635117
 0 0.635123
 0 0.635123
 0 0.635123
 0 0.635134
 0 0.635147
 0 0.635147
 0 0.635157
 0 0.635158
 0 0.635158
 0 0.635159
 0 0.635164
 0 0.635165
 0 0.635173
 0 0.635191
 0 0.635208
 0 0.635217
 0 0.635217
 0 0.635236
 0 0.635255
 0 0.635256
 0 0.635256
 0 0.635264
 0 0.635265
 0 0.635292
 0 0.635292
 0 0.635303
 0 0.635303
 0 0.635311
 0 0.635317
 0 0.635319
 0 0.635319
 0 0.635331
 0 0.635331
 0 0.635333
 0 0.635351
 0 0.635351
 0 0.635359
 0 0.63536
 0 0.63536
 0 0.63536
 0 0.63536
 0 0.635366
 0 0.63538
 0 0.63538
 0 0.635382
 0 0.635394
 0 0.635394
 0 0.635475
 0 0.635504
 0 0.635505
 0 0.635506
 0 0.635535
 0 0.635538
 0 0.635539
 0 0.635545
 0 0.635546
 0 0.635579
 0 0.635579
 0 0.635628
 0 0.635628
 0 0.635645
 0 0.635671
 0 0.635695
 0 0.635696
 0 0.635709
 0 0.635709
 0 0.635709
 0 0.635709
 0 0.635709
 0 0.63571
 0 0.635719
 0 0.635719
 0 0.635721
 0 0.635721
 0 0.635726
 0 0.635731
 0 0.635743
 0 0.635778
 0 0.635778
 0 0.635778
 0 0.635778
 0 0.635778
 0 0.635806
 0 0.635806
 0 0.635807
 0 0.635807
 0 0.635807
 0 0.635812
 0 0.635813
 0 0.635818
 0 0.635819
 0 0.63585
 0 0.635852
 0 0.635852
 0 0.635852
 0 0.635854
 0 0.635854
 0 0.635865
 0 0.635866
 0 0.635866
 0 0.635866
 0 0.635869
 0 0.635894
 0 0.635894
 0 0.635895
 0 0.635895
 0 0.635895
 0 0.635895
 0 0.6359
 0 0.6359
 0 0.6359
 0 0.635901
 0 0.635904
 0 0.635922
 0 0.635938
 0 0.635938
 0 0.63596
 0 0.63596
 0 0.63596
 0 0.635981
 0 0.635991
 0 0.635991
 0 0.635991
 0 0.636002
 0 0.636002
 0 0.636002
 0 0.636002
 0 0.636021
 0 0.636022
 0 0.636022
 0 0.636027
 0 0.636042
 0 0.636042
 0 0.636047
 0 0.636055
 0 0.636064
 0 0.636077
 0 0.636088
 0 0.636088
 0 0.636089
 0 0.63609
 0 0.636092
 0 0.636092
 0 0.636108
 0 0.636108
 0 0.636152
 0 0.636153
 0 0.636171
 0 0.636173
 0 0.636177
 0 0.636193
 0 0.636193
 0 0.636193
 0 0.636194
 0 0.636205
 0 0.636205
 0 0.63622
 0 0.63622
 0 0.63622
 0 0.636259
 0 0.636282
 0 0.636282
 0 0.636322
 0 0.636322
 0 0.636322
 0 0.636323
 0 0.636327
 0 0.636327
 0 0.636328
 0 0.636328
 0 0.636329
 0 0.636343
 0 0.636344
 0 0.636344
 0 0.636413
 0 0.636414
 0 0.636414
 0 0.636435
 0 0.636436
 0 0.636436
 0 0.636441
 0 0.636444
 0 0.636445
 0 0.636492
 0 0.636494
 0 0.636496
 0 0.636513
 0 0.636514
 0 0.636514
 0 0.63652
 0 0.63652
 0 0.636536
 0 0.636537
 0 0.636545
 0 0.636545
 0 0.63656
 0 0.63656
 0 0.636576
 0 0.636581
 0 0.636582
 0 0.636582
 0 0.636624
 0 0.636624
 0 0.636624
 0 0.636624
 0 0.636624
 0 0.636625
 0 0.636627
 0 0.636633
 0 0.636642
 0 0.636643
 0 0.636643
 0 0.636644
 0 0.636644
 0 0.636644
 0 0.63665
 0 0.636685
 0 0.636693
 0 0.636693
 0 0.636705
 0 0.636706
 0 0.636717
 0 0.636719
 0 0.636735
 0 0.636736
 0 0.636736
 0 0.636778
 0 0.636778
 0 0.636778
 0 0.636813
 0 0.636827
 0 0.636827
 0 0.636827
 0 0.636844
 0 0.636844
 0 0.636861
 0 0.636876
 0 0.636876
 0 0.636967
 0 0.636968
 0 0.636982
 0 0.636982
 0 0.636982
 0 0.636987
 0 0.636991
 0 0.636991
 0 0.636998
 0 0.637001
 0 0.637012
 0 0.637025
 0 0.637047
 0 0.637051
 0 0.637051
 0 0.637051
 0 0.637066
 0 0.637066
 0 0.637066
 0 0.637067
 0 0.637067
 0 0.637067
 0 0.637067
 0 0.637086
 0 0.637086
 0 0.637112
 0 0.637117
 0 0.637159
 0 0.637182
 0 0.637195
 0 0.637205
 0 0.637223
 0 0.637227
 0 0.637227
 0 0.637227
 0 0.637227
 0 0.637248
 0 0.637257
 0 0.637257
 0 0.637257
 0 0.637257
 0 0.637258
 0 0.637258
 0 0.63729
 0 0.637295
 0 0.637298
 0 0.637301
 0 0.637302
 0 0.637305
 0 0.637311
 0 0.637315
 0 0.637316
 0 0.637317
 0 0.637317
 0 0.637318
 0 0.637318
 0 0.637334
 0 0.637335
 0 0.637345
 0 0.637369
 0 0.637418
 0 0.637421
 0 0.637422
 0 0.637439
 0 0.637443
 0 0.637443
 0 0.637472
 0 0.63749
 0 0.637496
 0 0.637498
 0 0.637498
 0 0.637499
 0 0.637501
 0 0.637502
 0 0.637502
 0 0.637503
 0 0.637503
 0 0.637503
 0 0.63751
 0 0.63751
 0 0.637523
 0 0.637523
 0 0.637537
 0 0.637537
 0 0.63754
 0 0.637541
 0 0.637553
 0 0.637569
 0 0.637601
 0 0.637602
 0 0.637603
 0 0.637604
 0 0.637604
 0 0.637627
 0 0.637628
 0 0.637629
 0 0.637631
 0 0.637632
 0 0.637632
 0 0.637632
 0 0.637659
 0 0.637662
 0 0.637669
 0 0.637669
 0 0.637675
 0 0.637678
 0 0.637678
 0 0.637683
 0 0.637684
 0 0.637684
 0 0.637684
 0 0.637719
 0 0.637726
 0 0.637728
 0 0.637728
 0 0.637728
 0 0.63774
 0 0.63774
 0 0.637741
 0 0.637772
 0 0.637772
 0 0.637773
 0 0.637781
 0 0.637781
 0 0.637801
 0 0.637841
 0 0.637848
 0 0.63789
 0 0.63789
 0 0.637907
 0 0.637907
 0 0.637907
 0 0.637915
 0 0.637937
 0 0.637937
 0 0.637937
 0 0.637937
 0 0.637938
 0 0.637938
 0 0.637951
 0 0.638007
 0 0.638011
 0 0.638011
 0 0.638024
 0 0.638024
 0 0.638035
 0 0.638045
 0 0.638047
 0 0.638048
 0 0.638054
 0 0.638055
 0 0.638095
 0 0.638095
 0 0.638098
 0 0.638098
 0 0.638111
 0 0.638123
 0 0.638123
 0 0.638133
 0 0.638147
 0 0.638147
 0 0.638149
 0 0.638149
 0 0.638163
 0 0.638165
 0 0.63817
 0 0.63817
 0 0.638175
 0 0.638175
 0 0.638176
 0 0.638176
 0 0.638176
 0 0.638176
 0 0.638194
 0 0.638194
 0 0.638194
 0 0.638194
 0 0.63822
 0 0.63822
 0 0.638229
 0 0.63823
 0 0.63823
 0 0.638242
 0 0.638282
 0 0.638311
 0 0.638311
 0 0.638314
 0 0.638314
 0 0.638319
 0 0.638327
 0 0.638356
 0 0.638374
 0 0.638375
 0 0.638375
 0 0.638393
 0 0.638393
 0 0.638414
 0 0.638415
 0 0.638415
 0 0.638416
 0 0.638431
 0 0.638457
 0 0.638462
 0 0.638462
 0 0.638463
 0 0.638463
 0 0.638464
 0 0.638464
 0 0.638466
 0 0.638466
 0 0.638477
 0 0.638477
 0 0.638499
 0 0.638556
 0 0.638556
 0 0.638557
 0 0.638572
 0 0.638572
 0 0.638572
 0 0.638572
 0 0.638584
 0 0.638599
 0 0.638599
 0 0.6386
 0 0.638606
 0 0.638607
 0 0.638608
 0 0.638658
 0 0.638658
 0 0.638683
 0 0.638684
 0 0.638707
 0 0.638722
 0 0.638722
 0 0.638722
 0 0.638722
 0 0.638727
 0 0.638728
 0 0.63875
 0 0.63875
 0 0.638751
 0 0.638757
 0 0.638757
 0 0.638816
 0 0.638816
 0 0.638842
 0 0.638883
 0 0.638886
 0 0.63889
 0 0.63889
 0 0.638919
 0 0.638919
 0 0.63892
 0 0.63892
 0 0.638944
 0 0.638944
 0 0.63896
 0 0.639001
 0 0.639045
 0 0.639045
 0 0.639051
 0 0.639052
 0 0.639098
 0 0.63911
 0 0.639133
 0 0.639133
 0 0.63915
 0 0.639166
 0 0.639168
 0 0.639169
 0 0.639184
 0 0.639214
 0 0.639216
 0 0.639222
 0 0.639223
 0 0.639224
 0 0.639234
 0 0.639242
 0 0.639243
 0 0.639243
 0 0.639283
 0 0.63929
 0 0.639297
 0 0.639297
 0 0.639297
 0 0.639298
 0 0.639298
 0 0.639299
 0 0.639343
 0 0.639347
 0 0.639357
 0 0.639359
 0 0.639417
 0 0.639417
 0 0.639453
 0 0.639454
 0 0.639478
 0 0.639479
 0 0.639479
 0 0.63951
 0 0.63951
 0 0.639546
 0 0.639546
 0 0.639551
 0 0.63962
 0 0.639635
 0 0.639638
 0 0.639638
 0 0.639638
 0 0.639638
 0 0.639639
 0 0.639645
 0 0.639665
 0 0.639701
 0 0.639707
 0 0.639707
 0 0.639708
 0 0.639708
 0 0.63973
 0 0.63973
 0 0.639739
 0 0.63984
 0 0.639864
 0 0.639864
 0 0.639871
 0 0.639871
 0 0.639901
 0 0.639935
 0 0.639986
 0 0.64
 0 0.640016
 0 0.640019
 0 0.64002
 0 0.640028
 0 0.640058
 0 0.640059
 0 0.6401
 0 0.640136
 0 0.64016
 0 0.64016
 0 0.640164
 0 0.640164
 0 0.640165
 0 0.640167
 0 0.640168
 0 0.640168
 0 0.640178
 0 0.640191
 0 0.640191
 0 0.640196
 0 0.640196
 0 0.640196
 0 0.640196
 0 0.640197
 0 0.640201
 0 0.640202
 0 0.640216
 0 0.640216
 0 0.640216
 0 0.640217
 0 0.640226
 0 0.640226
 0 0.640227
 0 0.640252
 0 0.640272
 0 0.640273
 0 0.640289
 0 0.640291
 0 0.640302
 0 0.640306
 0 0.640306
 0 0.64032
 0 0.640321
 0 0.640332
 0 0.640332
 0 0.64034
 0 0.640408
 0 0.640408
 0 0.640429
 0 0.640429
 0 0.640442
 0 0.640478
 0 0.640486
 0 0.640529
 0 0.640544
 0 0.640544
 0 0.640551
 0 0.640551
 0 0.640633
 0 0.640633
 0 0.640635
 0 0.640639
 0 0.64067
 0 0.640688
 0 0.640703
 0 0.640704
 0 0.640704
 0 0.640862
 0 0.640862
 0 0.640862
 0 0.640863
 0 0.640863
 0 0.640863
 0 0.640863
 0 0.640864
 0 0.640864
 0 0.640864
 0 0.640864
 0 0.640864
 0 0.640865
 0 0.640869
 0 0.64087
 0 0.64087
 0 0.64087
 0 0.640875
 0 0.640875
 0 0.640889
 0 0.640889
 0 0.640927
 0 0.640995
 0 0.640995
 0 0.641126
 0 0.641127
 0 0.641128
 0 0.64123
 0 0.641243
 0 0.641269
 0 0.641302
 0 0.641302
 0 0.641302
 0 0.64135
 0 0.64135
 0 0.64135
 0 0.64135
 0 0.64135
 0 0.64145
 0 0.641497
 0 0.641497
 0 0.641497
 0 0.641497
 0 0.641513
 0 0.641521
 0 0.641579
 0 0.64158
 0 0.641679
 0 0.64168
 0 0.641752
 0 0.641752
 0 0.641758
 0 0.641848
 0 0.641848
 0 0.641876
 0 0.641913
 0 0.641913
 0 0.641959
 0 0.641966
 0 0.641986
 0 0.642236
 0 0.642281
 0 0.642281
 0 0.642281
 0 0.642369
 0 0.642369
 0 0.642369
 0 0.642485
 0 0.642485
 0 0.642485
 0 0.642489
 0 0.642489
 0 0.642491
 0 0.642491
 0 0.642539
 0 0.642539
 0 0.642539
 0 0.642549
 0 0.642549
 0 0.642574
 0 0.642574
 0 0.642576
 0 0.642655
 0 0.642655
 0 0.642662
 0 0.642798
 0 0.642808
 0 0.642808
 0 0.64282
 0 0.64282
 0 0.642834
 0 0.642834
 0 0.642834
 0 0.642956
 0 0.643051
 0 0.643051
 0 0.643051
 0 0.643113
 0 0.643113
 0 0.643113
 0 0.643268
 0 0.643268
 0 0.643268
 0 0.643268
 0 0.643279
 0 0.64328
 0 0.643333
 0 0.643334
 0 0.643358
 0 0.643368
 0 0.643369
 0 0.643405
 0 0.643509
 0 0.64351
 0 0.643562
 0 0.643562
 0 0.643563
 0 0.643563
 0 0.6437
 0 0.6437
 0 0.643725
 0 0.643725
 0 0.643735
 0 0.643833
 0 0.643833
 0 0.643985
 0 0.64405
 0 0.644079
 0 0.644079
 0 0.644079
 0 0.644085
 0 0.644086
 0 0.644109
 0 0.644109
 0 0.644111
 0 0.644149
 0 0.644149
 0 0.644162
 0 0.644189
 0 0.644281
 0 0.644287
 0 0.644348
 0 0.644356
 0 0.644356
 0 0.644441
 0 0.644482
 0 0.644482
 0 0.644482
 0 0.644493
 0 0.644542
 0 0.644568
 0 0.644613
 0 0.644613
 0 0.644685
 0 0.644702
 0 0.644714
 0 0.644787
 0 0.64479
 0 0.644799
 0 0.644838
 0 0.644839
 0 0.645001
 0 0.645002
 0 0.645068
 0 0.64507
 0 0.64508
 0 0.645137
 0 0.645137
 0 0.645195
 0 0.645195
 0 0.645237
 0 0.645263
 0 0.645263
 0 0.645322
 0 0.645386
 0 0.645516
 0 0.645692
 0 0.645692
 0 0.645868
 0 0.645869
 0 0.645869
 0 0.64587
 0 0.645949
 0 0.645949
 0 0.645949
 0 0.645966
 0 0.645966
 0 0.64622
 0 0.646228
 0 0.646228
 0 0.646271
 0 0.646382
 0 0.646512
 0 0.646513
 0 0.646514
 0 0.646599
 0 0.646599
 0 0.646623
 0 0.646849
 0 0.646849
 0 0.646887
 0 0.646994
 0 0.647026
 0 0.647026
 0 0.64723
 0 0.64723
 0 0.64723
 0 0.647325
 0 0.647325
 0 0.647436
 0 0.647436
 0 0.647514
 0 0.647515
 0 0.647809
 0 0.647809
 0 0.647909
 0 0.647924
 0 0.647924
 0 0.647925
 0 0.648401
 0 0.649102
 0 0.649103
 0 0.649103
 0 0.649478
 0 0.649478
 0 0.649708
 0 inf
