 0 0.492962
 0 0.49336
 0 0.493361
 0 0.493365
 0 0.493366
 0 0.494275
 0 0.496814
 0 0.496814
 0 0.496814
 0 0.497253
 0 0.497439
 0 0.497439
 0 0.621726
 0 0.621902
 0 0.622129
 0 0.622129
 0 0.622325
 0 0.622588
 0 0.622588
 0 0.622647
 0 0.622647
 0 0.622647
 0 0.622726
 0 0.622727
 0 0.622728
 0 0.622728
 0 0.622728
 0 0.622754
 0 0.622804
 0 0.622804
 0 0.622843
 0 0.622843
 0 0.622994
 0 0.623103
 0 0.623222
 0 0.623223
 0 0.623647
 0 0.623661
 0 0.623661
 0 0.623763
 0 0.623764
 0 0.623924
 0 0.624096
 0 0.624124
 0 0.624382
 0 0.624682
 0 0.624715
 0 0.624716
 0 0.624716
 0 0.624896
 0 0.624897
 0 0.624987
 0 0.624987
 0 0.624991
 0 0.625089
 0 0.62509
 0 0.62515
 0 0.625152
 0 0.625249
 0 0.625449
 0 0.625552
 0 0.62557
 0 0.625615
 0 0.625615
 0 0.625616
 0 0.625671
 0 0.625742
 0 0.62575
 0 0.62575
 0 0.625798
 0 0.625799
 0 0.6258
 0 0.6258
 0 0.625801
 0 0.625895
 0 0.625896
 0 0.625918
 0 0.625918
 0 0.626
 0 0.626
 0 0.626001
 0 0.626041
 0 0.626041
 0 0.626042
 0 0.626147
 0 0.626147
 0 0.626227
 0 0.626267
 0 0.626267
 0 0.62628
 0 0.626282
 0 0.626288
 0 0.626289
 0 0.626296
 0 0.626369
 0 0.62637
 0 0.62637
 0 0.62637
 0 0.62637
 0 0.626435
 0 0.626435
 0 0.626435
 0 0.626435
 0 0.62645
 0 0.62645
 0 0.626576
 0 0.626599
 0 0.6266
 0 0.626662
 0 0.626843
 0 0.626889
 0 0.626891
 0 0.626891
 0 0.626921
 0 0.626921
 0 0.626975
 0 0.627025
 0 0.627026
 0 0.627126
 0 0.627126
 0 0.627126
 0 0.627163
 0 0.627163
 0 0.627164
 0 0.627164
 0 0.627182
 0 0.627275
 0 0.627361
 0 0.627407
 0 0.627408
 0 0.627408
 0 0.627409
 0 0.627409
 0 0.627427
 0 0.627444
 0 0.627444
 0 0.627506
 0 0.627506
 0 0.627513
 0 0.627514
 0 0.627548
 0 0.627549
 0 0.627549
 0 0.627549
 0 0.627549
 0 0.627549
 0 0.627549
 0 0.627611
 0 0.627624
 0 0.627624
 0 0.627626
 0 0.627663
 0 0.627664
 0 0.627664
 0 0.627671
 0 0.627689
 0 0.627689
 0 0.627726
 0 0.62774
 0 0.62774
 0 0.627759
 0 0.627762
 0 0.627762
 0 0.627763
 0 0.627763
 0 0.62777
 0 0.627794
 0 0.627823
 0 0.627823
 0 0.627832
 0 0.627855
 0 0.627855
 0 0.627857
 0 0.627889
 0 0.627889
 0 0.627889
 0 0.62789
 0 0.627932
 0 0.627933
 0 0.627946
 0 0.627946
 0 0.627959
 0 0.627964
 0 0.628011
 0 0.628073
 0 0.628073
 0 0.628094
 0 0.628104
 0 0.628223
 0 0.628252
 0 0.628268
 0 0.628269
 0 0.62827
 0 0.628297
 0 0.628298
 0 0.628306
 0 0.628306
 0 0.628307
 0 0.628379
 0 0.628411
 0 0.628412
 0 0.628419
 0 0.628459
 0 0.62846
 0 0.628472
 0 0.628472
 0 0.628495
 0 0.62852
 0 0.628538
 0 0.628539
 0 0.628539
 0 0.628617
 0 0.628617
 0 0.628618
 0 0.628618
 0 0.628628
 0 0.62863
 0 0.62865
 0 0.628652
 0 0.628652
 0 0.628663
 0 0.628663
 0 0.628746
 0 0.628757
 0 0.628757
 0 0.628758
 0 0.628803
 0 0.628823
 0 0.628827
 0 0.628829
 0 0.628842
 0 0.628843
 0 0.62887
 0 0.628908
 0 0.628909
 0 0.629003
 0 0.629003
 0 0.62901
 0 0.62901
 0 0.629041
 0 0.629069
 0 0.62907
 0 0.62907
 0 0.629131
 0 0.629141
 0 0.629141
 0 0.629147
 0 0.629147
 0 0.629175
 0 0.629175
 0 0.629175
 0 0.629185
 0 0.629226
 0 0.629228
 0 0.629229
 0 0.629258
 0 0.629258
 0 0.629278
 0 0.629278
 0 0.629289
 0 0.629306
 0 0.629311
 0 0.629313
 0 0.629313
 0 0.62932
 0 0.629321
 0 0.629322
 0 0.629324
 0 0.629325
 0 0.629326
 0 0.629372
 0 0.629372
 0 0.629373
 0 0.629384
 0 0.629386
 0 0.629406
 0 0.629407
 0 0.629407
 0 0.629452
 0 0.629452
 0 0.629461
 0 0.629529
 0 0.629543
 0 0.629551
 0 0.629553
 0 0.629572
 0 0.629573
 0 0.629573
 0 0.629608
 0 0.629608
 0 0.629668
 0 0.629668
 0 0.629682
 0 0.629683
 0 0.629715
 0 0.629716
 0 0.629752
 0 0.629752
 0 0.629753
 0 0.629753
 0 0.629765
 0 0.629771
 0 0.62981
 0 0.62981
 0 0.629811
 0 0.629811
 0 0.629811
 0 0.629811
 0 0.629812
 0 0.629827
 0 0.629827
 0 0.629868
 0 0.629878
 0 0.629889
 0 0.629889
 0 0.62989
 0 0.62989
 0 0.629929
 0 0.629938
 0 0.629938
 0 0.62995
 0 0.629955
 0 0.629955
 0 0.630036
 0 0.630048
 0 0.630048
 0 0.630048
 0 0.630049
 0 0.630075
 0 0.630075
 0 0.630088
 0 0.630088
 0 0.630088
 0 0.630088
 0 0.630089
 0 0.630097
 0 0.630121
 0 0.630121
 0 0.630122
 0 0.630122
 0 0.630154
 0 0.630154
 0 0.630155
 0 0.630172
 0 0.63019
 0 0.63019
 0 0.630202
 0 0.630221
 0 0.630221
 0 0.63027
 0 0.63027
 0 0.63027
 0 0.630271
 0 0.630417
 0 0.630417
 0 0.63042
 0 0.63049
 0 0.630525
 0 0.630526
 0 0.630526
 0 0.630565
 0 0.630565
 0 0.630566
 0 0.630566
 0 0.630573
 0 0.630573
 0 0.630601
 0 0.630631
 0 0.630631
 0 0.630724
 0 0.630748
 0 0.630748
 0 0.630785
 0 0.630785
 0 0.630785
 0 0.63084
 0 0.630906
 0 0.630914
 0 0.63094
 0 0.630946
 0 0.630972
 0 0.631018
 0 0.631018
 0 0.631018
 0 0.63102
 0 0.631037
 0 0.631059
 0 0.631059
 0 0.631059
 0 0.631059
 0 0.631115
 0 0.631143
 0 0.631145
 0 0.631148
 0 0.631261
 0 0.631261
 0 0.631348
 0 0.631348
 0 0.631348
 0 0.631382
 0 0.631402
 0 0.631403
 0 0.631419
 0 0.631441
 0 0.631477
 0 0.631495
 0 0.631501
 0 0.63151
 0 0.63151
 0 0.631623
 0 0.631623
 0 0.631623
 0 0.631623
 0 0.631623
 0 0.631653
 0 0.631751
 0 0.631751
 0 0.631752
 0 0.631764
 0 0.631774
 0 0.631778
 0 0.631778
 0 0.63181
 0 0.63181
 0 0.631811
 0 0.631812
 0 0.631814
 0 0.631815
 0 0.631826
 0 0.631831
 0 0.631838
 0 0.63184
 0 0.63184
 0 0.63184
 0 0.631843
 0 0.631861
 0 0.631862
 0 0.631875
 0 0.631875
 0 0.631875
 0 0.631875
 0 0.63191
 0 0.63191
 0 0.63192
 0 0.63192
 0 0.631968
 0 0.631969
 0 0.632034
 0 0.632034
 0 0.632034
 0 0.632041
 0 0.632103
 0 0.632128
 0 0.632129
 0 0.632129
 0 0.632154
 0 0.632155
 0 0.632155
 0 0.632156
 0 0.632162
 0 0.632171
 0 0.632188
 0 0.632245
 0 0.632251
 0 0.632251
 0 0.632253
 0 0.632254
 0 0.632254
 0 0.632257
 0 0.632273
 0 0.632273
 0 0.632274
 0 0.632274
 0 0.632274
 0 0.63229
 0 0.632306
 0 0.632325
 0 0.632325
 0 0.632349
 0 0.63235
 0 0.632363
 0 0.632374
 0 0.63238
 0 0.63238
 0 0.63238
 0 0.632388
 0 0.63241
 0 0.632411
 0 0.632411
 0 0.632412
 0 0.632432
 0 0.632449
 0 0.632463
 0 0.63247
 0 0.632475
 0 0.63248
 0 0.632489
 0 0.632535
 0 0.632541
 0 0.632542
 0 0.632559
 0 0.632583
 0 0.632589
 0 0.632589
 0 0.632589
 0 0.632619
 0 0.632652
 0 0.632654
 0 0.63267
 0 0.632671
 0 0.63271
 0 0.63271
 0 0.632741
 0 0.632742
 0 0.632742
 0 0.632742
 0 0.632754
 0 0.632757
 0 0.632758
 0 0.632775
 0 0.632805
 0 0.632806
 0 0.632807
 0 0.632807
 0 0.632815
 0 0.632816
 0 0.632817
 0 0.632817
 0 0.632817
 0 0.632821
 0 0.632872
 0 0.632894
 0 0.632901
 0 0.632901
 0 0.632938
 0 0.632938
 0 0.632968
 0 0.632968
 0 0.632983
 0 0.632983
 0 0.632988
 0 0.632997
 0 0.633014
 0 0.633069
 0 0.63307
 0 0.633071
 0 0.633086
 0 0.633086
 0 0.633086
 0 0.633122
 0 0.633124
 0 0.633134
 0 0.633134
 0 0.633156
 0 0.633172
 0 0.633174
 0 0.633175
 0 0.633189
 0 0.633193
 0 0.633205
 0 0.633228
 0 0.633228
 0 0.63326
 0 0.63326
 0 0.633265
 0 0.633266
 0 0.633266
 0 0.633281
 0 0.633281
 0 0.633281
 0 0.633303
 0 0.633332
 0 0.633333
 0 0.633343
 0 0.633363
 0 0.63337
 0 0.63337
 0 0.63337
 0 0.633377
 0 0.633386
 0 0.633386
 0 0.633391
 0 0.633391
 0 0.633391
 0 0.633391
 0 0.633422
 0 0.633423
 0 0.633425
 0 0.63345
 0 0.63345
 0 0.63348
 0 0.633481
 0 0.633483
 0 0.633489
 0 0.633519
 0 0.633522
 0 0.633522
 0 0.633522
 0 0.633543
 0 0.633543
 0 0.633559
 0 0.63356
 0 0.633562
 0 0.633564
 0 0.633564
 0 0.633566
 0 0.633594
 0 0.63361
 0 0.63361
 0 0.633637
 0 0.633652
 0 0.633658
 0 0.633674
 0 0.633675
 0 0.633675
 0 0.633682
 0 0.633682
 0 0.633682
 0 0.633689
 0 0.633689
 0 0.633705
 0 0.633711
 0 0.633724
 0 0.633724
 0 0.633725
 0 0.633727
 0 0.633733
 0 0.633742
 0 0.633743
 0 0.633749
 0 0.633771
 0 0.633771
 0 0.633775
 0 0.633799
 0 0.633804
 0 0.633821
 0 0.633821
 0 0.633821
 0 0.633822
 0 0.633858
 0 0.633885
 0 0.633904
 0 0.633904
 0 0.633915
 0 0.633915
 0 0.633916
 0 0.633916
 0 0.633916
 0 0.633916
 0 0.633916
 0 0.633923
 0 0.633923
 0 0.633927
 0 0.633931
 0 0.633931
 0 0.633931
 0 0.633931
 0 0.63394
 0 0.63394
 0 0.63394
 0 0.63394
 0 0.63394
 0 0.633957
 0 0.633957
 0 0.633961
 0 0.633968
 0 0.63397
 0 0.63397
 0 0.63397
 0 0.633976
 0 0.633982
 0 0.633982
 0 0.633991
 0 0.633992
 0 0.633992
 0 0.63402
 0 0.63402
 0 0.63402
 0 0.634021
 0 0.634021
 0 0.634021
 0 0.634032
 0 0.634032
 0 0.634101
 0 0.634101
 0 0.634105
 0 0.634107
 0 0.634155
 0 0.634167
 0 0.634167
 0 0.634168
 0 0.634168
 0 0.634178
 0 0.634178
 0 0.634178
 0 0.634179
 0 0.63419
 0 0.63419
 0 0.634197
 0 0.634197
 0 0.634226
 0 0.634227
 0 0.634236
 0 0.634237
 0 0.634238
 0 0.634238
 0 0.634238
 0 0.634253
 0 0.634273
 0 0.634273
 0 0.634295
 0 0.634295
 0 0.634295
 0 0.634307
 0 0.634308
 0 0.634308
 0 0.634313
 0 0.634313
 0 0.634313
 0 0.634315
 0 0.634315
 0 0.634321
 0 0.634344
 0 0.634376
 0 0.634376
 0 0.63438
 0 0.634398
 0 0.634398
 0 0.634404
 0 0.634413
 0 0.634418
 0 0.634418
 0 0.634433
 0 0.634434
 0 0.634436
 0 0.634461
 0 0.634461
 0 0.634461
 0 0.634481
 0 0.634481
 0 0.634481
 0 0.634507
 0 0.634507
 0 0.634518
 0 0.634519
 0 0.634533
 0 0.634534
 0 0.634534
 0 0.63454
 0 0.63454
 0 0.634541
 0 0.63457
 0 0.634575
 0 0.634647
 0 0.634647
 0 0.634651
 0 0.634654
 0 0.634655
 0 0.63467
 0 0.634671
 0 0.634671
 0 0.634719
 0 0.634737
 0 0.634742
 0 0.63476
 0 0.634761
 0 0.634764
 0 0.634782
 0 0.634784
 0 0.634806
 0 0.634806
 0 0.63482
 0 0.63482
 0 0.634831
 0 0.634831
 0 0.634834
 0 0.634877
 0 0.634878
 0 0.634888
 0 0.63489
 0 0.6349
 0 0.634921
 0 0.634981
 0 0.634981
 0 0.634981
 0 0.635029
 0 0.635029
 0 0.635029
 0 0.635035
 0 0.635044
 0 0.635045
 0 0.635045
 0 0.635051
 0 0.635051
 0 0.635055
 0 0.635055
 0 0.635078
 0 0.635081
 0 0.635083
 0 0.635083
 0 0.635083
 0 0.635129
 0 0.635144
 0 0.635145
 0 0.635145
 0 0.635145
 0 0.635153
 0 0.635153
 0 0.635191
 0 0.635191
 0 0.635192
 0 0.635192
 0 0.635192
 0 0.635193
 0 0.635193
 0 0.635193
 0 0.635211
 0 0.635224
 0 0.635227
 0 0.635228
 0 0.635228
 0 0.635228
 0 0.635291
 0 0.635309
 0 0.63531
 0 0.63531
 0 0.635365
 0 0.635367
 0 0.635379
 0 0.635381
 0 0.635382
 0 0.635397
 0 0.635397
 0 0.635397
 0 0.635424
 0 0.635425
 0 0.635427
 0 0.635456
 0 0.635457
 0 0.635457
 0 0.635457
 0 0.635466
 0 0.635497
 0 0.635511
 0 0.635512
 0 0.635609
 0 0.635609
 0 0.635616
 0 0.635616
 0 0.635616
 0 0.635618
 0 0.635618
 0 0.635618
 0 0.635626
 0 0.635626
 0 0.635627
 0 0.635638
 0 0.635638
 0 0.635698
 0 0.635698
 0 0.635726
 0 0.635727
 0 0.635727
 0 0.635728
 0 0.635728
 0 0.635742
 0 0.635743
 0 0.635743
 0 0.635744
 0 0.635745
 0 0.635756
 0 0.635787
 0 0.635787
 0 0.635864
 0 0.635864
 0 0.635866
 0 0.635872
 0 0.635873
 0 0.635874
 0 0.635882
 0 0.635882
 0 0.635897
 0 0.635903
 0 0.635903
 0 0.635903
 0 0.635922
 0 0.635928
 0 0.63593
 0 0.63593
 0 0.635972
 0 0.635989
 0 0.635989
 0 0.635991
 0 0.635996
 0 0.635999
 0 0.636002
 0 0.636017
 0 0.636064
 0 0.636099
 0 0.636109
 0 0.636121
 0 0.636128
 0 0.636153
 0 0.636156
 0 0.636185
 0 0.636185
 0 0.636185
 0 0.636187
 0 0.636193
 0 0.636193
 0 0.636193
 0 0.636198
 0 0.636202
 0 0.636202
 0 0.636215
 0 0.636215
 0 0.636232
 0 0.636243
 0 0.636243
 0 0.636243
 0 0.636243
 0 0.636247
 0 0.636247
 0 0.636247
 0 0.636255
 0 0.636255
 0 0.636262
 0 0.636278
 0 0.636278
 0 0.636284
 0 0.636284
 0 0.636296
 0 0.636297
 0 0.636308
 0 0.636308
 0 0.636308
 0 0.636311
 0 0.636366
 0 0.636374
 0 0.636376
 0 0.636378
 0 0.636379
 0 0.636386
 0 0.636387
 0 0.63639
 0 0.636391
 0 0.6364
 0 0.6364
 0 0.6364
 0 0.636401
 0 0.636402
 0 0.636417
 0 0.636429
 0 0.636438
 0 0.636438
 0 0.636438
 0 0.636439
 0 0.636453
 0 0.636453
 0 0.636454
 0 0.636454
 0 0.636457
 0 0.636457
 0 0.636467
 0 0.636472
 0 0.636483
 0 0.636483
 0 0.636483
 0 0.636529
 0 0.636532
 0 0.636534
 0 0.636534
 0 0.636581
 0 0.636583
 0 0.636583
 0 0.636589
 0 0.636601
 0 0.636601
 0 0.636601
 0 0.636671
 0 0.636683
 0 0.636684
 0 0.636687
 0 0.636688
 0 0.636688
 0 0.636698
 0 0.636698
 0 0.636699
 0 0.636699
 0 0.636699
 0 0.636729
 0 0.636744
 0 0.636751
 0 0.636751
 0 0.636752
 0 0.636752
 0 0.636752
 0 0.636807
 0 0.636844
 0 0.636879
 0 0.636886
 0 0.636926
 0 0.636931
 0 0.636932
 0 0.636932
 0 0.636932
 0 0.636932
 0 0.636933
 0 0.636945
 0 0.636949
 0 0.636949
 0 0.63696
 0 0.63696
 0 0.636966
 0 0.636966
 0 0.636966
 0 0.636966
 0 0.636976
 0 0.637048
 0 0.637057
 0 0.637057
 0 0.63706
 0 0.63706
 0 0.637071
 0 0.637083
 0 0.637112
 0 0.637113
 0 0.637114
 0 0.637144
 0 0.637144
 0 0.637146
 0 0.637148
 0 0.637148
 0 0.637173
 0 0.637177
 0 0.637208
 0 0.637237
 0 0.637237
 0 0.637248
 0 0.637248
 0 0.637251
 0 0.637258
 0 0.637258
 0 0.637273
 0 0.637275
 0 0.637277
 0 0.63729
 0 0.637302
 0 0.637314
 0 0.637314
 0 0.637314
 0 0.637321
 0 0.637322
 0 0.637322
 0 0.637323
 0 0.637343
 0 0.63736
 0 0.637361
 0 0.637393
 0 0.637393
 0 0.637393
 0 0.637395
 0 0.637395
 0 0.637414
 0 0.637415
 0 0.637415
 0 0.637415
 0 0.637423
 0 0.637427
 0 0.63744
 0 0.63744
 0 0.637464
 0 0.637465
 0 0.637473
 0 0.637473
 0 0.637473
 0 0.637473
 0 0.637474
 0 0.6375
 0 0.637515
 0 0.637515
 0 0.637522
 0 0.637522
 0 0.637523
 0 0.637531
 0 0.637548
 0 0.637549
 0 0.637556
 0 0.63756
 0 0.63756
 0 0.63756
 0 0.637575
 0 0.637575
 0 0.637581
 0 0.637585
 0 0.637585
 0 0.637586
 0 0.637587
 0 0.637587
 0 0.637628
 0 0.637633
 0 0.637669
 0 0.637702
 0 0.637702
 0 0.637702
 0 0.637702
 0 0.637702
 0 0.637719
 0 0.637722
 0 0.637722
 0 0.637738
 0 0.637761
 0 0.63779
 0 0.63779
 0 0.637825
 0 0.637855
 0 0.637855
 0 0.637876
 0 0.637876
 0 0.637876
 0 0.637904
 0 0.637915
 0 0.637928
 0 0.637928
 0 0.637929
 0 0.637973
 0 0.637976
 0 0.637976
 0 0.637992
 0 0.638007
 0 0.638008
 0 0.638036
 0 0.638036
 0 0.638045
 0 0.638046
 0 0.63806
 0 0.63806
 0 0.638062
 0 0.638098
 0 0.638113
 0 0.638113
 0 0.638114
 0 0.638149
 0 0.638149
 0 0.638189
 0 0.63819
 0 0.638204
 0 0.638212
 0 0.638212
 0 0.638226
 0 0.638226
 0 0.638226
 0 0.638227
 0 0.638227
 0 0.638231
 0 0.638249
 0 0.638249
 0 0.638252
 0 0.638311
 0 0.638311
 0 0.638311
 0 0.638312
 0 0.638312
 0 0.638312
 0 0.638312
 0 0.638312
 0 0.638312
 0 0.638312
 0 0.638323
 0 0.638324
 0 0.638324
 0 0.638332
 0 0.638333
 0 0.638333
 0 0.638346
 0 0.638346
 0 0.638402
 0 0.638402
 0 0.638423
 0 0.638423
 0 0.638424
 0 0.638439
 0 0.638459
 0 0.63846
 0 0.638471
 0 0.638475
 0 0.638476
 0 0.63849
 0 0.638502
 0 0.638502
 0 0.638502
 0 0.638514
 0 0.638517
 0 0.638518
 0 0.638518
 0 0.638518
 0 0.638537
 0 0.638565
 0 0.638568
 0 0.638583
 0 0.638584
 0 0.638596
 0 0.638601
 0 0.638615
 0 0.638616
 0 0.638641
 0 0.638641
 0 0.638641
 0 0.638651
 0 0.638651
 0 0.638687
 0 0.638687
 0 0.638695
 0 0.63874
 0 0.63874
 0 0.638741
 0 0.638741
 0 0.638742
 0 0.638742
 0 0.638742
 0 0.638743
 0 0.638768
 0 0.638768
 0 0.638831
 0 0.638897
 0 0.638897
 0 0.638919
 0 0.638969
 0 0.639018
 0 0.639041
 0 0.639041
 0 0.639051
 0 0.639076
 0 0.639095
 0 0.639096
 0 0.639128
 0 0.639128
 0 0.639129
 0 0.639139
 0 0.639139
 0 0.639141
 0 0.639175
 0 0.639176
 0 0.639176
 0 0.639176
 0 0.639191
 0 0.63921
 0 0.63925
 0 0.639251
 0 0.639251
 0 0.639285
 0 0.639286
 0 0.639288
 0 0.639355
 0 0.639383
 0 0.639395
 0 0.639395
 0 0.639439
 0 0.63952
 0 0.639521
 0 0.639521
 0 0.639526
 0 0.639531
 0 0.639531
 0 0.639533
 0 0.639533
 0 0.639541
 0 0.639542
 0 0.639542
 0 0.639542
 0 0.639633
 0 0.639633
 0 0.639633
 0 0.639633
 0 0.639633
 0 0.639673
 0 0.639711
 0 0.639711
 0 0.639711
 0 0.63973
 0 0.639745
 0 0.639745
 0 0.639773
 0 0.63978
 0 0.639787
 0 0.639788
 0 0.639792
 0 0.639804
 0 0.639804
 0 0.639843
 0 0.639843
 0 0.639846
 0 0.639846
 0 0.639863
 0 0.63991
 0 0.63991
 0 0.63991
 0 0.639911
 0 0.639911
 0 0.639911
 0 0.639912
 0 0.639912
 0 0.639912
 0 0.639942
 0 0.639967
 0 0.639967
 0 0.640013
 0 0.640033
 0 0.640033
 0 0.640044
 0 0.640045
 0 0.640045
 0 0.640045
 0 0.640045
 0 0.640045
 0 0.640061
 0 0.640061
 0 0.640097
 0 0.640098
 0 0.640098
 0 0.640098
 0 0.640115
 0 0.640115
 0 0.640115
 0 0.640132
 0 0.640167
 0 0.640169
 0 0.640169
 0 0.640169
 0 0.640252
 0 0.640252
 0 0.640265
 0 0.640344
 0 0.640344
 0 0.640344
 0 0.640344
 0 0.640345
 0 0.640363
 0 0.640363
 0 0.640364
 0 0.640436
 0 0.640462
 0 0.640466
 0 0.640466
 0 0.640534
 0 0.640534
 0 0.640534
 0 0.640534
 0 0.640534
 0 0.640633
 0 0.640634
 0 0.640634
 0 0.640635
 0 0.640635
 0 0.640651
 0 0.640726
 0 0.640794
 0 0.640856
 0 0.640857
 0 0.640877
 0 0.640877
 0 0.640888
 0 0.640913
 0 0.640931
 0 0.640931
 0 0.640945
 0 0.640945
 0 0.640945
 0 0.640945
 0 0.640955
 0 0.640956
 0 0.640956
 0 0.640956
 0 0.640956
 0 0.640973
 0 0.640973
 0 0.640973
 0 0.640973
 0 0.641
 0 0.641
 0 0.641001
 0 0.641001
 0 0.641012
 0 0.641046
 0 0.641051
 0 0.641051
 0 0.641051
 0 0.641051
 0 0.641102
 0 0.641126
 0 0.641128
 0 0.64114
 0 0.641155
 0 0.641156
 0 0.641197
 0 0.641197
 0 0.6412
 0 0.641258
 0 0.641259
 0 0.64129
 0 0.641301
 0 0.64133
 0 0.641375
 0 0.641375
 0 0.641384
 0 0.64139
 0 0.64139
 0 0.641405
 0 0.641406
 0 0.641406
 0 0.641412
 0 0.641444
 0 0.641444
 0 0.641445
 0 0.641474
 0 0.641507
 0 0.641507
 0 0.641507
 0 0.641509
 0 0.641509
 0 0.641509
 0 0.641509
 0 0.641509
 0 0.641515
 0 0.641568
 0 0.641578
 0 0.641614
 0 0.641617
 0 0.641618
 0 0.641644
 0 0.641701
 0 0.641701
 0 0.641701
 0 0.641708
 0 0.641708
 0 0.641781
 0 0.641781
 0 0.641782
 0 0.641816
 0 0.641818
 0 0.641818
 0 0.64191
 0 0.64191
 0 0.64191
 0 0.641944
 0 0.641944
 0 0.641945
 0 0.641945
 0 0.641949
 0 0.642009
 0 0.64201
 0 0.64208
 0 0.642082
 0 0.642083
 0 0.642381
 0 0.642422
 0 0.642422
 0 0.642434
 0 0.642434
 0 0.642434
 0 0.642434
 0 0.642539
 0 0.642539
 0 0.642541
 0 0.642567
 0 0.642629
 0 0.64263
 0 0.642748
 0 0.642748
 0 0.6428
 0 0.6428
 0 0.642801
 0 0.642801
 0 0.642816
 0 0.64292
 0 0.64292
 0 0.642921
 0 0.642933
 0 0.643003
 0 0.643004
 0 0.643061
 0 0.643077
 0 0.643077
 0 0.643078
 0 0.643078
 0 0.643079
 0 0.643154
 0 0.643155
 0 0.643155
 0 0.643418
 0 0.643423
 0 0.643488
 0 0.643489
 0 0.643627
 0 0.643627
 0 0.643632
 0 0.643632
 0 0.643771
 0 0.643998
 0 0.643999
 0 0.643999
 0 0.644004
 0 0.644004
 0 0.644004
 0 0.644032
 0 0.644033
 0 0.64425
 0 0.644374
 0 0.644376
 0 0.644376
 0 0.644405
 0 0.644418
 0 0.644473
 0 0.644474
 0 0.64458
 0 0.64461
 0 0.64461
 0 0.644611
 0 0.644741
 0 0.644742
 0 0.644742
 0 0.644982
 0 0.644982
 0 0.645697
 0 0.645802
 0 0.645809
 0 0.645809
 0 0.645865
 0 0.645866
 0 0.645899
 0 0.645927
 0 0.646312
 0 0.646487
 0 0.64658
 0 0.646614
 0 0.646614
 0 0.646655
 0 0.646945
 0 0.646945
 0 0.646945
 0 0.647225
 0 0.647225
 0 0.647226
 0 0.647318
 0 0.647318
 0 0.647319
 0 0.647409
 0 0.647409
 0 inf
