 0 0.486416
 0 0.48771
 0 0.48771
 0 0.487936
 0 0.487936
 0 0.487937
 0 0.498157
 0 0.498158
 0 0.498158
 0 0.498158
 0 0.499446
 0 0.499446
 0 0.625437
 0 0.625437
 0 0.625437
 0 0.625437
 0 0.626011
 0 0.626145
 0 0.626145
 0 0.626257
 0 0.626257
 0 0.626566
 0 0.626566
 0 0.626566
 0 0.627076
 0 0.627077
 0 0.627077
 0 0.627096
 0 0.627282
 0 0.627415
 0 0.627416
 0 0.627676
 0 0.627679
 0 0.627679
 0 0.627721
 0 0.627721
 0 0.627814
 0 0.627814
 0 0.627864
 0 0.627865
 0 0.627945
 0 0.627945
 0 0.627953
 0 0.627953
 0 0.628026
 0 0.628078
 0 0.628078
 0 0.628195
 0 0.628251
 0 0.628272
 0 0.628342
 0 0.628342
 0 0.628342
 0 0.628342
 0 0.628343
 0 0.628385
 0 0.628386
 0 0.628391
 0 0.628437
 0 0.628469
 0 0.628498
 0 0.628498
 0 0.628537
 0 0.628591
 0 0.628591
 0 0.628618
 0 0.628618
 0 0.628628
 0 0.628631
 0 0.628686
 0 0.628686
 0 0.628686
 0 0.628789
 0 0.628789
 0 0.628791
 0 0.628797
 0 0.628847
 0 0.628883
 0 0.628944
 0 0.628944
 0 0.628959
 0 0.628984
 0 0.629038
 0 0.629038
 0 0.629038
 0 0.629048
 0 0.629049
 0 0.629065
 0 0.629135
 0 0.629137
 0 0.629137
 0 0.629138
 0 0.629138
 0 0.629138
 0 0.629143
 0 0.629143
 0 0.629143
 0 0.629154
 0 0.62921
 0 0.629211
 0 0.629213
 0 0.629213
 0 0.629219
 0 0.629219
 0 0.629219
 0 0.629232
 0 0.629241
 0 0.629258
 0 0.629258
 0 0.629258
 0 0.629258
 0 0.629258
 0 0.629293
 0 0.629293
 0 0.629298
 0 0.629338
 0 0.629338
 0 0.629407
 0 0.629407
 0 0.629429
 0 0.629429
 0 0.629432
 0 0.629455
 0 0.629464
 0 0.629465
 0 0.629465
 0 0.629476
 0 0.629477
 0 0.629477
 0 0.629477
 0 0.629478
 0 0.629483
 0 0.629483
 0 0.629483
 0 0.629494
 0 0.629494
 0 0.629494
 0 0.629592
 0 0.629601
 0 0.629602
 0 0.629619
 0 0.62962
 0 0.629621
 0 0.629624
 0 0.629624
 0 0.629625
 0 0.629653
 0 0.629653
 0 0.629732
 0 0.629768
 0 0.629782
 0 0.629782
 0 0.629802
 0 0.629868
 0 0.629868
 0 0.629868
 0 0.629928
 0 0.629944
 0 0.629945
 0 0.629953
 0 0.629953
 0 0.629954
 0 0.630007
 0 0.630007
 0 0.630018
 0 0.630019
 0 0.63002
 0 0.630025
 0 0.630031
 0 0.630051
 0 0.630051
 0 0.630071
 0 0.630071
 0 0.630071
 0 0.630071
 0 0.630071
 0 0.630087
 0 0.630124
 0 0.63014
 0 0.63014
 0 0.63014
 0 0.630147
 0 0.630149
 0 0.630165
 0 0.630166
 0 0.630166
 0 0.630167
 0 0.630167
 0 0.630239
 0 0.630255
 0 0.630255
 0 0.63027
 0 0.63027
 0 0.63027
 0 0.630294
 0 0.630299
 0 0.630302
 0 0.630317
 0 0.630323
 0 0.630323
 0 0.630323
 0 0.630336
 0 0.630336
 0 0.630336
 0 0.630353
 0 0.630368
 0 0.630368
 0 0.630374
 0 0.630374
 0 0.630375
 0 0.630375
 0 0.630382
 0 0.630394
 0 0.630394
 0 0.630394
 0 0.630401
 0 0.630402
 0 0.630464
 0 0.630465
 0 0.630478
 0 0.6305
 0 0.6305
 0 0.6305
 0 0.6305
 0 0.630531
 0 0.630561
 0 0.630562
 0 0.630562
 0 0.630582
 0 0.630608
 0 0.630609
 0 0.630626
 0 0.630642
 0 0.630677
 0 0.630685
 0 0.630744
 0 0.630744
 0 0.630764
 0 0.630764
 0 0.630799
 0 0.630831
 0 0.630838
 0 0.630915
 0 0.630938
 0 0.630938
 0 0.630946
 0 0.630947
 0 0.630956
 0 0.630956
 0 0.63098
 0 0.630983
 0 0.630983
 0 0.630983
 0 0.630983
 0 0.630983
 0 0.63101
 0 0.63101
 0 0.631012
 0 0.631013
 0 0.631014
 0 0.63102
 0 0.63102
 0 0.63104
 0 0.631043
 0 0.631043
 0 0.631043
 0 0.631089
 0 0.631099
 0 0.631107
 0 0.631107
 0 0.631117
 0 0.631118
 0 0.631119
 0 0.631128
 0 0.631128
 0 0.631128
 0 0.631152
 0 0.631152
 0 0.631152
 0 0.631153
 0 0.631154
 0 0.631154
 0 0.631154
 0 0.631157
 0 0.631159
 0 0.631178
 0 0.631178
 0 0.631178
 0 0.631184
 0 0.631184
 0 0.631184
 0 0.631221
 0 0.631223
 0 0.631229
 0 0.631229
 0 0.631229
 0 0.631235
 0 0.631241
 0 0.63125
 0 0.63125
 0 0.631251
 0 0.631254
 0 0.631261
 0 0.631262
 0 0.631316
 0 0.631316
 0 0.631317
 0 0.631318
 0 0.631408
 0 0.631413
 0 0.631413
 0 0.631419
 0 0.631426
 0 0.631427
 0 0.631427
 0 0.631446
 0 0.631448
 0 0.631454
 0 0.631456
 0 0.631477
 0 0.631477
 0 0.631485
 0 0.631491
 0 0.631491
 0 0.63151
 0 0.631577
 0 0.631579
 0 0.631581
 0 0.631583
 0 0.631583
 0 0.631584
 0 0.631599
 0 0.631599
 0 0.631601
 0 0.631632
 0 0.631633
 0 0.631655
 0 0.631655
 0 0.631656
 0 0.631656
 0 0.631668
 0 0.631681
 0 0.631681
 0 0.631681
 0 0.631681
 0 0.631681
 0 0.631694
 0 0.631697
 0 0.631697
 0 0.631698
 0 0.631713
 0 0.631714
 0 0.631714
 0 0.631715
 0 0.631755
 0 0.631756
 0 0.631762
 0 0.631762
 0 0.631763
 0 0.631792
 0 0.631803
 0 0.631804
 0 0.631804
 0 0.631804
 0 0.631821
 0 0.631821
 0 0.631862
 0 0.631863
 0 0.631877
 0 0.631877
 0 0.631877
 0 0.631877
 0 0.631922
 0 0.631929
 0 0.631929
 0 0.631929
 0 0.63197
 0 0.631972
 0 0.631974
 0 0.631978
 0 0.631978
 0 0.632
 0 0.632001
 0 0.632001
 0 0.632001
 0 0.632004
 0 0.632004
 0 0.632011
 0 0.632011
 0 0.632011
 0 0.632012
 0 0.632013
 0 0.632013
 0 0.632013
 0 0.632013
 0 0.632015
 0 0.632018
 0 0.632066
 0 0.632066
 0 0.632067
 0 0.632067
 0 0.632087
 0 0.632105
 0 0.632108
 0 0.632109
 0 0.63211
 0 0.632112
 0 0.632112
 0 0.632113
 0 0.632127
 0 0.632147
 0 0.632149
 0 0.632149
 0 0.63216
 0 0.632179
 0 0.632179
 0 0.632198
 0 0.632198
 0 0.632222
 0 0.632223
 0 0.632244
 0 0.632244
 0 0.632244
 0 0.632245
 0 0.632246
 0 0.632248
 0 0.632263
 0 0.632267
 0 0.632267
 0 0.632271
 0 0.632271
 0 0.632287
 0 0.632298
 0 0.632298
 0 0.632298
 0 0.632299
 0 0.632299
 0 0.632321
 0 0.632342
 0 0.632342
 0 0.632351
 0 0.632352
 0 0.632352
 0 0.63236
 0 0.63236
 0 0.632361
 0 0.632374
 0 0.632376
 0 0.632377
 0 0.632383
 0 0.632384
 0 0.632384
 0 0.632416
 0 0.632417
 0 0.632467
 0 0.632467
 0 0.632469
 0 0.63247
 0 0.632514
 0 0.632515
 0 0.632515
 0 0.632525
 0 0.632566
 0 0.632567
 0 0.632567
 0 0.632568
 0 0.632573
 0 0.632591
 0 0.632598
 0 0.632627
 0 0.632652
 0 0.632652
 0 0.632652
 0 0.632652
 0 0.632652
 0 0.632655
 0 0.632656
 0 0.632657
 0 0.632657
 0 0.632663
 0 0.632663
 0 0.632667
 0 0.632681
 0 0.632697
 0 0.632703
 0 0.632703
 0 0.632714
 0 0.632714
 0 0.632714
 0 0.632722
 0 0.632731
 0 0.632732
 0 0.632732
 0 0.632733
 0 0.632755
 0 0.63276
 0 0.63276
 0 0.63276
 0 0.632772
 0 0.632773
 0 0.632779
 0 0.632807
 0 0.632807
 0 0.632811
 0 0.632812
 0 0.632812
 0 0.632812
 0 0.632813
 0 0.632813
 0 0.632822
 0 0.632822
 0 0.632823
 0 0.632832
 0 0.632833
 0 0.632856
 0 0.632858
 0 0.632872
 0 0.63288
 0 0.63288
 0 0.632886
 0 0.632892
 0 0.632892
 0 0.632894
 0 0.632894
 0 0.632894
 0 0.632907
 0 0.632907
 0 0.632907
 0 0.632909
 0 0.632918
 0 0.632918
 0 0.63293
 0 0.632932
 0 0.632932
 0 0.632938
 0 0.632938
 0 0.632939
 0 0.632939
 0 0.632939
 0 0.63294
 0 0.632945
 0 0.632951
 0 0.632951
 0 0.632951
 0 0.632951
 0 0.632951
 0 0.632969
 0 0.632969
 0 0.632983
 0 0.632983
 0 0.632983
 0 0.632993
 0 0.632994
 0 0.632994
 0 0.63302
 0 0.633038
 0 0.633038
 0 0.633038
 0 0.633042
 0 0.633045
 0 0.633045
 0 0.633045
 0 0.633045
 0 0.633048
 0 0.633057
 0 0.633058
 0 0.633063
 0 0.633069
 0 0.63307
 0 0.63307
 0 0.63307
 0 0.633071
 0 0.633071
 0 0.633076
 0 0.633086
 0 0.633086
 0 0.633089
 0 0.633099
 0 0.633108
 0 0.633159
 0 0.633159
 0 0.63316
 0 0.63316
 0 0.633175
 0 0.633185
 0 0.633185
 0 0.633186
 0 0.633196
 0 0.633196
 0 0.633197
 0 0.63323
 0 0.633231
 0 0.633255
 0 0.633259
 0 0.63326
 0 0.633278
 0 0.633284
 0 0.633297
 0 0.633297
 0 0.633297
 0 0.633318
 0 0.633318
 0 0.633318
 0 0.633319
 0 0.633319
 0 0.633319
 0 0.633319
 0 0.633321
 0 0.633321
 0 0.633332
 0 0.633332
 0 0.633335
 0 0.633336
 0 0.633338
 0 0.633338
 0 0.633341
 0 0.633341
 0 0.633348
 0 0.63337
 0 0.633371
 0 0.633376
 0 0.633402
 0 0.633411
 0 0.633411
 0 0.633412
 0 0.633423
 0 0.633433
 0 0.633434
 0 0.633442
 0 0.633455
 0 0.633459
 0 0.633459
 0 0.633459
 0 0.633471
 0 0.633475
 0 0.633515
 0 0.633522
 0 0.633522
 0 0.633535
 0 0.633543
 0 0.633557
 0 0.633557
 0 0.633557
 0 0.633559
 0 0.633559
 0 0.633559
 0 0.633563
 0 0.633564
 0 0.633572
 0 0.633572
 0 0.633573
 0 0.633574
 0 0.633575
 0 0.633575
 0 0.633578
 0 0.633589
 0 0.633589
 0 0.633593
 0 0.633594
 0 0.633594
 0 0.633594
 0 0.633594
 0 0.633595
 0 0.633596
 0 0.633596
 0 0.633596
 0 0.633597
 0 0.633598
 0 0.633632
 0 0.633645
 0 0.633645
 0 0.63368
 0 0.63368
 0 0.63368
 0 0.63368
 0 0.633686
 0 0.633688
 0 0.633689
 0 0.633689
 0 0.633689
 0 0.633689
 0 0.633689
 0 0.633696
 0 0.633696
 0 0.633696
 0 0.633696
 0 0.633697
 0 0.633698
 0 0.633702
 0 0.633702
 0 0.633703
 0 0.633722
 0 0.633722
 0 0.633724
 0 0.633759
 0 0.63376
 0 0.633774
 0 0.633775
 0 0.633793
 0 0.633794
 0 0.633794
 0 0.633795
 0 0.633796
 0 0.633821
 0 0.633834
 0 0.633834
 0 0.633843
 0 0.633848
 0 0.633853
 0 0.633892
 0 0.633893
 0 0.633894
 0 0.633894
 0 0.633894
 0 0.633894
 0 0.633895
 0 0.633895
 0 0.633897
 0 0.633899
 0 0.633899
 0 0.633899
 0 0.6339
 0 0.633931
 0 0.633932
 0 0.633947
 0 0.633948
 0 0.633948
 0 0.633954
 0 0.633954
 0 0.633966
 0 0.633966
 0 0.633966
 0 0.633982
 0 0.633982
 0 0.633982
 0 0.633991
 0 0.633999
 0 0.633999
 0 0.63401
 0 0.63403
 0 0.63403
 0 0.634031
 0 0.634034
 0 0.634051
 0 0.634073
 0 0.634075
 0 0.634075
 0 0.63408
 0 0.634081
 0 0.634092
 0 0.634107
 0 0.634109
 0 0.634109
 0 0.63413
 0 0.634132
 0 0.634133
 0 0.634133
 0 0.634133
 0 0.63415
 0 0.63415
 0 0.634162
 0 0.634162
 0 0.634162
 0 0.634162
 0 0.634163
 0 0.634163
 0 0.634163
 0 0.634164
 0 0.634164
 0 0.634174
 0 0.63419
 0 0.63419
 0 0.634192
 0 0.634205
 0 0.634205
 0 0.634221
 0 0.634222
 0 0.634229
 0 0.634229
 0 0.634231
 0 0.634231
 0 0.634231
 0 0.634268
 0 0.634268
 0 0.63427
 0 0.634273
 0 0.634274
 0 0.634275
 0 0.634282
 0 0.634288
 0 0.634289
 0 0.634297
 0 0.634297
 0 0.6343
 0 0.634302
 0 0.634313
 0 0.634314
 0 0.634314
 0 0.634329
 0 0.634329
 0 0.634329
 0 0.634341
 0 0.634341
 0 0.634368
 0 0.634368
 0 0.634374
 0 0.634374
 0 0.634377
 0 0.634377
 0 0.634377
 0 0.634393
 0 0.634414
 0 0.634415
 0 0.634416
 0 0.634424
 0 0.634424
 0 0.634452
 0 0.634453
 0 0.634453
 0 0.634459
 0 0.634459
 0 0.634459
 0 0.634461
 0 0.634463
 0 0.63447
 0 0.634477
 0 0.634477
 0 0.634477
 0 0.634477
 0 0.634477
 0 0.634477
 0 0.634483
 0 0.634484
 0 0.634491
 0 0.634491
 0 0.634497
 0 0.63451
 0 0.634516
 0 0.634531
 0 0.634532
 0 0.634533
 0 0.634542
 0 0.634542
 0 0.634542
 0 0.634543
 0 0.634548
 0 0.634567
 0 0.634567
 0 0.634567
 0 0.634577
 0 0.634578
 0 0.63459
 0 0.63459
 0 0.634591
 0 0.634591
 0 0.634592
 0 0.634592
 0 0.634592
 0 0.634592
 0 0.634594
 0 0.634594
 0 0.634594
 0 0.63464
 0 0.63464
 0 0.63464
 0 0.634644
 0 0.634652
 0 0.634653
 0 0.634653
 0 0.634655
 0 0.634655
 0 0.634686
 0 0.634686
 0 0.634688
 0 0.634692
 0 0.63472
 0 0.63472
 0 0.63472
 0 0.634729
 0 0.63473
 0 0.634731
 0 0.634731
 0 0.634749
 0 0.634756
 0 0.634756
 0 0.634756
 0 0.634757
 0 0.634764
 0 0.634768
 0 0.634768
 0 0.63477
 0 0.634786
 0 0.634786
 0 0.634793
 0 0.634794
 0 0.634795
 0 0.634795
 0 0.634795
 0 0.634795
 0 0.634795
 0 0.634805
 0 0.634805
 0 0.634805
 0 0.634807
 0 0.634809
 0 0.634811
 0 0.634812
 0 0.63482
 0 0.634829
 0 0.634831
 0 0.634836
 0 0.634836
 0 0.634871
 0 0.634871
 0 0.634887
 0 0.634887
 0 0.634888
 0 0.634888
 0 0.634893
 0 0.634895
 0 0.634945
 0 0.63495
 0 0.634956
 0 0.634956
 0 0.634956
 0 0.634956
 0 0.634956
 0 0.634956
 0 0.634956
 0 0.634959
 0 0.634959
 0 0.634959
 0 0.634959
 0 0.634959
 0 0.634961
 0 0.634963
 0 0.634973
 0 0.634993
 0 0.634994
 0 0.635012
 0 0.635012
 0 0.635021
 0 0.635039
 0 0.635046
 0 0.635047
 0 0.635047
 0 0.635057
 0 0.63512
 0 0.63512
 0 0.63512
 0 0.63512
 0 0.635134
 0 0.635135
 0 0.635135
 0 0.635143
 0 0.635157
 0 0.635174
 0 0.635183
 0 0.635183
 0 0.635183
 0 0.635188
 0 0.63519
 0 0.635192
 0 0.635192
 0 0.635196
 0 0.635223
 0 0.635266
 0 0.635267
 0 0.635267
 0 0.635267
 0 0.635267
 0 0.635268
 0 0.635268
 0 0.635268
 0 0.635273
 0 0.63528
 0 0.635287
 0 0.63529
 0 0.635298
 0 0.635298
 0 0.635299
 0 0.6353
 0 0.635303
 0 0.635303
 0 0.635304
 0 0.635316
 0 0.635316
 0 0.635332
 0 0.635338
 0 0.635353
 0 0.635355
 0 0.635355
 0 0.635355
 0 0.635361
 0 0.635361
 0 0.635366
 0 0.635367
 0 0.635369
 0 0.635369
 0 0.635369
 0 0.635369
 0 0.63537
 0 0.635372
 0 0.635384
 0 0.635394
 0 0.635394
 0 0.635394
 0 0.635394
 0 0.635402
 0 0.635402
 0 0.635402
 0 0.635412
 0 0.635413
 0 0.635413
 0 0.635421
 0 0.635433
 0 0.635433
 0 0.635434
 0 0.635435
 0 0.635435
 0 0.635457
 0 0.635457
 0 0.63546
 0 0.635464
 0 0.635464
 0 0.635467
 0 0.635468
 0 0.635476
 0 0.63548
 0 0.63549
 0 0.635492
 0 0.635507
 0 0.63552
 0 0.63552
 0 0.63552
 0 0.635521
 0 0.635521
 0 0.635522
 0 0.635522
 0 0.635528
 0 0.635528
 0 0.635529
 0 0.635537
 0 0.635537
 0 0.635557
 0 0.635557
 0 0.635563
 0 0.635563
 0 0.635577
 0 0.635586
 0 0.635596
 0 0.635596
 0 0.6356
 0 0.635601
 0 0.635602
 0 0.635631
 0 0.635639
 0 0.635639
 0 0.635639
 0 0.635639
 0 0.635643
 0 0.635643
 0 0.635645
 0 0.635645
 0 0.635651
 0 0.635653
 0 0.635653
 0 0.635663
 0 0.635663
 0 0.635674
 0 0.635697
 0 0.6357
 0 0.635701
 0 0.635702
 0 0.63575
 0 0.635751
 0 0.635751
 0 0.635777
 0 0.635813
 0 0.635815
 0 0.635816
 0 0.635816
 0 0.635816
 0 0.635816
 0 0.635821
 0 0.635821
 0 0.635822
 0 0.635824
 0 0.635825
 0 0.635846
 0 0.635846
 0 0.635846
 0 0.635857
 0 0.635857
 0 0.635863
 0 0.635863
 0 0.635863
 0 0.635885
 0 0.635885
 0 0.635885
 0 0.635885
 0 0.635885
 0 0.635896
 0 0.635897
 0 0.635899
 0 0.6359
 0 0.635903
 0 0.63591
 0 0.635917
 0 0.635917
 0 0.635917
 0 0.635917
 0 0.63593
 0 0.63593
 0 0.63594
 0 0.63594
 0 0.63596
 0 0.635992
 0 0.635992
 0 0.636007
 0 0.636013
 0 0.636014
 0 0.636015
 0 0.636023
 0 0.636024
 0 0.636027
 0 0.636027
 0 0.636029
 0 0.636041
 0 0.636043
 0 0.636069
 0 0.636069
 0 0.636088
 0 0.636088
 0 0.636089
 0 0.636089
 0 0.636089
 0 0.636089
 0 0.636092
 0 0.636092
 0 0.636092
 0 0.636093
 0 0.636099
 0 0.636099
 0 0.636113
 0 0.636113
 0 0.636117
 0 0.636117
 0 0.636118
 0 0.636118
 0 0.636129
 0 0.636161
 0 0.636161
 0 0.636162
 0 0.636163
 0 0.636163
 0 0.636163
 0 0.636164
 0 0.636165
 0 0.636167
 0 0.63618
 0 0.63618
 0 0.636191
 0 0.636191
 0 0.636194
 0 0.636233
 0 0.63624
 0 0.636251
 0 0.636252
 0 0.636262
 0 0.636262
 0 0.636262
 0 0.636264
 0 0.636269
 0 0.636287
 0 0.636309
 0 0.636309
 0 0.636309
 0 0.636334
 0 0.636334
 0 0.636375
 0 0.636383
 0 0.636402
 0 0.636404
 0 0.636404
 0 0.636428
 0 0.636429
 0 0.636435
 0 0.636436
 0 0.636436
 0 0.636436
 0 0.63645
 0 0.636454
 0 0.636493
 0 0.636499
 0 0.636499
 0 0.636499
 0 0.636512
 0 0.636525
 0 0.636526
 0 0.636564
 0 0.636573
 0 0.636573
 0 0.636574
 0 0.636574
 0 0.636577
 0 0.636578
 0 0.63659
 0 0.636591
 0 0.636592
 0 0.636593
 0 0.636598
 0 0.636598
 0 0.636598
 0 0.636605
 0 0.636605
 0 0.636605
 0 0.636606
 0 0.636608
 0 0.636608
 0 0.636614
 0 0.636627
 0 0.636627
 0 0.636632
 0 0.636648
 0 0.636648
 0 0.636652
 0 0.636652
 0 0.636652
 0 0.636662
 0 0.636672
 0 0.636675
 0 0.636681
 0 0.6367
 0 0.6367
 0 0.636705
 0 0.636705
 0 0.636706
 0 0.636711
 0 0.636711
 0 0.636727
 0 0.636731
 0 0.636733
 0 0.636734
 0 0.636752
 0 0.636753
 0 0.636753
 0 0.636753
 0 0.636767
 0 0.636784
 0 0.636903
 0 0.636912
 0 0.636912
 0 0.636912
 0 0.636961
 0 0.636974
 0 0.636975
 0 0.636976
 0 0.636977
 0 0.636977
 0 0.636993
 0 0.636997
 0 0.636998
 0 0.636998
 0 0.637012
 0 0.637014
 0 0.637014
 0 0.637028
 0 0.637028
 0 0.637028
 0 0.637028
 0 0.637029
 0 0.637051
 0 0.637064
 0 0.637065
 0 0.637065
 0 0.637067
 0 0.637083
 0 0.637083
 0 0.637083
 0 0.637083
 0 0.637142
 0 0.637142
 0 0.637142
 0 0.637142
 0 0.637144
 0 0.637145
 0 0.637145
 0 0.637155
 0 0.637157
 0 0.637157
 0 0.637189
 0 0.637189
 0 0.637189
 0 0.637189
 0 0.637211
 0 0.637211
 0 0.637211
 0 0.637229
 0 0.6373
 0 0.6373
 0 0.637302
 0 0.637302
 0 0.637302
 0 0.637302
 0 0.637311
 0 0.637318
 0 0.637358
 0 0.637358
 0 0.637367
 0 0.637399
 0 0.637399
 0 0.637399
 0 0.637427
 0 0.637428
 0 0.637439
 0 0.637452
 0 0.637452
 0 0.637457
 0 0.637457
 0 0.637477
 0 0.637484
 0 0.637548
 0 0.637548
 0 0.637553
 0 0.637553
 0 0.637555
 0 0.637555
 0 0.637573
 0 0.637576
 0 0.637577
 0 0.637597
 0 0.637598
 0 0.637598
 0 0.637606
 0 0.637624
 0 0.637651
 0 0.637667
 0 0.637667
 0 0.637667
 0 0.637669
 0 0.637669
 0 0.637669
 0 0.637672
 0 0.637674
 0 0.637691
 0 0.637691
 0 0.637723
 0 0.637723
 0 0.637762
 0 0.637763
 0 0.637791
 0 0.637855
 0 0.637855
 0 0.637855
 0 0.637874
 0 0.637874
 0 0.637912
 0 0.637912
 0 0.637914
 0 0.637914
 0 0.637978
 0 0.637978
 0 0.637978
 0 0.638058
 0 0.638063
 0 0.638098
 0 0.638114
 0 0.638118
 0 0.638124
 0 0.638124
 0 0.638147
 0 0.638149
 0 0.638154
 0 0.638164
 0 0.638164
 0 0.638172
 0 0.638174
 0 0.638177
 0 0.638177
 0 0.638202
 0 0.638232
 0 0.638232
 0 0.638238
 0 0.638244
 0 0.638347
 0 0.638347
 0 0.638347
 0 0.638362
 0 0.638363
 0 0.638506
 0 0.638511
 0 0.638511
 0 0.638572
 0 0.638634
 0 0.638634
 0 0.638634
 0 0.638649
 0 0.638649
 0 0.638753
 0 0.638753
 0 0.638753
 0 0.638754
 0 0.638788
 0 0.638789
 0 0.638802
 0 0.638836
 0 0.638854
 0 0.638877
 0 0.638878
 0 0.638878
 0 0.638893
 0 0.638894
 0 0.638915
 0 0.638916
 0 0.638926
 0 0.638926
 0 0.638928
 0 0.638928
 0 0.638949
 0 0.638949
 0 0.638949
 0 0.63895
 0 0.639
 0 0.639131
 0 0.639132
 0 0.639137
 0 0.639138
 0 0.639138
 0 0.639141
 0 0.639172
 0 0.639172
 0 0.63923
 0 0.639238
 0 0.63924
 0 0.63924
 0 0.63924
 0 0.639241
 0 0.639241
 0 0.639242
 0 0.639242
 0 0.639258
 0 0.639258
 0 0.639259
 0 0.639263
 0 0.639338
 0 0.639395
 0 0.639415
 0 0.639415
 0 0.639421
 0 0.639434
 0 0.639434
 0 0.639471
 0 0.639482
 0 0.639482
 0 0.639484
 0 0.639522
 0 0.639523
 0 0.639609
 0 0.639609
 0 0.639609
 0 0.639653
 0 0.639653
 0 0.639654
 0 0.639655
 0 0.639676
 0 0.639677
 0 0.639677
 0 0.639735
 0 0.639735
 0 0.639735
 0 0.639736
 0 0.639754
 0 0.639755
 0 0.639763
 0 0.639764
 0 0.639772
 0 0.639772
 0 0.639774
 0 0.639774
 0 0.639804
 0 0.639805
 0 0.639845
 0 0.639864
 0 0.639864
 0 0.639888
 0 0.639931
 0 0.639931
 0 0.639931
 0 0.639985
 0 0.639991
 0 0.64003
 0 0.640095
 0 0.640096
 0 0.640102
 0 0.640102
 0 0.64015
 0 0.640166
 0 0.640207
 0 0.640207
 0 0.640243
 0 0.640252
 0 0.640268
 0 0.640269
 0 0.640308
 0 0.640308
 0 0.640309
 0 0.640309
 0 0.640319
 0 0.640319
 0 0.640319
 0 0.64032
 0 0.640321
 0 0.64041
 0 0.640411
 0 0.640478
 0 0.640479
 0 0.640823
 0 0.640823
 0 0.640835
 0 0.640961
 0 0.641157
 0 0.641268
 0 0.641268
 0 0.64129
 0 0.641301
 0 0.641303
 0 0.641303
 0 0.641518
 0 0.641519
 0 0.643075
 0 0.643346
 0 0.643797
 0 0.64387
 0 0.643871
 0 0.644321
 0 inf
