 9.04076 9.59536
 8.98823 9.46792
 8.68955 8.73559
 8.6121 9.02455
 8.43862 8.54767
 7.85706 8.06784
 7.77386 8.38438
 7.4652 8.11231
 7.23734 7.24475
 7.2316 7.24134
 7.05742 7.27528
 6.82833 7.65835
 6.81815 6.96849
 6.71426 7.26641
 6.61549 7.09448
 6.59024 6.97506
 6.46923 6.97968
 6.40165 7.03893
 6.3785 7.51767
 6.37429 7.29616
 6.19685 7.6946
 6.03655 8.70476
 5.91376 6.13969
 5.5093 6.67945
 5.50394 5.737
 5.43321 5.43867
 5.32581 6.09835
 5.30569 5.31045
 5.24967 5.59579
 5.20388 5.46914
 5.1167 5.16905
 5.04232 5.04826
 5.03254 5.05135
 4.99019 4.99576
 4.98764 5.01191
 4.97681 5.00672
 4.93452 4.94123
 4.91031 4.92762
 4.91021 5.67301
 4.9095 4.91841
 4.88421 5.20434
 4.88085 4.88953
 4.87694 4.88784
 4.87526 4.89647
 4.84954 5.45659
 4.84938 4.86258
 4.84809 5.02888
 4.84746 4.87267
 4.83622 4.83667
 4.83538 5.08976
 4.829 4.8379
 4.82773 4.85741
 4.81529 4.84867
 4.81516 4.82163
 4.81196 5.22796
 4.80225 4.81498
 4.79728 4.80355
 4.79246 4.8028
 4.791 4.8387
 4.78867 4.79304
 4.78852 4.85565
 4.78113 4.78217
 4.77767 5.05053
 4.7685 4.77923
 4.76379 4.77214
 4.7568 4.78546
 4.74988 4.75975
 4.7474 4.75942
 4.74614 4.76925
 4.74349 4.7646
 4.74332 4.79664
 4.73879 4.82261
 4.72649 4.72952
 4.72436 4.75825
 4.72369 4.93832
 4.6866 4.70053
 4.68024 4.69569
 4.67434 4.67612
 4.66407 4.84688
 4.65989 4.68663
 4.65851 6.20599
 4.62697 4.65798
 4.61336 4.6256
 4.60079 4.61893
 4.59761 4.61012
 4.59023 4.87166
 4.58158 5.01301
 4.57813 4.57968
 4.57482 4.59229
 4.57299 4.57323
 4.57246 4.59297
 4.55423 4.562
 4.54962 4.79481
 4.54955 5.1061
 4.54421 5.16134
 4.54241 4.55526
 4.53737 4.54369
 4.53082 5.01031
 4.52291 4.63573
 4.51883 7.67867
 4.51089 4.51302
 4.50657 5.34601
 4.50282 4.50603
 4.50071 4.50523
 4.48549 4.4963
 4.48448 5.98561
 4.47537 4.90734
 4.47038 4.48526
 4.46956 6.10344
 4.46591 4.48652
 4.46496 7.70697
 4.45782 8.36217
 4.45701 4.46596
 4.43406 4.85806
 4.41353 5.02147
 4.39195 6.51347
 4.37804 5.2538
 4.33519 4.41932
 4.33114 5.11689
 4.27483 5.02421
 4.27446 5.20763
 4.25922 8.74747
 4.25869 4.36966
 4.24999 4.47626
 4.24485 5.18426
 4.23291 4.24107
 4.21314 6.09754
 4.20892 6.12683
 4.20462 7.14586
 4.1846 9.5002
 4.18033 5.26432
 4.13872 5.00808
 4.11395 4.12208
 4.08799 5.40766
 4.08153 4.90177
 4.05953 4.06816
 4.05147 4.05475
 4.03274 7.41911
 4.02492 5.17118
 4.01624 7.08482
 3.97236 3.97388
 3.97065 5.95193
 3.79251 8.22187
 3.78202 8.67733
 3.73233 4.45042
 3.29627 5.51263
