 0 0.483679
 0 0.483679
 0 0.483679
 0 0.484101
 0 0.484562
 0 0.484562
 0 0.489426
 0 0.489427
 0 0.489437
 0 0.489437
 0 0.489437
 0 0.490332
 0 0.621491
 0 0.621493
 0 0.622083
 0 0.622299
 0 0.6223
 0 0.6223
 0 0.624944
 0 0.624944
 0 0.624944
 0 0.625033
 0 0.625466
 0 0.625633
 0 0.625634
 0 0.625634
 0 0.625752
 0 0.625752
 0 0.625773
 0 0.625774
 0 0.625774
 0 0.625774
 0 0.625775
 0 0.625809
 0 0.625809
 0 0.625821
 0 0.626155
 0 0.626227
 0 0.626228
 0 0.626228
 0 0.626228
 0 0.626295
 0 0.626295
 0 0.626407
 0 0.626408
 0 0.626409
 0 0.626433
 0 0.626497
 0 0.626498
 0 0.626512
 0 0.626522
 0 0.626522
 0 0.626522
 0 0.626558
 0 0.626565
 0 0.626681
 0 0.626905
 0 0.627023
 0 0.627024
 0 0.627024
 0 0.627027
 0 0.627027
 0 0.6271
 0 0.6271
 0 0.627147
 0 0.627147
 0 0.627165
 0 0.627173
 0 0.627173
 0 0.627223
 0 0.627268
 0 0.627347
 0 0.627347
 0 0.627347
 0 0.627348
 0 0.627475
 0 0.627475
 0 0.627475
 0 0.627475
 0 0.627475
 0 0.627603
 0 0.627603
 0 0.627666
 0 0.627666
 0 0.627667
 0 0.627667
 0 0.62776
 0 0.627777
 0 0.627777
 0 0.627823
 0 0.627823
 0 0.627823
 0 0.6279
 0 0.627901
 0 0.627913
 0 0.62796
 0 0.62796
 0 0.62796
 0 0.62796
 0 0.627973
 0 0.627973
 0 0.627973
 0 0.627973
 0 0.627973
 0 0.628013
 0 0.628017
 0 0.628017
 0 0.628018
 0 0.628018
 0 0.628271
 0 0.628312
 0 0.628312
 0 0.628434
 0 0.628482
 0 0.628482
 0 0.628488
 0 0.628488
 0 0.628561
 0 0.628561
 0 0.628604
 0 0.628604
 0 0.628606
 0 0.628723
 0 0.628767
 0 0.62879
 0 0.628793
 0 0.628866
 0 0.628912
 0 0.628912
 0 0.628918
 0 0.628918
 0 0.628951
 0 0.628973
 0 0.628974
 0 0.628998
 0 0.628998
 0 0.629004
 0 0.629032
 0 0.629071
 0 0.629124
 0 0.629124
 0 0.629143
 0 0.629143
 0 0.629143
 0 0.629143
 0 0.629143
 0 0.629147
 0 0.629162
 0 0.629163
 0 0.629164
 0 0.629184
 0 0.629207
 0 0.629237
 0 0.629241
 0 0.629241
 0 0.629243
 0 0.629258
 0 0.629258
 0 0.629259
 0 0.629261
 0 0.629262
 0 0.629265
 0 0.629291
 0 0.629293
 0 0.629293
 0 0.629306
 0 0.629307
 0 0.629325
 0 0.629325
 0 0.629325
 0 0.629363
 0 0.629363
 0 0.629363
 0 0.629381
 0 0.629385
 0 0.6294
 0 0.629401
 0 0.629401
 0 0.629401
 0 0.629422
 0 0.629464
 0 0.629464
 0 0.629465
 0 0.629465
 0 0.629466
 0 0.629466
 0 0.62948
 0 0.62948
 0 0.629485
 0 0.629516
 0 0.629553
 0 0.629588
 0 0.629615
 0 0.629615
 0 0.629616
 0 0.629624
 0 0.62965
 0 0.62967
 0 0.629671
 0 0.629671
 0 0.629683
 0 0.629684
 0 0.629685
 0 0.629692
 0 0.629702
 0 0.629702
 0 0.629702
 0 0.629725
 0 0.629738
 0 0.629787
 0 0.629787
 0 0.629787
 0 0.629788
 0 0.629794
 0 0.629826
 0 0.629829
 0 0.629848
 0 0.629848
 0 0.629848
 0 0.629861
 0 0.62991
 0 0.629911
 0 0.629937
 0 0.629937
 0 0.629938
 0 0.629945
 0 0.629945
 0 0.62996
 0 0.629973
 0 0.629974
 0 0.629981
 0 0.629987
 0 0.629987
 0 0.630018
 0 0.630057
 0 0.630057
 0 0.630062
 0 0.630079
 0 0.630081
 0 0.630094
 0 0.630094
 0 0.630094
 0 0.630094
 0 0.630095
 0 0.630095
 0 0.630131
 0 0.630138
 0 0.630138
 0 0.630163
 0 0.630164
 0 0.630166
 0 0.630166
 0 0.630169
 0 0.630169
 0 0.63017
 0 0.630176
 0 0.630177
 0 0.630178
 0 0.630178
 0 0.630185
 0 0.630185
 0 0.630194
 0 0.630195
 0 0.630206
 0 0.630206
 0 0.630224
 0 0.630224
 0 0.630226
 0 0.630226
 0 0.630228
 0 0.630239
 0 0.63024
 0 0.630242
 0 0.630242
 0 0.630243
 0 0.630252
 0 0.630259
 0 0.63029
 0 0.63029
 0 0.630306
 0 0.630318
 0 0.630318
 0 0.630331
 0 0.630333
 0 0.630341
 0 0.630341
 0 0.630344
 0 0.630345
 0 0.630345
 0 0.630345
 0 0.63035
 0 0.630351
 0 0.630355
 0 0.630363
 0 0.630367
 0 0.630367
 0 0.630367
 0 0.630367
 0 0.630368
 0 0.630396
 0 0.630397
 0 0.630397
 0 0.630397
 0 0.6304
 0 0.6304
 0 0.630401
 0 0.630402
 0 0.630404
 0 0.630405
 0 0.630405
 0 0.630405
 0 0.630414
 0 0.630432
 0 0.630432
 0 0.630445
 0 0.630445
 0 0.630446
 0 0.630457
 0 0.630457
 0 0.630459
 0 0.630459
 0 0.630459
 0 0.63046
 0 0.630466
 0 0.630466
 0 0.630472
 0 0.630473
 0 0.630474
 0 0.630499
 0 0.6305
 0 0.630501
 0 0.630501
 0 0.630501
 0 0.630502
 0 0.630502
 0 0.630502
 0 0.630515
 0 0.630531
 0 0.630532
 0 0.63055
 0 0.630614
 0 0.63062
 0 0.630641
 0 0.630641
 0 0.630651
 0 0.630651
 0 0.630651
 0 0.630658
 0 0.630658
 0 0.630687
 0 0.630687
 0 0.630687
 0 0.630688
 0 0.630708
 0 0.630708
 0 0.630708
 0 0.630708
 0 0.630715
 0 0.630716
 0 0.630729
 0 0.63073
 0 0.630738
 0 0.630739
 0 0.630762
 0 0.630762
 0 0.630762
 0 0.630762
 0 0.630763
 0 0.630799
 0 0.630825
 0 0.630826
 0 0.63088
 0 0.630881
 0 0.630881
 0 0.630881
 0 0.630892
 0 0.630892
 0 0.630892
 0 0.630903
 0 0.630964
 0 0.630971
 0 0.630972
 0 0.630972
 0 0.630994
 0 0.631001
 0 0.631003
 0 0.631003
 0 0.631003
 0 0.631003
 0 0.631008
 0 0.631032
 0 0.631032
 0 0.631032
 0 0.631035
 0 0.631035
 0 0.631045
 0 0.631045
 0 0.631046
 0 0.631081
 0 0.631081
 0 0.631084
 0 0.631084
 0 0.631085
 0 0.631103
 0 0.631103
 0 0.631103
 0 0.631114
 0 0.631115
 0 0.631115
 0 0.631121
 0 0.631121
 0 0.631129
 0 0.63114
 0 0.631141
 0 0.631146
 0 0.631146
 0 0.631156
 0 0.631156
 0 0.631156
 0 0.631156
 0 0.631165
 0 0.631165
 0 0.631165
 0 0.631185
 0 0.63119
 0 0.63119
 0 0.631194
 0 0.631205
 0 0.631254
 0 0.631255
 0 0.631256
 0 0.631256
 0 0.631273
 0 0.631273
 0 0.631284
 0 0.631288
 0 0.631292
 0 0.631294
 0 0.631298
 0 0.631305
 0 0.631333
 0 0.631333
 0 0.631342
 0 0.63136
 0 0.63138
 0 0.631396
 0 0.631417
 0 0.631419
 0 0.63142
 0 0.631441
 0 0.631441
 0 0.631457
 0 0.631457
 0 0.631457
 0 0.63146
 0 0.631478
 0 0.631478
 0 0.631478
 0 0.631478
 0 0.631492
 0 0.631492
 0 0.631496
 0 0.631498
 0 0.631509
 0 0.631509
 0 0.631509
 0 0.631523
 0 0.631524
 0 0.631524
 0 0.631538
 0 0.631541
 0 0.631543
 0 0.631543
 0 0.631543
 0 0.631608
 0 0.631653
 0 0.631653
 0 0.631697
 0 0.63178
 0 0.63178
 0 0.63178
 0 0.631782
 0 0.631782
 0 0.631791
 0 0.631814
 0 0.631814
 0 0.631868
 0 0.631869
 0 0.631925
 0 0.631925
 0 0.631975
 0 0.631976
 0 0.631977
 0 0.631978
 0 0.631979
 0 0.631979
 0 0.631979
 0 0.631981
 0 0.631982
 0 0.631982
 0 0.631982
 0 0.631983
 0 0.631983
 0 0.631984
 0 0.631984
 0 0.632007
 0 0.632007
 0 0.632025
 0 0.632025
 0 0.632075
 0 0.632078
 0 0.632084
 0 0.632092
 0 0.632092
 0 0.632092
 0 0.632094
 0 0.632097
 0 0.632097
 0 0.632097
 0 0.632097
 0 0.632104
 0 0.632104
 0 0.632154
 0 0.632154
 0 0.632154
 0 0.632171
 0 0.632171
 0 0.632171
 0 0.632171
 0 0.632171
 0 0.632178
 0 0.632191
 0 0.632193
 0 0.632194
 0 0.632194
 0 0.632194
 0 0.632194
 0 0.632223
 0 0.632225
 0 0.632229
 0 0.632236
 0 0.632237
 0 0.632248
 0 0.632248
 0 0.632249
 0 0.632249
 0 0.632249
 0 0.63226
 0 0.632267
 0 0.632267
 0 0.632288
 0 0.632288
 0 0.63229
 0 0.632295
 0 0.632304
 0 0.632304
 0 0.632316
 0 0.632316
 0 0.632332
 0 0.632334
 0 0.632334
 0 0.632346
 0 0.632351
 0 0.632351
 0 0.632371
 0 0.632373
 0 0.632374
 0 0.632388
 0 0.632388
 0 0.632393
 0 0.632394
 0 0.63243
 0 0.632435
 0 0.632484
 0 0.632486
 0 0.632519
 0 0.632522
 0 0.632529
 0 0.632543
 0 0.632586
 0 0.632586
 0 0.632586
 0 0.632586
 0 0.632586
 0 0.632586
 0 0.632586
 0 0.632594
 0 0.632614
 0 0.632615
 0 0.632615
 0 0.632618
 0 0.632618
 0 0.632618
 0 0.632618
 0 0.632654
 0 0.632654
 0 0.632654
 0 0.632692
 0 0.632694
 0 0.632694
 0 0.632694
 0 0.632719
 0 0.632721
 0 0.632729
 0 0.632742
 0 0.632743
 0 0.632743
 0 0.632743
 0 0.632761
 0 0.632761
 0 0.632761
 0 0.632761
 0 0.632761
 0 0.632773
 0 0.632773
 0 0.632836
 0 0.632843
 0 0.632843
 0 0.632843
 0 0.632843
 0 0.632844
 0 0.632844
 0 0.632917
 0 0.632917
 0 0.632917
 0 0.632917
 0 0.632944
 0 0.632962
 0 0.632962
 0 0.632963
 0 0.632997
 0 0.632997
 0 0.632998
 0 0.633003
 0 0.633004
 0 0.633005
 0 0.633056
 0 0.633056
 0 0.633057
 0 0.633063
 0 0.633063
 0 0.633063
 0 0.633063
 0 0.633064
 0 0.633072
 0 0.633079
 0 0.63308
 0 0.63308
 0 0.63308
 0 0.63308
 0 0.63308
 0 0.63308
 0 0.633089
 0 0.633089
 0 0.633092
 0 0.633099
 0 0.633111
 0 0.633139
 0 0.633139
 0 0.63314
 0 0.633158
 0 0.633158
 0 0.633158
 0 0.633171
 0 0.633172
 0 0.633178
 0 0.633182
 0 0.633227
 0 0.633227
 0 0.633263
 0 0.633264
 0 0.633266
 0 0.633266
 0 0.633279
 0 0.633282
 0 0.633282
 0 0.633284
 0 0.633284
 0 0.633284
 0 0.633286
 0 0.633304
 0 0.633319
 0 0.633328
 0 0.633336
 0 0.633351
 0 0.633352
 0 0.633352
 0 0.633362
 0 0.63337
 0 0.63337
 0 0.63337
 0 0.633398
 0 0.633398
 0 0.633417
 0 0.633442
 0 0.633443
 0 0.633444
 0 0.633469
 0 0.633478
 0 0.633478
 0 0.633497
 0 0.633498
 0 0.633546
 0 0.633559
 0 0.633559
 0 0.633562
 0 0.633566
 0 0.633566
 0 0.633578
 0 0.633581
 0 0.633582
 0 0.633582
 0 0.633597
 0 0.633648
 0 0.633652
 0 0.633662
 0 0.633663
 0 0.633672
 0 0.633672
 0 0.633675
 0 0.633675
 0 0.633675
 0 0.633678
 0 0.633685
 0 0.633685
 0 0.633686
 0 0.633686
 0 0.633698
 0 0.633717
 0 0.633717
 0 0.633717
 0 0.633739
 0 0.633739
 0 0.633761
 0 0.633774
 0 0.633775
 0 0.633775
 0 0.633775
 0 0.633808
 0 0.633809
 0 0.633824
 0 0.633831
 0 0.633832
 0 0.633862
 0 0.633867
 0 0.633867
 0 0.633869
 0 0.633869
 0 0.63387
 0 0.633888
 0 0.633917
 0 0.633919
 0 0.633919
 0 0.633919
 0 0.63392
 0 0.63392
 0 0.633949
 0 0.633955
 0 0.633955
 0 0.633958
 0 0.633958
 0 0.633967
 0 0.633967
 0 0.633968
 0 0.633968
 0 0.633975
 0 0.633975
 0 0.63401
 0 0.63401
 0 0.634012
 0 0.634015
 0 0.634016
 0 0.634018
 0 0.634018
 0 0.63403
 0 0.634031
 0 0.634052
 0 0.634057
 0 0.634066
 0 0.634066
 0 0.634067
 0 0.634086
 0 0.634098
 0 0.634099
 0 0.634108
 0 0.634108
 0 0.634108
 0 0.634109
 0 0.634111
 0 0.634111
 0 0.634111
 0 0.634114
 0 0.634114
 0 0.634114
 0 0.634118
 0 0.634135
 0 0.634135
 0 0.634143
 0 0.634154
 0 0.634155
 0 0.634155
 0 0.634189
 0 0.634191
 0 0.634206
 0 0.634207
 0 0.634207
 0 0.634212
 0 0.634229
 0 0.634238
 0 0.634238
 0 0.634238
 0 0.634238
 0 0.63424
 0 0.63424
 0 0.634246
 0 0.634246
 0 0.634246
 0 0.634246
 0 0.63425
 0 0.63425
 0 0.634251
 0 0.634252
 0 0.634252
 0 0.634253
 0 0.634287
 0 0.634288
 0 0.634312
 0 0.634313
 0 0.634331
 0 0.634331
 0 0.634332
 0 0.634346
 0 0.634379
 0 0.634385
 0 0.634385
 0 0.634385
 0 0.634385
 0 0.634388
 0 0.634398
 0 0.634425
 0 0.634425
 0 0.634471
 0 0.634471
 0 0.634472
 0 0.634472
 0 0.634473
 0 0.634511
 0 0.634512
 0 0.634512
 0 0.634512
 0 0.634514
 0 0.634514
 0 0.634516
 0 0.634516
 0 0.634519
 0 0.634519
 0 0.634519
 0 0.63454
 0 0.63454
 0 0.634547
 0 0.634547
 0 0.634553
 0 0.634554
 0 0.634554
 0 0.634554
 0 0.634591
 0 0.634591
 0 0.634591
 0 0.634626
 0 0.634626
 0 0.634631
 0 0.634633
 0 0.634634
 0 0.634634
 0 0.634635
 0 0.634669
 0 0.634669
 0 0.634669
 0 0.634674
 0 0.634674
 0 0.634719
 0 0.634724
 0 0.634724
 0 0.634725
 0 0.634725
 0 0.634732
 0 0.634742
 0 0.634743
 0 0.634743
 0 0.634749
 0 0.634758
 0 0.634758
 0 0.634764
 0 0.634764
 0 0.634765
 0 0.634782
 0 0.634783
 0 0.634792
 0 0.634805
 0 0.634805
 0 0.634806
 0 0.634846
 0 0.63485
 0 0.634868
 0 0.634868
 0 0.634869
 0 0.634869
 0 0.63487
 0 0.63487
 0 0.634872
 0 0.634877
 0 0.634902
 0 0.63492
 0 0.634922
 0 0.634926
 0 0.634926
 0 0.634926
 0 0.634926
 0 0.634953
 0 0.634953
 0 0.634962
 0 0.634962
 0 0.634963
 0 0.634963
 0 0.634969
 0 0.634999
 0 0.634999
 0 0.635009
 0 0.635009
 0 0.635012
 0 0.635014
 0 0.635016
 0 0.635032
 0 0.635032
 0 0.635034
 0 0.635034
 0 0.635034
 0 0.635034
 0 0.635059
 0 0.635059
 0 0.635059
 0 0.63507
 0 0.635079
 0 0.635086
 0 0.635086
 0 0.635098
 0 0.635104
 0 0.635115
 0 0.635115
 0 0.635152
 0 0.635152
 0 0.635177
 0 0.635178
 0 0.635178
 0 0.635189
 0 0.635192
 0 0.635212
 0 0.635212
 0 0.635231
 0 0.635231
 0 0.635251
 0 0.635263
 0 0.635267
 0 0.635267
 0 0.635267
 0 0.635267
 0 0.63528
 0 0.635281
 0 0.635281
 0 0.635283
 0 0.63529
 0 0.635292
 0 0.635293
 0 0.635305
 0 0.635306
 0 0.63531
 0 0.635327
 0 0.635364
 0 0.635365
 0 0.635374
 0 0.635374
 0 0.635374
 0 0.635374
 0 0.635377
 0 0.635386
 0 0.635403
 0 0.635404
 0 0.635448
 0 0.635454
 0 0.635455
 0 0.635463
 0 0.635464
 0 0.635494
 0 0.635495
 0 0.635501
 0 0.635511
 0 0.635511
 0 0.635512
 0 0.635512
 0 0.635513
 0 0.635518
 0 0.63552
 0 0.63552
 0 0.63552
 0 0.635566
 0 0.635591
 0 0.6356
 0 0.6356
 0 0.635601
 0 0.635613
 0 0.635614
 0 0.63562
 0 0.635636
 0 0.635636
 0 0.635669
 0 0.635669
 0 0.635683
 0 0.635728
 0 0.635728
 0 0.635737
 0 0.635745
 0 0.635747
 0 0.635747
 0 0.635756
 0 0.635766
 0 0.635776
 0 0.635777
 0 0.635777
 0 0.635779
 0 0.635801
 0 0.635801
 0 0.635803
 0 0.635805
 0 0.635806
 0 0.635821
 0 0.635821
 0 0.635825
 0 0.63589
 0 0.635906
 0 0.635906
 0 0.635906
 0 0.635907
 0 0.635907
 0 0.635915
 0 0.635915
 0 0.635915
 0 0.635952
 0 0.635952
 0 0.635965
 0 0.635965
 0 0.635965
 0 0.63601
 0 0.636011
 0 0.636011
 0 0.63604
 0 0.636051
 0 0.636052
 0 0.636056
 0 0.636057
 0 0.636057
 0 0.636058
 0 0.63606
 0 0.63606
 0 0.636071
 0 0.636071
 0 0.636071
 0 0.636082
 0 0.636082
 0 0.636121
 0 0.636121
 0 0.636121
 0 0.636121
 0 0.636135
 0 0.636137
 0 0.636149
 0 0.636149
 0 0.636149
 0 0.63615
 0 0.636155
 0 0.636155
 0 0.636155
 0 0.636155
 0 0.636159
 0 0.636159
 0 0.636161
 0 0.636162
 0 0.636164
 0 0.636165
 0 0.636189
 0 0.636196
 0 0.636271
 0 0.636272
 0 0.636278
 0 0.636279
 0 0.636279
 0 0.636279
 0 0.636302
 0 0.636303
 0 0.636304
 0 0.63631
 0 0.636311
 0 0.636328
 0 0.636329
 0 0.636346
 0 0.636347
 0 0.636366
 0 0.6364
 0 0.6364
 0 0.636401
 0 0.636401
 0 0.636416
 0 0.636454
 0 0.63646
 0 0.636461
 0 0.636461
 0 0.636467
 0 0.636473
 0 0.636473
 0 0.636477
 0 0.636477
 0 0.636499
 0 0.636499
 0 0.636529
 0 0.636531
 0 0.636532
 0 0.636533
 0 0.636533
 0 0.636571
 0 0.636571
 0 0.636571
 0 0.636583
 0 0.636584
 0 0.636585
 0 0.636596
 0 0.636596
 0 0.636596
 0 0.636608
 0 0.636608
 0 0.636608
 0 0.636631
 0 0.636632
 0 0.636632
 0 0.636632
 0 0.636644
 0 0.636645
 0 0.636645
 0 0.636651
 0 0.636651
 0 0.636654
 0 0.636655
 0 0.636679
 0 0.636679
 0 0.63668
 0 0.63668
 0 0.636702
 0 0.636729
 0 0.636729
 0 0.63673
 0 0.636758
 0 0.636786
 0 0.63679
 0 0.636796
 0 0.636796
 0 0.636796
 0 0.63682
 0 0.63682
 0 0.636826
 0 0.636843
 0 0.636843
 0 0.636875
 0 0.636882
 0 0.636946
 0 0.636946
 0 0.636949
 0 0.636949
 0 0.636949
 0 0.63701
 0 0.637103
 0 0.637105
 0 0.637109
 0 0.637162
 0 0.637162
 0 0.637163
 0 0.637195
 0 0.637195
 0 0.63721
 0 0.637217
 0 0.637239
 0 0.637239
 0 0.637308
 0 0.637308
 0 0.637308
 0 0.637349
 0 0.637349
 0 0.637368
 0 0.637368
 0 0.637368
 0 0.637401
 0 0.637421
 0 0.637434
 0 0.637439
 0 0.637439
 0 0.63744
 0 0.637452
 0 0.637455
 0 0.637456
 0 0.637456
 0 0.637476
 0 0.637476
 0 0.637478
 0 0.637491
 0 0.637501
 0 0.637503
 0 0.637509
 0 0.637535
 0 0.637579
 0 0.637584
 0 0.637584
 0 0.637584
 0 0.637669
 0 0.63767
 0 0.637681
 0 0.637681
 0 0.637684
 0 0.63769
 0 0.637692
 0 0.637692
 0 0.637699
 0 0.637732
 0 0.63776
 0 0.63776
 0 0.637762
 0 0.637762
 0 0.637766
 0 0.637767
 0 0.637767
 0 0.637778
 0 0.637835
 0 0.637838
 0 0.637864
 0 0.637912
 0 0.637912
 0 0.637912
 0 0.637918
 0 0.637918
 0 0.63792
 0 0.637925
 0 0.637976
 0 0.637982
 0 0.638071
 0 0.638074
 0 0.638105
 0 0.638105
 0 0.638105
 0 0.638105
 0 0.638106
 0 0.638134
 0 0.638134
 0 0.638159
 0 0.63816
 0 0.638161
 0 0.638217
 0 0.638226
 0 0.638226
 0 0.638226
 0 0.638255
 0 0.638255
 0 0.638256
 0 0.638288
 0 0.638289
 0 0.638295
 0 0.638295
 0 0.6383
 0 0.6383
 0 0.638317
 0 0.638317
 0 0.638374
 0 0.638374
 0 0.638375
 0 0.638375
 0 0.638381
 0 0.638381
 0 0.638381
 0 0.638381
 0 0.638381
 0 0.638444
 0 0.638447
 0 0.638447
 0 0.638447
 0 0.63848
 0 0.638502
 0 0.638503
 0 0.638562
 0 0.638564
 0 0.638572
 0 0.638572
 0 0.638572
 0 0.638573
 0 0.638585
 0 0.638589
 0 0.638604
 0 0.638659
 0 0.63866
 0 0.638703
 0 0.638703
 0 0.638703
 0 0.638721
 0 0.638732
 0 0.638733
 0 0.638741
 0 0.638782
 0 0.638782
 0 0.638827
 0 0.638829
 0 0.638835
 0 0.638876
 0 0.63891
 0 0.63891
 0 0.638918
 0 0.63892
 0 0.638932
 0 0.638975
 0 0.639014
 0 0.639022
 0 0.639022
 0 0.639022
 0 0.639023
 0 0.639044
 0 0.639066
 0 0.639066
 0 0.639102
 0 0.639102
 0 0.639144
 0 0.639204
 0 0.639204
 0 0.639204
 0 0.639205
 0 0.639205
 0 0.639239
 0 0.639239
 0 0.639284
 0 0.639284
 0 0.639285
 0 0.639319
 0 0.639319
 0 0.639334
 0 0.639334
 0 0.639335
 0 0.639335
 0 0.639383
 0 0.63939
 0 0.639391
 0 0.639391
 0 0.639392
 0 0.639428
 0 0.639429
 0 0.639441
 0 0.639441
 0 0.639442
 0 0.639443
 0 0.639452
 0 0.639477
 0 0.639477
 0 0.63949
 0 0.63949
 0 0.639492
 0 0.639504
 0 0.639505
 0 0.639508
 0 0.639508
 0 0.639509
 0 0.639623
 0 0.639623
 0 0.639631
 0 0.639645
 0 0.639745
 0 0.639745
 0 0.639745
 0 0.639746
 0 0.639798
 0 0.639811
 0 0.639811
 0 0.639811
 0 0.639857
 0 0.639857
 0 0.639857
 0 0.639905
 0 0.63992
 0 0.63992
 0 0.63992
 0 0.63993
 0 0.63993
 0 0.63993
 0 0.63997
 0 0.639971
 0 0.64007
 0 0.64007
 0 0.640082
 0 0.640083
 0 0.640132
 0 0.640139
 0 0.640164
 0 0.640164
 0 0.640164
 0 0.640164
 0 0.640164
 0 0.640165
 0 0.640255
 0 0.640255
 0 0.640306
 0 0.640307
 0 0.640354
 0 0.640354
 0 0.640354
 0 0.640363
 0 0.64038
 0 0.640506
 0 0.640506
 0 0.640507
 0 0.640542
 0 0.640556
 0 0.640567
 0 0.640567
 0 0.640727
 0 0.640727
 0 0.640728
 0 0.640728
 0 0.640728
 0 0.640732
 0 0.640733
 0 0.640733
 0 0.640742
 0 0.640742
 0 0.640742
 0 0.64089
 0 0.640896
 0 0.64092
 0 0.64092
 0 0.640921
 0 0.641091
 0 0.641277
 0 0.641278
 0 0.641278
 0 0.641338
 0 0.641362
 0 0.641374
 0 0.641401
 0 0.641455
 0 0.641456
 0 0.641648
 0 0.641649
 0 0.64172
 0 0.641721
 0 0.641739
 0 0.64174
 0 0.64174
 0 0.64174
 0 0.64174
 0 0.64185
 0 0.64185
 0 0.64185
 0 0.641948
 0 0.641955
 0 0.64198
 0 0.64198
 0 0.641981
 0 0.641982
 0 0.641983
 0 0.642032
 0 0.642054
 0 0.642054
 0 0.642068
 0 0.642169
 0 0.642187
 0 0.642187
 0 0.642201
 0 0.642201
 0 0.642216
 0 0.642216
 0 0.642216
 0 0.642217
 0 0.642217
 0 0.642226
 0 0.642226
 0 0.642301
 0 0.642378
 0 0.642378
 0 0.642435
 0 0.642436
 0 0.642524
 0 0.642553
 0 0.642587
 0 0.642748
 0 0.642792
 0 0.6429
 0 0.6429
 0 0.6429
 0 0.642901
 0 0.642901
 0 0.642974
 0 0.642974
 0 0.643137
 0 0.643153
 0 0.643165
 0 0.643166
 0 0.643169
 0 0.643169
 0 0.643169
 0 0.643184
 0 0.643246
 0 0.643246
 0 0.643532
 0 0.643792
 0 0.643793
 0 0.643827
 0 0.64401
 0 0.64401
 0 0.64401
 0 0.644322
 0 0.644322
 0 0.644548
 0 0.644759
 0 0.644853
 0 0.645015
 0 0.64517
 0 0.645171
 0 0.64522
 0 0.64541
 0 0.64541
 0 0.645476
 0 inf
