 0 0.488322
 0 0.488762
 0 0.488763
 0 0.488763
 0 0.488926
 0 0.488927
 0 0.511251
 0 0.511251
 0 0.511704
 0 0.512139
 0 0.512139
 0 0.512139
 0 0.626375
 0 0.626375
 0 0.626375
 0 0.626375
 0 0.627172
 0 0.627172
 0 0.627608
 0 0.627622
 0 0.627622
 0 0.627637
 0 0.627733
 0 0.627736
 0 0.627736
 0 0.627758
 0 0.627759
 0 0.627759
 0 0.627768
 0 0.627768
 0 0.62781
 0 0.62781
 0 0.627811
 0 0.62804
 0 0.62804
 0 0.628052
 0 0.62811
 0 0.62811
 0 0.628149
 0 0.628205
 0 0.62824
 0 0.628342
 0 0.628357
 0 0.628384
 0 0.628384
 0 0.628384
 0 0.62846
 0 0.628462
 0 0.628505
 0 0.628506
 0 0.628506
 0 0.628506
 0 0.628567
 0 0.628609
 0 0.628627
 0 0.628627
 0 0.628672
 0 0.628696
 0 0.628696
 0 0.628702
 0 0.628772
 0 0.6288
 0 0.6288
 0 0.628812
 0 0.628861
 0 0.628861
 0 0.628892
 0 0.628892
 0 0.628898
 0 0.629026
 0 0.629063
 0 0.629076
 0 0.629152
 0 0.629152
 0 0.629153
 0 0.629154
 0 0.629154
 0 0.629162
 0 0.629162
 0 0.629164
 0 0.629167
 0 0.629167
 0 0.629167
 0 0.629182
 0 0.629182
 0 0.629182
 0 0.629182
 0 0.629215
 0 0.629215
 0 0.629229
 0 0.629255
 0 0.629255
 0 0.629281
 0 0.62934
 0 0.629385
 0 0.629385
 0 0.629386
 0 0.629388
 0 0.629388
 0 0.62942
 0 0.629421
 0 0.629423
 0 0.629428
 0 0.629428
 0 0.629432
 0 0.629433
 0 0.629452
 0 0.629452
 0 0.629461
 0 0.629471
 0 0.629477
 0 0.629521
 0 0.629542
 0 0.629542
 0 0.629623
 0 0.629623
 0 0.62963
 0 0.629646
 0 0.629646
 0 0.629651
 0 0.629656
 0 0.629748
 0 0.629749
 0 0.629749
 0 0.629762
 0 0.629763
 0 0.629763
 0 0.629783
 0 0.629785
 0 0.629785
 0 0.629807
 0 0.62982
 0 0.629821
 0 0.629833
 0 0.629912
 0 0.629913
 0 0.629913
 0 0.629933
 0 0.629933
 0 0.629933
 0 0.629955
 0 0.629957
 0 0.629987
 0 0.629987
 0 0.629988
 0 0.630007
 0 0.630008
 0 0.630008
 0 0.630008
 0 0.630029
 0 0.630029
 0 0.630058
 0 0.630058
 0 0.630058
 0 0.630068
 0 0.630075
 0 0.630076
 0 0.630085
 0 0.630086
 0 0.630094
 0 0.630094
 0 0.630094
 0 0.630095
 0 0.630095
 0 0.630159
 0 0.63016
 0 0.63016
 0 0.630192
 0 0.630228
 0 0.630228
 0 0.630233
 0 0.630255
 0 0.630303
 0 0.630303
 0 0.630329
 0 0.630356
 0 0.630483
 0 0.630483
 0 0.630484
 0 0.630484
 0 0.63052
 0 0.63052
 0 0.630522
 0 0.630525
 0 0.630546
 0 0.630547
 0 0.630551
 0 0.630632
 0 0.630632
 0 0.630632
 0 0.630633
 0 0.630633
 0 0.630635
 0 0.630636
 0 0.630636
 0 0.630661
 0 0.630661
 0 0.630683
 0 0.630683
 0 0.630683
 0 0.630683
 0 0.630696
 0 0.630696
 0 0.630702
 0 0.630702
 0 0.630702
 0 0.630757
 0 0.630765
 0 0.630766
 0 0.630766
 0 0.630767
 0 0.630767
 0 0.630775
 0 0.630775
 0 0.630776
 0 0.630788
 0 0.630788
 0 0.630788
 0 0.630789
 0 0.630789
 0 0.630825
 0 0.630826
 0 0.630838
 0 0.630838
 0 0.630856
 0 0.630866
 0 0.630888
 0 0.630892
 0 0.630893
 0 0.630893
 0 0.630894
 0 0.630947
 0 0.630987
 0 0.630987
 0 0.631014
 0 0.631058
 0 0.631058
 0 0.631058
 0 0.631072
 0 0.631072
 0 0.631073
 0 0.631073
 0 0.631078
 0 0.631078
 0 0.631079
 0 0.631098
 0 0.631115
 0 0.631116
 0 0.631118
 0 0.631118
 0 0.631128
 0 0.631229
 0 0.631238
 0 0.631239
 0 0.631241
 0 0.631241
 0 0.631254
 0 0.631281
 0 0.631283
 0 0.631283
 0 0.631291
 0 0.631291
 0 0.631292
 0 0.631295
 0 0.631295
 0 0.631307
 0 0.631307
 0 0.631307
 0 0.631308
 0 0.631309
 0 0.631314
 0 0.631314
 0 0.631353
 0 0.631411
 0 0.631433
 0 0.631433
 0 0.631433
 0 0.631434
 0 0.631443
 0 0.631449
 0 0.63145
 0 0.631469
 0 0.631482
 0 0.631491
 0 0.631501
 0 0.631501
 0 0.631501
 0 0.631509
 0 0.631509
 0 0.631509
 0 0.631543
 0 0.631595
 0 0.631605
 0 0.631608
 0 0.631609
 0 0.631612
 0 0.631621
 0 0.631676
 0 0.631676
 0 0.631687
 0 0.631688
 0 0.6317
 0 0.631701
 0 0.631702
 0 0.631703
 0 0.631707
 0 0.631712
 0 0.631723
 0 0.631739
 0 0.631739
 0 0.631739
 0 0.631739
 0 0.631751
 0 0.631752
 0 0.631767
 0 0.631767
 0 0.63177
 0 0.631771
 0 0.63178
 0 0.63178
 0 0.63178
 0 0.63178
 0 0.631796
 0 0.631796
 0 0.631802
 0 0.631802
 0 0.631811
 0 0.631814
 0 0.631818
 0 0.631824
 0 0.631824
 0 0.631842
 0 0.631843
 0 0.631851
 0 0.631852
 0 0.631874
 0 0.631874
 0 0.631874
 0 0.631917
 0 0.631918
 0 0.631922
 0 0.631923
 0 0.631938
 0 0.631938
 0 0.631939
 0 0.631941
 0 0.631945
 0 0.631945
 0 0.631946
 0 0.631946
 0 0.631953
 0 0.631953
 0 0.631953
 0 0.631974
 0 0.631982
 0 0.632002
 0 0.632002
 0 0.632002
 0 0.632005
 0 0.632005
 0 0.632006
 0 0.632016
 0 0.632016
 0 0.632017
 0 0.632029
 0 0.632033
 0 0.632033
 0 0.632033
 0 0.632036
 0 0.632039
 0 0.632046
 0 0.632047
 0 0.632063
 0 0.632063
 0 0.632063
 0 0.632063
 0 0.632064
 0 0.632084
 0 0.632084
 0 0.632085
 0 0.63211
 0 0.632126
 0 0.632129
 0 0.632129
 0 0.632142
 0 0.632143
 0 0.632145
 0 0.632148
 0 0.632154
 0 0.632154
 0 0.632154
 0 0.632154
 0 0.632166
 0 0.632167
 0 0.632193
 0 0.632203
 0 0.632206
 0 0.632206
 0 0.632206
 0 0.632206
 0 0.632206
 0 0.63221
 0 0.632219
 0 0.632226
 0 0.632226
 0 0.632255
 0 0.63228
 0 0.632281
 0 0.632281
 0 0.632281
 0 0.632281
 0 0.632288
 0 0.632288
 0 0.632288
 0 0.632293
 0 0.632293
 0 0.632293
 0 0.632293
 0 0.632294
 0 0.632295
 0 0.632295
 0 0.632298
 0 0.632312
 0 0.632312
 0 0.632312
 0 0.632324
 0 0.632324
 0 0.632324
 0 0.632324
 0 0.632325
 0 0.63233
 0 0.632333
 0 0.632333
 0 0.632333
 0 0.632333
 0 0.632336
 0 0.632336
 0 0.632339
 0 0.632343
 0 0.632359
 0 0.632373
 0 0.632374
 0 0.632378
 0 0.63238
 0 0.63238
 0 0.632384
 0 0.632384
 0 0.632418
 0 0.632419
 0 0.632435
 0 0.632438
 0 0.632438
 0 0.632444
 0 0.632445
 0 0.632448
 0 0.632466
 0 0.632466
 0 0.632466
 0 0.632468
 0 0.632469
 0 0.632497
 0 0.632522
 0 0.632522
 0 0.632523
 0 0.632525
 0 0.632535
 0 0.632536
 0 0.632536
 0 0.632537
 0 0.632553
 0 0.632585
 0 0.632585
 0 0.632585
 0 0.632585
 0 0.632615
 0 0.632616
 0 0.632646
 0 0.632646
 0 0.632646
 0 0.632648
 0 0.632648
 0 0.632652
 0 0.632652
 0 0.632652
 0 0.632652
 0 0.632656
 0 0.632658
 0 0.632659
 0 0.63266
 0 0.632668
 0 0.632668
 0 0.632669
 0 0.632669
 0 0.632673
 0 0.632677
 0 0.632683
 0 0.632684
 0 0.632684
 0 0.632684
 0 0.632684
 0 0.632684
 0 0.632694
 0 0.632697
 0 0.632697
 0 0.632697
 0 0.632698
 0 0.6327
 0 0.632705
 0 0.632705
 0 0.632716
 0 0.632716
 0 0.632716
 0 0.632717
 0 0.632722
 0 0.632722
 0 0.632727
 0 0.632741
 0 0.632742
 0 0.63276
 0 0.63276
 0 0.632774
 0 0.632774
 0 0.632774
 0 0.632774
 0 0.632785
 0 0.632785
 0 0.632786
 0 0.632792
 0 0.632795
 0 0.632795
 0 0.632795
 0 0.632821
 0 0.63283
 0 0.63283
 0 0.632831
 0 0.632831
 0 0.632831
 0 0.632848
 0 0.632848
 0 0.632849
 0 0.632863
 0 0.632863
 0 0.632864
 0 0.632867
 0 0.632867
 0 0.632867
 0 0.632877
 0 0.632877
 0 0.63288
 0 0.632884
 0 0.632884
 0 0.632902
 0 0.632905
 0 0.632906
 0 0.632927
 0 0.63294
 0 0.63294
 0 0.63294
 0 0.63295
 0 0.63295
 0 0.632953
 0 0.632953
 0 0.632953
 0 0.632953
 0 0.632966
 0 0.632967
 0 0.632969
 0 0.632972
 0 0.633016
 0 0.633017
 0 0.633017
 0 0.633031
 0 0.633035
 0 0.633037
 0 0.633052
 0 0.63307
 0 0.633072
 0 0.633072
 0 0.633082
 0 0.633082
 0 0.633084
 0 0.63312
 0 0.63312
 0 0.63312
 0 0.633121
 0 0.633146
 0 0.633146
 0 0.633148
 0 0.633149
 0 0.633149
 0 0.633165
 0 0.633171
 0 0.633171
 0 0.63318
 0 0.633186
 0 0.633191
 0 0.633203
 0 0.633205
 0 0.633206
 0 0.633206
 0 0.633207
 0 0.633208
 0 0.633212
 0 0.633213
 0 0.633224
 0 0.633225
 0 0.633229
 0 0.63324
 0 0.63324
 0 0.633241
 0 0.633274
 0 0.633274
 0 0.633281
 0 0.633309
 0 0.633315
 0 0.633316
 0 0.633316
 0 0.633317
 0 0.633317
 0 0.633325
 0 0.633329
 0 0.633329
 0 0.633356
 0 0.633358
 0 0.63336
 0 0.633361
 0 0.633364
 0 0.633364
 0 0.63338
 0 0.63338
 0 0.633399
 0 0.633419
 0 0.633421
 0 0.633421
 0 0.633432
 0 0.633432
 0 0.633432
 0 0.633436
 0 0.633449
 0 0.633449
 0 0.633449
 0 0.633449
 0 0.633449
 0 0.63345
 0 0.633451
 0 0.633452
 0 0.633458
 0 0.633462
 0 0.633462
 0 0.633462
 0 0.633467
 0 0.633467
 0 0.633468
 0 0.633469
 0 0.633469
 0 0.63348
 0 0.633489
 0 0.633489
 0 0.63349
 0 0.633498
 0 0.633499
 0 0.633499
 0 0.6335
 0 0.6335
 0 0.6335
 0 0.633516
 0 0.633516
 0 0.633516
 0 0.633518
 0 0.633525
 0 0.633526
 0 0.633537
 0 0.633537
 0 0.633544
 0 0.633544
 0 0.633546
 0 0.633549
 0 0.633549
 0 0.633559
 0 0.633559
 0 0.633571
 0 0.633575
 0 0.633616
 0 0.633616
 0 0.633616
 0 0.633616
 0 0.633616
 0 0.633621
 0 0.633628
 0 0.633628
 0 0.633631
 0 0.633638
 0 0.633639
 0 0.633639
 0 0.633639
 0 0.63364
 0 0.633677
 0 0.633677
 0 0.633679
 0 0.633698
 0 0.633699
 0 0.633715
 0 0.633722
 0 0.633733
 0 0.633733
 0 0.633734
 0 0.633738
 0 0.633738
 0 0.633739
 0 0.63374
 0 0.633746
 0 0.633746
 0 0.633747
 0 0.633755
 0 0.633786
 0 0.633786
 0 0.633786
 0 0.633786
 0 0.633792
 0 0.633793
 0 0.633793
 0 0.633795
 0 0.633796
 0 0.633796
 0 0.633824
 0 0.633824
 0 0.63386
 0 0.633861
 0 0.633861
 0 0.633861
 0 0.633885
 0 0.633885
 0 0.633888
 0 0.63389
 0 0.63389
 0 0.633891
 0 0.633891
 0 0.633906
 0 0.633906
 0 0.633906
 0 0.633931
 0 0.633931
 0 0.633931
 0 0.633931
 0 0.633947
 0 0.633953
 0 0.633953
 0 0.633954
 0 0.633956
 0 0.633956
 0 0.633956
 0 0.633982
 0 0.633982
 0 0.633988
 0 0.633988
 0 0.633988
 0 0.633995
 0 0.634018
 0 0.634027
 0 0.634027
 0 0.63403
 0 0.63403
 0 0.634042
 0 0.634051
 0 0.634051
 0 0.634056
 0 0.634056
 0 0.634056
 0 0.634083
 0 0.634084
 0 0.634088
 0 0.634089
 0 0.634097
 0 0.634098
 0 0.634109
 0 0.634113
 0 0.634114
 0 0.634114
 0 0.634114
 0 0.634115
 0 0.634119
 0 0.634119
 0 0.634121
 0 0.634133
 0 0.634133
 0 0.63415
 0 0.63416
 0 0.634161
 0 0.634161
 0 0.634162
 0 0.634162
 0 0.634163
 0 0.634163
 0 0.634163
 0 0.634174
 0 0.634175
 0 0.634175
 0 0.634176
 0 0.634176
 0 0.634176
 0 0.634178
 0 0.634178
 0 0.634178
 0 0.634199
 0 0.634199
 0 0.634202
 0 0.634207
 0 0.634215
 0 0.634244
 0 0.634258
 0 0.634258
 0 0.634259
 0 0.634259
 0 0.634259
 0 0.634263
 0 0.634263
 0 0.634263
 0 0.634263
 0 0.634263
 0 0.634265
 0 0.634265
 0 0.634266
 0 0.63427
 0 0.634274
 0 0.634282
 0 0.634282
 0 0.634282
 0 0.634282
 0 0.634303
 0 0.634304
 0 0.634314
 0 0.634325
 0 0.634325
 0 0.634325
 0 0.634326
 0 0.634326
 0 0.634328
 0 0.634341
 0 0.634357
 0 0.634357
 0 0.634359
 0 0.634359
 0 0.634359
 0 0.634377
 0 0.634379
 0 0.634379
 0 0.634379
 0 0.634382
 0 0.634385
 0 0.634404
 0 0.634417
 0 0.634417
 0 0.634418
 0 0.634424
 0 0.634424
 0 0.634434
 0 0.634434
 0 0.634436
 0 0.634437
 0 0.634446
 0 0.634446
 0 0.634462
 0 0.634474
 0 0.634475
 0 0.634475
 0 0.634477
 0 0.634477
 0 0.634477
 0 0.634477
 0 0.634477
 0 0.634499
 0 0.6345
 0 0.634505
 0 0.634528
 0 0.634529
 0 0.634531
 0 0.634531
 0 0.634534
 0 0.63455
 0 0.634553
 0 0.634555
 0 0.634555
 0 0.634559
 0 0.63456
 0 0.634569
 0 0.634571
 0 0.634572
 0 0.634575
 0 0.634587
 0 0.634588
 0 0.634593
 0 0.634593
 0 0.634609
 0 0.63464
 0 0.634645
 0 0.634646
 0 0.63465
 0 0.63465
 0 0.63465
 0 0.634651
 0 0.634653
 0 0.634653
 0 0.634654
 0 0.634654
 0 0.634654
 0 0.63467
 0 0.634671
 0 0.634682
 0 0.634682
 0 0.634696
 0 0.634704
 0 0.634704
 0 0.634708
 0 0.634709
 0 0.634717
 0 0.63472
 0 0.634721
 0 0.63473
 0 0.634731
 0 0.634731
 0 0.634731
 0 0.634731
 0 0.634732
 0 0.634732
 0 0.634733
 0 0.634736
 0 0.634736
 0 0.634739
 0 0.634748
 0 0.634748
 0 0.634767
 0 0.634767
 0 0.634767
 0 0.634772
 0 0.634773
 0 0.63479
 0 0.63479
 0 0.634794
 0 0.634794
 0 0.634799
 0 0.634801
 0 0.634801
 0 0.634802
 0 0.634803
 0 0.634804
 0 0.634804
 0 0.634809
 0 0.63482
 0 0.634831
 0 0.634832
 0 0.634836
 0 0.634849
 0 0.634849
 0 0.634849
 0 0.634849
 0 0.634849
 0 0.634859
 0 0.634859
 0 0.63486
 0 0.634895
 0 0.634895
 0 0.634897
 0 0.634916
 0 0.634922
 0 0.634922
 0 0.63497
 0 0.63497
 0 0.634975
 0 0.634975
 0 0.634984
 0 0.634999
 0 0.634999
 0 0.635001
 0 0.635006
 0 0.635006
 0 0.635007
 0 0.635007
 0 0.635007
 0 0.635022
 0 0.635022
 0 0.635028
 0 0.635033
 0 0.635037
 0 0.635037
 0 0.63505
 0 0.63505
 0 0.63505
 0 0.635051
 0 0.635051
 0 0.635051
 0 0.635052
 0 0.635054
 0 0.635066
 0 0.635067
 0 0.635067
 0 0.635068
 0 0.635068
 0 0.635077
 0 0.635091
 0 0.635092
 0 0.635102
 0 0.63511
 0 0.635121
 0 0.635129
 0 0.635129
 0 0.635139
 0 0.635148
 0 0.635149
 0 0.635149
 0 0.635165
 0 0.635171
 0 0.635171
 0 0.635171
 0 0.635171
 0 0.635201
 0 0.635201
 0 0.635201
 0 0.635212
 0 0.635212
 0 0.635221
 0 0.635228
 0 0.635228
 0 0.635259
 0 0.63526
 0 0.635267
 0 0.635267
 0 0.635268
 0 0.635283
 0 0.635292
 0 0.635304
 0 0.635304
 0 0.635304
 0 0.635336
 0 0.635342
 0 0.635342
 0 0.635342
 0 0.635342
 0 0.635342
 0 0.635343
 0 0.635343
 0 0.635356
 0 0.635356
 0 0.635356
 0 0.635357
 0 0.635361
 0 0.635362
 0 0.635362
 0 0.635363
 0 0.635363
 0 0.635363
 0 0.635375
 0 0.635376
 0 0.635377
 0 0.635381
 0 0.635399
 0 0.635403
 0 0.635403
 0 0.635403
 0 0.635404
 0 0.635407
 0 0.635426
 0 0.635426
 0 0.635453
 0 0.635454
 0 0.635454
 0 0.635454
 0 0.635475
 0 0.635475
 0 0.635475
 0 0.635475
 0 0.635475
 0 0.635476
 0 0.635499
 0 0.635505
 0 0.635505
 0 0.635506
 0 0.635552
 0 0.635552
 0 0.635552
 0 0.635553
 0 0.63556
 0 0.63556
 0 0.635566
 0 0.635566
 0 0.635593
 0 0.635593
 0 0.635593
 0 0.63561
 0 0.635617
 0 0.635617
 0 0.635617
 0 0.635617
 0 0.635619
 0 0.635619
 0 0.635619
 0 0.635631
 0 0.635633
 0 0.635645
 0 0.635645
 0 0.635645
 0 0.635646
 0 0.635646
 0 0.635648
 0 0.635668
 0 0.635668
 0 0.635669
 0 0.63567
 0 0.635671
 0 0.635674
 0 0.635674
 0 0.635674
 0 0.635675
 0 0.635687
 0 0.635687
 0 0.635687
 0 0.635692
 0 0.635694
 0 0.635694
 0 0.635694
 0 0.635694
 0 0.635695
 0 0.635695
 0 0.635696
 0 0.635696
 0 0.635696
 0 0.635696
 0 0.635696
 0 0.635741
 0 0.635741
 0 0.635748
 0 0.635768
 0 0.635781
 0 0.635781
 0 0.635837
 0 0.635837
 0 0.635838
 0 0.635838
 0 0.635849
 0 0.63585
 0 0.63585
 0 0.635873
 0 0.635888
 0 0.635889
 0 0.635909
 0 0.635914
 0 0.635914
 0 0.635915
 0 0.635917
 0 0.635939
 0 0.635939
 0 0.63594
 0 0.635964
 0 0.635964
 0 0.635967
 0 0.635967
 0 0.635967
 0 0.635983
 0 0.635983
 0 0.635998
 0 0.635998
 0 0.635998
 0 0.636002
 0 0.63602
 0 0.63602
 0 0.636039
 0 0.636064
 0 0.636065
 0 0.636065
 0 0.636065
 0 0.636074
 0 0.636074
 0 0.636078
 0 0.636102
 0 0.636102
 0 0.636103
 0 0.636103
 0 0.636121
 0 0.636126
 0 0.636129
 0 0.63613
 0 0.636134
 0 0.636145
 0 0.636146
 0 0.636152
 0 0.636152
 0 0.636152
 0 0.636152
 0 0.636152
 0 0.636174
 0 0.636174
 0 0.636196
 0 0.636196
 0 0.636196
 0 0.636214
 0 0.636214
 0 0.636222
 0 0.636222
 0 0.636222
 0 0.636222
 0 0.636222
 0 0.636243
 0 0.636249
 0 0.636261
 0 0.636262
 0 0.636262
 0 0.636262
 0 0.636306
 0 0.636306
 0 0.636306
 0 0.636315
 0 0.636315
 0 0.636315
 0 0.636344
 0 0.636345
 0 0.636345
 0 0.63635
 0 0.63635
 0 0.636355
 0 0.636359
 0 0.636359
 0 0.636384
 0 0.636417
 0 0.636436
 0 0.636436
 0 0.63644
 0 0.636442
 0 0.636443
 0 0.636443
 0 0.636451
 0 0.636451
 0 0.636476
 0 0.636479
 0 0.636479
 0 0.63648
 0 0.636495
 0 0.636495
 0 0.636496
 0 0.636498
 0 0.636499
 0 0.636499
 0 0.636511
 0 0.636522
 0 0.636522
 0 0.636523
 0 0.636523
 0 0.636523
 0 0.636532
 0 0.636532
 0 0.636532
 0 0.63655
 0 0.636552
 0 0.636559
 0 0.636559
 0 0.636571
 0 0.636573
 0 0.636575
 0 0.636586
 0 0.636586
 0 0.636588
 0 0.636588
 0 0.636599
 0 0.636601
 0 0.636607
 0 0.636607
 0 0.636608
 0 0.636626
 0 0.63664
 0 0.636652
 0 0.636655
 0 0.636662
 0 0.636662
 0 0.636663
 0 0.636668
 0 0.636668
 0 0.636679
 0 0.636679
 0 0.636679
 0 0.63668
 0 0.636686
 0 0.636708
 0 0.636708
 0 0.636737
 0 0.636737
 0 0.636742
 0 0.636774
 0 0.636774
 0 0.636784
 0 0.636784
 0 0.636787
 0 0.63679
 0 0.63679
 0 0.63679
 0 0.63679
 0 0.63679
 0 0.636793
 0 0.636797
 0 0.636797
 0 0.636797
 0 0.63681
 0 0.636811
 0 0.636811
 0 0.636811
 0 0.636811
 0 0.636815
 0 0.636815
 0 0.636822
 0 0.636824
 0 0.636825
 0 0.636837
 0 0.636838
 0 0.636838
 0 0.636838
 0 0.636871
 0 0.636882
 0 0.636883
 0 0.636895
 0 0.636895
 0 0.636896
 0 0.636896
 0 0.636903
 0 0.636912
 0 0.636912
 0 0.636912
 0 0.636912
 0 0.636928
 0 0.636928
 0 0.636955
 0 0.636956
 0 0.636956
 0 0.636969
 0 0.636969
 0 0.636969
 0 0.636975
 0 0.636975
 0 0.636975
 0 0.636975
 0 0.636976
 0 0.636985
 0 0.637011
 0 0.637035
 0 0.637036
 0 0.637047
 0 0.637052
 0 0.637052
 0 0.637057
 0 0.637085
 0 0.637107
 0 0.63711
 0 0.63711
 0 0.637125
 0 0.637125
 0 0.637125
 0 0.637126
 0 0.637126
 0 0.637126
 0 0.637134
 0 0.637134
 0 0.637135
 0 0.637135
 0 0.637135
 0 0.637135
 0 0.637142
 0 0.637154
 0 0.637154
 0 0.637154
 0 0.637185
 0 0.637186
 0 0.637195
 0 0.637204
 0 0.637205
 0 0.637205
 0 0.637208
 0 0.637239
 0 0.637245
 0 0.637246
 0 0.637253
 0 0.637267
 0 0.63727
 0 0.63727
 0 0.63727
 0 0.63727
 0 0.637273
 0 0.637273
 0 0.637286
 0 0.637287
 0 0.637294
 0 0.637318
 0 0.637319
 0 0.637359
 0 0.637359
 0 0.637383
 0 0.637383
 0 0.637392
 0 0.637392
 0 0.637392
 0 0.637393
 0 0.637396
 0 0.637396
 0 0.637397
 0 0.637428
 0 0.637456
 0 0.637456
 0 0.637477
 0 0.637477
 0 0.637491
 0 0.637491
 0 0.637491
 0 0.637495
 0 0.637497
 0 0.637498
 0 0.637498
 0 0.637574
 0 0.637616
 0 0.637638
 0 0.637648
 0 0.637653
 0 0.63766
 0 0.637705
 0 0.637709
 0 0.637709
 0 0.637709
 0 0.63771
 0 0.637734
 0 0.637735
 0 0.637784
 0 0.637784
 0 0.637785
 0 0.637785
 0 0.637802
 0 0.637814
 0 0.637851
 0 0.637882
 0 0.637882
 0 0.637885
 0 0.637886
 0 0.63789
 0 0.637891
 0 0.637892
 0 0.637894
 0 0.637895
 0 0.637907
 0 0.637911
 0 0.637911
 0 0.637953
 0 0.637954
 0 0.637954
 0 0.637958
 0 0.637958
 0 0.638016
 0 0.638016
 0 0.638016
 0 0.638023
 0 0.638025
 0 0.638025
 0 0.638025
 0 0.638029
 0 0.638067
 0 0.638067
 0 0.638177
 0 0.638177
 0 0.638202
 0 0.63825
 0 0.63825
 0 0.63825
 0 0.638264
 0 0.638348
 0 0.638349
 0 0.638352
 0 0.638352
 0 0.638358
 0 0.63844
 0 0.638444
 0 0.638497
 0 0.638515
 0 0.638515
 0 0.638515
 0 0.638584
 0 0.638584
 0 0.638627
 0 0.638628
 0 0.638639
 0 0.638676
 0 0.638687
 0 0.638687
 0 0.638687
 0 0.638838
 0 0.638957
 0 0.638957
 0 0.639031
 0 0.639057
 0 0.639398
 0 0.639398
 0 0.639444
 0 0.639444
 0 0.639666
 0 0.639666
 0 0.639715
 0 0.639788
 0 0.639788
 0 0.639788
 0 0.639789
 0 0.639789
 0 0.639813
 0 0.639822
 0 0.639886
 0 0.639886
 0 0.639886
 0 0.639886
 0 0.639942
 0 0.639942
 0 0.640186
 0 0.640186
 0 0.64029
 0 0.640298
 0 0.640298
 0 0.640298
 0 0.640299
 0 0.640319
 0 0.640348
 0 0.640348
 0 0.640694
 0 0.640694
 0 0.640744
 0 0.640745
 0 0.640858
 0 0.640858
 0 0.640858
 0 0.640973
 0 0.641015
 0 0.641029
 0 0.641214
 0 0.641222
 0 0.641222
 0 0.641347
 0 0.641661
 0 0.641783
 0 inf
