 0 0.482243
 0 0.482243
 0 0.482243
 0 0.482679
 0 0.482755
 0 0.482756
 0 0.518971
 0 0.518971
 0 0.518971
 0 0.520278
 0 0.520278
 0 0.520311
 0 0.626358
 0 0.626572
 0 0.626572
 0 0.626835
 0 0.626998
 0 0.627044
 0 0.627044
 0 0.627081
 0 0.627081
 0 0.627111
 0 0.627112
 0 0.627112
 0 0.627116
 0 0.627117
 0 0.627117
 0 0.627117
 0 0.627233
 0 0.627233
 0 0.627268
 0 0.627303
 0 0.627308
 0 0.627308
 0 0.627308
 0 0.627308
 0 0.627313
 0 0.627313
 0 0.627356
 0 0.627357
 0 0.627367
 0 0.627367
 0 0.627368
 0 0.627383
 0 0.627383
 0 0.627438
 0 0.627453
 0 0.627479
 0 0.627529
 0 0.627529
 0 0.62753
 0 0.62753
 0 0.627582
 0 0.627582
 0 0.627683
 0 0.627683
 0 0.627683
 0 0.627705
 0 0.627705
 0 0.627741
 0 0.627741
 0 0.627741
 0 0.627741
 0 0.627746
 0 0.627746
 0 0.627758
 0 0.627758
 0 0.627758
 0 0.627867
 0 0.62787
 0 0.62787
 0 0.627874
 0 0.627874
 0 0.627874
 0 0.627883
 0 0.627896
 0 0.627896
 0 0.627897
 0 0.627897
 0 0.627993
 0 0.627993
 0 0.628061
 0 0.628074
 0 0.628119
 0 0.628151
 0 0.628168
 0 0.628179
 0 0.628179
 0 0.628179
 0 0.628187
 0 0.628187
 0 0.628223
 0 0.628243
 0 0.628314
 0 0.628314
 0 0.628314
 0 0.628314
 0 0.628335
 0 0.628335
 0 0.628402
 0 0.628402
 0 0.628402
 0 0.628409
 0 0.628409
 0 0.628447
 0 0.628447
 0 0.628447
 0 0.628485
 0 0.628491
 0 0.628491
 0 0.628542
 0 0.628543
 0 0.628543
 0 0.628543
 0 0.628543
 0 0.628543
 0 0.628562
 0 0.628606
 0 0.628606
 0 0.628606
 0 0.628656
 0 0.628679
 0 0.628698
 0 0.628707
 0 0.628707
 0 0.628707
 0 0.628708
 0 0.628729
 0 0.628749
 0 0.62875
 0 0.628788
 0 0.628832
 0 0.62884
 0 0.62892
 0 0.62892
 0 0.628924
 0 0.628924
 0 0.628952
 0 0.628956
 0 0.628977
 0 0.628977
 0 0.629097
 0 0.629098
 0 0.629099
 0 0.629099
 0 0.6291
 0 0.6291
 0 0.629102
 0 0.629102
 0 0.629102
 0 0.629165
 0 0.629204
 0 0.629213
 0 0.629213
 0 0.629213
 0 0.629213
 0 0.629225
 0 0.62929
 0 0.62929
 0 0.629294
 0 0.6293
 0 0.629313
 0 0.629313
 0 0.629322
 0 0.629322
 0 0.629322
 0 0.629324
 0 0.629324
 0 0.629325
 0 0.629341
 0 0.629356
 0 0.629403
 0 0.629404
 0 0.629425
 0 0.629425
 0 0.629427
 0 0.629427
 0 0.629448
 0 0.629448
 0 0.629448
 0 0.629465
 0 0.629472
 0 0.629472
 0 0.629541
 0 0.629553
 0 0.629576
 0 0.629617
 0 0.629617
 0 0.629618
 0 0.629619
 0 0.629621
 0 0.629623
 0 0.629623
 0 0.629623
 0 0.629623
 0 0.629624
 0 0.629631
 0 0.629631
 0 0.629642
 0 0.629643
 0 0.629643
 0 0.629643
 0 0.629643
 0 0.629646
 0 0.629668
 0 0.629668
 0 0.629668
 0 0.629669
 0 0.629671
 0 0.629687
 0 0.629713
 0 0.629713
 0 0.629714
 0 0.629726
 0 0.629727
 0 0.629727
 0 0.629727
 0 0.629728
 0 0.629753
 0 0.629753
 0 0.629758
 0 0.629758
 0 0.629758
 0 0.629758
 0 0.629763
 0 0.629764
 0 0.629764
 0 0.629785
 0 0.629785
 0 0.629785
 0 0.629785
 0 0.629787
 0 0.629788
 0 0.629804
 0 0.629805
 0 0.629834
 0 0.629859
 0 0.629859
 0 0.629859
 0 0.629859
 0 0.629872
 0 0.629873
 0 0.629877
 0 0.629883
 0 0.629884
 0 0.629887
 0 0.629887
 0 0.629887
 0 0.62989
 0 0.629901
 0 0.629901
 0 0.629902
 0 0.629921
 0 0.629925
 0 0.629925
 0 0.629929
 0 0.629939
 0 0.629951
 0 0.629951
 0 0.629951
 0 0.629999
 0 0.630037
 0 0.630041
 0 0.630094
 0 0.630095
 0 0.630095
 0 0.630144
 0 0.630144
 0 0.630211
 0 0.630232
 0 0.630233
 0 0.630234
 0 0.630243
 0 0.630244
 0 0.630246
 0 0.630262
 0 0.630262
 0 0.630262
 0 0.630264
 0 0.630272
 0 0.630272
 0 0.630305
 0 0.63031
 0 0.63031
 0 0.630319
 0 0.630319
 0 0.630319
 0 0.630321
 0 0.630321
 0 0.630322
 0 0.630322
 0 0.630328
 0 0.63033
 0 0.63033
 0 0.630333
 0 0.630333
 0 0.630341
 0 0.630341
 0 0.630368
 0 0.630376
 0 0.630376
 0 0.630377
 0 0.630377
 0 0.630391
 0 0.630392
 0 0.630392
 0 0.630392
 0 0.630397
 0 0.630397
 0 0.630397
 0 0.630397
 0 0.6304
 0 0.630401
 0 0.630408
 0 0.630408
 0 0.630421
 0 0.630421
 0 0.630429
 0 0.630436
 0 0.630436
 0 0.630441
 0 0.630441
 0 0.630451
 0 0.630454
 0 0.630454
 0 0.630457
 0 0.630458
 0 0.630458
 0 0.630471
 0 0.630477
 0 0.630477
 0 0.630483
 0 0.630483
 0 0.630487
 0 0.630487
 0 0.630487
 0 0.630507
 0 0.630509
 0 0.630511
 0 0.630511
 0 0.630513
 0 0.630519
 0 0.630519
 0 0.63056
 0 0.63056
 0 0.63056
 0 0.630565
 0 0.630589
 0 0.630589
 0 0.63059
 0 0.630592
 0 0.630593
 0 0.630621
 0 0.630642
 0 0.630643
 0 0.630646
 0 0.630647
 0 0.630647
 0 0.63068
 0 0.63068
 0 0.63069
 0 0.630693
 0 0.630696
 0 0.630696
 0 0.630696
 0 0.630696
 0 0.630721
 0 0.630725
 0 0.630727
 0 0.630736
 0 0.630742
 0 0.630743
 0 0.630743
 0 0.630748
 0 0.630753
 0 0.630761
 0 0.630763
 0 0.630763
 0 0.630766
 0 0.630766
 0 0.630782
 0 0.630791
 0 0.630791
 0 0.630792
 0 0.630793
 0 0.630794
 0 0.630794
 0 0.630828
 0 0.630837
 0 0.63087
 0 0.630871
 0 0.630874
 0 0.630879
 0 0.630892
 0 0.630892
 0 0.630892
 0 0.630893
 0 0.630893
 0 0.630894
 0 0.630909
 0 0.630913
 0 0.630913
 0 0.63094
 0 0.630946
 0 0.630946
 0 0.630956
 0 0.630963
 0 0.630963
 0 0.630966
 0 0.630966
 0 0.631012
 0 0.631015
 0 0.631015
 0 0.631016
 0 0.631019
 0 0.63102
 0 0.63102
 0 0.631027
 0 0.631027
 0 0.631027
 0 0.631039
 0 0.631039
 0 0.63104
 0 0.631058
 0 0.631058
 0 0.631062
 0 0.631062
 0 0.631065
 0 0.631069
 0 0.63107
 0 0.631071
 0 0.631071
 0 0.631071
 0 0.631101
 0 0.631101
 0 0.631101
 0 0.631114
 0 0.631114
 0 0.631124
 0 0.631127
 0 0.631127
 0 0.631129
 0 0.631129
 0 0.631129
 0 0.631134
 0 0.631134
 0 0.631135
 0 0.631165
 0 0.631174
 0 0.631174
 0 0.631174
 0 0.631197
 0 0.631202
 0 0.631204
 0 0.631208
 0 0.631208
 0 0.631209
 0 0.631217
 0 0.631217
 0 0.631217
 0 0.631222
 0 0.631222
 0 0.631228
 0 0.631228
 0 0.631229
 0 0.631248
 0 0.631258
 0 0.631296
 0 0.631305
 0 0.631305
 0 0.631305
 0 0.63132
 0 0.631347
 0 0.631348
 0 0.631353
 0 0.631358
 0 0.631365
 0 0.631365
 0 0.631366
 0 0.631366
 0 0.631368
 0 0.631368
 0 0.631368
 0 0.631374
 0 0.631374
 0 0.631376
 0 0.631398
 0 0.631399
 0 0.631402
 0 0.631407
 0 0.631408
 0 0.631408
 0 0.631408
 0 0.631408
 0 0.631408
 0 0.631412
 0 0.631418
 0 0.631423
 0 0.631426
 0 0.631441
 0 0.631454
 0 0.631454
 0 0.631462
 0 0.631462
 0 0.631468
 0 0.63147
 0 0.63147
 0 0.631473
 0 0.631478
 0 0.631479
 0 0.631479
 0 0.6315
 0 0.631529
 0 0.631533
 0 0.631542
 0 0.631544
 0 0.631544
 0 0.631545
 0 0.631546
 0 0.631553
 0 0.631553
 0 0.631562
 0 0.631572
 0 0.63158
 0 0.63159
 0 0.631591
 0 0.631591
 0 0.631591
 0 0.631591
 0 0.631591
 0 0.631605
 0 0.631609
 0 0.631609
 0 0.631609
 0 0.631615
 0 0.631615
 0 0.631625
 0 0.631625
 0 0.631625
 0 0.631628
 0 0.631633
 0 0.631651
 0 0.631651
 0 0.631652
 0 0.631653
 0 0.631653
 0 0.631654
 0 0.631675
 0 0.631681
 0 0.631706
 0 0.631707
 0 0.631713
 0 0.631713
 0 0.631716
 0 0.63172
 0 0.631736
 0 0.631736
 0 0.631736
 0 0.631745
 0 0.631745
 0 0.631745
 0 0.631757
 0 0.631757
 0 0.63176
 0 0.63176
 0 0.63176
 0 0.631777
 0 0.63178
 0 0.63178
 0 0.631781
 0 0.631786
 0 0.631787
 0 0.631787
 0 0.631787
 0 0.631787
 0 0.631792
 0 0.631792
 0 0.631792
 0 0.631811
 0 0.631817
 0 0.631817
 0 0.631825
 0 0.63183
 0 0.631841
 0 0.63185
 0 0.63185
 0 0.631855
 0 0.631856
 0 0.631857
 0 0.631859
 0 0.631863
 0 0.631863
 0 0.631869
 0 0.631874
 0 0.631882
 0 0.631882
 0 0.631924
 0 0.631925
 0 0.631926
 0 0.631929
 0 0.631929
 0 0.631933
 0 0.631941
 0 0.631941
 0 0.631942
 0 0.631952
 0 0.631969
 0 0.631982
 0 0.631992
 0 0.631992
 0 0.631992
 0 0.631993
 0 0.632004
 0 0.632004
 0 0.632021
 0 0.632022
 0 0.632022
 0 0.632027
 0 0.632029
 0 0.632029
 0 0.632029
 0 0.632029
 0 0.632052
 0 0.632052
 0 0.632054
 0 0.632055
 0 0.632089
 0 0.632089
 0 0.632093
 0 0.632093
 0 0.632104
 0 0.632108
 0 0.632114
 0 0.632115
 0 0.632115
 0 0.632115
 0 0.632115
 0 0.632116
 0 0.632116
 0 0.632121
 0 0.632131
 0 0.632131
 0 0.632131
 0 0.632131
 0 0.632144
 0 0.632144
 0 0.632144
 0 0.632144
 0 0.632148
 0 0.632149
 0 0.63215
 0 0.63215
 0 0.632152
 0 0.632153
 0 0.632162
 0 0.632166
 0 0.632192
 0 0.632192
 0 0.632192
 0 0.632194
 0 0.632194
 0 0.632206
 0 0.632219
 0 0.632219
 0 0.632227
 0 0.632239
 0 0.632239
 0 0.632239
 0 0.632242
 0 0.632243
 0 0.632257
 0 0.632263
 0 0.632263
 0 0.632264
 0 0.632276
 0 0.632276
 0 0.632288
 0 0.632288
 0 0.632333
 0 0.632333
 0 0.632343
 0 0.632344
 0 0.632352
 0 0.632352
 0 0.632361
 0 0.632362
 0 0.632374
 0 0.632376
 0 0.632378
 0 0.632378
 0 0.632392
 0 0.632393
 0 0.632399
 0 0.632399
 0 0.6324
 0 0.6324
 0 0.632401
 0 0.632406
 0 0.632408
 0 0.632409
 0 0.632409
 0 0.632413
 0 0.632413
 0 0.632413
 0 0.632425
 0 0.632425
 0 0.632426
 0 0.632426
 0 0.632433
 0 0.632435
 0 0.632435
 0 0.632437
 0 0.632437
 0 0.632438
 0 0.63246
 0 0.63246
 0 0.63246
 0 0.63246
 0 0.632469
 0 0.632471
 0 0.632471
 0 0.632472
 0 0.632492
 0 0.632493
 0 0.632498
 0 0.632499
 0 0.632508
 0 0.632508
 0 0.632511
 0 0.632511
 0 0.632511
 0 0.632511
 0 0.632511
 0 0.632533
 0 0.632534
 0 0.632555
 0 0.632556
 0 0.632561
 0 0.632565
 0 0.632565
 0 0.632565
 0 0.632567
 0 0.632567
 0 0.632567
 0 0.632572
 0 0.632578
 0 0.63258
 0 0.632595
 0 0.632603
 0 0.632603
 0 0.632606
 0 0.632616
 0 0.632617
 0 0.632617
 0 0.632617
 0 0.632621
 0 0.632621
 0 0.632622
 0 0.632622
 0 0.632624
 0 0.632625
 0 0.632627
 0 0.632627
 0 0.632641
 0 0.632641
 0 0.632646
 0 0.632646
 0 0.632646
 0 0.632646
 0 0.632647
 0 0.632647
 0 0.63265
 0 0.63265
 0 0.632681
 0 0.632682
 0 0.632687
 0 0.632688
 0 0.632693
 0 0.632693
 0 0.632693
 0 0.632704
 0 0.63271
 0 0.632739
 0 0.632739
 0 0.632741
 0 0.632741
 0 0.63275
 0 0.632751
 0 0.632751
 0 0.632751
 0 0.632751
 0 0.632757
 0 0.632758
 0 0.63276
 0 0.632761
 0 0.632761
 0 0.632767
 0 0.632767
 0 0.632767
 0 0.63277
 0 0.63277
 0 0.632782
 0 0.632785
 0 0.632786
 0 0.632786
 0 0.632794
 0 0.632795
 0 0.632795
 0 0.632795
 0 0.632795
 0 0.632796
 0 0.632796
 0 0.632808
 0 0.632814
 0 0.632817
 0 0.632824
 0 0.632843
 0 0.632843
 0 0.632851
 0 0.632855
 0 0.632855
 0 0.632861
 0 0.632861
 0 0.632866
 0 0.632867
 0 0.632875
 0 0.632875
 0 0.632889
 0 0.63289
 0 0.63289
 0 0.63289
 0 0.63289
 0 0.63289
 0 0.63289
 0 0.63289
 0 0.632892
 0 0.632893
 0 0.632893
 0 0.632902
 0 0.632902
 0 0.63291
 0 0.632914
 0 0.632928
 0 0.632928
 0 0.632934
 0 0.632934
 0 0.632934
 0 0.632934
 0 0.632935
 0 0.632937
 0 0.632939
 0 0.632951
 0 0.632956
 0 0.632956
 0 0.632956
 0 0.63298
 0 0.63298
 0 0.632989
 0 0.632989
 0 0.63299
 0 0.63299
 0 0.633006
 0 0.633006
 0 0.633007
 0 0.633007
 0 0.633008
 0 0.633013
 0 0.633013
 0 0.633013
 0 0.633013
 0 0.633014
 0 0.63302
 0 0.63302
 0 0.633029
 0 0.633063
 0 0.63307
 0 0.63307
 0 0.63307
 0 0.63307
 0 0.633073
 0 0.633073
 0 0.633078
 0 0.633085
 0 0.63309
 0 0.633108
 0 0.633108
 0 0.633108
 0 0.633116
 0 0.633134
 0 0.633135
 0 0.633136
 0 0.633147
 0 0.633155
 0 0.633163
 0 0.633178
 0 0.633178
 0 0.633178
 0 0.633178
 0 0.633181
 0 0.633191
 0 0.633192
 0 0.633193
 0 0.633193
 0 0.633195
 0 0.633196
 0 0.633196
 0 0.633196
 0 0.633196
 0 0.633196
 0 0.633197
 0 0.633205
 0 0.633205
 0 0.633205
 0 0.633208
 0 0.633208
 0 0.633208
 0 0.633218
 0 0.63322
 0 0.633221
 0 0.633222
 0 0.633222
 0 0.633222
 0 0.633234
 0 0.633234
 0 0.633259
 0 0.633259
 0 0.633259
 0 0.633264
 0 0.633265
 0 0.633266
 0 0.633266
 0 0.633267
 0 0.633298
 0 0.633298
 0 0.633298
 0 0.633303
 0 0.633303
 0 0.633328
 0 0.633328
 0 0.633333
 0 0.633345
 0 0.633373
 0 0.633373
 0 0.633385
 0 0.633399
 0 0.633399
 0 0.6334
 0 0.633408
 0 0.633408
 0 0.633414
 0 0.63343
 0 0.63343
 0 0.633436
 0 0.633452
 0 0.633465
 0 0.633466
 0 0.63347
 0 0.633472
 0 0.633472
 0 0.633472
 0 0.633476
 0 0.633476
 0 0.633477
 0 0.633477
 0 0.633478
 0 0.633478
 0 0.63348
 0 0.633483
 0 0.633498
 0 0.633505
 0 0.633505
 0 0.633511
 0 0.633511
 0 0.633511
 0 0.633529
 0 0.633534
 0 0.63354
 0 0.63354
 0 0.63354
 0 0.633554
 0 0.633554
 0 0.633554
 0 0.633554
 0 0.633557
 0 0.633566
 0 0.633566
 0 0.633575
 0 0.633601
 0 0.633601
 0 0.633602
 0 0.633602
 0 0.633609
 0 0.633609
 0 0.63361
 0 0.63361
 0 0.633637
 0 0.633637
 0 0.633637
 0 0.633641
 0 0.633641
 0 0.633641
 0 0.633641
 0 0.633657
 0 0.633657
 0 0.633657
 0 0.633657
 0 0.633657
 0 0.633657
 0 0.633671
 0 0.633671
 0 0.633671
 0 0.633676
 0 0.633677
 0 0.633677
 0 0.633678
 0 0.633678
 0 0.633679
 0 0.633679
 0 0.633683
 0 0.633683
 0 0.633683
 0 0.633689
 0 0.633689
 0 0.633697
 0 0.633697
 0 0.633698
 0 0.633698
 0 0.633699
 0 0.633718
 0 0.633736
 0 0.633736
 0 0.633746
 0 0.633783
 0 0.633784
 0 0.633784
 0 0.633796
 0 0.633822
 0 0.633822
 0 0.633822
 0 0.633822
 0 0.633822
 0 0.63383
 0 0.63383
 0 0.63383
 0 0.63383
 0 0.633831
 0 0.633831
 0 0.633831
 0 0.633832
 0 0.633882
 0 0.633894
 0 0.633895
 0 0.633898
 0 0.633898
 0 0.633898
 0 0.633898
 0 0.633913
 0 0.633914
 0 0.633915
 0 0.633924
 0 0.633925
 0 0.633948
 0 0.633948
 0 0.633948
 0 0.633949
 0 0.633952
 0 0.633952
 0 0.633953
 0 0.633953
 0 0.633953
 0 0.63398
 0 0.634003
 0 0.634003
 0 0.634062
 0 0.634064
 0 0.634064
 0 0.634081
 0 0.634081
 0 0.63409
 0 0.63409
 0 0.63409
 0 0.63409
 0 0.634106
 0 0.634106
 0 0.634115
 0 0.634115
 0 0.634117
 0 0.634125
 0 0.634127
 0 0.634127
 0 0.634127
 0 0.634129
 0 0.634144
 0 0.634144
 0 0.634148
 0 0.634153
 0 0.634154
 0 0.634169
 0 0.634181
 0 0.634181
 0 0.634182
 0 0.634187
 0 0.634187
 0 0.634197
 0 0.634197
 0 0.634197
 0 0.634197
 0 0.634197
 0 0.634197
 0 0.634197
 0 0.634203
 0 0.634206
 0 0.634207
 0 0.634251
 0 0.634252
 0 0.63426
 0 0.634266
 0 0.634277
 0 0.634281
 0 0.634281
 0 0.634291
 0 0.634306
 0 0.634306
 0 0.634331
 0 0.634354
 0 0.634359
 0 0.63436
 0 0.63438
 0 0.63438
 0 0.63438
 0 0.634395
 0 0.634395
 0 0.634416
 0 0.634417
 0 0.63442
 0 0.634433
 0 0.634434
 0 0.634434
 0 0.634445
 0 0.634446
 0 0.63447
 0 0.634471
 0 0.634471
 0 0.634471
 0 0.634471
 0 0.634471
 0 0.63448
 0 0.634481
 0 0.634482
 0 0.634482
 0 0.634484
 0 0.634484
 0 0.634511
 0 0.634528
 0 0.63453
 0 0.634531
 0 0.634532
 0 0.634533
 0 0.634535
 0 0.634535
 0 0.634544
 0 0.634544
 0 0.634544
 0 0.634544
 0 0.634616
 0 0.634616
 0 0.634625
 0 0.634626
 0 0.634627
 0 0.634637
 0 0.634637
 0 0.634637
 0 0.634637
 0 0.634645
 0 0.634645
 0 0.634666
 0 0.634666
 0 0.634666
 0 0.634666
 0 0.634666
 0 0.63467
 0 0.63467
 0 0.63467
 0 0.634672
 0 0.634672
 0 0.63472
 0 0.634721
 0 0.634721
 0 0.634817
 0 0.634824
 0 0.634824
 0 0.634859
 0 0.634902
 0 0.634903
 0 0.634911
 0 0.634911
 0 0.634911
 0 0.634911
 0 0.634924
 0 0.634925
 0 0.634925
 0 0.634925
 0 0.634925
 0 0.634925
 0 0.634952
 0 0.63496
 0 0.63496
 0 0.634988
 0 0.634988
 0 0.634991
 0 0.634991
 0 0.634997
 0 0.634997
 0 0.635008
 0 0.635008
 0 0.635008
 0 0.635012
 0 0.635013
 0 0.635013
 0 0.635013
 0 0.63505
 0 0.635051
 0 0.635059
 0 0.63506
 0 0.63506
 0 0.635083
 0 0.635087
 0 0.635087
 0 0.635092
 0 0.635092
 0 0.635092
 0 0.635092
 0 0.635093
 0 0.635101
 0 0.635102
 0 0.635102
 0 0.635102
 0 0.635102
 0 0.635122
 0 0.635144
 0 0.635144
 0 0.635145
 0 0.635145
 0 0.635146
 0 0.635202
 0 0.635215
 0 0.635215
 0 0.635215
 0 0.635221
 0 0.635233
 0 0.635233
 0 0.635233
 0 0.635233
 0 0.635233
 0 0.635235
 0 0.635278
 0 0.635278
 0 0.635278
 0 0.635278
 0 0.635278
 0 0.635291
 0 0.635311
 0 0.635321
 0 0.635321
 0 0.635321
 0 0.635321
 0 0.635324
 0 0.635324
 0 0.635324
 0 0.635325
 0 0.635331
 0 0.635343
 0 0.635344
 0 0.635386
 0 0.635403
 0 0.635403
 0 0.635419
 0 0.635419
 0 0.63542
 0 0.63543
 0 0.635455
 0 0.6355
 0 0.6355
 0 0.635533
 0 0.635568
 0 0.63557
 0 0.635592
 0 0.635614
 0 0.635615
 0 0.635615
 0 0.635629
 0 0.635631
 0 0.635631
 0 0.635632
 0 0.635633
 0 0.635642
 0 0.635659
 0 0.635659
 0 0.63567
 0 0.635671
 0 0.635671
 0 0.635692
 0 0.635712
 0 0.635713
 0 0.635714
 0 0.635715
 0 0.635715
 0 0.635798
 0 0.635803
 0 0.635825
 0 0.635825
 0 0.635826
 0 0.635834
 0 0.635834
 0 0.635835
 0 0.635841
 0 0.635909
 0 0.63591
 0 0.635925
 0 0.635926
 0 0.635935
 0 0.635936
 0 0.635936
 0 0.635969
 0 0.636002
 0 0.63605
 0 0.63605
 0 0.63605
 0 0.636071
 0 0.636071
 0 0.636089
 0 0.636102
 0 0.636136
 0 0.636136
 0 0.636136
 0 0.636136
 0 0.636161
 0 0.636177
 0 0.636177
 0 0.63619
 0 0.63619
 0 0.636223
 0 0.636223
 0 0.636223
 0 0.63624
 0 0.63624
 0 0.636246
 0 0.636247
 0 0.636288
 0 0.636297
 0 0.636297
 0 0.636298
 0 0.636303
 0 0.636303
 0 0.636318
 0 0.636318
 0 0.636318
 0 0.636319
 0 0.636321
 0 0.636344
 0 0.636344
 0 0.636383
 0 0.63639
 0 0.636391
 0 0.636428
 0 0.636428
 0 0.636437
 0 0.636438
 0 0.636473
 0 0.636473
 0 0.636483
 0 0.636489
 0 0.636489
 0 0.636519
 0 0.636519
 0 0.636532
 0 0.636532
 0 0.636532
 0 0.636532
 0 0.636577
 0 0.63661
 0 0.63661
 0 0.636611
 0 0.636633
 0 0.636675
 0 0.636675
 0 0.636676
 0 0.636676
 0 0.636695
 0 0.636707
 0 0.636707
 0 0.636708
 0 0.63674
 0 0.636756
 0 0.636756
 0 0.636758
 0 0.636759
 0 0.636769
 0 0.63678
 0 0.63678
 0 0.63678
 0 0.636785
 0 0.636786
 0 0.6368
 0 0.636801
 0 0.636808
 0 0.636808
 0 0.636809
 0 0.636848
 0 0.636849
 0 0.636946
 0 0.636947
 0 0.636947
 0 0.636953
 0 0.636954
 0 0.636954
 0 0.636954
 0 0.636973
 0 0.636983
 0 0.636985
 0 0.63701
 0 0.637024
 0 0.637025
 0 0.637025
 0 0.63707
 0 0.637091
 0 0.637097
 0 0.637158
 0 0.637163
 0 0.637172
 0 0.637193
 0 0.637194
 0 0.637195
 0 0.637195
 0 0.637229
 0 0.637239
 0 0.637253
 0 0.637286
 0 0.637286
 0 0.637286
 0 0.637286
 0 0.637287
 0 0.637335
 0 0.637335
 0 0.637339
 0 0.637346
 0 0.637349
 0 0.637349
 0 0.637389
 0 0.63739
 0 0.63739
 0 0.637395
 0 0.637395
 0 0.637408
 0 0.637408
 0 0.637425
 0 0.637449
 0 0.637449
 0 0.637449
 0 0.637449
 0 0.637519
 0 0.637522
 0 0.637541
 0 0.637541
 0 0.637541
 0 0.637554
 0 0.637662
 0 0.637662
 0 0.637663
 0 0.637686
 0 0.637703
 0 0.637703
 0 0.637703
 0 0.637703
 0 0.637703
 0 0.637704
 0 0.637705
 0 0.637751
 0 0.637813
 0 0.637815
 0 0.637853
 0 0.637853
 0 0.6379
 0 0.637901
 0 0.637936
 0 0.637936
 0 0.637951
 0 0.637996
 0 0.637996
 0 0.637997
 0 0.637997
 0 0.637997
 0 0.637997
 0 0.638066
 0 0.638076
 0 0.638137
 0 0.638146
 0 0.638243
 0 0.638265
 0 0.638342
 0 0.638378
 0 0.638408
 0 0.638409
 0 0.638426
 0 0.638426
 0 0.638427
 0 0.638501
 0 0.638501
 0 0.638752
 0 0.638753
 0 0.638753
 0 0.638753
 0 0.638781
 0 0.638884
 0 0.638884
 0 0.638884
 0 0.638884
 0 0.638884
 0 0.639196
 0 0.639202
 0 0.639398
 0 0.639398
 0 0.639406
 0 0.639406
 0 0.639511
 0 0.639511
 0 0.639667
 0 0.639667
 0 0.639667
 0 0.640135
 0 0.640864
 0 0.640864
 0 0.642026
 0 0.642026
 0 0.642026
 0 0.642026
 0 0.643224
 0 0.643225
 0 0.643225
 0 0.643918
 0 0.643918
 0 0.644097
 0 inf
