 0 0.487328
 0 0.487328
 0 0.487561
 0 0.487997
 0 0.487997
 0 0.488198
 0 0.503139
 0 0.503139
 0 0.503553
 0 0.503553
 0 0.503554
 0 0.503576
 0 0.628051
 0 0.628072
 0 0.628072
 0 0.628182
 0 0.628309
 0 0.62831
 0 0.628364
 0 0.628364
 0 0.628364
 0 0.628364
 0 0.628364
 0 0.628508
 0 0.628508
 0 0.628606
 0 0.628636
 0 0.628637
 0 0.628657
 0 0.628657
 0 0.628879
 0 0.62888
 0 0.628881
 0 0.628936
 0 0.628937
 0 0.628956
 0 0.628956
 0 0.629025
 0 0.629025
 0 0.629115
 0 0.629124
 0 0.629145
 0 0.629145
 0 0.629153
 0 0.629153
 0 0.629154
 0 0.629171
 0 0.629171
 0 0.629171
 0 0.629251
 0 0.629251
 0 0.629325
 0 0.629336
 0 0.629336
 0 0.629337
 0 0.629374
 0 0.629375
 0 0.629376
 0 0.629408
 0 0.629413
 0 0.629413
 0 0.629423
 0 0.629435
 0 0.629435
 0 0.629442
 0 0.629443
 0 0.629464
 0 0.629467
 0 0.629484
 0 0.629485
 0 0.629491
 0 0.629496
 0 0.629497
 0 0.629497
 0 0.629497
 0 0.629497
 0 0.629512
 0 0.629536
 0 0.629631
 0 0.629668
 0 0.629684
 0 0.629718
 0 0.629718
 0 0.629719
 0 0.629726
 0 0.629726
 0 0.629756
 0 0.629836
 0 0.629837
 0 0.629859
 0 0.629859
 0 0.629937
 0 0.62994
 0 0.629941
 0 0.629942
 0 0.629944
 0 0.629944
 0 0.629944
 0 0.629961
 0 0.629961
 0 0.629979
 0 0.629979
 0 0.629994
 0 0.630035
 0 0.630036
 0 0.630036
 0 0.630057
 0 0.630088
 0 0.630176
 0 0.630176
 0 0.630177
 0 0.630186
 0 0.630186
 0 0.630264
 0 0.63027
 0 0.630294
 0 0.630302
 0 0.630302
 0 0.630316
 0 0.630316
 0 0.630338
 0 0.630398
 0 0.630398
 0 0.630398
 0 0.630429
 0 0.630436
 0 0.630451
 0 0.630451
 0 0.63047
 0 0.630477
 0 0.630477
 0 0.630488
 0 0.630498
 0 0.630503
 0 0.630518
 0 0.630519
 0 0.630525
 0 0.630537
 0 0.630538
 0 0.630538
 0 0.630581
 0 0.630582
 0 0.630582
 0 0.630582
 0 0.630583
 0 0.630607
 0 0.630608
 0 0.630608
 0 0.630642
 0 0.630642
 0 0.630643
 0 0.630668
 0 0.630668
 0 0.63067
 0 0.63067
 0 0.630723
 0 0.630723
 0 0.630727
 0 0.630728
 0 0.630737
 0 0.630746
 0 0.630794
 0 0.630794
 0 0.630797
 0 0.630839
 0 0.630839
 0 0.630845
 0 0.630847
 0 0.63086
 0 0.630861
 0 0.630925
 0 0.630941
 0 0.630941
 0 0.630941
 0 0.630941
 0 0.630953
 0 0.630953
 0 0.630954
 0 0.630973
 0 0.630975
 0 0.631002
 0 0.631003
 0 0.631003
 0 0.631003
 0 0.63102
 0 0.631063
 0 0.631063
 0 0.631063
 0 0.631064
 0 0.631079
 0 0.631079
 0 0.631089
 0 0.631105
 0 0.631105
 0 0.631111
 0 0.631112
 0 0.631112
 0 0.631141
 0 0.631141
 0 0.631148
 0 0.631148
 0 0.631149
 0 0.631149
 0 0.631149
 0 0.631149
 0 0.631173
 0 0.631173
 0 0.63118
 0 0.631181
 0 0.631181
 0 0.631184
 0 0.631205
 0 0.631205
 0 0.631206
 0 0.631222
 0 0.631241
 0 0.631241
 0 0.631241
 0 0.631242
 0 0.631248
 0 0.631253
 0 0.631253
 0 0.631264
 0 0.631264
 0 0.631305
 0 0.631306
 0 0.631306
 0 0.631308
 0 0.631324
 0 0.631324
 0 0.631324
 0 0.631353
 0 0.631357
 0 0.631359
 0 0.63136
 0 0.631362
 0 0.631363
 0 0.63138
 0 0.631396
 0 0.631397
 0 0.63141
 0 0.63141
 0 0.631413
 0 0.631413
 0 0.631413
 0 0.631413
 0 0.631432
 0 0.631433
 0 0.631434
 0 0.631462
 0 0.631463
 0 0.631469
 0 0.631471
 0 0.631471
 0 0.631471
 0 0.631471
 0 0.631472
 0 0.631494
 0 0.631494
 0 0.631496
 0 0.631496
 0 0.631498
 0 0.631508
 0 0.63151
 0 0.631513
 0 0.631513
 0 0.631514
 0 0.631514
 0 0.631516
 0 0.631516
 0 0.631521
 0 0.631521
 0 0.631523
 0 0.631523
 0 0.631534
 0 0.631534
 0 0.631534
 0 0.631535
 0 0.631535
 0 0.631535
 0 0.631535
 0 0.631551
 0 0.631552
 0 0.631554
 0 0.631554
 0 0.631554
 0 0.631578
 0 0.631586
 0 0.631587
 0 0.631589
 0 0.631589
 0 0.631589
 0 0.63159
 0 0.631598
 0 0.631603
 0 0.631603
 0 0.631605
 0 0.631605
 0 0.631605
 0 0.631606
 0 0.631606
 0 0.631616
 0 0.631646
 0 0.631699
 0 0.631699
 0 0.631706
 0 0.631707
 0 0.631729
 0 0.631748
 0 0.63175
 0 0.631751
 0 0.631751
 0 0.631751
 0 0.631752
 0 0.631753
 0 0.631767
 0 0.631771
 0 0.631781
 0 0.631782
 0 0.631782
 0 0.631783
 0 0.631783
 0 0.631783
 0 0.631783
 0 0.631784
 0 0.631795
 0 0.631795
 0 0.631795
 0 0.631807
 0 0.631809
 0 0.631814
 0 0.631814
 0 0.631814
 0 0.63182
 0 0.63182
 0 0.63183
 0 0.631842
 0 0.631844
 0 0.631845
 0 0.631845
 0 0.63185
 0 0.631864
 0 0.631864
 0 0.631872
 0 0.631872
 0 0.631875
 0 0.631875
 0 0.631875
 0 0.631875
 0 0.631875
 0 0.631876
 0 0.631895
 0 0.631895
 0 0.631896
 0 0.6319
 0 0.6319
 0 0.6319
 0 0.6319
 0 0.631902
 0 0.631914
 0 0.631922
 0 0.631923
 0 0.63194
 0 0.631947
 0 0.631947
 0 0.631958
 0 0.631979
 0 0.631979
 0 0.63199
 0 0.631992
 0 0.632008
 0 0.632011
 0 0.632019
 0 0.632019
 0 0.63202
 0 0.63202
 0 0.63202
 0 0.632022
 0 0.632022
 0 0.632034
 0 0.632049
 0 0.632053
 0 0.632054
 0 0.632059
 0 0.63207
 0 0.632071
 0 0.632087
 0 0.632092
 0 0.6321
 0 0.6321
 0 0.632101
 0 0.632102
 0 0.632102
 0 0.632103
 0 0.632103
 0 0.632113
 0 0.632114
 0 0.632116
 0 0.632118
 0 0.632122
 0 0.632122
 0 0.632124
 0 0.632124
 0 0.632125
 0 0.632128
 0 0.632128
 0 0.632129
 0 0.632135
 0 0.632159
 0 0.632164
 0 0.632165
 0 0.63217
 0 0.632171
 0 0.632191
 0 0.632191
 0 0.632192
 0 0.632192
 0 0.632192
 0 0.632209
 0 0.63221
 0 0.632218
 0 0.632218
 0 0.632218
 0 0.632219
 0 0.632225
 0 0.632226
 0 0.63223
 0 0.632243
 0 0.632243
 0 0.632247
 0 0.632248
 0 0.632248
 0 0.632261
 0 0.632267
 0 0.632267
 0 0.632267
 0 0.632274
 0 0.632274
 0 0.632274
 0 0.632276
 0 0.632276
 0 0.632276
 0 0.632277
 0 0.632284
 0 0.632284
 0 0.632292
 0 0.632292
 0 0.632295
 0 0.632295
 0 0.632295
 0 0.632295
 0 0.632296
 0 0.632296
 0 0.632296
 0 0.632296
 0 0.632321
 0 0.632327
 0 0.632342
 0 0.632343
 0 0.632343
 0 0.632356
 0 0.632356
 0 0.632357
 0 0.632371
 0 0.632371
 0 0.632389
 0 0.632391
 0 0.632396
 0 0.632397
 0 0.632397
 0 0.632397
 0 0.632397
 0 0.632408
 0 0.632408
 0 0.632408
 0 0.632408
 0 0.632409
 0 0.632414
 0 0.632414
 0 0.632416
 0 0.632416
 0 0.632416
 0 0.632424
 0 0.632425
 0 0.632425
 0 0.632425
 0 0.632426
 0 0.632428
 0 0.632428
 0 0.632434
 0 0.632435
 0 0.63246
 0 0.632461
 0 0.632471
 0 0.632471
 0 0.632473
 0 0.632477
 0 0.632482
 0 0.632482
 0 0.632488
 0 0.632488
 0 0.632489
 0 0.632489
 0 0.632503
 0 0.632504
 0 0.632504
 0 0.632505
 0 0.632508
 0 0.632532
 0 0.632532
 0 0.632535
 0 0.632536
 0 0.632537
 0 0.632538
 0 0.632542
 0 0.632543
 0 0.63255
 0 0.632551
 0 0.632565
 0 0.632571
 0 0.632577
 0 0.632602
 0 0.632606
 0 0.632612
 0 0.632614
 0 0.632614
 0 0.632633
 0 0.632634
 0 0.632634
 0 0.632635
 0 0.632635
 0 0.632635
 0 0.632638
 0 0.632658
 0 0.632662
 0 0.632663
 0 0.632678
 0 0.632678
 0 0.632678
 0 0.632684
 0 0.632684
 0 0.632684
 0 0.632687
 0 0.632687
 0 0.632693
 0 0.632693
 0 0.632696
 0 0.632697
 0 0.632701
 0 0.632701
 0 0.632705
 0 0.632707
 0 0.632713
 0 0.632719
 0 0.632723
 0 0.632738
 0 0.632743
 0 0.632748
 0 0.63275
 0 0.632762
 0 0.632774
 0 0.632775
 0 0.632775
 0 0.632775
 0 0.632787
 0 0.632798
 0 0.632805
 0 0.632805
 0 0.632805
 0 0.632814
 0 0.632817
 0 0.632824
 0 0.632824
 0 0.632838
 0 0.632838
 0 0.632838
 0 0.632843
 0 0.632844
 0 0.632844
 0 0.632855
 0 0.632855
 0 0.632856
 0 0.632865
 0 0.632866
 0 0.632877
 0 0.632877
 0 0.63288
 0 0.632881
 0 0.632881
 0 0.632881
 0 0.632882
 0 0.632883
 0 0.632884
 0 0.632884
 0 0.632884
 0 0.632886
 0 0.632886
 0 0.632887
 0 0.63289
 0 0.632901
 0 0.632901
 0 0.632901
 0 0.632921
 0 0.632922
 0 0.632932
 0 0.632941
 0 0.632941
 0 0.632941
 0 0.632941
 0 0.632953
 0 0.632956
 0 0.632957
 0 0.632957
 0 0.632965
 0 0.632965
 0 0.632971
 0 0.632972
 0 0.632973
 0 0.632987
 0 0.632987
 0 0.632988
 0 0.632988
 0 0.632988
 0 0.632988
 0 0.632989
 0 0.632995
 0 0.632996
 0 0.633001
 0 0.633001
 0 0.633002
 0 0.633002
 0 0.63301
 0 0.63301
 0 0.63301
 0 0.633024
 0 0.633027
 0 0.633027
 0 0.633031
 0 0.633039
 0 0.633039
 0 0.63304
 0 0.633046
 0 0.633047
 0 0.633047
 0 0.633048
 0 0.633048
 0 0.633048
 0 0.633048
 0 0.633054
 0 0.633057
 0 0.633057
 0 0.633061
 0 0.633061
 0 0.633063
 0 0.633063
 0 0.633071
 0 0.633071
 0 0.633071
 0 0.633087
 0 0.633088
 0 0.633088
 0 0.633101
 0 0.633101
 0 0.633103
 0 0.63311
 0 0.63311
 0 0.633111
 0 0.633121
 0 0.633121
 0 0.633121
 0 0.633127
 0 0.633127
 0 0.633128
 0 0.633128
 0 0.633128
 0 0.633133
 0 0.633133
 0 0.633133
 0 0.633153
 0 0.633154
 0 0.633184
 0 0.633184
 0 0.633197
 0 0.633197
 0 0.633205
 0 0.633206
 0 0.633219
 0 0.633219
 0 0.633219
 0 0.633222
 0 0.633222
 0 0.633224
 0 0.633225
 0 0.633229
 0 0.633229
 0 0.633229
 0 0.633229
 0 0.633241
 0 0.633241
 0 0.633242
 0 0.633242
 0 0.633242
 0 0.63325
 0 0.633251
 0 0.633251
 0 0.633254
 0 0.633254
 0 0.633254
 0 0.633273
 0 0.633274
 0 0.633274
 0 0.633274
 0 0.633274
 0 0.633278
 0 0.633278
 0 0.633279
 0 0.633284
 0 0.63331
 0 0.633316
 0 0.633343
 0 0.633349
 0 0.633349
 0 0.633349
 0 0.633349
 0 0.63336
 0 0.63336
 0 0.633368
 0 0.633368
 0 0.633373
 0 0.633373
 0 0.633385
 0 0.633386
 0 0.633394
 0 0.633395
 0 0.633402
 0 0.633408
 0 0.633409
 0 0.633411
 0 0.633411
 0 0.63343
 0 0.633442
 0 0.633442
 0 0.633455
 0 0.633455
 0 0.633456
 0 0.633458
 0 0.633462
 0 0.633462
 0 0.633475
 0 0.633476
 0 0.633476
 0 0.633476
 0 0.633483
 0 0.633487
 0 0.633487
 0 0.633487
 0 0.633489
 0 0.633489
 0 0.633489
 0 0.63349
 0 0.633491
 0 0.633493
 0 0.633497
 0 0.633498
 0 0.633499
 0 0.633499
 0 0.633499
 0 0.6335
 0 0.633507
 0 0.633507
 0 0.633507
 0 0.633533
 0 0.633547
 0 0.633547
 0 0.633547
 0 0.633548
 0 0.633553
 0 0.633556
 0 0.633556
 0 0.633557
 0 0.633557
 0 0.633557
 0 0.633562
 0 0.633562
 0 0.633563
 0 0.633565
 0 0.633567
 0 0.633578
 0 0.633579
 0 0.633581
 0 0.633581
 0 0.633601
 0 0.633601
 0 0.633604
 0 0.633616
 0 0.633616
 0 0.633616
 0 0.633625
 0 0.633626
 0 0.633631
 0 0.633631
 0 0.633632
 0 0.633632
 0 0.633632
 0 0.633632
 0 0.633632
 0 0.633632
 0 0.633633
 0 0.633634
 0 0.633639
 0 0.633639
 0 0.633639
 0 0.633639
 0 0.633639
 0 0.633639
 0 0.63364
 0 0.633645
 0 0.633645
 0 0.633649
 0 0.63365
 0 0.633656
 0 0.633659
 0 0.633659
 0 0.633663
 0 0.633664
 0 0.633667
 0 0.633667
 0 0.633667
 0 0.633669
 0 0.633669
 0 0.63367
 0 0.63367
 0 0.633671
 0 0.633678
 0 0.633679
 0 0.633686
 0 0.633686
 0 0.633695
 0 0.633695
 0 0.633696
 0 0.633703
 0 0.633711
 0 0.633715
 0 0.633725
 0 0.633731
 0 0.633736
 0 0.633743
 0 0.633747
 0 0.633747
 0 0.633753
 0 0.633753
 0 0.63376
 0 0.633763
 0 0.633764
 0 0.633765
 0 0.633765
 0 0.633767
 0 0.633767
 0 0.633775
 0 0.633783
 0 0.633791
 0 0.633798
 0 0.6338
 0 0.633803
 0 0.633809
 0 0.63381
 0 0.633811
 0 0.633812
 0 0.633812
 0 0.633824
 0 0.633824
 0 0.633824
 0 0.633847
 0 0.633854
 0 0.633855
 0 0.633872
 0 0.633872
 0 0.633879
 0 0.63388
 0 0.633888
 0 0.633888
 0 0.633888
 0 0.633899
 0 0.633909
 0 0.63391
 0 0.63391
 0 0.63391
 0 0.633913
 0 0.633915
 0 0.633915
 0 0.633915
 0 0.633915
 0 0.633915
 0 0.633916
 0 0.633916
 0 0.633918
 0 0.633922
 0 0.633922
 0 0.633925
 0 0.633925
 0 0.633925
 0 0.633947
 0 0.63395
 0 0.633973
 0 0.633973
 0 0.633979
 0 0.633988
 0 0.633988
 0 0.633989
 0 0.633989
 0 0.633995
 0 0.633995
 0 0.633999
 0 0.634008
 0 0.63401
 0 0.634012
 0 0.634012
 0 0.634013
 0 0.634013
 0 0.634026
 0 0.634026
 0 0.63403
 0 0.63403
 0 0.634035
 0 0.634035
 0 0.634035
 0 0.634036
 0 0.634049
 0 0.634049
 0 0.634058
 0 0.634058
 0 0.634062
 0 0.634062
 0 0.634064
 0 0.634064
 0 0.634065
 0 0.634068
 0 0.634071
 0 0.634071
 0 0.634071
 0 0.634074
 0 0.634074
 0 0.634075
 0 0.634086
 0 0.634086
 0 0.634104
 0 0.634108
 0 0.634108
 0 0.634119
 0 0.634119
 0 0.634119
 0 0.634124
 0 0.634125
 0 0.634125
 0 0.634179
 0 0.634183
 0 0.634184
 0 0.634184
 0 0.634187
 0 0.634187
 0 0.634193
 0 0.634197
 0 0.634197
 0 0.634199
 0 0.634209
 0 0.63421
 0 0.634216
 0 0.634216
 0 0.634229
 0 0.634232
 0 0.634235
 0 0.634243
 0 0.634244
 0 0.634254
 0 0.634259
 0 0.634259
 0 0.634278
 0 0.634281
 0 0.634282
 0 0.634285
 0 0.634285
 0 0.634285
 0 0.634286
 0 0.634291
 0 0.634291
 0 0.634292
 0 0.634297
 0 0.634298
 0 0.634299
 0 0.634301
 0 0.634307
 0 0.634313
 0 0.634316
 0 0.634319
 0 0.634356
 0 0.634358
 0 0.634358
 0 0.634358
 0 0.634365
 0 0.634366
 0 0.634367
 0 0.634368
 0 0.634387
 0 0.634387
 0 0.634391
 0 0.634392
 0 0.634392
 0 0.634392
 0 0.634396
 0 0.634396
 0 0.634396
 0 0.634411
 0 0.634411
 0 0.634414
 0 0.634414
 0 0.634423
 0 0.634423
 0 0.63443
 0 0.634444
 0 0.634446
 0 0.634466
 0 0.634474
 0 0.634474
 0 0.634493
 0 0.634493
 0 0.634495
 0 0.634495
 0 0.634496
 0 0.634504
 0 0.634506
 0 0.63451
 0 0.634516
 0 0.634517
 0 0.634531
 0 0.634531
 0 0.634533
 0 0.634541
 0 0.634569
 0 0.634571
 0 0.634571
 0 0.634571
 0 0.634571
 0 0.634571
 0 0.634581
 0 0.634584
 0 0.634597
 0 0.634613
 0 0.634613
 0 0.634613
 0 0.634617
 0 0.634619
 0 0.634633
 0 0.634634
 0 0.634635
 0 0.634637
 0 0.634637
 0 0.634638
 0 0.634645
 0 0.634645
 0 0.634669
 0 0.63467
 0 0.63467
 0 0.63467
 0 0.634673
 0 0.634688
 0 0.634688
 0 0.634691
 0 0.634691
 0 0.634692
 0 0.634692
 0 0.634696
 0 0.634697
 0 0.634704
 0 0.634704
 0 0.634706
 0 0.63471
 0 0.63471
 0 0.63471
 0 0.63471
 0 0.63471
 0 0.634711
 0 0.634711
 0 0.634714
 0 0.63472
 0 0.63472
 0 0.634722
 0 0.634729
 0 0.634729
 0 0.634731
 0 0.634732
 0 0.634735
 0 0.634736
 0 0.634742
 0 0.634742
 0 0.634744
 0 0.634746
 0 0.634747
 0 0.634749
 0 0.634749
 0 0.634763
 0 0.634765
 0 0.634781
 0 0.634781
 0 0.634787
 0 0.634787
 0 0.634787
 0 0.634798
 0 0.634798
 0 0.634798
 0 0.634799
 0 0.6348
 0 0.634801
 0 0.634812
 0 0.634821
 0 0.634821
 0 0.634829
 0 0.634838
 0 0.634839
 0 0.634839
 0 0.634843
 0 0.634843
 0 0.634843
 0 0.634846
 0 0.634855
 0 0.634868
 0 0.634868
 0 0.634869
 0 0.63487
 0 0.634871
 0 0.634872
 0 0.634872
 0 0.634878
 0 0.634878
 0 0.634909
 0 0.634909
 0 0.634909
 0 0.634911
 0 0.634918
 0 0.634925
 0 0.634925
 0 0.634935
 0 0.634935
 0 0.634935
 0 0.634935
 0 0.634955
 0 0.634956
 0 0.634956
 0 0.634956
 0 0.634956
 0 0.634964
 0 0.634968
 0 0.634969
 0 0.634984
 0 0.634984
 0 0.634984
 0 0.634984
 0 0.634985
 0 0.634988
 0 0.634989
 0 0.634989
 0 0.63499
 0 0.634998
 0 0.63501
 0 0.635011
 0 0.635013
 0 0.635013
 0 0.635026
 0 0.635028
 0 0.635029
 0 0.635037
 0 0.635048
 0 0.635048
 0 0.635064
 0 0.635064
 0 0.635064
 0 0.635078
 0 0.635079
 0 0.635082
 0 0.635095
 0 0.635095
 0 0.635114
 0 0.635114
 0 0.635114
 0 0.635114
 0 0.635115
 0 0.635119
 0 0.635131
 0 0.635136
 0 0.63514
 0 0.635143
 0 0.635143
 0 0.635143
 0 0.635151
 0 0.635161
 0 0.635167
 0 0.635167
 0 0.63517
 0 0.635174
 0 0.635209
 0 0.635213
 0 0.635214
 0 0.635224
 0 0.635234
 0 0.635257
 0 0.635257
 0 0.63526
 0 0.635266
 0 0.635289
 0 0.635289
 0 0.63529
 0 0.635293
 0 0.635295
 0 0.635297
 0 0.635297
 0 0.635297
 0 0.635298
 0 0.635301
 0 0.635301
 0 0.635302
 0 0.635302
 0 0.635314
 0 0.635314
 0 0.635317
 0 0.635317
 0 0.635325
 0 0.635325
 0 0.635325
 0 0.635325
 0 0.635329
 0 0.635329
 0 0.635339
 0 0.63534
 0 0.635342
 0 0.635343
 0 0.635353
 0 0.635369
 0 0.63537
 0 0.635378
 0 0.635378
 0 0.635379
 0 0.635379
 0 0.635389
 0 0.635417
 0 0.635424
 0 0.635431
 0 0.635431
 0 0.635454
 0 0.635455
 0 0.635504
 0 0.635563
 0 0.635569
 0 0.635572
 0 0.635573
 0 0.635576
 0 0.635576
 0 0.635577
 0 0.635586
 0 0.635587
 0 0.635587
 0 0.635592
 0 0.635596
 0 0.635607
 0 0.635608
 0 0.635615
 0 0.635615
 0 0.635619
 0 0.635625
 0 0.635629
 0 0.63563
 0 0.635649
 0 0.635649
 0 0.63565
 0 0.635655
 0 0.635655
 0 0.635655
 0 0.635656
 0 0.635656
 0 0.635657
 0 0.635662
 0 0.635671
 0 0.63569
 0 0.63569
 0 0.63569
 0 0.635698
 0 0.635699
 0 0.635699
 0 0.6357
 0 0.6357
 0 0.6357
 0 0.635701
 0 0.635701
 0 0.635701
 0 0.635705
 0 0.635721
 0 0.635724
 0 0.635762
 0 0.635762
 0 0.635763
 0 0.635784
 0 0.635784
 0 0.635785
 0 0.635809
 0 0.635831
 0 0.635831
 0 0.635831
 0 0.635841
 0 0.635841
 0 0.635852
 0 0.635881
 0 0.635881
 0 0.635883
 0 0.635883
 0 0.635883
 0 0.635884
 0 0.635893
 0 0.635893
 0 0.635894
 0 0.635894
 0 0.63591
 0 0.635911
 0 0.635926
 0 0.635926
 0 0.635944
 0 0.635945
 0 0.635955
 0 0.635958
 0 0.635959
 0 0.635975
 0 0.63598
 0 0.635983
 0 0.635984
 0 0.635991
 0 0.635992
 0 0.635992
 0 0.635999
 0 0.636015
 0 0.636026
 0 0.636026
 0 0.636026
 0 0.636026
 0 0.636026
 0 0.636027
 0 0.636027
 0 0.636056
 0 0.636056
 0 0.636057
 0 0.63606
 0 0.636061
 0 0.636061
 0 0.636071
 0 0.636071
 0 0.636076
 0 0.636076
 0 0.636077
 0 0.636077
 0 0.636095
 0 0.636097
 0 0.636101
 0 0.636101
 0 0.636101
 0 0.636107
 0 0.636108
 0 0.636108
 0 0.636108
 0 0.636118
 0 0.636118
 0 0.636143
 0 0.636144
 0 0.636144
 0 0.636146
 0 0.636147
 0 0.636148
 0 0.636148
 0 0.636168
 0 0.636187
 0 0.636211
 0 0.636212
 0 0.636216
 0 0.63624
 0 0.636252
 0 0.636272
 0 0.636308
 0 0.636308
 0 0.636324
 0 0.636325
 0 0.636343
 0 0.636343
 0 0.636346
 0 0.636346
 0 0.636346
 0 0.636356
 0 0.636356
 0 0.636356
 0 0.636392
 0 0.636404
 0 0.636407
 0 0.63641
 0 0.63641
 0 0.63641
 0 0.63641
 0 0.63645
 0 0.636457
 0 0.636479
 0 0.636479
 0 0.63648
 0 0.636489
 0 0.636489
 0 0.636505
 0 0.636506
 0 0.636506
 0 0.636518
 0 0.636533
 0 0.636538
 0 0.636539
 0 0.636586
 0 0.63662
 0 0.636645
 0 0.636645
 0 0.636645
 0 0.636669
 0 0.636679
 0 0.63669
 0 0.63669
 0 0.636708
 0 0.636716
 0 0.636717
 0 0.636718
 0 0.636718
 0 0.636744
 0 0.636757
 0 0.636757
 0 0.636764
 0 0.636764
 0 0.636786
 0 0.636803
 0 0.636807
 0 0.636812
 0 0.636903
 0 0.636975
 0 0.636976
 0 0.636988
 0 0.63699
 0 0.637031
 0 0.637047
 0 0.637048
 0 0.637081
 0 0.637081
 0 0.637082
 0 0.637083
 0 0.637085
 0 0.63711
 0 0.637153
 0 0.637235
 0 0.637237
 0 0.637273
 0 0.637273
 0 0.637296
 0 0.637296
 0 0.637296
 0 0.637377
 0 0.637378
 0 0.637431
 0 0.637431
 0 0.637441
 0 0.637446
 0 0.637446
 0 0.637446
 0 0.637446
 0 0.637499
 0 0.637526
 0 0.637527
 0 0.637674
 0 0.63778
 0 0.637783
 0 0.637819
 0 0.63782
 0 0.637828
 0 0.637829
 0 0.637829
 0 0.637829
 0 0.637829
 0 0.637899
 0 0.637904
 0 0.637904
 0 0.637905
 0 0.637905
 0 0.637942
 0 0.637968
 0 0.638036
 0 0.638036
 0 0.638037
 0 0.63808
 0 0.638344
 0 0.638492
 0 0.638492
 0 0.638492
 0 0.638492
 0 0.638492
 0 0.638816
 0 0.638816
 0 0.638886
 0 0.638909
 0 0.639207
 0 0.639208
 0 0.639254
 0 0.639254
 0 0.639254
 0 0.639254
 0 0.639482
 0 0.639482
 0 0.639737
 0 0.639739
 0 0.639739
 0 0.639739
 0 0.639752
 0 0.639827
 0 0.639849
 0 0.639953
 0 0.639991
 0 0.640148
 0 0.640149
 0 0.640241
 0 0.640241
 0 0.640242
 0 0.640261
 0 0.640421
 0 0.640422
 0 0.640594
 0 0.640719
 0 0.641016
 0 0.641017
 0 0.641017
 0 0.641048
 0 0.641048
 0 0.641101
 0 0.641133
 0 0.641281
 0 0.641498
 0 0.641981
 0 0.642242
 0 0.642378
 0 0.642379
 0 inf
