 8.99631 9.45924
 8.91061 9.60011
 8.65296 8.6859
 8.6119 8.75893
 8.48804 8.89497
 8.48533 8.56183
 7.7763 8.4499
 7.75509 7.93899
 7.42517 8.08845
 7.38886 7.39779
 7.22569 7.24719
 7.03955 7.32444
 6.76794 6.92574
 6.73023 7.64789
 6.60398 6.9625
 6.56218 7.25304
 6.54283 6.92863
 6.5017 6.95691
 6.49078 6.56533
 6.40117 7.07442
 6.39046 7.34073
 6.31425 7.48701
 6.16825 7.76867
 6.02309 8.70031
 5.8777 6.10805
 5.85476 6.0115
 5.56942 6.70419
 5.45985 5.6783
 5.45274 5.45718
 5.33236 5.33815
 5.30237 6.06264
 5.28548 5.28785
 5.27025 5.5162
 5.14428 5.4158
 5.10139 5.10313
 5.06788 5.17226
 5.05301 5.05449
 5.02779 5.02926
 5.00492 5.00526
 4.98575 4.99908
 4.98469 4.99012
 4.98272 4.99684
 4.96554 5.10528
 4.96117 4.96504
 4.93159 4.93422
 4.92521 5.22485
 4.9126 4.94331
 4.90596 5.53561
 4.90158 4.93507
 4.89922 4.90588
 4.8939 4.92793
 4.88674 4.92354
 4.88376 4.95487
 4.85487 4.85788
 4.84765 5.58813
 4.8438 4.85564
 4.83536 4.8373
 4.82639 4.86681
 4.82466 4.83303
 4.81979 4.82344
 4.81648 4.81792
 4.81449 4.82849
 4.80725 4.82467
 4.80536 4.80985
 4.79914 4.8031
 4.79717 4.81153
 4.79012 4.86558
 4.78956 4.87474
 4.78677 4.80712
 4.77699 4.82653
 4.77272 4.79354
 4.76978 4.79783
 4.76803 4.77376
 4.76577 4.78468
 4.76528 4.78494
 4.75543 5.30213
 4.75367 4.93501
 4.75202 5.06805
 4.73833 4.78596
 4.71314 4.71459
 4.70966 4.71261
 4.70399 4.73343
 4.69674 4.69896
 4.68281 4.69271
 4.67561 4.69135
 4.66943 4.85313
 4.6667 4.68273
 4.6547 4.67656
 4.64964 4.68683
 4.6493 6.27779
 4.64215 4.65299
 4.63776 4.67873
 4.62805 4.6349
 4.62168 4.70762
 4.58926 4.6096
 4.5884 4.77337
 4.58622 7.78994
 4.58 4.90577
 4.57603 4.59466
 4.56288 5.32574
 4.56233 4.59334
 4.55636 5.08068
 4.55631 4.98478
 4.51834 4.52856
 4.51398 4.52426
 4.5138 4.52253
 4.51188 5.03319
 4.49201 4.49293
 4.48394 7.7265
 4.48317 5.15313
 4.47862 4.48656
 4.47344 4.50273
 4.47294 8.38396
 4.4665 4.90091
 4.46587 4.4725
 4.46215 4.4724
 4.45792 6.17625
 4.44457 4.88021
 4.43867 5.0411
 4.41558 6.13279
 4.39048 5.29413
 4.35028 4.40288
 4.32872 6.51271
 4.31538 8.70022
 4.29823 4.99579
 4.27676 5.15637
 4.27498 5.16337
 4.27122 5.08098
 4.26934 4.28911
 4.25149 5.16741
 4.23364 4.44218
 4.22163 9.5071
 4.2176 6.14172
 4.20013 5.26316
 4.19913 7.15981
 4.19058 4.31957
 4.13843 6.30939
 4.13067 4.13143
 4.0973 5.18733
 4.09279 7.3082
 4.08338 4.97862
 4.07266 5.44361
 4.02379 8.18908
 3.99448 4.01443
 3.99397 5.94885
 3.94175 7.46038
 3.86791 4.52896
 3.71421 8.75465
 3.30095 5.48368
