 0 0.486601
 0 0.487013
 0 0.487013
 0 0.487013
 0 0.487013
 0 0.487014
 0 0.503249
 0 0.503267
 0 0.503268
 0 0.503778
 0 0.504168
 0 0.504169
 0 0.628011
 0 0.628029
 0 0.628029
 0 0.62803
 0 0.62803
 0 0.628162
 0 0.628163
 0 0.628163
 0 0.628163
 0 0.628163
 0 0.628269
 0 0.628352
 0 0.628352
 0 0.628434
 0 0.628434
 0 0.628567
 0 0.628568
 0 0.628607
 0 0.628607
 0 0.628719
 0 0.628719
 0 0.62872
 0 0.62872
 0 0.628742
 0 0.628742
 0 0.628742
 0 0.628781
 0 0.628781
 0 0.628781
 0 0.628837
 0 0.628837
 0 0.628837
 0 0.628913
 0 0.629021
 0 0.629028
 0 0.62911
 0 0.629131
 0 0.629131
 0 0.629174
 0 0.629194
 0 0.629224
 0 0.629441
 0 0.629441
 0 0.629441
 0 0.629454
 0 0.629521
 0 0.629595
 0 0.629629
 0 0.629639
 0 0.62964
 0 0.62964
 0 0.629661
 0 0.629661
 0 0.629661
 0 0.629662
 0 0.629677
 0 0.629677
 0 0.629678
 0 0.629678
 0 0.629678
 0 0.629693
 0 0.629718
 0 0.629718
 0 0.629746
 0 0.629783
 0 0.629783
 0 0.629807
 0 0.629813
 0 0.629813
 0 0.629822
 0 0.629851
 0 0.629852
 0 0.629852
 0 0.629852
 0 0.629852
 0 0.629881
 0 0.629905
 0 0.629947
 0 0.629948
 0 0.629999
 0 0.629999
 0 0.630033
 0 0.630033
 0 0.63007
 0 0.630151
 0 0.630175
 0 0.630175
 0 0.630175
 0 0.630175
 0 0.630233
 0 0.630233
 0 0.630235
 0 0.630245
 0 0.630246
 0 0.630273
 0 0.630274
 0 0.63035
 0 0.630442
 0 0.630487
 0 0.630487
 0 0.630488
 0 0.630488
 0 0.630499
 0 0.630499
 0 0.630499
 0 0.6305
 0 0.630515
 0 0.630536
 0 0.630538
 0 0.63054
 0 0.630578
 0 0.630579
 0 0.630584
 0 0.630586
 0 0.630586
 0 0.630595
 0 0.630613
 0 0.630621
 0 0.630621
 0 0.630626
 0 0.630632
 0 0.630634
 0 0.630651
 0 0.630651
 0 0.630667
 0 0.630689
 0 0.630689
 0 0.630745
 0 0.630746
 0 0.630747
 0 0.630761
 0 0.630762
 0 0.630773
 0 0.630781
 0 0.630783
 0 0.630787
 0 0.630796
 0 0.630802
 0 0.630804
 0 0.630838
 0 0.630839
 0 0.63084
 0 0.630848
 0 0.630851
 0 0.630852
 0 0.630861
 0 0.630883
 0 0.630884
 0 0.630884
 0 0.630884
 0 0.630896
 0 0.630903
 0 0.630903
 0 0.630903
 0 0.630913
 0 0.630913
 0 0.630913
 0 0.63093
 0 0.63093
 0 0.630934
 0 0.630934
 0 0.630937
 0 0.630972
 0 0.630972
 0 0.630989
 0 0.631007
 0 0.631007
 0 0.631007
 0 0.631007
 0 0.631015
 0 0.631015
 0 0.631025
 0 0.631025
 0 0.631046
 0 0.631046
 0 0.631046
 0 0.63105
 0 0.631089
 0 0.631091
 0 0.631092
 0 0.631092
 0 0.631096
 0 0.631099
 0 0.631116
 0 0.631116
 0 0.631116
 0 0.631117
 0 0.631117
 0 0.631142
 0 0.631164
 0 0.631165
 0 0.631171
 0 0.631174
 0 0.631174
 0 0.631176
 0 0.631196
 0 0.631196
 0 0.631206
 0 0.631207
 0 0.631208
 0 0.631209
 0 0.631209
 0 0.631209
 0 0.631209
 0 0.631209
 0 0.63121
 0 0.631224
 0 0.631229
 0 0.631229
 0 0.631229
 0 0.631236
 0 0.631243
 0 0.631244
 0 0.631244
 0 0.631248
 0 0.63125
 0 0.63125
 0 0.631264
 0 0.631264
 0 0.631268
 0 0.631269
 0 0.631269
 0 0.631269
 0 0.631269
 0 0.631276
 0 0.631288
 0 0.631289
 0 0.631305
 0 0.631305
 0 0.631305
 0 0.631305
 0 0.631308
 0 0.63132
 0 0.631321
 0 0.631325
 0 0.631368
 0 0.631369
 0 0.631372
 0 0.631373
 0 0.631373
 0 0.631374
 0 0.631375
 0 0.631392
 0 0.631393
 0 0.631393
 0 0.631393
 0 0.631394
 0 0.631394
 0 0.631394
 0 0.631446
 0 0.631461
 0 0.631462
 0 0.631462
 0 0.631464
 0 0.631468
 0 0.631489
 0 0.63149
 0 0.631509
 0 0.631517
 0 0.631517
 0 0.63152
 0 0.63152
 0 0.63152
 0 0.63152
 0 0.63152
 0 0.63152
 0 0.63152
 0 0.631522
 0 0.63154
 0 0.631556
 0 0.631556
 0 0.631559
 0 0.631559
 0 0.63156
 0 0.631564
 0 0.631564
 0 0.631574
 0 0.631574
 0 0.631575
 0 0.631584
 0 0.631584
 0 0.631584
 0 0.631585
 0 0.631585
 0 0.631585
 0 0.631597
 0 0.631597
 0 0.631599
 0 0.631599
 0 0.631602
 0 0.631602
 0 0.631605
 0 0.631605
 0 0.631605
 0 0.631633
 0 0.631633
 0 0.631634
 0 0.631639
 0 0.631656
 0 0.63167
 0 0.631698
 0 0.631698
 0 0.631699
 0 0.6317
 0 0.631704
 0 0.631704
 0 0.631731
 0 0.631731
 0 0.631731
 0 0.631732
 0 0.631734
 0 0.631735
 0 0.631738
 0 0.631749
 0 0.631749
 0 0.631762
 0 0.631763
 0 0.631764
 0 0.631764
 0 0.631795
 0 0.631808
 0 0.631808
 0 0.631809
 0 0.631809
 0 0.631811
 0 0.631814
 0 0.631814
 0 0.631814
 0 0.631814
 0 0.631818
 0 0.631818
 0 0.631821
 0 0.631821
 0 0.631838
 0 0.631846
 0 0.631846
 0 0.631846
 0 0.631851
 0 0.631851
 0 0.631855
 0 0.631858
 0 0.631858
 0 0.631863
 0 0.631863
 0 0.631877
 0 0.631877
 0 0.631878
 0 0.63189
 0 0.63189
 0 0.631901
 0 0.631938
 0 0.63194
 0 0.631996
 0 0.632004
 0 0.632004
 0 0.632004
 0 0.632005
 0 0.632007
 0 0.632007
 0 0.632016
 0 0.632017
 0 0.632021
 0 0.632055
 0 0.632055
 0 0.632056
 0 0.632056
 0 0.63206
 0 0.632065
 0 0.632084
 0 0.632084
 0 0.632084
 0 0.632084
 0 0.632108
 0 0.632115
 0 0.632115
 0 0.632124
 0 0.632124
 0 0.632125
 0 0.632125
 0 0.632125
 0 0.632142
 0 0.632143
 0 0.632144
 0 0.632159
 0 0.63216
 0 0.63216
 0 0.632167
 0 0.632179
 0 0.63218
 0 0.63218
 0 0.63218
 0 0.632182
 0 0.632182
 0 0.632183
 0 0.632184
 0 0.632187
 0 0.632187
 0 0.632188
 0 0.632193
 0 0.632193
 0 0.632209
 0 0.63221
 0 0.63221
 0 0.632227
 0 0.632237
 0 0.632237
 0 0.632237
 0 0.632238
 0 0.632239
 0 0.632248
 0 0.632255
 0 0.632277
 0 0.632277
 0 0.632288
 0 0.632288
 0 0.632289
 0 0.6323
 0 0.632314
 0 0.63232
 0 0.63232
 0 0.63232
 0 0.63232
 0 0.632352
 0 0.632353
 0 0.632353
 0 0.632369
 0 0.632369
 0 0.632369
 0 0.632371
 0 0.632372
 0 0.632372
 0 0.632372
 0 0.632373
 0 0.632378
 0 0.632378
 0 0.632378
 0 0.63238
 0 0.632387
 0 0.632389
 0 0.632392
 0 0.632392
 0 0.632392
 0 0.632392
 0 0.632402
 0 0.632403
 0 0.632403
 0 0.632422
 0 0.632422
 0 0.632471
 0 0.632471
 0 0.632472
 0 0.632489
 0 0.63249
 0 0.632492
 0 0.632492
 0 0.632494
 0 0.632494
 0 0.632495
 0 0.632508
 0 0.632513
 0 0.632514
 0 0.632517
 0 0.632519
 0 0.63252
 0 0.632522
 0 0.632522
 0 0.632524
 0 0.632538
 0 0.632538
 0 0.632539
 0 0.632546
 0 0.632554
 0 0.632577
 0 0.632577
 0 0.632577
 0 0.632589
 0 0.632596
 0 0.632598
 0 0.632598
 0 0.632599
 0 0.632599
 0 0.632602
 0 0.632603
 0 0.632603
 0 0.632637
 0 0.632639
 0 0.632646
 0 0.632646
 0 0.632647
 0 0.632648
 0 0.632649
 0 0.632649
 0 0.632649
 0 0.632653
 0 0.632653
 0 0.632653
 0 0.632655
 0 0.632655
 0 0.632656
 0 0.632659
 0 0.632664
 0 0.632665
 0 0.632665
 0 0.632665
 0 0.632666
 0 0.632667
 0 0.632667
 0 0.632667
 0 0.632667
 0 0.632673
 0 0.63269
 0 0.632718
 0 0.632725
 0 0.63273
 0 0.63273
 0 0.632732
 0 0.632732
 0 0.632732
 0 0.632733
 0 0.632738
 0 0.632739
 0 0.632741
 0 0.632741
 0 0.632741
 0 0.632741
 0 0.632742
 0 0.632769
 0 0.63277
 0 0.632772
 0 0.632774
 0 0.632774
 0 0.632774
 0 0.632774
 0 0.632774
 0 0.632774
 0 0.632784
 0 0.632785
 0 0.632785
 0 0.632786
 0 0.632787
 0 0.632788
 0 0.632789
 0 0.632801
 0 0.632801
 0 0.632808
 0 0.632808
 0 0.632809
 0 0.632814
 0 0.632815
 0 0.632838
 0 0.632839
 0 0.63284
 0 0.632843
 0 0.632844
 0 0.632844
 0 0.632848
 0 0.632849
 0 0.632858
 0 0.63286
 0 0.632869
 0 0.632873
 0 0.63288
 0 0.632882
 0 0.632892
 0 0.632892
 0 0.632893
 0 0.632894
 0 0.632909
 0 0.632909
 0 0.632909
 0 0.632915
 0 0.632919
 0 0.632921
 0 0.632921
 0 0.632921
 0 0.632921
 0 0.632921
 0 0.632923
 0 0.632923
 0 0.63293
 0 0.63293
 0 0.632931
 0 0.632944
 0 0.632946
 0 0.632947
 0 0.632947
 0 0.632978
 0 0.632979
 0 0.632979
 0 0.632979
 0 0.632988
 0 0.632988
 0 0.632989
 0 0.633006
 0 0.633006
 0 0.633008
 0 0.633012
 0 0.633013
 0 0.633013
 0 0.633013
 0 0.63302
 0 0.633047
 0 0.63305
 0 0.633051
 0 0.633053
 0 0.633053
 0 0.633058
 0 0.633058
 0 0.633071
 0 0.633079
 0 0.63308
 0 0.63308
 0 0.633098
 0 0.633098
 0 0.633101
 0 0.633102
 0 0.633107
 0 0.633108
 0 0.633111
 0 0.633133
 0 0.633136
 0 0.63314
 0 0.63314
 0 0.63314
 0 0.633149
 0 0.633152
 0 0.633152
 0 0.633152
 0 0.633152
 0 0.633157
 0 0.633157
 0 0.633166
 0 0.633167
 0 0.633167
 0 0.633167
 0 0.633167
 0 0.633168
 0 0.633169
 0 0.633171
 0 0.633172
 0 0.633175
 0 0.633175
 0 0.633203
 0 0.633205
 0 0.633205
 0 0.633215
 0 0.633215
 0 0.633215
 0 0.633222
 0 0.633234
 0 0.633234
 0 0.633241
 0 0.633246
 0 0.633246
 0 0.633246
 0 0.63325
 0 0.63325
 0 0.633256
 0 0.633261
 0 0.633262
 0 0.633285
 0 0.633285
 0 0.633286
 0 0.633286
 0 0.633286
 0 0.633294
 0 0.633317
 0 0.633319
 0 0.633335
 0 0.633336
 0 0.633342
 0 0.633343
 0 0.633343
 0 0.633347
 0 0.633348
 0 0.633348
 0 0.633349
 0 0.63335
 0 0.633357
 0 0.633357
 0 0.633357
 0 0.633388
 0 0.633388
 0 0.633389
 0 0.633389
 0 0.633389
 0 0.633412
 0 0.633412
 0 0.63343
 0 0.633445
 0 0.633445
 0 0.633445
 0 0.633458
 0 0.633458
 0 0.633458
 0 0.633461
 0 0.633464
 0 0.633468
 0 0.633469
 0 0.63348
 0 0.633481
 0 0.633481
 0 0.633481
 0 0.633481
 0 0.633486
 0 0.633487
 0 0.63349
 0 0.63349
 0 0.63349
 0 0.633494
 0 0.633495
 0 0.633509
 0 0.633512
 0 0.633512
 0 0.633513
 0 0.633525
 0 0.633537
 0 0.633537
 0 0.633538
 0 0.633543
 0 0.633544
 0 0.63355
 0 0.63355
 0 0.633551
 0 0.633556
 0 0.633556
 0 0.633556
 0 0.633558
 0 0.633558
 0 0.633558
 0 0.633559
 0 0.633572
 0 0.633573
 0 0.633573
 0 0.633573
 0 0.633588
 0 0.633588
 0 0.633588
 0 0.633588
 0 0.633589
 0 0.633594
 0 0.633594
 0 0.633595
 0 0.633603
 0 0.633605
 0 0.633607
 0 0.633607
 0 0.633612
 0 0.633613
 0 0.633613
 0 0.633614
 0 0.633614
 0 0.633614
 0 0.63362
 0 0.633638
 0 0.633638
 0 0.633641
 0 0.633642
 0 0.633642
 0 0.633642
 0 0.633648
 0 0.633648
 0 0.633648
 0 0.633649
 0 0.633654
 0 0.633654
 0 0.633654
 0 0.633679
 0 0.633679
 0 0.633685
 0 0.633685
 0 0.633688
 0 0.633688
 0 0.633692
 0 0.633693
 0 0.633695
 0 0.633695
 0 0.633696
 0 0.633696
 0 0.633704
 0 0.633704
 0 0.633704
 0 0.633705
 0 0.633717
 0 0.633721
 0 0.633727
 0 0.633728
 0 0.633728
 0 0.633728
 0 0.633732
 0 0.633735
 0 0.633735
 0 0.633735
 0 0.633746
 0 0.633746
 0 0.633746
 0 0.633747
 0 0.633751
 0 0.633751
 0 0.633752
 0 0.633752
 0 0.633753
 0 0.633759
 0 0.63376
 0 0.633765
 0 0.633767
 0 0.633767
 0 0.633768
 0 0.633771
 0 0.633771
 0 0.633772
 0 0.633781
 0 0.633783
 0 0.633783
 0 0.633784
 0 0.633793
 0 0.633802
 0 0.633802
 0 0.633815
 0 0.633815
 0 0.633819
 0 0.633821
 0 0.633823
 0 0.633823
 0 0.633824
 0 0.633829
 0 0.63383
 0 0.63383
 0 0.63383
 0 0.633841
 0 0.633841
 0 0.633841
 0 0.633844
 0 0.633851
 0 0.633853
 0 0.633859
 0 0.633864
 0 0.633864
 0 0.633884
 0 0.633891
 0 0.633894
 0 0.633903
 0 0.633904
 0 0.633904
 0 0.633904
 0 0.633904
 0 0.633919
 0 0.633919
 0 0.633919
 0 0.633928
 0 0.633928
 0 0.633932
 0 0.633933
 0 0.633934
 0 0.633941
 0 0.633942
 0 0.633946
 0 0.63395
 0 0.63395
 0 0.63395
 0 0.633959
 0 0.633961
 0 0.633961
 0 0.633961
 0 0.633961
 0 0.63397
 0 0.633973
 0 0.633973
 0 0.633973
 0 0.633974
 0 0.633983
 0 0.633983
 0 0.633983
 0 0.633984
 0 0.633987
 0 0.634011
 0 0.634013
 0 0.634013
 0 0.63402
 0 0.63402
 0 0.634039
 0 0.634039
 0 0.634039
 0 0.634086
 0 0.634086
 0 0.634086
 0 0.634098
 0 0.634101
 0 0.634102
 0 0.634102
 0 0.634114
 0 0.634115
 0 0.634115
 0 0.634117
 0 0.634118
 0 0.634123
 0 0.634127
 0 0.634134
 0 0.634146
 0 0.634152
 0 0.634152
 0 0.634152
 0 0.634159
 0 0.634159
 0 0.63416
 0 0.634168
 0 0.634168
 0 0.634182
 0 0.634182
 0 0.634184
 0 0.634184
 0 0.634193
 0 0.634193
 0 0.634205
 0 0.634205
 0 0.634207
 0 0.634235
 0 0.634235
 0 0.634235
 0 0.634236
 0 0.634238
 0 0.634238
 0 0.634238
 0 0.634238
 0 0.634241
 0 0.634241
 0 0.634241
 0 0.634247
 0 0.634248
 0 0.63425
 0 0.63425
 0 0.634251
 0 0.634259
 0 0.634259
 0 0.634263
 0 0.634263
 0 0.634279
 0 0.634301
 0 0.634304
 0 0.634304
 0 0.634304
 0 0.634314
 0 0.634316
 0 0.634316
 0 0.634317
 0 0.634319
 0 0.634319
 0 0.634322
 0 0.634328
 0 0.634328
 0 0.634341
 0 0.634341
 0 0.634351
 0 0.634351
 0 0.634351
 0 0.634353
 0 0.634354
 0 0.634354
 0 0.634354
 0 0.634354
 0 0.634358
 0 0.63436
 0 0.63436
 0 0.634361
 0 0.634361
 0 0.634361
 0 0.634361
 0 0.634373
 0 0.634374
 0 0.634382
 0 0.634386
 0 0.634406
 0 0.63441
 0 0.634412
 0 0.634427
 0 0.634429
 0 0.634429
 0 0.634436
 0 0.634436
 0 0.634447
 0 0.634447
 0 0.634449
 0 0.634449
 0 0.63445
 0 0.634455
 0 0.634455
 0 0.634456
 0 0.634468
 0 0.634468
 0 0.634477
 0 0.634481
 0 0.634481
 0 0.634481
 0 0.634485
 0 0.634486
 0 0.634496
 0 0.634496
 0 0.634497
 0 0.634499
 0 0.6345
 0 0.634501
 0 0.634516
 0 0.634516
 0 0.634516
 0 0.63453
 0 0.634531
 0 0.634532
 0 0.634538
 0 0.634552
 0 0.634553
 0 0.634555
 0 0.634555
 0 0.634566
 0 0.634566
 0 0.634584
 0 0.634584
 0 0.634584
 0 0.634585
 0 0.634591
 0 0.634597
 0 0.634598
 0 0.634598
 0 0.634605
 0 0.634605
 0 0.634609
 0 0.634626
 0 0.634626
 0 0.634626
 0 0.634626
 0 0.634626
 0 0.634627
 0 0.634628
 0 0.63463
 0 0.63463
 0 0.634631
 0 0.634631
 0 0.634631
 0 0.634632
 0 0.634632
 0 0.634634
 0 0.634634
 0 0.634647
 0 0.634647
 0 0.634647
 0 0.634647
 0 0.634647
 0 0.634648
 0 0.634662
 0 0.634663
 0 0.634664
 0 0.634681
 0 0.634681
 0 0.634681
 0 0.634681
 0 0.634685
 0 0.634685
 0 0.634687
 0 0.634698
 0 0.634698
 0 0.634707
 0 0.634707
 0 0.634707
 0 0.634716
 0 0.634716
 0 0.634716
 0 0.634716
 0 0.634716
 0 0.634717
 0 0.634717
 0 0.634717
 0 0.634718
 0 0.634718
 0 0.634731
 0 0.634732
 0 0.634739
 0 0.634739
 0 0.634739
 0 0.634739
 0 0.634739
 0 0.634745
 0 0.634747
 0 0.634749
 0 0.634749
 0 0.63475
 0 0.63475
 0 0.634751
 0 0.634752
 0 0.634758
 0 0.634765
 0 0.634774
 0 0.634774
 0 0.634775
 0 0.634775
 0 0.634775
 0 0.634775
 0 0.634775
 0 0.634781
 0 0.634781
 0 0.634795
 0 0.634795
 0 0.634808
 0 0.634808
 0 0.634808
 0 0.634821
 0 0.634822
 0 0.634823
 0 0.634824
 0 0.634824
 0 0.634825
 0 0.634827
 0 0.634827
 0 0.634827
 0 0.634828
 0 0.634828
 0 0.63483
 0 0.634833
 0 0.634852
 0 0.634869
 0 0.63487
 0 0.634878
 0 0.634882
 0 0.634889
 0 0.634896
 0 0.634897
 0 0.634897
 0 0.634897
 0 0.634897
 0 0.634901
 0 0.634901
 0 0.634901
 0 0.634901
 0 0.634903
 0 0.634909
 0 0.63491
 0 0.634917
 0 0.634918
 0 0.634919
 0 0.634921
 0 0.634943
 0 0.63495
 0 0.634951
 0 0.634952
 0 0.634956
 0 0.634958
 0 0.634985
 0 0.634985
 0 0.634991
 0 0.634992
 0 0.635001
 0 0.635001
 0 0.635016
 0 0.635044
 0 0.635045
 0 0.635046
 0 0.635046
 0 0.635046
 0 0.635046
 0 0.635046
 0 0.635048
 0 0.63505
 0 0.63505
 0 0.63505
 0 0.635051
 0 0.635061
 0 0.635064
 0 0.635064
 0 0.635073
 0 0.635073
 0 0.635073
 0 0.635108
 0 0.635108
 0 0.635113
 0 0.635113
 0 0.635116
 0 0.635139
 0 0.63514
 0 0.635142
 0 0.635143
 0 0.635143
 0 0.635144
 0 0.635145
 0 0.635151
 0 0.635152
 0 0.635152
 0 0.635154
 0 0.635165
 0 0.635176
 0 0.635177
 0 0.635177
 0 0.635179
 0 0.635182
 0 0.635182
 0 0.635184
 0 0.635184
 0 0.635185
 0 0.635191
 0 0.635193
 0 0.635198
 0 0.6352
 0 0.635205
 0 0.635205
 0 0.635213
 0 0.635218
 0 0.63523
 0 0.63523
 0 0.635241
 0 0.635251
 0 0.635251
 0 0.635251
 0 0.635263
 0 0.635264
 0 0.635267
 0 0.635269
 0 0.635274
 0 0.635274
 0 0.63528
 0 0.635281
 0 0.635298
 0 0.635314
 0 0.635322
 0 0.635327
 0 0.635347
 0 0.635347
 0 0.635356
 0 0.635356
 0 0.635356
 0 0.635359
 0 0.635359
 0 0.635363
 0 0.635375
 0 0.635377
 0 0.635377
 0 0.635386
 0 0.635386
 0 0.635387
 0 0.635392
 0 0.635394
 0 0.635403
 0 0.635403
 0 0.635403
 0 0.635403
 0 0.635413
 0 0.635413
 0 0.635413
 0 0.635416
 0 0.635426
 0 0.635426
 0 0.635443
 0 0.63545
 0 0.63545
 0 0.635454
 0 0.635454
 0 0.635454
 0 0.635454
 0 0.635459
 0 0.635467
 0 0.635473
 0 0.635507
 0 0.635507
 0 0.635508
 0 0.635516
 0 0.635517
 0 0.635517
 0 0.635518
 0 0.635518
 0 0.635536
 0 0.635536
 0 0.635537
 0 0.635545
 0 0.635559
 0 0.635561
 0 0.635567
 0 0.635567
 0 0.635567
 0 0.63557
 0 0.635586
 0 0.635586
 0 0.635586
 0 0.635589
 0 0.635605
 0 0.635605
 0 0.635612
 0 0.635612
 0 0.635614
 0 0.635615
 0 0.635626
 0 0.635644
 0 0.635644
 0 0.635667
 0 0.635674
 0 0.635674
 0 0.635701
 0 0.635718
 0 0.63572
 0 0.63572
 0 0.635741
 0 0.63575
 0 0.635753
 0 0.635803
 0 0.635803
 0 0.635804
 0 0.635804
 0 0.635804
 0 0.635815
 0 0.635871
 0 0.635873
 0 0.635873
 0 0.635877
 0 0.635885
 0 0.635885
 0 0.635885
 0 0.6359
 0 0.6359
 0 0.635901
 0 0.635901
 0 0.635916
 0 0.635916
 0 0.635968
 0 0.635969
 0 0.63597
 0 0.635971
 0 0.635972
 0 0.635973
 0 0.635983
 0 0.635984
 0 0.63602
 0 0.63602
 0 0.636046
 0 0.63605
 0 0.636051
 0 0.636051
 0 0.636051
 0 0.636082
 0 0.636082
 0 0.636084
 0 0.636092
 0 0.636092
 0 0.636092
 0 0.636092
 0 0.636109
 0 0.636109
 0 0.636118
 0 0.636119
 0 0.63612
 0 0.636155
 0 0.636155
 0 0.63619
 0 0.636193
 0 0.636193
 0 0.636194
 0 0.636194
 0 0.636241
 0 0.636263
 0 0.636263
 0 0.63629
 0 0.63629
 0 0.636291
 0 0.636292
 0 0.636299
 0 0.6363
 0 0.636335
 0 0.636336
 0 0.636354
 0 0.636354
 0 0.636354
 0 0.636375
 0 0.636375
 0 0.63639
 0 0.636391
 0 0.636407
 0 0.636424
 0 0.636475
 0 0.636502
 0 0.636542
 0 0.636544
 0 0.636567
 0 0.636567
 0 0.636575
 0 0.636585
 0 0.636588
 0 0.636617
 0 0.636617
 0 0.636655
 0 0.636656
 0 0.636657
 0 0.636657
 0 0.636659
 0 0.636669
 0 0.63669
 0 0.636705
 0 0.636709
 0 0.63673
 0 0.636731
 0 0.636748
 0 0.636748
 0 0.636749
 0 0.636749
 0 0.636749
 0 0.636755
 0 0.636757
 0 0.636757
 0 0.6369
 0 0.636913
 0 0.636915
 0 0.637015
 0 0.637016
 0 0.637016
 0 0.637036
 0 0.637068
 0 0.637135
 0 0.637137
 0 0.637156
 0 0.637157
 0 0.637157
 0 0.637157
 0 0.637158
 0 0.637158
 0 0.63718
 0 0.63718
 0 0.63718
 0 0.637192
 0 0.637192
 0 0.637192
 0 0.637234
 0 0.637318
 0 0.637384
 0 0.637384
 0 0.637384
 0 0.637384
 0 0.637385
 0 0.637392
 0 0.637393
 0 0.637459
 0 0.637521
 0 0.637547
 0 0.637547
 0 0.637549
 0 0.637572
 0 0.637573
 0 0.637573
 0 0.637594
 0 0.637631
 0 0.637675
 0 0.637675
 0 0.637676
 0 0.637741
 0 0.637741
 0 0.637773
 0 0.637773
 0 0.637774
 0 0.637774
 0 0.637774
 0 0.637804
 0 0.637806
 0 0.637806
 0 0.637826
 0 0.637892
 0 0.637892
 0 0.63797
 0 0.63798
 0 0.63798
 0 0.63798
 0 0.638153
 0 0.638155
 0 0.638161
 0 0.638161
 0 0.638266
 0 0.638267
 0 0.638267
 0 0.6383
 0 0.6383
 0 0.638357
 0 0.638411
 0 0.638512
 0 0.638531
 0 0.638531
 0 0.638531
 0 0.638623
 0 0.638624
 0 0.638624
 0 0.638835
 0 0.638835
 0 0.638893
 0 0.638894
 0 0.638894
 0 0.638894
 0 0.638976
 0 0.638976
 0 0.638979
 0 0.639188
 0 0.639217
 0 0.639217
 0 0.639218
 0 0.639241
 0 0.639314
 0 0.639314
 0 0.639314
 0 0.639358
 0 0.639418
 0 0.639429
 0 0.639429
 0 0.639565
 0 0.639565
 0 0.63958
 0 0.63958
 0 0.639618
 0 0.63962
 0 0.639651
 0 0.639739
 0 0.639739
 0 0.639739
 0 0.639854
 0 0.639856
 0 0.639862
 0 0.639863
 0 0.639902
 0 0.64002
 0 0.64002
 0 0.640167
 0 0.640167
 0 0.640167
 0 0.64048
 0 0.640689
 0 0.64073
 0 0.640978
 0 0.640979
 0 0.640979
 0 0.640979
 0 0.641401
 0 0.642114
 0 inf
