 8.49658 8.53206
 7.9426 8.10433
 7.93782 9.10304
 7.87437 8.42132
 7.49885 8.4034
 7.47599 8.39277
 7.3698 7.52057
 7.33644 8.45272
 7.2973 8.45958
 7.12617 7.60702
 7.11782 8.37788
 7.04855 8.2627
 6.97135 7.30272
 6.6359 7.04957
 6.6237 7.66276
 6.27266 6.27523
 6.17765 6.21591
 6.14278 7.88331
 6.10666 6.38248
 6.03476 7.16254
 5.80747 6.71821
 5.74029 5.77273
 5.53291 5.53501
 5.52718 5.57227
 5.52117 5.72952
 5.494 8.44331
 5.47143 5.86208
 5.42297 5.72175
 5.42194 8.48495
 5.3251 5.37123
 5.16998 5.17681
 5.1593 5.19198
 5.15025 8.46916
 5.14025 8.92376
 5.12156 5.14033
 5.10859 5.13284
 5.10732 5.15822
 5.02801 5.04103
 5.00979 5.01494
 5.00769 5.03073
 4.99617 5.0665
 4.99179 4.99544
 4.97515 4.98507
 4.9707 5.01993
 4.94935 5.01902
 4.94927 4.96509
 4.94707 4.95622
 4.93399 4.95474
 4.91736 4.92385
 4.91471 4.91487
 4.91279 5.39598
 4.87312 4.87671
 4.86791 4.88708
 4.86519 4.88751
 4.86452 5.03144
 4.85648 4.86617
 4.84221 4.85197
 4.84005 4.8488
 4.8327 4.85107
 4.81729 4.83039
 4.81377 5.29254
 4.80516 4.81682
 4.80178 4.82394
 4.79737 5.33124
 4.79176 4.81872
 4.7883 4.78976
 4.78621 4.78754
 4.78521 5.1124
 4.77487 5.1497
 4.74684 4.75118
 4.74161 5.3694
 4.73982 4.74364
 4.73728 5.08005
 4.73553 4.8953
 4.71912 4.73046
 4.71868 4.72265
 4.70771 4.71686
 4.69757 4.91084
 4.67966 4.69466
 4.66885 4.68963
 4.66565 4.68009
 4.66376 4.68371
 4.65805 4.7963
 4.64514 4.64777
 4.64114 4.66373
 4.63678 4.66785
 4.63627 4.64264
 4.63319 4.65988
 4.63007 6.73788
 4.62579 7.71879
 4.62533 4.87085
 4.59809 4.5994
 4.58286 9.31699
 4.58136 4.60236
 4.57981 4.7799
 4.52781 4.54635
 4.52504 4.5432
 4.52436 4.54303
 4.52338 4.54205
 4.5225 4.54208
 4.52235 5.19456
 4.50529 4.50745
 4.48179 5.44001
 4.38924 4.44716
 4.3788 4.38433
 4.37201 4.44716
 4.36984 5.39503
 4.35258 7.82314
 4.34565 5.21849
 4.29311 4.81006
 4.27917 8.86952
 4.26735 9.11416
 4.22407 8.14173
 4.20396 4.20595
 4.19252 8.54861
 4.04785 6.50058
 4.03661 6.21225
 3.84998 8.54643
 3.63965 3.64911
 3.58938 4.70494
