 0 0.487831
 0 0.487831
 0 0.488318
 0 0.48899
 0 0.488991
 0 0.489478
 0 0.526707
 0 0.527638
 0 0.527639
 0 0.527641
 0 0.528024
 0 0.528025
 0 0.600628
 0 0.600628
 0 0.60179
 0 0.601791
 0 0.601794
 0 0.601794
 0 0.607774
 0 0.608066
 0 0.608066
 0 0.608068
 0 0.608068
 0 0.608713
 0 0.610548
 0 0.610658
 0 0.610658
 0 0.611117
 0 0.611147
 0 0.611147
 0 0.611225
 0 0.611316
 0 0.611931
 0 0.61206
 0 0.612067
 0 0.612431
 0 0.613401
 0 0.61355
 0 0.61355
 0 0.61394
 0 0.613943
 0 0.613943
 0 0.614059
 0 0.61406
 0 0.614062
 0 0.614062
 0 0.614196
 0 0.614196
 0 0.614558
 0 0.614559
 0 0.61504
 0 0.615273
 0 0.615275
 0 0.61535
 0 0.61535
 0 0.615351
 0 0.615351
 0 0.615913
 0 0.615913
 0 0.615913
 0 0.617189
 0 0.617189
 0 0.61736
 0 0.61736
 0 0.61736
 0 0.617419
 0 0.617581
 0 0.617769
 0 0.61777
 0 0.617773
 0 0.617957
 0 0.617962
 0 0.618023
 0 0.618345
 0 0.618537
 0 0.61854
 0 0.618642
 0 0.61877
 0 0.618771
 0 0.618784
 0 0.618841
 0 0.618964
 0 0.618968
 0 0.619159
 0 0.619161
 0 0.619165
 0 0.619402
 0 0.619404
 0 0.619514
 0 0.619516
 0 0.619516
 0 0.619894
 0 0.619896
 0 0.620052
 0 0.620052
 0 0.620052
 0 0.620052
 0 0.620052
 0 0.620109
 0 0.62022
 0 0.62022
 0 0.620222
 0 0.620222
 0 0.620268
 0 0.6203
 0 0.620324
 0 0.620446
 0 0.620448
 0 0.620638
 0 0.620701
 0 0.620701
 0 0.620701
 0 0.620775
 0 0.620787
 0 0.620794
 0 0.620799
 0 0.620904
 0 0.620904
 0 0.620905
 0 0.621052
 0 0.621067
 0 0.621075
 0 0.621075
 0 0.621076
 0 0.621097
 0 0.621109
 0 0.621111
 0 0.621303
 0 0.621304
 0 0.621304
 0 0.621369
 0 0.62137
 0 0.621489
 0 0.621621
 0 0.621621
 0 0.621634
 0 0.621643
 0 0.621644
 0 0.621652
 0 0.621652
 0 0.621708
 0 0.621708
 0 0.621709
 0 0.621709
 0 0.621709
 0 0.62171
 0 0.621905
 0 0.621905
 0 0.621923
 0 0.621923
 0 0.621985
 0 0.622165
 0 0.622218
 0 0.622316
 0 0.622318
 0 0.622383
 0 0.622383
 0 0.62247
 0 0.622493
 0 0.622496
 0 0.622497
 0 0.622501
 0 0.622501
 0 0.622682
 0 0.622959
 0 0.622975
 0 0.623081
 0 0.623081
 0 0.623084
 0 0.623117
 0 0.623117
 0 0.623233
 0 0.623236
 0 0.623237
 0 0.623344
 0 0.623345
 0 0.623345
 0 0.623372
 0 0.623372
 0 0.623375
 0 0.623375
 0 0.623377
 0 0.623377
 0 0.62341
 0 0.623429
 0 0.623575
 0 0.623649
 0 0.623721
 0 0.623721
 0 0.623765
 0 0.623765
 0 0.623862
 0 0.623862
 0 0.623863
 0 0.623863
 0 0.623866
 0 0.623903
 0 0.623954
 0 0.624006
 0 0.624149
 0 0.624149
 0 0.624221
 0 0.624267
 0 0.624283
 0 0.624283
 0 0.624336
 0 0.624357
 0 0.62472
 0 0.624721
 0 0.624722
 0 0.624823
 0 0.624875
 0 0.624918
 0 0.624921
 0 0.62499
 0 0.62499
 0 0.624991
 0 0.624991
 0 0.624992
 0 0.625014
 0 0.625099
 0 0.6251
 0 0.625104
 0 0.625107
 0 0.625145
 0 0.625181
 0 0.625181
 0 0.625185
 0 0.625185
 0 0.625189
 0 0.625193
 0 0.625193
 0 0.625238
 0 0.625241
 0 0.625245
 0 0.625247
 0 0.625247
 0 0.625248
 0 0.625258
 0 0.625259
 0 0.625292
 0 0.625299
 0 0.625301
 0 0.625325
 0 0.625325
 0 0.625326
 0 0.625326
 0 0.625334
 0 0.625334
 0 0.625335
 0 0.625387
 0 0.625387
 0 0.6254
 0 0.625403
 0 0.625403
 0 0.625571
 0 0.625574
 0 0.62562
 0 0.625621
 0 0.625731
 0 0.625731
 0 0.625732
 0 0.62574
 0 0.625741
 0 0.625742
 0 0.625744
 0 0.625744
 0 0.62577
 0 0.625839
 0 0.625842
 0 0.625847
 0 0.625847
 0 0.625879
 0 0.625879
 0 0.625879
 0 0.625909
 0 0.625929
 0 0.625929
 0 0.625973
 0 0.626006
 0 0.626012
 0 0.626013
 0 0.626015
 0 0.626036
 0 0.626076
 0 0.626104
 0 0.626149
 0 0.626163
 0 0.626184
 0 0.626234
 0 0.626234
 0 0.626249
 0 0.626249
 0 0.626281
 0 0.626305
 0 0.626307
 0 0.626347
 0 0.62635
 0 0.626354
 0 0.626354
 0 0.626468
 0 0.626472
 0 0.626472
 0 0.626472
 0 0.626472
 0 0.626472
 0 0.626556
 0 0.626559
 0 0.626569
 0 0.626644
 0 0.626645
 0 0.626646
 0 0.626646
 0 0.626646
 0 0.626709
 0 0.626709
 0 0.626711
 0 0.626719
 0 0.626756
 0 0.626756
 0 0.626758
 0 0.626785
 0 0.627
 0 0.627
 0 0.627006
 0 0.627006
 0 0.627008
 0 0.627037
 0 0.627166
 0 0.627166
 0 0.627166
 0 0.627237
 0 0.627238
 0 0.627614
 0 0.627728
 0 0.627729
 0 0.628018
 0 0.628031
 0 0.628034
 0 0.628078
 0 0.628156
 0 0.628156
 0 0.62825
 0 0.628251
 0 0.628274
 0 0.628274
 0 0.628274
 0 0.628288
 0 0.628288
 0 0.628302
 0 0.628389
 0 0.628426
 0 0.628449
 0 0.628452
 0 0.628453
 0 0.628454
 0 0.628475
 0 0.628477
 0 0.628566
 0 0.628569
 0 0.62857
 0 0.628609
 0 0.628609
 0 0.628618
 0 0.628653
 0 0.628691
 0 0.628692
 0 0.628692
 0 0.628692
 0 0.628696
 0 0.628782
 0 0.628816
 0 0.628816
 0 0.628824
 0 0.628824
 0 0.628848
 0 0.628848
 0 0.628848
 0 0.628851
 0 0.628856
 0 0.628856
 0 0.628868
 0 0.62887
 0 0.628871
 0 0.628888
 0 0.628907
 0 0.628907
 0 0.628908
 0 0.62891
 0 0.62891
 0 0.62891
 0 0.62891
 0 0.628927
 0 0.628927
 0 0.628927
 0 0.62893
 0 0.628932
 0 0.628932
 0 0.628999
 0 0.629
 0 0.629
 0 0.629
 0 0.629012
 0 0.629022
 0 0.629059
 0 0.62906
 0 0.629083
 0 0.629083
 0 0.629125
 0 0.629125
 0 0.629186
 0 0.629199
 0 0.6292
 0 0.629274
 0 0.629277
 0 0.629283
 0 0.629283
 0 0.629287
 0 0.629287
 0 0.629331
 0 0.62936
 0 0.629361
 0 0.629373
 0 0.629381
 0 0.629385
 0 0.6294
 0 0.629405
 0 0.629405
 0 0.629405
 0 0.629415
 0 0.629438
 0 0.62944
 0 0.62944
 0 0.629441
 0 0.629441
 0 0.629472
 0 0.629474
 0 0.629477
 0 0.629477
 0 0.629479
 0 0.629479
 0 0.629483
 0 0.62951
 0 0.62951
 0 0.62951
 0 0.629515
 0 0.629516
 0 0.629519
 0 0.629532
 0 0.629536
 0 0.629541
 0 0.629543
 0 0.629622
 0 0.629624
 0 0.629676
 0 0.629678
 0 0.629732
 0 0.629732
 0 0.629733
 0 0.629733
 0 0.629733
 0 0.629776
 0 0.629779
 0 0.629809
 0 0.629812
 0 0.629823
 0 0.629823
 0 0.629825
 0 0.629825
 0 0.62984
 0 0.629876
 0 0.629878
 0 0.629879
 0 0.629903
 0 0.62991
 0 0.629913
 0 0.629926
 0 0.629927
 0 0.629928
 0 0.629928
 0 0.629929
 0 0.629938
 0 0.629939
 0 0.629994
 0 0.629995
 0 0.629995
 0 0.629996
 0 0.629996
 0 0.63007
 0 0.630095
 0 0.630096
 0 0.630118
 0 0.630119
 0 0.63012
 0 0.63012
 0 0.630188
 0 0.630207
 0 0.630208
 0 0.63027
 0 0.63027
 0 0.630271
 0 0.630336
 0 0.630336
 0 0.630336
 0 0.630338
 0 0.63034
 0 0.6304
 0 0.630419
 0 0.63042
 0 0.630487
 0 0.630525
 0 0.630528
 0 0.630528
 0 0.630529
 0 0.630558
 0 0.630558
 0 0.630593
 0 0.630595
 0 0.630671
 0 0.630678
 0 0.630679
 0 0.630715
 0 0.63078
 0 0.630781
 0 0.630781
 0 0.630786
 0 0.630788
 0 0.630788
 0 0.630827
 0 0.630877
 0 0.630877
 0 0.630902
 0 0.630902
 0 0.630924
 0 0.630924
 0 0.630924
 0 0.630963
 0 0.630966
 0 0.630966
 0 0.630971
 0 0.630971
 0 0.630984
 0 0.630985
 0 0.630985
 0 0.631001
 0 0.631002
 0 0.631007
 0 0.631046
 0 0.631046
 0 0.631046
 0 0.631065
 0 0.631089
 0 0.631205
 0 0.631207
 0 0.631207
 0 0.631207
 0 0.631223
 0 0.631223
 0 0.631293
 0 0.631293
 0 0.631293
 0 0.63137
 0 0.631375
 0 0.631375
 0 0.631379
 0 0.631387
 0 0.631387
 0 0.631387
 0 0.63141
 0 0.631413
 0 0.631445
 0 0.631448
 0 0.631451
 0 0.631463
 0 0.631477
 0 0.631477
 0 0.631477
 0 0.631601
 0 0.631601
 0 0.631602
 0 0.631602
 0 0.631603
 0 0.631603
 0 0.631609
 0 0.631699
 0 0.6317
 0 0.631701
 0 0.631706
 0 0.631707
 0 0.631708
 0 0.631731
 0 0.631733
 0 0.631768
 0 0.631772
 0 0.631772
 0 0.631772
 0 0.631813
 0 0.631824
 0 0.631851
 0 0.631852
 0 0.631853
 0 0.631854
 0 0.631863
 0 0.631863
 0 0.631877
 0 0.631926
 0 0.632007
 0 0.632012
 0 0.632013
 0 0.632014
 0 0.632014
 0 0.632031
 0 0.632031
 0 0.632036
 0 0.632078
 0 0.632081
 0 0.632081
 0 0.632082
 0 0.632083
 0 0.632093
 0 0.632096
 0 0.632098
 0 0.632123
 0 0.632123
 0 0.632153
 0 0.632153
 0 0.63216
 0 0.63216
 0 0.632181
 0 0.632181
 0 0.632181
 0 0.632182
 0 0.632182
 0 0.632184
 0 0.632184
 0 0.632184
 0 0.632293
 0 0.632293
 0 0.632296
 0 0.632296
 0 0.632296
 0 0.632347
 0 0.632364
 0 0.632366
 0 0.632366
 0 0.632421
 0 0.632421
 0 0.632469
 0 0.632469
 0 0.632474
 0 0.632674
 0 0.632674
 0 0.632675
 0 0.632675
 0 0.632675
 0 0.632676
 0 0.632689
 0 0.632692
 0 0.632692
 0 0.632692
 0 0.632852
 0 0.632854
 0 0.632855
 0 0.632891
 0 0.632902
 0 0.632902
 0 0.632978
 0 0.632997
 0 0.633021
 0 0.633048
 0 0.633112
 0 0.633117
 0 0.633117
 0 0.633118
 0 0.633118
 0 0.633118
 0 0.633144
 0 0.633145
 0 0.63315
 0 0.633152
 0 0.633184
 0 0.633184
 0 0.633185
 0 0.633204
 0 0.633303
 0 0.633307
 0 0.633307
 0 0.633323
 0 0.633323
 0 0.633389
 0 0.633389
 0 0.63346
 0 0.633461
 0 0.633563
 0 0.633668
 0 0.633668
 0 0.633668
 0 0.633668
 0 0.633714
 0 0.633714
 0 0.633715
 0 0.633715
 0 0.633715
 0 0.633789
 0 0.633789
 0 0.633812
 0 0.633816
 0 0.633839
 0 0.633851
 0 0.633852
 0 0.633854
 0 0.633855
 0 0.633856
 0 0.633928
 0 0.633928
 0 0.63393
 0 0.633975
 0 0.634067
 0 0.634068
 0 0.634075
 0 0.63414
 0 0.63414
 0 0.634192
 0 0.634196
 0 0.634196
 0 0.63421
 0 0.63421
 0 0.63421
 0 0.634243
 0 0.634243
 0 0.634244
 0 0.634293
 0 0.634295
 0 0.634295
 0 0.634295
 0 0.634295
 0 0.634321
 0 0.634323
 0 0.634323
 0 0.634385
 0 0.634387
 0 0.634388
 0 0.63439
 0 0.634405
 0 0.634419
 0 0.634419
 0 0.63442
 0 0.634536
 0 0.63454
 0 0.634541
 0 0.634544
 0 0.634629
 0 0.634669
 0 0.634672
 0 0.634701
 0 0.634715
 0 0.634787
 0 0.634791
 0 0.634862
 0 0.634862
 0 0.634891
 0 0.634912
 0 0.634912
 0 0.634913
 0 0.634913
 0 0.634914
 0 0.634935
 0 0.634994
 0 0.635046
 0 0.635046
 0 0.635088
 0 0.635089
 0 0.635204
 0 0.635204
 0 0.635213
 0 0.635233
 0 0.635233
 0 0.635233
 0 0.635235
 0 0.635235
 0 0.635239
 0 0.635239
 0 0.635312
 0 0.635312
 0 0.635312
 0 0.635312
 0 0.635314
 0 0.635335
 0 0.635337
 0 0.635339
 0 0.635339
 0 0.635362
 0 0.635363
 0 0.635363
 0 0.635363
 0 0.6354
 0 0.635402
 0 0.635402
 0 0.635418
 0 0.635418
 0 0.63542
 0 0.63542
 0 0.63543
 0 0.635448
 0 0.635448
 0 0.635449
 0 0.635452
 0 0.635453
 0 0.635453
 0 0.63552
 0 0.63552
 0 0.635579
 0 0.635585
 0 0.635588
 0 0.635588
 0 0.635588
 0 0.635602
 0 0.635615
 0 0.635619
 0 0.635626
 0 0.635627
 0 0.635644
 0 0.635644
 0 0.635648
 0 0.635648
 0 0.635689
 0 0.6357
 0 0.635788
 0 0.63579
 0 0.635823
 0 0.635823
 0 0.635839
 0 0.635842
 0 0.635842
 0 0.635856
 0 0.635857
 0 0.635857
 0 0.635864
 0 0.635864
 0 0.635897
 0 0.635897
 0 0.635934
 0 0.635947
 0 0.636037
 0 0.636045
 0 0.636059
 0 0.636064
 0 0.63607
 0 0.636071
 0 0.636091
 0 0.636091
 0 0.636093
 0 0.636094
 0 0.636101
 0 0.636108
 0 0.636108
 0 0.636109
 0 0.63617
 0 0.636174
 0 0.636198
 0 0.636201
 0 0.636264
 0 0.636294
 0 0.636321
 0 0.636321
 0 0.636327
 0 0.63633
 0 0.636374
 0 0.6364
 0 0.636464
 0 0.636464
 0 0.636465
 0 0.636465
 0 0.636467
 0 0.63647
 0 0.63651
 0 0.636522
 0 0.63653
 0 0.636533
 0 0.636548
 0 0.636553
 0 0.636553
 0 0.636599
 0 0.636611
 0 0.636612
 0 0.636628
 0 0.636629
 0 0.636633
 0 0.636657
 0 0.636657
 0 0.636658
 0 0.636661
 0 0.636663
 0 0.63671
 0 0.636711
 0 0.636724
 0 0.636724
 0 0.636733
 0 0.636733
 0 0.636735
 0 0.636735
 0 0.636788
 0 0.6368
 0 0.636802
 0 0.636802
 0 0.636802
 0 0.636831
 0 0.63684
 0 0.63684
 0 0.636857
 0 0.636859
 0 0.636878
 0 0.636894
 0 0.636895
 0 0.636895
 0 0.63692
 0 0.636923
 0 0.636923
 0 0.636927
 0 0.636927
 0 0.636929
 0 0.636955
 0 0.636957
 0 0.636957
 0 0.636957
 0 0.636993
 0 0.636994
 0 0.637003
 0 0.637022
 0 0.637022
 0 0.637035
 0 0.637077
 0 0.63708
 0 0.63708
 0 0.6371
 0 0.637178
 0 0.63718
 0 0.637212
 0 0.637216
 0 0.637217
 0 0.637246
 0 0.637246
 0 0.637246
 0 0.63725
 0 0.63725
 0 0.637289
 0 0.63729
 0 0.637295
 0 0.637295
 0 0.637296
 0 0.637296
 0 0.637297
 0 0.637302
 0 0.637324
 0 0.637325
 0 0.637325
 0 0.637327
 0 0.637328
 0 0.637329
 0 0.63736
 0 0.637362
 0 0.637411
 0 0.637441
 0 0.637482
 0 0.637514
 0 0.637515
 0 0.637522
 0 0.637526
 0 0.637526
 0 0.637577
 0 0.63758
 0 0.637613
 0 0.637613
 0 0.637659
 0 0.637715
 0 0.637719
 0 0.637719
 0 0.637723
 0 0.63773
 0 0.63773
 0 0.637812
 0 0.637911
 0 0.637914
 0 0.637916
 0 0.638011
 0 0.638011
 0 0.638048
 0 0.638059
 0 0.638214
 0 0.638215
 0 0.638215
 0 0.638219
 0 0.63827
 0 0.63829
 0 0.63829
 0 0.63829
 0 0.63829
 0 0.638293
 0 0.638327
 0 0.638328
 0 0.638357
 0 0.638357
 0 0.638357
 0 0.638357
 0 0.638386
 0 0.638387
 0 0.638388
 0 0.638429
 0 0.638523
 0 0.638536
 0 0.638537
 0 0.638542
 0 0.63859
 0 0.638591
 0 0.638591
 0 0.638591
 0 0.638591
 0 0.638591
 0 0.638598
 0 0.638628
 0 0.638628
 0 0.638628
 0 0.63863
 0 0.63863
 0 0.638641
 0 0.638644
 0 0.638713
 0 0.638713
 0 0.638764
 0 0.638766
 0 0.638781
 0 0.638788
 0 0.638887
 0 0.638964
 0 0.638964
 0 0.639007
 0 0.639007
 0 0.639008
 0 0.639019
 0 0.639059
 0 0.639097
 0 0.639097
 0 0.6391
 0 0.639207
 0 0.639233
 0 0.639236
 0 0.639236
 0 0.639265
 0 0.639273
 0 0.639501
 0 0.639501
 0 0.639565
 0 0.639565
 0 0.639565
 0 0.639565
 0 0.639567
 0 0.639567
 0 0.639569
 0 0.639591
 0 0.639592
 0 0.639597
 0 0.639598
 0 0.63961
 0 0.639631
 0 0.639633
 0 0.639716
 0 0.639716
 0 0.639717
 0 0.639732
 0 0.639746
 0 0.639746
 0 0.639751
 0 0.639793
 0 0.639794
 0 0.639801
 0 0.639804
 0 0.639839
 0 0.639839
 0 0.639872
 0 0.639879
 0 0.639879
 0 0.639879
 0 0.639879
 0 0.639889
 0 0.639891
 0 0.639891
 0 0.639891
 0 0.639891
 0 0.639892
 0 0.639926
 0 0.639926
 0 0.639929
 0 0.639929
 0 0.639929
 0 0.64003
 0 0.64003
 0 0.640031
 0 0.640032
 0 0.640032
 0 0.640106
 0 0.640106
 0 0.640144
 0 0.640144
 0 0.640185
 0 0.640188
 0 0.640196
 0 0.640196
 0 0.6402
 0 0.6402
 0 0.640201
 0 0.640223
 0 0.640223
 0 0.640234
 0 0.640236
 0 0.640236
 0 0.64024
 0 0.64024
 0 0.640255
 0 0.640255
 0 0.640322
 0 0.640403
 0 0.640403
 0 0.640404
 0 0.640424
 0 0.640514
 0 0.640539
 0 0.640541
 0 0.640647
 0 0.640651
 0 0.640651
 0 0.640652
 0 0.640653
 0 0.640655
 0 0.640655
 0 0.640655
 0 0.640701
 0 0.640818
 0 0.640819
 0 0.640821
 0 0.64086
 0 0.64086
 0 0.640879
 0 0.640879
 0 0.640931
 0 0.640932
 0 0.640997
 0 0.641007
 0 0.641008
 0 0.641008
 0 0.641022
 0 0.641022
 0 0.641038
 0 0.641145
 0 0.641155
 0 0.641155
 0 0.641155
 0 0.641155
 0 0.641158
 0 0.641209
 0 0.641209
 0 0.64121
 0 0.641402
 0 0.641407
 0 0.641418
 0 0.641442
 0 0.641442
 0 0.641443
 0 0.641533
 0 0.641534
 0 0.641534
 0 0.641535
 0 0.641542
 0 0.641594
 0 0.641686
 0 0.641687
 0 0.641781
 0 0.641781
 0 0.64179
 0 0.64179
 0 0.64179
 0 0.641841
 0 0.64186
 0 0.64186
 0 0.64188
 0 0.641881
 0 0.641881
 0 0.641937
 0 0.64198
 0 0.642002
 0 0.642027
 0 0.642048
 0 0.642048
 0 0.642125
 0 0.642127
 0 0.64213
 0 0.642133
 0 0.642207
 0 0.642373
 0 0.642407
 0 0.642409
 0 0.642409
 0 0.642409
 0 0.642517
 0 0.642518
 0 0.642519
 0 0.642533
 0 0.642534
 0 0.642534
 0 0.642534
 0 0.642534
 0 0.642535
 0 0.642609
 0 0.642612
 0 0.642612
 0 0.642656
 0 0.642669
 0 0.642785
 0 0.64291
 0 0.64291
 0 0.64291
 0 0.642928
 0 0.643028
 0 0.643028
 0 0.643076
 0 0.643131
 0 0.643131
 0 0.643132
 0 0.643246
 0 0.643246
 0 0.643247
 0 0.643247
 0 0.643313
 0 0.64333
 0 0.64333
 0 0.643431
 0 0.643435
 0 0.643526
 0 0.643664
 0 0.643693
 0 0.643693
 0 0.643957
 0 0.643986
 0 0.644004
 0 0.644004
 0 0.644066
 0 0.644103
 0 0.644103
 0 0.644104
 0 0.644239
 0 0.644239
 0 0.644251
 0 0.644298
 0 0.644298
 0 0.644299
 0 0.644299
 0 0.644346
 0 0.644346
 0 0.644349
 0 0.644557
 0 0.644557
 0 0.644622
 0 0.644625
 0 0.644644
 0 0.644653
 0 0.644653
 0 0.644669
 0 0.64467
 0 0.644742
 0 0.644776
 0 0.644778
 0 0.644905
 0 0.644905
 0 0.644935
 0 0.64495
 0 0.64495
 0 0.644971
 0 0.645138
 0 0.645159
 0 0.645171
 0 0.645174
 0 0.645312
 0 0.645312
 0 0.645361
 0 0.645361
 0 0.645384
 0 0.645423
 0 0.645453
 0 0.645453
 0 0.645454
 0 0.645489
 0 0.64549
 0 0.64549
 0 0.64549
 0 0.645544
 0 0.645566
 0 0.645624
 0 0.645652
 0 0.645737
 0 0.645737
 0 0.645788
 0 0.645788
 0 0.645788
 0 0.645833
 0 0.645857
 0 0.645857
 0 0.645942
 0 0.645942
 0 0.645949
 0 0.645949
 0 0.646028
 0 0.646028
 0 0.646054
 0 0.646054
 0 0.646055
 0 0.646106
 0 0.646134
 0 0.646134
 0 0.646134
 0 0.646173
 0 0.646209
 0 0.646226
 0 0.646252
 0 0.646255
 0 0.646348
 0 0.646486
 0 0.646561
 0 0.646589
 0 0.646589
 0 0.646602
 0 0.646642
 0 0.646644
 0 0.646644
 0 0.646694
 0 0.646694
 0 0.646695
 0 0.646695
 0 0.646696
 0 0.646696
 0 0.646723
 0 0.646723
 0 0.646834
 0 0.646834
 0 0.646834
 0 0.646956
 0 0.646958
 0 0.646959
 0 0.646974
 0 0.647022
 0 0.647026
 0 0.647029
 0 0.647129
 0 0.647131
 0 0.647163
 0 0.647163
 0 0.647166
 0 0.647166
 0 0.647186
 0 0.647187
 0 0.647208
 0 0.647213
 0 0.647367
 0 0.647675
 0 0.647675
 0 0.647675
 0 0.647736
 0 0.647797
 0 0.647832
 0 0.647867
 0 0.647868
 0 0.647868
 0 0.64788
 0 0.647918
 0 0.647921
 0 0.647936
 0 0.647936
 0 0.647936
 0 0.647937
 0 0.64799
 0 0.647992
 0 0.647992
 0 0.647993
 0 0.647994
 0 0.648034
 0 0.648106
 0 0.648232
 0 0.648232
 0 0.648249
 0 0.648263
 0 0.648263
 0 0.648263
 0 0.648263
 0 0.64828
 0 0.648283
 0 0.648315
 0 0.648315
 0 0.64837
 0 0.64837
 0 0.648372
 0 0.648372
 0 0.648372
 0 0.648444
 0 0.648448
 0 0.648534
 0 0.648606
 0 0.648651
 0 0.648652
 0 0.648701
 0 0.648702
 0 0.648705
 0 0.648861
 0 0.648862
 0 0.648863
 0 0.648946
 0 0.649179
 0 0.64918
 0 0.64918
 0 0.649296
 0 0.649476
 0 0.649477
 0 0.649477
 0 0.649543
 0 0.649545
 0 0.649556
 0 0.64966
 0 0.64967
 0 0.64967
 0 0.649701
 0 0.649785
 0 0.650012
 0 0.650012
 0 0.650031
 0 0.650032
 0 0.650032
 0 0.650032
 0 0.65005
 0 0.650061
 0 0.650239
 0 0.65024
 0 0.65026
 0 0.650303
 0 0.650306
 0 0.650344
 0 0.650345
 0 0.650379
 0 0.650379
 0 0.650379
 0 0.65047
 0 0.650592
 0 0.650593
 0 0.650739
 0 0.650922
 0 0.651344
 0 0.651781
 0 0.651783
 0 0.652023
 0 0.652023
 0 0.652024
 0 0.652323
 0 0.65256
 0 0.652561
 0 0.65257
 0 0.65257
 0 0.652664
 0 0.652953
 0 0.653076
 0 0.653197
 0 0.653271
 0 0.653386
 0 0.653386
 0 0.653387
 0 0.653387
 0 0.653387
 0 0.653551
 0 0.653551
 0 0.653551
 0 0.653669
 0 0.653671
 0 0.653682
 0 0.653682
 0 0.653682
 0 0.653877
 0 0.653877
 0 0.653877
 0 0.653938
 0 0.654153
 0 0.654394
 0 0.654876
 0 0.654876
 0 0.655723
 0 0.655723
 0 0.655725
 0 0.655844
 0 0.655844
 0 0.656048
 0 0.656051
 0 0.656051
 0 0.656107
 0 0.656109
 0 0.6565
 0 0.656502
 0 0.656556
 0 0.656556
 0 0.656556
 0 0.656558
 0 0.656724
 0 0.656774
 0 0.656774
 0 0.656775
 0 0.656778
 0 0.656942
 0 0.656945
 0 0.657832
 0 0.657833
 0 0.6581
 0 0.65829
 0 0.658293
 0 0.658294
 0 0.658788
 0 0.660829
 0 0.66083
 0 0.661633
 0 0.661633
 0 0.661633
 0 0.662423
 0 inf
