 0 0.49464
 0 0.49464
 0 0.494641
 0 0.495268
 0 0.495269
 0 0.49594
 0 0.498994
 0 0.498994
 0 0.499385
 0 0.499385
 0 0.499386
 0 0.499914
 0 0.626027
 0 0.626027
 0 0.626094
 0 0.626095
 0 0.626095
 0 0.626308
 0 0.626342
 0 0.626343
 0 0.626343
 0 0.626576
 0 0.626578
 0 0.626578
 0 0.626656
 0 0.626656
 0 0.626902
 0 0.626917
 0 0.626917
 0 0.626917
 0 0.627116
 0 0.627116
 0 0.627213
 0 0.627383
 0 0.627383
 0 0.627383
 0 0.62746
 0 0.627461
 0 0.627461
 0 0.627553
 0 0.62781
 0 0.627817
 0 0.627817
 0 0.627817
 0 0.627818
 0 0.627818
 0 0.62782
 0 0.628019
 0 0.62802
 0 0.62802
 0 0.628021
 0 0.628093
 0 0.628093
 0 0.628097
 0 0.628123
 0 0.628124
 0 0.628124
 0 0.628142
 0 0.628333
 0 0.628336
 0 0.628352
 0 0.628352
 0 0.628359
 0 0.628359
 0 0.628435
 0 0.628435
 0 0.628492
 0 0.628492
 0 0.628493
 0 0.628493
 0 0.628509
 0 0.628511
 0 0.628527
 0 0.628527
 0 0.6286
 0 0.6286
 0 0.628629
 0 0.628664
 0 0.628718
 0 0.62872
 0 0.628803
 0 0.628803
 0 0.628803
 0 0.628803
 0 0.628912
 0 0.628912
 0 0.628913
 0 0.628988
 0 0.62899
 0 0.629016
 0 0.629016
 0 0.629016
 0 0.629038
 0 0.629038
 0 0.629043
 0 0.629044
 0 0.629044
 0 0.629105
 0 0.629137
 0 0.629137
 0 0.629138
 0 0.629138
 0 0.62935
 0 0.62935
 0 0.6294
 0 0.629456
 0 0.629457
 0 0.62947
 0 0.629471
 0 0.629471
 0 0.629524
 0 0.629549
 0 0.629549
 0 0.629563
 0 0.629564
 0 0.629564
 0 0.629564
 0 0.629626
 0 0.629626
 0 0.629714
 0 0.629714
 0 0.62977
 0 0.62977
 0 0.62977
 0 0.62977
 0 0.62977
 0 0.62977
 0 0.629787
 0 0.629788
 0 0.629843
 0 0.629845
 0 0.629846
 0 0.629848
 0 0.62985
 0 0.629865
 0 0.629881
 0 0.629903
 0 0.629903
 0 0.629932
 0 0.629939
 0 0.629939
 0 0.629941
 0 0.629962
 0 0.630042
 0 0.630098
 0 0.630099
 0 0.630224
 0 0.630298
 0 0.6303
 0 0.630356
 0 0.630366
 0 0.630366
 0 0.630366
 0 0.630373
 0 0.630373
 0 0.630379
 0 0.630379
 0 0.630551
 0 0.630551
 0 0.630553
 0 0.630553
 0 0.630554
 0 0.630554
 0 0.630604
 0 0.630606
 0 0.630621
 0 0.630621
 0 0.630621
 0 0.630666
 0 0.630666
 0 0.630666
 0 0.63069
 0 0.630691
 0 0.630697
 0 0.630745
 0 0.630745
 0 0.630745
 0 0.630748
 0 0.630749
 0 0.630766
 0 0.630772
 0 0.630772
 0 0.630808
 0 0.630832
 0 0.630845
 0 0.630846
 0 0.630846
 0 0.630896
 0 0.630896
 0 0.631029
 0 0.631064
 0 0.631064
 0 0.631067
 0 0.631068
 0 0.631235
 0 0.631235
 0 0.631235
 0 0.631236
 0 0.63132
 0 0.631334
 0 0.631383
 0 0.631424
 0 0.631456
 0 0.631456
 0 0.631456
 0 0.631457
 0 0.631475
 0 0.631475
 0 0.631475
 0 0.631535
 0 0.631543
 0 0.631543
 0 0.631543
 0 0.631558
 0 0.631558
 0 0.631559
 0 0.631562
 0 0.631562
 0 0.631573
 0 0.631573
 0 0.631573
 0 0.631618
 0 0.631618
 0 0.631637
 0 0.631639
 0 0.631659
 0 0.631659
 0 0.631666
 0 0.631685
 0 0.631686
 0 0.631724
 0 0.631725
 0 0.631725
 0 0.631732
 0 0.631733
 0 0.631733
 0 0.631733
 0 0.631737
 0 0.631738
 0 0.631808
 0 0.631814
 0 0.631815
 0 0.631874
 0 0.631891
 0 0.631898
 0 0.631907
 0 0.631951
 0 0.631956
 0 0.631957
 0 0.63197
 0 0.63197
 0 0.631977
 0 0.631988
 0 0.631988
 0 0.631988
 0 0.632067
 0 0.632067
 0 0.632068
 0 0.632168
 0 0.632172
 0 0.632175
 0 0.632185
 0 0.632195
 0 0.632195
 0 0.632222
 0 0.632229
 0 0.632234
 0 0.632236
 0 0.632236
 0 0.632236
 0 0.632236
 0 0.632238
 0 0.632238
 0 0.632245
 0 0.632264
 0 0.632264
 0 0.632264
 0 0.632311
 0 0.632342
 0 0.632344
 0 0.632344
 0 0.632359
 0 0.632359
 0 0.632359
 0 0.632368
 0 0.632369
 0 0.632369
 0 0.632369
 0 0.632374
 0 0.632402
 0 0.632403
 0 0.632403
 0 0.632409
 0 0.632413
 0 0.632432
 0 0.632432
 0 0.632432
 0 0.632432
 0 0.632467
 0 0.632501
 0 0.632502
 0 0.632513
 0 0.632527
 0 0.632534
 0 0.632534
 0 0.632548
 0 0.632548
 0 0.632564
 0 0.632565
 0 0.632567
 0 0.632567
 0 0.632567
 0 0.632568
 0 0.632578
 0 0.632583
 0 0.632596
 0 0.632614
 0 0.632614
 0 0.632628
 0 0.632628
 0 0.63264
 0 0.63264
 0 0.632641
 0 0.632641
 0 0.632641
 0 0.632682
 0 0.6327
 0 0.6327
 0 0.632705
 0 0.632714
 0 0.632715
 0 0.632715
 0 0.632732
 0 0.632749
 0 0.632749
 0 0.63275
 0 0.63275
 0 0.632757
 0 0.63276
 0 0.63276
 0 0.63276
 0 0.63276
 0 0.63278
 0 0.63279
 0 0.63279
 0 0.632791
 0 0.632791
 0 0.632793
 0 0.632794
 0 0.632833
 0 0.632848
 0 0.63285
 0 0.632862
 0 0.632865
 0 0.632868
 0 0.63288
 0 0.63288
 0 0.632881
 0 0.632895
 0 0.632895
 0 0.632899
 0 0.632899
 0 0.632899
 0 0.632901
 0 0.632935
 0 0.632959
 0 0.632964
 0 0.632981
 0 0.632987
 0 0.632987
 0 0.632988
 0 0.633014
 0 0.633014
 0 0.633076
 0 0.633077
 0 0.633077
 0 0.63308
 0 0.633089
 0 0.633089
 0 0.633089
 0 0.633102
 0 0.633107
 0 0.633114
 0 0.633115
 0 0.633118
 0 0.633128
 0 0.633128
 0 0.633128
 0 0.63314
 0 0.63314
 0 0.63314
 0 0.63314
 0 0.63314
 0 0.633177
 0 0.633177
 0 0.633177
 0 0.633177
 0 0.633183
 0 0.633189
 0 0.633191
 0 0.633191
 0 0.633198
 0 0.633212
 0 0.633241
 0 0.633242
 0 0.633281
 0 0.633288
 0 0.633309
 0 0.63331
 0 0.63331
 0 0.633316
 0 0.633328
 0 0.633329
 0 0.633335
 0 0.633335
 0 0.633354
 0 0.633365
 0 0.633365
 0 0.633366
 0 0.633388
 0 0.633397
 0 0.633397
 0 0.63342
 0 0.63344
 0 0.633471
 0 0.633483
 0 0.633483
 0 0.633483
 0 0.633483
 0 0.633493
 0 0.633499
 0 0.633518
 0 0.633521
 0 0.633521
 0 0.633522
 0 0.633524
 0 0.633546
 0 0.633561
 0 0.633561
 0 0.633561
 0 0.633575
 0 0.633575
 0 0.633577
 0 0.633579
 0 0.633579
 0 0.633593
 0 0.633593
 0 0.633594
 0 0.633609
 0 0.63361
 0 0.633622
 0 0.633622
 0 0.633622
 0 0.633631
 0 0.633632
 0 0.633632
 0 0.633632
 0 0.633632
 0 0.633637
 0 0.633638
 0 0.633651
 0 0.633651
 0 0.633661
 0 0.633666
 0 0.633666
 0 0.633672
 0 0.633704
 0 0.633705
 0 0.633717
 0 0.633717
 0 0.633717
 0 0.633717
 0 0.633735
 0 0.633735
 0 0.633736
 0 0.633736
 0 0.633743
 0 0.633743
 0 0.633746
 0 0.633746
 0 0.63375
 0 0.633761
 0 0.633762
 0 0.633762
 0 0.633789
 0 0.633789
 0 0.633856
 0 0.633874
 0 0.633875
 0 0.633876
 0 0.633878
 0 0.633893
 0 0.633893
 0 0.633897
 0 0.633904
 0 0.633931
 0 0.63395
 0 0.63395
 0 0.63395
 0 0.63396
 0 0.633961
 0 0.633961
 0 0.633975
 0 0.633992
 0 0.634008
 0 0.634029
 0 0.634029
 0 0.63403
 0 0.63403
 0 0.63403
 0 0.634041
 0 0.634042
 0 0.634042
 0 0.634058
 0 0.634062
 0 0.634073
 0 0.634073
 0 0.634073
 0 0.634076
 0 0.634076
 0 0.634089
 0 0.634095
 0 0.634116
 0 0.634118
 0 0.634118
 0 0.634124
 0 0.634124
 0 0.63414
 0 0.634143
 0 0.634143
 0 0.634143
 0 0.634143
 0 0.634143
 0 0.634158
 0 0.634169
 0 0.634169
 0 0.634187
 0 0.634187
 0 0.634197
 0 0.634197
 0 0.634205
 0 0.634206
 0 0.634206
 0 0.63421
 0 0.63421
 0 0.634216
 0 0.634227
 0 0.634228
 0 0.634234
 0 0.634235
 0 0.63424
 0 0.63424
 0 0.634241
 0 0.634249
 0 0.634249
 0 0.634249
 0 0.634255
 0 0.63426
 0 0.63426
 0 0.634274
 0 0.634287
 0 0.634288
 0 0.634297
 0 0.634297
 0 0.634301
 0 0.634321
 0 0.634322
 0 0.634322
 0 0.634323
 0 0.634323
 0 0.634324
 0 0.634332
 0 0.634332
 0 0.634336
 0 0.634341
 0 0.634341
 0 0.634352
 0 0.634352
 0 0.634367
 0 0.634382
 0 0.634383
 0 0.634403
 0 0.634403
 0 0.634403
 0 0.634419
 0 0.634426
 0 0.634426
 0 0.634427
 0 0.634428
 0 0.634428
 0 0.634428
 0 0.63444
 0 0.634462
 0 0.634462
 0 0.634463
 0 0.634502
 0 0.634502
 0 0.634502
 0 0.634511
 0 0.634512
 0 0.634512
 0 0.634515
 0 0.634515
 0 0.634516
 0 0.634516
 0 0.634516
 0 0.634556
 0 0.634556
 0 0.634556
 0 0.634566
 0 0.634567
 0 0.634568
 0 0.634572
 0 0.634573
 0 0.634573
 0 0.634573
 0 0.634574
 0 0.634586
 0 0.634586
 0 0.634587
 0 0.634588
 0 0.634588
 0 0.634597
 0 0.634603
 0 0.634603
 0 0.634604
 0 0.634604
 0 0.634606
 0 0.634606
 0 0.634609
 0 0.63461
 0 0.634624
 0 0.634625
 0 0.634626
 0 0.63463
 0 0.634632
 0 0.634635
 0 0.634636
 0 0.634645
 0 0.634645
 0 0.634645
 0 0.634645
 0 0.634655
 0 0.634669
 0 0.63468
 0 0.63468
 0 0.634694
 0 0.634705
 0 0.634705
 0 0.634705
 0 0.634705
 0 0.634706
 0 0.634709
 0 0.634709
 0 0.634709
 0 0.63471
 0 0.634717
 0 0.634718
 0 0.634736
 0 0.634748
 0 0.634748
 0 0.634748
 0 0.634749
 0 0.634749
 0 0.634805
 0 0.634805
 0 0.634806
 0 0.634821
 0 0.634821
 0 0.634821
 0 0.634845
 0 0.634846
 0 0.634858
 0 0.634859
 0 0.634859
 0 0.634871
 0 0.63489
 0 0.634894
 0 0.634906
 0 0.634906
 0 0.63491
 0 0.634914
 0 0.634919
 0 0.634924
 0 0.634934
 0 0.634935
 0 0.634935
 0 0.634943
 0 0.634943
 0 0.634944
 0 0.634964
 0 0.634964
 0 0.634966
 0 0.634966
 0 0.634966
 0 0.634966
 0 0.634966
 0 0.634983
 0 0.63499
 0 0.63499
 0 0.634999
 0 0.635008
 0 0.635013
 0 0.635031
 0 0.635033
 0 0.635041
 0 0.635041
 0 0.635042
 0 0.635042
 0 0.63505
 0 0.635051
 0 0.635051
 0 0.635061
 0 0.635079
 0 0.635079
 0 0.635079
 0 0.635079
 0 0.635095
 0 0.635108
 0 0.635108
 0 0.635109
 0 0.635109
 0 0.635111
 0 0.635111
 0 0.635111
 0 0.635125
 0 0.635125
 0 0.635125
 0 0.635126
 0 0.635142
 0 0.635151
 0 0.635173
 0 0.635173
 0 0.635174
 0 0.63518
 0 0.63518
 0 0.635183
 0 0.635185
 0 0.635195
 0 0.635196
 0 0.635196
 0 0.635196
 0 0.635196
 0 0.635222
 0 0.635224
 0 0.635224
 0 0.635236
 0 0.635237
 0 0.635251
 0 0.635253
 0 0.635253
 0 0.635253
 0 0.635276
 0 0.635276
 0 0.63528
 0 0.635284
 0 0.635292
 0 0.635292
 0 0.635292
 0 0.635311
 0 0.635312
 0 0.635337
 0 0.635378
 0 0.635393
 0 0.635393
 0 0.635393
 0 0.635394
 0 0.635398
 0 0.635403
 0 0.635407
 0 0.635407
 0 0.635408
 0 0.635413
 0 0.635417
 0 0.635418
 0 0.635418
 0 0.635418
 0 0.635429
 0 0.635429
 0 0.635436
 0 0.635436
 0 0.635436
 0 0.635447
 0 0.635447
 0 0.635457
 0 0.63548
 0 0.63548
 0 0.63548
 0 0.635516
 0 0.635516
 0 0.635519
 0 0.635519
 0 0.635519
 0 0.635523
 0 0.635527
 0 0.635529
 0 0.635561
 0 0.635561
 0 0.635561
 0 0.635562
 0 0.635562
 0 0.635571
 0 0.635571
 0 0.635573
 0 0.635573
 0 0.63558
 0 0.63558
 0 0.63558
 0 0.635595
 0 0.635595
 0 0.635611
 0 0.635628
 0 0.635647
 0 0.635652
 0 0.635652
 0 0.635652
 0 0.635653
 0 0.635654
 0 0.63569
 0 0.63569
 0 0.635691
 0 0.635691
 0 0.635693
 0 0.635693
 0 0.635694
 0 0.635705
 0 0.635707
 0 0.635709
 0 0.635709
 0 0.635724
 0 0.635724
 0 0.635726
 0 0.635746
 0 0.635746
 0 0.635746
 0 0.635756
 0 0.635756
 0 0.635757
 0 0.635758
 0 0.635762
 0 0.635762
 0 0.635762
 0 0.635771
 0 0.635771
 0 0.635774
 0 0.635774
 0 0.635783
 0 0.635791
 0 0.635803
 0 0.635803
 0 0.635809
 0 0.635809
 0 0.635824
 0 0.635825
 0 0.635825
 0 0.635825
 0 0.635825
 0 0.635828
 0 0.635829
 0 0.635832
 0 0.635834
 0 0.635834
 0 0.635864
 0 0.63587
 0 0.635876
 0 0.635877
 0 0.635895
 0 0.635897
 0 0.635897
 0 0.635898
 0 0.635898
 0 0.635905
 0 0.635905
 0 0.635914
 0 0.635914
 0 0.635947
 0 0.635957
 0 0.635959
 0 0.635961
 0 0.635964
 0 0.635964
 0 0.635967
 0 0.635979
 0 0.635979
 0 0.635979
 0 0.635997
 0 0.636001
 0 0.636036
 0 0.636042
 0 0.636042
 0 0.636042
 0 0.636047
 0 0.636055
 0 0.636056
 0 0.636105
 0 0.636141
 0 0.636142
 0 0.636147
 0 0.636148
 0 0.636148
 0 0.636166
 0 0.636167
 0 0.636168
 0 0.636172
 0 0.636172
 0 0.636183
 0 0.636183
 0 0.636187
 0 0.636222
 0 0.636223
 0 0.636224
 0 0.636229
 0 0.63623
 0 0.636262
 0 0.636265
 0 0.636266
 0 0.636266
 0 0.636287
 0 0.636287
 0 0.636287
 0 0.636287
 0 0.636296
 0 0.636297
 0 0.636297
 0 0.636321
 0 0.636347
 0 0.636349
 0 0.636349
 0 0.636349
 0 0.636349
 0 0.636379
 0 0.636379
 0 0.636384
 0 0.636384
 0 0.636384
 0 0.636388
 0 0.636388
 0 0.636388
 0 0.636388
 0 0.636388
 0 0.636388
 0 0.63639
 0 0.636391
 0 0.636398
 0 0.636426
 0 0.636501
 0 0.636501
 0 0.636502
 0 0.636502
 0 0.636502
 0 0.636518
 0 0.636519
 0 0.636519
 0 0.63652
 0 0.63652
 0 0.63652
 0 0.63652
 0 0.636521
 0 0.636526
 0 0.63653
 0 0.636533
 0 0.636533
 0 0.636534
 0 0.636538
 0 0.636539
 0 0.636539
 0 0.63654
 0 0.636541
 0 0.636541
 0 0.636541
 0 0.636541
 0 0.636555
 0 0.636555
 0 0.636557
 0 0.636557
 0 0.636558
 0 0.636558
 0 0.63658
 0 0.636595
 0 0.636595
 0 0.636595
 0 0.636596
 0 0.636601
 0 0.636601
 0 0.636601
 0 0.636602
 0 0.636611
 0 0.636611
 0 0.636632
 0 0.636633
 0 0.636644
 0 0.636686
 0 0.636686
 0 0.63669
 0 0.63669
 0 0.636714
 0 0.636714
 0 0.636714
 0 0.636716
 0 0.636716
 0 0.636723
 0 0.636741
 0 0.636741
 0 0.636749
 0 0.636781
 0 0.636781
 0 0.636781
 0 0.636811
 0 0.636812
 0 0.636813
 0 0.636816
 0 0.636821
 0 0.636824
 0 0.636824
 0 0.636825
 0 0.636837
 0 0.636844
 0 0.636846
 0 0.636855
 0 0.636855
 0 0.636876
 0 0.636876
 0 0.636913
 0 0.636913
 0 0.636913
 0 0.636921
 0 0.636922
 0 0.636922
 0 0.636966
 0 0.636966
 0 0.636991
 0 0.636991
 0 0.636991
 0 0.636992
 0 0.63702
 0 0.637029
 0 0.637047
 0 0.637049
 0 0.637062
 0 0.637063
 0 0.637064
 0 0.637064
 0 0.637068
 0 0.6371
 0 0.63712
 0 0.637125
 0 0.637133
 0 0.637133
 0 0.637154
 0 0.637154
 0 0.637166
 0 0.637175
 0 0.637176
 0 0.637214
 0 0.637215
 0 0.637223
 0 0.637223
 0 0.637223
 0 0.63724
 0 0.637241
 0 0.637251
 0 0.637278
 0 0.637281
 0 0.637296
 0 0.637298
 0 0.637311
 0 0.637311
 0 0.637321
 0 0.637321
 0 0.637322
 0 0.637345
 0 0.637345
 0 0.637345
 0 0.637346
 0 0.637346
 0 0.637346
 0 0.637356
 0 0.637359
 0 0.637359
 0 0.63736
 0 0.63736
 0 0.637407
 0 0.637407
 0 0.637407
 0 0.637408
 0 0.637421
 0 0.637421
 0 0.637421
 0 0.637427
 0 0.637446
 0 0.637459
 0 0.637459
 0 0.63746
 0 0.637468
 0 0.637489
 0 0.637489
 0 0.6375
 0 0.6375
 0 0.6375
 0 0.637512
 0 0.637513
 0 0.63752
 0 0.637521
 0 0.637547
 0 0.637547
 0 0.637548
 0 0.63755
 0 0.63755
 0 0.637568
 0 0.637568
 0 0.637569
 0 0.637591
 0 0.637591
 0 0.637591
 0 0.637592
 0 0.637593
 0 0.637599
 0 0.6376
 0 0.637624
 0 0.637657
 0 0.637657
 0 0.637713
 0 0.637713
 0 0.637713
 0 0.637713
 0 0.637723
 0 0.637723
 0 0.637726
 0 0.63773
 0 0.637731
 0 0.637756
 0 0.637757
 0 0.637769
 0 0.637774
 0 0.637774
 0 0.637774
 0 0.637802
 0 0.637807
 0 0.637807
 0 0.637807
 0 0.637807
 0 0.637829
 0 0.63783
 0 0.637832
 0 0.637832
 0 0.637832
 0 0.637832
 0 0.637841
 0 0.637842
 0 0.637842
 0 0.637844
 0 0.637844
 0 0.637853
 0 0.637853
 0 0.637879
 0 0.637882
 0 0.637888
 0 0.63789
 0 0.63789
 0 0.637928
 0 0.637929
 0 0.637937
 0 0.637941
 0 0.637945
 0 0.637955
 0 0.63797
 0 0.637975
 0 0.63799
 0 0.637993
 0 0.637993
 0 0.637993
 0 0.638017
 0 0.638035
 0 0.638049
 0 0.638049
 0 0.63805
 0 0.63805
 0 0.638054
 0 0.638055
 0 0.6381
 0 0.638104
 0 0.638104
 0 0.638104
 0 0.638114
 0 0.638114
 0 0.638114
 0 0.638114
 0 0.638153
 0 0.638154
 0 0.638161
 0 0.638161
 0 0.638168
 0 0.638168
 0 0.638168
 0 0.638174
 0 0.63819
 0 0.638223
 0 0.638226
 0 0.63823
 0 0.63823
 0 0.638232
 0 0.638232
 0 0.638232
 0 0.638232
 0 0.638275
 0 0.638277
 0 0.638286
 0 0.638287
 0 0.638306
 0 0.638306
 0 0.638321
 0 0.638322
 0 0.638326
 0 0.638356
 0 0.63837
 0 0.638386
 0 0.638388
 0 0.638388
 0 0.638438
 0 0.638439
 0 0.638451
 0 0.638453
 0 0.638458
 0 0.638474
 0 0.638488
 0 0.638489
 0 0.638508
 0 0.638518
 0 0.638534
 0 0.638552
 0 0.638553
 0 0.638553
 0 0.638565
 0 0.638565
 0 0.638565
 0 0.638583
 0 0.638584
 0 0.638589
 0 0.638589
 0 0.63859
 0 0.63859
 0 0.638643
 0 0.638644
 0 0.63866
 0 0.638672
 0 0.638703
 0 0.638706
 0 0.638706
 0 0.638706
 0 0.638706
 0 0.638711
 0 0.638721
 0 0.638721
 0 0.638721
 0 0.638723
 0 0.638728
 0 0.638728
 0 0.638746
 0 0.638746
 0 0.638746
 0 0.638747
 0 0.638757
 0 0.638757
 0 0.638757
 0 0.638758
 0 0.638782
 0 0.638783
 0 0.638783
 0 0.638785
 0 0.638856
 0 0.638856
 0 0.638884
 0 0.638885
 0 0.638885
 0 0.638885
 0 0.638888
 0 0.638889
 0 0.638889
 0 0.638897
 0 0.638897
 0 0.638898
 0 0.638909
 0 0.63891
 0 0.63891
 0 0.63891
 0 0.638914
 0 0.638919
 0 0.638956
 0 0.638958
 0 0.638958
 0 0.638969
 0 0.638969
 0 0.638969
 0 0.638969
 0 0.638988
 0 0.638988
 0 0.638988
 0 0.638995
 0 0.638995
 0 0.638995
 0 0.639003
 0 0.639004
 0 0.639005
 0 0.639005
 0 0.639035
 0 0.639035
 0 0.639093
 0 0.639135
 0 0.63916
 0 0.639182
 0 0.639182
 0 0.639182
 0 0.639183
 0 0.639254
 0 0.639254
 0 0.639254
 0 0.639256
 0 0.639276
 0 0.639277
 0 0.639297
 0 0.639343
 0 0.639343
 0 0.639344
 0 0.639358
 0 0.639374
 0 0.639376
 0 0.639381
 0 0.639382
 0 0.639382
 0 0.639382
 0 0.639383
 0 0.639429
 0 0.639429
 0 0.63946
 0 0.63946
 0 0.639529
 0 0.639529
 0 0.639529
 0 0.639529
 0 0.63953
 0 0.63956
 0 0.63956
 0 0.639659
 0 0.639717
 0 0.639717
 0 0.639718
 0 0.639719
 0 0.639759
 0 0.639765
 0 0.639765
 0 0.639791
 0 0.639792
 0 0.639848
 0 0.639867
 0 0.639868
 0 0.639881
 0 0.639882
 0 0.639969
 0 0.639969
 0 0.640023
 0 0.640085
 0 0.640085
 0 0.640086
 0 0.640087
 0 0.640105
 0 0.640105
 0 0.640139
 0 0.64014
 0 0.64014
 0 0.640154
 0 0.640156
 0 0.640156
 0 0.640156
 0 0.640181
 0 0.640181
 0 0.640181
 0 0.640211
 0 0.640211
 0 0.640211
 0 0.640292
 0 0.640292
 0 0.640311
 0 0.640311
 0 0.640311
 0 0.640311
 0 0.640333
 0 0.640333
 0 0.640337
 0 0.640337
 0 0.640373
 0 0.640373
 0 0.640393
 0 0.640393
 0 0.640393
 0 0.640393
 0 0.640394
 0 0.640394
 0 0.640394
 0 0.640394
 0 0.640469
 0 0.64047
 0 0.64047
 0 0.640503
 0 0.640505
 0 0.640505
 0 0.640539
 0 0.640539
 0 0.640539
 0 0.640598
 0 0.640598
 0 0.640604
 0 0.640605
 0 0.640605
 0 0.640605
 0 0.640605
 0 0.640613
 0 0.640626
 0 0.640626
 0 0.640635
 0 0.640684
 0 0.640697
 0 0.640716
 0 0.640716
 0 0.640717
 0 0.640731
 0 0.64074
 0 0.640815
 0 0.640891
 0 0.640891
 0 0.640894
 0 0.640975
 0 0.640978
 0 0.64098
 0 0.64098
 0 0.641197
 0 0.641199
 0 0.641213
 0 0.641334
 0 0.641356
 0 0.641387
 0 0.641444
 0 0.641444
 0 0.641467
 0 0.641472
 0 0.641499
 0 0.6415
 0 0.641543
 0 0.641544
 0 0.641544
 0 0.641572
 0 0.641606
 0 0.641627
 0 0.641627
 0 0.641756
 0 0.641811
 0 0.641811
 0 0.641813
 0 0.641813
 0 0.641813
 0 0.641887
 0 0.641905
 0 0.641905
 0 0.641967
 0 0.64206
 0 0.642174
 0 0.642206
 0 0.642259
 0 0.64226
 0 0.64226
 0 0.642261
 0 0.642294
 0 0.64233
 0 0.642424
 0 0.642426
 0 0.642486
 0 0.642486
 0 0.642486
 0 0.642515
 0 0.642664
 0 0.642665
 0 0.642665
 0 0.642665
 0 0.642665
 0 0.642747
 0 0.642747
 0 0.642808
 0 0.642808
 0 0.642875
 0 0.642876
 0 0.642975
 0 0.642975
 0 0.642975
 0 0.642975
 0 0.642977
 0 0.643059
 0 0.643059
 0 0.643283
 0 0.643283
 0 0.643283
 0 0.643284
 0 0.643284
 0 0.643519
 0 0.643585
 0 0.643585
 0 0.643628
 0 0.643629
 0 0.643629
 0 0.643629
 0 0.643675
 0 0.643675
 0 0.643815
 0 0.643824
 0 0.643824
 0 0.643824
 0 0.643825
 0 0.643998
 0 0.643998
 0 0.643998
 0 0.643999
 0 0.644262
 0 0.644262
 0 0.644262
 0 0.644318
 0 0.644318
 0 0.644505
 0 0.644505
 0 0.644505
 0 0.644506
 0 0.644531
 0 0.644532
 0 0.644533
 0 0.645087
 0 0.645088
 0 0.645261
 0 0.64546
 0 0.64546
 0 0.647297
 0 0.647786
 0 0.647786
 0 0.647788
 0 0.648043
 0 0.648045
 0 inf
