 8.99556 9.53941
 8.87088 9.33833
 8.74904 9.10538
 8.6405 8.68577
 8.5175 8.58423
 7.89913 8.50285
 7.78872 7.91837
 7.46021 7.51346
 7.38749 8.16961
 7.30379 7.31179
 7.12275 7.29349
 6.86729 7.02303
 6.81462 7.85425
 6.63985 7.04805
 6.54444 7.03457
 6.51385 7.35962
 6.49714 7.16711
 6.48884 7.32452
 6.42719 6.91838
 6.28218 7.52288
 6.0954 6.30182
 6.08668 7.57542
 5.89909 8.54308
 5.58483 6.79296
 5.54379 5.54539
 5.53779 5.75967
 5.348 6.13315
 5.3191 5.32589
 5.26656 5.26868
 5.24214 5.53704
 5.20596 5.48757
 5.19921 5.27401
 5.09724 5.09811
 5.04135 5.04396
 5.02605 5.03225
 4.97637 4.996
 4.96253 4.97245
 4.95068 4.97435
 4.95056 4.96903
 4.93809 4.94634
 4.93039 4.95777
 4.93038 4.94663
 4.91855 4.94934
 4.91348 4.94703
 4.9124 5.28201
 4.91 4.92716
 4.90995 5.22893
 4.89 4.90828
 4.87249 4.89183
 4.85777 4.9692
 4.85636 4.8669
 4.85525 5.08007
 4.836 4.84696
 4.80111 4.80538
 4.79927 4.8017
 4.78917 4.83425
 4.76494 4.83541
 4.76332 4.77106
 4.76055 5.57411
 4.75665 4.77624
 4.75531 5.39497
 4.74861 4.76591
 4.74736 4.74889
 4.74655 7.92345
 4.73709 4.74367
 4.72209 5.0671
 4.72082 4.7511
 4.71987 4.86753
 4.71896 4.95575
 4.71244 4.75083
 4.70477 4.70835
 4.70016 4.70367
 4.69576 4.7066
 4.69557 4.70437
 4.69137 4.82441
 4.67834 4.69063
 4.67512 4.6766
 4.6723 4.6869
 4.67081 4.67637
 4.66658 4.72433
 4.66255 4.68479
 4.65913 4.67167
 4.65764 4.67727
 4.6549 4.71989
 4.64556 4.67083
 4.64038 6.15027
 4.6338 5.32687
 4.62809 4.64823
 4.62806 4.64498
 4.6214 4.62223
 4.59788 4.60181
 4.59543 4.60956
 4.59429 4.86797
 4.582 4.98153
 4.58079 4.58426
 4.58027 5.15712
 4.5747 4.58141
 4.57311 4.58046
 4.56974 6.19569
 4.56968 4.57711
 4.56663 4.57786
 4.56569 4.58015
 4.56174 4.75565
 4.55672 4.57481
 4.55414 4.56821
 4.5528 4.56701
 4.54583 5.05359
 4.53591 5.34286
 4.52705 4.57781
 4.52458 4.5536
 4.52098 4.54398
 4.51948 8.44031
 4.51335 6.15272
 4.502 4.86544
 4.49141 4.50059
 4.46255 4.47614
 4.46201 4.82915
 4.46185 4.99467
 4.45592 4.48813
 4.45189 7.75589
 4.44163 6.42762
 4.39902 8.76049
 4.36874 5.02333
 4.35166 5.20569
 4.35157 6.08234
 4.34256 5.22392
 4.33543 4.45699
 4.32349 4.33957
 4.31343 6.14932
 4.30761 4.38986
 4.25573 5.2548
 4.25405 5.14373
 4.23873 5.15431
 4.17963 5.36222
 4.17141 9.49466
 4.15308 4.1571
 4.13713 4.15021
 4.12934 7.08611
 4.11778 4.42914
 4.11092 7.05509
 4.11058 7.39504
 4.09664 5.42752
 4.08905 5.13491
 3.99025 8.16746
 3.95 5.03534
 3.91022 5.98213
 3.89931 4.67513
 3.80672 8.80899
 3.36264 5.45901
