 0 0.498499
 0 0.4985
 0 0.499269
 0 0.499764
 0 0.499764
 0 0.499765
 0 0.615174
 0 0.615653
 0 0.615654
 0 0.615842
 0 0.616319
 0 0.616414
 0 0.619837
 0 0.619837
 0 0.620119
 0 0.620291
 0 0.620292
 0 0.620482
 0 0.62051
 0 0.620653
 0 0.620654
 0 0.620682
 0 0.620682
 0 0.620682
 0 0.620741
 0 0.620742
 0 0.621357
 0 0.621358
 0 0.621358
 0 0.621358
 0 0.621454
 0 0.621454
 0 0.621509
 0 0.621798
 0 0.621799
 0 0.622001
 0 0.622001
 0 0.62227
 0 0.622278
 0 0.622278
 0 0.622278
 0 0.622278
 0 0.622484
 0 0.622785
 0 0.622795
 0 0.623059
 0 0.623059
 0 0.623059
 0 0.623264
 0 0.623265
 0 0.623265
 0 0.623328
 0 0.623328
 0 0.623431
 0 0.623514
 0 0.623578
 0 0.623578
 0 0.623578
 0 0.623619
 0 0.623619
 0 0.623714
 0 0.623718
 0 0.623719
 0 0.623742
 0 0.623742
 0 0.623811
 0 0.623927
 0 0.623927
 0 0.623944
 0 0.624066
 0 0.624067
 0 0.624174
 0 0.624334
 0 0.624334
 0 0.624334
 0 0.624392
 0 0.624393
 0 0.624393
 0 0.624508
 0 0.624508
 0 0.624605
 0 0.624609
 0 0.624609
 0 0.624609
 0 0.624648
 0 0.624649
 0 0.624697
 0 0.624753
 0 0.624754
 0 0.624754
 0 0.624782
 0 0.624783
 0 0.624783
 0 0.624785
 0 0.624786
 0 0.624969
 0 0.62497
 0 0.62497
 0 0.625022
 0 0.625022
 0 0.625023
 0 0.625023
 0 0.625031
 0 0.625113
 0 0.625236
 0 0.625337
 0 0.625355
 0 0.625355
 0 0.625435
 0 0.62552
 0 0.625521
 0 0.625522
 0 0.625564
 0 0.625565
 0 0.625592
 0 0.625593
 0 0.625871
 0 0.625879
 0 0.62588
 0 0.62588
 0 0.625928
 0 0.625929
 0 0.625966
 0 0.625967
 0 0.625988
 0 0.625988
 0 0.625988
 0 0.626311
 0 0.626311
 0 0.626363
 0 0.626388
 0 0.626388
 0 0.626388
 0 0.626415
 0 0.626415
 0 0.626415
 0 0.626428
 0 0.626463
 0 0.626621
 0 0.626621
 0 0.626621
 0 0.626647
 0 0.626647
 0 0.626702
 0 0.62674
 0 0.626841
 0 0.626841
 0 0.626905
 0 0.62692
 0 0.62694
 0 0.62694
 0 0.626988
 0 0.627047
 0 0.627125
 0 0.627125
 0 0.627206
 0 0.627265
 0 0.627265
 0 0.62731
 0 0.62731
 0 0.627343
 0 0.627348
 0 0.627348
 0 0.627348
 0 0.627348
 0 0.62739
 0 0.62739
 0 0.62739
 0 0.627402
 0 0.627404
 0 0.627404
 0 0.627421
 0 0.627422
 0 0.627474
 0 0.627578
 0 0.627678
 0 0.627679
 0 0.627679
 0 0.627686
 0 0.627725
 0 0.627738
 0 0.627764
 0 0.627996
 0 0.627996
 0 0.628012
 0 0.628166
 0 0.628166
 0 0.628211
 0 0.628328
 0 0.628329
 0 0.628441
 0 0.628577
 0 0.628582
 0 0.628609
 0 0.628652
 0 0.628652
 0 0.628662
 0 0.628662
 0 0.628663
 0 0.628705
 0 0.628705
 0 0.628716
 0 0.628724
 0 0.628724
 0 0.628847
 0 0.628847
 0 0.628847
 0 0.628963
 0 0.628964
 0 0.629055
 0 0.629135
 0 0.629135
 0 0.629135
 0 0.629135
 0 0.629135
 0 0.629136
 0 0.629203
 0 0.629203
 0 0.629203
 0 0.629212
 0 0.629213
 0 0.629261
 0 0.629261
 0 0.629289
 0 0.62929
 0 0.62929
 0 0.629314
 0 0.629322
 0 0.629404
 0 0.629423
 0 0.629497
 0 0.629497
 0 0.629497
 0 0.629497
 0 0.629566
 0 0.629567
 0 0.629568
 0 0.629674
 0 0.629782
 0 0.629785
 0 0.629785
 0 0.629786
 0 0.629786
 0 0.629789
 0 0.629817
 0 0.629818
 0 0.62996
 0 0.629977
 0 0.629978
 0 0.630097
 0 0.630109
 0 0.630109
 0 0.630109
 0 0.630132
 0 0.630286
 0 0.630286
 0 0.630377
 0 0.630378
 0 0.630379
 0 0.630451
 0 0.630451
 0 0.630451
 0 0.630452
 0 0.630452
 0 0.630486
 0 0.630497
 0 0.630497
 0 0.630525
 0 0.630525
 0 0.630597
 0 0.630597
 0 0.630597
 0 0.630598
 0 0.630609
 0 0.630611
 0 0.630611
 0 0.630639
 0 0.630639
 0 0.630639
 0 0.630672
 0 0.630706
 0 0.630707
 0 0.630801
 0 0.630801
 0 0.630856
 0 0.630906
 0 0.630906
 0 0.630996
 0 0.630996
 0 0.631058
 0 0.631059
 0 0.631069
 0 0.631075
 0 0.631136
 0 0.631136
 0 0.63114
 0 0.631141
 0 0.631141
 0 0.631165
 0 0.631166
 0 0.631166
 0 0.631166
 0 0.631166
 0 0.631205
 0 0.631205
 0 0.631291
 0 0.631292
 0 0.631357
 0 0.631357
 0 0.631357
 0 0.631363
 0 0.631363
 0 0.631376
 0 0.631379
 0 0.631455
 0 0.631491
 0 0.631491
 0 0.631507
 0 0.631508
 0 0.631508
 0 0.631508
 0 0.631527
 0 0.631527
 0 0.63158
 0 0.631605
 0 0.631614
 0 0.631634
 0 0.631635
 0 0.631644
 0 0.631691
 0 0.631691
 0 0.631697
 0 0.631703
 0 0.631704
 0 0.631705
 0 0.631706
 0 0.631752
 0 0.631768
 0 0.631833
 0 0.631839
 0 0.631839
 0 0.631839
 0 0.63184
 0 0.631859
 0 0.631892
 0 0.631974
 0 0.631974
 0 0.631976
 0 0.631976
 0 0.631976
 0 0.631994
 0 0.63213
 0 0.632182
 0 0.632218
 0 0.63228
 0 0.63228
 0 0.63228
 0 0.632282
 0 0.632282
 0 0.632282
 0 0.632293
 0 0.632293
 0 0.63232
 0 0.63232
 0 0.632321
 0 0.632333
 0 0.632333
 0 0.632333
 0 0.63234
 0 0.63238
 0 0.63238
 0 0.632381
 0 0.632409
 0 0.632409
 0 0.632409
 0 0.632411
 0 0.632428
 0 0.632435
 0 0.632473
 0 0.632502
 0 0.632503
 0 0.632504
 0 0.632504
 0 0.632532
 0 0.632538
 0 0.632538
 0 0.63255
 0 0.63255
 0 0.632672
 0 0.632722
 0 0.632723
 0 0.632805
 0 0.632806
 0 0.632816
 0 0.632819
 0 0.632819
 0 0.632825
 0 0.632825
 0 0.632825
 0 0.632825
 0 0.632852
 0 0.632853
 0 0.632865
 0 0.632866
 0 0.632866
 0 0.632871
 0 0.632871
 0 0.632872
 0 0.632872
 0 0.632873
 0 0.632919
 0 0.632976
 0 0.632976
 0 0.632997
 0 0.633139
 0 0.633139
 0 0.633146
 0 0.633159
 0 0.633159
 0 0.633178
 0 0.633179
 0 0.633183
 0 0.633252
 0 0.633257
 0 0.633265
 0 0.633265
 0 0.633289
 0 0.633297
 0 0.633298
 0 0.633298
 0 0.633319
 0 0.63332
 0 0.633372
 0 0.633373
 0 0.633388
 0 0.633388
 0 0.633389
 0 0.6334
 0 0.633402
 0 0.633423
 0 0.633423
 0 0.63344
 0 0.63344
 0 0.63344
 0 0.633445
 0 0.633447
 0 0.633447
 0 0.633527
 0 0.633527
 0 0.633527
 0 0.633528
 0 0.633528
 0 0.633582
 0 0.633637
 0 0.633637
 0 0.633644
 0 0.633644
 0 0.633646
 0 0.633646
 0 0.633738
 0 0.633739
 0 0.633755
 0 0.633755
 0 0.633755
 0 0.633759
 0 0.633759
 0 0.63376
 0 0.633767
 0 0.633776
 0 0.633778
 0 0.633778
 0 0.633781
 0 0.633784
 0 0.633785
 0 0.633793
 0 0.633867
 0 0.633926
 0 0.633943
 0 0.633943
 0 0.633945
 0 0.633945
 0 0.633945
 0 0.633975
 0 0.633993
 0 0.634001
 0 0.634011
 0 0.634032
 0 0.634038
 0 0.63405
 0 0.63405
 0 0.634086
 0 0.634118
 0 0.634118
 0 0.634118
 0 0.634138
 0 0.634142
 0 0.634152
 0 0.634152
 0 0.634153
 0 0.634157
 0 0.634168
 0 0.634169
 0 0.63417
 0 0.634207
 0 0.634223
 0 0.634223
 0 0.634252
 0 0.634263
 0 0.634263
 0 0.634263
 0 0.634264
 0 0.634269
 0 0.63429
 0 0.634291
 0 0.634291
 0 0.634291
 0 0.634367
 0 0.634367
 0 0.634367
 0 0.634368
 0 0.634368
 0 0.634381
 0 0.634382
 0 0.634391
 0 0.634391
 0 0.634396
 0 0.634396
 0 0.634427
 0 0.634433
 0 0.634433
 0 0.634455
 0 0.634455
 0 0.634455
 0 0.634455
 0 0.634455
 0 0.634486
 0 0.634487
 0 0.63449
 0 0.634543
 0 0.634544
 0 0.634561
 0 0.634561
 0 0.634562
 0 0.634562
 0 0.634572
 0 0.634573
 0 0.634596
 0 0.634613
 0 0.634656
 0 0.634657
 0 0.634657
 0 0.634657
 0 0.634703
 0 0.634704
 0 0.634704
 0 0.634729
 0 0.634741
 0 0.634742
 0 0.63476
 0 0.63476
 0 0.634761
 0 0.634765
 0 0.63482
 0 0.634825
 0 0.634825
 0 0.634872
 0 0.634872
 0 0.634881
 0 0.634894
 0 0.634894
 0 0.634897
 0 0.634902
 0 0.634906
 0 0.634906
 0 0.634918
 0 0.634919
 0 0.634919
 0 0.634944
 0 0.634976
 0 0.634976
 0 0.63499
 0 0.63499
 0 0.634994
 0 0.635019
 0 0.635019
 0 0.635019
 0 0.635023
 0 0.635023
 0 0.63505
 0 0.63505
 0 0.63505
 0 0.635067
 0 0.635072
 0 0.635121
 0 0.635121
 0 0.635122
 0 0.635135
 0 0.635136
 0 0.635171
 0 0.635173
 0 0.635174
 0 0.635214
 0 0.63522
 0 0.635302
 0 0.635304
 0 0.635304
 0 0.635304
 0 0.635327
 0 0.6354
 0 0.635426
 0 0.63546
 0 0.63546
 0 0.63546
 0 0.63546
 0 0.63546
 0 0.635473
 0 0.635473
 0 0.635473
 0 0.635474
 0 0.635499
 0 0.635505
 0 0.635514
 0 0.635514
 0 0.635514
 0 0.635514
 0 0.635514
 0 0.635522
 0 0.635523
 0 0.635595
 0 0.635595
 0 0.635626
 0 0.635664
 0 0.635665
 0 0.635681
 0 0.635681
 0 0.635681
 0 0.635681
 0 0.635681
 0 0.635681
 0 0.63569
 0 0.63569
 0 0.635692
 0 0.635699
 0 0.635703
 0 0.635725
 0 0.635783
 0 0.635783
 0 0.635784
 0 0.635784
 0 0.635794
 0 0.635796
 0 0.635796
 0 0.635818
 0 0.635818
 0 0.635831
 0 0.635898
 0 0.635898
 0 0.635927
 0 0.635927
 0 0.635929
 0 0.635929
 0 0.635961
 0 0.635991
 0 0.635991
 0 0.636014
 0 0.63602
 0 0.636021
 0 0.63608
 0 0.636111
 0 0.636115
 0 0.636115
 0 0.636145
 0 0.636189
 0 0.636224
 0 0.636225
 0 0.636264
 0 0.636277
 0 0.636279
 0 0.636279
 0 0.636341
 0 0.636343
 0 0.636361
 0 0.636367
 0 0.636367
 0 0.636378
 0 0.636378
 0 0.636392
 0 0.636392
 0 0.636392
 0 0.636431
 0 0.636431
 0 0.636431
 0 0.636476
 0 0.636476
 0 0.636495
 0 0.636513
 0 0.636514
 0 0.636547
 0 0.636547
 0 0.636547
 0 0.636559
 0 0.636582
 0 0.636582
 0 0.636592
 0 0.636592
 0 0.636627
 0 0.636627
 0 0.636675
 0 0.63668
 0 0.636681
 0 0.636749
 0 0.63675
 0 0.63675
 0 0.636777
 0 0.636778
 0 0.636841
 0 0.636855
 0 0.636856
 0 0.636856
 0 0.636871
 0 0.636871
 0 0.636871
 0 0.636893
 0 0.636901
 0 0.636962
 0 0.636962
 0 0.636993
 0 0.636994
 0 0.636994
 0 0.637043
 0 0.637125
 0 0.637147
 0 0.637248
 0 0.637251
 0 0.637251
 0 0.637257
 0 0.637258
 0 0.637258
 0 0.637259
 0 0.637273
 0 0.637321
 0 0.637329
 0 0.637347
 0 0.637347
 0 0.637349
 0 0.637364
 0 0.637383
 0 0.637389
 0 0.637389
 0 0.637436
 0 0.637476
 0 0.637476
 0 0.637487
 0 0.637497
 0 0.637498
 0 0.637585
 0 0.6376
 0 0.637601
 0 0.637603
 0 0.637603
 0 0.637603
 0 0.6379
 0 0.6379
 0 0.637928
 0 0.637929
 0 0.637948
 0 0.63795
 0 0.63795
 0 0.63795
 0 0.637999
 0 0.637999
 0 0.638004
 0 0.638064
 0 0.638189
 0 0.63819
 0 0.638193
 0 0.638194
 0 0.638194
 0 0.638196
 0 0.638233
 0 0.638245
 0 0.638246
 0 0.638298
 0 0.638455
 0 0.638478
 0 0.638478
 0 0.638497
 0 0.638609
 0 0.638609
 0 0.638609
 0 0.638613
 0 0.638615
 0 0.638615
 0 0.638615
 0 0.638615
 0 0.638739
 0 0.638809
 0 0.638969
 0 0.638969
 0 0.638969
 0 0.638969
 0 0.63911
 0 0.639126
 0 0.639126
 0 0.63917
 0 0.639171
 0 0.639291
 0 0.639291
 0 0.639295
 0 0.639339
 0 0.639339
 0 0.639339
 0 0.639339
 0 0.639345
 0 0.639346
 0 0.639378
 0 0.639379
 0 0.639472
 0 0.639485
 0 0.639486
 0 0.639595
 0 0.639598
 0 0.639598
 0 0.639599
 0 0.639599
 0 0.639599
 0 0.639613
 0 0.639626
 0 0.639627
 0 0.639633
 0 0.639633
 0 0.639634
 0 0.639689
 0 0.639769
 0 0.639861
 0 0.639943
 0 0.63997
 0 0.640001
 0 0.640001
 0 0.640001
 0 0.640111
 0 0.640112
 0 0.640129
 0 0.640129
 0 0.64016
 0 0.640162
 0 0.640162
 0 0.640177
 0 0.640304
 0 0.640304
 0 0.640348
 0 0.640349
 0 0.64037
 0 0.64037
 0 0.640433
 0 0.640435
 0 0.640435
 0 0.640436
 0 0.640517
 0 0.640569
 0 0.640569
 0 0.640579
 0 0.640585
 0 0.640769
 0 0.641009
 0 0.64101
 0 0.64101
 0 0.64101
 0 0.641111
 0 0.641132
 0 0.641133
 0 0.641133
 0 0.641133
 0 0.641133
 0 0.641227
 0 0.641284
 0 0.641284
 0 0.641284
 0 0.641302
 0 0.641302
 0 0.641303
 0 0.641344
 0 0.641366
 0 0.641366
 0 0.641525
 0 0.641525
 0 0.641526
 0 0.641589
 0 0.641589
 0 0.641617
 0 0.641621
 0 0.641812
 0 0.641812
 0 0.641988
 0 0.641988
 0 0.641989
 0 0.642238
 0 0.642361
 0 0.642362
 0 0.642366
 0 0.642435
 0 0.642748
 0 0.642878
 0 0.642878
 0 0.643028
 0 0.643029
 0 0.643235
 0 0.643471
 0 0.643619
 0 0.643628
 0 0.643628
 0 0.643628
 0 0.643845
 0 0.643845
 0 0.643992
 0 0.643992
 0 0.644247
 0 0.644247
 0 0.644351
 0 0.644808
 0 0.644808
 0 0.644808
 0 0.644809
 0 0.644809
 0 0.646005
 0 0.646005
 0 0.646006
 0 0.646096
 0 0.646979
 0 0.646979
 0 inf
