 0 0.60134
 0 0.601395
 0 0.602038
 0 0.6021
 0 0.60239
 0 0.602392
 0 0.602596
 0 0.602597
 0 0.602742
 0 0.602799
 0 0.603123
 0 0.603215
 0 0.612422
 0 0.61323
 0 0.613232
 0 0.613242
 0 0.613242
 0 0.613242
 0 0.614079
 0 0.614762
 0 0.614764
 0 0.614764
 0 0.614984
 0 0.614985
 0 0.616075
 0 0.616076
 0 0.616294
 0 0.616294
 0 0.616296
 0 0.616296
 0 0.616691
 0 0.616692
 0 0.616692
 0 0.616867
 0 0.616867
 0 0.616868
 0 0.616869
 0 0.617214
 0 0.617304
 0 0.617304
 0 0.61731
 0 0.617725
 0 0.617726
 0 0.618015
 0 0.618015
 0 0.618094
 0 0.618094
 0 0.618143
 0 0.618143
 0 0.618144
 0 0.61859
 0 0.61859
 0 0.61859
 0 0.618591
 0 0.619094
 0 0.619192
 0 0.619255
 0 0.619255
 0 0.619256
 0 0.619306
 0 0.619306
 0 0.619308
 0 0.619433
 0 0.619555
 0 0.619611
 0 0.619611
 0 0.619653
 0 0.619653
 0 0.619684
 0 0.619769
 0 0.619971
 0 0.619971
 0 0.619971
 0 0.620143
 0 0.620143
 0 0.620204
 0 0.620206
 0 0.620469
 0 0.620469
 0 0.620469
 0 0.620593
 0 0.620593
 0 0.620596
 0 0.620596
 0 0.620635
 0 0.620635
 0 0.620701
 0 0.620701
 0 0.620796
 0 0.620797
 0 0.620798
 0 0.620799
 0 0.620866
 0 0.620867
 0 0.620932
 0 0.620983
 0 0.621369
 0 0.621372
 0 0.621461
 0 0.621527
 0 0.621527
 0 0.621528
 0 0.621729
 0 0.621729
 0 0.621776
 0 0.621776
 0 0.621804
 0 0.621805
 0 0.621805
 0 0.621811
 0 0.621813
 0 0.621924
 0 0.621924
 0 0.621927
 0 0.621927
 0 0.621937
 0 0.621937
 0 0.621955
 0 0.621964
 0 0.621964
 0 0.621965
 0 0.621976
 0 0.621977
 0 0.622186
 0 0.622189
 0 0.62221
 0 0.622332
 0 0.622332
 0 0.622352
 0 0.622353
 0 0.622353
 0 0.622386
 0 0.622386
 0 0.622386
 0 0.622388
 0 0.622525
 0 0.622567
 0 0.622567
 0 0.622568
 0 0.622574
 0 0.622574
 0 0.622635
 0 0.622635
 0 0.622665
 0 0.622666
 0 0.622679
 0 0.622801
 0 0.622801
 0 0.622916
 0 0.622939
 0 0.623013
 0 0.623039
 0 0.623083
 0 0.623093
 0 0.623094
 0 0.623094
 0 0.623129
 0 0.623271
 0 0.623274
 0 0.623274
 0 0.62336
 0 0.62336
 0 0.623379
 0 0.623451
 0 0.623452
 0 0.623489
 0 0.623489
 0 0.623594
 0 0.623688
 0 0.623706
 0 0.623706
 0 0.623874
 0 0.623874
 0 0.623874
 0 0.623907
 0 0.623907
 0 0.623911
 0 0.623911
 0 0.62393
 0 0.623985
 0 0.624026
 0 0.624027
 0 0.624027
 0 0.624028
 0 0.624065
 0 0.624065
 0 0.624066
 0 0.624072
 0 0.624097
 0 0.624097
 0 0.624142
 0 0.624188
 0 0.624188
 0 0.624195
 0 0.62422
 0 0.624221
 0 0.624262
 0 0.624262
 0 0.624264
 0 0.624265
 0 0.624311
 0 0.624312
 0 0.624312
 0 0.624312
 0 0.624313
 0 0.624444
 0 0.624444
 0 0.624469
 0 0.624469
 0 0.624523
 0 0.624531
 0 0.624531
 0 0.624531
 0 0.62454
 0 0.624541
 0 0.624541
 0 0.624542
 0 0.624548
 0 0.624551
 0 0.624562
 0 0.624562
 0 0.624579
 0 0.624593
 0 0.624754
 0 0.624754
 0 0.624755
 0 0.624792
 0 0.624803
 0 0.624846
 0 0.624895
 0 0.624897
 0 0.624899
 0 0.624903
 0 0.624919
 0 0.624922
 0 0.62493
 0 0.62493
 0 0.625032
 0 0.625046
 0 0.625047
 0 0.625047
 0 0.625066
 0 0.625135
 0 0.625135
 0 0.625138
 0 0.625143
 0 0.625188
 0 0.625192
 0 0.625192
 0 0.625194
 0 0.625195
 0 0.625211
 0 0.625212
 0 0.62523
 0 0.625232
 0 0.625232
 0 0.625246
 0 0.625295
 0 0.625302
 0 0.625302
 0 0.625326
 0 0.625371
 0 0.625372
 0 0.625374
 0 0.62538
 0 0.625395
 0 0.625404
 0 0.625404
 0 0.625442
 0 0.625444
 0 0.625467
 0 0.625467
 0 0.625484
 0 0.625566
 0 0.625568
 0 0.6256
 0 0.625675
 0 0.625676
 0 0.625677
 0 0.62568
 0 0.625681
 0 0.625683
 0 0.62574
 0 0.625745
 0 0.625775
 0 0.625832
 0 0.625843
 0 0.625847
 0 0.62588
 0 0.625898
 0 0.625898
 0 0.625899
 0 0.62591
 0 0.625911
 0 0.625965
 0 0.625965
 0 0.625966
 0 0.625966
 0 0.625969
 0 0.625969
 0 0.62597
 0 0.625972
 0 0.625972
 0 0.625972
 0 0.625973
 0 0.625973
 0 0.626001
 0 0.626002
 0 0.626085
 0 0.626177
 0 0.62618
 0 0.626181
 0 0.626199
 0 0.626199
 0 0.626199
 0 0.626202
 0 0.626224
 0 0.626255
 0 0.626256
 0 0.626325
 0 0.626359
 0 0.626359
 0 0.626385
 0 0.626438
 0 0.62644
 0 0.626442
 0 0.626442
 0 0.626442
 0 0.626498
 0 0.6265
 0 0.6265
 0 0.626502
 0 0.626584
 0 0.626594
 0 0.626611
 0 0.62667
 0 0.626671
 0 0.626671
 0 0.626671
 0 0.626672
 0 0.626674
 0 0.626688
 0 0.626688
 0 0.626688
 0 0.626689
 0 0.626689
 0 0.626737
 0 0.626777
 0 0.626779
 0 0.626835
 0 0.626842
 0 0.626842
 0 0.626855
 0 0.626856
 0 0.626857
 0 0.626861
 0 0.626861
 0 0.626861
 0 0.626892
 0 0.626893
 0 0.626922
 0 0.626923
 0 0.626926
 0 0.626926
 0 0.626926
 0 0.626927
 0 0.626958
 0 0.626996
 0 0.627086
 0 0.627087
 0 0.627097
 0 0.627097
 0 0.62715
 0 0.627173
 0 0.627173
 0 0.627173
 0 0.627213
 0 0.627227
 0 0.627227
 0 0.627267
 0 0.627267
 0 0.627303
 0 0.627304
 0 0.627304
 0 0.627305
 0 0.627319
 0 0.62732
 0 0.627321
 0 0.627325
 0 0.627339
 0 0.627342
 0 0.627342
 0 0.627376
 0 0.627377
 0 0.627387
 0 0.627399
 0 0.62741
 0 0.627459
 0 0.627482
 0 0.627482
 0 0.627528
 0 0.627532
 0 0.627532
 0 0.627532
 0 0.627561
 0 0.62758
 0 0.627581
 0 0.627611
 0 0.627611
 0 0.627703
 0 0.627746
 0 0.627787
 0 0.627788
 0 0.627789
 0 0.627789
 0 0.627798
 0 0.627799
 0 0.6278
 0 0.6278
 0 0.627804
 0 0.62782
 0 0.62782
 0 0.627836
 0 0.627842
 0 0.627842
 0 0.627843
 0 0.627855
 0 0.627855
 0 0.627855
 0 0.627856
 0 0.627859
 0 0.627865
 0 0.627934
 0 0.627935
 0 0.627935
 0 0.627937
 0 0.627938
 0 0.627938
 0 0.62794
 0 0.627963
 0 0.627973
 0 0.627998
 0 0.627998
 0 0.62807
 0 0.628096
 0 0.628097
 0 0.6282
 0 0.628202
 0 0.628206
 0 0.628208
 0 0.628236
 0 0.628236
 0 0.628236
 0 0.62826
 0 0.62826
 0 0.628282
 0 0.628297
 0 0.628306
 0 0.62841
 0 0.62841
 0 0.628411
 0 0.628411
 0 0.628411
 0 0.628411
 0 0.628411
 0 0.628412
 0 0.628412
 0 0.628413
 0 0.628418
 0 0.628433
 0 0.628435
 0 0.628466
 0 0.628466
 0 0.628467
 0 0.628467
 0 0.628467
 0 0.628475
 0 0.628476
 0 0.628483
 0 0.628484
 0 0.628486
 0 0.628508
 0 0.628508
 0 0.628514
 0 0.628514
 0 0.628516
 0 0.628542
 0 0.628543
 0 0.628611
 0 0.628628
 0 0.628632
 0 0.628632
 0 0.628632
 0 0.628632
 0 0.628663
 0 0.628666
 0 0.628698
 0 0.628698
 0 0.628749
 0 0.628757
 0 0.628782
 0 0.628784
 0 0.628784
 0 0.628784
 0 0.628799
 0 0.6288
 0 0.6288
 0 0.6288
 0 0.628809
 0 0.628811
 0 0.628813
 0 0.628832
 0 0.628834
 0 0.628837
 0 0.628837
 0 0.628838
 0 0.628847
 0 0.628849
 0 0.628896
 0 0.628911
 0 0.628945
 0 0.628946
 0 0.628969
 0 0.628977
 0 0.628978
 0 0.628978
 0 0.629002
 0 0.629002
 0 0.629035
 0 0.629046
 0 0.629057
 0 0.629058
 0 0.629059
 0 0.62907
 0 0.62907
 0 0.629107
 0 0.629117
 0 0.629117
 0 0.629143
 0 0.629146
 0 0.629199
 0 0.629223
 0 0.629223
 0 0.629223
 0 0.629233
 0 0.629236
 0 0.629251
 0 0.629251
 0 0.629257
 0 0.629264
 0 0.629264
 0 0.629267
 0 0.629286
 0 0.629294
 0 0.629295
 0 0.629299
 0 0.629299
 0 0.629301
 0 0.629318
 0 0.629325
 0 0.629326
 0 0.629331
 0 0.629332
 0 0.629344
 0 0.62935
 0 0.629366
 0 0.629366
 0 0.629369
 0 0.629371
 0 0.629429
 0 0.62943
 0 0.629435
 0 0.629435
 0 0.629437
 0 0.629439
 0 0.629439
 0 0.629439
 0 0.62944
 0 0.629457
 0 0.629459
 0 0.629508
 0 0.629508
 0 0.629509
 0 0.629509
 0 0.629528
 0 0.62953
 0 0.629538
 0 0.629538
 0 0.629574
 0 0.629576
 0 0.629578
 0 0.629579
 0 0.629581
 0 0.629599
 0 0.629602
 0 0.629606
 0 0.629606
 0 0.629606
 0 0.629622
 0 0.629622
 0 0.629623
 0 0.629649
 0 0.629649
 0 0.629649
 0 0.62965
 0 0.629654
 0 0.629654
 0 0.62966
 0 0.629667
 0 0.629667
 0 0.629668
 0 0.629669
 0 0.629677
 0 0.629764
 0 0.629764
 0 0.629764
 0 0.629781
 0 0.629782
 0 0.629808
 0 0.62982
 0 0.62982
 0 0.62982
 0 0.62982
 0 0.629826
 0 0.629828
 0 0.629854
 0 0.629854
 0 0.629854
 0 0.629868
 0 0.629869
 0 0.629869
 0 0.629904
 0 0.629951
 0 0.629952
 0 0.629954
 0 0.629969
 0 0.629988
 0 0.629988
 0 0.629989
 0 0.630017
 0 0.630017
 0 0.630017
 0 0.63002
 0 0.63003
 0 0.630044
 0 0.630089
 0 0.63009
 0 0.630172
 0 0.630184
 0 0.630217
 0 0.630217
 0 0.630217
 0 0.63022
 0 0.63022
 0 0.630222
 0 0.63028
 0 0.63028
 0 0.630281
 0 0.630281
 0 0.6303
 0 0.6303
 0 0.630317
 0 0.630317
 0 0.630317
 0 0.630317
 0 0.630339
 0 0.630361
 0 0.630362
 0 0.630364
 0 0.630368
 0 0.630407
 0 0.630407
 0 0.630419
 0 0.630435
 0 0.63044
 0 0.630456
 0 0.630496
 0 0.630496
 0 0.630497
 0 0.630497
 0 0.630497
 0 0.630525
 0 0.630527
 0 0.630528
 0 0.630529
 0 0.63056
 0 0.63056
 0 0.630565
 0 0.630571
 0 0.630571
 0 0.630577
 0 0.630578
 0 0.630578
 0 0.63058
 0 0.630597
 0 0.630597
 0 0.630616
 0 0.630616
 0 0.630697
 0 0.630697
 0 0.630703
 0 0.630704
 0 0.630704
 0 0.630704
 0 0.630704
 0 0.630707
 0 0.630708
 0 0.630753
 0 0.630754
 0 0.630757
 0 0.630797
 0 0.630815
 0 0.630816
 0 0.630816
 0 0.630824
 0 0.630826
 0 0.630845
 0 0.63087
 0 0.63087
 0 0.630871
 0 0.630896
 0 0.630896
 0 0.630897
 0 0.630897
 0 0.630936
 0 0.630936
 0 0.63094
 0 0.630963
 0 0.630968
 0 0.630975
 0 0.631054
 0 0.63108
 0 0.631086
 0 0.63109
 0 0.631094
 0 0.631098
 0 0.631101
 0 0.631102
 0 0.631134
 0 0.631142
 0 0.631143
 0 0.631168
 0 0.631168
 0 0.631175
 0 0.631205
 0 0.631207
 0 0.63121
 0 0.63121
 0 0.631221
 0 0.631221
 0 0.631223
 0 0.631223
 0 0.631224
 0 0.631239
 0 0.631241
 0 0.63125
 0 0.631251
 0 0.631264
 0 0.631266
 0 0.631266
 0 0.631269
 0 0.631269
 0 0.63127
 0 0.631271
 0 0.631279
 0 0.631281
 0 0.631293
 0 0.631293
 0 0.631294
 0 0.631294
 0 0.631294
 0 0.631307
 0 0.631324
 0 0.631324
 0 0.631324
 0 0.631324
 0 0.631333
 0 0.631389
 0 0.63139
 0 0.63139
 0 0.631391
 0 0.631414
 0 0.631415
 0 0.631421
 0 0.631472
 0 0.631484
 0 0.631484
 0 0.631485
 0 0.631485
 0 0.631487
 0 0.631487
 0 0.631495
 0 0.631495
 0 0.631521
 0 0.631526
 0 0.631526
 0 0.631526
 0 0.631526
 0 0.631526
 0 0.631526
 0 0.631539
 0 0.63154
 0 0.631555
 0 0.631579
 0 0.631591
 0 0.631591
 0 0.631613
 0 0.631619
 0 0.631643
 0 0.631671
 0 0.631673
 0 0.631674
 0 0.631674
 0 0.631675
 0 0.631677
 0 0.631691
 0 0.631694
 0 0.631706
 0 0.63172
 0 0.631725
 0 0.631726
 0 0.631727
 0 0.631727
 0 0.631727
 0 0.63173
 0 0.631731
 0 0.631732
 0 0.631732
 0 0.631734
 0 0.631763
 0 0.631766
 0 0.631767
 0 0.631767
 0 0.631788
 0 0.631792
 0 0.631792
 0 0.631795
 0 0.631795
 0 0.631795
 0 0.631859
 0 0.631862
 0 0.631862
 0 0.631863
 0 0.631893
 0 0.631917
 0 0.631917
 0 0.631926
 0 0.631927
 0 0.631942
 0 0.631942
 0 0.631942
 0 0.631948
 0 0.631959
 0 0.631961
 0 0.631961
 0 0.63198
 0 0.631981
 0 0.631982
 0 0.631982
 0 0.631982
 0 0.631984
 0 0.631984
 0 0.631984
 0 0.631985
 0 0.631986
 0 0.632007
 0 0.632007
 0 0.63202
 0 0.632022
 0 0.632023
 0 0.632024
 0 0.632024
 0 0.632025
 0 0.632029
 0 0.632029
 0 0.63203
 0 0.632031
 0 0.632033
 0 0.632058
 0 0.632091
 0 0.632091
 0 0.632092
 0 0.632116
 0 0.632117
 0 0.632119
 0 0.632167
 0 0.632175
 0 0.632181
 0 0.632204
 0 0.632208
 0 0.63221
 0 0.63221
 0 0.632217
 0 0.632238
 0 0.63227
 0 0.632288
 0 0.632288
 0 0.632295
 0 0.6323
 0 0.632303
 0 0.632368
 0 0.632369
 0 0.632369
 0 0.632378
 0 0.63238
 0 0.63238
 0 0.632384
 0 0.632389
 0 0.632398
 0 0.632402
 0 0.632416
 0 0.632417
 0 0.632418
 0 0.632418
 0 0.632419
 0 0.632428
 0 0.632428
 0 0.632429
 0 0.632431
 0 0.632431
 0 0.632437
 0 0.632438
 0 0.632458
 0 0.63246
 0 0.63246
 0 0.632481
 0 0.632481
 0 0.632483
 0 0.632483
 0 0.632483
 0 0.632484
 0 0.632485
 0 0.632501
 0 0.632502
 0 0.63251
 0 0.632523
 0 0.632524
 0 0.632541
 0 0.63258
 0 0.632581
 0 0.632587
 0 0.632638
 0 0.632639
 0 0.632639
 0 0.632662
 0 0.632663
 0 0.632666
 0 0.632689
 0 0.632689
 0 0.63269
 0 0.63269
 0 0.632713
 0 0.632714
 0 0.632714
 0 0.632744
 0 0.632744
 0 0.632747
 0 0.632747
 0 0.632747
 0 0.632748
 0 0.63275
 0 0.63275
 0 0.632752
 0 0.632778
 0 0.632784
 0 0.632786
 0 0.632786
 0 0.632787
 0 0.632788
 0 0.632788
 0 0.632791
 0 0.632811
 0 0.632812
 0 0.632812
 0 0.632813
 0 0.632813
 0 0.632815
 0 0.632815
 0 0.632815
 0 0.632815
 0 0.632815
 0 0.632825
 0 0.632825
 0 0.632837
 0 0.632843
 0 0.632844
 0 0.632844
 0 0.63289
 0 0.63289
 0 0.63289
 0 0.632909
 0 0.632931
 0 0.632931
 0 0.632931
 0 0.632953
 0 0.632953
 0 0.632953
 0 0.633011
 0 0.633011
 0 0.633025
 0 0.63303
 0 0.633059
 0 0.633059
 0 0.633063
 0 0.633086
 0 0.6331
 0 0.6331
 0 0.633103
 0 0.633104
 0 0.633104
 0 0.633108
 0 0.633129
 0 0.633129
 0 0.63313
 0 0.633131
 0 0.633139
 0 0.633141
 0 0.633142
 0 0.633147
 0 0.633147
 0 0.633155
 0 0.633155
 0 0.633203
 0 0.633218
 0 0.633229
 0 0.633229
 0 0.633236
 0 0.633236
 0 0.633267
 0 0.633267
 0 0.633271
 0 0.633277
 0 0.633278
 0 0.63329
 0 0.63329
 0 0.633291
 0 0.633292
 0 0.633297
 0 0.633297
 0 0.633298
 0 0.633301
 0 0.633306
 0 0.633307
 0 0.633312
 0 0.633316
 0 0.633318
 0 0.633319
 0 0.633324
 0 0.633324
 0 0.633324
 0 0.633324
 0 0.633324
 0 0.633331
 0 0.633331
 0 0.633332
 0 0.633335
 0 0.633335
 0 0.633338
 0 0.633338
 0 0.633338
 0 0.633339
 0 0.63335
 0 0.63337
 0 0.633376
 0 0.633376
 0 0.633394
 0 0.633413
 0 0.633433
 0 0.633434
 0 0.633434
 0 0.633473
 0 0.633478
 0 0.633478
 0 0.633478
 0 0.633482
 0 0.633494
 0 0.633494
 0 0.633496
 0 0.633499
 0 0.633499
 0 0.633499
 0 0.633499
 0 0.633503
 0 0.633504
 0 0.633506
 0 0.633558
 0 0.633558
 0 0.633559
 0 0.633561
 0 0.633566
 0 0.63357
 0 0.633613
 0 0.633614
 0 0.633614
 0 0.633621
 0 0.633622
 0 0.633623
 0 0.633647
 0 0.633648
 0 0.633666
 0 0.633671
 0 0.633684
 0 0.633684
 0 0.633685
 0 0.633688
 0 0.633688
 0 0.6337
 0 0.6337
 0 0.633702
 0 0.633705
 0 0.633705
 0 0.633705
 0 0.633754
 0 0.633754
 0 0.633755
 0 0.633788
 0 0.633788
 0 0.633811
 0 0.633811
 0 0.633812
 0 0.633837
 0 0.633837
 0 0.633856
 0 0.633859
 0 0.633859
 0 0.633865
 0 0.633865
 0 0.633865
 0 0.633866
 0 0.633888
 0 0.633889
 0 0.633891
 0 0.633897
 0 0.633898
 0 0.633899
 0 0.633899
 0 0.633913
 0 0.633915
 0 0.63394
 0 0.633972
 0 0.633979
 0 0.633991
 0 0.633992
 0 0.634012
 0 0.634013
 0 0.634013
 0 0.634014
 0 0.634023
 0 0.634023
 0 0.634023
 0 0.634023
 0 0.634026
 0 0.634026
 0 0.634042
 0 0.634042
 0 0.634048
 0 0.634048
 0 0.634049
 0 0.63405
 0 0.63405
 0 0.63405
 0 0.63405
 0 0.634056
 0 0.634064
 0 0.634064
 0 0.634064
 0 0.634074
 0 0.634074
 0 0.63409
 0 0.634112
 0 0.634112
 0 0.634112
 0 0.63413
 0 0.63413
 0 0.634132
 0 0.634134
 0 0.634134
 0 0.634136
 0 0.63415
 0 0.63415
 0 0.634164
 0 0.634214
 0 0.634237
 0 0.634238
 0 0.634239
 0 0.634239
 0 0.634292
 0 0.634299
 0 0.634299
 0 0.634302
 0 0.634302
 0 0.634304
 0 0.634304
 0 0.634305
 0 0.634309
 0 0.634316
 0 0.634338
 0 0.634338
 0 0.634339
 0 0.634339
 0 0.634341
 0 0.634342
 0 0.634348
 0 0.634348
 0 0.634385
 0 0.634385
 0 0.634387
 0 0.634388
 0 0.634389
 0 0.634394
 0 0.63442
 0 0.63442
 0 0.634432
 0 0.634435
 0 0.634437
 0 0.634444
 0 0.634447
 0 0.634472
 0 0.634474
 0 0.634476
 0 0.634489
 0 0.634491
 0 0.634491
 0 0.634499
 0 0.634503
 0 0.634503
 0 0.634503
 0 0.634503
 0 0.634516
 0 0.63453
 0 0.63453
 0 0.634556
 0 0.634556
 0 0.634556
 0 0.634568
 0 0.6346
 0 0.6346
 0 0.634604
 0 0.634607
 0 0.634607
 0 0.634613
 0 0.634614
 0 0.63463
 0 0.634636
 0 0.634638
 0 0.634638
 0 0.634653
 0 0.634653
 0 0.634653
 0 0.634654
 0 0.634665
 0 0.63468
 0 0.634729
 0 0.634729
 0 0.634749
 0 0.634749
 0 0.634749
 0 0.634767
 0 0.634767
 0 0.634767
 0 0.634767
 0 0.634793
 0 0.634813
 0 0.634814
 0 0.634814
 0 0.634814
 0 0.634862
 0 0.634862
 0 0.634871
 0 0.634872
 0 0.634872
 0 0.634872
 0 0.634874
 0 0.634874
 0 0.634895
 0 0.634906
 0 0.634906
 0 0.634907
 0 0.634907
 0 0.634923
 0 0.634934
 0 0.634934
 0 0.634934
 0 0.63494
 0 0.634941
 0 0.634949
 0 0.634949
 0 0.634949
 0 0.634949
 0 0.634951
 0 0.634953
 0 0.634958
 0 0.634966
 0 0.634984
 0 0.634989
 0 0.634989
 0 0.634989
 0 0.634989
 0 0.634991
 0 0.634991
 0 0.635015
 0 0.635018
 0 0.635019
 0 0.635019
 0 0.635019
 0 0.63502
 0 0.63502
 0 0.635023
 0 0.635024
 0 0.635024
 0 0.635024
 0 0.635024
 0 0.635047
 0 0.635047
 0 0.635048
 0 0.635048
 0 0.635053
 0 0.635054
 0 0.635056
 0 0.635056
 0 0.63506
 0 0.63506
 0 0.63506
 0 0.635078
 0 0.635095
 0 0.635096
 0 0.635098
 0 0.635098
 0 0.635098
 0 0.635099
 0 0.635099
 0 0.635121
 0 0.635124
 0 0.635124
 0 0.635124
 0 0.635127
 0 0.635151
 0 0.635151
 0 0.635162
 0 0.635162
 0 0.635179
 0 0.635209
 0 0.635212
 0 0.635212
 0 0.635224
 0 0.635224
 0 0.63524
 0 0.635269
 0 0.635269
 0 0.635277
 0 0.635278
 0 0.635278
 0 0.635281
 0 0.635302
 0 0.635323
 0 0.63533
 0 0.635331
 0 0.635332
 0 0.635343
 0 0.635343
 0 0.635343
 0 0.635363
 0 0.635363
 0 0.635391
 0 0.635391
 0 0.635404
 0 0.635404
 0 0.635407
 0 0.635408
 0 0.635424
 0 0.635424
 0 0.635437
 0 0.635437
 0 0.635459
 0 0.635459
 0 0.63546
 0 0.635522
 0 0.635522
 0 0.635523
 0 0.635524
 0 0.635526
 0 0.635539
 0 0.63554
 0 0.63554
 0 0.635541
 0 0.635542
 0 0.635542
 0 0.635543
 0 0.635552
 0 0.635568
 0 0.635568
 0 0.635584
 0 0.635585
 0 0.635606
 0 0.635608
 0 0.635608
 0 0.635609
 0 0.63561
 0 0.635614
 0 0.635617
 0 0.635624
 0 0.635625
 0 0.635627
 0 0.635641
 0 0.635655
 0 0.635656
 0 0.635671
 0 0.635671
 0 0.635683
 0 0.6357
 0 0.6357
 0 0.635713
 0 0.635753
 0 0.635767
 0 0.635767
 0 0.635768
 0 0.635793
 0 0.635821
 0 0.635823
 0 0.635823
 0 0.635828
 0 0.635828
 0 0.635831
 0 0.635833
 0 0.635839
 0 0.63584
 0 0.63584
 0 0.635843
 0 0.635844
 0 0.635849
 0 0.635853
 0 0.635853
 0 0.63586
 0 0.635894
 0 0.6359
 0 0.6359
 0 0.6359
 0 0.635911
 0 0.635916
 0 0.635917
 0 0.635918
 0 0.635931
 0 0.635931
 0 0.635934
 0 0.635934
 0 0.636015
 0 0.63602
 0 0.636021
 0 0.636036
 0 0.636042
 0 0.636045
 0 0.636045
 0 0.636045
 0 0.636045
 0 0.636079
 0 0.636079
 0 0.636079
 0 0.636107
 0 0.63612
 0 0.636125
 0 0.636134
 0 0.636134
 0 0.636135
 0 0.636146
 0 0.636147
 0 0.636147
 0 0.636183
 0 0.636184
 0 0.636184
 0 0.636192
 0 0.636192
 0 0.636193
 0 0.636193
 0 0.636196
 0 0.636196
 0 0.636197
 0 0.636209
 0 0.636209
 0 0.636213
 0 0.636215
 0 0.636215
 0 0.636215
 0 0.636215
 0 0.636216
 0 0.636217
 0 0.636217
 0 0.636217
 0 0.63622
 0 0.636246
 0 0.636247
 0 0.636252
 0 0.636262
 0 0.636263
 0 0.636279
 0 0.636287
 0 0.636287
 0 0.636288
 0 0.63629
 0 0.636292
 0 0.636292
 0 0.636295
 0 0.63631
 0 0.636315
 0 0.636317
 0 0.636317
 0 0.636318
 0 0.636333
 0 0.636358
 0 0.63636
 0 0.63641
 0 0.636411
 0 0.636415
 0 0.63642
 0 0.63642
 0 0.63642
 0 0.636423
 0 0.636425
 0 0.636425
 0 0.636425
 0 0.636493
 0 0.636504
 0 0.636504
 0 0.636512
 0 0.636516
 0 0.636517
 0 0.636529
 0 0.636572
 0 0.636581
 0 0.636581
 0 0.636582
 0 0.636582
 0 0.636584
 0 0.636584
 0 0.636586
 0 0.636637
 0 0.636638
 0 0.636655
 0 0.636656
 0 0.636656
 0 0.636657
 0 0.63668
 0 0.63668
 0 0.636707
 0 0.636757
 0 0.636761
 0 0.636832
 0 0.636832
 0 0.636834
 0 0.636834
 0 0.636843
 0 0.636876
 0 0.63688
 0 0.636893
 0 0.63693
 0 0.636931
 0 0.636931
 0 0.636932
 0 0.636938
 0 0.636949
 0 0.63695
 0 0.636967
 0 0.636967
 0 0.636968
 0 0.63697
 0 0.636971
 0 0.636972
 0 0.636981
 0 0.636983
 0 0.637027
 0 0.637027
 0 0.637043
 0 0.637084
 0 0.637086
 0 0.637086
 0 0.637087
 0 0.637094
 0 0.637094
 0 0.637095
 0 0.637096
 0 0.637098
 0 0.637099
 0 0.637099
 0 0.637099
 0 0.637102
 0 0.637102
 0 0.63712
 0 0.637121
 0 0.637121
 0 0.637137
 0 0.637138
 0 0.637162
 0 0.637169
 0 0.63717
 0 0.63717
 0 0.637171
 0 0.637171
 0 0.637172
 0 0.637172
 0 0.637175
 0 0.637178
 0 0.637203
 0 0.637206
 0 0.63721
 0 0.637211
 0 0.637251
 0 0.637251
 0 0.637256
 0 0.637256
 0 0.637256
 0 0.637279
 0 0.637279
 0 0.637302
 0 0.637303
 0 0.637303
 0 0.637317
 0 0.637317
 0 0.637322
 0 0.637348
 0 0.637374
 0 0.63738
 0 0.637381
 0 0.637403
 0 0.637404
 0 0.637405
 0 0.637406
 0 0.637409
 0 0.637412
 0 0.637418
 0 0.637419
 0 0.637419
 0 0.637437
 0 0.637447
 0 0.637468
 0 0.637468
 0 0.637471
 0 0.637471
 0 0.637485
 0 0.637491
 0 0.637491
 0 0.637491
 0 0.637498
 0 0.637499
 0 0.637499
 0 0.6375
 0 0.637504
 0 0.637507
 0 0.637552
 0 0.637552
 0 0.637552
 0 0.637554
 0 0.63757
 0 0.637592
 0 0.637592
 0 0.637597
 0 0.637614
 0 0.637643
 0 0.637647
 0 0.637649
 0 0.637854
 0 0.637856
 0 0.637879
 0 0.637921
 0 0.637922
 0 0.637922
 0 0.637956
 0 0.637976
 0 0.637977
 0 0.637985
 0 0.637985
 0 0.637985
 0 0.637985
 0 0.638007
 0 0.638008
 0 0.638023
 0 0.638034
 0 0.638045
 0 0.638045
 0 0.638045
 0 0.638046
 0 0.638046
 0 0.63809
 0 0.638093
 0 0.638096
 0 0.638116
 0 0.638117
 0 0.638118
 0 0.638127
 0 0.638127
 0 0.638167
 0 0.638168
 0 0.638177
 0 0.638177
 0 0.638177
 0 0.638178
 0 0.638179
 0 0.638181
 0 0.638185
 0 0.638187
 0 0.63819
 0 0.63819
 0 0.638192
 0 0.638192
 0 0.638192
 0 0.638192
 0 0.638199
 0 0.638223
 0 0.638223
 0 0.638225
 0 0.638246
 0 0.638247
 0 0.638258
 0 0.638259
 0 0.638312
 0 0.638312
 0 0.638314
 0 0.638316
 0 0.638323
 0 0.638346
 0 0.638361
 0 0.638361
 0 0.638362
 0 0.638388
 0 0.638437
 0 0.638437
 0 0.638438
 0 0.638439
 0 0.638439
 0 0.638441
 0 0.638452
 0 0.638452
 0 0.638469
 0 0.638472
 0 0.638478
 0 0.638478
 0 0.638478
 0 0.638504
 0 0.638533
 0 0.638533
 0 0.638533
 0 0.638548
 0 0.638549
 0 0.63855
 0 0.638551
 0 0.638571
 0 0.638573
 0 0.63858
 0 0.63858
 0 0.63858
 0 0.63858
 0 0.638593
 0 0.638601
 0 0.638624
 0 0.638624
 0 0.638625
 0 0.638625
 0 0.638645
 0 0.638645
 0 0.638645
 0 0.638646
 0 0.638677
 0 0.638757
 0 0.638758
 0 0.638758
 0 0.638788
 0 0.63883
 0 0.63883
 0 0.63883
 0 0.638834
 0 0.638834
 0 0.638852
 0 0.638853
 0 0.638854
 0 0.638895
 0 0.638896
 0 0.638909
 0 0.638934
 0 0.638956
 0 0.638957
 0 0.639006
 0 0.639007
 0 0.639037
 0 0.639037
 0 0.639075
 0 0.639075
 0 0.639075
 0 0.639078
 0 0.639088
 0 0.63909
 0 0.639102
 0 0.639103
 0 0.639112
 0 0.639145
 0 0.639147
 0 0.639147
 0 0.63916
 0 0.63916
 0 0.639167
 0 0.639178
 0 0.639178
 0 0.639184
 0 0.639185
 0 0.639185
 0 0.639185
 0 0.639186
 0 0.639262
 0 0.639262
 0 0.639266
 0 0.63929
 0 0.6393
 0 0.6393
 0 0.639362
 0 0.639363
 0 0.639385
 0 0.639396
 0 0.639396
 0 0.639396
 0 0.639398
 0 0.639405
 0 0.639405
 0 0.639428
 0 0.639459
 0 0.63946
 0 0.639473
 0 0.639494
 0 0.639495
 0 0.639511
 0 0.639511
 0 0.639511
 0 0.639513
 0 0.639513
 0 0.639514
 0 0.639514
 0 0.639515
 0 0.639515
 0 0.639529
 0 0.639537
 0 0.639546
 0 0.639546
 0 0.639556
 0 0.639556
 0 0.639593
 0 0.639593
 0 0.639616
 0 0.639618
 0 0.639623
 0 0.639623
 0 0.639623
 0 0.639623
 0 0.639624
 0 0.639624
 0 0.639626
 0 0.639647
 0 0.639655
 0 0.639681
 0 0.639682
 0 0.639724
 0 0.639739
 0 0.639741
 0 0.639741
 0 0.639742
 0 0.639767
 0 0.639783
 0 0.63979
 0 0.639796
 0 0.639796
 0 0.639818
 0 0.639822
 0 0.639823
 0 0.639839
 0 0.639871
 0 0.639873
 0 0.639874
 0 0.639874
 0 0.639874
 0 0.639874
 0 0.639877
 0 0.639887
 0 0.639887
 0 0.639891
 0 0.639891
 0 0.639891
 0 0.639903
 0 0.639903
 0 0.639915
 0 0.639915
 0 0.639915
 0 0.639924
 0 0.639971
 0 0.639984
 0 0.639986
 0 0.639987
 0 0.640014
 0 0.640014
 0 0.640031
 0 0.640087
 0 0.640106
 0 0.640106
 0 0.640158
 0 0.640158
 0 0.640158
 0 0.640164
 0 0.640165
 0 0.640176
 0 0.640195
 0 0.640196
 0 0.640217
 0 0.640217
 0 0.640217
 0 0.64023
 0 0.64023
 0 0.640272
 0 0.640273
 0 0.640273
 0 0.64028
 0 0.640281
 0 0.640281
 0 0.640282
 0 0.640289
 0 0.64029
 0 0.640291
 0 0.640291
 0 0.640291
 0 0.640291
 0 0.640308
 0 0.640312
 0 0.640316
 0 0.640317
 0 0.64032
 0 0.640353
 0 0.640377
 0 0.640378
 0 0.64039
 0 0.640391
 0 0.640391
 0 0.640465
 0 0.640487
 0 0.64049
 0 0.640492
 0 0.640528
 0 0.64053
 0 0.640533
 0 0.640534
 0 0.640539
 0 0.640545
 0 0.640548
 0 0.640552
 0 0.640552
 0 0.640572
 0 0.640589
 0 0.640589
 0 0.640616
 0 0.640617
 0 0.640622
 0 0.640622
 0 0.640632
 0 0.640695
 0 0.640695
 0 0.640714
 0 0.640714
 0 0.64074
 0 0.640758
 0 0.64076
 0 0.640763
 0 0.640767
 0 0.640769
 0 0.640769
 0 0.64077
 0 0.640771
 0 0.640783
 0 0.640805
 0 0.640805
 0 0.640805
 0 0.640815
 0 0.640815
 0 0.640815
 0 0.640815
 0 0.640833
 0 0.640851
 0 0.640853
 0 0.640864
 0 0.640864
 0 0.640873
 0 0.640874
 0 0.640902
 0 0.641002
 0 0.641004
 0 0.641004
 0 0.641006
 0 0.64101
 0 0.641012
 0 0.641012
 0 0.641014
 0 0.641044
 0 0.641044
 0 0.641053
 0 0.641056
 0 0.641135
 0 0.641135
 0 0.641145
 0 0.641196
 0 0.641196
 0 0.641196
 0 0.641227
 0 0.641228
 0 0.641237
 0 0.641237
 0 0.641242
 0 0.641258
 0 0.641259
 0 0.641262
 0 0.641288
 0 0.6413
 0 0.641331
 0 0.641332
 0 0.641332
 0 0.641338
 0 0.641366
 0 0.641366
 0 0.641366
 0 0.641424
 0 0.641425
 0 0.641457
 0 0.641458
 0 0.641522
 0 0.641533
 0 0.641535
 0 0.641535
 0 0.641648
 0 0.641668
 0 0.641672
 0 0.641672
 0 0.641726
 0 0.641726
 0 0.641742
 0 0.641743
 0 0.641751
 0 0.641751
 0 0.641754
 0 0.641758
 0 0.641792
 0 0.641837
 0 0.641838
 0 0.641867
 0 0.641917
 0 0.642002
 0 0.642005
 0 0.642006
 0 0.642017
 0 0.642017
 0 0.642017
 0 0.642103
 0 0.642104
 0 0.642132
 0 0.642132
 0 0.642137
 0 0.642137
 0 0.642137
 0 0.642137
 0 0.642137
 0 0.642141
 0 0.642143
 0 0.642192
 0 0.642192
 0 0.642192
 0 0.642234
 0 0.642234
 0 0.642235
 0 0.642235
 0 0.642272
 0 0.642272
 0 0.642306
 0 0.642397
 0 0.642404
 0 0.642404
 0 0.642404
 0 0.642405
 0 0.642509
 0 0.642509
 0 0.642549
 0 0.642638
 0 0.642746
 0 0.642746
 0 0.642779
 0 0.642825
 0 0.642825
 0 0.642903
 0 0.642937
 0 0.642938
 0 0.643011
 0 0.643012
 0 0.643012
 0 0.643012
 0 0.643034
 0 0.643074
 0 0.643074
 0 0.643076
 0 0.643113
 0 0.64312
 0 0.64312
 0 0.64326
 0 0.643301
 0 0.643302
 0 0.643306
 0 0.643361
 0 0.643363
 0 0.643371
 0 0.643371
 0 0.643439
 0 0.643439
 0 0.643439
 0 0.64344
 0 0.64346
 0 0.64346
 0 0.643498
 0 0.643502
 0 0.643555
 0 0.643575
 0 0.643653
 0 0.643802
 0 0.643804
 0 0.643809
 0 0.643812
 0 0.643812
 0 0.643813
 0 0.643813
 0 0.643824
 0 0.643824
 0 0.643868
 0 0.643871
 0 0.64391
 0 0.643916
 0 0.643917
 0 0.643917
 0 0.643918
 0 0.643975
 0 0.643977
 0 0.644091
 0 0.64416
 0 0.64419
 0 0.64419
 0 0.64419
 0 0.644191
 0 0.644194
 0 0.644225
 0 0.644225
 0 0.644252
 0 0.64427
 0 0.644306
 0 0.644307
 0 0.64431
 0 0.64431
 0 0.644585
 0 0.644634
 0 0.644663
 0 0.644663
 0 0.644717
 0 0.644754
 0 0.644883
 0 0.644886
 0 0.64508
 0 0.64508
 0 0.645081
 0 0.645081
 0 0.645119
 0 0.645119
 0 0.645121
 0 0.645121
 0 0.645347
 0 0.645496
 0 0.645496
 0 0.645766
 0 0.645766
 0 0.645833
 0 0.645945
 0 0.645976
 0 0.646044
 0 0.646048
 0 0.646122
 0 0.646124
 0 0.646124
 0 0.646124
 0 0.646171
 0 0.646209
 0 0.646212
 0 0.646315
 0 0.646315
 0 0.646447
 0 0.646799
 0 0.646799
 0 0.646803
 0 0.646853
 0 0.646853
 0 0.646882
 0 0.646882
 0 0.646882
 0 0.646901
 0 0.646901
 0 0.647069
 0 0.647154
 0 0.647154
 0 0.647155
 0 0.647155
 0 0.648031
 0 0.648032
 0 0.648033
 0 0.648034
 0 0.648392
 0 0.648425
 0 0.648426
 0 0.648451
 0 0.648552
 0 0.64862
 0 0.64862
 0 0.648621
 0 0.648858
 0 0.648993
 0 0.648994
 0 0.649169
 0 0.649169
 0 0.64917
 0 0.64917
 0 0.649379
 0 0.649417
 0 0.649417
 0 0.649488
 0 0.64949
 0 0.649491
 0 0.649491
 0 0.64982
 0 0.649823
 0 0.649856
 0 0.649856
 0 0.650016
 0 0.650435
 0 0.650435
 0 0.650435
 0 0.650437
 0 0.650531
 0 0.650532
 0 0.65105
 0 0.65118
 0 0.651182
 0 0.65134
 0 0.65134
 0 0.651662
 0 0.651662
 0 0.65256
 0 0.652563
 0 0.652563
 0 0.65315
 0 2.65543
 0 2.65543
 0 2.65543
 0 2.65543
 0 2.65543
 0 2.65589
 0 inf
