 0 0.560483
 0 0.560486
 0 0.560488
 0 0.560488
 0 0.560489
 0 0.560741
 0 0.579605
 0 0.580959
 0 0.58096
 0 0.58096
 0 0.58096
 0 0.581144
 0 0.592287
 0 0.592287
 0 0.592287
 0 0.59305
 0 0.593051
 0 0.593241
 0 0.608464
 0 0.608465
 0 0.608465
 0 0.608466
 0 0.608536
 0 0.609356
 0 0.612023
 0 0.612023
 0 0.61239
 0 0.612595
 0 0.612595
 0 0.612596
 0 0.614238
 0 0.614513
 0 0.614987
 0 0.614987
 0 0.615259
 0 0.615261
 0 0.615645
 0 0.615645
 0 0.615916
 0 0.616413
 0 0.616504
 0 0.616505
 0 0.616621
 0 0.616645
 0 0.616981
 0 0.616982
 0 0.617019
 0 0.617021
 0 0.617171
 0 0.617288
 0 0.617288
 0 0.617311
 0 0.617707
 0 0.617996
 0 0.618261
 0 0.618263
 0 0.618263
 0 0.618263
 0 0.618293
 0 0.618293
 0 0.618748
 0 0.618749
 0 0.618865
 0 0.619175
 0 0.619175
 0 0.619176
 0 0.619359
 0 0.619359
 0 0.61936
 0 0.61936
 0 0.619628
 0 0.619628
 0 0.620047
 0 0.620048
 0 0.620063
 0 0.620064
 0 0.620064
 0 0.620064
 0 0.620065
 0 0.620069
 0 0.620492
 0 0.620492
 0 0.620523
 0 0.620636
 0 0.620638
 0 0.621024
 0 0.621024
 0 0.621024
 0 0.62106
 0 0.621062
 0 0.621062
 0 0.621062
 0 0.621102
 0 0.621102
 0 0.621102
 0 0.621351
 0 0.621351
 0 0.621353
 0 0.6214
 0 0.6214
 0 0.621402
 0 0.621453
 0 0.621472
 0 0.621472
 0 0.621614
 0 0.621614
 0 0.621616
 0 0.621784
 0 0.621812
 0 0.621984
 0 0.621986
 0 0.622027
 0 0.622146
 0 0.622196
 0 0.622198
 0 0.622252
 0 0.622252
 0 0.622334
 0 0.622483
 0 0.622494
 0 0.622496
 0 0.622642
 0 0.622642
 0 0.622642
 0 0.622755
 0 0.622755
 0 0.622757
 0 0.62277
 0 0.62277
 0 0.622804
 0 0.623033
 0 0.623034
 0 0.623053
 0 0.623055
 0 0.623058
 0 0.623059
 0 0.623074
 0 0.623074
 0 0.623103
 0 0.623103
 0 0.623196
 0 0.623315
 0 0.623353
 0 0.623353
 0 0.623354
 0 0.623354
 0 0.623391
 0 0.623391
 0 0.62345
 0 0.62345
 0 0.623513
 0 0.623568
 0 0.623593
 0 0.623593
 0 0.623594
 0 0.623594
 0 0.623715
 0 0.623716
 0 0.62372
 0 0.623822
 0 0.623822
 0 0.62384
 0 0.623953
 0 0.623953
 0 0.623962
 0 0.623962
 0 0.623962
 0 0.623992
 0 0.623992
 0 0.624004
 0 0.624004
 0 0.624004
 0 0.624053
 0 0.624053
 0 0.624054
 0 0.624069
 0 0.624107
 0 0.624171
 0 0.624198
 0 0.624216
 0 0.624216
 0 0.624285
 0 0.624341
 0 0.624392
 0 0.624408
 0 0.62441
 0 0.624427
 0 0.62443
 0 0.624439
 0 0.624439
 0 0.624568
 0 0.624568
 0 0.624617
 0 0.624666
 0 0.624666
 0 0.624667
 0 0.624668
 0 0.624668
 0 0.62473
 0 0.624789
 0 0.624789
 0 0.624789
 0 0.624808
 0 0.624812
 0 0.624813
 0 0.624818
 0 0.624818
 0 0.624818
 0 0.624818
 0 0.624818
 0 0.624843
 0 0.624843
 0 0.624846
 0 0.624887
 0 0.624907
 0 0.624907
 0 0.624907
 0 0.624907
 0 0.624907
 0 0.625027
 0 0.625027
 0 0.625095
 0 0.625095
 0 0.625096
 0 0.625123
 0 0.625135
 0 0.625135
 0 0.625135
 0 0.625146
 0 0.625147
 0 0.625148
 0 0.625148
 0 0.625169
 0 0.625169
 0 0.625169
 0 0.625179
 0 0.625183
 0 0.625184
 0 0.625184
 0 0.625184
 0 0.625203
 0 0.625216
 0 0.625218
 0 0.625256
 0 0.625368
 0 0.625368
 0 0.625368
 0 0.625368
 0 0.625369
 0 0.625375
 0 0.625379
 0 0.625379
 0 0.62538
 0 0.625383
 0 0.625383
 0 0.625385
 0 0.625385
 0 0.625403
 0 0.625444
 0 0.625477
 0 0.625483
 0 0.625483
 0 0.625494
 0 0.625496
 0 0.625527
 0 0.625611
 0 0.625611
 0 0.625638
 0 0.625682
 0 0.625732
 0 0.625762
 0 0.625813
 0 0.625842
 0 0.625842
 0 0.62595
 0 0.626045
 0 0.626048
 0 0.626049
 0 0.626049
 0 0.62605
 0 0.626051
 0 0.626051
 0 0.626086
 0 0.626114
 0 0.626115
 0 0.626116
 0 0.626116
 0 0.626119
 0 0.626119
 0 0.626121
 0 0.626122
 0 0.62614
 0 0.626145
 0 0.626167
 0 0.626168
 0 0.626193
 0 0.626193
 0 0.626195
 0 0.626195
 0 0.626197
 0 0.626198
 0 0.626215
 0 0.626215
 0 0.626222
 0 0.62631
 0 0.62631
 0 0.626342
 0 0.626343
 0 0.626343
 0 0.626343
 0 0.626343
 0 0.626367
 0 0.6264
 0 0.626401
 0 0.626402
 0 0.626529
 0 0.626631
 0 0.626631
 0 0.626678
 0 0.626695
 0 0.626695
 0 0.626695
 0 0.626733
 0 0.626749
 0 0.62675
 0 0.626781
 0 0.626782
 0 0.626813
 0 0.626842
 0 0.626858
 0 0.626858
 0 0.626889
 0 0.626964
 0 0.626964
 0 0.626964
 0 0.626991
 0 0.627003
 0 0.627014
 0 0.627015
 0 0.627018
 0 0.627018
 0 0.627078
 0 0.62708
 0 0.627084
 0 0.627084
 0 0.627096
 0 0.627096
 0 0.627261
 0 0.627263
 0 0.627264
 0 0.627272
 0 0.627276
 0 0.627325
 0 0.627351
 0 0.627353
 0 0.627353
 0 0.627364
 0 0.627365
 0 0.627404
 0 0.627404
 0 0.627404
 0 0.627404
 0 0.627406
 0 0.627505
 0 0.627505
 0 0.627545
 0 0.627545
 0 0.627548
 0 0.627563
 0 0.627566
 0 0.627656
 0 0.627657
 0 0.627703
 0 0.627703
 0 0.627737
 0 0.627747
 0 0.627779
 0 0.627782
 0 0.627797
 0 0.627798
 0 0.627807
 0 0.627808
 0 0.627829
 0 0.627866
 0 0.627876
 0 0.627888
 0 0.627889
 0 0.62797
 0 0.62797
 0 0.627979
 0 0.62798
 0 0.628003
 0 0.62803
 0 0.628036
 0 0.628049
 0 0.62805
 0 0.62805
 0 0.628079
 0 0.628079
 0 0.628079
 0 0.62808
 0 0.628086
 0 0.628089
 0 0.628096
 0 0.628128
 0 0.628145
 0 0.628154
 0 0.628225
 0 0.628252
 0 0.628271
 0 0.628274
 0 0.62831
 0 0.628378
 0 0.628384
 0 0.628384
 0 0.628404
 0 0.628404
 0 0.628404
 0 0.628463
 0 0.628465
 0 0.628475
 0 0.628477
 0 0.628495
 0 0.628504
 0 0.628554
 0 0.628555
 0 0.628566
 0 0.628571
 0 0.628572
 0 0.62862
 0 0.628678
 0 0.628678
 0 0.628695
 0 0.628695
 0 0.628695
 0 0.628731
 0 0.628731
 0 0.628733
 0 0.628749
 0 0.62875
 0 0.628754
 0 0.628776
 0 0.628776
 0 0.628777
 0 0.628822
 0 0.628863
 0 0.628863
 0 0.628863
 0 0.628865
 0 0.628888
 0 0.628888
 0 0.628888
 0 0.628889
 0 0.628889
 0 0.628897
 0 0.628899
 0 0.628902
 0 0.628904
 0 0.628933
 0 0.628965
 0 0.628965
 0 0.628981
 0 0.628981
 0 0.628982
 0 0.628994
 0 0.629004
 0 0.629005
 0 0.629041
 0 0.629041
 0 0.629093
 0 0.629093
 0 0.629096
 0 0.629096
 0 0.629146
 0 0.629147
 0 0.629153
 0 0.629154
 0 0.629163
 0 0.62918
 0 0.62918
 0 0.629183
 0 0.629184
 0 0.629184
 0 0.629185
 0 0.629188
 0 0.629189
 0 0.629189
 0 0.629227
 0 0.629228
 0 0.629228
 0 0.629254
 0 0.629256
 0 0.629256
 0 0.629269
 0 0.629269
 0 0.629269
 0 0.629301
 0 0.629301
 0 0.629303
 0 0.629305
 0 0.629308
 0 0.629335
 0 0.629335
 0 0.629365
 0 0.629366
 0 0.629389
 0 0.629444
 0 0.629448
 0 0.629463
 0 0.629464
 0 0.629464
 0 0.629465
 0 0.629551
 0 0.629551
 0 0.629558
 0 0.629561
 0 0.629561
 0 0.629569
 0 0.62957
 0 0.62957
 0 0.629573
 0 0.629576
 0 0.629579
 0 0.629579
 0 0.62958
 0 0.62958
 0 0.629608
 0 0.629608
 0 0.62961
 0 0.629611
 0 0.629613
 0 0.629613
 0 0.629626
 0 0.629641
 0 0.629643
 0 0.629658
 0 0.629682
 0 0.629714
 0 0.629719
 0 0.629731
 0 0.629731
 0 0.629746
 0 0.629746
 0 0.629746
 0 0.62976
 0 0.62976
 0 0.629798
 0 0.62982
 0 0.62982
 0 0.629821
 0 0.629836
 0 0.629844
 0 0.629844
 0 0.629845
 0 0.629854
 0 0.629855
 0 0.62986
 0 0.629885
 0 0.62991
 0 0.629911
 0 0.629912
 0 0.629912
 0 0.629912
 0 0.629925
 0 0.629925
 0 0.629925
 0 0.629937
 0 0.629939
 0 0.62994
 0 0.629969
 0 0.629969
 0 0.629969
 0 0.629975
 0 0.629992
 0 0.630025
 0 0.630025
 0 0.630025
 0 0.630026
 0 0.630026
 0 0.630026
 0 0.630026
 0 0.630028
 0 0.630029
 0 0.630043
 0 0.630044
 0 0.630048
 0 0.63005
 0 0.63005
 0 0.63005
 0 0.630058
 0 0.630058
 0 0.630058
 0 0.630058
 0 0.630059
 0 0.63006
 0 0.630062
 0 0.630063
 0 0.630065
 0 0.630069
 0 0.630084
 0 0.630085
 0 0.630086
 0 0.630088
 0 0.630088
 0 0.630088
 0 0.630088
 0 0.630106
 0 0.630106
 0 0.630113
 0 0.630114
 0 0.630126
 0 0.630127
 0 0.630127
 0 0.630128
 0 0.630128
 0 0.630128
 0 0.630128
 0 0.630133
 0 0.63015
 0 0.63015
 0 0.63015
 0 0.63015
 0 0.63015
 0 0.63015
 0 0.630153
 0 0.630164
 0 0.630165
 0 0.630165
 0 0.630165
 0 0.630166
 0 0.630211
 0 0.630219
 0 0.630221
 0 0.630222
 0 0.630224
 0 0.630242
 0 0.630242
 0 0.630243
 0 0.630243
 0 0.63025
 0 0.630252
 0 0.630252
 0 0.630266
 0 0.630266
 0 0.630266
 0 0.630279
 0 0.630279
 0 0.630296
 0 0.630296
 0 0.630296
 0 0.63031
 0 0.630325
 0 0.630325
 0 0.630346
 0 0.630346
 0 0.630355
 0 0.630413
 0 0.630414
 0 0.630416
 0 0.630417
 0 0.630417
 0 0.630418
 0 0.630418
 0 0.630465
 0 0.630474
 0 0.63048
 0 0.630499
 0 0.630509
 0 0.630509
 0 0.630509
 0 0.63051
 0 0.63051
 0 0.630515
 0 0.630534
 0 0.630538
 0 0.630538
 0 0.630538
 0 0.630579
 0 0.63058
 0 0.630586
 0 0.630586
 0 0.630588
 0 0.630639
 0 0.630639
 0 0.630639
 0 0.630639
 0 0.630648
 0 0.630648
 0 0.630648
 0 0.630678
 0 0.630678
 0 0.630736
 0 0.630736
 0 0.630741
 0 0.630766
 0 0.630777
 0 0.63078
 0 0.630799
 0 0.630801
 0 0.630814
 0 0.630824
 0 0.630824
 0 0.630827
 0 0.630827
 0 0.630836
 0 0.630836
 0 0.630836
 0 0.630838
 0 0.630846
 0 0.630846
 0 0.63085
 0 0.630851
 0 0.630851
 0 0.630852
 0 0.630857
 0 0.630858
 0 0.630871
 0 0.630888
 0 0.630889
 0 0.630906
 0 0.630906
 0 0.630908
 0 0.630908
 0 0.630914
 0 0.630915
 0 0.630915
 0 0.630916
 0 0.630917
 0 0.630965
 0 0.630995
 0 0.630999
 0 0.631003
 0 0.631003
 0 0.631032
 0 0.631043
 0 0.631054
 0 0.631054
 0 0.631097
 0 0.631097
 0 0.631103
 0 0.631104
 0 0.631114
 0 0.631115
 0 0.631122
 0 0.631123
 0 0.631126
 0 0.631135
 0 0.631135
 0 0.631136
 0 0.63119
 0 0.63119
 0 0.631198
 0 0.631199
 0 0.6312
 0 0.631201
 0 0.631213
 0 0.631224
 0 0.631224
 0 0.631224
 0 0.631224
 0 0.631225
 0 0.631226
 0 0.631227
 0 0.631264
 0 0.631264
 0 0.63129
 0 0.631299
 0 0.631299
 0 0.631299
 0 0.631333
 0 0.631333
 0 0.631334
 0 0.631334
 0 0.631343
 0 0.631349
 0 0.631355
 0 0.631355
 0 0.63136
 0 0.63136
 0 0.631361
 0 0.631385
 0 0.631397
 0 0.631397
 0 0.631398
 0 0.631427
 0 0.631429
 0 0.631429
 0 0.631468
 0 0.631497
 0 0.631497
 0 0.631518
 0 0.63152
 0 0.631535
 0 0.631535
 0 0.631535
 0 0.631535
 0 0.631537
 0 0.631549
 0 0.631569
 0 0.631586
 0 0.631609
 0 0.63161
 0 0.631627
 0 0.631628
 0 0.631639
 0 0.631653
 0 0.631653
 0 0.631696
 0 0.631697
 0 0.63172
 0 0.63172
 0 0.631731
 0 0.631733
 0 0.631734
 0 0.631736
 0 0.631736
 0 0.631739
 0 0.631759
 0 0.63176
 0 0.63176
 0 0.631791
 0 0.631793
 0 0.631819
 0 0.631836
 0 0.631837
 0 0.631837
 0 0.631845
 0 0.631847
 0 0.631847
 0 0.631847
 0 0.631847
 0 0.631856
 0 0.631858
 0 0.631863
 0 0.63188
 0 0.631896
 0 0.631905
 0 0.631914
 0 0.631916
 0 0.631918
 0 0.631945
 0 0.631963
 0 0.63199
 0 0.63199
 0 0.632015
 0 0.632015
 0 0.632029
 0 0.632029
 0 0.632085
 0 0.632087
 0 0.632087
 0 0.632134
 0 0.632134
 0 0.632135
 0 0.63215
 0 0.63215
 0 0.63215
 0 0.632162
 0 0.632207
 0 0.632207
 0 0.632207
 0 0.632207
 0 0.632207
 0 0.632207
 0 0.632212
 0 0.632212
 0 0.632237
 0 0.632238
 0 0.632248
 0 0.632258
 0 0.632272
 0 0.632274
 0 0.632274
 0 0.632275
 0 0.632277
 0 0.632278
 0 0.632285
 0 0.632285
 0 0.632285
 0 0.632288
 0 0.632291
 0 0.632304
 0 0.632305
 0 0.632332
 0 0.632333
 0 0.632341
 0 0.632341
 0 0.632343
 0 0.632343
 0 0.632344
 0 0.632344
 0 0.632345
 0 0.632348
 0 0.632349
 0 0.632359
 0 0.63236
 0 0.632394
 0 0.632404
 0 0.632435
 0 0.632489
 0 0.63249
 0 0.63249
 0 0.632491
 0 0.632528
 0 0.632528
 0 0.632528
 0 0.632553
 0 0.632557
 0 0.632557
 0 0.632603
 0 0.632603
 0 0.632603
 0 0.632608
 0 0.632613
 0 0.632622
 0 0.632625
 0 0.632646
 0 0.632646
 0 0.632646
 0 0.632648
 0 0.632648
 0 0.632648
 0 0.632649
 0 0.632649
 0 0.632656
 0 0.632741
 0 0.632741
 0 0.632741
 0 0.632751
 0 0.632751
 0 0.632756
 0 0.632761
 0 0.632768
 0 0.632785
 0 0.632813
 0 0.632814
 0 0.632824
 0 0.632838
 0 0.632841
 0 0.632842
 0 0.632844
 0 0.632846
 0 0.632846
 0 0.632849
 0 0.632849
 0 0.632849
 0 0.632849
 0 0.632867
 0 0.632875
 0 0.632879
 0 0.632882
 0 0.63292
 0 0.63294
 0 0.63294
 0 0.632954
 0 0.632956
 0 0.632969
 0 0.632969
 0 0.63299
 0 0.63299
 0 0.632997
 0 0.633023
 0 0.633051
 0 0.633051
 0 0.633052
 0 0.633056
 0 0.633056
 0 0.633056
 0 0.633058
 0 0.633058
 0 0.63306
 0 0.633062
 0 0.633064
 0 0.633085
 0 0.633087
 0 0.633087
 0 0.633087
 0 0.633092
 0 0.633092
 0 0.633093
 0 0.633117
 0 0.633118
 0 0.633124
 0 0.633125
 0 0.63314
 0 0.633142
 0 0.633142
 0 0.633143
 0 0.633159
 0 0.63316
 0 0.633204
 0 0.633205
 0 0.633205
 0 0.633205
 0 0.633205
 0 0.633215
 0 0.633219
 0 0.633231
 0 0.633231
 0 0.633288
 0 0.633288
 0 0.633289
 0 0.63329
 0 0.633293
 0 0.633321
 0 0.633321
 0 0.633356
 0 0.633358
 0 0.633367
 0 0.633367
 0 0.633373
 0 0.633373
 0 0.633374
 0 0.633374
 0 0.633375
 0 0.6334
 0 0.633411
 0 0.633411
 0 0.633437
 0 0.633438
 0 0.63344
 0 0.63344
 0 0.633441
 0 0.633471
 0 0.633477
 0 0.633479
 0 0.63349
 0 0.63349
 0 0.633503
 0 0.633525
 0 0.633586
 0 0.633586
 0 0.633598
 0 0.6336
 0 0.633616
 0 0.633623
 0 0.633631
 0 0.633635
 0 0.633635
 0 0.63366
 0 0.633662
 0 0.633669
 0 0.633669
 0 0.633683
 0 0.633684
 0 0.633746
 0 0.633757
 0 0.633758
 0 0.633759
 0 0.633762
 0 0.633763
 0 0.633763
 0 0.633764
 0 0.633764
 0 0.633764
 0 0.633766
 0 0.633788
 0 0.633811
 0 0.633814
 0 0.633814
 0 0.633824
 0 0.633824
 0 0.633844
 0 0.633844
 0 0.633848
 0 0.63385
 0 0.63385
 0 0.633856
 0 0.633856
 0 0.633915
 0 0.633929
 0 0.633931
 0 0.633943
 0 0.633944
 0 0.633944
 0 0.634008
 0 0.634015
 0 0.634035
 0 0.634035
 0 0.634035
 0 0.634036
 0 0.634041
 0 0.634042
 0 0.634043
 0 0.634045
 0 0.634045
 0 0.634046
 0 0.634047
 0 0.634048
 0 0.634049
 0 0.634049
 0 0.634062
 0 0.634067
 0 0.634067
 0 0.634067
 0 0.634067
 0 0.634076
 0 0.634076
 0 0.634103
 0 0.634111
 0 0.634111
 0 0.634113
 0 0.634125
 0 0.634152
 0 0.634154
 0 0.634166
 0 0.634168
 0 0.634168
 0 0.634169
 0 0.634169
 0 0.634169
 0 0.63419
 0 0.63419
 0 0.634191
 0 0.634191
 0 0.634197
 0 0.634207
 0 0.634208
 0 0.634208
 0 0.634225
 0 0.634238
 0 0.634261
 0 0.634261
 0 0.634263
 0 0.634263
 0 0.634263
 0 0.634276
 0 0.634276
 0 0.634299
 0 0.6343
 0 0.634313
 0 0.634313
 0 0.634313
 0 0.634313
 0 0.634332
 0 0.634333
 0 0.634351
 0 0.634351
 0 0.634351
 0 0.634396
 0 0.634396
 0 0.634423
 0 0.634423
 0 0.634424
 0 0.634426
 0 0.634426
 0 0.634427
 0 0.634437
 0 0.634437
 0 0.634455
 0 0.634457
 0 0.634458
 0 0.634468
 0 0.634484
 0 0.634484
 0 0.634485
 0 0.634493
 0 0.634493
 0 0.634494
 0 0.634504
 0 0.634513
 0 0.634518
 0 0.634532
 0 0.634533
 0 0.634534
 0 0.634543
 0 0.634566
 0 0.634566
 0 0.634566
 0 0.634566
 0 0.634567
 0 0.634571
 0 0.634599
 0 0.6346
 0 0.634607
 0 0.63461
 0 0.634617
 0 0.634625
 0 0.634626
 0 0.63463
 0 0.63463
 0 0.63463
 0 0.634635
 0 0.634665
 0 0.634667
 0 0.634669
 0 0.634674
 0 0.634674
 0 0.634682
 0 0.634685
 0 0.634718
 0 0.634718
 0 0.634729
 0 0.634743
 0 0.634743
 0 0.634744
 0 0.634747
 0 0.634748
 0 0.634752
 0 0.634752
 0 0.634764
 0 0.634779
 0 0.634779
 0 0.634779
 0 0.634787
 0 0.634787
 0 0.634794
 0 0.634794
 0 0.634795
 0 0.634797
 0 0.634797
 0 0.634797
 0 0.634822
 0 0.634826
 0 0.634842
 0 0.634845
 0 0.634852
 0 0.634852
 0 0.634856
 0 0.634856
 0 0.634886
 0 0.634887
 0 0.634887
 0 0.634887
 0 0.634905
 0 0.634906
 0 0.634926
 0 0.634926
 0 0.634928
 0 0.634961
 0 0.634964
 0 0.634964
 0 0.634964
 0 0.634965
 0 0.634976
 0 0.634976
 0 0.634977
 0 0.634978
 0 0.634979
 0 0.634983
 0 0.634984
 0 0.634984
 0 0.634987
 0 0.63501
 0 0.635014
 0 0.635014
 0 0.635016
 0 0.635016
 0 0.635017
 0 0.635024
 0 0.635025
 0 0.635025
 0 0.635028
 0 0.635029
 0 0.635063
 0 0.635065
 0 0.635066
 0 0.635075
 0 0.635083
 0 0.635083
 0 0.635083
 0 0.635102
 0 0.635102
 0 0.635102
 0 0.635109
 0 0.63514
 0 0.635141
 0 0.635146
 0 0.635146
 0 0.635146
 0 0.635188
 0 0.635191
 0 0.635192
 0 0.635192
 0 0.635192
 0 0.635192
 0 0.635193
 0 0.635196
 0 0.635221
 0 0.635238
 0 0.635242
 0 0.635244
 0 0.635248
 0 0.635249
 0 0.63525
 0 0.635304
 0 0.635315
 0 0.635316
 0 0.63535
 0 0.635351
 0 0.635357
 0 0.635357
 0 0.63536
 0 0.635411
 0 0.635459
 0 0.635461
 0 0.635463
 0 0.635464
 0 0.635471
 0 0.635475
 0 0.635476
 0 0.635495
 0 0.635496
 0 0.635499
 0 0.6355
 0 0.635501
 0 0.635527
 0 0.635528
 0 0.635528
 0 0.635529
 0 0.635542
 0 0.635543
 0 0.635552
 0 0.635552
 0 0.635554
 0 0.635555
 0 0.635555
 0 0.635555
 0 0.635558
 0 0.635558
 0 0.635558
 0 0.635558
 0 0.635579
 0 0.635579
 0 0.635582
 0 0.635585
 0 0.635585
 0 0.635586
 0 0.635587
 0 0.635587
 0 0.635589
 0 0.635603
 0 0.635616
 0 0.635628
 0 0.635639
 0 0.635641
 0 0.635727
 0 0.635727
 0 0.635727
 0 0.635728
 0 0.635731
 0 0.635736
 0 0.635736
 0 0.635739
 0 0.635795
 0 0.635813
 0 0.635816
 0 0.635832
 0 0.635838
 0 0.635838
 0 0.635882
 0 0.635882
 0 0.635883
 0 0.635942
 0 0.635962
 0 0.635962
 0 0.635962
 0 0.635969
 0 0.635969
 0 0.635982
 0 0.635991
 0 0.635998
 0 0.636012
 0 0.636012
 0 0.636019
 0 0.636019
 0 0.636035
 0 0.636035
 0 0.636059
 0 0.63606
 0 0.636069
 0 0.636072
 0 0.636104
 0 0.636107
 0 0.636108
 0 0.636108
 0 0.63611
 0 0.636117
 0 0.636117
 0 0.636131
 0 0.636179
 0 0.636179
 0 0.636181
 0 0.636189
 0 0.636189
 0 0.636192
 0 0.636193
 0 0.636193
 0 0.636193
 0 0.636193
 0 0.636217
 0 0.636235
 0 0.636251
 0 0.636259
 0 0.636269
 0 0.636272
 0 0.636276
 0 0.636278
 0 0.636279
 0 0.636285
 0 0.636285
 0 0.636285
 0 0.636286
 0 0.636286
 0 0.63629
 0 0.636294
 0 0.636298
 0 0.636306
 0 0.636307
 0 0.636308
 0 0.636344
 0 0.636344
 0 0.636356
 0 0.636356
 0 0.636356
 0 0.636374
 0 0.636379
 0 0.63638
 0 0.636402
 0 0.636406
 0 0.636416
 0 0.636428
 0 0.636462
 0 0.636463
 0 0.636486
 0 0.636487
 0 0.636511
 0 0.636512
 0 0.636512
 0 0.636514
 0 0.636515
 0 0.636516
 0 0.636524
 0 0.636535
 0 0.636535
 0 0.636538
 0 0.636568
 0 0.636569
 0 0.636586
 0 0.636588
 0 0.636592
 0 0.636592
 0 0.636592
 0 0.636599
 0 0.636601
 0 0.636601
 0 0.636602
 0 0.636604
 0 0.636611
 0 0.636642
 0 0.636643
 0 0.636655
 0 0.636668
 0 0.636681
 0 0.636681
 0 0.636682
 0 0.636698
 0 0.636701
 0 0.636701
 0 0.636724
 0 0.636727
 0 0.636732
 0 0.636733
 0 0.636733
 0 0.636733
 0 0.636747
 0 0.636757
 0 0.636761
 0 0.636798
 0 0.636815
 0 0.636816
 0 0.636817
 0 0.636837
 0 0.636837
 0 0.63684
 0 0.636871
 0 0.636874
 0 0.636895
 0 0.636896
 0 0.636899
 0 0.6369
 0 0.636937
 0 0.636939
 0 0.636939
 0 0.636946
 0 0.636947
 0 0.636947
 0 0.636947
 0 0.636947
 0 0.636952
 0 0.636954
 0 0.636957
 0 0.636976
 0 0.636977
 0 0.636977
 0 0.636977
 0 0.636978
 0 0.636993
 0 0.63701
 0 0.637011
 0 0.637046
 0 0.637048
 0 0.637076
 0 0.637076
 0 0.637094
 0 0.637095
 0 0.637095
 0 0.637095
 0 0.637095
 0 0.637109
 0 0.637109
 0 0.63711
 0 0.637111
 0 0.637124
 0 0.637144
 0 0.637144
 0 0.637147
 0 0.637147
 0 0.63715
 0 0.637152
 0 0.637153
 0 0.637154
 0 0.637154
 0 0.637212
 0 0.637214
 0 0.637214
 0 0.637217
 0 0.637217
 0 0.637218
 0 0.637235
 0 0.637235
 0 0.637237
 0 0.637248
 0 0.637249
 0 0.637275
 0 0.637277
 0 0.637277
 0 0.637277
 0 0.637279
 0 0.637281
 0 0.6373
 0 0.637314
 0 0.637318
 0 0.637321
 0 0.637351
 0 0.637361
 0 0.637368
 0 0.637368
 0 0.637368
 0 0.637411
 0 0.637411
 0 0.637411
 0 0.637425
 0 0.637425
 0 0.637425
 0 0.637427
 0 0.637428
 0 0.637441
 0 0.637474
 0 0.637474
 0 0.637475
 0 0.637476
 0 0.637485
 0 0.637488
 0 0.6375
 0 0.637503
 0 0.637503
 0 0.637504
 0 0.637504
 0 0.637504
 0 0.637511
 0 0.637521
 0 0.637521
 0 0.637522
 0 0.637525
 0 0.637527
 0 0.637537
 0 0.637538
 0 0.637541
 0 0.637568
 0 0.637569
 0 0.637572
 0 0.637572
 0 0.637581
 0 0.637588
 0 0.637591
 0 0.637648
 0 0.637685
 0 0.637685
 0 0.637685
 0 0.637685
 0 0.63769
 0 0.637695
 0 0.637701
 0 0.637702
 0 0.637703
 0 0.637704
 0 0.637708
 0 0.637709
 0 0.63771
 0 0.63771
 0 0.637728
 0 0.63773
 0 0.637743
 0 0.637743
 0 0.637752
 0 0.637785
 0 0.637785
 0 0.637788
 0 0.637788
 0 0.637789
 0 0.637819
 0 0.637849
 0 0.637854
 0 0.637856
 0 0.637881
 0 0.637894
 0 0.637894
 0 0.637894
 0 0.637904
 0 0.637904
 0 0.637906
 0 0.637939
 0 0.637951
 0 0.637967
 0 0.637987
 0 0.637988
 0 0.637989
 0 0.638009
 0 0.638011
 0 0.638015
 0 0.638019
 0 0.63803
 0 0.638031
 0 0.638037
 0 0.638075
 0 0.638075
 0 0.638076
 0 0.638077
 0 0.638077
 0 0.638104
 0 0.638132
 0 0.638168
 0 0.638168
 0 0.638173
 0 0.638173
 0 0.638173
 0 0.638186
 0 0.63819
 0 0.638197
 0 0.638197
 0 0.638197
 0 0.638197
 0 0.638201
 0 0.638201
 0 0.638201
 0 0.638201
 0 0.638202
 0 0.638202
 0 0.638202
 0 0.638206
 0 0.638208
 0 0.638216
 0 0.638217
 0 0.638217
 0 0.638225
 0 0.638225
 0 0.638263
 0 0.63828
 0 0.63828
 0 0.63828
 0 0.638282
 0 0.638284
 0 0.638307
 0 0.638307
 0 0.638308
 0 0.638308
 0 0.638308
 0 0.638309
 0 0.638318
 0 0.63832
 0 0.638322
 0 0.638355
 0 0.638359
 0 0.638359
 0 0.638373
 0 0.638373
 0 0.638387
 0 0.638389
 0 0.638401
 0 0.638401
 0 0.638431
 0 0.638431
 0 0.638449
 0 0.638449
 0 0.638449
 0 0.638449
 0 0.63845
 0 0.638465
 0 0.638465
 0 0.638477
 0 0.638477
 0 0.63848
 0 0.63848
 0 0.638481
 0 0.638481
 0 0.638481
 0 0.638481
 0 0.638511
 0 0.63854
 0 0.638601
 0 0.638606
 0 0.638626
 0 0.638628
 0 0.63863
 0 0.638647
 0 0.638668
 0 0.638669
 0 0.63867
 0 0.63867
 0 0.63869
 0 0.638692
 0 0.638699
 0 0.638701
 0 0.638701
 0 0.63871
 0 0.63871
 0 0.638731
 0 0.638733
 0 0.638734
 0 0.638735
 0 0.638735
 0 0.638761
 0 0.63877
 0 0.63877
 0 0.638783
 0 0.638783
 0 0.638783
 0 0.638831
 0 0.638831
 0 0.638831
 0 0.638831
 0 0.638832
 0 0.638833
 0 0.638871
 0 0.638917
 0 0.638925
 0 0.638932
 0 0.638934
 0 0.638935
 0 0.638944
 0 0.638946
 0 0.638948
 0 0.638978
 0 0.638979
 0 0.638979
 0 0.638979
 0 0.638979
 0 0.638982
 0 0.639002
 0 0.639006
 0 0.639006
 0 0.639007
 0 0.639054
 0 0.639062
 0 0.639062
 0 0.639064
 0 0.639072
 0 0.639073
 0 0.639087
 0 0.639087
 0 0.639088
 0 0.639092
 0 0.639102
 0 0.639117
 0 0.639121
 0 0.639122
 0 0.639132
 0 0.639133
 0 0.639134
 0 0.639136
 0 0.639163
 0 0.639163
 0 0.639174
 0 0.639175
 0 0.639175
 0 0.639175
 0 0.639176
 0 0.639235
 0 0.639235
 0 0.639245
 0 0.639245
 0 0.639245
 0 0.639317
 0 0.639317
 0 0.639327
 0 0.639416
 0 0.639421
 0 0.639428
 0 0.639429
 0 0.639439
 0 0.63944
 0 0.639445
 0 0.639474
 0 0.639479
 0 0.639488
 0 0.639508
 0 0.639511
 0 0.639537
 0 0.639583
 0 0.639583
 0 0.639614
 0 0.639616
 0 0.639616
 0 0.639617
 0 0.639625
 0 0.639625
 0 0.639625
 0 0.639628
 0 0.639631
 0 0.639652
 0 0.639652
 0 0.639655
 0 0.639655
 0 0.639656
 0 0.63968
 0 0.639736
 0 0.639737
 0 0.639737
 0 0.639739
 0 0.639739
 0 0.639739
 0 0.63974
 0 0.639768
 0 0.639781
 0 0.639782
 0 0.639803
 0 0.639804
 0 0.639804
 0 0.639805
 0 0.639808
 0 0.639831
 0 0.639831
 0 0.639845
 0 0.639845
 0 0.639849
 0 0.639897
 0 0.639914
 0 0.639914
 0 0.639914
 0 0.639914
 0 0.639915
 0 0.639922
 0 0.639933
 0 0.639948
 0 0.639957
 0 0.639957
 0 0.639983
 0 0.639983
 0 0.639995
 0 0.639995
 0 0.639996
 0 0.640019
 0 0.640026
 0 0.64003
 0 0.640043
 0 0.640059
 0 0.640059
 0 0.640097
 0 0.640098
 0 0.640098
 0 0.640108
 0 0.640108
 0 0.640108
 0 0.640109
 0 0.640109
 0 0.640133
 0 0.640142
 0 0.640142
 0 0.640143
 0 0.640146
 0 0.640154
 0 0.640154
 0 0.640157
 0 0.640216
 0 0.640223
 0 0.640223
 0 0.640244
 0 0.640244
 0 0.640244
 0 0.640245
 0 0.64026
 0 0.64026
 0 0.640282
 0 0.640283
 0 0.640283
 0 0.640283
 0 0.640284
 0 0.640293
 0 0.640309
 0 0.640388
 0 0.640389
 0 0.640392
 0 0.640407
 0 0.640433
 0 0.640452
 0 0.640461
 0 0.640461
 0 0.640489
 0 0.640492
 0 0.640492
 0 0.640517
 0 0.640562
 0 0.640562
 0 0.640562
 0 0.640563
 0 0.64061
 0 0.640612
 0 0.640614
 0 0.640645
 0 0.640665
 0 0.640713
 0 0.640713
 0 0.640714
 0 0.64073
 0 0.640731
 0 0.640731
 0 0.640752
 0 0.640752
 0 0.640754
 0 0.640777
 0 0.640779
 0 0.640816
 0 0.640816
 0 0.640827
 0 0.640828
 0 0.640831
 0 0.640833
 0 0.640833
 0 0.640833
 0 0.640864
 0 0.640935
 0 0.640945
 0 0.640966
 0 0.640966
 0 0.640988
 0 0.640989
 0 0.640989
 0 0.64099
 0 0.641008
 0 0.641008
 0 0.641008
 0 0.64101
 0 0.64101
 0 0.641013
 0 0.641013
 0 0.641119
 0 0.641135
 0 0.641143
 0 0.641144
 0 0.641163
 0 0.641178
 0 0.641179
 0 0.641239
 0 0.641241
 0 0.641244
 0 0.641246
 0 0.641246
 0 0.641246
 0 0.641246
 0 0.641247
 0 0.641308
 0 0.641309
 0 0.641309
 0 0.64134
 0 0.641349
 0 0.64139
 0 0.641391
 0 0.641406
 0 0.641424
 0 0.641433
 0 0.641481
 0 0.641481
 0 0.641481
 0 0.641485
 0 0.641494
 0 0.641502
 0 0.641537
 0 0.641537
 0 0.641537
 0 0.64154
 0 0.641583
 0 0.641586
 0 0.641626
 0 0.641627
 0 0.641633
 0 0.641633
 0 0.641664
 0 0.641705
 0 0.641705
 0 0.641716
 0 0.641733
 0 0.641733
 0 0.641751
 0 0.641751
 0 0.641751
 0 0.641751
 0 0.641758
 0 0.641758
 0 0.641759
 0 0.64176
 0 0.641768
 0 0.641769
 0 0.641769
 0 0.641769
 0 0.641769
 0 0.641771
 0 0.641806
 0 0.641825
 0 0.641866
 0 0.641899
 0 0.642016
 0 0.642016
 0 0.642016
 0 0.642045
 0 0.642094
 0 0.642094
 0 0.642154
 0 0.642159
 0 0.642166
 0 0.642184
 0 0.642184
 0 0.642186
 0 0.642187
 0 0.642188
 0 0.642209
 0 0.642241
 0 0.642243
 0 0.642261
 0 0.642262
 0 0.642263
 0 0.642266
 0 0.642266
 0 0.642267
 0 0.642267
 0 0.642327
 0 0.642327
 0 0.642327
 0 0.642329
 0 0.642329
 0 0.642376
 0 0.642376
 0 0.642376
 0 0.642402
 0 0.642402
 0 0.642412
 0 0.642428
 0 0.642447
 0 0.64252
 0 0.642537
 0 0.642541
 0 0.642558
 0 0.642611
 0 0.642611
 0 0.64265
 0 0.642653
 0 0.642654
 0 0.642698
 0 0.642699
 0 0.642735
 0 0.642736
 0 0.642736
 0 0.642753
 0 0.642753
 0 0.642755
 0 0.64287
 0 0.642872
 0 0.642878
 0 0.642878
 0 0.642894
 0 0.642894
 0 0.642914
 0 0.642914
 0 0.642943
 0 0.642959
 0 0.642967
 0 0.642997
 0 0.642998
 0 0.642998
 0 0.643001
 0 0.643009
 0 0.643063
 0 0.643095
 0 0.643111
 0 0.643113
 0 0.643131
 0 0.643162
 0 0.643173
 0 0.643177
 0 0.643179
 0 0.643227
 0 0.643227
 0 0.643237
 0 0.643256
 0 0.643256
 0 0.64338
 0 0.643381
 0 0.643382
 0 0.643405
 0 0.643406
 0 0.643406
 0 0.643467
 0 0.643468
 0 0.643476
 0 0.643476
 0 0.643477
 0 0.643513
 0 0.643514
 0 0.643515
 0 0.643551
 0 0.643653
 0 0.643658
 0 0.643658
 0 0.643673
 0 0.643745
 0 0.643746
 0 0.643746
 0 0.643747
 0 0.643776
 0 0.643776
 0 0.643778
 0 0.64385
 0 0.643851
 0 0.643851
 0 0.643854
 0 0.643955
 0 0.643989
 0 0.64399
 0 0.644088
 0 0.644088
 0 0.644088
 0 0.64409
 0 0.644127
 0 0.644127
 0 0.644143
 0 0.644143
 0 0.644144
 0 0.644344
 0 0.644344
 0 0.644503
 0 0.644507
 0 0.644555
 0 0.644555
 0 0.644577
 0 0.644713
 0 0.644721
 0 0.644762
 0 0.644828
 0 0.644828
 0 0.644829
 0 0.644829
 0 0.644848
 0 0.644848
 0 0.644849
 0 0.64485
 0 0.644983
 0 0.644983
 0 0.645263
 0 0.645269
 0 0.645434
 0 0.645505
 0 0.645524
 0 0.645524
 0 0.645866
 0 0.646124
 0 0.646124
 0 0.646125
 0 0.646125
 0 0.646368
 0 0.646433
 0 0.646434
 0 0.646454
 0 0.646454
 0 0.646661
 0 0.646661
 0 0.646661
 0 0.646661
 0 0.646965
 0 0.646984
 0 0.646987
 0 0.646987
 0 0.646988
 0 0.647378
 0 0.647379
 0 0.647457
 0 0.647486
 0 0.647488
 0 0.647488
 0 0.647604
 0 0.647604
 0 0.647649
 0 0.647651
 0 0.647651
 0 0.647669
 0 0.647673
 0 0.647686
 0 0.647687
 0 0.647799
 0 0.647801
 0 0.647862
 0 0.647862
 0 0.648242
 0 0.64843
 0 0.64847
 0 0.648474
 0 0.648476
 0 0.648476
 0 0.648476
 0 0.648476
 0 0.648556
 0 0.648558
 0 0.648571
 0 0.648573
 0 0.648573
 0 0.648631
 0 0.648632
 0 0.648687
 0 0.648726
 0 0.648928
 0 0.649449
 0 0.649449
 0 0.649452
 0 0.64963
 0 0.649631
 0 0.649735
 0 0.649737
 0 0.649758
 0 0.649942
 0 0.652849
 0 0.653171
 0 0.653171
 0 0.653171
 0 0.654243
 0 0.654246
 0 0.654577
 0 0.654577
 0 0.654577
 0 0.654807
 0 0.655106
 0 0.655106
 0 2.77748
 0 2.77809
 0 2.7781
 0 2.77818
 0 2.77818
 0 2.77889
 0 inf
