 9.95793 10.5283
 9.29482 9.51587
 7.80211 8.22287
 7.59302 7.7125
 6.71647 6.75438
 6.47761 6.67228
 6.40092 6.41981
 6.19729 6.92002
 6.16012 7.04057
 6.03304 6.25579
 6.00006 8.28283
 5.8492 6.23709
 5.72205 5.92605
 5.43574 6.94285
 5.33127 6.45332
 5.10658 5.23478
 5.05739 8.11007
 5.02694 5.02869
 4.97752 4.98507
 4.96911 4.9765
 4.9643 4.96564
 4.96426 4.97123
 4.96014 4.98347
 4.95197 4.95977
 4.93943 4.94859
 4.93346 4.95873
 4.92256 4.93737
 4.90765 4.93701
 4.89001 4.91151
 4.8865 4.91643
 4.87501 4.88537
 4.87019 4.89191
 4.86859 4.8839
 4.86619 4.89621
 4.86338 4.86917
 4.82827 4.83152
 4.82822 4.83355
 4.81414 4.82526
 4.81174 4.81823
 4.80123 4.81199
 4.79533 4.80898
 4.77336 4.78992
 4.75991 4.7608
 4.7414 4.76405
 4.73392 4.73885
 4.72398 4.73869
 4.72336 4.85016
 4.71485 4.81788
 4.70803 4.70882
 4.69816 4.70776
 4.69568 4.69868
 4.67857 5.03342
 4.6561 4.65637
 4.65251 4.6559
 4.65133 4.65293
 4.64833 4.88149
 4.64368 4.6656
 4.62804 4.64256
 4.62725 5.08189
 4.62521 4.62913
 4.62145 4.65006
 4.61747 8.32924
 4.61233 4.64583
 4.60451 5.09113
 4.58553 4.58639
 4.57567 4.58176
 4.57202 5.15033
 4.56704 7.16581
 4.56135 4.57341
 4.55402 4.99787
 4.55046 8.12391
 4.54111 8.60622
 4.53737 4.72027
 4.34237 9.37787
 3.71099 9.88103
