 0 0.626005
 0 0.626006
 0 0.626856
 0 0.626856
 0 0.626858
 0 0.627119
 0 0.627226
 0 0.627374
 0 0.627375
 0 0.627375
 0 0.627737
 0 0.62774
 0 0.627862
 0 0.627863
 0 0.627944
 0 0.628105
 0 0.628138
 0 0.628138
 0 0.628138
 0 0.628228
 0 0.628334
 0 0.628334
 0 0.628336
 0 0.628337
 0 0.628353
 0 0.628353
 0 0.628615
 0 0.628628
 0 0.628629
 0 0.628631
 0 0.628631
 0 0.628632
 0 0.628689
 0 0.628721
 0 0.628721
 0 0.62876
 0 0.62876
 0 0.628783
 0 0.628783
 0 0.628787
 0 0.628824
 0 0.628889
 0 0.628939
 0 0.628939
 0 0.62894
 0 0.628956
 0 0.629441
 0 0.629445
 0 0.629466
 0 0.629466
 0 0.629466
 0 0.629501
 0 0.629503
 0 0.62951
 0 0.629714
 0 0.629878
 0 0.629886
 0 0.629886
 0 0.629887
 0 0.629887
 0 0.629888
 0 0.629916
 0 0.62994
 0 0.629957
 0 0.629964
 0 0.629989
 0 0.63
 0 0.630083
 0 0.630084
 0 0.630088
 0 0.630099
 0 0.630105
 0 0.630106
 0 0.63012
 0 0.63012
 0 0.630147
 0 0.630177
 0 0.630177
 0 0.630178
 0 0.630183
 0 0.630193
 0 0.630197
 0 0.630205
 0 0.630205
 0 0.630209
 0 0.630215
 0 0.63024
 0 0.630242
 0 0.630243
 0 0.630306
 0 0.630308
 0 0.630312
 0 0.630341
 0 0.630341
 0 0.630356
 0 0.630387
 0 0.630428
 0 0.630429
 0 0.630429
 0 0.630431
 0 0.630454
 0 0.630454
 0 0.630458
 0 0.630477
 0 0.630484
 0 0.630485
 0 0.630494
 0 0.630494
 0 0.630528
 0 0.630535
 0 0.63055
 0 0.630551
 0 0.630562
 0 0.630563
 0 0.630621
 0 0.630657
 0 0.630708
 0 0.630711
 0 0.630761
 0 0.630809
 0 0.630815
 0 0.630815
 0 0.630825
 0 0.630861
 0 0.630872
 0 0.630872
 0 0.630935
 0 0.630956
 0 0.630956
 0 0.630956
 0 0.630961
 0 0.630969
 0 0.630969
 0 0.63098
 0 0.63098
 0 0.630993
 0 0.631011
 0 0.631014
 0 0.631016
 0 0.631046
 0 0.63105
 0 0.631064
 0 0.631064
 0 0.631066
 0 0.631066
 0 0.631066
 0 0.631074
 0 0.631075
 0 0.631088
 0 0.631146
 0 0.631151
 0 0.631152
 0 0.631152
 0 0.631177
 0 0.63118
 0 0.631184
 0 0.631194
 0 0.631197
 0 0.631201
 0 0.631203
 0 0.631206
 0 0.631207
 0 0.631207
 0 0.631217
 0 0.631217
 0 0.631218
 0 0.631228
 0 0.631241
 0 0.631243
 0 0.631244
 0 0.631251
 0 0.631258
 0 0.631263
 0 0.631278
 0 0.631279
 0 0.631288
 0 0.631294
 0 0.631294
 0 0.631298
 0 0.631329
 0 0.631329
 0 0.63133
 0 0.63133
 0 0.631338
 0 0.631338
 0 0.63134
 0 0.63134
 0 0.63134
 0 0.631362
 0 0.631365
 0 0.631368
 0 0.631386
 0 0.63139
 0 0.631395
 0 0.631401
 0 0.631401
 0 0.631424
 0 0.631424
 0 0.631427
 0 0.631438
 0 0.63145
 0 0.631453
 0 0.631457
 0 0.631457
 0 0.631458
 0 0.631458
 0 0.631458
 0 0.631459
 0 0.631465
 0 0.631465
 0 0.631465
 0 0.631502
 0 0.631502
 0 0.631502
 0 0.631505
 0 0.631515
 0 0.631519
 0 0.631544
 0 0.631572
 0 0.631587
 0 0.631602
 0 0.631602
 0 0.631658
 0 0.631669
 0 0.63167
 0 0.631701
 0 0.631701
 0 0.631729
 0 0.631739
 0 0.631762
 0 0.631766
 0 0.631767
 0 0.631782
 0 0.631783
 0 0.631788
 0 0.631788
 0 0.631794
 0 0.631794
 0 0.631801
 0 0.631801
 0 0.631801
 0 0.631801
 0 0.631805
 0 0.631805
 0 0.631805
 0 0.631805
 0 0.63181
 0 0.63181
 0 0.631817
 0 0.631817
 0 0.631831
 0 0.631831
 0 0.631831
 0 0.631831
 0 0.631832
 0 0.631837
 0 0.631844
 0 0.631844
 0 0.631856
 0 0.631866
 0 0.631867
 0 0.631867
 0 0.631868
 0 0.631876
 0 0.631883
 0 0.631907
 0 0.631908
 0 0.631908
 0 0.631912
 0 0.631914
 0 0.631914
 0 0.631915
 0 0.631916
 0 0.631927
 0 0.631927
 0 0.631931
 0 0.631933
 0 0.631934
 0 0.631935
 0 0.631935
 0 0.631935
 0 0.631936
 0 0.63194
 0 0.631953
 0 0.631955
 0 0.631955
 0 0.631957
 0 0.631957
 0 0.631958
 0 0.631961
 0 0.631961
 0 0.631962
 0 0.631962
 0 0.631964
 0 0.631968
 0 0.631972
 0 0.631972
 0 0.631984
 0 0.631985
 0 0.631985
 0 0.631985
 0 0.631987
 0 0.63199
 0 0.631993
 0 0.632009
 0 0.632012
 0 0.632028
 0 0.632032
 0 0.632034
 0 0.632053
 0 0.632054
 0 0.632057
 0 0.632089
 0 0.63209
 0 0.63209
 0 0.632091
 0 0.632093
 0 0.632096
 0 0.632105
 0 0.632109
 0 0.63211
 0 0.632114
 0 0.632115
 0 0.632115
 0 0.632121
 0 0.632159
 0 0.632159
 0 0.632163
 0 0.632163
 0 0.632178
 0 0.632204
 0 0.632218
 0 0.632218
 0 0.632218
 0 0.632218
 0 0.632219
 0 0.632245
 0 0.632245
 0 0.632283
 0 0.632289
 0 0.632297
 0 0.632318
 0 0.632319
 0 0.632319
 0 0.632319
 0 0.632319
 0 0.632334
 0 0.632335
 0 0.632337
 0 0.632339
 0 0.63234
 0 0.632341
 0 0.632343
 0 0.632343
 0 0.632345
 0 0.632349
 0 0.632354
 0 0.632374
 0 0.632377
 0 0.632388
 0 0.632391
 0 0.632392
 0 0.632396
 0 0.632412
 0 0.632412
 0 0.632414
 0 0.632416
 0 0.632418
 0 0.632418
 0 0.632419
 0 0.632419
 0 0.632437
 0 0.632437
 0 0.632438
 0 0.632439
 0 0.632448
 0 0.632458
 0 0.632461
 0 0.632471
 0 0.632475
 0 0.632475
 0 0.632476
 0 0.632476
 0 0.632494
 0 0.632497
 0 0.632499
 0 0.6325
 0 0.632506
 0 0.632506
 0 0.632521
 0 0.632522
 0 0.632522
 0 0.632524
 0 0.632526
 0 0.632529
 0 0.632529
 0 0.632529
 0 0.632532
 0 0.632556
 0 0.63256
 0 0.632561
 0 0.632565
 0 0.632585
 0 0.632597
 0 0.632601
 0 0.632602
 0 0.632602
 0 0.632603
 0 0.632618
 0 0.632618
 0 0.632636
 0 0.632648
 0 0.632648
 0 0.632649
 0 0.632659
 0 0.632659
 0 0.632672
 0 0.632683
 0 0.632688
 0 0.632689
 0 0.632689
 0 0.632689
 0 0.632692
 0 0.632692
 0 0.6327
 0 0.632706
 0 0.632706
 0 0.632711
 0 0.632717
 0 0.632724
 0 0.632727
 0 0.632727
 0 0.632729
 0 0.632742
 0 0.632745
 0 0.632748
 0 0.632748
 0 0.632749
 0 0.632774
 0 0.632777
 0 0.632778
 0 0.63278
 0 0.632781
 0 0.632785
 0 0.632789
 0 0.632793
 0 0.632794
 0 0.632794
 0 0.632795
 0 0.632795
 0 0.632795
 0 0.632797
 0 0.632805
 0 0.632805
 0 0.632805
 0 0.632807
 0 0.632815
 0 0.632816
 0 0.632816
 0 0.632818
 0 0.632818
 0 0.632818
 0 0.632819
 0 0.632822
 0 0.632838
 0 0.632838
 0 0.632845
 0 0.632845
 0 0.632845
 0 0.632845
 0 0.632851
 0 0.632853
 0 0.632855
 0 0.632856
 0 0.632859
 0 0.632861
 0 0.632861
 0 0.632862
 0 0.632862
 0 0.632862
 0 0.632863
 0 0.632863
 0 0.632864
 0 0.632864
 0 0.632865
 0 0.632866
 0 0.632866
 0 0.632876
 0 0.632889
 0 0.632891
 0 0.632891
 0 0.632903
 0 0.632904
 0 0.632904
 0 0.632904
 0 0.632905
 0 0.632906
 0 0.632908
 0 0.632909
 0 0.63291
 0 0.632912
 0 0.632916
 0 0.632917
 0 0.632917
 0 0.632921
 0 0.632929
 0 0.632929
 0 0.632944
 0 0.632945
 0 0.63295
 0 0.632951
 0 0.632951
 0 0.632952
 0 0.632955
 0 0.632955
 0 0.632958
 0 0.63297
 0 0.632975
 0 0.63298
 0 0.632982
 0 0.632984
 0 0.632987
 0 0.632989
 0 0.632989
 0 0.63299
 0 0.63299
 0 0.632991
 0 0.633009
 0 0.633012
 0 0.633018
 0 0.633018
 0 0.633019
 0 0.63302
 0 0.633023
 0 0.633032
 0 0.633032
 0 0.633033
 0 0.633033
 0 0.633033
 0 0.633033
 0 0.633041
 0 0.633043
 0 0.633043
 0 0.633072
 0 0.633072
 0 0.633073
 0 0.633074
 0 0.633081
 0 0.633097
 0 0.633098
 0 0.6331
 0 0.633111
 0 0.633116
 0 0.633117
 0 0.633118
 0 0.63312
 0 0.63312
 0 0.63312
 0 0.633121
 0 0.633121
 0 0.633123
 0 0.633126
 0 0.633127
 0 0.633131
 0 0.633132
 0 0.633134
 0 0.633146
 0 0.633146
 0 0.633146
 0 0.633153
 0 0.633161
 0 0.633161
 0 0.633161
 0 0.633162
 0 0.633162
 0 0.63318
 0 0.633205
 0 0.633208
 0 0.633213
 0 0.633213
 0 0.633224
 0 0.633226
 0 0.633227
 0 0.633237
 0 0.633241
 0 0.633243
 0 0.63327
 0 0.633278
 0 0.633278
 0 0.633283
 0 0.633289
 0 0.633289
 0 0.633329
 0 0.633347
 0 0.633353
 0 0.633356
 0 0.633373
 0 0.633375
 0 0.633379
 0 0.633379
 0 0.633379
 0 0.633379
 0 0.633386
 0 0.633397
 0 0.633398
 0 0.6334
 0 0.633404
 0 0.633406
 0 0.633407
 0 0.633409
 0 0.633411
 0 0.633413
 0 0.633414
 0 0.63342
 0 0.63342
 0 0.63342
 0 0.633426
 0 0.633427
 0 0.633429
 0 0.63343
 0 0.63343
 0 0.633434
 0 0.633438
 0 0.63344
 0 0.63344
 0 0.633441
 0 0.633442
 0 0.633445
 0 0.633463
 0 0.633468
 0 0.633473
 0 0.633475
 0 0.633481
 0 0.633487
 0 0.633487
 0 0.633487
 0 0.633489
 0 0.633505
 0 0.633506
 0 0.633515
 0 0.633516
 0 0.633521
 0 0.633521
 0 0.633521
 0 0.633524
 0 0.633524
 0 0.633525
 0 0.633527
 0 0.633532
 0 0.633538
 0 0.633542
 0 0.633542
 0 0.633544
 0 0.633551
 0 0.633557
 0 0.633557
 0 0.633558
 0 0.633558
 0 0.633565
 0 0.633565
 0 0.633567
 0 0.633568
 0 0.63358
 0 0.63358
 0 0.63358
 0 0.633589
 0 0.633593
 0 0.633593
 0 0.633594
 0 0.633594
 0 0.633598
 0 0.633599
 0 0.6336
 0 0.633623
 0 0.633625
 0 0.633634
 0 0.633634
 0 0.633634
 0 0.633638
 0 0.633642
 0 0.633645
 0 0.633645
 0 0.633645
 0 0.633651
 0 0.63366
 0 0.633663
 0 0.63367
 0 0.633674
 0 0.633679
 0 0.633685
 0 0.633685
 0 0.633686
 0 0.633686
 0 0.633687
 0 0.633688
 0 0.633692
 0 0.6337
 0 0.633722
 0 0.633723
 0 0.633724
 0 0.633724
 0 0.633724
 0 0.633724
 0 0.633724
 0 0.633733
 0 0.633734
 0 0.633739
 0 0.633741
 0 0.633756
 0 0.633757
 0 0.633757
 0 0.633757
 0 0.633757
 0 0.633758
 0 0.633758
 0 0.633759
 0 0.633759
 0 0.633759
 0 0.633761
 0 0.633761
 0 0.633763
 0 0.633763
 0 0.633763
 0 0.633766
 0 0.633766
 0 0.633767
 0 0.633768
 0 0.633769
 0 0.63377
 0 0.63377
 0 0.633778
 0 0.633785
 0 0.633795
 0 0.633808
 0 0.633808
 0 0.633817
 0 0.633819
 0 0.633819
 0 0.633852
 0 0.633853
 0 0.633855
 0 0.633858
 0 0.633859
 0 0.633859
 0 0.633864
 0 0.633865
 0 0.633865
 0 0.633871
 0 0.633875
 0 0.63388
 0 0.633889
 0 0.633903
 0 0.633906
 0 0.633906
 0 0.63391
 0 0.633911
 0 0.633911
 0 0.633911
 0 0.633922
 0 0.633924
 0 0.633928
 0 0.633929
 0 0.633929
 0 0.633929
 0 0.633938
 0 0.63394
 0 0.63394
 0 0.633962
 0 0.633969
 0 0.633969
 0 0.633969
 0 0.633969
 0 0.633971
 0 0.633971
 0 0.633973
 0 0.633973
 0 0.633978
 0 0.633987
 0 0.633987
 0 0.633987
 0 0.633987
 0 0.633988
 0 0.633989
 0 0.633991
 0 0.634025
 0 0.634027
 0 0.634028
 0 0.634031
 0 0.634031
 0 0.634052
 0 0.63406
 0 0.634063
 0 0.634063
 0 0.634065
 0 0.634065
 0 0.634071
 0 0.634079
 0 0.634081
 0 0.634081
 0 0.634087
 0 0.63409
 0 0.634102
 0 0.634102
 0 0.634104
 0 0.634111
 0 0.634113
 0 0.634113
 0 0.634118
 0 0.63412
 0 0.634128
 0 0.634128
 0 0.634129
 0 0.634129
 0 0.634131
 0 0.634131
 0 0.634135
 0 0.634136
 0 0.634138
 0 0.634138
 0 0.634144
 0 0.634168
 0 0.634171
 0 0.634183
 0 0.634183
 0 0.63419
 0 0.634204
 0 0.634204
 0 0.634218
 0 0.63422
 0 0.634221
 0 0.634225
 0 0.634227
 0 0.634227
 0 0.634229
 0 0.634235
 0 0.634235
 0 0.634255
 0 0.634255
 0 0.634256
 0 0.634256
 0 0.634256
 0 0.634269
 0 0.63428
 0 0.63428
 0 0.634303
 0 0.634308
 0 0.634309
 0 0.634321
 0 0.634321
 0 0.634321
 0 0.634328
 0 0.634334
 0 0.634336
 0 0.634336
 0 0.634337
 0 0.634344
 0 0.634346
 0 0.634347
 0 0.63435
 0 0.63435
 0 0.63435
 0 0.634354
 0 0.634354
 0 0.634358
 0 0.63437
 0 0.63437
 0 0.63437
 0 0.634371
 0 0.634371
 0 0.634374
 0 0.634374
 0 0.634375
 0 0.634378
 0 0.634381
 0 0.634381
 0 0.634382
 0 0.634382
 0 0.634389
 0 0.634389
 0 0.634389
 0 0.634389
 0 0.634398
 0 0.634398
 0 0.6344
 0 0.63441
 0 0.63441
 0 0.634415
 0 0.634418
 0 0.634422
 0 0.634424
 0 0.634424
 0 0.634427
 0 0.634427
 0 0.634428
 0 0.634429
 0 0.634432
 0 0.634433
 0 0.634433
 0 0.63444
 0 0.634442
 0 0.634444
 0 0.634444
 0 0.634447
 0 0.634448
 0 0.634448
 0 0.634449
 0 0.634449
 0 0.634454
 0 0.634454
 0 0.634461
 0 0.634465
 0 0.634465
 0 0.63448
 0 0.634486
 0 0.634495
 0 0.634497
 0 0.634537
 0 0.634546
 0 0.63455
 0 0.63455
 0 0.634569
 0 0.63457
 0 0.634571
 0 0.634571
 0 0.634572
 0 0.63458
 0 0.634585
 0 0.634591
 0 0.634595
 0 0.634605
 0 0.634606
 0 0.634608
 0 0.634613
 0 0.634614
 0 0.634614
 0 0.634614
 0 0.634616
 0 0.634631
 0 0.634632
 0 0.634633
 0 0.634633
 0 0.634647
 0 0.634647
 0 0.634652
 0 0.634655
 0 0.634666
 0 0.634714
 0 0.634716
 0 0.634729
 0 0.634754
 0 0.634764
 0 0.634765
 0 0.634765
 0 0.634765
 0 0.63477
 0 0.634771
 0 0.634786
 0 0.634814
 0 0.634815
 0 0.634815
 0 0.634818
 0 0.634818
 0 0.634823
 0 0.634824
 0 0.634825
 0 0.634842
 0 0.634848
 0 0.634848
 0 0.634886
 0 0.634892
 0 0.634893
 0 0.634893
 0 0.634894
 0 0.634894
 0 0.634905
 0 0.634905
 0 0.634905
 0 0.634911
 0 0.634911
 0 0.634913
 0 0.634916
 0 0.634919
 0 0.634929
 0 0.634971
 0 0.634972
 0 0.634988
 0 0.634992
 0 0.634992
 0 0.634993
 0 0.635011
 0 0.635011
 0 0.635015
 0 0.635015
 0 0.635015
 0 0.635018
 0 0.635029
 0 0.635036
 0 0.635038
 0 0.635039
 0 0.635046
 0 0.635047
 0 0.635047
 0 0.635048
 0 0.635052
 0 0.635054
 0 0.635075
 0 0.635079
 0 0.635081
 0 0.635086
 0 0.635086
 0 0.635087
 0 0.635087
 0 0.635088
 0 0.635088
 0 0.635093
 0 0.635096
 0 0.635102
 0 0.635102
 0 0.635102
 0 0.635107
 0 0.635113
 0 0.635113
 0 0.635115
 0 0.635116
 0 0.635121
 0 0.635122
 0 0.635146
 0 0.635147
 0 0.635164
 0 0.63517
 0 0.63517
 0 0.63517
 0 0.635171
 0 0.635174
 0 0.635175
 0 0.635175
 0 0.635179
 0 0.635179
 0 0.635179
 0 0.635179
 0 0.635183
 0 0.635183
 0 0.635186
 0 0.635187
 0 0.635189
 0 0.635189
 0 0.635211
 0 0.635212
 0 0.635237
 0 0.635241
 0 0.635241
 0 0.635241
 0 0.635262
 0 0.635279
 0 0.635279
 0 0.635279
 0 0.635283
 0 0.635283
 0 0.635286
 0 0.635288
 0 0.635288
 0 0.635295
 0 0.635297
 0 0.635314
 0 0.635314
 0 0.635318
 0 0.635324
 0 0.635331
 0 0.635367
 0 0.635367
 0 0.635368
 0 0.635369
 0 0.635373
 0 0.635373
 0 0.635374
 0 0.63538
 0 0.635386
 0 0.635387
 0 0.635387
 0 0.635387
 0 0.635417
 0 0.635419
 0 0.635419
 0 0.63542
 0 0.635424
 0 0.635424
 0 0.635434
 0 0.635454
 0 0.635459
 0 0.635463
 0 0.635464
 0 0.635465
 0 0.635485
 0 0.635521
 0 0.635522
 0 0.63553
 0 0.635531
 0 0.635531
 0 0.635536
 0 0.635537
 0 0.63556
 0 0.635563
 0 0.635563
 0 0.635563
 0 0.635563
 0 0.635563
 0 0.635572
 0 0.635574
 0 0.635574
 0 0.635576
 0 0.635583
 0 0.635583
 0 0.635592
 0 0.635626
 0 0.635627
 0 0.635627
 0 0.63563
 0 0.635639
 0 0.635657
 0 0.635659
 0 0.635663
 0 0.635686
 0 0.635686
 0 0.635687
 0 0.635694
 0 0.635694
 0 0.635694
 0 0.635706
 0 0.635707
 0 0.635708
 0 0.635711
 0 0.635743
 0 0.635744
 0 0.635745
 0 0.635759
 0 0.635759
 0 0.635759
 0 0.63576
 0 0.63576
 0 0.635761
 0 0.635761
 0 0.635763
 0 0.635763
 0 0.635777
 0 0.635781
 0 0.635796
 0 0.635797
 0 0.635799
 0 0.63581
 0 0.635817
 0 0.635862
 0 0.635862
 0 0.635877
 0 0.635877
 0 0.635877
 0 0.635891
 0 0.635894
 0 0.635894
 0 0.635908
 0 0.635923
 0 0.635923
 0 0.635925
 0 0.635961
 0 0.635966
 0 0.635967
 0 0.635967
 0 0.635971
 0 0.635971
 0 0.635973
 0 0.635982
 0 0.635982
 0 0.635986
 0 0.635986
 0 0.635986
 0 0.635992
 0 0.635993
 0 0.636014
 0 0.636016
 0 0.636016
 0 0.636016
 0 0.636016
 0 0.63603
 0 0.636065
 0 0.636065
 0 0.636071
 0 0.636071
 0 0.636092
 0 0.636092
 0 0.636093
 0 0.636108
 0 0.636108
 0 0.636114
 0 0.636115
 0 0.636115
 0 0.636115
 0 0.636115
 0 0.636115
 0 0.636152
 0 0.636155
 0 0.636156
 0 0.636184
 0 0.636184
 0 0.636184
 0 0.636184
 0 0.636184
 0 0.636204
 0 0.636204
 0 0.636204
 0 0.636209
 0 0.63621
 0 0.636244
 0 0.636244
 0 0.636257
 0 0.636258
 0 0.636269
 0 0.636289
 0 0.636289
 0 0.636296
 0 0.636296
 0 0.636296
 0 0.636305
 0 0.636308
 0 0.636335
 0 0.636339
 0 0.636339
 0 0.636348
 0 0.636384
 0 0.636386
 0 0.636387
 0 0.636392
 0 0.636392
 0 0.636392
 0 0.636402
 0 0.636405
 0 0.636419
 0 0.636428
 0 0.636428
 0 0.636462
 0 0.636471
 0 0.636473
 0 0.636474
 0 0.636493
 0 0.636496
 0 0.636497
 0 0.636497
 0 0.636498
 0 0.636507
 0 0.636514
 0 0.636522
 0 0.636526
 0 0.636553
 0 0.636553
 0 0.636553
 0 0.636555
 0 0.636598
 0 0.636601
 0 0.636601
 0 0.636601
 0 0.636602
 0 0.636602
 0 0.63661
 0 0.636611
 0 0.636611
 0 0.636613
 0 0.636631
 0 0.636632
 0 0.636687
 0 0.636687
 0 0.636687
 0 0.636687
 0 0.636687
 0 0.636696
 0 0.636699
 0 0.6367
 0 0.636705
 0 0.636705
 0 0.636708
 0 0.636708
 0 0.636714
 0 0.636715
 0 0.636715
 0 0.636724
 0 0.636725
 0 0.636725
 0 0.636726
 0 0.636726
 0 0.636726
 0 0.636726
 0 0.636734
 0 0.636736
 0 0.636737
 0 0.636737
 0 0.636737
 0 0.636739
 0 0.636744
 0 0.636744
 0 0.636777
 0 0.636777
 0 0.636777
 0 0.636778
 0 0.636819
 0 0.636822
 0 0.636822
 0 0.63683
 0 0.636864
 0 0.636899
 0 0.636899
 0 0.63693
 0 0.63693
 0 0.63693
 0 0.636937
 0 0.636939
 0 0.636939
 0 0.636987
 0 0.636989
 0 0.636989
 0 0.637012
 0 0.637012
 0 0.637012
 0 0.637012
 0 0.637014
 0 0.637045
 0 0.637051
 0 0.637051
 0 0.637054
 0 0.637054
 0 0.63706
 0 0.637064
 0 0.637079
 0 0.637079
 0 0.637093
 0 0.637135
 0 0.637135
 0 0.637135
 0 0.637135
 0 0.637136
 0 0.637136
 0 0.637145
 0 0.637146
 0 0.637152
 0 0.637158
 0 0.637158
 0 0.637159
 0 0.637171
 0 0.637194
 0 0.637195
 0 0.637208
 0 0.637208
 0 0.637208
 0 0.637218
 0 0.63722
 0 0.637222
 0 0.637226
 0 0.637226
 0 0.637227
 0 0.637271
 0 0.637281
 0 0.63729
 0 0.63729
 0 0.63729
 0 0.63729
 0 0.637313
 0 0.637314
 0 0.637314
 0 0.637357
 0 0.637359
 0 0.637361
 0 0.637369
 0 0.637375
 0 0.637379
 0 0.637382
 0 0.637406
 0 0.637406
 0 0.637417
 0 0.637417
 0 0.637437
 0 0.637437
 0 0.637438
 0 0.637438
 0 0.637444
 0 0.637447
 0 0.637451
 0 0.637481
 0 0.637486
 0 0.637487
 0 0.637487
 0 0.637513
 0 0.637513
 0 0.637517
 0 0.637526
 0 0.637526
 0 0.637568
 0 0.637569
 0 0.637607
 0 0.637609
 0 0.637617
 0 0.637617
 0 0.637628
 0 0.63764
 0 0.637642
 0 0.637682
 0 0.637699
 0 0.6377
 0 0.6377
 0 0.6377
 0 0.637739
 0 0.63774
 0 0.637747
 0 0.637887
 0 0.637889
 0 0.637897
 0 0.637897
 0 0.637898
 0 0.637918
 0 0.637943
 0 0.63796
 0 0.637981
 0 0.637983
 0 0.638035
 0 0.638123
 0 0.638125
 0 0.638159
 0 0.63816
 0 0.638207
 0 0.638212
 0 0.638212
 0 0.638214
 0 0.638214
 0 0.638318
 0 0.638332
 0 0.638366
 0 0.638376
 0 0.638414
 0 0.638463
 0 0.638513
 0 0.638576
 0 0.638581
 0 0.638581
 0 0.638581
 0 0.638583
 0 0.638583
 0 0.638583
 0 0.638618
 0 0.638629
 0 0.638701
 0 0.638703
 0 0.638704
 0 0.638704
 0 0.638748
 0 0.638751
 0 0.638751
 0 0.638751
 0 0.638809
 0 0.638863
 0 0.638966
 0 0.638968
 0 0.639054
 0 0.63911
 0 0.640625
 0 0.641131
 0 0.641135
 0 0.641448
 0 0.641449
 0 0.641916
 0 0.648428
 0 0.648428
 0 0.648428
 0 0.649045
 0 0.649046
 0 0.649047
 0 inf
