 0 0.623639
 0 0.623994
 0 0.623994
 0 0.624056
 0 0.624056
 0 0.624411
 0 0.626813
 0 0.626813
 0 0.626824
 0 0.627005
 0 0.627007
 0 0.627214
 0 0.627685
 0 0.627685
 0 0.627686
 0 0.62781
 0 0.62781
 0 0.62781
 0 0.627811
 0 0.628045
 0 0.628066
 0 0.628068
 0 0.628068
 0 0.628357
 0 0.628416
 0 0.628559
 0 0.628559
 0 0.628559
 0 0.628559
 0 0.628559
 0 0.628637
 0 0.628855
 0 0.628855
 0 0.628857
 0 0.628911
 0 0.628911
 0 0.628936
 0 0.628936
 0 0.628936
 0 0.628944
 0 0.628964
 0 0.628965
 0 0.629125
 0 0.629134
 0 0.629144
 0 0.629163
 0 0.629314
 0 0.629334
 0 0.629335
 0 0.629335
 0 0.629335
 0 0.62958
 0 0.62958
 0 0.629581
 0 0.629581
 0 0.629812
 0 0.629869
 0 0.629893
 0 0.630022
 0 0.63008
 0 0.630134
 0 0.630227
 0 0.630227
 0 0.630394
 0 0.630535
 0 0.630535
 0 0.630535
 0 0.630535
 0 0.630546
 0 0.630547
 0 0.630575
 0 0.630597
 0 0.630598
 0 0.630645
 0 0.630706
 0 0.630706
 0 0.630706
 0 0.630706
 0 0.630727
 0 0.630727
 0 0.630727
 0 0.630794
 0 0.63083
 0 0.63083
 0 0.63083
 0 0.630843
 0 0.630843
 0 0.630843
 0 0.630887
 0 0.630888
 0 0.63089
 0 0.630926
 0 0.630944
 0 0.630963
 0 0.630981
 0 0.630981
 0 0.630981
 0 0.631019
 0 0.631035
 0 0.631035
 0 0.631103
 0 0.631103
 0 0.63112
 0 0.631198
 0 0.631213
 0 0.631269
 0 0.631285
 0 0.631297
 0 0.631299
 0 0.631381
 0 0.631419
 0 0.63142
 0 0.631446
 0 0.631446
 0 0.631602
 0 0.631642
 0 0.631642
 0 0.631662
 0 0.631662
 0 0.631662
 0 0.631662
 0 0.631674
 0 0.631674
 0 0.631696
 0 0.631696
 0 0.631697
 0 0.631697
 0 0.631697
 0 0.631697
 0 0.631698
 0 0.631735
 0 0.631735
 0 0.631735
 0 0.631736
 0 0.631821
 0 0.631824
 0 0.631837
 0 0.631838
 0 0.631839
 0 0.631845
 0 0.631846
 0 0.631846
 0 0.631846
 0 0.631856
 0 0.631856
 0 0.631944
 0 0.631945
 0 0.631976
 0 0.631996
 0 0.631996
 0 0.631996
 0 0.631996
 0 0.632008
 0 0.632008
 0 0.632045
 0 0.632058
 0 0.632058
 0 0.632059
 0 0.632086
 0 0.632086
 0 0.632236
 0 0.632236
 0 0.632289
 0 0.632289
 0 0.632293
 0 0.632312
 0 0.632368
 0 0.632369
 0 0.632395
 0 0.632424
 0 0.632463
 0 0.632504
 0 0.632505
 0 0.632583
 0 0.632587
 0 0.632587
 0 0.632587
 0 0.632617
 0 0.632618
 0 0.632618
 0 0.632628
 0 0.632628
 0 0.632641
 0 0.632642
 0 0.632642
 0 0.6327
 0 0.632701
 0 0.632721
 0 0.632721
 0 0.632724
 0 0.632724
 0 0.632724
 0 0.632724
 0 0.632729
 0 0.632729
 0 0.63275
 0 0.632763
 0 0.632764
 0 0.632764
 0 0.632764
 0 0.632791
 0 0.632896
 0 0.632901
 0 0.632967
 0 0.632984
 0 0.632984
 0 0.632984
 0 0.633065
 0 0.633065
 0 0.633082
 0 0.633082
 0 0.633094
 0 0.633094
 0 0.633174
 0 0.633175
 0 0.633175
 0 0.633196
 0 0.633206
 0 0.633206
 0 0.63328
 0 0.633284
 0 0.633304
 0 0.633304
 0 0.633304
 0 0.633304
 0 0.633304
 0 0.633314
 0 0.633328
 0 0.633328
 0 0.633329
 0 0.633329
 0 0.633329
 0 0.633329
 0 0.63333
 0 0.63333
 0 0.633348
 0 0.633348
 0 0.633354
 0 0.633359
 0 0.633359
 0 0.63336
 0 0.633404
 0 0.633436
 0 0.633452
 0 0.633456
 0 0.633493
 0 0.633526
 0 0.633528
 0 0.633528
 0 0.633528
 0 0.633553
 0 0.633557
 0 0.633606
 0 0.633609
 0 0.633638
 0 0.633638
 0 0.633638
 0 0.633638
 0 0.633638
 0 0.633654
 0 0.633654
 0 0.633664
 0 0.633671
 0 0.633672
 0 0.633672
 0 0.633672
 0 0.633674
 0 0.633702
 0 0.633708
 0 0.633708
 0 0.633708
 0 0.633714
 0 0.633793
 0 0.633793
 0 0.633794
 0 0.633829
 0 0.633832
 0 0.633832
 0 0.633835
 0 0.633835
 0 0.633835
 0 0.633835
 0 0.633851
 0 0.633851
 0 0.633859
 0 0.633887
 0 0.633923
 0 0.633924
 0 0.633973
 0 0.633973
 0 0.633973
 0 0.63398
 0 0.633985
 0 0.633987
 0 0.633987
 0 0.633987
 0 0.633991
 0 0.633991
 0 0.633993
 0 0.634001
 0 0.634028
 0 0.634067
 0 0.634068
 0 0.634092
 0 0.634092
 0 0.634094
 0 0.634118
 0 0.634118
 0 0.634131
 0 0.634157
 0 0.634167
 0 0.634186
 0 0.634187
 0 0.63419
 0 0.63419
 0 0.63419
 0 0.634191
 0 0.634193
 0 0.634208
 0 0.634215
 0 0.634218
 0 0.634219
 0 0.634234
 0 0.634234
 0 0.634251
 0 0.634254
 0 0.634254
 0 0.634254
 0 0.634256
 0 0.634259
 0 0.634262
 0 0.634263
 0 0.634263
 0 0.634263
 0 0.634264
 0 0.634314
 0 0.634314
 0 0.634315
 0 0.634323
 0 0.634323
 0 0.634388
 0 0.634388
 0 0.634407
 0 0.634419
 0 0.634455
 0 0.634455
 0 0.634485
 0 0.63449
 0 0.634507
 0 0.63451
 0 0.634514
 0 0.634517
 0 0.63453
 0 0.63453
 0 0.634531
 0 0.634532
 0 0.634532
 0 0.634532
 0 0.634571
 0 0.634572
 0 0.634572
 0 0.634582
 0 0.634582
 0 0.634582
 0 0.634596
 0 0.634597
 0 0.634597
 0 0.63468
 0 0.63468
 0 0.634705
 0 0.634705
 0 0.634706
 0 0.634718
 0 0.634719
 0 0.63472
 0 0.63472
 0 0.63472
 0 0.634723
 0 0.634724
 0 0.634724
 0 0.634767
 0 0.634767
 0 0.634769
 0 0.634769
 0 0.634794
 0 0.634794
 0 0.634794
 0 0.634795
 0 0.634795
 0 0.634795
 0 0.634795
 0 0.634796
 0 0.634797
 0 0.634797
 0 0.634859
 0 0.634859
 0 0.634863
 0 0.63487
 0 0.634906
 0 0.634907
 0 0.634908
 0 0.63497
 0 0.634974
 0 0.634977
 0 0.634983
 0 0.634988
 0 0.634988
 0 0.634988
 0 0.634989
 0 0.634989
 0 0.63499
 0 0.63499
 0 0.635007
 0 0.635009
 0 0.635009
 0 0.63504
 0 0.635045
 0 0.635046
 0 0.635046
 0 0.635046
 0 0.635048
 0 0.635048
 0 0.635075
 0 0.635075
 0 0.635087
 0 0.63509
 0 0.63509
 0 0.635094
 0 0.635094
 0 0.635107
 0 0.635129
 0 0.635158
 0 0.635166
 0 0.635166
 0 0.635174
 0 0.635174
 0 0.635174
 0 0.635174
 0 0.635174
 0 0.635176
 0 0.635177
 0 0.635177
 0 0.635177
 0 0.635178
 0 0.635178
 0 0.635178
 0 0.635192
 0 0.635215
 0 0.635216
 0 0.635216
 0 0.635216
 0 0.635248
 0 0.635272
 0 0.635272
 0 0.635283
 0 0.635284
 0 0.635284
 0 0.635302
 0 0.635306
 0 0.635324
 0 0.635324
 0 0.635324
 0 0.635324
 0 0.635324
 0 0.635328
 0 0.635336
 0 0.635337
 0 0.635338
 0 0.635366
 0 0.635378
 0 0.635397
 0 0.635398
 0 0.635417
 0 0.635417
 0 0.635417
 0 0.635442
 0 0.635457
 0 0.635457
 0 0.63549
 0 0.63549
 0 0.63552
 0 0.63552
 0 0.635537
 0 0.635537
 0 0.635537
 0 0.635541
 0 0.63556
 0 0.63556
 0 0.63558
 0 0.635581
 0 0.635581
 0 0.635668
 0 0.635725
 0 0.635726
 0 0.635726
 0 0.635799
 0 0.635806
 0 0.635814
 0 0.635814
 0 0.635815
 0 0.635815
 0 0.635815
 0 0.635834
 0 0.635915
 0 0.635928
 0 0.635928
 0 0.635957
 0 0.635982
 0 0.636045
 0 0.636052
 0 0.636052
 0 0.636053
 0 0.636055
 0 0.636067
 0 0.636068
 0 0.636077
 0 0.636078
 0 0.636091
 0 0.636105
 0 0.636105
 0 0.636105
 0 0.636115
 0 0.636115
 0 0.636134
 0 0.636134
 0 0.636134
 0 0.636151
 0 0.636151
 0 0.636152
 0 0.636166
 0 0.636172
 0 0.636172
 0 0.636208
 0 0.636208
 0 0.636209
 0 0.636237
 0 0.636237
 0 0.636237
 0 0.636268
 0 0.63628
 0 0.63628
 0 0.63628
 0 0.63628
 0 0.636284
 0 0.636284
 0 0.636284
 0 0.636292
 0 0.636319
 0 0.636319
 0 0.636319
 0 0.636323
 0 0.636329
 0 0.636334
 0 0.636334
 0 0.636334
 0 0.636335
 0 0.636376
 0 0.636378
 0 0.636438
 0 0.636439
 0 0.636456
 0 0.636457
 0 0.636483
 0 0.636492
 0 0.636495
 0 0.636505
 0 0.636505
 0 0.636506
 0 0.636507
 0 0.636514
 0 0.636514
 0 0.636539
 0 0.636547
 0 0.636569
 0 0.636606
 0 0.636606
 0 0.636611
 0 0.636612
 0 0.636612
 0 0.636637
 0 0.636646
 0 0.636658
 0 0.636658
 0 0.636671
 0 0.636671
 0 0.636671
 0 0.636679
 0 0.636679
 0 0.636681
 0 0.636709
 0 0.636709
 0 0.636709
 0 0.636709
 0 0.636718
 0 0.636742
 0 0.636742
 0 0.636742
 0 0.636742
 0 0.636745
 0 0.636756
 0 0.636756
 0 0.636784
 0 0.636785
 0 0.636851
 0 0.636897
 0 0.636897
 0 0.636945
 0 0.636945
 0 0.636969
 0 0.636994
 0 0.636994
 0 0.637005
 0 0.637005
 0 0.637005
 0 0.637006
 0 0.637006
 0 0.637032
 0 0.637032
 0 0.637048
 0 0.637048
 0 0.637049
 0 0.637079
 0 0.637079
 0 0.63708
 0 0.637098
 0 0.637098
 0 0.637098
 0 0.637109
 0 0.63711
 0 0.637138
 0 0.637151
 0 0.637151
 0 0.637151
 0 0.637184
 0 0.637195
 0 0.637196
 0 0.637196
 0 0.637196
 0 0.637201
 0 0.637201
 0 0.637203
 0 0.637205
 0 0.637246
 0 0.637283
 0 0.637284
 0 0.637284
 0 0.637287
 0 0.637311
 0 0.637368
 0 0.637368
 0 0.63737
 0 0.63737
 0 0.637371
 0 0.637371
 0 0.637371
 0 0.637398
 0 0.637399
 0 0.637439
 0 0.637453
 0 0.637453
 0 0.637453
 0 0.637453
 0 0.637473
 0 0.637515
 0 0.637515
 0 0.637515
 0 0.637515
 0 0.637515
 0 0.637528
 0 0.637546
 0 0.637581
 0 0.637586
 0 0.637587
 0 0.637587
 0 0.637603
 0 0.637623
 0 0.637727
 0 0.637728
 0 0.637728
 0 0.637728
 0 0.637734
 0 0.637735
 0 0.637735
 0 0.637872
 0 0.637872
 0 0.637872
 0 0.637872
 0 0.637872
 0 0.637872
 0 0.637872
 0 0.637872
 0 0.637892
 0 0.637961
 0 0.637961
 0 0.637961
 0 0.637961
 0 0.637975
 0 0.637976
 0 0.637981
 0 0.637982
 0 0.638006
 0 0.638006
 0 0.63803
 0 0.638148
 0 0.638191
 0 0.638192
 0 0.638204
 0 0.638261
 0 0.638262
 0 0.638262
 0 0.638262
 0 0.638296
 0 0.638399
 0 0.638399
 0 0.638409
 0 0.638409
 0 0.638412
 0 0.638415
 0 0.638416
 0 0.638417
 0 0.638417
 0 0.63845
 0 0.63845
 0 0.638451
 0 0.638453
 0 0.638462
 0 0.638462
 0 0.638462
 0 0.638462
 0 0.638463
 0 0.638571
 0 0.638572
 0 0.638584
 0 0.638593
 0 0.638616
 0 0.638627
 0 0.638647
 0 0.638647
 0 0.638647
 0 0.638647
 0 0.638654
 0 0.638654
 0 0.638655
 0 0.638675
 0 0.638675
 0 0.638675
 0 0.638675
 0 0.638682
 0 0.638682
 0 0.638683
 0 0.638683
 0 0.638683
 0 0.638687
 0 0.638702
 0 0.638727
 0 0.638728
 0 0.638734
 0 0.638744
 0 0.638744
 0 0.638744
 0 0.638809
 0 0.638809
 0 0.63881
 0 0.638832
 0 0.638832
 0 0.638835
 0 0.638836
 0 0.638837
 0 0.638837
 0 0.638865
 0 0.63887
 0 0.63887
 0 0.63887
 0 0.63887
 0 0.63887
 0 0.63888
 0 0.638881
 0 0.638889
 0 0.638889
 0 0.638891
 0 0.6389
 0 0.638959
 0 0.63896
 0 0.638968
 0 0.639012
 0 0.639012
 0 0.639012
 0 0.63904
 0 0.639092
 0 0.639094
 0 0.639171
 0 0.639192
 0 0.639192
 0 0.639203
 0 0.639203
 0 0.639244
 0 0.639244
 0 0.639345
 0 0.639346
 0 0.639478
 0 0.639478
 0 0.639506
 0 0.639507
 0 0.63952
 0 0.639521
 0 0.639521
 0 0.639522
 0 0.639522
 0 0.639523
 0 0.639553
 0 0.639554
 0 0.639554
 0 0.639555
 0 0.63956
 0 0.63956
 0 0.63956
 0 0.63956
 0 0.639593
 0 0.639594
 0 0.63971
 0 0.63971
 0 0.63971
 0 0.639791
 0 0.639801
 0 0.639854
 0 0.639953
 0 0.639953
 0 0.639953
 0 0.639982
 0 0.639985
 0 0.639996
 0 0.64007
 0 0.64007
 0 0.640083
 0 0.640113
 0 0.640113
 0 0.64013
 0 0.640145
 0 0.640145
 0 0.640145
 0 0.640198
 0 0.640198
 0 0.640199
 0 0.640407
 0 0.640407
 0 0.64042
 0 0.64042
 0 0.640422
 0 0.640422
 0 0.640423
 0 0.640614
 0 0.640614
 0 0.640614
 0 0.640785
 0 0.640881
 0 0.640881
 0 0.640988
 0 0.640988
 0 0.641116
 0 0.641276
 0 0.641277
 0 0.641368
 0 0.64139
 0 0.641391
 0 0.641391
 0 0.641438
 0 0.641532
 0 0.641533
 0 0.641533
 0 0.641539
 0 0.641879
 0 0.641879
 0 0.64188
 0 0.641966
 0 0.641966
 0 0.64221
 0 inf
