 0 0.607996
 0 0.60893
 0 0.60893
 0 0.608977
 0 0.608977
 0 0.608978
 0 0.622617
 0 0.622618
 0 0.623134
 0 0.623165
 0 0.623166
 0 0.623289
 0 0.623315
 0 0.623449
 0 0.62345
 0 0.623467
 0 0.623468
 0 0.62384
 0 0.623843
 0 0.623843
 0 0.623862
 0 0.623972
 0 0.62399
 0 0.624071
 0 0.624386
 0 0.624665
 0 0.62481
 0 0.62481
 0 0.624812
 0 0.624812
 0 0.6252
 0 0.625209
 0 0.625209
 0 0.625209
 0 0.625209
 0 0.625234
 0 0.625754
 0 0.625754
 0 0.625754
 0 0.626077
 0 0.626497
 0 0.626498
 0 0.626499
 0 0.626499
 0 0.626643
 0 0.626699
 0 0.626699
 0 0.626826
 0 0.626829
 0 0.626829
 0 0.626829
 0 0.62683
 0 0.626857
 0 0.626904
 0 0.626906
 0 0.626919
 0 0.626942
 0 0.626944
 0 0.627046
 0 0.627046
 0 0.627319
 0 0.627375
 0 0.62738
 0 0.627432
 0 0.62753
 0 0.627531
 0 0.627531
 0 0.627694
 0 0.627694
 0 0.627704
 0 0.627705
 0 0.627708
 0 0.627829
 0 0.627829
 0 0.627897
 0 0.627899
 0 0.627904
 0 0.627983
 0 0.62802
 0 0.628122
 0 0.628122
 0 0.628192
 0 0.628192
 0 0.628192
 0 0.628195
 0 0.628209
 0 0.628209
 0 0.62821
 0 0.62821
 0 0.628252
 0 0.628252
 0 0.628272
 0 0.628272
 0 0.628278
 0 0.628326
 0 0.628328
 0 0.628364
 0 0.628477
 0 0.628604
 0 0.628604
 0 0.628607
 0 0.628607
 0 0.628607
 0 0.628645
 0 0.628691
 0 0.628742
 0 0.628742
 0 0.628851
 0 0.628851
 0 0.628852
 0 0.62886
 0 0.62886
 0 0.628861
 0 0.628893
 0 0.628913
 0 0.62892
 0 0.628923
 0 0.628923
 0 0.628937
 0 0.628937
 0 0.62894
 0 0.628941
 0 0.62908
 0 0.62911
 0 0.629113
 0 0.629114
 0 0.629114
 0 0.629114
 0 0.629148
 0 0.62915
 0 0.62915
 0 0.629187
 0 0.629194
 0 0.629222
 0 0.629237
 0 0.629238
 0 0.629243
 0 0.629243
 0 0.629277
 0 0.62933
 0 0.629391
 0 0.629391
 0 0.629393
 0 0.62943
 0 0.629435
 0 0.629436
 0 0.62945
 0 0.62947
 0 0.62947
 0 0.62947
 0 0.629521
 0 0.629522
 0 0.62956
 0 0.62959
 0 0.629612
 0 0.629613
 0 0.629616
 0 0.629616
 0 0.62962
 0 0.629622
 0 0.629624
 0 0.629626
 0 0.629626
 0 0.629649
 0 0.629651
 0 0.629676
 0 0.629676
 0 0.62968
 0 0.629681
 0 0.629709
 0 0.62972
 0 0.62972
 0 0.629738
 0 0.629757
 0 0.629758
 0 0.629758
 0 0.629758
 0 0.629758
 0 0.629772
 0 0.629772
 0 0.629775
 0 0.629775
 0 0.629776
 0 0.629777
 0 0.629783
 0 0.629793
 0 0.629804
 0 0.629805
 0 0.629834
 0 0.629834
 0 0.629834
 0 0.629835
 0 0.629839
 0 0.629839
 0 0.629917
 0 0.629917
 0 0.629925
 0 0.629927
 0 0.629942
 0 0.629987
 0 0.630021
 0 0.630021
 0 0.630046
 0 0.630097
 0 0.630097
 0 0.630123
 0 0.630126
 0 0.630128
 0 0.630128
 0 0.630141
 0 0.630187
 0 0.630188
 0 0.6302
 0 0.630218
 0 0.630247
 0 0.630247
 0 0.630247
 0 0.63025
 0 0.630251
 0 0.630254
 0 0.630254
 0 0.630257
 0 0.630257
 0 0.630258
 0 0.630258
 0 0.630258
 0 0.630259
 0 0.630259
 0 0.63026
 0 0.630271
 0 0.630271
 0 0.630272
 0 0.630272
 0 0.630272
 0 0.630274
 0 0.630274
 0 0.630274
 0 0.630277
 0 0.630278
 0 0.630291
 0 0.630297
 0 0.630361
 0 0.630364
 0 0.630364
 0 0.630385
 0 0.630406
 0 0.630408
 0 0.630408
 0 0.630408
 0 0.630408
 0 0.630423
 0 0.630427
 0 0.630429
 0 0.630429
 0 0.630456
 0 0.630459
 0 0.630461
 0 0.630461
 0 0.630461
 0 0.630479
 0 0.630479
 0 0.63048
 0 0.630526
 0 0.630527
 0 0.630529
 0 0.630543
 0 0.630563
 0 0.630572
 0 0.630575
 0 0.630591
 0 0.630591
 0 0.630591
 0 0.630598
 0 0.630608
 0 0.630611
 0 0.630618
 0 0.630621
 0 0.630641
 0 0.630645
 0 0.630656
 0 0.630658
 0 0.630673
 0 0.630678
 0 0.630678
 0 0.63068
 0 0.63068
 0 0.630682
 0 0.630682
 0 0.630724
 0 0.630726
 0 0.630726
 0 0.630729
 0 0.63073
 0 0.630731
 0 0.630732
 0 0.630732
 0 0.630732
 0 0.630734
 0 0.630745
 0 0.630807
 0 0.63081
 0 0.630811
 0 0.630811
 0 0.630813
 0 0.630818
 0 0.630818
 0 0.630823
 0 0.630823
 0 0.630832
 0 0.630833
 0 0.630834
 0 0.630854
 0 0.63086
 0 0.630876
 0 0.630878
 0 0.630879
 0 0.630893
 0 0.630893
 0 0.630893
 0 0.630893
 0 0.630895
 0 0.630895
 0 0.630897
 0 0.630897
 0 0.630898
 0 0.6309
 0 0.630904
 0 0.630908
 0 0.630921
 0 0.630953
 0 0.630953
 0 0.630953
 0 0.630953
 0 0.630962
 0 0.630962
 0 0.630971
 0 0.630974
 0 0.630981
 0 0.630983
 0 0.630983
 0 0.630983
 0 0.630986
 0 0.630986
 0 0.631003
 0 0.631003
 0 0.631003
 0 0.631011
 0 0.631029
 0 0.631032
 0 0.63104
 0 0.63104
 0 0.63104
 0 0.631067
 0 0.631071
 0 0.631072
 0 0.631073
 0 0.631087
 0 0.631087
 0 0.631088
 0 0.631094
 0 0.6311
 0 0.631117
 0 0.631121
 0 0.631123
 0 0.631125
 0 0.63113
 0 0.631143
 0 0.631143
 0 0.631143
 0 0.631145
 0 0.631148
 0 0.631172
 0 0.631173
 0 0.631198
 0 0.6312
 0 0.6312
 0 0.6312
 0 0.6312
 0 0.631201
 0 0.631202
 0 0.631205
 0 0.63121
 0 0.631225
 0 0.631227
 0 0.631227
 0 0.63123
 0 0.63123
 0 0.631234
 0 0.631236
 0 0.631237
 0 0.631247
 0 0.631249
 0 0.631253
 0 0.631253
 0 0.631253
 0 0.631269
 0 0.631269
 0 0.631275
 0 0.631275
 0 0.631292
 0 0.631292
 0 0.631325
 0 0.631327
 0 0.631333
 0 0.631347
 0 0.631347
 0 0.631354
 0 0.631356
 0 0.631358
 0 0.631359
 0 0.631372
 0 0.631375
 0 0.631381
 0 0.631381
 0 0.631381
 0 0.631385
 0 0.631387
 0 0.631393
 0 0.631394
 0 0.631394
 0 0.631394
 0 0.631394
 0 0.631396
 0 0.631405
 0 0.631405
 0 0.631405
 0 0.631407
 0 0.631412
 0 0.631419
 0 0.631419
 0 0.631428
 0 0.63147
 0 0.63147
 0 0.631474
 0 0.631477
 0 0.631484
 0 0.631484
 0 0.631485
 0 0.631485
 0 0.631486
 0 0.631486
 0 0.631487
 0 0.631487
 0 0.63149
 0 0.63149
 0 0.631495
 0 0.631495
 0 0.631506
 0 0.631514
 0 0.631541
 0 0.631541
 0 0.631541
 0 0.631552
 0 0.631552
 0 0.63156
 0 0.63156
 0 0.631575
 0 0.631576
 0 0.631576
 0 0.631579
 0 0.631582
 0 0.631584
 0 0.631584
 0 0.631594
 0 0.631597
 0 0.631597
 0 0.631597
 0 0.6316
 0 0.631609
 0 0.631609
 0 0.63161
 0 0.631614
 0 0.631614
 0 0.631618
 0 0.63162
 0 0.631622
 0 0.631624
 0 0.631624
 0 0.631624
 0 0.631626
 0 0.631626
 0 0.631633
 0 0.631653
 0 0.631661
 0 0.631661
 0 0.631667
 0 0.631667
 0 0.631667
 0 0.631668
 0 0.631668
 0 0.631668
 0 0.631671
 0 0.631671
 0 0.631671
 0 0.631675
 0 0.631675
 0 0.631675
 0 0.631675
 0 0.631676
 0 0.631687
 0 0.63169
 0 0.63169
 0 0.631691
 0 0.631693
 0 0.631697
 0 0.631701
 0 0.631704
 0 0.631704
 0 0.631724
 0 0.631727
 0 0.631728
 0 0.631728
 0 0.631733
 0 0.631733
 0 0.631733
 0 0.631733
 0 0.631734
 0 0.631736
 0 0.631737
 0 0.631741
 0 0.631743
 0 0.631748
 0 0.631752
 0 0.631752
 0 0.631754
 0 0.631771
 0 0.631771
 0 0.631774
 0 0.631781
 0 0.631781
 0 0.631784
 0 0.631788
 0 0.631788
 0 0.631792
 0 0.631799
 0 0.631799
 0 0.631799
 0 0.6318
 0 0.631805
 0 0.631806
 0 0.63182
 0 0.631821
 0 0.631821
 0 0.631827
 0 0.631828
 0 0.631829
 0 0.63183
 0 0.631831
 0 0.631831
 0 0.631833
 0 0.631842
 0 0.631843
 0 0.631852
 0 0.631857
 0 0.63186
 0 0.631862
 0 0.631864
 0 0.631865
 0 0.631873
 0 0.631873
 0 0.631877
 0 0.631887
 0 0.631901
 0 0.631902
 0 0.631904
 0 0.631905
 0 0.631908
 0 0.631909
 0 0.631914
 0 0.631931
 0 0.631939
 0 0.63194
 0 0.631944
 0 0.631945
 0 0.631947
 0 0.631947
 0 0.631949
 0 0.631955
 0 0.631956
 0 0.631956
 0 0.631956
 0 0.631959
 0 0.63197
 0 0.631974
 0 0.631974
 0 0.631977
 0 0.631979
 0 0.631981
 0 0.631981
 0 0.631984
 0 0.631999
 0 0.632002
 0 0.63201
 0 0.63201
 0 0.632011
 0 0.632011
 0 0.632011
 0 0.632015
 0 0.632015
 0 0.632015
 0 0.632015
 0 0.632015
 0 0.632015
 0 0.632017
 0 0.632019
 0 0.63202
 0 0.63202
 0 0.63202
 0 0.632051
 0 0.632053
 0 0.632053
 0 0.632054
 0 0.632054
 0 0.632057
 0 0.632059
 0 0.632059
 0 0.632081
 0 0.632085
 0 0.632097
 0 0.632097
 0 0.632098
 0 0.6321
 0 0.632101
 0 0.632106
 0 0.632108
 0 0.632108
 0 0.632108
 0 0.632119
 0 0.632119
 0 0.632123
 0 0.632131
 0 0.632131
 0 0.632131
 0 0.632133
 0 0.632133
 0 0.632134
 0 0.632134
 0 0.632134
 0 0.632138
 0 0.632151
 0 0.632151
 0 0.632155
 0 0.632155
 0 0.632156
 0 0.632162
 0 0.632164
 0 0.632166
 0 0.632168
 0 0.632168
 0 0.632168
 0 0.632168
 0 0.632172
 0 0.632173
 0 0.632174
 0 0.632176
 0 0.632177
 0 0.632177
 0 0.632193
 0 0.632193
 0 0.632193
 0 0.632199
 0 0.632204
 0 0.632204
 0 0.63221
 0 0.632212
 0 0.632223
 0 0.632223
 0 0.632224
 0 0.632224
 0 0.632225
 0 0.632226
 0 0.632227
 0 0.632234
 0 0.632235
 0 0.632237
 0 0.632238
 0 0.632239
 0 0.632274
 0 0.632276
 0 0.632276
 0 0.632277
 0 0.632277
 0 0.632277
 0 0.632278
 0 0.632278
 0 0.632283
 0 0.632283
 0 0.632283
 0 0.632286
 0 0.632295
 0 0.632295
 0 0.632295
 0 0.632303
 0 0.632304
 0 0.632314
 0 0.632315
 0 0.632316
 0 0.632316
 0 0.632318
 0 0.632319
 0 0.632319
 0 0.632319
 0 0.632321
 0 0.632321
 0 0.632323
 0 0.632323
 0 0.632327
 0 0.632328
 0 0.632332
 0 0.632332
 0 0.632335
 0 0.632337
 0 0.632337
 0 0.632343
 0 0.632343
 0 0.632347
 0 0.632347
 0 0.632351
 0 0.632351
 0 0.632351
 0 0.632352
 0 0.632357
 0 0.632367
 0 0.632369
 0 0.632381
 0 0.632385
 0 0.632387
 0 0.632391
 0 0.632393
 0 0.632393
 0 0.632393
 0 0.632393
 0 0.632397
 0 0.632408
 0 0.632412
 0 0.632413
 0 0.632417
 0 0.632418
 0 0.632418
 0 0.632419
 0 0.63242
 0 0.632421
 0 0.632422
 0 0.632422
 0 0.632422
 0 0.632427
 0 0.632427
 0 0.632431
 0 0.632431
 0 0.632432
 0 0.632432
 0 0.632432
 0 0.632435
 0 0.632437
 0 0.632438
 0 0.632438
 0 0.632438
 0 0.632451
 0 0.632454
 0 0.632455
 0 0.632457
 0 0.632463
 0 0.632468
 0 0.632472
 0 0.632472
 0 0.632472
 0 0.632472
 0 0.632473
 0 0.632474
 0 0.632474
 0 0.632475
 0 0.632475
 0 0.632476
 0 0.632478
 0 0.632483
 0 0.632483
 0 0.632484
 0 0.632493
 0 0.632493
 0 0.632493
 0 0.632493
 0 0.632494
 0 0.632494
 0 0.632495
 0 0.632495
 0 0.632496
 0 0.632496
 0 0.632504
 0 0.632504
 0 0.632506
 0 0.632511
 0 0.632511
 0 0.632511
 0 0.632513
 0 0.632515
 0 0.632525
 0 0.632525
 0 0.632527
 0 0.632527
 0 0.632529
 0 0.632541
 0 0.632542
 0 0.632546
 0 0.632547
 0 0.632547
 0 0.632547
 0 0.632548
 0 0.632548
 0 0.632555
 0 0.632555
 0 0.632556
 0 0.632559
 0 0.632559
 0 0.63256
 0 0.632565
 0 0.632573
 0 0.632584
 0 0.632586
 0 0.632588
 0 0.632588
 0 0.632589
 0 0.632597
 0 0.632611
 0 0.632613
 0 0.632616
 0 0.632618
 0 0.632618
 0 0.632619
 0 0.632621
 0 0.632641
 0 0.632642
 0 0.632642
 0 0.632643
 0 0.632643
 0 0.632644
 0 0.632644
 0 0.632644
 0 0.632644
 0 0.632644
 0 0.632646
 0 0.632648
 0 0.632648
 0 0.632657
 0 0.63266
 0 0.63266
 0 0.632665
 0 0.632665
 0 0.632666
 0 0.632667
 0 0.632668
 0 0.63267
 0 0.632671
 0 0.632671
 0 0.632673
 0 0.632675
 0 0.632676
 0 0.632678
 0 0.632678
 0 0.632678
 0 0.632687
 0 0.632687
 0 0.632687
 0 0.63269
 0 0.63269
 0 0.63269
 0 0.63269
 0 0.632695
 0 0.632697
 0 0.632697
 0 0.632698
 0 0.632706
 0 0.632713
 0 0.632715
 0 0.632719
 0 0.632738
 0 0.632744
 0 0.632747
 0 0.632747
 0 0.632758
 0 0.63277
 0 0.632773
 0 0.632779
 0 0.63278
 0 0.632793
 0 0.632793
 0 0.632795
 0 0.632797
 0 0.632798
 0 0.632799
 0 0.632802
 0 0.632803
 0 0.632804
 0 0.632804
 0 0.632805
 0 0.632806
 0 0.632807
 0 0.632808
 0 0.632808
 0 0.632817
 0 0.632817
 0 0.632817
 0 0.632821
 0 0.632821
 0 0.632826
 0 0.632828
 0 0.632828
 0 0.632828
 0 0.632831
 0 0.632832
 0 0.632834
 0 0.632834
 0 0.632836
 0 0.632836
 0 0.632837
 0 0.632837
 0 0.63285
 0 0.632856
 0 0.632856
 0 0.632859
 0 0.632859
 0 0.63286
 0 0.63286
 0 0.63286
 0 0.632861
 0 0.632861
 0 0.632861
 0 0.632862
 0 0.632862
 0 0.632862
 0 0.632863
 0 0.632863
 0 0.632864
 0 0.632865
 0 0.632869
 0 0.632869
 0 0.63287
 0 0.632871
 0 0.632872
 0 0.632876
 0 0.632879
 0 0.632881
 0 0.632882
 0 0.632887
 0 0.63289
 0 0.632892
 0 0.632892
 0 0.632892
 0 0.632892
 0 0.632893
 0 0.632893
 0 0.632896
 0 0.632896
 0 0.632903
 0 0.632904
 0 0.632905
 0 0.632905
 0 0.632918
 0 0.632922
 0 0.632943
 0 0.632943
 0 0.632947
 0 0.632947
 0 0.632948
 0 0.632948
 0 0.632951
 0 0.632955
 0 0.632957
 0 0.632957
 0 0.632958
 0 0.632958
 0 0.632958
 0 0.632958
 0 0.632984
 0 0.633
 0 0.633003
 0 0.633004
 0 0.633004
 0 0.63301
 0 0.633011
 0 0.633012
 0 0.633014
 0 0.633015
 0 0.633018
 0 0.63302
 0 0.63302
 0 0.633021
 0 0.633021
 0 0.633021
 0 0.633022
 0 0.633022
 0 0.633023
 0 0.633024
 0 0.633026
 0 0.633027
 0 0.633027
 0 0.633029
 0 0.633029
 0 0.633029
 0 0.633029
 0 0.633029
 0 0.633032
 0 0.633032
 0 0.633039
 0 0.633052
 0 0.633052
 0 0.633053
 0 0.633056
 0 0.633057
 0 0.633057
 0 0.633057
 0 0.633062
 0 0.633063
 0 0.633063
 0 0.633064
 0 0.633065
 0 0.633068
 0 0.63307
 0 0.633071
 0 0.633071
 0 0.633072
 0 0.633072
 0 0.633074
 0 0.633081
 0 0.633082
 0 0.633082
 0 0.633083
 0 0.633083
 0 0.633093
 0 0.633094
 0 0.633098
 0 0.633098
 0 0.633103
 0 0.633105
 0 0.633105
 0 0.633105
 0 0.633106
 0 0.633106
 0 0.633107
 0 0.633107
 0 0.633107
 0 0.633108
 0 0.633109
 0 0.633109
 0 0.633109
 0 0.633109
 0 0.633109
 0 0.63311
 0 0.633111
 0 0.633123
 0 0.633124
 0 0.633124
 0 0.633128
 0 0.633129
 0 0.63313
 0 0.633131
 0 0.633132
 0 0.633134
 0 0.633146
 0 0.633146
 0 0.633148
 0 0.633153
 0 0.633153
 0 0.633159
 0 0.633162
 0 0.633173
 0 0.633175
 0 0.633175
 0 0.633177
 0 0.633177
 0 0.633177
 0 0.633178
 0 0.633178
 0 0.633182
 0 0.633182
 0 0.633182
 0 0.633182
 0 0.633184
 0 0.633184
 0 0.633184
 0 0.633185
 0 0.633187
 0 0.633187
 0 0.633189
 0 0.633189
 0 0.633191
 0 0.633191
 0 0.633193
 0 0.633194
 0 0.633195
 0 0.633201
 0 0.633204
 0 0.633204
 0 0.633204
 0 0.633206
 0 0.633209
 0 0.633211
 0 0.633215
 0 0.633229
 0 0.633232
 0 0.633236
 0 0.633247
 0 0.633248
 0 0.633251
 0 0.633252
 0 0.633252
 0 0.633252
 0 0.633252
 0 0.633252
 0 0.633252
 0 0.633253
 0 0.633253
 0 0.633253
 0 0.633254
 0 0.633254
 0 0.633254
 0 0.633254
 0 0.633254
 0 0.633254
 0 0.633265
 0 0.633266
 0 0.633266
 0 0.633266
 0 0.633278
 0 0.633279
 0 0.633279
 0 0.633285
 0 0.633291
 0 0.633291
 0 0.633293
 0 0.633294
 0 0.633311
 0 0.633311
 0 0.633318
 0 0.633329
 0 0.633329
 0 0.633332
 0 0.633332
 0 0.633332
 0 0.633336
 0 0.633337
 0 0.633337
 0 0.633337
 0 0.633339
 0 0.633339
 0 0.633339
 0 0.633348
 0 0.633356
 0 0.633359
 0 0.633367
 0 0.633368
 0 0.633374
 0 0.633375
 0 0.633375
 0 0.633379
 0 0.633383
 0 0.63339
 0 0.633392
 0 0.633401
 0 0.633401
 0 0.633401
 0 0.633403
 0 0.633404
 0 0.633404
 0 0.633413
 0 0.633416
 0 0.63342
 0 0.633421
 0 0.633424
 0 0.633426
 0 0.633426
 0 0.633428
 0 0.633428
 0 0.633433
 0 0.633443
 0 0.633454
 0 0.633454
 0 0.633455
 0 0.633461
 0 0.633461
 0 0.633461
 0 0.633461
 0 0.633464
 0 0.633464
 0 0.633468
 0 0.63347
 0 0.633471
 0 0.633473
 0 0.633473
 0 0.633473
 0 0.633481
 0 0.633481
 0 0.633482
 0 0.633484
 0 0.633484
 0 0.633487
 0 0.633487
 0 0.633489
 0 0.633489
 0 0.6335
 0 0.633502
 0 0.633504
 0 0.633506
 0 0.633512
 0 0.633518
 0 0.633519
 0 0.633522
 0 0.633522
 0 0.633526
 0 0.633526
 0 0.63353
 0 0.633535
 0 0.633536
 0 0.633537
 0 0.633538
 0 0.633538
 0 0.633545
 0 0.633545
 0 0.633547
 0 0.633548
 0 0.633548
 0 0.633564
 0 0.633566
 0 0.633568
 0 0.633585
 0 0.633586
 0 0.633588
 0 0.633596
 0 0.633598
 0 0.633598
 0 0.633603
 0 0.633605
 0 0.633605
 0 0.633606
 0 0.633606
 0 0.633609
 0 0.633612
 0 0.633613
 0 0.633614
 0 0.633614
 0 0.633616
 0 0.633616
 0 0.633619
 0 0.633619
 0 0.633619
 0 0.633627
 0 0.633627
 0 0.633628
 0 0.633629
 0 0.63363
 0 0.63363
 0 0.633631
 0 0.633631
 0 0.633631
 0 0.633633
 0 0.633635
 0 0.633635
 0 0.633636
 0 0.633644
 0 0.633645
 0 0.633645
 0 0.633646
 0 0.633646
 0 0.633647
 0 0.633649
 0 0.633652
 0 0.633656
 0 0.633664
 0 0.633664
 0 0.633664
 0 0.633666
 0 0.633667
 0 0.633672
 0 0.633681
 0 0.633683
 0 0.633688
 0 0.633688
 0 0.633688
 0 0.633697
 0 0.633697
 0 0.633699
 0 0.633701
 0 0.633703
 0 0.633703
 0 0.633706
 0 0.633706
 0 0.633707
 0 0.633707
 0 0.633716
 0 0.633716
 0 0.633716
 0 0.633718
 0 0.633722
 0 0.633722
 0 0.633723
 0 0.633723
 0 0.633723
 0 0.633723
 0 0.633724
 0 0.633726
 0 0.633726
 0 0.633727
 0 0.633737
 0 0.633738
 0 0.63374
 0 0.63374
 0 0.63374
 0 0.633746
 0 0.633746
 0 0.633747
 0 0.633747
 0 0.633747
 0 0.633749
 0 0.633754
 0 0.633754
 0 0.633759
 0 0.633773
 0 0.633776
 0 0.633813
 0 0.633813
 0 0.633813
 0 0.633814
 0 0.633814
 0 0.63382
 0 0.633822
 0 0.633823
 0 0.633823
 0 0.633824
 0 0.633825
 0 0.633825
 0 0.633826
 0 0.633828
 0 0.633829
 0 0.633832
 0 0.633833
 0 0.633843
 0 0.633843
 0 0.633851
 0 0.633851
 0 0.633852
 0 0.633853
 0 0.633862
 0 0.633862
 0 0.633862
 0 0.633863
 0 0.633863
 0 0.633864
 0 0.633865
 0 0.633867
 0 0.633869
 0 0.633869
 0 0.633877
 0 0.633879
 0 0.633881
 0 0.633881
 0 0.633882
 0 0.633882
 0 0.633894
 0 0.633894
 0 0.6339
 0 0.633901
 0 0.633902
 0 0.633904
 0 0.633904
 0 0.633904
 0 0.633905
 0 0.633906
 0 0.633906
 0 0.633909
 0 0.63391
 0 0.633911
 0 0.633912
 0 0.633912
 0 0.633913
 0 0.633913
 0 0.63393
 0 0.633932
 0 0.633932
 0 0.633932
 0 0.633932
 0 0.633932
 0 0.633958
 0 0.633963
 0 0.633964
 0 0.633966
 0 0.633971
 0 0.633974
 0 0.633975
 0 0.63398
 0 0.633982
 0 0.633983
 0 0.633983
 0 0.633983
 0 0.633991
 0 0.633994
 0 0.633999
 0 0.634001
 0 0.634002
 0 0.634009
 0 0.634009
 0 0.634012
 0 0.634015
 0 0.634015
 0 0.634015
 0 0.634017
 0 0.634025
 0 0.634025
 0 0.634025
 0 0.634036
 0 0.634036
 0 0.634039
 0 0.634041
 0 0.634043
 0 0.634044
 0 0.634063
 0 0.634075
 0 0.634075
 0 0.634075
 0 0.634095
 0 0.634095
 0 0.634095
 0 0.634095
 0 0.634095
 0 0.634112
 0 0.634116
 0 0.634125
 0 0.634137
 0 0.634137
 0 0.634141
 0 0.634141
 0 0.634152
 0 0.634175
 0 0.634175
 0 0.634178
 0 0.634183
 0 0.634183
 0 0.634184
 0 0.634185
 0 0.634188
 0 0.634191
 0 0.634192
 0 0.634202
 0 0.634205
 0 0.634206
 0 0.634206
 0 0.634212
 0 0.634213
 0 0.634214
 0 0.634215
 0 0.634217
 0 0.634219
 0 0.634221
 0 0.634221
 0 0.634221
 0 0.634232
 0 0.634233
 0 0.634237
 0 0.634238
 0 0.63425
 0 0.63425
 0 0.634251
 0 0.634252
 0 0.634252
 0 0.634252
 0 0.634252
 0 0.634258
 0 0.63426
 0 0.634263
 0 0.634264
 0 0.634279
 0 0.63428
 0 0.63428
 0 0.63428
 0 0.634282
 0 0.634282
 0 0.634284
 0 0.6343
 0 0.6343
 0 0.634304
 0 0.634305
 0 0.634312
 0 0.634312
 0 0.634326
 0 0.634328
 0 0.634341
 0 0.634351
 0 0.634355
 0 0.634357
 0 0.634358
 0 0.634358
 0 0.634384
 0 0.634384
 0 0.634384
 0 0.634404
 0 0.634404
 0 0.634405
 0 0.634405
 0 0.634405
 0 0.634411
 0 0.634425
 0 0.63443
 0 0.63443
 0 0.63443
 0 0.634435
 0 0.634445
 0 0.634447
 0 0.634461
 0 0.634463
 0 0.634472
 0 0.634477
 0 0.634479
 0 0.634482
 0 0.634482
 0 0.634483
 0 0.634484
 0 0.634484
 0 0.634484
 0 0.634498
 0 0.634498
 0 0.634509
 0 0.634509
 0 0.634516
 0 0.634532
 0 0.634547
 0 0.634548
 0 0.634553
 0 0.634554
 0 0.634554
 0 0.634555
 0 0.634566
 0 0.634567
 0 0.63457
 0 0.63457
 0 0.634571
 0 0.634571
 0 0.634574
 0 0.634576
 0 0.634576
 0 0.634578
 0 0.634578
 0 0.634579
 0 0.634582
 0 0.634585
 0 0.634587
 0 0.634588
 0 0.634588
 0 0.634588
 0 0.63459
 0 0.634604
 0 0.63461
 0 0.63461
 0 0.634611
 0 0.634616
 0 0.634616
 0 0.634617
 0 0.634619
 0 0.634621
 0 0.634628
 0 0.63463
 0 0.634641
 0 0.634643
 0 0.634646
 0 0.634647
 0 0.634649
 0 0.63465
 0 0.63465
 0 0.63465
 0 0.634651
 0 0.634652
 0 0.634662
 0 0.634662
 0 0.634669
 0 0.63467
 0 0.634678
 0 0.634678
 0 0.634678
 0 0.63468
 0 0.634684
 0 0.634685
 0 0.634685
 0 0.634694
 0 0.634715
 0 0.634715
 0 0.634731
 0 0.634742
 0 0.634743
 0 0.634754
 0 0.634755
 0 0.634755
 0 0.634755
 0 0.634755
 0 0.634755
 0 0.634757
 0 0.634757
 0 0.634776
 0 0.634777
 0 0.634786
 0 0.634792
 0 0.634792
 0 0.634795
 0 0.634796
 0 0.634799
 0 0.634799
 0 0.6348
 0 0.634802
 0 0.634804
 0 0.634805
 0 0.634813
 0 0.634814
 0 0.634825
 0 0.634828
 0 0.634829
 0 0.634832
 0 0.634833
 0 0.634833
 0 0.634833
 0 0.634838
 0 0.634843
 0 0.634844
 0 0.634846
 0 0.634851
 0 0.634861
 0 0.634861
 0 0.634862
 0 0.634862
 0 0.634877
 0 0.634878
 0 0.634878
 0 0.634881
 0 0.634882
 0 0.634882
 0 0.634886
 0 0.634914
 0 0.63493
 0 0.63493
 0 0.634931
 0 0.634932
 0 0.634934
 0 0.634936
 0 0.634936
 0 0.634936
 0 0.634964
 0 0.634966
 0 0.634971
 0 0.634971
 0 0.635032
 0 0.635033
 0 0.635038
 0 0.635038
 0 0.635038
 0 0.635039
 0 0.635039
 0 0.63504
 0 0.635042
 0 0.635043
 0 0.635044
 0 0.635046
 0 0.635046
 0 0.63506
 0 0.63506
 0 0.635063
 0 0.635064
 0 0.635074
 0 0.635078
 0 0.635078
 0 0.635078
 0 0.635084
 0 0.635085
 0 0.635086
 0 0.635088
 0 0.635088
 0 0.635122
 0 0.635135
 0 0.635139
 0 0.635142
 0 0.635144
 0 0.635144
 0 0.635144
 0 0.635148
 0 0.635148
 0 0.635149
 0 0.635149
 0 0.635151
 0 0.635153
 0 0.635156
 0 0.635185
 0 0.635189
 0 0.635192
 0 0.635193
 0 0.635205
 0 0.635232
 0 0.635232
 0 0.635234
 0 0.635236
 0 0.63524
 0 0.635246
 0 0.63525
 0 0.635253
 0 0.63529
 0 0.635292
 0 0.635306
 0 0.635314
 0 0.635321
 0 0.635324
 0 0.635324
 0 0.635324
 0 0.635324
 0 0.635345
 0 0.635349
 0 0.63535
 0 0.635361
 0 0.635361
 0 0.635373
 0 0.635373
 0 0.635375
 0 0.635376
 0 0.635388
 0 0.635388
 0 0.635405
 0 0.635411
 0 0.635418
 0 0.635419
 0 0.635419
 0 0.635435
 0 0.635435
 0 0.635467
 0 0.635469
 0 0.635469
 0 0.635469
 0 0.635469
 0 0.635484
 0 0.635484
 0 0.635497
 0 0.635497
 0 0.635505
 0 0.635512
 0 0.635512
 0 0.635512
 0 0.635513
 0 0.635515
 0 0.635521
 0 0.635523
 0 0.635526
 0 0.635526
 0 0.635534
 0 0.635534
 0 0.63554
 0 0.635543
 0 0.635543
 0 0.635543
 0 0.63555
 0 0.635551
 0 0.635562
 0 0.635563
 0 0.635563
 0 0.635581
 0 0.635581
 0 0.635589
 0 0.63559
 0 0.635595
 0 0.635602
 0 0.635602
 0 0.635615
 0 0.635617
 0 0.635617
 0 0.635618
 0 0.63562
 0 0.635624
 0 0.635625
 0 0.635626
 0 0.635627
 0 0.635631
 0 0.635677
 0 0.635681
 0 0.635688
 0 0.63569
 0 0.63569
 0 0.635691
 0 0.635714
 0 0.635714
 0 0.635717
 0 0.635721
 0 0.635721
 0 0.63573
 0 0.63575
 0 0.635751
 0 0.635751
 0 0.635753
 0 0.635771
 0 0.635785
 0 0.635805
 0 0.635811
 0 0.635816
 0 0.635816
 0 0.635816
 0 0.635818
 0 0.635819
 0 0.635821
 0 0.635822
 0 0.635822
 0 0.635826
 0 0.635829
 0 0.635831
 0 0.635832
 0 0.635838
 0 0.635838
 0 0.635852
 0 0.635855
 0 0.635859
 0 0.635859
 0 0.635864
 0 0.635866
 0 0.635866
 0 0.63589
 0 0.635895
 0 0.635896
 0 0.635896
 0 0.635907
 0 0.635921
 0 0.635925
 0 0.635927
 0 0.635928
 0 0.635932
 0 0.635932
 0 0.635934
 0 0.635935
 0 0.635937
 0 0.635963
 0 0.635963
 0 0.63597
 0 0.635983
 0 0.635983
 0 0.635983
 0 0.636046
 0 0.636049
 0 0.636049
 0 0.636078
 0 0.636121
 0 0.636126
 0 0.636126
 0 0.636127
 0 0.636142
 0 0.636142
 0 0.636144
 0 0.636147
 0 0.636153
 0 0.636156
 0 0.636157
 0 0.636191
 0 0.636192
 0 0.636193
 0 0.636193
 0 0.636193
 0 0.636201
 0 0.636231
 0 0.636231
 0 0.636254
 0 0.636254
 0 0.636254
 0 0.636254
 0 0.636254
 0 0.636256
 0 0.636259
 0 0.636259
 0 0.636259
 0 0.63629
 0 0.63629
 0 0.63629
 0 0.636295
 0 0.636295
 0 0.636295
 0 0.636295
 0 0.636295
 0 0.63631
 0 0.636311
 0 0.636329
 0 0.636359
 0 0.636361
 0 0.636362
 0 0.636362
 0 0.636372
 0 0.636372
 0 0.636409
 0 0.636411
 0 0.636412
 0 0.636423
 0 0.636423
 0 0.636423
 0 0.636431
 0 0.636431
 0 0.636435
 0 0.636435
 0 0.636435
 0 0.636435
 0 0.636481
 0 0.636481
 0 0.636481
 0 0.636485
 0 0.636485
 0 0.636504
 0 0.636504
 0 0.636524
 0 0.636529
 0 0.636542
 0 0.636542
 0 0.636546
 0 0.636586
 0 0.636587
 0 0.636599
 0 0.636602
 0 0.636604
 0 0.636632
 0 0.636635
 0 0.636636
 0 0.636638
 0 0.636638
 0 0.636638
 0 0.636638
 0 0.636658
 0 0.636659
 0 0.636661
 0 0.63671
 0 0.636729
 0 0.636756
 0 0.63676
 0 0.636761
 0 0.636761
 0 0.636762
 0 0.636762
 0 0.636768
 0 0.636769
 0 0.636769
 0 0.636769
 0 0.636789
 0 0.63679
 0 0.63679
 0 0.636795
 0 0.636801
 0 0.636802
 0 0.636803
 0 0.636805
 0 0.636808
 0 0.636808
 0 0.636818
 0 0.636818
 0 0.636824
 0 0.636829
 0 0.63683
 0 0.63683
 0 0.636833
 0 0.636843
 0 0.636844
 0 0.636847
 0 0.63686
 0 0.63686
 0 0.636862
 0 0.636864
 0 0.636867
 0 0.636871
 0 0.636879
 0 0.636879
 0 0.636884
 0 0.636901
 0 0.636902
 0 0.636912
 0 0.636915
 0 0.636934
 0 0.636938
 0 0.636989
 0 0.637
 0 0.637001
 0 0.63701
 0 0.63701
 0 0.637014
 0 0.637015
 0 0.637021
 0 0.637024
 0 0.637037
 0 0.637064
 0 0.637065
 0 0.637066
 0 0.637077
 0 0.637079
 0 0.637079
 0 0.63708
 0 0.637082
 0 0.637083
 0 0.637097
 0 0.637112
 0 0.637112
 0 0.637114
 0 0.63717
 0 0.63717
 0 0.637188
 0 0.63719
 0 0.637195
 0 0.637225
 0 0.637225
 0 0.637227
 0 0.63723
 0 0.63724
 0 0.637243
 0 0.637249
 0 0.637252
 0 0.637252
 0 0.637254
 0 0.637255
 0 0.637309
 0 0.637311
 0 0.637329
 0 0.637346
 0 0.637346
 0 0.637347
 0 0.637347
 0 0.637362
 0 0.637411
 0 0.637411
 0 0.637411
 0 0.637413
 0 0.637421
 0 0.637421
 0 0.637422
 0 0.637423
 0 0.637517
 0 0.637543
 0 0.637545
 0 0.637546
 0 0.637546
 0 0.637546
 0 0.637548
 0 0.637557
 0 0.637557
 0 0.637604
 0 0.637624
 0 0.637624
 0 0.637627
 0 0.63766
 0 0.637672
 0 0.637673
 0 0.637673
 0 0.637673
 0 0.637792
 0 0.637792
 0 0.637792
 0 0.637792
 0 0.637794
 0 0.637829
 0 0.637834
 0 0.637836
 0 0.637836
 0 0.637836
 0 0.637865
 0 0.637865
 0 0.637866
 0 0.63791
 0 0.637918
 0 0.637928
 0 0.637928
 0 0.637957
 0 0.637959
 0 0.63797
 0 0.63797
 0 0.637974
 0 0.637974
 0 0.637991
 0 0.637991
 0 0.637991
 0 0.637994
 0 0.638004
 0 0.638004
 0 0.638019
 0 0.63804
 0 0.638072
 0 0.638072
 0 0.638074
 0 0.638074
 0 0.63808
 0 0.638162
 0 0.638166
 0 0.638168
 0 0.638282
 0 0.638324
 0 0.638324
 0 0.638336
 0 0.638337
 0 0.638418
 0 0.638419
 0 0.63842
 0 0.638455
 0 0.638455
 0 0.638455
 0 0.638455
 0 0.638568
 0 0.638568
 0 0.638569
 0 0.638727
 0 0.638865
 0 0.638867
 0 0.638869
 0 0.638973
 0 0.638973
 0 0.639005
 0 0.639258
 0 0.639258
 0 0.639258
 0 0.639259
 0 0.639324
 0 0.639406
 0 0.639407
 0 0.639413
 0 0.639533
 0 0.639688
 0 0.639835
 0 0.639853
 0 0.639854
 0 0.63999
 0 0.639991
 0 0.639993
 0 0.639993
 0 0.640031
 0 0.640032
 0 0.640299
 0 0.6403
 0 0.640365
 0 0.640391
 0 0.640725
 0 0.640725
 0 0.640727
 0 0.640765
 0 0.640767
 0 0.64078
 0 0.640783
 0 0.640967
 0 0.64097
 0 0.640977
 0 0.641061
 0 0.641105
 0 0.641163
 0 0.64119
 0 0.641191
 0 0.641201
 0 0.641204
 0 0.641204
 0 0.641209
 0 0.641209
 0 0.64121
 0 0.641213
 0 0.641217
 0 0.641217
 0 0.641219
 0 0.641219
 0 0.641257
 0 0.641276
 0 0.641378
 0 0.641494
 0 0.641496
 0 0.64151
 0 0.641511
 0 0.641512
 0 0.641539
 0 0.641633
 0 0.641633
 0 0.641635
 0 0.641638
 0 0.641645
 0 0.641647
 0 0.64178
 0 0.64178
 0 0.64185
 0 0.641853
 0 0.642105
 0 0.642239
 0 0.642277
 0 0.642436
 0 0.642439
 0 0.642608
 0 0.642608
 0 0.643079
 0 0.643082
 0 0.643624
 0 0.643627
 0 0.644114
 0 0.644337
 0 0.644338
 0 0.644827
 0 0.645
 0 0.645627
 0 0.645629
 0 0.64563
 0 0.645631
 0 0.645634
 0 0.645789
 0 0.646507
 0 0.646566
 0 0.646566
 0 0.646662
 0 0.646662
 0 3.42526
 0 3.42526
 0 3.42554
 0 3.4261
 0 3.4261
 0 3.42639
 0 inf
