 0 0.61913
 0 0.619133
 0 0.619133
 0 0.619983
 0 0.619983
 0 0.620362
 0 0.620362
 0 0.620457
 0 0.620829
 0 0.621245
 0 0.621246
 0 0.621311
 0 0.621313
 0 0.621535
 0 0.621536
 0 0.621711
 0 0.621773
 0 0.621774
 0 0.621775
 0 0.62202
 0 0.622049
 0 0.62222
 0 0.62222
 0 0.622245
 0 0.622521
 0 0.622599
 0 0.622758
 0 0.622759
 0 0.62276
 0 0.622832
 0 0.622836
 0 0.622836
 0 0.623011
 0 0.623011
 0 0.623215
 0 0.623215
 0 0.623215
 0 0.623215
 0 0.623215
 0 0.623217
 0 0.62322
 0 0.623261
 0 0.623261
 0 0.623399
 0 0.623399
 0 0.623617
 0 0.623622
 0 0.623622
 0 0.623622
 0 0.623659
 0 0.623668
 0 0.623763
 0 0.623797
 0 0.623799
 0 0.624051
 0 0.624059
 0 0.62423
 0 0.624263
 0 0.624266
 0 0.62428
 0 0.624326
 0 0.624328
 0 0.624374
 0 0.624374
 0 0.624374
 0 0.624404
 0 0.624405
 0 0.624502
 0 0.624503
 0 0.624539
 0 0.624541
 0 0.624541
 0 0.624596
 0 0.624597
 0 0.624599
 0 0.624599
 0 0.624633
 0 0.624637
 0 0.624647
 0 0.624651
 0 0.624666
 0 0.624668
 0 0.624668
 0 0.624702
 0 0.624702
 0 0.624703
 0 0.624842
 0 0.624859
 0 0.624859
 0 0.624898
 0 0.624965
 0 0.624967
 0 0.625
 0 0.625
 0 0.625219
 0 0.625222
 0 0.625222
 0 0.625256
 0 0.625343
 0 0.625446
 0 0.625446
 0 0.625494
 0 0.625545
 0 0.625552
 0 0.625577
 0 0.625584
 0 0.625586
 0 0.625588
 0 0.625621
 0 0.625623
 0 0.625623
 0 0.625734
 0 0.625735
 0 0.625737
 0 0.625749
 0 0.62575
 0 0.62575
 0 0.625783
 0 0.625914
 0 0.62603
 0 0.626031
 0 0.626032
 0 0.626054
 0 0.626058
 0 0.6261
 0 0.626143
 0 0.626143
 0 0.626177
 0 0.626258
 0 0.626259
 0 0.626259
 0 0.626345
 0 0.626345
 0 0.626349
 0 0.626355
 0 0.626355
 0 0.626418
 0 0.62646
 0 0.626507
 0 0.62651
 0 0.62651
 0 0.626522
 0 0.626525
 0 0.626573
 0 0.626573
 0 0.62658
 0 0.626582
 0 0.626582
 0 0.626586
 0 0.626586
 0 0.626605
 0 0.626607
 0 0.626607
 0 0.626609
 0 0.626613
 0 0.626613
 0 0.626621
 0 0.626621
 0 0.626624
 0 0.626624
 0 0.626725
 0 0.626725
 0 0.626738
 0 0.626742
 0 0.626743
 0 0.626745
 0 0.626748
 0 0.626748
 0 0.62679
 0 0.626891
 0 0.626893
 0 0.62692
 0 0.626959
 0 0.62696
 0 0.626961
 0 0.626964
 0 0.626968
 0 0.626968
 0 0.626968
 0 0.62697
 0 0.62699
 0 0.626991
 0 0.626991
 0 0.626992
 0 0.626992
 0 0.627022
 0 0.627035
 0 0.627181
 0 0.627182
 0 0.627184
 0 0.627185
 0 0.62725
 0 0.62725
 0 0.62725
 0 0.627289
 0 0.627289
 0 0.627295
 0 0.627295
 0 0.627295
 0 0.627301
 0 0.627378
 0 0.6274
 0 0.6274
 0 0.627477
 0 0.627483
 0 0.627485
 0 0.627498
 0 0.627499
 0 0.627504
 0 0.627518
 0 0.627523
 0 0.62753
 0 0.62753
 0 0.62753
 0 0.627552
 0 0.627592
 0 0.6276
 0 0.627604
 0 0.627604
 0 0.627604
 0 0.627616
 0 0.627616
 0 0.627672
 0 0.627672
 0 0.627673
 0 0.627673
 0 0.627673
 0 0.627708
 0 0.627708
 0 0.627711
 0 0.627712
 0 0.627741
 0 0.627745
 0 0.627746
 0 0.627763
 0 0.627763
 0 0.627774
 0 0.627797
 0 0.6278
 0 0.627871
 0 0.627887
 0 0.627889
 0 0.62789
 0 0.627892
 0 0.627917
 0 0.627935
 0 0.627996
 0 0.628
 0 0.628017
 0 0.628051
 0 0.628051
 0 0.628053
 0 0.628073
 0 0.628185
 0 0.628203
 0 0.628214
 0 0.628217
 0 0.628221
 0 0.628245
 0 0.628294
 0 0.628295
 0 0.628295
 0 0.628296
 0 0.628307
 0 0.628308
 0 0.628309
 0 0.62831
 0 0.628317
 0 0.628322
 0 0.628326
 0 0.628326
 0 0.628328
 0 0.628334
 0 0.628335
 0 0.628335
 0 0.628337
 0 0.628361
 0 0.628365
 0 0.628367
 0 0.628376
 0 0.628379
 0 0.628379
 0 0.62838
 0 0.62838
 0 0.62838
 0 0.628382
 0 0.628389
 0 0.628411
 0 0.628423
 0 0.628425
 0 0.628426
 0 0.628428
 0 0.628437
 0 0.628442
 0 0.628442
 0 0.628442
 0 0.62846
 0 0.628468
 0 0.628477
 0 0.628478
 0 0.628478
 0 0.628479
 0 0.628496
 0 0.628496
 0 0.628499
 0 0.6285
 0 0.6285
 0 0.6285
 0 0.628501
 0 0.628519
 0 0.628519
 0 0.62852
 0 0.628563
 0 0.628564
 0 0.628565
 0 0.628565
 0 0.628569
 0 0.628608
 0 0.62861
 0 0.62861
 0 0.62861
 0 0.628664
 0 0.628667
 0 0.628667
 0 0.628684
 0 0.628684
 0 0.628715
 0 0.628717
 0 0.628729
 0 0.628729
 0 0.628755
 0 0.628755
 0 0.628763
 0 0.62884
 0 0.628843
 0 0.628844
 0 0.628856
 0 0.628862
 0 0.628898
 0 0.628901
 0 0.628905
 0 0.628917
 0 0.628919
 0 0.628946
 0 0.628947
 0 0.628948
 0 0.628984
 0 0.628985
 0 0.628985
 0 0.628994
 0 0.628994
 0 0.628997
 0 0.628999
 0 0.628999
 0 0.629016
 0 0.629016
 0 0.629046
 0 0.629073
 0 0.629073
 0 0.629076
 0 0.629076
 0 0.629091
 0 0.629091
 0 0.629091
 0 0.629092
 0 0.629099
 0 0.629099
 0 0.629104
 0 0.629104
 0 0.629136
 0 0.629147
 0 0.629162
 0 0.629182
 0 0.629182
 0 0.629182
 0 0.629187
 0 0.629187
 0 0.62919
 0 0.629209
 0 0.62921
 0 0.629225
 0 0.629225
 0 0.629226
 0 0.629228
 0 0.629233
 0 0.629258
 0 0.62926
 0 0.629288
 0 0.629288
 0 0.629288
 0 0.6293
 0 0.629304
 0 0.629304
 0 0.62934
 0 0.629344
 0 0.629361
 0 0.629385
 0 0.629397
 0 0.629403
 0 0.629405
 0 0.629408
 0 0.629417
 0 0.629432
 0 0.629432
 0 0.629434
 0 0.629451
 0 0.629451
 0 0.629452
 0 0.629453
 0 0.629453
 0 0.629455
 0 0.629462
 0 0.629462
 0 0.629466
 0 0.629485
 0 0.629496
 0 0.629499
 0 0.629516
 0 0.629518
 0 0.629518
 0 0.629558
 0 0.629558
 0 0.629569
 0 0.629579
 0 0.62958
 0 0.629582
 0 0.629595
 0 0.629595
 0 0.629595
 0 0.629607
 0 0.629607
 0 0.629608
 0 0.629613
 0 0.629613
 0 0.629613
 0 0.629616
 0 0.629617
 0 0.629622
 0 0.629622
 0 0.629625
 0 0.629626
 0 0.629626
 0 0.629626
 0 0.629626
 0 0.629626
 0 0.629627
 0 0.62963
 0 0.629636
 0 0.629636
 0 0.629649
 0 0.629649
 0 0.629653
 0 0.629653
 0 0.629671
 0 0.629671
 0 0.629671
 0 0.629681
 0 0.629693
 0 0.629697
 0 0.629697
 0 0.629698
 0 0.629698
 0 0.629701
 0 0.62972
 0 0.629721
 0 0.629721
 0 0.629724
 0 0.629752
 0 0.629755
 0 0.629763
 0 0.629783
 0 0.629783
 0 0.629811
 0 0.629817
 0 0.629831
 0 0.629833
 0 0.629849
 0 0.629853
 0 0.629855
 0 0.629889
 0 0.62989
 0 0.62989
 0 0.629894
 0 0.629914
 0 0.629924
 0 0.629925
 0 0.629926
 0 0.629926
 0 0.62993
 0 0.629951
 0 0.629953
 0 0.629975
 0 0.629975
 0 0.629977
 0 0.62998
 0 0.62998
 0 0.629986
 0 0.629989
 0 0.629989
 0 0.629991
 0 0.630001
 0 0.630005
 0 0.630005
 0 0.630022
 0 0.630052
 0 0.630056
 0 0.630057
 0 0.630057
 0 0.630057
 0 0.630062
 0 0.630099
 0 0.630099
 0 0.630099
 0 0.630099
 0 0.630113
 0 0.630113
 0 0.630143
 0 0.630143
 0 0.630145
 0 0.630151
 0 0.630154
 0 0.630157
 0 0.630236
 0 0.630242
 0 0.630243
 0 0.630261
 0 0.630261
 0 0.630267
 0 0.630267
 0 0.630268
 0 0.630272
 0 0.63028
 0 0.630284
 0 0.630286
 0 0.630287
 0 0.630289
 0 0.630295
 0 0.630349
 0 0.630349
 0 0.630349
 0 0.630349
 0 0.630351
 0 0.630353
 0 0.630365
 0 0.630372
 0 0.630376
 0 0.630382
 0 0.630382
 0 0.630383
 0 0.630383
 0 0.630415
 0 0.630423
 0 0.63043
 0 0.630464
 0 0.630464
 0 0.630472
 0 0.630474
 0 0.630475
 0 0.630485
 0 0.630488
 0 0.630508
 0 0.630508
 0 0.630509
 0 0.630516
 0 0.630517
 0 0.630522
 0 0.630528
 0 0.630528
 0 0.630529
 0 0.630529
 0 0.630529
 0 0.630538
 0 0.630557
 0 0.630563
 0 0.630563
 0 0.630583
 0 0.630583
 0 0.630585
 0 0.630603
 0 0.630603
 0 0.630638
 0 0.630639
 0 0.630639
 0 0.630643
 0 0.630649
 0 0.630661
 0 0.630661
 0 0.63067
 0 0.63067
 0 0.630687
 0 0.630694
 0 0.630696
 0 0.630699
 0 0.630699
 0 0.630705
 0 0.630706
 0 0.630723
 0 0.630725
 0 0.630726
 0 0.630752
 0 0.630759
 0 0.630785
 0 0.630802
 0 0.630806
 0 0.630806
 0 0.630809
 0 0.63081
 0 0.630826
 0 0.630826
 0 0.630828
 0 0.630869
 0 0.630871
 0 0.630871
 0 0.630871
 0 0.630896
 0 0.630897
 0 0.630897
 0 0.630897
 0 0.630914
 0 0.630926
 0 0.630962
 0 0.630962
 0 0.630963
 0 0.630986
 0 0.630994
 0 0.631003
 0 0.631007
 0 0.631007
 0 0.631008
 0 0.631011
 0 0.631011
 0 0.631011
 0 0.631014
 0 0.631015
 0 0.631015
 0 0.631018
 0 0.631018
 0 0.631018
 0 0.631018
 0 0.63102
 0 0.63102
 0 0.631027
 0 0.631027
 0 0.631032
 0 0.631034
 0 0.631038
 0 0.631059
 0 0.631059
 0 0.631069
 0 0.631072
 0 0.631072
 0 0.631086
 0 0.631088
 0 0.631096
 0 0.631096
 0 0.6311
 0 0.631101
 0 0.631101
 0 0.631128
 0 0.631129
 0 0.631129
 0 0.63113
 0 0.631132
 0 0.631132
 0 0.631148
 0 0.631149
 0 0.631194
 0 0.631208
 0 0.631212
 0 0.631223
 0 0.631235
 0 0.631243
 0 0.631244
 0 0.631246
 0 0.631255
 0 0.631268
 0 0.63127
 0 0.631271
 0 0.631271
 0 0.631274
 0 0.631277
 0 0.631279
 0 0.631287
 0 0.631291
 0 0.6313
 0 0.6313
 0 0.6313
 0 0.631301
 0 0.631302
 0 0.631304
 0 0.631304
 0 0.631306
 0 0.631307
 0 0.631311
 0 0.631312
 0 0.631312
 0 0.631312
 0 0.631313
 0 0.631314
 0 0.631335
 0 0.631345
 0 0.631384
 0 0.631388
 0 0.631389
 0 0.631391
 0 0.631397
 0 0.631398
 0 0.631401
 0 0.631401
 0 0.631402
 0 0.631402
 0 0.631404
 0 0.631417
 0 0.631458
 0 0.63146
 0 0.63146
 0 0.631461
 0 0.631461
 0 0.631461
 0 0.631463
 0 0.631464
 0 0.631466
 0 0.631476
 0 0.631478
 0 0.631478
 0 0.631488
 0 0.631488
 0 0.63149
 0 0.63149
 0 0.631492
 0 0.631494
 0 0.631494
 0 0.631494
 0 0.631496
 0 0.631548
 0 0.631548
 0 0.631552
 0 0.631552
 0 0.631558
 0 0.631575
 0 0.631595
 0 0.631598
 0 0.631598
 0 0.631602
 0 0.631605
 0 0.631605
 0 0.631609
 0 0.631621
 0 0.631637
 0 0.631638
 0 0.631639
 0 0.631649
 0 0.63165
 0 0.63165
 0 0.631653
 0 0.631654
 0 0.631654
 0 0.631659
 0 0.631679
 0 0.631681
 0 0.631684
 0 0.631701
 0 0.631705
 0 0.63171
 0 0.63171
 0 0.631712
 0 0.631717
 0 0.631732
 0 0.631733
 0 0.631735
 0 0.631755
 0 0.631758
 0 0.631782
 0 0.631791
 0 0.631793
 0 0.631805
 0 0.631807
 0 0.631811
 0 0.631812
 0 0.631812
 0 0.631812
 0 0.631815
 0 0.631821
 0 0.631823
 0 0.631823
 0 0.631823
 0 0.631826
 0 0.631826
 0 0.631826
 0 0.631828
 0 0.631828
 0 0.631837
 0 0.631838
 0 0.631838
 0 0.631859
 0 0.631859
 0 0.631859
 0 0.631868
 0 0.63187
 0 0.63187
 0 0.63188
 0 0.63188
 0 0.631883
 0 0.631883
 0 0.631884
 0 0.631885
 0 0.631891
 0 0.631891
 0 0.631895
 0 0.631897
 0 0.631898
 0 0.631909
 0 0.631909
 0 0.63191
 0 0.631912
 0 0.631914
 0 0.631918
 0 0.631918
 0 0.631918
 0 0.631945
 0 0.631955
 0 0.631955
 0 0.631955
 0 0.631956
 0 0.631974
 0 0.632004
 0 0.632006
 0 0.632019
 0 0.632019
 0 0.632019
 0 0.632028
 0 0.632033
 0 0.632041
 0 0.632041
 0 0.632041
 0 0.632066
 0 0.632081
 0 0.632081
 0 0.632103
 0 0.632103
 0 0.632104
 0 0.632104
 0 0.632105
 0 0.632107
 0 0.632107
 0 0.63211
 0 0.632111
 0 0.632128
 0 0.632154
 0 0.632159
 0 0.632161
 0 0.632161
 0 0.632176
 0 0.632176
 0 0.632177
 0 0.632179
 0 0.632182
 0 0.632199
 0 0.632199
 0 0.632205
 0 0.632207
 0 0.632209
 0 0.63221
 0 0.632218
 0 0.632219
 0 0.63223
 0 0.632231
 0 0.632237
 0 0.632237
 0 0.632267
 0 0.632269
 0 0.632269
 0 0.632269
 0 0.63227
 0 0.63227
 0 0.632272
 0 0.632296
 0 0.63232
 0 0.632322
 0 0.632322
 0 0.632323
 0 0.632323
 0 0.632325
 0 0.632325
 0 0.632325
 0 0.632335
 0 0.632335
 0 0.632335
 0 0.632335
 0 0.632335
 0 0.632335
 0 0.632345
 0 0.632355
 0 0.632356
 0 0.632357
 0 0.632357
 0 0.632357
 0 0.632358
 0 0.632361
 0 0.632373
 0 0.632374
 0 0.632402
 0 0.632402
 0 0.632403
 0 0.632411
 0 0.632412
 0 0.632412
 0 0.632424
 0 0.632425
 0 0.632425
 0 0.63243
 0 0.632476
 0 0.632481
 0 0.632483
 0 0.632489
 0 0.632491
 0 0.632506
 0 0.63251
 0 0.632519
 0 0.632522
 0 0.632533
 0 0.632537
 0 0.632547
 0 0.632548
 0 0.632548
 0 0.632557
 0 0.63256
 0 0.63256
 0 0.63256
 0 0.63256
 0 0.632574
 0 0.632585
 0 0.632587
 0 0.632588
 0 0.632588
 0 0.6326
 0 0.632615
 0 0.632616
 0 0.632623
 0 0.632626
 0 0.632627
 0 0.632628
 0 0.632628
 0 0.632629
 0 0.632629
 0 0.63263
 0 0.63263
 0 0.632631
 0 0.632638
 0 0.632645
 0 0.632646
 0 0.632655
 0 0.632656
 0 0.632657
 0 0.632657
 0 0.632658
 0 0.632663
 0 0.632667
 0 0.632667
 0 0.632674
 0 0.632688
 0 0.63271
 0 0.632712
 0 0.632713
 0 0.632721
 0 0.632732
 0 0.632732
 0 0.63274
 0 0.63274
 0 0.632749
 0 0.632749
 0 0.632752
 0 0.632752
 0 0.632752
 0 0.632763
 0 0.632774
 0 0.632774
 0 0.632774
 0 0.632775
 0 0.63278
 0 0.632782
 0 0.632784
 0 0.632786
 0 0.632791
 0 0.63281
 0 0.632811
 0 0.63283
 0 0.632843
 0 0.632843
 0 0.632844
 0 0.632844
 0 0.632845
 0 0.632847
 0 0.632848
 0 0.632848
 0 0.63285
 0 0.632851
 0 0.632855
 0 0.632855
 0 0.632866
 0 0.632866
 0 0.632867
 0 0.632869
 0 0.632876
 0 0.632917
 0 0.632932
 0 0.632934
 0 0.632947
 0 0.63296
 0 0.63296
 0 0.632967
 0 0.63297
 0 0.632992
 0 0.632993
 0 0.633
 0 0.633028
 0 0.633038
 0 0.633044
 0 0.633044
 0 0.633062
 0 0.633078
 0 0.633081
 0 0.633082
 0 0.633082
 0 0.633084
 0 0.633085
 0 0.63309
 0 0.63309
 0 0.633113
 0 0.633116
 0 0.633128
 0 0.633132
 0 0.633132
 0 0.633185
 0 0.63319
 0 0.633192
 0 0.633192
 0 0.633192
 0 0.633192
 0 0.633202
 0 0.633202
 0 0.633203
 0 0.633203
 0 0.633203
 0 0.633206
 0 0.633208
 0 0.633213
 0 0.633213
 0 0.633215
 0 0.633217
 0 0.633219
 0 0.633221
 0 0.633262
 0 0.633263
 0 0.633285
 0 0.633286
 0 0.633286
 0 0.633305
 0 0.633306
 0 0.633309
 0 0.633318
 0 0.633334
 0 0.633336
 0 0.633336
 0 0.633336
 0 0.633336
 0 0.633336
 0 0.633337
 0 0.633337
 0 0.633338
 0 0.633351
 0 0.633353
 0 0.633354
 0 0.633355
 0 0.633357
 0 0.633357
 0 0.633361
 0 0.633361
 0 0.633362
 0 0.633362
 0 0.633367
 0 0.633394
 0 0.633395
 0 0.633396
 0 0.633411
 0 0.633412
 0 0.633416
 0 0.633418
 0 0.633418
 0 0.633418
 0 0.633419
 0 0.633421
 0 0.633422
 0 0.633436
 0 0.63344
 0 0.633442
 0 0.633446
 0 0.633446
 0 0.633446
 0 0.633446
 0 0.633468
 0 0.63347
 0 0.6335
 0 0.6335
 0 0.6335
 0 0.6335
 0 0.6335
 0 0.633506
 0 0.633519
 0 0.633519
 0 0.633523
 0 0.633542
 0 0.633543
 0 0.633553
 0 0.633555
 0 0.633562
 0 0.633572
 0 0.633572
 0 0.633575
 0 0.633576
 0 0.633576
 0 0.633577
 0 0.633577
 0 0.633577
 0 0.633578
 0 0.633578
 0 0.63358
 0 0.63358
 0 0.633591
 0 0.633591
 0 0.633592
 0 0.633617
 0 0.633617
 0 0.633617
 0 0.633617
 0 0.633617
 0 0.633618
 0 0.633619
 0 0.633621
 0 0.633622
 0 0.633627
 0 0.633627
 0 0.633627
 0 0.633647
 0 0.633647
 0 0.633647
 0 0.633699
 0 0.633723
 0 0.633724
 0 0.633734
 0 0.633735
 0 0.633737
 0 0.633737
 0 0.633739
 0 0.63374
 0 0.63374
 0 0.63374
 0 0.63374
 0 0.633743
 0 0.633744
 0 0.633745
 0 0.633746
 0 0.633746
 0 0.633746
 0 0.633749
 0 0.633751
 0 0.633751
 0 0.633767
 0 0.633768
 0 0.633776
 0 0.633778
 0 0.633788
 0 0.633791
 0 0.633796
 0 0.633797
 0 0.633798
 0 0.6338
 0 0.633805
 0 0.633829
 0 0.633853
 0 0.633856
 0 0.633856
 0 0.633867
 0 0.633881
 0 0.633882
 0 0.633882
 0 0.633884
 0 0.633885
 0 0.633898
 0 0.633909
 0 0.633912
 0 0.633912
 0 0.633913
 0 0.633916
 0 0.633926
 0 0.633937
 0 0.633937
 0 0.633942
 0 0.633946
 0 0.633949
 0 0.633995
 0 0.633995
 0 0.633996
 0 0.634018
 0 0.634023
 0 0.634025
 0 0.63403
 0 0.634031
 0 0.634042
 0 0.634043
 0 0.634046
 0 0.634067
 0 0.634068
 0 0.63407
 0 0.63407
 0 0.634105
 0 0.634105
 0 0.634106
 0 0.634108
 0 0.634113
 0 0.634114
 0 0.634115
 0 0.634138
 0 0.634138
 0 0.634151
 0 0.634157
 0 0.634162
 0 0.634165
 0 0.634166
 0 0.634166
 0 0.634174
 0 0.634174
 0 0.634174
 0 0.634175
 0 0.634175
 0 0.634179
 0 0.634179
 0 0.634181
 0 0.634188
 0 0.634188
 0 0.634188
 0 0.634188
 0 0.63419
 0 0.63419
 0 0.634192
 0 0.634208
 0 0.634213
 0 0.634215
 0 0.634216
 0 0.634224
 0 0.634253
 0 0.634253
 0 0.634291
 0 0.634292
 0 0.634293
 0 0.63431
 0 0.634342
 0 0.63435
 0 0.63436
 0 0.634365
 0 0.634367
 0 0.63437
 0 0.6344
 0 0.634405
 0 0.634405
 0 0.634418
 0 0.634421
 0 0.634428
 0 0.634435
 0 0.634435
 0 0.634435
 0 0.634435
 0 0.634469
 0 0.634472
 0 0.634472
 0 0.634481
 0 0.634481
 0 0.63449
 0 0.634491
 0 0.634502
 0 0.634504
 0 0.634505
 0 0.634505
 0 0.634505
 0 0.634506
 0 0.634508
 0 0.634509
 0 0.63451
 0 0.634511
 0 0.634512
 0 0.63453
 0 0.634532
 0 0.634533
 0 0.634549
 0 0.634549
 0 0.634549
 0 0.63457
 0 0.634571
 0 0.634574
 0 0.634583
 0 0.634584
 0 0.634606
 0 0.634615
 0 0.634635
 0 0.634636
 0 0.634636
 0 0.634654
 0 0.634669
 0 0.634674
 0 0.63468
 0 0.63468
 0 0.63468
 0 0.634682
 0 0.634682
 0 0.634698
 0 0.634702
 0 0.634721
 0 0.634726
 0 0.634736
 0 0.63474
 0 0.634742
 0 0.634745
 0 0.634745
 0 0.634764
 0 0.634765
 0 0.634766
 0 0.634776
 0 0.634785
 0 0.634802
 0 0.634812
 0 0.634812
 0 0.634826
 0 0.63484
 0 0.63484
 0 0.634842
 0 0.634842
 0 0.634852
 0 0.634852
 0 0.634858
 0 0.634862
 0 0.634862
 0 0.63487
 0 0.634871
 0 0.634889
 0 0.634889
 0 0.634893
 0 0.634897
 0 0.634899
 0 0.634906
 0 0.634907
 0 0.634909
 0 0.63491
 0 0.634911
 0 0.634914
 0 0.634914
 0 0.634915
 0 0.634916
 0 0.634916
 0 0.634934
 0 0.634936
 0 0.634938
 0 0.634953
 0 0.634953
 0 0.634965
 0 0.634967
 0 0.634967
 0 0.634974
 0 0.634977
 0 0.634991
 0 0.634991
 0 0.634999
 0 0.635
 0 0.635002
 0 0.635003
 0 0.635003
 0 0.635004
 0 0.635004
 0 0.635004
 0 0.635007
 0 0.635007
 0 0.635008
 0 0.635009
 0 0.635015
 0 0.635017
 0 0.635033
 0 0.635033
 0 0.635035
 0 0.635035
 0 0.635036
 0 0.635036
 0 0.635036
 0 0.63505
 0 0.635052
 0 0.635096
 0 0.635098
 0 0.635098
 0 0.635098
 0 0.635099
 0 0.635111
 0 0.635111
 0 0.635114
 0 0.635133
 0 0.635146
 0 0.635147
 0 0.635167
 0 0.635167
 0 0.635169
 0 0.63521
 0 0.63521
 0 0.635213
 0 0.635214
 0 0.635214
 0 0.63526
 0 0.635264
 0 0.635273
 0 0.635275
 0 0.635276
 0 0.635288
 0 0.635291
 0 0.635292
 0 0.635292
 0 0.635292
 0 0.635301
 0 0.635305
 0 0.635306
 0 0.63531
 0 0.635312
 0 0.635314
 0 0.635336
 0 0.635339
 0 0.63534
 0 0.63534
 0 0.635349
 0 0.63535
 0 0.635351
 0 0.635351
 0 0.635391
 0 0.635391
 0 0.635394
 0 0.635394
 0 0.635397
 0 0.635399
 0 0.635403
 0 0.635406
 0 0.635411
 0 0.635414
 0 0.635416
 0 0.635438
 0 0.635448
 0 0.635448
 0 0.635512
 0 0.635521
 0 0.635535
 0 0.635535
 0 0.635536
 0 0.63554
 0 0.635549
 0 0.635549
 0 0.63555
 0 0.635552
 0 0.635552
 0 0.635556
 0 0.635556
 0 0.635558
 0 0.635558
 0 0.635558
 0 0.635558
 0 0.635559
 0 0.635559
 0 0.635563
 0 0.635563
 0 0.635564
 0 0.635564
 0 0.635564
 0 0.635585
 0 0.635587
 0 0.635587
 0 0.635588
 0 0.635588
 0 0.635599
 0 0.635601
 0 0.635623
 0 0.635639
 0 0.635647
 0 0.63565
 0 0.63565
 0 0.63565
 0 0.635667
 0 0.635667
 0 0.635706
 0 0.635707
 0 0.635716
 0 0.635795
 0 0.635846
 0 0.635868
 0 0.635873
 0 0.635873
 0 0.635891
 0 0.635893
 0 0.635893
 0 0.635897
 0 0.635898
 0 0.635898
 0 0.635919
 0 0.635921
 0 0.635929
 0 0.635929
 0 0.635929
 0 0.635932
 0 0.635965
 0 0.635967
 0 0.635971
 0 0.635971
 0 0.635989
 0 0.635989
 0 0.635995
 0 0.635997
 0 0.636016
 0 0.636016
 0 0.636017
 0 0.636018
 0 0.636018
 0 0.636019
 0 0.636019
 0 0.636019
 0 0.63602
 0 0.636023
 0 0.636026
 0 0.636026
 0 0.636027
 0 0.636029
 0 0.636029
 0 0.63603
 0 0.636032
 0 0.636073
 0 0.636088
 0 0.636088
 0 0.636089
 0 0.636089
 0 0.636098
 0 0.636098
 0 0.636114
 0 0.636114
 0 0.636115
 0 0.636115
 0 0.636119
 0 0.636119
 0 0.636119
 0 0.636124
 0 0.636127
 0 0.636149
 0 0.636149
 0 0.636149
 0 0.636151
 0 0.636159
 0 0.636162
 0 0.636186
 0 0.636199
 0 0.636199
 0 0.636207
 0 0.636223
 0 0.636226
 0 0.636235
 0 0.63624
 0 0.636261
 0 0.636262
 0 0.636262
 0 0.636263
 0 0.636265
 0 0.636265
 0 0.636272
 0 0.636294
 0 0.636326
 0 0.636326
 0 0.636328
 0 0.636329
 0 0.636334
 0 0.63636
 0 0.636365
 0 0.636367
 0 0.636368
 0 0.636371
 0 0.63639
 0 0.636393
 0 0.636422
 0 0.636446
 0 0.636457
 0 0.636457
 0 0.63646
 0 0.636485
 0 0.636494
 0 0.636497
 0 0.636499
 0 0.636548
 0 0.636557
 0 0.636571
 0 0.636571
 0 0.636572
 0 0.636595
 0 0.636637
 0 0.636639
 0 0.636643
 0 0.636648
 0 0.636673
 0 0.636694
 0 0.636694
 0 0.636694
 0 0.636695
 0 0.636699
 0 0.636708
 0 0.636709
 0 0.636759
 0 0.636797
 0 0.636797
 0 0.636797
 0 0.636802
 0 0.636805
 0 0.636805
 0 0.636805
 0 0.636805
 0 0.636805
 0 0.636805
 0 0.636822
 0 0.636826
 0 0.636826
 0 0.63683
 0 0.636838
 0 0.636842
 0 0.636883
 0 0.636883
 0 0.636888
 0 0.636902
 0 0.636902
 0 0.636917
 0 0.63693
 0 0.636981
 0 0.637008
 0 0.637052
 0 0.637055
 0 0.637055
 0 0.63706
 0 0.637068
 0 0.637068
 0 0.637076
 0 0.637076
 0 0.637117
 0 0.637119
 0 0.637125
 0 0.637125
 0 0.637126
 0 0.637133
 0 0.637133
 0 0.637147
 0 0.637159
 0 0.637159
 0 0.637197
 0 0.63722
 0 0.637257
 0 0.637259
 0 0.637321
 0 0.637345
 0 0.637345
 0 0.637347
 0 0.637349
 0 0.637374
 0 0.637374
 0 0.637408
 0 0.637409
 0 0.63741
 0 0.637412
 0 0.637412
 0 0.637422
 0 0.637428
 0 0.637428
 0 0.637428
 0 0.637458
 0 0.637464
 0 0.637464
 0 0.637468
 0 0.637498
 0 0.637499
 0 0.637526
 0 0.637527
 0 0.637534
 0 0.637564
 0 0.637597
 0 0.637598
 0 0.63762
 0 0.63762
 0 0.63762
 0 0.63762
 0 0.637624
 0 0.637638
 0 0.637639
 0 0.637646
 0 0.637648
 0 0.637654
 0 0.637654
 0 0.637679
 0 0.63769
 0 0.637692
 0 0.637729
 0 0.637748
 0 0.637748
 0 0.637772
 0 0.637779
 0 0.637781
 0 0.637781
 0 0.63779
 0 0.63779
 0 0.637791
 0 0.637791
 0 0.637798
 0 0.6378
 0 0.637813
 0 0.637813
 0 0.637814
 0 0.637852
 0 0.637857
 0 0.637892
 0 0.637913
 0 0.637945
 0 0.637949
 0 0.637949
 0 0.637954
 0 0.637976
 0 0.637976
 0 0.637977
 0 0.637978
 0 0.637978
 0 0.637979
 0 0.638003
 0 0.638004
 0 0.638006
 0 0.638045
 0 0.638049
 0 0.638049
 0 0.638049
 0 0.638059
 0 0.638086
 0 0.63809
 0 0.638096
 0 0.638098
 0 0.638106
 0 0.63813
 0 0.638154
 0 0.638158
 0 0.638227
 0 0.638241
 0 0.638242
 0 0.638242
 0 0.638243
 0 0.638257
 0 0.638257
 0 0.638257
 0 0.638351
 0 0.638351
 0 0.638352
 0 0.638352
 0 0.638363
 0 0.638363
 0 0.638364
 0 0.638364
 0 0.638364
 0 0.638364
 0 0.638366
 0 0.638404
 0 0.638418
 0 0.638418
 0 0.638418
 0 0.638419
 0 0.638422
 0 0.638422
 0 0.638424
 0 0.638424
 0 0.638424
 0 0.63844
 0 0.638454
 0 0.638456
 0 0.638456
 0 0.638457
 0 0.638503
 0 0.638505
 0 0.638506
 0 0.638507
 0 0.638511
 0 0.638553
 0 0.638554
 0 0.638554
 0 0.638554
 0 0.638557
 0 0.638562
 0 0.638627
 0 0.638627
 0 0.638629
 0 0.638629
 0 0.638635
 0 0.63866
 0 0.63866
 0 0.638669
 0 0.638701
 0 0.638701
 0 0.638707
 0 0.638707
 0 0.638709
 0 0.638725
 0 0.638725
 0 0.63873
 0 0.638731
 0 0.638732
 0 0.638732
 0 0.638732
 0 0.638735
 0 0.638739
 0 0.638793
 0 0.638818
 0 0.6389
 0 0.6389
 0 0.638902
 0 0.638902
 0 0.638925
 0 0.638961
 0 0.638963
 0 0.638992
 0 0.638994
 0 0.638995
 0 0.638995
 0 0.638997
 0 0.638997
 0 0.639024
 0 0.639024
 0 0.639025
 0 0.639026
 0 0.639026
 0 0.639032
 0 0.639033
 0 0.639035
 0 0.639035
 0 0.639035
 0 0.63905
 0 0.639052
 0 0.639054
 0 0.639059
 0 0.639061
 0 0.639063
 0 0.639069
 0 0.639092
 0 0.639094
 0 0.639094
 0 0.639111
 0 0.639111
 0 0.639151
 0 0.639151
 0 0.639151
 0 0.639151
 0 0.639152
 0 0.639154
 0 0.639179
 0 0.63918
 0 0.639235
 0 0.639251
 0 0.639251
 0 0.639306
 0 0.639307
 0 0.639309
 0 0.639322
 0 0.639337
 0 0.639382
 0 0.639392
 0 0.639393
 0 0.639393
 0 0.639393
 0 0.639394
 0 0.639394
 0 0.639434
 0 0.639445
 0 0.63945
 0 0.639451
 0 0.639452
 0 0.639464
 0 0.63948
 0 0.639481
 0 0.639491
 0 0.639492
 0 0.639506
 0 0.639509
 0 0.639533
 0 0.639533
 0 0.639535
 0 0.639548
 0 0.639607
 0 0.639662
 0 0.639696
 0 0.639696
 0 0.639698
 0 0.639718
 0 0.63972
 0 0.63972
 0 0.63972
 0 0.639734
 0 0.639745
 0 0.639745
 0 0.63979
 0 0.63979
 0 0.639794
 0 0.639794
 0 0.639847
 0 0.639848
 0 0.639849
 0 0.639853
 0 0.639853
 0 0.639879
 0 0.639879
 0 0.639899
 0 0.639914
 0 0.639914
 0 0.639919
 0 0.639934
 0 0.639934
 0 0.639942
 0 0.640024
 0 0.640027
 0 0.640063
 0 0.640063
 0 0.64007
 0 0.640072
 0 0.640073
 0 0.640094
 0 0.640106
 0 0.640125
 0 0.640125
 0 0.640125
 0 0.640127
 0 0.640178
 0 0.640178
 0 0.64018
 0 0.640188
 0 0.640188
 0 0.640221
 0 0.640244
 0 0.640244
 0 0.640297
 0 0.640297
 0 0.640346
 0 0.640358
 0 0.640359
 0 0.640364
 0 0.640364
 0 0.640364
 0 0.640376
 0 0.640419
 0 0.640439
 0 0.640441
 0 0.640442
 0 0.640453
 0 0.640494
 0 0.640495
 0 0.640495
 0 0.640496
 0 0.640496
 0 0.640504
 0 0.640579
 0 0.640597
 0 0.640599
 0 0.640634
 0 0.640635
 0 0.640647
 0 0.640647
 0 0.640664
 0 0.640675
 0 0.640675
 0 0.640675
 0 0.640678
 0 0.640679
 0 0.640685
 0 0.640685
 0 0.640686
 0 0.640697
 0 0.640698
 0 0.640735
 0 0.640737
 0 0.640739
 0 0.640791
 0 0.640791
 0 0.640791
 0 0.640817
 0 0.640818
 0 0.640819
 0 0.640819
 0 0.640819
 0 0.640831
 0 0.640888
 0 0.640895
 0 0.640899
 0 0.640928
 0 0.640932
 0 0.640934
 0 0.640934
 0 0.640934
 0 0.640982
 0 0.641034
 0 0.641036
 0 0.641037
 0 0.641072
 0 0.641076
 0 0.641078
 0 0.641084
 0 0.641127
 0 0.641127
 0 0.641127
 0 0.64113
 0 0.641131
 0 0.641134
 0 0.641134
 0 0.641134
 0 0.641162
 0 0.641162
 0 0.641163
 0 0.641164
 0 0.641165
 0 0.641178
 0 0.641181
 0 0.641181
 0 0.641191
 0 0.641192
 0 0.641192
 0 0.641204
 0 0.641206
 0 0.641261
 0 0.641262
 0 0.641268
 0 0.641271
 0 0.641272
 0 0.641272
 0 0.641281
 0 0.641281
 0 0.641325
 0 0.641333
 0 0.641333
 0 0.641333
 0 0.641334
 0 0.641348
 0 0.641351
 0 0.641357
 0 0.64138
 0 0.64138
 0 0.64138
 0 0.64138
 0 0.641405
 0 0.641407
 0 0.641445
 0 0.641445
 0 0.641447
 0 0.641447
 0 0.641465
 0 0.641488
 0 0.641488
 0 0.641627
 0 0.641628
 0 0.641629
 0 0.641629
 0 0.641629
 0 0.641668
 0 0.641668
 0 0.641668
 0 0.641697
 0 0.641721
 0 0.641755
 0 0.641756
 0 0.641759
 0 0.641759
 0 0.641762
 0 0.641765
 0 0.641765
 0 0.641766
 0 0.641774
 0 0.641777
 0 0.641803
 0 0.641805
 0 0.641806
 0 0.641807
 0 0.641807
 0 0.641818
 0 0.641826
 0 0.64183
 0 0.641852
 0 0.641854
 0 0.641864
 0 0.641954
 0 0.641955
 0 0.641959
 0 0.641996
 0 0.642095
 0 0.642096
 0 0.6421
 0 0.6421
 0 0.642127
 0 0.64213
 0 0.642132
 0 0.642172
 0 0.642231
 0 0.642231
 0 0.642232
 0 0.642236
 0 0.642238
 0 0.642285
 0 0.642312
 0 0.642312
 0 0.642338
 0 0.642338
 0 0.642339
 0 0.64245
 0 0.64245
 0 0.64245
 0 0.64245
 0 0.64245
 0 0.642562
 0 0.64257
 0 0.642574
 0 0.642574
 0 0.642672
 0 0.642775
 0 0.642845
 0 0.642847
 0 0.642857
 0 0.642857
 0 0.642857
 0 0.642858
 0 0.64288
 0 0.642917
 0 0.642917
 0 0.643043
 0 0.643088
 0 0.64309
 0 0.64309
 0 0.643138
 0 0.643198
 0 0.643198
 0 0.64359
 0 0.64378
 0 0.644136
 0 0.644176
 0 0.644177
 0 0.644232
 0 0.644318
 0 0.644576
 0 0.644617
 0 0.644619
 0 0.644635
 0 0.644635
 0 0.644637
 0 0.6447
 0 0.644701
 0 0.644792
 0 0.644792
 0 0.644894
 0 0.645103
 0 0.645103
 0 0.645155
 0 0.645228
 0 0.645308
 0 0.64531
 0 0.645332
 0 0.645675
 0 0.645675
 0 0.645676
 0 0.645676
 0 0.645676
 0 0.645748
 0 0.645748
 0 0.645903
 0 0.645926
 0 0.645977
 0 0.646327
 0 0.64633
 0 0.64633
 0 0.64633
 0 0.64633
 0 0.647521
 0 0.648038
 0 0.648039
 0 0.648438
 0 0.648438
 0 0.64844
 0 0.648755
 0 0.648757
 0 0.648757
 0 0.648757
 0 0.64892
 0 0.64892
 0 0.64892
 0 0.649089
 0 0.649267
 0 0.649269
 0 0.649906
 0 0.649906
 0 3.38803
 0 3.38916
 0 3.38916
 0 3.38916
 0 3.38917
 0 3.38962
 0 inf
