 0 0.493282
 0 0.493283
 0 0.493389
 0 0.494017
 0 0.494018
 0 0.494019
 0 0.628103
 0 0.628103
 0 0.62811
 0 0.628131
 0 0.628267
 0 0.628267
 0 0.628274
 0 0.628494
 0 0.628495
 0 0.628531
 0 0.628638
 0 0.628768
 0 0.62881
 0 0.628867
 0 0.628911
 0 0.628911
 0 0.629002
 0 0.629132
 0 0.629169
 0 0.629175
 0 0.629182
 0 0.629182
 0 0.629183
 0 0.629189
 0 0.629305
 0 0.629341
 0 0.629341
 0 0.629349
 0 0.629351
 0 0.629456
 0 0.629458
 0 0.629475
 0 0.629475
 0 0.629594
 0 0.629595
 0 0.629595
 0 0.629757
 0 0.629757
 0 0.629757
 0 0.629757
 0 0.629765
 0 0.629765
 0 0.62979
 0 0.629901
 0 0.629951
 0 0.629985
 0 0.629997
 0 0.629998
 0 0.630008
 0 0.630041
 0 0.630079
 0 0.63008
 0 0.63008
 0 0.630085
 0 0.630144
 0 0.630146
 0 0.630171
 0 0.630184
 0 0.630219
 0 0.630223
 0 0.630263
 0 0.630263
 0 0.630263
 0 0.630266
 0 0.630266
 0 0.63027
 0 0.630275
 0 0.630289
 0 0.630302
 0 0.630302
 0 0.630305
 0 0.630373
 0 0.63047
 0 0.63047
 0 0.63047
 0 0.630471
 0 0.630498
 0 0.630508
 0 0.630508
 0 0.630508
 0 0.630567
 0 0.630567
 0 0.63061
 0 0.630639
 0 0.630642
 0 0.630692
 0 0.630692
 0 0.630696
 0 0.630696
 0 0.630698
 0 0.630701
 0 0.630704
 0 0.630728
 0 0.630737
 0 0.630738
 0 0.630744
 0 0.63075
 0 0.630752
 0 0.630753
 0 0.630756
 0 0.630771
 0 0.630795
 0 0.630795
 0 0.630823
 0 0.630831
 0 0.630832
 0 0.630835
 0 0.630837
 0 0.630847
 0 0.630849
 0 0.630853
 0 0.630853
 0 0.630855
 0 0.630856
 0 0.630856
 0 0.63086
 0 0.630873
 0 0.630875
 0 0.630876
 0 0.630876
 0 0.630881
 0 0.630881
 0 0.630881
 0 0.63089
 0 0.630908
 0 0.630913
 0 0.630915
 0 0.630924
 0 0.630925
 0 0.630925
 0 0.630952
 0 0.630952
 0 0.630953
 0 0.630955
 0 0.630969
 0 0.63097
 0 0.630972
 0 0.630974
 0 0.630993
 0 0.630994
 0 0.630994
 0 0.631006
 0 0.631052
 0 0.631054
 0 0.63107
 0 0.631073
 0 0.631109
 0 0.631135
 0 0.631136
 0 0.631184
 0 0.631184
 0 0.631185
 0 0.631187
 0 0.631221
 0 0.631261
 0 0.631262
 0 0.631262
 0 0.631262
 0 0.631262
 0 0.631278
 0 0.631278
 0 0.631278
 0 0.631349
 0 0.63137
 0 0.631372
 0 0.631374
 0 0.631377
 0 0.631393
 0 0.631393
 0 0.631401
 0 0.631406
 0 0.631409
 0 0.631431
 0 0.631432
 0 0.631438
 0 0.63144
 0 0.631476
 0 0.631486
 0 0.631487
 0 0.631501
 0 0.631501
 0 0.631502
 0 0.631601
 0 0.631609
 0 0.631609
 0 0.631623
 0 0.631624
 0 0.631634
 0 0.631659
 0 0.631659
 0 0.631662
 0 0.631663
 0 0.631664
 0 0.631665
 0 0.631665
 0 0.631665
 0 0.631666
 0 0.631668
 0 0.631677
 0 0.631678
 0 0.631684
 0 0.631697
 0 0.631709
 0 0.631709
 0 0.63171
 0 0.631715
 0 0.631717
 0 0.631718
 0 0.631718
 0 0.631718
 0 0.631718
 0 0.631719
 0 0.631735
 0 0.631736
 0 0.631737
 0 0.631749
 0 0.631753
 0 0.631775
 0 0.631782
 0 0.631782
 0 0.631785
 0 0.631786
 0 0.631787
 0 0.63179
 0 0.631812
 0 0.631814
 0 0.631814
 0 0.631815
 0 0.631822
 0 0.63183
 0 0.63183
 0 0.631832
 0 0.631833
 0 0.631856
 0 0.631856
 0 0.631858
 0 0.631858
 0 0.631871
 0 0.631886
 0 0.631894
 0 0.631898
 0 0.6319
 0 0.6319
 0 0.6319
 0 0.631902
 0 0.631902
 0 0.631905
 0 0.631919
 0 0.631934
 0 0.631935
 0 0.631974
 0 0.631975
 0 0.63199
 0 0.631995
 0 0.631996
 0 0.631996
 0 0.631996
 0 0.632008
 0 0.632029
 0 0.632046
 0 0.632051
 0 0.632053
 0 0.632059
 0 0.632091
 0 0.632093
 0 0.632093
 0 0.632113
 0 0.632113
 0 0.632124
 0 0.632128
 0 0.632152
 0 0.632166
 0 0.632166
 0 0.632178
 0 0.63218
 0 0.632203
 0 0.632205
 0 0.632221
 0 0.63223
 0 0.63223
 0 0.63223
 0 0.632232
 0 0.632234
 0 0.632234
 0 0.632249
 0 0.63225
 0 0.63225
 0 0.632251
 0 0.632251
 0 0.632251
 0 0.632252
 0 0.632252
 0 0.632255
 0 0.632256
 0 0.632256
 0 0.632279
 0 0.63228
 0 0.63228
 0 0.63228
 0 0.63228
 0 0.632282
 0 0.632283
 0 0.632283
 0 0.632284
 0 0.63233
 0 0.632336
 0 0.632342
 0 0.632346
 0 0.632352
 0 0.632356
 0 0.632359
 0 0.632359
 0 0.632365
 0 0.63237
 0 0.632378
 0 0.632387
 0 0.632387
 0 0.632389
 0 0.632426
 0 0.632454
 0 0.632458
 0 0.632471
 0 0.632476
 0 0.632476
 0 0.632482
 0 0.632482
 0 0.632484
 0 0.632484
 0 0.632484
 0 0.63252
 0 0.63252
 0 0.632521
 0 0.632522
 0 0.632539
 0 0.632546
 0 0.63255
 0 0.632551
 0 0.632553
 0 0.632553
 0 0.632557
 0 0.632571
 0 0.632577
 0 0.632583
 0 0.632583
 0 0.632584
 0 0.632592
 0 0.632602
 0 0.632605
 0 0.632609
 0 0.632609
 0 0.632609
 0 0.632609
 0 0.632613
 0 0.632613
 0 0.632613
 0 0.632613
 0 0.632615
 0 0.632617
 0 0.632617
 0 0.632618
 0 0.632619
 0 0.632619
 0 0.632623
 0 0.632625
 0 0.632625
 0 0.632639
 0 0.632639
 0 0.632639
 0 0.63264
 0 0.63264
 0 0.63264
 0 0.63264
 0 0.63264
 0 0.632641
 0 0.632641
 0 0.632648
 0 0.632648
 0 0.632649
 0 0.632665
 0 0.632668
 0 0.632668
 0 0.632668
 0 0.632677
 0 0.632681
 0 0.632682
 0 0.632692
 0 0.632692
 0 0.632693
 0 0.632693
 0 0.632693
 0 0.632695
 0 0.632702
 0 0.632703
 0 0.632703
 0 0.632703
 0 0.632704
 0 0.632714
 0 0.632715
 0 0.632718
 0 0.63272
 0 0.632728
 0 0.632731
 0 0.632737
 0 0.632741
 0 0.632742
 0 0.632742
 0 0.632742
 0 0.632742
 0 0.632747
 0 0.632747
 0 0.632748
 0 0.632748
 0 0.632749
 0 0.63276
 0 0.632761
 0 0.632762
 0 0.632762
 0 0.632767
 0 0.632773
 0 0.632774
 0 0.632785
 0 0.632785
 0 0.632791
 0 0.632791
 0 0.632804
 0 0.632819
 0 0.63283
 0 0.632835
 0 0.632837
 0 0.632837
 0 0.632837
 0 0.632837
 0 0.632838
 0 0.632841
 0 0.632854
 0 0.632854
 0 0.632855
 0 0.632855
 0 0.632855
 0 0.632856
 0 0.632874
 0 0.632874
 0 0.632874
 0 0.632876
 0 0.632876
 0 0.63289
 0 0.6329
 0 0.6329
 0 0.6329
 0 0.6329
 0 0.632912
 0 0.63292
 0 0.63292
 0 0.632921
 0 0.632921
 0 0.632937
 0 0.632943
 0 0.632949
 0 0.632949
 0 0.632958
 0 0.632963
 0 0.632964
 0 0.632966
 0 0.632966
 0 0.632966
 0 0.63297
 0 0.632971
 0 0.632975
 0 0.632975
 0 0.632979
 0 0.632979
 0 0.63298
 0 0.63298
 0 0.632984
 0 0.632989
 0 0.632992
 0 0.632993
 0 0.632995
 0 0.632995
 0 0.633
 0 0.633007
 0 0.633026
 0 0.633075
 0 0.633075
 0 0.633101
 0 0.633104
 0 0.633105
 0 0.633109
 0 0.633112
 0 0.633125
 0 0.633143
 0 0.633148
 0 0.633152
 0 0.633152
 0 0.633152
 0 0.633154
 0 0.633155
 0 0.633158
 0 0.633161
 0 0.633162
 0 0.633165
 0 0.633165
 0 0.63318
 0 0.633184
 0 0.633192
 0 0.633195
 0 0.6332
 0 0.633205
 0 0.633216
 0 0.63322
 0 0.633221
 0 0.633222
 0 0.633231
 0 0.633236
 0 0.63326
 0 0.633261
 0 0.633266
 0 0.633283
 0 0.633285
 0 0.633285
 0 0.633286
 0 0.633287
 0 0.633314
 0 0.633336
 0 0.633342
 0 0.633345
 0 0.633372
 0 0.633372
 0 0.633372
 0 0.633374
 0 0.633374
 0 0.633385
 0 0.633386
 0 0.633394
 0 0.633394
 0 0.633396
 0 0.633396
 0 0.633399
 0 0.6334
 0 0.633404
 0 0.633405
 0 0.633408
 0 0.63341
 0 0.633411
 0 0.633411
 0 0.633411
 0 0.633413
 0 0.633413
 0 0.633413
 0 0.633415
 0 0.633421
 0 0.633421
 0 0.633422
 0 0.633422
 0 0.633423
 0 0.633423
 0 0.63343
 0 0.63343
 0 0.63343
 0 0.633442
 0 0.633442
 0 0.633443
 0 0.63346
 0 0.633463
 0 0.633468
 0 0.63347
 0 0.63347
 0 0.63347
 0 0.63347
 0 0.63347
 0 0.63347
 0 0.633471
 0 0.633473
 0 0.633483
 0 0.633483
 0 0.633497
 0 0.633498
 0 0.633499
 0 0.633508
 0 0.633509
 0 0.633509
 0 0.633509
 0 0.63351
 0 0.633513
 0 0.633514
 0 0.633516
 0 0.633517
 0 0.633517
 0 0.633517
 0 0.633527
 0 0.633533
 0 0.633536
 0 0.63354
 0 0.633541
 0 0.633541
 0 0.633541
 0 0.633544
 0 0.633545
 0 0.633547
 0 0.633547
 0 0.633557
 0 0.633559
 0 0.633564
 0 0.633564
 0 0.633564
 0 0.633565
 0 0.633565
 0 0.633565
 0 0.633574
 0 0.633575
 0 0.633575
 0 0.633582
 0 0.633584
 0 0.633586
 0 0.633587
 0 0.63359
 0 0.633591
 0 0.633591
 0 0.633593
 0 0.633595
 0 0.633595
 0 0.633595
 0 0.633595
 0 0.633595
 0 0.633595
 0 0.633595
 0 0.633597
 0 0.633598
 0 0.633618
 0 0.633621
 0 0.633621
 0 0.633626
 0 0.633626
 0 0.633626
 0 0.633634
 0 0.633636
 0 0.633637
 0 0.633637
 0 0.633637
 0 0.633638
 0 0.633641
 0 0.633641
 0 0.633642
 0 0.633642
 0 0.633645
 0 0.633645
 0 0.633649
 0 0.633649
 0 0.633657
 0 0.633658
 0 0.63366
 0 0.63366
 0 0.633662
 0 0.633663
 0 0.633664
 0 0.633666
 0 0.633669
 0 0.633673
 0 0.633673
 0 0.633673
 0 0.633673
 0 0.633676
 0 0.633687
 0 0.633688
 0 0.63369
 0 0.63369
 0 0.63369
 0 0.633691
 0 0.633694
 0 0.633695
 0 0.633696
 0 0.633698
 0 0.633701
 0 0.633714
 0 0.633717
 0 0.633718
 0 0.633719
 0 0.633722
 0 0.633723
 0 0.633723
 0 0.633725
 0 0.633726
 0 0.633726
 0 0.633726
 0 0.63373
 0 0.633734
 0 0.633738
 0 0.63374
 0 0.633741
 0 0.633747
 0 0.633749
 0 0.633751
 0 0.633753
 0 0.633754
 0 0.633755
 0 0.633755
 0 0.633755
 0 0.633755
 0 0.633756
 0 0.63376
 0 0.63376
 0 0.63376
 0 0.63376
 0 0.633763
 0 0.633768
 0 0.63378
 0 0.633798
 0 0.633805
 0 0.633806
 0 0.633809
 0 0.633816
 0 0.633817
 0 0.633818
 0 0.633846
 0 0.633849
 0 0.633849
 0 0.633854
 0 0.633854
 0 0.633854
 0 0.633854
 0 0.633855
 0 0.633857
 0 0.633859
 0 0.63386
 0 0.633862
 0 0.633864
 0 0.633875
 0 0.633875
 0 0.633879
 0 0.633891
 0 0.633892
 0 0.633892
 0 0.633892
 0 0.633892
 0 0.633892
 0 0.633897
 0 0.633908
 0 0.633909
 0 0.633911
 0 0.633914
 0 0.633922
 0 0.633926
 0 0.633926
 0 0.633927
 0 0.633928
 0 0.63393
 0 0.633934
 0 0.633934
 0 0.633934
 0 0.633939
 0 0.633939
 0 0.633944
 0 0.633945
 0 0.633956
 0 0.633961
 0 0.633964
 0 0.633971
 0 0.633985
 0 0.633985
 0 0.633987
 0 0.633994
 0 0.634002
 0 0.634002
 0 0.634007
 0 0.63402
 0 0.634021
 0 0.634024
 0 0.634025
 0 0.634025
 0 0.634037
 0 0.634037
 0 0.634037
 0 0.634037
 0 0.634038
 0 0.63404
 0 0.634041
 0 0.634044
 0 0.634047
 0 0.634048
 0 0.634048
 0 0.634049
 0 0.63405
 0 0.634061
 0 0.634061
 0 0.634061
 0 0.634064
 0 0.634065
 0 0.634069
 0 0.634073
 0 0.634075
 0 0.634078
 0 0.634081
 0 0.634082
 0 0.634082
 0 0.634095
 0 0.634095
 0 0.634102
 0 0.634105
 0 0.634106
 0 0.634112
 0 0.634112
 0 0.634115
 0 0.634116
 0 0.634116
 0 0.634116
 0 0.634116
 0 0.634117
 0 0.63412
 0 0.634136
 0 0.634139
 0 0.634139
 0 0.634141
 0 0.634153
 0 0.634163
 0 0.634166
 0 0.634174
 0 0.634175
 0 0.634177
 0 0.634178
 0 0.634179
 0 0.634181
 0 0.634181
 0 0.63419
 0 0.63419
 0 0.634192
 0 0.634196
 0 0.634196
 0 0.634196
 0 0.634197
 0 0.634199
 0 0.6342
 0 0.634201
 0 0.634201
 0 0.634201
 0 0.634203
 0 0.634203
 0 0.634204
 0 0.634208
 0 0.63421
 0 0.634214
 0 0.634214
 0 0.634225
 0 0.634232
 0 0.634239
 0 0.634241
 0 0.634241
 0 0.634244
 0 0.634246
 0 0.634246
 0 0.634247
 0 0.634248
 0 0.634248
 0 0.634248
 0 0.634248
 0 0.634248
 0 0.634251
 0 0.634251
 0 0.634255
 0 0.634255
 0 0.634256
 0 0.634264
 0 0.634278
 0 0.634278
 0 0.634278
 0 0.634279
 0 0.634283
 0 0.634283
 0 0.634285
 0 0.634285
 0 0.634287
 0 0.634305
 0 0.634312
 0 0.634312
 0 0.634312
 0 0.634316
 0 0.634328
 0 0.634332
 0 0.634334
 0 0.634354
 0 0.634355
 0 0.634356
 0 0.634356
 0 0.634359
 0 0.634359
 0 0.634359
 0 0.634363
 0 0.634366
 0 0.634367
 0 0.634367
 0 0.634373
 0 0.634378
 0 0.634388
 0 0.634393
 0 0.634393
 0 0.634394
 0 0.634394
 0 0.634395
 0 0.634395
 0 0.634395
 0 0.634395
 0 0.634396
 0 0.634396
 0 0.634399
 0 0.634399
 0 0.634401
 0 0.634404
 0 0.634404
 0 0.634408
 0 0.634428
 0 0.634432
 0 0.634435
 0 0.634438
 0 0.634438
 0 0.634443
 0 0.634452
 0 0.634456
 0 0.634457
 0 0.634464
 0 0.634465
 0 0.634466
 0 0.634467
 0 0.63449
 0 0.63449
 0 0.634494
 0 0.634494
 0 0.634495
 0 0.634495
 0 0.634496
 0 0.634498
 0 0.634505
 0 0.634508
 0 0.634509
 0 0.634511
 0 0.634512
 0 0.634512
 0 0.634512
 0 0.634519
 0 0.63452
 0 0.63452
 0 0.63452
 0 0.634521
 0 0.634522
 0 0.634523
 0 0.634524
 0 0.634524
 0 0.634524
 0 0.634524
 0 0.634527
 0 0.634529
 0 0.63453
 0 0.63453
 0 0.63453
 0 0.634534
 0 0.634536
 0 0.63454
 0 0.634541
 0 0.634547
 0 0.634549
 0 0.634552
 0 0.634552
 0 0.634553
 0 0.634553
 0 0.634554
 0 0.634555
 0 0.634558
 0 0.634564
 0 0.634578
 0 0.634584
 0 0.63459
 0 0.634593
 0 0.634594
 0 0.634594
 0 0.634594
 0 0.634595
 0 0.634596
 0 0.634602
 0 0.634607
 0 0.63461
 0 0.634629
 0 0.634632
 0 0.634632
 0 0.634637
 0 0.634643
 0 0.634643
 0 0.634657
 0 0.634657
 0 0.634658
 0 0.634661
 0 0.634661
 0 0.634675
 0 0.634676
 0 0.634678
 0 0.63468
 0 0.634682
 0 0.634682
 0 0.634683
 0 0.634687
 0 0.634688
 0 0.634688
 0 0.634705
 0 0.634706
 0 0.634706
 0 0.634715
 0 0.63472
 0 0.634724
 0 0.634731
 0 0.634739
 0 0.63474
 0 0.634743
 0 0.634743
 0 0.634748
 0 0.634748
 0 0.634748
 0 0.634749
 0 0.63475
 0 0.63475
 0 0.634755
 0 0.634759
 0 0.634767
 0 0.634773
 0 0.634774
 0 0.634795
 0 0.634799
 0 0.634799
 0 0.634801
 0 0.634806
 0 0.634807
 0 0.634809
 0 0.634821
 0 0.634821
 0 0.634821
 0 0.634825
 0 0.634838
 0 0.634842
 0 0.634844
 0 0.634844
 0 0.63486
 0 0.63486
 0 0.634863
 0 0.634865
 0 0.63488
 0 0.634881
 0 0.63489
 0 0.63489
 0 0.634896
 0 0.634904
 0 0.634904
 0 0.634904
 0 0.63491
 0 0.63491
 0 0.634913
 0 0.634913
 0 0.634926
 0 0.634926
 0 0.634926
 0 0.634927
 0 0.634933
 0 0.634936
 0 0.634937
 0 0.634942
 0 0.634942
 0 0.634949
 0 0.634952
 0 0.634954
 0 0.634954
 0 0.634959
 0 0.63496
 0 0.634966
 0 0.634967
 0 0.634984
 0 0.634985
 0 0.634985
 0 0.634986
 0 0.634999
 0 0.635012
 0 0.635013
 0 0.635013
 0 0.635014
 0 0.635014
 0 0.635018
 0 0.63502
 0 0.635021
 0 0.635022
 0 0.635022
 0 0.635023
 0 0.635023
 0 0.635026
 0 0.635028
 0 0.635034
 0 0.635036
 0 0.635038
 0 0.63505
 0 0.63506
 0 0.63506
 0 0.635066
 0 0.635066
 0 0.635067
 0 0.635068
 0 0.635077
 0 0.635077
 0 0.63508
 0 0.635085
 0 0.635091
 0 0.635097
 0 0.635097
 0 0.635099
 0 0.635112
 0 0.635115
 0 0.635135
 0 0.63514
 0 0.635143
 0 0.635146
 0 0.635147
 0 0.635148
 0 0.635163
 0 0.635173
 0 0.635178
 0 0.635178
 0 0.63518
 0 0.63518
 0 0.635186
 0 0.635207
 0 0.635207
 0 0.635207
 0 0.63521
 0 0.635214
 0 0.635217
 0 0.63522
 0 0.635222
 0 0.635224
 0 0.635224
 0 0.635248
 0 0.63525
 0 0.63527
 0 0.63527
 0 0.63527
 0 0.63527
 0 0.63527
 0 0.635271
 0 0.635281
 0 0.635295
 0 0.635295
 0 0.635295
 0 0.635302
 0 0.635302
 0 0.635305
 0 0.635327
 0 0.63533
 0 0.635332
 0 0.635333
 0 0.635333
 0 0.635338
 0 0.63534
 0 0.635343
 0 0.635344
 0 0.635346
 0 0.635349
 0 0.63535
 0 0.635353
 0 0.635354
 0 0.635354
 0 0.635357
 0 0.635359
 0 0.63536
 0 0.63536
 0 0.63536
 0 0.63536
 0 0.63536
 0 0.63536
 0 0.635361
 0 0.635364
 0 0.635364
 0 0.635365
 0 0.635378
 0 0.63538
 0 0.635399
 0 0.635424
 0 0.635426
 0 0.635426
 0 0.635427
 0 0.635427
 0 0.63544
 0 0.635444
 0 0.635445
 0 0.635447
 0 0.635449
 0 0.635452
 0 0.635453
 0 0.635453
 0 0.635454
 0 0.635455
 0 0.635457
 0 0.635468
 0 0.635484
 0 0.635513
 0 0.635521
 0 0.635523
 0 0.635525
 0 0.635531
 0 0.635531
 0 0.635532
 0 0.635533
 0 0.635533
 0 0.635533
 0 0.635533
 0 0.635533
 0 0.635543
 0 0.635547
 0 0.635547
 0 0.635554
 0 0.635563
 0 0.635568
 0 0.63559
 0 0.635601
 0 0.635612
 0 0.635612
 0 0.635612
 0 0.635626
 0 0.635634
 0 0.635648
 0 0.63565
 0 0.635652
 0 0.635683
 0 0.635687
 0 0.635687
 0 0.635688
 0 0.63569
 0 0.635697
 0 0.635697
 0 0.635698
 0 0.635699
 0 0.635702
 0 0.635704
 0 0.635709
 0 0.635709
 0 0.635713
 0 0.635716
 0 0.635717
 0 0.635718
 0 0.635719
 0 0.635719
 0 0.635724
 0 0.635727
 0 0.635728
 0 0.63573
 0 0.635733
 0 0.635736
 0 0.635737
 0 0.635739
 0 0.635819
 0 0.635826
 0 0.635827
 0 0.63584
 0 0.63584
 0 0.635861
 0 0.635864
 0 0.635918
 0 0.635921
 0 0.635923
 0 0.635924
 0 0.635924
 0 0.635926
 0 0.635926
 0 0.635926
 0 0.635931
 0 0.635933
 0 0.635933
 0 0.635938
 0 0.635938
 0 0.635962
 0 0.635964
 0 0.635978
 0 0.635978
 0 0.635978
 0 0.635987
 0 0.636011
 0 0.636014
 0 0.636017
 0 0.636018
 0 0.63602
 0 0.636021
 0 0.636022
 0 0.636035
 0 0.636035
 0 0.636053
 0 0.636073
 0 0.636106
 0 0.636107
 0 0.636109
 0 0.636134
 0 0.636146
 0 0.636155
 0 0.636163
 0 0.636163
 0 0.636164
 0 0.636199
 0 0.636212
 0 0.636223
 0 0.636227
 0 0.636227
 0 0.636227
 0 0.636229
 0 0.636311
 0 0.636367
 0 0.636374
 0 0.636374
 0 0.636376
 0 0.636376
 0 0.636382
 0 0.636382
 0 0.636391
 0 0.636411
 0 0.636411
 0 0.636411
 0 0.636411
 0 0.63642
 0 0.636443
 0 0.636445
 0 0.636452
 0 0.636455
 0 0.636458
 0 0.636458
 0 0.636461
 0 0.636464
 0 0.636476
 0 0.636478
 0 0.636478
 0 0.636539
 0 0.636545
 0 0.636567
 0 0.636567
 0 0.636568
 0 0.636578
 0 0.63658
 0 0.636584
 0 0.636632
 0 0.636651
 0 0.636653
 0 0.636658
 0 0.636665
 0 0.636685
 0 0.636692
 0 0.636723
 0 0.636733
 0 0.636757
 0 0.636757
 0 0.63677
 0 0.636796
 0 0.636796
 0 0.636796
 0 0.636796
 0 0.636806
 0 0.636823
 0 0.636824
 0 0.636861
 0 0.636886
 0 0.636895
 0 0.636932
 0 0.636949
 0 0.636949
 0 0.637021
 0 0.637023
 0 0.637067
 0 0.637081
 0 0.637081
 0 0.637102
 0 0.637105
 0 0.637111
 0 0.637111
 0 0.637111
 0 0.637159
 0 0.637159
 0 0.637159
 0 0.637159
 0 0.637167
 0 0.637188
 0 0.637188
 0 0.63722
 0 0.637258
 0 0.637275
 0 0.637281
 0 0.637323
 0 0.637323
 0 0.637323
 0 0.637329
 0 0.637333
 0 0.63734
 0 0.637382
 0 0.637422
 0 0.637491
 0 0.637497
 0 0.637504
 0 0.637507
 0 0.637507
 0 0.63757
 0 0.637572
 0 0.637575
 0 0.637641
 0 0.637641
 0 0.637664
 0 0.637667
 0 0.63767
 0 0.637673
 0 0.637694
 0 0.637698
 0 0.637699
 0 0.637699
 0 0.637704
 0 0.637704
 0 0.637776
 0 0.637796
 0 0.637841
 0 0.637846
 0 0.638194
 0 0.6382
 0 0.638337
 0 0.638337
 0 0.638345
 0 0.638345
 0 0.638349
 0 0.638499
 0 0.638879
 0 0.639449
 0 0.639576
 0 0.639589
 0 0.639885
 0 0.639892
 0 0.640297
 0 0.640423
 0 0.640424
 0 0.640731
 0 0.641199
 0 0.641521
 0 0.641528
 0 0.641787
 0 0.641787
 0 0.642488
 0 0.64249
 0 0.642492
 0 0.642751
 0 2.32409
 0 2.3241
 0 2.32422
 0 2.32445
 0 2.32495
 0 2.32495
 0 inf
