 7.90831 9.03521
 7.76179 8.07813
 7.48398 7.81368
 7.29973 7.63128
 7.16963 7.43424
 6.90033 7.28028
 6.88975 7.33436
 6.74496 6.85222
 6.66899 7.10908
 6.63876 7.3793
 6.53264 6.82075
 6.43508 6.47561
 6.4018 6.95427
 6.3487 6.36267
 6.26118 9.65861
 6.01836 6.03292
 6.01003 6.2437
 5.93 6.14368
 5.90076 6.64041
 5.89743 6.84979
 5.70516 5.74923
 5.6741 5.93064
 5.59177 7.87789
 5.52599 5.88051
 5.27329 5.49253
 5.2377 9.86475
 5.22795 5.93085
 5.18874 5.26145
 5.12393 5.1861
 5.10935 8.1724
 4.99378 4.99556
 4.98688 4.9912
 4.97364 5.03416
 4.96266 4.97176
 4.95416 5.02858
 4.94431 4.94709
 4.92838 4.9319
 4.92687 4.94018
 4.92382 5.12923
 4.91156 4.92351
 4.90422 4.949
 4.89991 4.90837
 4.86835 4.89137
 4.86729 8.76046
 4.86581 4.89642
 4.86213 4.89379
 4.86027 4.89238
 4.85989 4.89271
 4.84693 4.86043
 4.84691 4.8504
 4.84599 4.87972
 4.83959 4.84492
 4.83563 4.83789
 4.82942 4.82972
 4.82435 4.82636
 4.82232 4.89901
 4.81969 4.82559
 4.81311 4.81724
 4.8089 4.82977
 4.8028 4.82193
 4.80152 4.82373
 4.79514 4.80278
 4.79497 4.81855
 4.79183 4.81626
 4.78951 4.81022
 4.78674 4.83025
 4.78663 5.01153
 4.78661 4.79633
 4.7838 4.79898
 4.78269 4.79626
 4.77986 4.78157
 4.77773 5.0746
 4.77358 4.78526
 4.77197 4.7877
 4.76903 4.79187
 4.76703 4.77587
 4.75902 4.77279
 4.75775 4.78021
 4.75297 4.96532
 4.75184 4.77731
 4.75077 4.77617
 4.74785 4.75528
 4.74686 4.88042
 4.74609 4.98326
 4.74369 4.77143
 4.74112 4.94002
 4.7271 4.91378
 4.70918 4.71725
 4.70505 4.77824
 4.70194 4.73578
 4.655 4.66168
 4.62615 4.62996
 4.61636 4.73759
 4.61238 4.61919
 4.61066 6.66626
 4.60783 4.69572
 4.60585 4.62857
 4.60271 4.62612
 4.59141 4.61013
 4.59107 5.22745
 4.58597 7.4329
 4.58286 4.85939
 4.53964 4.56707
 4.52963 4.55816
 4.52086 9.48908
 4.42943 4.64054
 4.41966 4.71113
 4.4179 8.19894
 4.38067 4.67031
 4.30148 8.39798
 4.1353 4.62311
 4.09983 8.75345
 3.97661 7.1845
 3.90851 3.97956
 3.88629 4.54531
 3.67296 9.16233
