 0 0.487796
 0 0.488233
 0 0.488431
 0 0.488431
 0 0.488665
 0 0.488666
 0 0.501369
 0 0.501369
 0 0.502319
 0 0.50232
 0 0.50232
 0 0.50232
 0 0.625809
 0 0.625811
 0 0.626152
 0 0.626381
 0 0.626692
 0 0.626693
 0 0.626694
 0 0.626695
 0 0.626933
 0 0.626962
 0 0.627162
 0 0.627162
 0 0.627172
 0 0.627174
 0 0.627667
 0 0.627667
 0 0.62773
 0 0.62773
 0 0.62773
 0 0.62774
 0 0.62774
 0 0.62774
 0 0.627849
 0 0.627924
 0 0.627925
 0 0.627925
 0 0.627934
 0 0.627934
 0 0.628007
 0 0.628031
 0 0.628049
 0 0.628049
 0 0.62805
 0 0.62805
 0 0.628055
 0 0.628055
 0 0.628057
 0 0.628063
 0 0.628063
 0 0.62808
 0 0.62808
 0 0.628357
 0 0.628359
 0 0.628374
 0 0.628375
 0 0.628475
 0 0.6285
 0 0.62851
 0 0.62851
 0 0.628713
 0 0.628752
 0 0.628806
 0 0.628855
 0 0.629143
 0 0.629144
 0 0.629292
 0 0.629292
 0 0.629293
 0 0.629324
 0 0.629326
 0 0.629417
 0 0.629417
 0 0.629441
 0 0.629443
 0 0.62957
 0 0.629574
 0 0.629574
 0 0.629578
 0 0.629657
 0 0.629657
 0 0.629657
 0 0.629711
 0 0.629711
 0 0.629712
 0 0.629715
 0 0.629717
 0 0.629772
 0 0.629844
 0 0.629845
 0 0.629845
 0 0.629846
 0 0.629928
 0 0.629928
 0 0.62993
 0 0.629946
 0 0.630023
 0 0.630024
 0 0.630024
 0 0.630032
 0 0.630032
 0 0.630032
 0 0.630033
 0 0.630036
 0 0.630036
 0 0.630036
 0 0.630052
 0 0.630053
 0 0.630065
 0 0.630083
 0 0.630083
 0 0.630084
 0 0.630103
 0 0.630104
 0 0.630105
 0 0.630106
 0 0.630106
 0 0.630106
 0 0.630152
 0 0.630152
 0 0.630152
 0 0.63018
 0 0.630183
 0 0.630183
 0 0.630183
 0 0.630202
 0 0.630202
 0 0.630202
 0 0.630202
 0 0.630216
 0 0.630216
 0 0.630218
 0 0.630219
 0 0.630238
 0 0.630239
 0 0.630298
 0 0.630306
 0 0.630306
 0 0.630308
 0 0.630308
 0 0.630309
 0 0.630309
 0 0.630309
 0 0.630313
 0 0.630361
 0 0.630404
 0 0.630414
 0 0.630414
 0 0.630475
 0 0.630478
 0 0.630478
 0 0.630478
 0 0.630478
 0 0.630483
 0 0.630483
 0 0.630505
 0 0.630505
 0 0.630506
 0 0.630506
 0 0.630506
 0 0.630506
 0 0.630507
 0 0.630507
 0 0.630532
 0 0.630533
 0 0.630533
 0 0.630571
 0 0.630589
 0 0.630627
 0 0.630627
 0 0.630627
 0 0.630628
 0 0.630634
 0 0.630687
 0 0.630696
 0 0.630696
 0 0.630715
 0 0.630718
 0 0.630725
 0 0.630753
 0 0.630753
 0 0.630753
 0 0.630792
 0 0.630832
 0 0.630839
 0 0.630867
 0 0.630867
 0 0.630879
 0 0.630887
 0 0.630898
 0 0.630898
 0 0.6309
 0 0.6309
 0 0.630936
 0 0.630937
 0 0.630938
 0 0.630953
 0 0.630962
 0 0.630962
 0 0.630962
 0 0.630975
 0 0.630975
 0 0.630976
 0 0.630988
 0 0.630988
 0 0.630988
 0 0.630999
 0 0.631
 0 0.631001
 0 0.63101
 0 0.631019
 0 0.631043
 0 0.631044
 0 0.63106
 0 0.63106
 0 0.631072
 0 0.631097
 0 0.631098
 0 0.631127
 0 0.631135
 0 0.631135
 0 0.631135
 0 0.631151
 0 0.631151
 0 0.631154
 0 0.631154
 0 0.631158
 0 0.631224
 0 0.631238
 0 0.631238
 0 0.631241
 0 0.631241
 0 0.631248
 0 0.631268
 0 0.63127
 0 0.631272
 0 0.631272
 0 0.631272
 0 0.631304
 0 0.631305
 0 0.631311
 0 0.631311
 0 0.631336
 0 0.631343
 0 0.631346
 0 0.631346
 0 0.631346
 0 0.631346
 0 0.631353
 0 0.631358
 0 0.631358
 0 0.63136
 0 0.631362
 0 0.631362
 0 0.631363
 0 0.631363
 0 0.631364
 0 0.631385
 0 0.631402
 0 0.631402
 0 0.631413
 0 0.631427
 0 0.631438
 0 0.631447
 0 0.63145
 0 0.63145
 0 0.63145
 0 0.63145
 0 0.631456
 0 0.631463
 0 0.631463
 0 0.631463
 0 0.631476
 0 0.631476
 0 0.631477
 0 0.631487
 0 0.631491
 0 0.631491
 0 0.631491
 0 0.631491
 0 0.631491
 0 0.631514
 0 0.631517
 0 0.631517
 0 0.631518
 0 0.631523
 0 0.631523
 0 0.631523
 0 0.631523
 0 0.631523
 0 0.631523
 0 0.631546
 0 0.63158
 0 0.63158
 0 0.63158
 0 0.631589
 0 0.631604
 0 0.631604
 0 0.631604
 0 0.631604
 0 0.631604
 0 0.631605
 0 0.631605
 0 0.631621
 0 0.631621
 0 0.631636
 0 0.631636
 0 0.631637
 0 0.631637
 0 0.631637
 0 0.63166
 0 0.631669
 0 0.631669
 0 0.631691
 0 0.631729
 0 0.63174
 0 0.631741
 0 0.631741
 0 0.631743
 0 0.631751
 0 0.631751
 0 0.631752
 0 0.631763
 0 0.631779
 0 0.631781
 0 0.631781
 0 0.631806
 0 0.631806
 0 0.631808
 0 0.63181
 0 0.631811
 0 0.631811
 0 0.631822
 0 0.631836
 0 0.631836
 0 0.631837
 0 0.631837
 0 0.631837
 0 0.631874
 0 0.631874
 0 0.631875
 0 0.631875
 0 0.631875
 0 0.631881
 0 0.631882
 0 0.631883
 0 0.631892
 0 0.6319
 0 0.6319
 0 0.631901
 0 0.631902
 0 0.631922
 0 0.631923
 0 0.63193
 0 0.63193
 0 0.63193
 0 0.63194
 0 0.631949
 0 0.63195
 0 0.631963
 0 0.631975
 0 0.632005
 0 0.63201
 0 0.632011
 0 0.632038
 0 0.632039
 0 0.632052
 0 0.632055
 0 0.632055
 0 0.632056
 0 0.632056
 0 0.632058
 0 0.632058
 0 0.632058
 0 0.632073
 0 0.632075
 0 0.63208
 0 0.63208
 0 0.63208
 0 0.632093
 0 0.632093
 0 0.632111
 0 0.632111
 0 0.632111
 0 0.632129
 0 0.632131
 0 0.632141
 0 0.632142
 0 0.632144
 0 0.632146
 0 0.632151
 0 0.632162
 0 0.632162
 0 0.632162
 0 0.632162
 0 0.632163
 0 0.632183
 0 0.632185
 0 0.632186
 0 0.632209
 0 0.632209
 0 0.632209
 0 0.632209
 0 0.632211
 0 0.632261
 0 0.632262
 0 0.632262
 0 0.632268
 0 0.63227
 0 0.632278
 0 0.632279
 0 0.632286
 0 0.632291
 0 0.632295
 0 0.632295
 0 0.632295
 0 0.632299
 0 0.632299
 0 0.632301
 0 0.632302
 0 0.632306
 0 0.632329
 0 0.632331
 0 0.632332
 0 0.632333
 0 0.632343
 0 0.632343
 0 0.632344
 0 0.632362
 0 0.632363
 0 0.632363
 0 0.632363
 0 0.632363
 0 0.632366
 0 0.632367
 0 0.632368
 0 0.63237
 0 0.632372
 0 0.632375
 0 0.632375
 0 0.632378
 0 0.632379
 0 0.632379
 0 0.632406
 0 0.632406
 0 0.632406
 0 0.632409
 0 0.632409
 0 0.632412
 0 0.632412
 0 0.632416
 0 0.632416
 0 0.632416
 0 0.632419
 0 0.632433
 0 0.632433
 0 0.632433
 0 0.632437
 0 0.632441
 0 0.632441
 0 0.632456
 0 0.632456
 0 0.632491
 0 0.632492
 0 0.632494
 0 0.632494
 0 0.632495
 0 0.63252
 0 0.63252
 0 0.63252
 0 0.63252
 0 0.632536
 0 0.632552
 0 0.632567
 0 0.632568
 0 0.632573
 0 0.632604
 0 0.632616
 0 0.632617
 0 0.632621
 0 0.632631
 0 0.632631
 0 0.632641
 0 0.632641
 0 0.63266
 0 0.632668
 0 0.632669
 0 0.632676
 0 0.632677
 0 0.632678
 0 0.632687
 0 0.632691
 0 0.632691
 0 0.632693
 0 0.632693
 0 0.632694
 0 0.632715
 0 0.632716
 0 0.63273
 0 0.63273
 0 0.63273
 0 0.63273
 0 0.632731
 0 0.632731
 0 0.632733
 0 0.632737
 0 0.632737
 0 0.632743
 0 0.632743
 0 0.632743
 0 0.632757
 0 0.632757
 0 0.632759
 0 0.63276
 0 0.63276
 0 0.632785
 0 0.632785
 0 0.632786
 0 0.632786
 0 0.632831
 0 0.632831
 0 0.632833
 0 0.632837
 0 0.632837
 0 0.632838
 0 0.632855
 0 0.632895
 0 0.632895
 0 0.6329
 0 0.632933
 0 0.632934
 0 0.632934
 0 0.632945
 0 0.632946
 0 0.632946
 0 0.632946
 0 0.632947
 0 0.632947
 0 0.632949
 0 0.632949
 0 0.63295
 0 0.63295
 0 0.632975
 0 0.632977
 0 0.632978
 0 0.632987
 0 0.632988
 0 0.632988
 0 0.632988
 0 0.632988
 0 0.632993
 0 0.632993
 0 0.632993
 0 0.632993
 0 0.632994
 0 0.632994
 0 0.632994
 0 0.633028
 0 0.633028
 0 0.633028
 0 0.633029
 0 0.633029
 0 0.633041
 0 0.633048
 0 0.633051
 0 0.633057
 0 0.633057
 0 0.633064
 0 0.633078
 0 0.633079
 0 0.633079
 0 0.633079
 0 0.63308
 0 0.63308
 0 0.633081
 0 0.633089
 0 0.633089
 0 0.63309
 0 0.633091
 0 0.633092
 0 0.633111
 0 0.633115
 0 0.633117
 0 0.633117
 0 0.633128
 0 0.633133
 0 0.633135
 0 0.633154
 0 0.633156
 0 0.633156
 0 0.633161
 0 0.633161
 0 0.633168
 0 0.633168
 0 0.633168
 0 0.633183
 0 0.63319
 0 0.63319
 0 0.633197
 0 0.633205
 0 0.633205
 0 0.633216
 0 0.633216
 0 0.633227
 0 0.633227
 0 0.633227
 0 0.633241
 0 0.633242
 0 0.63325
 0 0.63325
 0 0.633288
 0 0.63329
 0 0.633298
 0 0.633298
 0 0.633299
 0 0.633305
 0 0.633326
 0 0.633326
 0 0.633355
 0 0.633355
 0 0.633356
 0 0.633363
 0 0.633372
 0 0.633376
 0 0.633376
 0 0.633383
 0 0.633383
 0 0.633383
 0 0.633387
 0 0.633387
 0 0.633387
 0 0.633431
 0 0.633431
 0 0.633436
 0 0.633457
 0 0.633458
 0 0.633458
 0 0.63346
 0 0.633461
 0 0.633462
 0 0.633462
 0 0.63347
 0 0.63347
 0 0.633471
 0 0.633471
 0 0.633471
 0 0.633478
 0 0.633478
 0 0.63348
 0 0.63348
 0 0.633485
 0 0.633505
 0 0.633508
 0 0.633508
 0 0.633508
 0 0.633508
 0 0.633508
 0 0.633508
 0 0.633509
 0 0.633543
 0 0.633543
 0 0.633543
 0 0.633544
 0 0.633546
 0 0.63356
 0 0.633572
 0 0.633573
 0 0.633581
 0 0.633581
 0 0.633584
 0 0.633584
 0 0.633584
 0 0.633587
 0 0.633587
 0 0.633588
 0 0.633588
 0 0.633588
 0 0.633589
 0 0.633589
 0 0.633589
 0 0.633597
 0 0.63361
 0 0.633621
 0 0.633634
 0 0.633638
 0 0.633638
 0 0.633639
 0 0.633639
 0 0.633644
 0 0.633644
 0 0.633648
 0 0.63365
 0 0.633651
 0 0.633651
 0 0.633651
 0 0.633659
 0 0.633663
 0 0.633689
 0 0.633704
 0 0.633705
 0 0.633705
 0 0.633708
 0 0.633716
 0 0.633718
 0 0.633725
 0 0.633725
 0 0.633727
 0 0.633744
 0 0.633744
 0 0.633746
 0 0.633754
 0 0.633754
 0 0.633757
 0 0.633757
 0 0.633763
 0 0.63377
 0 0.63377
 0 0.633774
 0 0.633781
 0 0.633781
 0 0.633781
 0 0.633781
 0 0.633799
 0 0.633802
 0 0.633808
 0 0.633815
 0 0.633815
 0 0.633815
 0 0.633821
 0 0.633825
 0 0.633838
 0 0.633838
 0 0.633839
 0 0.633849
 0 0.63385
 0 0.633851
 0 0.633851
 0 0.633853
 0 0.633857
 0 0.633857
 0 0.633857
 0 0.633879
 0 0.633879
 0 0.633879
 0 0.633879
 0 0.633879
 0 0.633883
 0 0.633885
 0 0.633885
 0 0.633887
 0 0.633889
 0 0.633896
 0 0.633897
 0 0.633897
 0 0.633904
 0 0.633904
 0 0.633911
 0 0.633916
 0 0.633917
 0 0.633919
 0 0.633919
 0 0.633919
 0 0.633941
 0 0.633941
 0 0.633941
 0 0.633942
 0 0.633942
 0 0.633942
 0 0.633944
 0 0.633945
 0 0.633945
 0 0.633945
 0 0.633955
 0 0.633956
 0 0.633973
 0 0.633973
 0 0.633993
 0 0.633998
 0 0.633999
 0 0.633999
 0 0.634007
 0 0.634008
 0 0.634013
 0 0.634013
 0 0.634013
 0 0.634016
 0 0.63403
 0 0.63403
 0 0.634031
 0 0.634033
 0 0.634033
 0 0.634045
 0 0.634049
 0 0.63405
 0 0.634051
 0 0.634052
 0 0.634052
 0 0.634055
 0 0.634055
 0 0.634057
 0 0.634057
 0 0.634058
 0 0.634058
 0 0.634058
 0 0.634058
 0 0.634064
 0 0.634074
 0 0.634115
 0 0.634117
 0 0.634123
 0 0.634123
 0 0.634124
 0 0.634126
 0 0.634126
 0 0.634141
 0 0.634141
 0 0.634145
 0 0.634147
 0 0.634159
 0 0.634165
 0 0.634165
 0 0.634184
 0 0.634187
 0 0.634197
 0 0.634197
 0 0.634199
 0 0.634216
 0 0.634216
 0 0.634226
 0 0.634228
 0 0.634242
 0 0.634242
 0 0.634288
 0 0.634289
 0 0.634289
 0 0.634293
 0 0.634298
 0 0.63431
 0 0.63431
 0 0.63432
 0 0.63432
 0 0.634321
 0 0.634323
 0 0.634323
 0 0.634344
 0 0.634346
 0 0.634364
 0 0.634364
 0 0.634376
 0 0.634377
 0 0.634383
 0 0.634386
 0 0.634391
 0 0.634391
 0 0.634394
 0 0.634394
 0 0.634394
 0 0.634395
 0 0.634395
 0 0.634395
 0 0.634395
 0 0.634396
 0 0.634396
 0 0.634402
 0 0.634403
 0 0.634409
 0 0.63441
 0 0.63441
 0 0.634424
 0 0.634424
 0 0.634424
 0 0.634424
 0 0.634424
 0 0.634428
 0 0.634433
 0 0.634433
 0 0.634435
 0 0.634436
 0 0.634436
 0 0.634436
 0 0.634452
 0 0.634453
 0 0.634457
 0 0.634458
 0 0.634459
 0 0.634459
 0 0.634459
 0 0.634459
 0 0.634471
 0 0.634472
 0 0.634474
 0 0.634484
 0 0.634496
 0 0.634502
 0 0.634502
 0 0.634503
 0 0.634503
 0 0.634515
 0 0.634515
 0 0.634515
 0 0.634515
 0 0.634516
 0 0.63452
 0 0.63452
 0 0.634531
 0 0.634552
 0 0.634556
 0 0.634556
 0 0.634556
 0 0.634569
 0 0.63457
 0 0.634579
 0 0.634591
 0 0.634592
 0 0.634616
 0 0.634616
 0 0.634618
 0 0.634618
 0 0.634618
 0 0.63462
 0 0.63462
 0 0.634637
 0 0.634637
 0 0.634643
 0 0.634644
 0 0.634654
 0 0.634654
 0 0.634654
 0 0.63466
 0 0.63466
 0 0.63466
 0 0.634681
 0 0.634697
 0 0.6347
 0 0.6347
 0 0.634729
 0 0.634746
 0 0.634746
 0 0.634746
 0 0.634776
 0 0.634785
 0 0.634786
 0 0.634786
 0 0.63479
 0 0.634793
 0 0.634794
 0 0.634794
 0 0.634798
 0 0.634801
 0 0.634801
 0 0.634801
 0 0.634801
 0 0.634802
 0 0.634802
 0 0.634802
 0 0.634817
 0 0.634818
 0 0.634824
 0 0.634825
 0 0.634842
 0 0.634842
 0 0.634842
 0 0.634863
 0 0.634863
 0 0.634878
 0 0.634878
 0 0.634887
 0 0.634888
 0 0.634888
 0 0.634908
 0 0.634936
 0 0.634936
 0 0.634945
 0 0.634963
 0 0.634974
 0 0.634975
 0 0.634982
 0 0.634982
 0 0.634984
 0 0.634985
 0 0.634999
 0 0.635009
 0 0.635009
 0 0.635016
 0 0.635041
 0 0.635057
 0 0.635088
 0 0.635094
 0 0.635094
 0 0.635096
 0 0.635121
 0 0.635121
 0 0.635133
 0 0.635133
 0 0.635144
 0 0.635146
 0 0.635167
 0 0.635167
 0 0.635167
 0 0.635186
 0 0.635186
 0 0.635186
 0 0.635186
 0 0.635203
 0 0.635208
 0 0.635209
 0 0.635233
 0 0.635233
 0 0.635241
 0 0.635241
 0 0.635241
 0 0.635241
 0 0.635248
 0 0.635248
 0 0.635248
 0 0.635248
 0 0.635248
 0 0.635249
 0 0.63525
 0 0.635264
 0 0.635265
 0 0.635266
 0 0.635266
 0 0.635273
 0 0.635273
 0 0.635273
 0 0.635275
 0 0.635296
 0 0.635297
 0 0.63531
 0 0.635321
 0 0.635322
 0 0.635324
 0 0.635327
 0 0.635328
 0 0.635349
 0 0.635369
 0 0.635369
 0 0.635371
 0 0.635386
 0 0.635435
 0 0.635445
 0 0.635456
 0 0.635457
 0 0.635457
 0 0.635457
 0 0.635465
 0 0.635466
 0 0.635496
 0 0.635528
 0 0.635528
 0 0.635528
 0 0.635544
 0 0.635545
 0 0.635546
 0 0.635546
 0 0.635546
 0 0.63555
 0 0.635551
 0 0.635561
 0 0.635561
 0 0.635563
 0 0.635581
 0 0.635583
 0 0.635583
 0 0.635583
 0 0.635583
 0 0.635591
 0 0.635605
 0 0.635618
 0 0.635646
 0 0.635646
 0 0.635664
 0 0.635674
 0 0.635674
 0 0.635674
 0 0.63569
 0 0.63569
 0 0.63569
 0 0.63569
 0 0.635691
 0 0.635692
 0 0.635708
 0 0.635708
 0 0.635709
 0 0.635709
 0 0.635724
 0 0.635724
 0 0.635737
 0 0.635737
 0 0.635737
 0 0.635738
 0 0.635738
 0 0.635768
 0 0.635768
 0 0.635801
 0 0.635802
 0 0.635827
 0 0.635827
 0 0.635827
 0 0.635828
 0 0.635828
 0 0.635829
 0 0.635865
 0 0.635865
 0 0.635866
 0 0.635891
 0 0.635891
 0 0.63591
 0 0.63596
 0 0.63596
 0 0.635967
 0 0.635997
 0 0.635998
 0 0.636014
 0 0.636061
 0 0.636077
 0 0.636077
 0 0.636088
 0 0.636089
 0 0.636089
 0 0.636089
 0 0.636089
 0 0.63609
 0 0.63611
 0 0.63611
 0 0.636111
 0 0.636111
 0 0.636122
 0 0.636122
 0 0.636124
 0 0.636152
 0 0.636153
 0 0.636177
 0 0.636177
 0 0.636186
 0 0.636186
 0 0.636186
 0 0.636291
 0 0.636291
 0 0.636291
 0 0.636291
 0 0.636293
 0 0.636293
 0 0.636293
 0 0.636293
 0 0.636335
 0 0.636335
 0 0.636336
 0 0.636351
 0 0.636351
 0 0.636354
 0 0.636356
 0 0.636378
 0 0.636378
 0 0.636384
 0 0.6364
 0 0.636401
 0 0.636428
 0 0.636441
 0 0.636475
 0 0.636475
 0 0.636491
 0 0.636491
 0 0.636509
 0 0.63651
 0 0.636523
 0 0.636564
 0 0.636592
 0 0.636592
 0 0.636592
 0 0.636606
 0 0.636607
 0 0.636624
 0 0.636624
 0 0.636625
 0 0.63663
 0 0.63663
 0 0.63663
 0 0.636633
 0 0.636634
 0 0.636671
 0 0.636671
 0 0.636671
 0 0.636676
 0 0.636676
 0 0.63668
 0 0.6367
 0 0.636724
 0 0.636744
 0 0.636744
 0 0.636744
 0 0.636744
 0 0.636779
 0 0.636812
 0 0.636812
 0 0.636815
 0 0.636815
 0 0.636815
 0 0.636816
 0 0.636819
 0 0.636824
 0 0.636824
 0 0.636824
 0 0.636847
 0 0.636859
 0 0.636859
 0 0.636859
 0 0.636861
 0 0.636864
 0 0.636874
 0 0.636886
 0 0.636886
 0 0.636886
 0 0.6369
 0 0.6369
 0 0.636901
 0 0.636902
 0 0.636909
 0 0.63691
 0 0.636937
 0 0.636938
 0 0.636938
 0 0.636946
 0 0.636946
 0 0.636947
 0 0.636947
 0 0.636993
 0 0.636993
 0 0.636993
 0 0.637013
 0 0.637022
 0 0.637022
 0 0.637022
 0 0.637022
 0 0.637034
 0 0.637034
 0 0.637034
 0 0.637072
 0 0.637072
 0 0.637073
 0 0.6371
 0 0.637108
 0 0.637109
 0 0.63711
 0 0.637141
 0 0.637141
 0 0.637142
 0 0.637142
 0 0.637143
 0 0.637159
 0 0.637159
 0 0.637174
 0 0.637186
 0 0.63719
 0 0.637191
 0 0.637203
 0 0.63721
 0 0.637271
 0 0.637272
 0 0.637272
 0 0.637272
 0 0.63728
 0 0.637318
 0 0.637335
 0 0.637335
 0 0.637338
 0 0.63737
 0 0.637371
 0 0.637377
 0 0.637378
 0 0.637379
 0 0.637379
 0 0.637386
 0 0.637386
 0 0.637403
 0 0.637404
 0 0.637406
 0 0.63745
 0 0.637453
 0 0.637453
 0 0.637453
 0 0.637455
 0 0.637456
 0 0.637461
 0 0.637461
 0 0.637461
 0 0.637462
 0 0.637491
 0 0.637496
 0 0.637496
 0 0.6375
 0 0.6375
 0 0.6375
 0 0.6375
 0 0.6375
 0 0.63751
 0 0.637521
 0 0.637522
 0 0.637571
 0 0.637573
 0 0.637573
 0 0.637617
 0 0.637617
 0 0.637617
 0 0.637618
 0 0.637618
 0 0.637618
 0 0.637619
 0 0.637619
 0 0.637623
 0 0.637654
 0 0.637668
 0 0.637669
 0 0.637673
 0 0.6377
 0 0.637706
 0 0.637707
 0 0.637725
 0 0.637734
 0 0.637734
 0 0.637739
 0 0.63774
 0 0.63774
 0 0.637747
 0 0.637747
 0 0.637778
 0 0.637841
 0 0.637842
 0 0.637842
 0 0.637842
 0 0.637842
 0 0.637876
 0 0.637876
 0 0.637911
 0 0.637957
 0 0.637965
 0 0.637983
 0 0.637997
 0 0.637997
 0 0.637999
 0 0.638016
 0 0.638016
 0 0.638018
 0 0.63802
 0 0.638066
 0 0.638067
 0 0.638084
 0 0.638085
 0 0.638085
 0 0.638086
 0 0.638113
 0 0.638118
 0 0.638129
 0 0.638129
 0 0.638129
 0 0.638141
 0 0.638142
 0 0.638142
 0 0.638142
 0 0.638155
 0 0.638163
 0 0.638227
 0 0.638227
 0 0.638236
 0 0.638236
 0 0.638236
 0 0.638237
 0 0.638283
 0 0.638295
 0 0.638299
 0 0.638299
 0 0.638301
 0 0.63831
 0 0.63831
 0 0.63831
 0 0.63832
 0 0.63832
 0 0.63832
 0 0.638322
 0 0.638337
 0 0.638424
 0 0.638452
 0 0.638452
 0 0.638454
 0 0.638462
 0 0.638462
 0 0.638462
 0 0.638467
 0 0.638471
 0 0.638527
 0 0.638527
 0 0.638527
 0 0.638527
 0 0.638533
 0 0.638534
 0 0.638603
 0 0.638603
 0 0.638632
 0 0.638632
 0 0.638658
 0 0.638659
 0 0.63868
 0 0.638681
 0 0.638681
 0 0.63869
 0 0.63869
 0 0.638737
 0 0.638795
 0 0.638796
 0 0.638881
 0 0.638883
 0 0.638894
 0 0.638895
 0 0.638908
 0 0.638909
 0 0.638937
 0 0.638944
 0 0.638944
 0 0.638975
 0 0.638976
 0 0.638988
 0 0.638989
 0 0.639018
 0 0.639019
 0 0.639019
 0 0.639022
 0 0.639022
 0 0.639043
 0 0.639047
 0 0.639052
 0 0.639052
 0 0.639126
 0 0.639147
 0 0.639172
 0 0.639181
 0 0.639181
 0 0.639182
 0 0.639182
 0 0.639194
 0 0.639194
 0 0.639202
 0 0.639203
 0 0.639228
 0 0.639228
 0 0.639229
 0 0.639245
 0 0.639248
 0 0.639248
 0 0.639248
 0 0.639265
 0 0.639269
 0 0.639269
 0 0.639288
 0 0.639288
 0 0.63929
 0 0.639292
 0 0.639301
 0 0.639301
 0 0.639342
 0 0.639342
 0 0.639351
 0 0.639351
 0 0.639355
 0 0.639403
 0 0.639429
 0 0.639429
 0 0.639429
 0 0.639476
 0 0.639477
 0 0.639484
 0 0.639484
 0 0.639484
 0 0.639485
 0 0.639599
 0 0.639706
 0 0.639754
 0 0.639755
 0 0.639793
 0 0.639803
 0 0.639823
 0 0.639854
 0 0.639867
 0 0.639867
 0 0.639867
 0 0.639868
 0 0.639868
 0 0.639885
 0 0.639902
 0 0.640053
 0 0.640053
 0 0.640054
 0 0.640164
 0 0.640184
 0 0.640184
 0 0.640221
 0 0.640294
 0 0.640333
 0 0.640357
 0 0.640358
 0 0.640403
 0 0.640448
 0 0.6405
 0 0.640501
 0 0.640542
 0 0.640582
 0 0.640582
 0 0.640638
 0 0.640638
 0 0.640638
 0 0.640666
 0 0.640674
 0 0.64069
 0 0.640692
 0 0.640707
 0 0.64083
 0 0.64083
 0 0.640869
 0 0.641065
 0 0.641427
 0 0.641569
 0 0.641713
 0 0.641928
 0 0.64193
 0 0.642236
 0 0.642236
 0 0.642236
 0 0.642257
 0 0.642257
 0 0.642257
 0 0.642764
 0 0.642764
 0 0.6429
 0 0.642969
 0 0.642969
 0 0.644833
 0 0.644834
 0 0.644834
 0 0.644834
 0 0.644835
 0 0.644835
 0 inf
