 9.00025 9.12184
 8.45721 9.37007
 8.12513 8.2329
 8.06511 9.38078
 8.02312 8.82401
 8.00642 8.13391
 7.76782 7.95227
 7.60356 8.04157
 6.89506 6.96419
 6.88875 6.93233
 6.63088 7.43912
 6.48381 6.97302
 6.4658 7.38083
 6.34602 6.88708
 6.13576 8.69283
 6.01096 6.12379
 5.70485 6.74929
 5.65036 5.65891
 5.62267 5.76048
 5.54021 5.7552
 5.53496 5.55465
 5.47741 5.49204
 5.35693 5.539
 5.33599 5.5411
 5.25563 5.99685
 5.17335 5.18963
 5.11909 5.14557
 5.09874 5.67977
 5.06357 5.06447
 5.06137 5.62376
 5.05668 5.11291
 5.05257 5.06324
 5.01692 5.29493
 5.01168 5.02791
 4.99976 5.02403
 4.9907 5.04906
 4.97369 4.9759
 4.94565 4.96419
 4.93668 4.94306
 4.92958 4.94179
 4.91993 4.94373
 4.88882 4.90707
 4.88814 4.90049
 4.88671 4.8928
 4.88267 4.89057
 4.87489 4.89511
 4.86485 4.89476
 4.86458 4.89597
 4.85712 5.00635
 4.85698 5.27862
 4.84432 4.8709
 4.84276 4.84644
 4.84209 4.89592
 4.8414 4.89101
 4.83512 4.84473
 4.78465 5.18394
 4.735 4.99351
 4.73486 4.74501
 4.7196 4.72434
 4.70261 4.94008
 4.6905 7.61906
 4.68927 5.27935
 4.64031 4.65075
 4.62799 4.73122
 4.62239 4.62609
 4.61453 4.62346
 4.61432 5.16194
 4.58941 4.59663
 4.58615 4.6286
 4.58551 4.60778
 4.58311 4.70366
 4.58272 5.13913
 4.5539 4.99342
 4.53508 7.19731
 4.52693 4.97996
 4.51987 4.52545
 4.50804 5.44436
 4.49041 4.49523
 4.48717 4.5119
 4.46733 4.68555
 4.45855 4.48832
 4.45509 4.48089
 4.45057 4.50863
 4.44382 5.06867
 4.44216 4.47521
 4.44116 4.44685
 4.4389 4.4725
 4.4354 6.22568
 4.42606 5.19008
 4.42495 4.99162
 4.40555 4.56249
 4.38871 7.34378
 4.38806 6.76933
 4.35615 6.2267
 4.35564 4.94486
 4.34596 8.46007
 4.32288 5.05511
 4.31101 5.15034
 4.30083 4.51922
 4.26918 4.2756
 4.25184 5.36509
 4.23946 4.29099
 4.22891 5.62516
 4.20328 4.22866
 4.19637 4.20775
 4.18146 4.1975
 4.17932 4.19907
 4.1561 4.17875
 4.15543 4.17957
 4.15541 8.59081
 4.14907 5.06316
 4.14778 4.17555
 4.13927 9.30866
 4.13687 7.52828
 4.09537 5.99123
 4.06711 5.19559
 4.04091 5.80714
 4.04063 5.31099
 4.04057 8.02485
 4.03503 4.06841
 4.01972 4.03491
 3.99323 4.01256
 3.97545 8.56836
 3.94315 9.11129
 3.83342 4.96897
 3.82996 5.71284
 3.80393 4.90412
 3.3211 5.686
