 8.40283 8.88136
 8.26795 8.31482
 8.00558 8.52497
 7.80397 8.63917
 7.66728 8.03165
 7.51848 7.57762
 7.44111 8.22826
 7.43651 7.60881
 7.43543 7.65472
 6.88779 6.92676
 6.84078 6.85138
 6.83807 6.88458
 6.73237 7.0361
 6.64404 8.01784
 6.54888 7.01984
 6.34689 6.99209
 6.15501 6.65373
 6.1276 6.55457
 6.10311 6.98381
 6.05134 7.37045
 5.94901 5.99113
 5.83529 7.11805
 5.73757 7.35043
 5.72506 8.37055
 5.67248 5.67634
 5.65328 5.68339
 5.62457 6.57756
 5.61978 5.73159
 5.61978 5.85144
 5.56841 5.72415
 5.54528 5.59132
 5.54477 5.77593
 5.48497 5.91473
 5.45637 6.15864
 5.41038 5.8751
 5.39059 8.20226
 5.37057 5.4084
 5.33577 6.42904
 5.25442 5.71205
 5.25055 5.70649
 5.23944 6.41776
 5.01556 5.01647
 4.97465 8.41119
 4.92321 5.04047
 4.91022 4.9111
 4.88488 4.88636
 4.87823 4.88459
 4.87178 4.87499
 4.86297 5.00098
 4.85927 4.8607
 4.85234 4.87895
 4.85174 4.85999
 4.84384 4.99628
 4.8421 4.84925
 4.83307 4.83473
 4.82416 4.84563
 4.81886 4.82242
 4.81693 4.82158
 4.79968 4.8149
 4.79945 4.94349
 4.79649 4.8159
 4.79342 4.83636
 4.79126 4.81202
 4.79048 4.80661
 4.78636 4.78898
 4.78427 4.80024
 4.77896 4.79666
 4.77794 4.78413
 4.77729 4.79522
 4.77498 4.79234
 4.77385 4.82143
 4.77206 4.77292
 4.76949 4.78974
 4.76879 4.97066
 4.76821 4.78401
 4.75834 4.81302
 4.75795 4.7809
 4.74827 4.76184
 4.74459 4.76252
 4.73861 4.74553
 4.73219 4.75976
 4.72944 4.74474
 4.72871 4.75253
 4.72309 4.74124
 4.71705 4.73328
 4.71571 4.73434
 4.71352 4.73407
 4.71181 4.732
 4.70901 4.72898
 4.70866 4.72935
 4.70804 4.72851
 4.70708 4.7287
 4.70691 4.71579
 4.70614 4.73654
 4.70132 4.70466
 4.70045 4.72026
 4.69725 4.69871
 4.69702 4.73211
 4.6948 4.69493
 4.69279 4.90995
 4.68755 4.69056
 4.68109 4.68547
 4.67898 4.70027
 4.67492 5.37136
 4.67053 4.86325
 4.67041 4.68418
 4.66839 4.93707
 4.66676 4.97641
 4.66509 4.70178
 4.65827 4.93597
 4.61184 4.61322
 4.60241 5.06908
 4.56931 4.56967
 4.56108 4.79997
 4.50619 5.65323
 4.48435 8.21984
 4.42092 4.97362
 4.40268 8.38449
 4.40261 4.4067
 4.38002 4.38295
 4.34758 4.34773
 4.34677 5.59665
 4.34348 7.6385
 4.33766 4.34414
 4.3367 5.24268
 4.33302 4.35036
 4.30318 4.32605
 4.3019 4.39323
 4.30038 4.70316
 4.29932 4.45092
 4.29057 4.30435
 4.28851 7.98545
 4.28011 8.35545
 4.19427 4.20373
 4.1868 5.23917
 4.17804 7.49597
 4.12155 4.12195
 4.11638 4.12426
 4.11451 5.0277
 4.10684 4.88868
 3.89734 3.90615
 3.89214 8.68216
