 0 0.623743
 0 0.623743
 0 0.623747
 0 0.624
 0 0.624211
 0 0.62455
 0 0.624553
 0 0.624554
 0 0.624624
 0 0.624624
 0 0.62464
 0 0.624643
 0 0.625742
 0 0.625809
 0 0.625816
 0 0.626645
 0 0.62672
 0 0.626727
 0 0.626995
 0 0.627649
 0 0.62765
 0 0.62769
 0 0.627989
 0 0.628002
 0 0.628007
 0 0.628007
 0 0.628068
 0 0.628077
 0 0.628077
 0 0.628078
 0 0.628128
 0 0.628152
 0 0.628153
 0 0.62829
 0 0.628292
 0 0.628409
 0 0.628409
 0 0.628415
 0 0.628452
 0 0.628452
 0 0.628492
 0 0.628559
 0 0.628577
 0 0.628577
 0 0.628577
 0 0.628582
 0 0.628582
 0 0.628608
 0 0.628652
 0 0.628869
 0 0.628901
 0 0.629014
 0 0.629014
 0 0.629029
 0 0.629029
 0 0.629029
 0 0.629029
 0 0.629093
 0 0.629094
 0 0.629138
 0 0.629145
 0 0.629148
 0 0.629176
 0 0.629178
 0 0.629219
 0 0.629219
 0 0.629276
 0 0.629277
 0 0.629277
 0 0.629325
 0 0.629409
 0 0.62941
 0 0.629412
 0 0.62949
 0 0.62953
 0 0.629538
 0 0.629541
 0 0.629543
 0 0.629543
 0 0.629586
 0 0.62959
 0 0.629594
 0 0.629653
 0 0.629653
 0 0.629655
 0 0.629683
 0 0.629683
 0 0.629687
 0 0.629691
 0 0.629691
 0 0.629694
 0 0.629694
 0 0.629773
 0 0.629778
 0 0.62983
 0 0.629838
 0 0.629893
 0 0.629894
 0 0.629903
 0 0.629903
 0 0.629903
 0 0.629929
 0 0.62993
 0 0.629966
 0 0.629996
 0 0.629998
 0 0.630049
 0 0.630061
 0 0.630062
 0 0.630062
 0 0.630123
 0 0.630127
 0 0.630134
 0 0.630139
 0 0.630192
 0 0.630198
 0 0.630198
 0 0.630205
 0 0.630257
 0 0.630282
 0 0.630288
 0 0.630361
 0 0.630363
 0 0.630412
 0 0.630413
 0 0.630446
 0 0.630449
 0 0.630449
 0 0.630464
 0 0.630471
 0 0.63049
 0 0.630511
 0 0.630512
 0 0.630513
 0 0.630519
 0 0.630571
 0 0.630651
 0 0.630652
 0 0.630669
 0 0.630669
 0 0.630672
 0 0.630777
 0 0.630814
 0 0.630814
 0 0.630828
 0 0.630832
 0 0.630948
 0 0.630948
 0 0.630961
 0 0.631013
 0 0.631013
 0 0.631014
 0 0.631044
 0 0.631045
 0 0.631045
 0 0.631049
 0 0.631054
 0 0.631056
 0 0.631056
 0 0.631057
 0 0.631065
 0 0.631075
 0 0.631075
 0 0.631083
 0 0.631083
 0 0.631119
 0 0.631127
 0 0.631129
 0 0.631164
 0 0.631164
 0 0.631166
 0 0.631167
 0 0.631167
 0 0.631169
 0 0.631182
 0 0.631184
 0 0.631185
 0 0.631185
 0 0.631185
 0 0.631187
 0 0.631191
 0 0.631191
 0 0.631192
 0 0.631193
 0 0.631218
 0 0.631218
 0 0.631242
 0 0.631242
 0 0.631249
 0 0.631292
 0 0.631317
 0 0.631318
 0 0.631324
 0 0.631324
 0 0.631324
 0 0.631324
 0 0.631325
 0 0.631325
 0 0.631334
 0 0.631336
 0 0.631336
 0 0.631336
 0 0.631336
 0 0.631341
 0 0.631343
 0 0.63136
 0 0.631361
 0 0.631361
 0 0.63137
 0 0.63137
 0 0.631371
 0 0.631375
 0 0.631388
 0 0.631388
 0 0.631391
 0 0.631419
 0 0.631419
 0 0.631419
 0 0.631423
 0 0.63143
 0 0.631432
 0 0.631432
 0 0.631434
 0 0.631435
 0 0.631436
 0 0.631444
 0 0.631444
 0 0.631444
 0 0.631444
 0 0.631444
 0 0.631478
 0 0.631478
 0 0.631485
 0 0.631485
 0 0.631488
 0 0.631529
 0 0.631531
 0 0.631533
 0 0.631537
 0 0.63154
 0 0.63154
 0 0.631546
 0 0.631549
 0 0.631573
 0 0.63159
 0 0.63159
 0 0.631591
 0 0.631591
 0 0.631597
 0 0.631598
 0 0.631603
 0 0.631655
 0 0.631665
 0 0.631669
 0 0.631735
 0 0.631735
 0 0.631735
 0 0.631736
 0 0.631736
 0 0.631737
 0 0.631742
 0 0.631743
 0 0.631744
 0 0.631754
 0 0.631767
 0 0.631767
 0 0.63177
 0 0.631771
 0 0.631773
 0 0.631785
 0 0.63179
 0 0.631791
 0 0.631795
 0 0.631796
 0 0.631822
 0 0.631868
 0 0.63188
 0 0.63189
 0 0.631894
 0 0.631899
 0 0.631899
 0 0.631901
 0 0.631907
 0 0.631921
 0 0.631922
 0 0.631923
 0 0.631935
 0 0.631957
 0 0.631958
 0 0.631965
 0 0.631966
 0 0.631968
 0 0.631969
 0 0.631969
 0 0.631986
 0 0.631991
 0 0.631993
 0 0.631994
 0 0.631999
 0 0.632004
 0 0.632004
 0 0.632004
 0 0.632022
 0 0.632023
 0 0.632025
 0 0.632025
 0 0.63203
 0 0.632031
 0 0.632031
 0 0.632031
 0 0.632031
 0 0.632046
 0 0.632047
 0 0.632056
 0 0.632056
 0 0.632056
 0 0.632058
 0 0.632063
 0 0.632066
 0 0.632066
 0 0.63207
 0 0.632076
 0 0.632076
 0 0.632077
 0 0.632102
 0 0.632102
 0 0.632104
 0 0.632106
 0 0.632134
 0 0.632134
 0 0.632134
 0 0.632134
 0 0.632137
 0 0.632139
 0 0.63216
 0 0.63216
 0 0.632179
 0 0.632179
 0 0.632185
 0 0.632186
 0 0.632187
 0 0.632189
 0 0.632191
 0 0.632198
 0 0.63221
 0 0.632212
 0 0.632212
 0 0.632212
 0 0.632217
 0 0.632228
 0 0.63223
 0 0.632232
 0 0.63225
 0 0.632273
 0 0.632274
 0 0.632274
 0 0.632277
 0 0.632286
 0 0.632291
 0 0.632295
 0 0.632296
 0 0.632366
 0 0.63237
 0 0.63237
 0 0.63237
 0 0.632377
 0 0.632408
 0 0.632413
 0 0.632416
 0 0.632416
 0 0.632417
 0 0.63247
 0 0.632472
 0 0.632481
 0 0.632481
 0 0.632503
 0 0.632503
 0 0.632508
 0 0.63252
 0 0.632522
 0 0.632523
 0 0.632529
 0 0.632529
 0 0.632531
 0 0.632531
 0 0.632533
 0 0.632533
 0 0.632534
 0 0.63254
 0 0.63254
 0 0.632587
 0 0.632587
 0 0.632589
 0 0.632593
 0 0.632597
 0 0.632608
 0 0.632612
 0 0.632618
 0 0.63262
 0 0.632626
 0 0.632626
 0 0.632626
 0 0.632626
 0 0.632632
 0 0.632643
 0 0.632647
 0 0.632675
 0 0.632681
 0 0.632681
 0 0.632683
 0 0.632693
 0 0.6327
 0 0.632707
 0 0.632725
 0 0.632745
 0 0.632747
 0 0.632748
 0 0.632765
 0 0.632767
 0 0.632769
 0 0.63277
 0 0.632772
 0 0.632773
 0 0.632779
 0 0.632787
 0 0.632799
 0 0.632826
 0 0.632829
 0 0.63283
 0 0.632836
 0 0.632838
 0 0.632848
 0 0.632852
 0 0.632853
 0 0.632859
 0 0.632862
 0 0.632866
 0 0.632866
 0 0.632869
 0 0.632886
 0 0.632888
 0 0.632889
 0 0.63289
 0 0.63289
 0 0.632895
 0 0.632903
 0 0.632905
 0 0.632905
 0 0.632905
 0 0.632907
 0 0.632907
 0 0.63291
 0 0.63291
 0 0.632913
 0 0.632916
 0 0.632919
 0 0.632922
 0 0.632922
 0 0.632924
 0 0.632924
 0 0.632927
 0 0.632933
 0 0.632936
 0 0.632936
 0 0.632936
 0 0.632937
 0 0.632937
 0 0.63295
 0 0.632952
 0 0.632956
 0 0.632965
 0 0.632984
 0 0.63299
 0 0.632997
 0 0.63301
 0 0.633011
 0 0.633017
 0 0.633029
 0 0.633033
 0 0.633033
 0 0.633034
 0 0.633052
 0 0.633052
 0 0.633056
 0 0.633056
 0 0.633057
 0 0.633059
 0 0.633063
 0 0.633065
 0 0.633066
 0 0.633067
 0 0.633068
 0 0.63308
 0 0.63308
 0 0.633096
 0 0.633098
 0 0.633101
 0 0.633101
 0 0.633101
 0 0.633101
 0 0.633104
 0 0.633104
 0 0.633128
 0 0.633133
 0 0.633136
 0 0.633169
 0 0.633171
 0 0.633173
 0 0.633195
 0 0.633202
 0 0.633202
 0 0.633206
 0 0.633226
 0 0.633226
 0 0.633226
 0 0.633226
 0 0.633227
 0 0.633229
 0 0.633229
 0 0.63323
 0 0.633232
 0 0.633234
 0 0.633236
 0 0.633246
 0 0.63325
 0 0.633251
 0 0.633256
 0 0.633258
 0 0.633262
 0 0.633263
 0 0.633267
 0 0.633271
 0 0.633278
 0 0.633279
 0 0.633279
 0 0.633279
 0 0.633283
 0 0.633287
 0 0.633288
 0 0.633299
 0 0.6333
 0 0.633308
 0 0.633311
 0 0.633318
 0 0.633323
 0 0.633324
 0 0.633347
 0 0.633347
 0 0.633349
 0 0.633353
 0 0.633361
 0 0.633361
 0 0.633363
 0 0.633364
 0 0.633364
 0 0.633368
 0 0.633368
 0 0.633388
 0 0.633399
 0 0.63342
 0 0.633426
 0 0.633427
 0 0.633428
 0 0.633434
 0 0.633436
 0 0.63344
 0 0.633443
 0 0.633445
 0 0.633447
 0 0.633457
 0 0.633503
 0 0.633515
 0 0.633529
 0 0.633538
 0 0.633555
 0 0.63357
 0 0.633571
 0 0.633572
 0 0.633574
 0 0.633596
 0 0.633596
 0 0.633605
 0 0.633605
 0 0.633607
 0 0.633635
 0 0.63364
 0 0.633647
 0 0.633669
 0 0.633671
 0 0.633676
 0 0.633676
 0 0.633676
 0 0.633683
 0 0.633699
 0 0.633701
 0 0.633701
 0 0.633701
 0 0.633703
 0 0.633703
 0 0.633703
 0 0.633704
 0 0.633707
 0 0.633713
 0 0.633719
 0 0.633719
 0 0.633719
 0 0.633742
 0 0.633743
 0 0.633748
 0 0.633748
 0 0.633748
 0 0.633748
 0 0.633759
 0 0.633761
 0 0.633762
 0 0.633762
 0 0.633767
 0 0.633772
 0 0.633772
 0 0.633774
 0 0.633782
 0 0.633782
 0 0.633783
 0 0.633784
 0 0.633791
 0 0.633791
 0 0.633796
 0 0.633796
 0 0.633796
 0 0.63381
 0 0.63381
 0 0.633811
 0 0.633812
 0 0.633814
 0 0.633816
 0 0.633816
 0 0.633821
 0 0.633821
 0 0.633822
 0 0.633825
 0 0.633825
 0 0.633825
 0 0.633857
 0 0.633857
 0 0.633866
 0 0.633867
 0 0.633902
 0 0.633906
 0 0.633927
 0 0.633945
 0 0.633945
 0 0.634013
 0 0.634015
 0 0.63402
 0 0.63402
 0 0.63402
 0 0.634021
 0 0.634022
 0 0.63404
 0 0.634082
 0 0.634111
 0 0.634112
 0 0.634119
 0 0.634123
 0 0.634125
 0 0.634126
 0 0.634129
 0 0.634161
 0 0.634161
 0 0.634161
 0 0.634183
 0 0.634189
 0 0.63419
 0 0.63419
 0 0.634201
 0 0.634201
 0 0.634207
 0 0.634209
 0 0.634231
 0 0.634238
 0 0.63424
 0 0.634247
 0 0.634266
 0 0.634266
 0 0.634266
 0 0.634267
 0 0.634268
 0 0.634268
 0 0.634271
 0 0.634271
 0 0.634296
 0 0.634296
 0 0.634297
 0 0.634298
 0 0.634298
 0 0.634312
 0 0.634313
 0 0.634315
 0 0.634318
 0 0.634318
 0 0.63432
 0 0.63432
 0 0.634321
 0 0.634326
 0 0.634326
 0 0.634326
 0 0.634367
 0 0.63439
 0 0.634395
 0 0.634396
 0 0.634415
 0 0.634415
 0 0.634423
 0 0.63443
 0 0.63443
 0 0.634445
 0 0.634448
 0 0.634453
 0 0.634453
 0 0.634481
 0 0.634486
 0 0.634487
 0 0.63449
 0 0.634491
 0 0.634491
 0 0.634505
 0 0.634506
 0 0.634522
 0 0.634537
 0 0.634539
 0 0.634543
 0 0.634573
 0 0.634573
 0 0.634573
 0 0.634573
 0 0.634574
 0 0.634576
 0 0.634577
 0 0.634579
 0 0.634579
 0 0.634579
 0 0.634593
 0 0.634594
 0 0.634599
 0 0.634599
 0 0.6346
 0 0.634619
 0 0.634624
 0 0.63464
 0 0.63464
 0 0.634642
 0 0.634643
 0 0.634643
 0 0.634645
 0 0.634659
 0 0.63466
 0 0.63466
 0 0.634664
 0 0.634666
 0 0.634669
 0 0.634676
 0 0.634676
 0 0.634676
 0 0.634676
 0 0.634676
 0 0.634681
 0 0.634724
 0 0.634725
 0 0.634725
 0 0.634725
 0 0.634729
 0 0.634729
 0 0.634743
 0 0.634745
 0 0.634758
 0 0.634758
 0 0.634762
 0 0.634764
 0 0.634767
 0 0.634767
 0 0.634768
 0 0.634769
 0 0.634772
 0 0.634777
 0 0.634792
 0 0.634792
 0 0.634792
 0 0.634795
 0 0.634795
 0 0.634796
 0 0.634797
 0 0.634799
 0 0.634806
 0 0.634814
 0 0.634817
 0 0.634817
 0 0.634817
 0 0.634817
 0 0.634824
 0 0.634835
 0 0.634842
 0 0.634843
 0 0.634843
 0 0.634846
 0 0.634868
 0 0.63487
 0 0.634888
 0 0.634896
 0 0.634896
 0 0.634897
 0 0.634907
 0 0.634914
 0 0.634914
 0 0.634914
 0 0.634914
 0 0.634919
 0 0.634934
 0 0.634935
 0 0.634936
 0 0.634939
 0 0.63494
 0 0.63495
 0 0.63495
 0 0.634964
 0 0.634968
 0 0.63497
 0 0.634972
 0 0.634975
 0 0.634984
 0 0.634984
 0 0.634984
 0 0.634984
 0 0.634989
 0 0.635014
 0 0.635027
 0 0.635033
 0 0.635056
 0 0.635057
 0 0.635079
 0 0.635083
 0 0.635087
 0 0.635096
 0 0.635097
 0 0.635097
 0 0.635102
 0 0.635102
 0 0.635108
 0 0.635108
 0 0.635109
 0 0.635124
 0 0.635124
 0 0.635135
 0 0.635136
 0 0.635137
 0 0.635159
 0 0.635159
 0 0.635159
 0 0.635169
 0 0.63517
 0 0.63517
 0 0.63517
 0 0.635183
 0 0.635185
 0 0.635193
 0 0.635196
 0 0.635199
 0 0.635199
 0 0.6352
 0 0.635215
 0 0.635215
 0 0.635216
 0 0.635219
 0 0.635219
 0 0.63522
 0 0.635237
 0 0.635238
 0 0.635247
 0 0.635247
 0 0.635248
 0 0.635254
 0 0.635255
 0 0.635259
 0 0.635259
 0 0.635261
 0 0.635261
 0 0.635264
 0 0.635282
 0 0.635282
 0 0.6353
 0 0.635309
 0 0.635321
 0 0.635351
 0 0.635352
 0 0.63536
 0 0.635363
 0 0.635363
 0 0.635373
 0 0.635373
 0 0.635377
 0 0.635377
 0 0.635401
 0 0.635402
 0 0.635406
 0 0.635406
 0 0.635415
 0 0.635422
 0 0.635423
 0 0.635428
 0 0.635431
 0 0.635431
 0 0.635435
 0 0.635438
 0 0.635469
 0 0.6355
 0 0.635502
 0 0.635519
 0 0.63552
 0 0.635521
 0 0.635525
 0 0.635525
 0 0.635527
 0 0.635527
 0 0.635545
 0 0.635545
 0 0.63555
 0 0.635561
 0 0.635563
 0 0.635563
 0 0.635565
 0 0.635572
 0 0.635572
 0 0.635573
 0 0.635573
 0 0.6356
 0 0.635602
 0 0.635603
 0 0.635608
 0 0.63561
 0 0.635613
 0 0.635613
 0 0.635616
 0 0.63565
 0 0.635653
 0 0.635691
 0 0.635694
 0 0.635696
 0 0.635701
 0 0.635702
 0 0.635702
 0 0.635702
 0 0.635703
 0 0.635703
 0 0.635704
 0 0.635704
 0 0.635704
 0 0.635737
 0 0.635739
 0 0.635743
 0 0.635744
 0 0.635758
 0 0.63576
 0 0.635768
 0 0.63577
 0 0.635777
 0 0.635777
 0 0.63578
 0 0.63578
 0 0.635782
 0 0.635783
 0 0.635784
 0 0.63579
 0 0.63579
 0 0.635795
 0 0.635796
 0 0.635798
 0 0.635798
 0 0.6358
 0 0.635803
 0 0.635804
 0 0.635805
 0 0.635839
 0 0.635839
 0 0.635842
 0 0.635845
 0 0.635848
 0 0.63585
 0 0.63585
 0 0.63585
 0 0.63585
 0 0.635854
 0 0.635855
 0 0.635858
 0 0.635858
 0 0.63586
 0 0.635867
 0 0.635894
 0 0.635895
 0 0.635934
 0 0.635934
 0 0.635934
 0 0.635939
 0 0.635939
 0 0.635939
 0 0.635941
 0 0.635945
 0 0.635945
 0 0.635945
 0 0.635946
 0 0.635948
 0 0.635948
 0 0.635956
 0 0.635958
 0 0.635959
 0 0.635959
 0 0.635961
 0 0.635962
 0 0.635964
 0 0.635988
 0 0.63599
 0 0.636005
 0 0.636022
 0 0.636024
 0 0.636027
 0 0.63603
 0 0.636031
 0 0.636033
 0 0.636033
 0 0.636047
 0 0.636049
 0 0.636056
 0 0.63606
 0 0.636065
 0 0.636068
 0 0.636068
 0 0.636069
 0 0.636069
 0 0.636082
 0 0.636116
 0 0.636123
 0 0.63613
 0 0.63613
 0 0.636131
 0 0.636161
 0 0.636167
 0 0.636172
 0 0.636172
 0 0.636185
 0 0.636208
 0 0.636209
 0 0.63621
 0 0.636229
 0 0.636229
 0 0.636248
 0 0.636248
 0 0.636263
 0 0.636273
 0 0.636277
 0 0.636277
 0 0.636293
 0 0.636297
 0 0.636297
 0 0.636308
 0 0.636313
 0 0.636313
 0 0.636314
 0 0.636316
 0 0.636317
 0 0.636319
 0 0.636322
 0 0.636332
 0 0.636332
 0 0.636355
 0 0.636355
 0 0.636355
 0 0.636355
 0 0.636381
 0 0.636381
 0 0.636386
 0 0.636386
 0 0.636387
 0 0.636421
 0 0.636422
 0 0.636422
 0 0.636427
 0 0.636453
 0 0.636453
 0 0.636455
 0 0.63646
 0 0.636464
 0 0.636464
 0 0.636468
 0 0.636477
 0 0.636477
 0 0.63648
 0 0.636499
 0 0.636516
 0 0.636521
 0 0.636522
 0 0.636523
 0 0.636525
 0 0.636527
 0 0.636547
 0 0.63655
 0 0.636571
 0 0.636571
 0 0.636577
 0 0.63658
 0 0.63658
 0 0.636586
 0 0.636588
 0 0.636588
 0 0.636597
 0 0.636643
 0 0.636643
 0 0.636651
 0 0.636671
 0 0.636672
 0 0.636672
 0 0.636674
 0 0.636687
 0 0.636687
 0 0.63669
 0 0.636691
 0 0.636692
 0 0.636694
 0 0.636695
 0 0.636696
 0 0.636696
 0 0.636696
 0 0.6367
 0 0.636701
 0 0.636704
 0 0.636705
 0 0.636707
 0 0.636707
 0 0.636707
 0 0.636714
 0 0.636722
 0 0.636723
 0 0.636728
 0 0.636728
 0 0.636728
 0 0.636728
 0 0.636748
 0 0.636748
 0 0.63675
 0 0.636752
 0 0.636752
 0 0.636833
 0 0.636841
 0 0.636843
 0 0.636846
 0 0.636846
 0 0.636848
 0 0.636848
 0 0.636848
 0 0.636853
 0 0.636869
 0 0.636871
 0 0.636887
 0 0.636907
 0 0.636907
 0 0.636959
 0 0.636959
 0 0.636967
 0 0.636971
 0 0.636971
 0 0.636973
 0 0.636974
 0 0.636982
 0 0.636984
 0 0.636996
 0 0.637009
 0 0.637033
 0 0.637034
 0 0.637041
 0 0.637042
 0 0.637047
 0 0.637048
 0 0.637049
 0 0.637063
 0 0.637063
 0 0.637064
 0 0.637064
 0 0.637075
 0 0.637075
 0 0.637126
 0 0.637126
 0 0.637129
 0 0.637132
 0 0.637136
 0 0.637138
 0 0.637153
 0 0.637157
 0 0.637164
 0 0.637164
 0 0.637168
 0 0.637173
 0 0.637174
 0 0.637177
 0 0.637177
 0 0.637206
 0 0.637221
 0 0.637221
 0 0.637227
 0 0.637239
 0 0.637254
 0 0.637257
 0 0.63726
 0 0.637265
 0 0.637265
 0 0.637265
 0 0.637272
 0 0.637275
 0 0.637286
 0 0.637291
 0 0.637308
 0 0.637311
 0 0.637323
 0 0.637351
 0 0.637351
 0 0.637353
 0 0.637355
 0 0.63736
 0 0.63736
 0 0.637362
 0 0.637362
 0 0.637363
 0 0.637366
 0 0.637366
 0 0.637375
 0 0.637375
 0 0.637379
 0 0.637379
 0 0.63739
 0 0.637391
 0 0.637448
 0 0.63749
 0 0.637496
 0 0.637509
 0 0.637519
 0 0.637522
 0 0.637525
 0 0.637559
 0 0.637559
 0 0.63756
 0 0.63759
 0 0.637594
 0 0.637608
 0 0.637609
 0 0.637609
 0 0.63761
 0 0.637611
 0 0.637615
 0 0.637617
 0 0.637662
 0 0.637662
 0 0.637675
 0 0.637677
 0 0.637679
 0 0.63768
 0 0.637682
 0 0.6377
 0 0.6377
 0 0.6377
 0 0.637701
 0 0.637735
 0 0.637736
 0 0.63774
 0 0.637789
 0 0.637789
 0 0.637789
 0 0.637789
 0 0.637791
 0 0.637792
 0 0.637839
 0 0.637839
 0 0.637841
 0 0.637848
 0 0.637852
 0 0.637876
 0 0.637879
 0 0.637886
 0 0.637887
 0 0.637903
 0 0.637915
 0 0.637918
 0 0.63792
 0 0.637985
 0 0.638039
 0 0.638218
 0 0.638218
 0 0.638219
 0 0.638252
 0 0.638253
 0 0.638274
 0 0.638274
 0 0.638288
 0 0.638288
 0 0.638292
 0 0.638293
 0 0.638293
 0 0.638374
 0 0.638379
 0 0.638379
 0 0.638379
 0 0.638559
 0 0.638814
 0 0.638815
 0 0.638816
 0 0.638843
 0 0.638843
 0 0.638843
 0 0.638863
 0 0.638864
 0 0.638866
 0 0.638867
 0 0.638867
 0 0.63888
 0 0.638901
 0 0.638948
 0 0.638952
 0 0.638953
 0 0.638953
 0 0.638953
 0 0.638954
 0 0.638955
 0 0.639
 0 0.639001
 0 0.639026
 0 0.639026
 0 0.639028
 0 0.639054
 0 0.639054
 0 0.639139
 0 0.639139
 0 0.639139
 0 0.639164
 0 0.639264
 0 0.639267
 0 0.639267
 0 0.639498
 0 0.6395
 0 0.639587
 0 0.639588
 0 0.639613
 0 0.639616
 0 0.639628
 0 0.639724
 0 0.639727
 0 0.639799
 0 0.639818
 0 0.639823
 0 0.639823
 0 0.639838
 0 0.639858
 0 0.63986
 0 0.639988
 0 0.639989
 0 0.640029
 0 0.640094
 0 0.640095
 0 0.640095
 0 0.640095
 0 0.640131
 0 0.640134
 0 0.640146
 0 0.640156
 0 0.640162
 0 0.640162
 0 0.640162
 0 0.640238
 0 0.640323
 0 0.640325
 0 0.640338
 0 0.640427
 0 0.640429
 0 0.640593
 0 0.64062
 0 0.640621
 0 0.640831
 0 0.640907
 0 0.641037
 0 0.641037
 0 0.641038
 0 0.641144
 0 0.641147
 0 0.641361
 0 0.641365
 0 0.641561
 0 0.641563
 0 0.641902
 0 1.58074
 0 1.58075
 0 1.58091
 0 1.58092
 0 1.58188
 0 1.58188
 0 2.18941
 0 2.18976
 0 2.18976
 0 2.19029
 0 2.19034
 0 2.19064
 0 inf
