 0 0.623302
 0 0.623713
 0 0.623714
 0 0.624013
 0 0.624015
 0 0.624015
 0 0.625483
 0 0.625562
 0 0.625563
 0 0.626207
 0 0.626297
 0 0.626483
 0 0.626497
 0 0.626497
 0 0.626696
 0 0.626696
 0 0.626842
 0 0.626867
 0 0.627055
 0 0.627056
 0 0.627056
 0 0.62716
 0 0.62716
 0 0.627175
 0 0.627486
 0 0.627488
 0 0.62753
 0 0.62753
 0 0.62753
 0 0.627658
 0 0.627658
 0 0.627811
 0 0.627812
 0 0.627813
 0 0.627813
 0 0.627814
 0 0.62787
 0 0.627871
 0 0.627887
 0 0.627953
 0 0.628404
 0 0.628504
 0 0.628626
 0 0.62865
 0 0.628696
 0 0.628696
 0 0.628696
 0 0.628696
 0 0.628698
 0 0.628699
 0 0.628704
 0 0.628704
 0 0.628708
 0 0.628708
 0 0.628708
 0 0.628762
 0 0.628762
 0 0.628924
 0 0.62894
 0 0.628983
 0 0.628985
 0 0.628991
 0 0.628991
 0 0.629007
 0 0.629032
 0 0.629032
 0 0.629042
 0 0.629042
 0 0.629042
 0 0.629048
 0 0.629048
 0 0.629058
 0 0.629126
 0 0.629219
 0 0.629223
 0 0.629223
 0 0.629286
 0 0.629286
 0 0.629292
 0 0.629328
 0 0.629328
 0 0.62934
 0 0.629342
 0 0.629342
 0 0.629343
 0 0.629376
 0 0.629391
 0 0.629395
 0 0.629422
 0 0.629427
 0 0.629428
 0 0.629444
 0 0.629444
 0 0.629476
 0 0.629567
 0 0.62957
 0 0.62957
 0 0.62957
 0 0.629571
 0 0.629571
 0 0.629574
 0 0.629577
 0 0.629588
 0 0.629588
 0 0.629588
 0 0.629623
 0 0.629689
 0 0.62969
 0 0.629697
 0 0.62972
 0 0.629727
 0 0.629729
 0 0.629737
 0 0.629737
 0 0.629737
 0 0.629753
 0 0.629769
 0 0.62977
 0 0.629816
 0 0.629817
 0 0.62989
 0 0.62989
 0 0.62989
 0 0.629916
 0 0.629959
 0 0.629962
 0 0.629963
 0 0.629974
 0 0.629977
 0 0.629977
 0 0.629977
 0 0.630017
 0 0.63002
 0 0.63002
 0 0.63002
 0 0.630021
 0 0.630021
 0 0.630032
 0 0.630032
 0 0.63008
 0 0.630106
 0 0.630106
 0 0.630106
 0 0.630108
 0 0.630118
 0 0.630119
 0 0.630119
 0 0.630119
 0 0.630139
 0 0.630196
 0 0.630208
 0 0.630243
 0 0.630261
 0 0.630261
 0 0.63027
 0 0.630288
 0 0.630302
 0 0.630305
 0 0.630307
 0 0.63031
 0 0.63031
 0 0.630314
 0 0.630318
 0 0.630365
 0 0.630365
 0 0.630368
 0 0.630431
 0 0.630431
 0 0.630433
 0 0.630433
 0 0.630433
 0 0.630506
 0 0.630507
 0 0.630521
 0 0.630521
 0 0.630561
 0 0.630616
 0 0.630626
 0 0.630629
 0 0.630629
 0 0.630629
 0 0.630641
 0 0.630641
 0 0.630649
 0 0.630654
 0 0.630654
 0 0.630654
 0 0.630655
 0 0.630655
 0 0.630655
 0 0.630661
 0 0.630699
 0 0.630699
 0 0.630718
 0 0.630728
 0 0.630746
 0 0.630749
 0 0.630749
 0 0.630804
 0 0.630804
 0 0.630826
 0 0.630839
 0 0.630839
 0 0.630839
 0 0.630839
 0 0.630843
 0 0.630846
 0 0.630862
 0 0.630863
 0 0.630863
 0 0.630873
 0 0.630873
 0 0.630873
 0 0.630873
 0 0.630893
 0 0.630897
 0 0.630898
 0 0.630899
 0 0.630899
 0 0.630899
 0 0.630924
 0 0.630924
 0 0.630924
 0 0.630928
 0 0.630928
 0 0.631007
 0 0.631007
 0 0.631028
 0 0.631031
 0 0.631042
 0 0.631052
 0 0.631052
 0 0.631065
 0 0.631065
 0 0.63107
 0 0.631083
 0 0.631083
 0 0.631083
 0 0.631089
 0 0.631105
 0 0.631106
 0 0.631127
 0 0.631142
 0 0.631142
 0 0.631142
 0 0.631146
 0 0.631146
 0 0.631165
 0 0.631165
 0 0.631166
 0 0.631174
 0 0.631174
 0 0.631183
 0 0.631187
 0 0.631187
 0 0.63121
 0 0.631218
 0 0.631286
 0 0.631287
 0 0.631292
 0 0.631292
 0 0.631292
 0 0.631305
 0 0.631305
 0 0.631312
 0 0.631317
 0 0.631363
 0 0.631371
 0 0.631372
 0 0.631373
 0 0.631375
 0 0.631423
 0 0.631426
 0 0.631426
 0 0.631426
 0 0.631431
 0 0.631436
 0 0.631439
 0 0.631478
 0 0.631485
 0 0.631487
 0 0.631496
 0 0.631496
 0 0.631496
 0 0.631499
 0 0.631499
 0 0.631499
 0 0.631538
 0 0.631538
 0 0.631541
 0 0.631541
 0 0.631542
 0 0.631545
 0 0.631546
 0 0.631546
 0 0.631548
 0 0.631549
 0 0.631551
 0 0.631551
 0 0.631557
 0 0.63157
 0 0.63157
 0 0.631578
 0 0.631668
 0 0.631705
 0 0.631767
 0 0.63178
 0 0.63178
 0 0.631799
 0 0.631799
 0 0.631813
 0 0.631813
 0 0.631822
 0 0.631843
 0 0.631845
 0 0.631848
 0 0.63185
 0 0.631851
 0 0.631861
 0 0.631862
 0 0.631863
 0 0.631863
 0 0.631866
 0 0.631874
 0 0.631874
 0 0.631886
 0 0.631887
 0 0.631887
 0 0.631887
 0 0.631887
 0 0.631901
 0 0.631901
 0 0.631902
 0 0.631903
 0 0.631903
 0 0.631921
 0 0.631921
 0 0.631922
 0 0.631922
 0 0.631922
 0 0.631922
 0 0.631922
 0 0.631922
 0 0.631927
 0 0.631929
 0 0.63194
 0 0.63194
 0 0.631952
 0 0.631953
 0 0.631965
 0 0.631969
 0 0.63198
 0 0.63198
 0 0.63198
 0 0.631981
 0 0.63202
 0 0.632023
 0 0.632027
 0 0.632027
 0 0.632027
 0 0.632052
 0 0.632053
 0 0.632054
 0 0.632055
 0 0.632066
 0 0.632068
 0 0.632068
 0 0.632119
 0 0.632119
 0 0.632123
 0 0.632123
 0 0.632129
 0 0.632149
 0 0.63215
 0 0.632152
 0 0.632152
 0 0.632162
 0 0.632174
 0 0.632193
 0 0.632197
 0 0.632197
 0 0.632215
 0 0.632216
 0 0.632217
 0 0.632217
 0 0.632218
 0 0.632232
 0 0.632232
 0 0.632232
 0 0.632233
 0 0.632239
 0 0.632239
 0 0.632241
 0 0.632257
 0 0.632259
 0 0.632259
 0 0.632259
 0 0.632259
 0 0.63227
 0 0.632271
 0 0.632297
 0 0.632313
 0 0.632313
 0 0.632313
 0 0.632326
 0 0.632327
 0 0.632327
 0 0.632327
 0 0.632332
 0 0.632332
 0 0.632332
 0 0.632333
 0 0.632333
 0 0.632333
 0 0.632349
 0 0.632351
 0 0.632371
 0 0.632371
 0 0.632371
 0 0.6324
 0 0.632401
 0 0.632402
 0 0.632402
 0 0.632402
 0 0.632402
 0 0.632456
 0 0.632467
 0 0.632477
 0 0.632481
 0 0.632482
 0 0.632516
 0 0.632523
 0 0.632523
 0 0.63253
 0 0.63253
 0 0.632557
 0 0.632578
 0 0.63258
 0 0.632581
 0 0.632581
 0 0.632598
 0 0.632609
 0 0.632609
 0 0.632609
 0 0.632613
 0 0.63263
 0 0.63263
 0 0.632633
 0 0.632647
 0 0.632647
 0 0.63265
 0 0.632651
 0 0.632651
 0 0.632662
 0 0.632662
 0 0.632662
 0 0.632663
 0 0.632666
 0 0.632666
 0 0.632669
 0 0.632676
 0 0.632681
 0 0.632681
 0 0.632682
 0 0.632682
 0 0.632699
 0 0.632702
 0 0.632703
 0 0.632703
 0 0.632704
 0 0.632704
 0 0.632716
 0 0.632716
 0 0.632752
 0 0.632754
 0 0.63278
 0 0.632795
 0 0.63282
 0 0.632825
 0 0.632826
 0 0.632837
 0 0.632851
 0 0.632858
 0 0.632858
 0 0.632898
 0 0.632898
 0 0.632899
 0 0.632921
 0 0.632927
 0 0.63295
 0 0.632954
 0 0.632956
 0 0.632957
 0 0.632957
 0 0.632957
 0 0.632966
 0 0.632994
 0 0.632995
 0 0.632995
 0 0.633002
 0 0.633046
 0 0.633047
 0 0.633057
 0 0.633063
 0 0.633129
 0 0.633131
 0 0.633131
 0 0.633137
 0 0.633139
 0 0.633139
 0 0.63314
 0 0.633145
 0 0.633145
 0 0.633152
 0 0.633152
 0 0.633155
 0 0.633156
 0 0.633161
 0 0.633161
 0 0.633186
 0 0.633195
 0 0.633198
 0 0.6332
 0 0.6332
 0 0.633205
 0 0.633214
 0 0.633245
 0 0.633274
 0 0.633274
 0 0.633283
 0 0.633284
 0 0.633284
 0 0.633285
 0 0.633295
 0 0.633295
 0 0.633312
 0 0.633318
 0 0.633338
 0 0.633338
 0 0.633345
 0 0.633345
 0 0.633345
 0 0.633345
 0 0.633349
 0 0.633349
 0 0.63335
 0 0.63335
 0 0.633351
 0 0.633353
 0 0.633366
 0 0.63337
 0 0.63337
 0 0.633392
 0 0.633393
 0 0.633393
 0 0.633403
 0 0.633405
 0 0.633422
 0 0.633425
 0 0.633426
 0 0.633426
 0 0.633442
 0 0.633444
 0 0.633454
 0 0.633454
 0 0.633454
 0 0.633455
 0 0.633455
 0 0.633456
 0 0.633467
 0 0.633467
 0 0.633476
 0 0.633481
 0 0.633482
 0 0.633489
 0 0.633489
 0 0.633502
 0 0.633502
 0 0.633509
 0 0.63351
 0 0.633521
 0 0.633521
 0 0.633523
 0 0.633558
 0 0.633558
 0 0.633573
 0 0.633576
 0 0.633579
 0 0.63358
 0 0.633581
 0 0.633581
 0 0.633583
 0 0.633583
 0 0.633583
 0 0.633589
 0 0.633621
 0 0.633621
 0 0.633625
 0 0.633625
 0 0.633634
 0 0.633635
 0 0.633635
 0 0.633639
 0 0.633646
 0 0.63366
 0 0.63366
 0 0.63366
 0 0.63366
 0 0.633661
 0 0.633662
 0 0.633662
 0 0.633662
 0 0.633663
 0 0.633663
 0 0.633665
 0 0.633666
 0 0.633666
 0 0.633666
 0 0.633683
 0 0.633683
 0 0.633686
 0 0.633686
 0 0.633686
 0 0.633688
 0 0.633701
 0 0.633723
 0 0.63373
 0 0.633741
 0 0.633759
 0 0.633793
 0 0.633793
 0 0.633793
 0 0.633799
 0 0.633803
 0 0.633816
 0 0.633837
 0 0.633849
 0 0.633858
 0 0.633858
 0 0.633861
 0 0.633861
 0 0.633862
 0 0.633866
 0 0.633866
 0 0.633866
 0 0.633877
 0 0.633877
 0 0.633889
 0 0.633897
 0 0.633909
 0 0.633913
 0 0.633913
 0 0.633913
 0 0.633913
 0 0.633913
 0 0.633922
 0 0.633923
 0 0.633928
 0 0.633929
 0 0.633929
 0 0.633931
 0 0.633944
 0 0.633951
 0 0.633952
 0 0.63396
 0 0.633962
 0 0.633962
 0 0.633968
 0 0.63397
 0 0.633972
 0 0.633973
 0 0.633979
 0 0.633979
 0 0.633984
 0 0.633987
 0 0.633987
 0 0.633989
 0 0.633989
 0 0.633995
 0 0.63402
 0 0.634021
 0 0.634031
 0 0.634034
 0 0.634039
 0 0.634049
 0 0.63405
 0 0.63405
 0 0.634058
 0 0.634062
 0 0.634062
 0 0.634063
 0 0.634064
 0 0.634064
 0 0.634085
 0 0.634086
 0 0.634086
 0 0.634086
 0 0.634086
 0 0.634089
 0 0.634101
 0 0.634102
 0 0.634117
 0 0.634117
 0 0.634127
 0 0.634128
 0 0.634128
 0 0.634132
 0 0.634139
 0 0.634152
 0 0.634162
 0 0.634164
 0 0.634174
 0 0.634174
 0 0.634175
 0 0.634177
 0 0.634192
 0 0.634192
 0 0.634195
 0 0.634195
 0 0.634197
 0 0.634198
 0 0.634202
 0 0.634202
 0 0.634208
 0 0.63421
 0 0.634226
 0 0.634231
 0 0.634234
 0 0.634263
 0 0.634263
 0 0.634264
 0 0.634272
 0 0.634281
 0 0.634282
 0 0.634285
 0 0.634302
 0 0.634314
 0 0.634322
 0 0.634323
 0 0.634323
 0 0.634327
 0 0.63434
 0 0.634343
 0 0.634344
 0 0.634345
 0 0.634361
 0 0.634361
 0 0.634363
 0 0.634363
 0 0.634365
 0 0.634366
 0 0.634373
 0 0.634373
 0 0.634377
 0 0.634377
 0 0.634384
 0 0.634384
 0 0.634384
 0 0.634384
 0 0.634388
 0 0.634402
 0 0.634402
 0 0.634408
 0 0.634408
 0 0.634409
 0 0.634414
 0 0.634419
 0 0.634422
 0 0.634422
 0 0.634425
 0 0.634429
 0 0.634429
 0 0.634429
 0 0.634433
 0 0.634433
 0 0.634433
 0 0.634437
 0 0.634437
 0 0.63444
 0 0.634461
 0 0.634462
 0 0.634476
 0 0.634478
 0 0.634479
 0 0.63448
 0 0.634481
 0 0.634481
 0 0.634485
 0 0.634486
 0 0.634489
 0 0.634491
 0 0.634491
 0 0.634499
 0 0.634519
 0 0.634528
 0 0.634535
 0 0.634566
 0 0.634566
 0 0.63457
 0 0.634574
 0 0.634574
 0 0.634575
 0 0.634575
 0 0.634575
 0 0.634575
 0 0.634576
 0 0.634583
 0 0.634589
 0 0.634609
 0 0.634611
 0 0.634613
 0 0.634613
 0 0.634614
 0 0.634616
 0 0.634629
 0 0.634639
 0 0.634655
 0 0.63466
 0 0.634675
 0 0.634676
 0 0.634677
 0 0.63471
 0 0.63471
 0 0.634711
 0 0.634718
 0 0.63472
 0 0.634726
 0 0.634726
 0 0.634726
 0 0.634731
 0 0.634732
 0 0.634734
 0 0.634734
 0 0.634738
 0 0.634749
 0 0.634766
 0 0.634766
 0 0.634795
 0 0.634798
 0 0.634799
 0 0.634799
 0 0.6348
 0 0.634827
 0 0.634827
 0 0.634834
 0 0.634834
 0 0.634834
 0 0.634853
 0 0.634854
 0 0.634871
 0 0.634874
 0 0.634894
 0 0.634894
 0 0.634899
 0 0.634899
 0 0.634901
 0 0.634902
 0 0.634909
 0 0.634914
 0 0.634919
 0 0.634935
 0 0.635001
 0 0.635004
 0 0.635012
 0 0.635013
 0 0.635016
 0 0.635023
 0 0.635025
 0 0.635026
 0 0.635026
 0 0.635031
 0 0.635032
 0 0.635037
 0 0.635037
 0 0.635063
 0 0.635074
 0 0.635078
 0 0.635087
 0 0.635087
 0 0.635119
 0 0.63512
 0 0.635122
 0 0.635131
 0 0.635136
 0 0.635138
 0 0.635139
 0 0.635145
 0 0.635149
 0 0.635149
 0 0.635153
 0 0.635154
 0 0.635154
 0 0.635168
 0 0.635169
 0 0.63518
 0 0.635186
 0 0.635198
 0 0.635203
 0 0.635203
 0 0.635215
 0 0.635233
 0 0.635233
 0 0.635233
 0 0.635233
 0 0.635233
 0 0.635233
 0 0.635233
 0 0.635241
 0 0.635246
 0 0.635246
 0 0.635247
 0 0.635248
 0 0.635257
 0 0.635258
 0 0.635258
 0 0.635259
 0 0.635268
 0 0.635272
 0 0.635272
 0 0.635273
 0 0.635273
 0 0.635275
 0 0.635275
 0 0.635306
 0 0.635307
 0 0.635307
 0 0.635325
 0 0.635334
 0 0.635335
 0 0.635337
 0 0.635346
 0 0.635352
 0 0.635352
 0 0.635352
 0 0.635354
 0 0.635355
 0 0.635355
 0 0.635355
 0 0.635378
 0 0.635378
 0 0.635393
 0 0.635394
 0 0.635394
 0 0.635394
 0 0.635396
 0 0.635396
 0 0.635408
 0 0.635408
 0 0.63541
 0 0.63541
 0 0.63541
 0 0.635421
 0 0.635421
 0 0.635444
 0 0.635445
 0 0.635446
 0 0.635455
 0 0.635456
 0 0.635456
 0 0.635456
 0 0.635491
 0 0.635495
 0 0.635498
 0 0.635498
 0 0.635501
 0 0.635504
 0 0.635529
 0 0.635532
 0 0.635539
 0 0.635544
 0 0.635545
 0 0.635549
 0 0.63556
 0 0.63556
 0 0.63556
 0 0.635561
 0 0.635561
 0 0.635563
 0 0.635563
 0 0.635563
 0 0.635567
 0 0.635592
 0 0.635592
 0 0.635592
 0 0.635592
 0 0.635593
 0 0.635598
 0 0.635598
 0 0.635605
 0 0.635617
 0 0.635624
 0 0.635625
 0 0.635627
 0 0.635627
 0 0.635629
 0 0.635629
 0 0.635629
 0 0.635633
 0 0.635633
 0 0.635675
 0 0.635675
 0 0.635676
 0 0.635676
 0 0.635677
 0 0.63571
 0 0.635731
 0 0.63575
 0 0.635752
 0 0.635753
 0 0.635759
 0 0.635775
 0 0.635777
 0 0.635777
 0 0.635781
 0 0.635781
 0 0.635781
 0 0.635781
 0 0.635784
 0 0.635788
 0 0.635788
 0 0.635807
 0 0.635808
 0 0.635808
 0 0.635813
 0 0.635827
 0 0.635827
 0 0.635827
 0 0.635838
 0 0.635844
 0 0.635849
 0 0.635849
 0 0.635857
 0 0.635857
 0 0.635858
 0 0.635859
 0 0.635865
 0 0.635878
 0 0.63588
 0 0.635901
 0 0.63591
 0 0.635912
 0 0.635912
 0 0.635912
 0 0.635912
 0 0.635913
 0 0.635914
 0 0.635914
 0 0.635914
 0 0.635915
 0 0.635931
 0 0.635931
 0 0.635931
 0 0.635932
 0 0.635933
 0 0.635934
 0 0.635938
 0 0.635941
 0 0.635952
 0 0.635965
 0 0.635965
 0 0.635965
 0 0.635965
 0 0.635994
 0 0.635996
 0 0.635998
 0 0.636004
 0 0.636004
 0 0.636019
 0 0.636023
 0 0.636046
 0 0.636046
 0 0.636049
 0 0.636058
 0 0.636058
 0 0.636058
 0 0.636062
 0 0.63607
 0 0.63607
 0 0.636071
 0 0.63608
 0 0.63608
 0 0.63608
 0 0.63608
 0 0.636086
 0 0.636114
 0 0.636131
 0 0.636178
 0 0.63618
 0 0.63618
 0 0.63618
 0 0.636197
 0 0.636197
 0 0.636197
 0 0.63624
 0 0.63624
 0 0.636249
 0 0.636249
 0 0.636249
 0 0.636249
 0 0.63625
 0 0.63625
 0 0.636259
 0 0.636311
 0 0.636313
 0 0.636313
 0 0.636328
 0 0.636328
 0 0.636343
 0 0.636354
 0 0.636354
 0 0.636355
 0 0.636356
 0 0.636358
 0 0.636358
 0 0.636361
 0 0.636361
 0 0.636363
 0 0.636384
 0 0.636385
 0 0.636385
 0 0.636385
 0 0.636425
 0 0.636426
 0 0.636426
 0 0.63643
 0 0.636431
 0 0.636431
 0 0.636451
 0 0.636452
 0 0.636454
 0 0.636454
 0 0.636454
 0 0.636454
 0 0.636455
 0 0.636455
 0 0.636463
 0 0.636479
 0 0.63648
 0 0.636481
 0 0.636484
 0 0.636486
 0 0.63649
 0 0.636492
 0 0.636492
 0 0.636492
 0 0.636493
 0 0.636497
 0 0.636507
 0 0.636508
 0 0.636516
 0 0.636516
 0 0.63652
 0 0.63652
 0 0.636522
 0 0.636522
 0 0.636549
 0 0.636576
 0 0.636576
 0 0.636577
 0 0.63659
 0 0.6366
 0 0.636628
 0 0.636628
 0 0.636629
 0 0.636629
 0 0.63663
 0 0.63663
 0 0.636661
 0 0.636661
 0 0.636662
 0 0.636662
 0 0.636662
 0 0.636662
 0 0.636662
 0 0.636684
 0 0.636687
 0 0.6367
 0 0.6367
 0 0.63671
 0 0.63671
 0 0.636713
 0 0.636731
 0 0.636747
 0 0.636748
 0 0.636761
 0 0.636768
 0 0.636768
 0 0.636772
 0 0.636772
 0 0.636772
 0 0.636789
 0 0.636791
 0 0.636808
 0 0.636809
 0 0.636814
 0 0.636822
 0 0.636822
 0 0.636826
 0 0.636827
 0 0.636827
 0 0.636836
 0 0.636836
 0 0.636888
 0 0.636888
 0 0.636907
 0 0.636907
 0 0.636907
 0 0.636907
 0 0.636948
 0 0.636948
 0 0.636985
 0 0.636987
 0 0.636987
 0 0.636989
 0 0.636989
 0 0.636989
 0 0.636989
 0 0.636993
 0 0.636993
 0 0.636993
 0 0.636994
 0 0.636994
 0 0.636994
 0 0.636996
 0 0.637
 0 0.637002
 0 0.637004
 0 0.637009
 0 0.637024
 0 0.637049
 0 0.63705
 0 0.637083
 0 0.637096
 0 0.637096
 0 0.637096
 0 0.637107
 0 0.637112
 0 0.637113
 0 0.637122
 0 0.637126
 0 0.637127
 0 0.637142
 0 0.637229
 0 0.637229
 0 0.637229
 0 0.637229
 0 0.637274
 0 0.637274
 0 0.637274
 0 0.637274
 0 0.637274
 0 0.637288
 0 0.637311
 0 0.637311
 0 0.637311
 0 0.637322
 0 0.637322
 0 0.637322
 0 0.637322
 0 0.637323
 0 0.637323
 0 0.637323
 0 0.63733
 0 0.637333
 0 0.637357
 0 0.637357
 0 0.637388
 0 0.637388
 0 0.637391
 0 0.637393
 0 0.637393
 0 0.637415
 0 0.637434
 0 0.637438
 0 0.637438
 0 0.637514
 0 0.637514
 0 0.63752
 0 0.63752
 0 0.63756
 0 0.637567
 0 0.637569
 0 0.637637
 0 0.637641
 0 0.637641
 0 0.637653
 0 0.637706
 0 0.637706
 0 0.637707
 0 0.63771
 0 0.63771
 0 0.63771
 0 0.637711
 0 0.637721
 0 0.637742
 0 0.637742
 0 0.637743
 0 0.637829
 0 0.63788
 0 0.637881
 0 0.63791
 0 0.63791
 0 0.637924
 0 0.637924
 0 0.637925
 0 0.63796
 0 0.63796
 0 0.637961
 0 0.637991
 0 0.637992
 0 0.638001
 0 0.638002
 0 0.638002
 0 0.638042
 0 0.638042
 0 0.638043
 0 0.638043
 0 0.638068
 0 0.638084
 0 0.638156
 0 0.638189
 0 0.638195
 0 0.638195
 0 0.638268
 0 0.638268
 0 0.638298
 0 0.638299
 0 0.638299
 0 0.638299
 0 0.638299
 0 0.6383
 0 0.6383
 0 0.638301
 0 0.638301
 0 0.638302
 0 0.638311
 0 0.638311
 0 0.638321
 0 0.638322
 0 0.638333
 0 0.638357
 0 0.638358
 0 0.63836
 0 0.638382
 0 0.638393
 0 0.638393
 0 0.638404
 0 0.638414
 0 0.638414
 0 0.638424
 0 0.63847
 0 0.638474
 0 0.638476
 0 0.638631
 0 0.638645
 0 0.638686
 0 0.638686
 0 0.638688
 0 0.638724
 0 0.638732
 0 0.638732
 0 0.638735
 0 0.638735
 0 0.638764
 0 0.638783
 0 0.638784
 0 0.638803
 0 0.638803
 0 0.63881
 0 0.63881
 0 0.638812
 0 0.638814
 0 0.638849
 0 0.63885
 0 0.638856
 0 0.638881
 0 0.638965
 0 0.639065
 0 0.639065
 0 0.639069
 0 0.639069
 0 0.639125
 0 0.639125
 0 0.639131
 0 0.639132
 0 0.639132
 0 0.639133
 0 0.639154
 0 0.639189
 0 0.639191
 0 0.639248
 0 0.639254
 0 0.639254
 0 0.639476
 0 0.639476
 0 0.639476
 0 0.639476
 0 0.639498
 0 0.639746
 0 0.639746
 0 0.639746
 0 0.63979
 0 0.639791
 0 0.639947
 0 0.640084
 0 0.640103
 0 0.640105
 0 0.640476
 0 0.640531
 0 0.640531
 0 0.640533
 0 0.640533
 0 0.641035
 0 0.641035
 0 0.641035
 0 0.641081
 0 0.641169
 0 0.641464
 0 0.641464
 0 0.641465
 0 0.641465
 0 0.641465
 0 0.641478
 0 0.642175
 0 0.642175
 0 0.642175
 0 0.642176
 0 0.642361
 0 0.643357
 0 0.643358
 0 0.643575
 0 0.643576
 0 0.643576
 0 0.643576
 0 1.23588
 0 1.35918
 0 1.35918
 0 1.35953
 0 1.35953
 0 1.35986
 0 inf
