 0 0.619314
 0 0.619316
 0 0.619316
 0 0.619638
 0 0.619638
 0 0.620253
 0 0.621835
 0 0.621838
 0 0.621838
 0 0.622142
 0 0.622142
 0 0.622143
 0 0.622336
 0 0.622336
 0 0.622339
 0 0.622419
 0 0.622419
 0 0.62247
 0 0.622559
 0 0.622561
 0 0.622561
 0 0.623266
 0 0.623267
 0 0.623277
 0 0.623282
 0 0.623287
 0 0.62351
 0 0.623695
 0 0.623695
 0 0.623696
 0 0.624529
 0 0.624529
 0 0.624529
 0 0.624754
 0 0.624755
 0 0.625034
 0 0.625035
 0 0.625038
 0 0.62521
 0 0.625212
 0 0.625214
 0 0.625427
 0 0.625496
 0 0.625497
 0 0.625499
 0 0.625499
 0 0.625503
 0 0.625752
 0 0.625756
 0 0.625922
 0 0.625927
 0 0.625931
 0 0.626021
 0 0.626025
 0 0.626247
 0 0.626248
 0 0.626762
 0 0.626768
 0 0.626768
 0 0.62679
 0 0.626791
 0 0.626791
 0 0.626912
 0 0.627132
 0 0.627348
 0 0.627348
 0 0.627613
 0 0.62767
 0 0.627674
 0 0.627719
 0 0.627719
 0 0.627874
 0 0.628278
 0 0.628279
 0 0.628335
 0 0.628339
 0 0.628399
 0 0.628402
 0 0.628496
 0 0.628681
 0 0.628712
 0 0.628713
 0 0.628719
 0 0.628739
 0 0.628739
 0 0.62874
 0 0.628741
 0 0.628747
 0 0.628771
 0 0.628771
 0 0.628791
 0 0.628846
 0 0.628951
 0 0.628972
 0 0.628972
 0 0.628972
 0 0.628978
 0 0.629007
 0 0.629008
 0 0.629008
 0 0.629049
 0 0.629049
 0 0.629063
 0 0.629127
 0 0.629127
 0 0.62918
 0 0.629347
 0 0.629347
 0 0.629347
 0 0.629449
 0 0.629482
 0 0.629488
 0 0.629488
 0 0.629488
 0 0.629564
 0 0.629584
 0 0.629584
 0 0.629652
 0 0.629654
 0 0.629657
 0 0.629662
 0 0.629679
 0 0.629684
 0 0.629684
 0 0.629688
 0 0.629699
 0 0.629785
 0 0.629791
 0 0.629839
 0 0.629841
 0 0.629843
 0 0.629845
 0 0.629975
 0 0.630017
 0 0.630017
 0 0.630023
 0 0.630024
 0 0.630033
 0 0.630034
 0 0.630034
 0 0.630082
 0 0.630082
 0 0.630104
 0 0.630168
 0 0.630169
 0 0.630186
 0 0.630186
 0 0.630188
 0 0.630208
 0 0.63032
 0 0.630393
 0 0.630393
 0 0.630445
 0 0.630446
 0 0.630489
 0 0.630528
 0 0.630529
 0 0.630529
 0 0.630586
 0 0.630591
 0 0.630594
 0 0.630594
 0 0.630622
 0 0.630642
 0 0.630643
 0 0.630643
 0 0.630732
 0 0.630732
 0 0.630733
 0 0.630734
 0 0.630737
 0 0.630738
 0 0.630763
 0 0.63081
 0 0.63081
 0 0.630813
 0 0.630852
 0 0.630862
 0 0.630862
 0 0.630862
 0 0.630864
 0 0.630971
 0 0.630971
 0 0.630971
 0 0.630999
 0 0.631015
 0 0.631021
 0 0.631065
 0 0.631088
 0 0.63109
 0 0.631092
 0 0.63113
 0 0.631131
 0 0.631217
 0 0.631229
 0 0.631232
 0 0.631232
 0 0.631232
 0 0.631251
 0 0.631251
 0 0.631252
 0 0.631252
 0 0.631305
 0 0.631305
 0 0.631305
 0 0.631305
 0 0.631348
 0 0.631358
 0 0.631359
 0 0.631375
 0 0.631376
 0 0.631377
 0 0.631404
 0 0.631491
 0 0.631491
 0 0.631491
 0 0.631508
 0 0.631509
 0 0.631544
 0 0.631544
 0 0.631545
 0 0.631547
 0 0.631557
 0 0.631582
 0 0.631584
 0 0.631584
 0 0.631585
 0 0.631589
 0 0.631608
 0 0.631608
 0 0.631608
 0 0.631611
 0 0.631614
 0 0.631633
 0 0.631633
 0 0.631634
 0 0.631634
 0 0.631701
 0 0.631701
 0 0.631701
 0 0.631791
 0 0.631824
 0 0.631825
 0 0.631831
 0 0.631859
 0 0.631859
 0 0.631865
 0 0.631875
 0 0.631875
 0 0.631875
 0 0.631883
 0 0.631885
 0 0.6319
 0 0.6319
 0 0.631903
 0 0.631909
 0 0.631909
 0 0.631934
 0 0.631934
 0 0.631936
 0 0.63194
 0 0.631941
 0 0.632028
 0 0.632057
 0 0.632058
 0 0.632058
 0 0.632058
 0 0.632061
 0 0.63209
 0 0.63209
 0 0.632127
 0 0.632127
 0 0.632127
 0 0.632191
 0 0.632193
 0 0.632193
 0 0.632211
 0 0.63224
 0 0.632242
 0 0.632242
 0 0.632243
 0 0.632243
 0 0.632253
 0 0.632253
 0 0.632253
 0 0.632253
 0 0.63226
 0 0.63226
 0 0.632296
 0 0.632296
 0 0.632303
 0 0.632313
 0 0.632313
 0 0.632316
 0 0.632321
 0 0.632358
 0 0.632398
 0 0.63241
 0 0.63241
 0 0.632413
 0 0.632416
 0 0.632416
 0 0.632423
 0 0.632427
 0 0.632485
 0 0.632506
 0 0.632535
 0 0.632565
 0 0.632572
 0 0.632573
 0 0.632588
 0 0.632639
 0 0.632642
 0 0.632684
 0 0.632685
 0 0.632688
 0 0.632689
 0 0.632738
 0 0.632792
 0 0.632795
 0 0.632796
 0 0.632802
 0 0.632802
 0 0.632807
 0 0.632807
 0 0.632851
 0 0.632862
 0 0.632907
 0 0.632907
 0 0.63292
 0 0.632922
 0 0.632925
 0 0.63294
 0 0.632946
 0 0.632948
 0 0.632953
 0 0.632956
 0 0.632956
 0 0.632956
 0 0.632956
 0 0.632956
 0 0.632956
 0 0.632958
 0 0.63296
 0 0.63296
 0 0.632972
 0 0.632981
 0 0.632982
 0 0.632991
 0 0.632994
 0 0.633033
 0 0.633033
 0 0.633034
 0 0.633065
 0 0.633069
 0 0.633071
 0 0.633079
 0 0.633086
 0 0.633087
 0 0.633087
 0 0.633101
 0 0.633102
 0 0.633105
 0 0.63311
 0 0.633125
 0 0.633125
 0 0.633132
 0 0.633132
 0 0.633164
 0 0.63317
 0 0.633173
 0 0.633174
 0 0.633192
 0 0.633202
 0 0.633216
 0 0.633217
 0 0.633225
 0 0.633225
 0 0.633225
 0 0.633238
 0 0.633241
 0 0.633241
 0 0.633241
 0 0.633243
 0 0.633245
 0 0.633248
 0 0.633252
 0 0.633258
 0 0.633258
 0 0.633258
 0 0.63326
 0 0.633264
 0 0.633268
 0 0.633275
 0 0.633275
 0 0.633275
 0 0.633311
 0 0.633367
 0 0.63339
 0 0.633391
 0 0.633391
 0 0.633401
 0 0.633406
 0 0.633423
 0 0.633426
 0 0.633427
 0 0.633443
 0 0.633447
 0 0.633449
 0 0.633449
 0 0.633455
 0 0.633458
 0 0.633458
 0 0.633458
 0 0.633467
 0 0.633468
 0 0.633471
 0 0.633497
 0 0.633522
 0 0.633526
 0 0.633528
 0 0.633536
 0 0.633548
 0 0.633577
 0 0.633594
 0 0.633596
 0 0.633596
 0 0.633596
 0 0.633598
 0 0.6336
 0 0.633602
 0 0.633616
 0 0.633616
 0 0.633621
 0 0.633637
 0 0.63367
 0 0.63367
 0 0.63367
 0 0.633672
 0 0.633675
 0 0.633694
 0 0.633694
 0 0.633694
 0 0.633695
 0 0.633695
 0 0.633781
 0 0.633786
 0 0.633821
 0 0.633821
 0 0.633821
 0 0.633822
 0 0.63383
 0 0.633832
 0 0.633848
 0 0.63385
 0 0.63385
 0 0.633854
 0 0.633854
 0 0.633854
 0 0.633887
 0 0.633888
 0 0.6339
 0 0.633905
 0 0.633911
 0 0.633921
 0 0.633921
 0 0.633933
 0 0.633935
 0 0.633935
 0 0.63398
 0 0.633989
 0 0.633989
 0 0.633995
 0 0.63401
 0 0.634013
 0 0.634013
 0 0.634013
 0 0.634013
 0 0.634081
 0 0.634088
 0 0.634089
 0 0.634113
 0 0.634114
 0 0.634142
 0 0.634142
 0 0.634143
 0 0.634144
 0 0.634147
 0 0.634149
 0 0.634149
 0 0.63415
 0 0.634152
 0 0.634167
 0 0.634178
 0 0.63419
 0 0.634199
 0 0.63422
 0 0.634221
 0 0.634223
 0 0.634233
 0 0.634233
 0 0.634235
 0 0.634235
 0 0.634243
 0 0.634245
 0 0.63427
 0 0.63427
 0 0.63427
 0 0.634271
 0 0.634291
 0 0.634293
 0 0.634293
 0 0.634295
 0 0.634297
 0 0.634297
 0 0.634303
 0 0.634306
 0 0.634308
 0 0.634315
 0 0.634322
 0 0.634322
 0 0.634323
 0 0.634323
 0 0.634323
 0 0.634325
 0 0.634325
 0 0.634325
 0 0.63433
 0 0.63433
 0 0.634354
 0 0.634354
 0 0.634361
 0 0.634371
 0 0.634372
 0 0.63439
 0 0.634391
 0 0.634392
 0 0.634392
 0 0.634393
 0 0.634394
 0 0.634395
 0 0.634398
 0 0.634398
 0 0.634407
 0 0.634409
 0 0.634426
 0 0.634431
 0 0.63445
 0 0.634453
 0 0.634457
 0 0.634457
 0 0.63447
 0 0.634471
 0 0.634499
 0 0.6345
 0 0.634501
 0 0.634526
 0 0.634537
 0 0.634542
 0 0.634542
 0 0.634544
 0 0.634548
 0 0.634549
 0 0.634553
 0 0.634554
 0 0.634555
 0 0.634561
 0 0.634561
 0 0.634562
 0 0.634585
 0 0.634586
 0 0.634609
 0 0.634609
 0 0.634612
 0 0.634617
 0 0.63462
 0 0.634622
 0 0.634627
 0 0.634631
 0 0.634633
 0 0.634635
 0 0.634635
 0 0.634635
 0 0.634637
 0 0.634648
 0 0.634668
 0 0.63467
 0 0.634677
 0 0.634681
 0 0.634712
 0 0.634719
 0 0.634733
 0 0.634733
 0 0.634738
 0 0.634738
 0 0.63474
 0 0.634746
 0 0.634749
 0 0.634764
 0 0.634767
 0 0.634806
 0 0.634815
 0 0.634815
 0 0.634834
 0 0.634837
 0 0.63484
 0 0.634842
 0 0.634874
 0 0.634881
 0 0.634885
 0 0.634892
 0 0.63491
 0 0.63491
 0 0.634918
 0 0.634937
 0 0.634948
 0 0.634951
 0 0.634951
 0 0.634952
 0 0.634954
 0 0.634957
 0 0.634958
 0 0.634958
 0 0.634958
 0 0.634959
 0 0.634961
 0 0.634962
 0 0.634979
 0 0.635035
 0 0.635035
 0 0.635035
 0 0.635042
 0 0.635044
 0 0.635046
 0 0.63506
 0 0.635062
 0 0.635065
 0 0.635067
 0 0.635069
 0 0.635087
 0 0.635087
 0 0.635093
 0 0.635093
 0 0.635107
 0 0.635108
 0 0.635141
 0 0.635141
 0 0.635142
 0 0.635145
 0 0.635153
 0 0.63516
 0 0.635161
 0 0.635162
 0 0.635162
 0 0.635182
 0 0.635184
 0 0.635188
 0 0.635189
 0 0.635207
 0 0.635209
 0 0.635209
 0 0.635209
 0 0.635214
 0 0.635223
 0 0.635233
 0 0.635234
 0 0.635253
 0 0.635254
 0 0.635254
 0 0.635262
 0 0.635263
 0 0.635264
 0 0.635264
 0 0.635265
 0 0.635293
 0 0.635295
 0 0.635304
 0 0.635305
 0 0.635314
 0 0.635324
 0 0.635341
 0 0.635345
 0 0.635345
 0 0.635348
 0 0.635363
 0 0.635364
 0 0.635377
 0 0.635377
 0 0.635379
 0 0.635379
 0 0.635382
 0 0.635385
 0 0.635385
 0 0.635391
 0 0.635401
 0 0.635402
 0 0.635444
 0 0.635445
 0 0.635445
 0 0.635446
 0 0.635446
 0 0.635446
 0 0.635456
 0 0.635462
 0 0.635509
 0 0.635512
 0 0.635519
 0 0.63552
 0 0.635523
 0 0.635523
 0 0.635523
 0 0.635525
 0 0.635533
 0 0.635535
 0 0.635544
 0 0.635573
 0 0.635576
 0 0.635592
 0 0.635593
 0 0.635593
 0 0.635596
 0 0.635598
 0 0.635598
 0 0.635624
 0 0.635626
 0 0.635633
 0 0.635639
 0 0.635644
 0 0.635644
 0 0.635644
 0 0.635645
 0 0.635647
 0 0.635647
 0 0.635653
 0 0.635653
 0 0.635653
 0 0.635653
 0 0.635679
 0 0.635679
 0 0.635694
 0 0.635699
 0 0.635699
 0 0.6357
 0 0.635706
 0 0.635718
 0 0.635749
 0 0.635751
 0 0.635758
 0 0.635758
 0 0.635765
 0 0.635765
 0 0.635769
 0 0.63577
 0 0.635775
 0 0.635776
 0 0.635777
 0 0.635778
 0 0.635778
 0 0.635778
 0 0.635787
 0 0.635787
 0 0.635787
 0 0.635788
 0 0.635789
 0 0.635796
 0 0.635797
 0 0.635797
 0 0.635802
 0 0.63583
 0 0.635853
 0 0.635868
 0 0.63587
 0 0.635872
 0 0.635887
 0 0.635888
 0 0.635889
 0 0.63589
 0 0.635891
 0 0.635891
 0 0.635906
 0 0.635907
 0 0.635907
 0 0.63591
 0 0.635914
 0 0.635929
 0 0.63593
 0 0.635931
 0 0.635934
 0 0.635935
 0 0.635946
 0 0.635946
 0 0.635959
 0 0.63597
 0 0.63597
 0 0.635997
 0 0.63601
 0 0.636019
 0 0.63602
 0 0.63602
 0 0.63602
 0 0.636023
 0 0.636034
 0 0.636065
 0 0.636066
 0 0.636068
 0 0.636068
 0 0.636068
 0 0.63607
 0 0.63607
 0 0.63612
 0 0.636121
 0 0.636125
 0 0.636129
 0 0.636129
 0 0.636131
 0 0.636133
 0 0.636133
 0 0.636134
 0 0.636142
 0 0.636144
 0 0.636144
 0 0.636152
 0 0.636155
 0 0.636177
 0 0.636177
 0 0.636179
 0 0.636179
 0 0.63618
 0 0.63618
 0 0.636181
 0 0.636185
 0 0.636185
 0 0.636186
 0 0.636213
 0 0.636227
 0 0.636229
 0 0.63623
 0 0.636234
 0 0.636234
 0 0.63624
 0 0.636241
 0 0.636241
 0 0.636249
 0 0.636253
 0 0.636267
 0 0.63627
 0 0.636276
 0 0.636279
 0 0.63628
 0 0.636284
 0 0.636286
 0 0.636288
 0 0.636288
 0 0.636295
 0 0.636295
 0 0.636324
 0 0.636342
 0 0.636342
 0 0.636343
 0 0.636343
 0 0.636344
 0 0.636344
 0 0.636344
 0 0.636357
 0 0.636362
 0 0.636379
 0 0.63638
 0 0.636384
 0 0.636384
 0 0.63639
 0 0.63639
 0 0.636391
 0 0.636391
 0 0.636392
 0 0.636393
 0 0.636403
 0 0.636406
 0 0.636406
 0 0.636407
 0 0.636414
 0 0.636418
 0 0.636423
 0 0.636424
 0 0.636424
 0 0.63643
 0 0.636459
 0 0.63646
 0 0.63646
 0 0.636461
 0 0.636462
 0 0.636463
 0 0.636464
 0 0.636464
 0 0.636466
 0 0.636467
 0 0.63647
 0 0.636474
 0 0.636475
 0 0.636481
 0 0.636482
 0 0.636482
 0 0.636483
 0 0.636495
 0 0.636505
 0 0.636505
 0 0.636505
 0 0.636522
 0 0.636524
 0 0.636525
 0 0.636527
 0 0.636528
 0 0.636529
 0 0.636532
 0 0.636534
 0 0.636534
 0 0.636534
 0 0.636538
 0 0.636545
 0 0.636545
 0 0.636546
 0 0.636547
 0 0.636549
 0 0.636549
 0 0.636553
 0 0.636553
 0 0.636612
 0 0.63663
 0 0.636632
 0 0.636647
 0 0.636657
 0 0.636662
 0 0.636662
 0 0.636666
 0 0.636666
 0 0.636669
 0 0.63667
 0 0.636671
 0 0.636678
 0 0.636693
 0 0.636693
 0 0.636699
 0 0.636724
 0 0.636729
 0 0.63673
 0 0.636731
 0 0.636731
 0 0.636741
 0 0.636743
 0 0.636757
 0 0.636767
 0 0.636767
 0 0.636773
 0 0.63678
 0 0.63678
 0 0.636786
 0 0.636789
 0 0.636789
 0 0.636791
 0 0.636808
 0 0.636808
 0 0.63681
 0 0.636816
 0 0.636821
 0 0.636821
 0 0.636827
 0 0.636838
 0 0.636838
 0 0.636848
 0 0.63685
 0 0.636852
 0 0.636852
 0 0.636852
 0 0.636853
 0 0.636858
 0 0.636864
 0 0.636883
 0 0.636885
 0 0.636915
 0 0.63692
 0 0.636944
 0 0.636944
 0 0.636946
 0 0.636946
 0 0.636946
 0 0.636946
 0 0.636949
 0 0.636966
 0 0.636966
 0 0.636967
 0 0.636969
 0 0.636971
 0 0.636973
 0 0.636974
 0 0.636974
 0 0.636975
 0 0.636981
 0 0.636984
 0 0.636985
 0 0.636985
 0 0.637008
 0 0.637008
 0 0.637031
 0 0.637032
 0 0.637032
 0 0.637032
 0 0.637034
 0 0.637035
 0 0.637039
 0 0.63705
 0 0.637052
 0 0.637052
 0 0.637057
 0 0.637074
 0 0.637074
 0 0.637074
 0 0.637078
 0 0.637079
 0 0.637092
 0 0.637106
 0 0.637106
 0 0.637107
 0 0.637108
 0 0.637117
 0 0.637117
 0 0.637117
 0 0.637118
 0 0.637121
 0 0.637123
 0 0.637125
 0 0.637127
 0 0.637129
 0 0.63713
 0 0.63713
 0 0.637136
 0 0.637137
 0 0.637138
 0 0.637143
 0 0.637144
 0 0.637157
 0 0.637158
 0 0.63718
 0 0.63718
 0 0.63718
 0 0.63718
 0 0.637197
 0 0.637198
 0 0.637199
 0 0.6372
 0 0.637204
 0 0.63721
 0 0.637226
 0 0.637229
 0 0.637248
 0 0.637271
 0 0.637272
 0 0.637278
 0 0.637285
 0 0.637287
 0 0.637288
 0 0.637292
 0 0.637294
 0 0.637294
 0 0.637294
 0 0.637323
 0 0.637354
 0 0.637374
 0 0.637381
 0 0.637384
 0 0.637387
 0 0.637387
 0 0.637428
 0 0.637428
 0 0.637431
 0 0.637478
 0 0.637496
 0 0.637498
 0 0.637572
 0 0.637597
 0 0.637599
 0 0.637613
 0 0.637614
 0 0.637617
 0 0.637617
 0 0.637627
 0 0.63763
 0 0.63763
 0 0.63763
 0 0.63763
 0 0.63763
 0 0.637633
 0 0.637644
 0 0.637649
 0 0.637652
 0 0.637653
 0 0.637656
 0 0.637658
 0 0.637674
 0 0.637675
 0 0.637688
 0 0.637688
 0 0.63769
 0 0.63769
 0 0.63769
 0 0.637691
 0 0.637693
 0 0.637694
 0 0.637699
 0 0.6377
 0 0.6377
 0 0.6377
 0 0.637712
 0 0.637753
 0 0.637753
 0 0.637754
 0 0.637754
 0 0.637758
 0 0.637762
 0 0.637762
 0 0.637767
 0 0.63779
 0 0.637798
 0 0.6378
 0 0.637817
 0 0.63782
 0 0.637823
 0 0.637824
 0 0.637824
 0 0.637824
 0 0.637825
 0 0.637854
 0 0.637914
 0 0.637915
 0 0.637919
 0 0.637919
 0 0.63794
 0 0.63794
 0 0.63794
 0 0.637946
 0 0.637947
 0 0.637964
 0 0.637964
 0 0.637964
 0 0.637964
 0 0.637972
 0 0.637975
 0 0.637978
 0 0.637979
 0 0.637979
 0 0.638006
 0 0.638011
 0 0.638019
 0 0.638019
 0 0.638019
 0 0.63806
 0 0.638073
 0 0.638146
 0 0.638166
 0 0.638166
 0 0.638166
 0 0.638182
 0 0.638198
 0 0.638198
 0 0.638198
 0 0.638232
 0 0.638232
 0 0.638234
 0 0.638234
 0 0.638236
 0 0.638242
 0 0.638261
 0 0.638262
 0 0.638282
 0 0.638282
 0 0.638284
 0 0.638284
 0 0.638286
 0 0.638297
 0 0.638304
 0 0.638304
 0 0.638304
 0 0.638311
 0 0.638325
 0 0.638325
 0 0.638326
 0 0.638327
 0 0.638339
 0 0.638356
 0 0.63836
 0 0.638361
 0 0.638365
 0 0.638365
 0 0.638366
 0 0.638367
 0 0.638367
 0 0.638369
 0 0.638376
 0 0.638383
 0 0.63839
 0 0.638405
 0 0.638405
 0 0.638417
 0 0.638417
 0 0.638419
 0 0.638421
 0 0.638424
 0 0.638433
 0 0.638436
 0 0.638438
 0 0.63844
 0 0.63844
 0 0.638441
 0 0.638477
 0 0.638479
 0 0.638483
 0 0.638535
 0 0.638538
 0 0.638559
 0 0.638613
 0 0.638617
 0 0.63862
 0 0.63862
 0 0.63862
 0 0.63862
 0 0.638622
 0 0.638622
 0 0.638625
 0 0.638626
 0 0.638636
 0 0.638636
 0 0.638636
 0 0.63864
 0 0.638654
 0 0.638657
 0 0.638658
 0 0.638663
 0 0.638678
 0 0.638679
 0 0.638687
 0 0.638689
 0 0.638689
 0 0.638691
 0 0.638691
 0 0.638692
 0 0.638692
 0 0.638694
 0 0.638703
 0 0.638747
 0 0.638753
 0 0.638754
 0 0.638763
 0 0.638763
 0 0.638765
 0 0.638765
 0 0.638771
 0 0.638779
 0 0.638785
 0 0.638785
 0 0.638787
 0 0.63879
 0 0.638791
 0 0.638794
 0 0.638794
 0 0.638823
 0 0.638831
 0 0.638831
 0 0.638854
 0 0.638854
 0 0.638865
 0 0.638865
 0 0.638865
 0 0.638866
 0 0.638882
 0 0.638892
 0 0.638896
 0 0.638956
 0 0.638957
 0 0.638959
 0 0.638999
 0 0.639
 0 0.639005
 0 0.639006
 0 0.639006
 0 0.639006
 0 0.639007
 0 0.63903
 0 0.639031
 0 0.639032
 0 0.639069
 0 0.63907
 0 0.639071
 0 0.639088
 0 0.639109
 0 0.639109
 0 0.639109
 0 0.639119
 0 0.63912
 0 0.639144
 0 0.639157
 0 0.639157
 0 0.63918
 0 0.639198
 0 0.63922
 0 0.63922
 0 0.639242
 0 0.639308
 0 0.63931
 0 0.639312
 0 0.63932
 0 0.639322
 0 0.639342
 0 0.639356
 0 0.63937
 0 0.63937
 0 0.63937
 0 0.63937
 0 0.639377
 0 0.639378
 0 0.639475
 0 0.639476
 0 0.639494
 0 0.639494
 0 0.639539
 0 0.639542
 0 0.639574
 0 0.639574
 0 0.639574
 0 0.639575
 0 0.639588
 0 0.639588
 0 0.639588
 0 0.639613
 0 0.639718
 0 0.639721
 0 0.639738
 0 0.639738
 0 0.639765
 0 0.639842
 0 0.639842
 0 0.639845
 0 0.639877
 0 0.639882
 0 0.639883
 0 0.639883
 0 0.639958
 0 0.639958
 0 0.639959
 0 0.639995
 0 0.640042
 0 0.640043
 0 0.640043
 0 0.640044
 0 0.640049
 0 0.640073
 0 0.640073
 0 0.640075
 0 0.640077
 0 0.640077
 0 0.640085
 0 0.640086
 0 0.640087
 0 0.640115
 0 0.640118
 0 0.640126
 0 0.640126
 0 0.640133
 0 0.640166
 0 0.640197
 0 0.640197
 0 0.640219
 0 0.640234
 0 0.640234
 0 0.640235
 0 0.640235
 0 0.640238
 0 0.640255
 0 0.640338
 0 0.640352
 0 0.640356
 0 0.640396
 0 0.640398
 0 0.640398
 0 0.640398
 0 0.640401
 0 0.640415
 0 0.640423
 0 0.640423
 0 0.640425
 0 0.640428
 0 0.640429
 0 0.640437
 0 0.640442
 0 0.640457
 0 0.640457
 0 0.640472
 0 0.640474
 0 0.640478
 0 0.640485
 0 0.640535
 0 0.640564
 0 0.640569
 0 0.640588
 0 0.640592
 0 0.640635
 0 0.640672
 0 0.640773
 0 0.640773
 0 0.640778
 0 0.640781
 0 0.640816
 0 0.640822
 0 0.640822
 0 0.640852
 0 0.640885
 0 0.640885
 0 0.640889
 0 0.640977
 0 0.640977
 0 0.640982
 0 0.640983
 0 0.641041
 0 0.641049
 0 0.641062
 0 0.641076
 0 0.641081
 0 0.641106
 0 0.641106
 0 0.641109
 0 0.64111
 0 0.641158
 0 0.641159
 0 0.64117
 0 0.641171
 0 0.641177
 0 0.641188
 0 0.641188
 0 0.641194
 0 0.641194
 0 0.641208
 0 0.641264
 0 0.641268
 0 0.641268
 0 0.641269
 0 0.641323
 0 0.64133
 0 0.64133
 0 0.641333
 0 0.641333
 0 0.64134
 0 0.641377
 0 0.641377
 0 0.641384
 0 0.641384
 0 0.641385
 0 0.641385
 0 0.641393
 0 0.641397
 0 0.641476
 0 0.641479
 0 0.641479
 0 0.641479
 0 0.641482
 0 0.641484
 0 0.641507
 0 0.641507
 0 0.641508
 0 0.64151
 0 0.641512
 0 0.641554
 0 0.641566
 0 0.641573
 0 0.641662
 0 0.641662
 0 0.641662
 0 0.641663
 0 0.641665
 0 0.641675
 0 0.641678
 0 0.641764
 0 0.641764
 0 0.641806
 0 0.641897
 0 0.641968
 0 0.642011
 0 0.642012
 0 0.642023
 0 0.642023
 0 0.642026
 0 0.642026
 0 0.642113
 0 0.64214
 0 0.642142
 0 0.642143
 0 0.64216
 0 0.64216
 0 0.64216
 0 0.642161
 0 0.642189
 0 0.642256
 0 0.64226
 0 0.642291
 0 0.642291
 0 0.642462
 0 0.642517
 0 0.642517
 0 0.642568
 0 0.642572
 0 0.642573
 0 0.642876
 0 0.642992
 0 0.642994
 0 0.642996
 0 0.643069
 0 0.643074
 0 0.643076
 0 0.643076
 0 0.643099
 0 0.643099
 0 0.64318
 0 0.643182
 0 0.643182
 0 0.643186
 0 0.643187
 0 0.643304
 0 0.643307
 0 0.643315
 0 0.643686
 0 0.643686
 0 0.643755
 0 0.643777
 0 0.643786
 0 0.643786
 0 0.64385
 0 0.643854
 0 0.643855
 0 0.643916
 0 0.643917
 0 0.643917
 0 0.643956
 0 0.643958
 0 0.64396
 0 0.644103
 0 0.644103
 0 0.644103
 0 0.644121
 0 0.644121
 0 0.644123
 0 0.644125
 0 0.644165
 0 0.644166
 0 0.644167
 0 0.644202
 0 0.644345
 0 0.644345
 0 0.644375
 0 0.644383
 0 0.644383
 0 0.644453
 0 0.644455
 0 0.644635
 0 0.644635
 0 0.644635
 0 0.644746
 0 0.64475
 0 0.645134
 0 0.645185
 0 0.645405
 0 0.645655
 0 0.64591
 0 0.645913
 0 0.645913
 0 0.646087
 0 0.646088
 0 0.646088
 0 0.646088
 0 0.646088
 0 0.646153
 0 0.646153
 0 0.647149
 0 0.647284
 0 0.64775
 0 0.64775
 0 0.647751
 0 0.647751
 0 0.647751
 0 inf
