 0 0.493202
 0 0.493204
 0 0.494117
 0 0.494119
 0 0.494119
 0 0.494612
 0 0.510627
 0 0.510627
 0 0.510629
 0 0.510718
 0 0.51072
 0 0.51072
 0 0.629102
 0 0.629102
 0 0.629384
 0 0.629385
 0 0.629385
 0 0.629781
 0 0.630156
 0 0.630322
 0 0.630376
 0 0.630376
 0 0.630376
 0 0.630376
 0 0.630376
 0 0.630377
 0 0.630591
 0 0.630592
 0 0.630618
 0 0.63091
 0 0.630994
 0 0.630994
 0 0.631008
 0 0.631172
 0 0.631173
 0 0.63121
 0 0.631232
 0 0.631233
 0 0.631291
 0 0.631352
 0 0.631424
 0 0.631424
 0 0.631425
 0 0.631444
 0 0.631444
 0 0.631445
 0 0.631629
 0 0.631741
 0 0.631741
 0 0.631818
 0 0.631818
 0 0.63183
 0 0.631868
 0 0.631884
 0 0.631885
 0 0.631923
 0 0.631925
 0 0.631958
 0 0.632024
 0 0.63207
 0 0.63207
 0 0.63207
 0 0.632112
 0 0.632127
 0 0.632217
 0 0.632229
 0 0.632246
 0 0.632246
 0 0.63225
 0 0.632251
 0 0.632251
 0 0.632288
 0 0.632306
 0 0.632318
 0 0.632318
 0 0.632318
 0 0.632319
 0 0.632319
 0 0.632419
 0 0.632434
 0 0.632434
 0 0.632436
 0 0.632436
 0 0.632441
 0 0.632444
 0 0.632444
 0 0.632501
 0 0.632501
 0 0.632513
 0 0.632513
 0 0.632514
 0 0.632562
 0 0.632597
 0 0.632598
 0 0.632599
 0 0.632624
 0 0.632624
 0 0.632692
 0 0.632724
 0 0.632724
 0 0.632725
 0 0.632734
 0 0.632749
 0 0.632749
 0 0.632765
 0 0.632766
 0 0.632766
 0 0.632766
 0 0.632767
 0 0.63288
 0 0.632886
 0 0.632887
 0 0.632919
 0 0.632919
 0 0.632952
 0 0.632953
 0 0.632953
 0 0.632953
 0 0.632953
 0 0.632954
 0 0.632959
 0 0.632959
 0 0.632978
 0 0.632978
 0 0.633
 0 0.633014
 0 0.633014
 0 0.633018
 0 0.633018
 0 0.633019
 0 0.633067
 0 0.633079
 0 0.63308
 0 0.633082
 0 0.633083
 0 0.633108
 0 0.633108
 0 0.63311
 0 0.633134
 0 0.633134
 0 0.633167
 0 0.633167
 0 0.633168
 0 0.63317
 0 0.633199
 0 0.633221
 0 0.633222
 0 0.633222
 0 0.633222
 0 0.633222
 0 0.633265
 0 0.633265
 0 0.633282
 0 0.633282
 0 0.633282
 0 0.633285
 0 0.633286
 0 0.633286
 0 0.633324
 0 0.633325
 0 0.633357
 0 0.633357
 0 0.633357
 0 0.63336
 0 0.633373
 0 0.633375
 0 0.633375
 0 0.633417
 0 0.633418
 0 0.633534
 0 0.633534
 0 0.633555
 0 0.633566
 0 0.633568
 0 0.633568
 0 0.6336
 0 0.6336
 0 0.633602
 0 0.633603
 0 0.633603
 0 0.633603
 0 0.633604
 0 0.633631
 0 0.633631
 0 0.633632
 0 0.633708
 0 0.63371
 0 0.633722
 0 0.633728
 0 0.633728
 0 0.633728
 0 0.633728
 0 0.633744
 0 0.633758
 0 0.633785
 0 0.63381
 0 0.633811
 0 0.633822
 0 0.633825
 0 0.633825
 0 0.633832
 0 0.633834
 0 0.633834
 0 0.633841
 0 0.633841
 0 0.633852
 0 0.633852
 0 0.633852
 0 0.633853
 0 0.633853
 0 0.633854
 0 0.633891
 0 0.633891
 0 0.633896
 0 0.633897
 0 0.633897
 0 0.6339
 0 0.633901
 0 0.633902
 0 0.633902
 0 0.633928
 0 0.633928
 0 0.633928
 0 0.633928
 0 0.633928
 0 0.633928
 0 0.633941
 0 0.633942
 0 0.633942
 0 0.633942
 0 0.633947
 0 0.633949
 0 0.633953
 0 0.633953
 0 0.633961
 0 0.633961
 0 0.633962
 0 0.633966
 0 0.633966
 0 0.633968
 0 0.633989
 0 0.63399
 0 0.63399
 0 0.633991
 0 0.633991
 0 0.633996
 0 0.633996
 0 0.634007
 0 0.634008
 0 0.634008
 0 0.634008
 0 0.634025
 0 0.634028
 0 0.634034
 0 0.634036
 0 0.634036
 0 0.634064
 0 0.634065
 0 0.634067
 0 0.634105
 0 0.634105
 0 0.634129
 0 0.63413
 0 0.634149
 0 0.634169
 0 0.634177
 0 0.634177
 0 0.634177
 0 0.634177
 0 0.634177
 0 0.634188
 0 0.6342
 0 0.63421
 0 0.634228
 0 0.634228
 0 0.634231
 0 0.634233
 0 0.634233
 0 0.634244
 0 0.634244
 0 0.634245
 0 0.634247
 0 0.634273
 0 0.634273
 0 0.634304
 0 0.634304
 0 0.634306
 0 0.634306
 0 0.634313
 0 0.634323
 0 0.634323
 0 0.634323
 0 0.634333
 0 0.634372
 0 0.634373
 0 0.6344
 0 0.634401
 0 0.634403
 0 0.634404
 0 0.634404
 0 0.634418
 0 0.634418
 0 0.634421
 0 0.634421
 0 0.634445
 0 0.634446
 0 0.634467
 0 0.634467
 0 0.63448
 0 0.634495
 0 0.634509
 0 0.634509
 0 0.634509
 0 0.634515
 0 0.634515
 0 0.634516
 0 0.634516
 0 0.634516
 0 0.634517
 0 0.634517
 0 0.634529
 0 0.634529
 0 0.634532
 0 0.634534
 0 0.63454
 0 0.63454
 0 0.63454
 0 0.634541
 0 0.634541
 0 0.634541
 0 0.634541
 0 0.63456
 0 0.634566
 0 0.634618
 0 0.634623
 0 0.634635
 0 0.634639
 0 0.63465
 0 0.634656
 0 0.634658
 0 0.634658
 0 0.634658
 0 0.634676
 0 0.634688
 0 0.634689
 0 0.63469
 0 0.634693
 0 0.634695
 0 0.634709
 0 0.63471
 0 0.634711
 0 0.634712
 0 0.634726
 0 0.634727
 0 0.63473
 0 0.63473
 0 0.63479
 0 0.634792
 0 0.634792
 0 0.634793
 0 0.634794
 0 0.634814
 0 0.634814
 0 0.634823
 0 0.634832
 0 0.634837
 0 0.634837
 0 0.634837
 0 0.634844
 0 0.634844
 0 0.634846
 0 0.634847
 0 0.634876
 0 0.634876
 0 0.634897
 0 0.634897
 0 0.634914
 0 0.634916
 0 0.634919
 0 0.634919
 0 0.634919
 0 0.634935
 0 0.63495
 0 0.634958
 0 0.634959
 0 0.634968
 0 0.634969
 0 0.634969
 0 0.634969
 0 0.634988
 0 0.634989
 0 0.634989
 0 0.63499
 0 0.635005
 0 0.635007
 0 0.635007
 0 0.635007
 0 0.635015
 0 0.635015
 0 0.635015
 0 0.635032
 0 0.635057
 0 0.635062
 0 0.635065
 0 0.635066
 0 0.635067
 0 0.635075
 0 0.63509
 0 0.635091
 0 0.635091
 0 0.635098
 0 0.635098
 0 0.63511
 0 0.63511
 0 0.63511
 0 0.63511
 0 0.63511
 0 0.635146
 0 0.635146
 0 0.63515
 0 0.635151
 0 0.635151
 0 0.635151
 0 0.635152
 0 0.635164
 0 0.635169
 0 0.635169
 0 0.635171
 0 0.635171
 0 0.635172
 0 0.635183
 0 0.63519
 0 0.63519
 0 0.63519
 0 0.635191
 0 0.635191
 0 0.635191
 0 0.635196
 0 0.635196
 0 0.635204
 0 0.635205
 0 0.635205
 0 0.635226
 0 0.635227
 0 0.635229
 0 0.635229
 0 0.635246
 0 0.635247
 0 0.635249
 0 0.635251
 0 0.635252
 0 0.635253
 0 0.635258
 0 0.635259
 0 0.635259
 0 0.63528
 0 0.63528
 0 0.635281
 0 0.635286
 0 0.635296
 0 0.635296
 0 0.635298
 0 0.635298
 0 0.635298
 0 0.635299
 0 0.635299
 0 0.635299
 0 0.635299
 0 0.6353
 0 0.635306
 0 0.635307
 0 0.635316
 0 0.635318
 0 0.635326
 0 0.635327
 0 0.635327
 0 0.635334
 0 0.635334
 0 0.63534
 0 0.635347
 0 0.635347
 0 0.635353
 0 0.635353
 0 0.635353
 0 0.635361
 0 0.635361
 0 0.635362
 0 0.635363
 0 0.635363
 0 0.635372
 0 0.635373
 0 0.635373
 0 0.635373
 0 0.635375
 0 0.635398
 0 0.635406
 0 0.635406
 0 0.635406
 0 0.635417
 0 0.635417
 0 0.635417
 0 0.635428
 0 0.635437
 0 0.635437
 0 0.635437
 0 0.635438
 0 0.635439
 0 0.635464
 0 0.635465
 0 0.635465
 0 0.635465
 0 0.635465
 0 0.635473
 0 0.635473
 0 0.635475
 0 0.635475
 0 0.635492
 0 0.635492
 0 0.635497
 0 0.6355
 0 0.6355
 0 0.635518
 0 0.635525
 0 0.635526
 0 0.63553
 0 0.635538
 0 0.635561
 0 0.635567
 0 0.63557
 0 0.635572
 0 0.635573
 0 0.635579
 0 0.635581
 0 0.635583
 0 0.635592
 0 0.6356
 0 0.635605
 0 0.63561
 0 0.635614
 0 0.635624
 0 0.635624
 0 0.635638
 0 0.635639
 0 0.63564
 0 0.635641
 0 0.635641
 0 0.635644
 0 0.635644
 0 0.635646
 0 0.635668
 0 0.63568
 0 0.635681
 0 0.635681
 0 0.635683
 0 0.635685
 0 0.63569
 0 0.635692
 0 0.635699
 0 0.635705
 0 0.635705
 0 0.635709
 0 0.635709
 0 0.635714
 0 0.635714
 0 0.635717
 0 0.635718
 0 0.635718
 0 0.635731
 0 0.635731
 0 0.635744
 0 0.635744
 0 0.635745
 0 0.635745
 0 0.635755
 0 0.635768
 0 0.635768
 0 0.635778
 0 0.635778
 0 0.635783
 0 0.635806
 0 0.635807
 0 0.635807
 0 0.635846
 0 0.635851
 0 0.635856
 0 0.635856
 0 0.635857
 0 0.635857
 0 0.635857
 0 0.635858
 0 0.635866
 0 0.635872
 0 0.635873
 0 0.635879
 0 0.635889
 0 0.635889
 0 0.635894
 0 0.635897
 0 0.635898
 0 0.635899
 0 0.6359
 0 0.635907
 0 0.635908
 0 0.635908
 0 0.635908
 0 0.635908
 0 0.63591
 0 0.635911
 0 0.635919
 0 0.63592
 0 0.635921
 0 0.635921
 0 0.635921
 0 0.635921
 0 0.635947
 0 0.635951
 0 0.635951
 0 0.635951
 0 0.636007
 0 0.636007
 0 0.636007
 0 0.636007
 0 0.636007
 0 0.636007
 0 0.636007
 0 0.636012
 0 0.636014
 0 0.636014
 0 0.636016
 0 0.636031
 0 0.636031
 0 0.636035
 0 0.636035
 0 0.636036
 0 0.636051
 0 0.636051
 0 0.636058
 0 0.636059
 0 0.636061
 0 0.636061
 0 0.636061
 0 0.636061
 0 0.636061
 0 0.636067
 0 0.636068
 0 0.63607
 0 0.63607
 0 0.636082
 0 0.636082
 0 0.636083
 0 0.636101
 0 0.636101
 0 0.636102
 0 0.636103
 0 0.636115
 0 0.636115
 0 0.636117
 0 0.636118
 0 0.636128
 0 0.636128
 0 0.636128
 0 0.636128
 0 0.636148
 0 0.636149
 0 0.636155
 0 0.636176
 0 0.636177
 0 0.636177
 0 0.636177
 0 0.636177
 0 0.636177
 0 0.63618
 0 0.63618
 0 0.636184
 0 0.636184
 0 0.636187
 0 0.636187
 0 0.636202
 0 0.636205
 0 0.636205
 0 0.636205
 0 0.636205
 0 0.636205
 0 0.636207
 0 0.63622
 0 0.636265
 0 0.636278
 0 0.63628
 0 0.63628
 0 0.636286
 0 0.636286
 0 0.636287
 0 0.636288
 0 0.636288
 0 0.63629
 0 0.636292
 0 0.63631
 0 0.636329
 0 0.636329
 0 0.63633
 0 0.63633
 0 0.636346
 0 0.636346
 0 0.636347
 0 0.636349
 0 0.636349
 0 0.636349
 0 0.636349
 0 0.63635
 0 0.636353
 0 0.63636
 0 0.63636
 0 0.636362
 0 0.636362
 0 0.636363
 0 0.63637
 0 0.63637
 0 0.636371
 0 0.636388
 0 0.636393
 0 0.636406
 0 0.636406
 0 0.636409
 0 0.636409
 0 0.636409
 0 0.636417
 0 0.636417
 0 0.636417
 0 0.636418
 0 0.636426
 0 0.636426
 0 0.636426
 0 0.636426
 0 0.636428
 0 0.63643
 0 0.63643
 0 0.636432
 0 0.636439
 0 0.636439
 0 0.636444
 0 0.636447
 0 0.636447
 0 0.636447
 0 0.636447
 0 0.636454
 0 0.636454
 0 0.636455
 0 0.636455
 0 0.636455
 0 0.63646
 0 0.636463
 0 0.636463
 0 0.636464
 0 0.636479
 0 0.636479
 0 0.636482
 0 0.636486
 0 0.636486
 0 0.636486
 0 0.636486
 0 0.636493
 0 0.636497
 0 0.636498
 0 0.636504
 0 0.636504
 0 0.636504
 0 0.636504
 0 0.63651
 0 0.63651
 0 0.636521
 0 0.636523
 0 0.636525
 0 0.63653
 0 0.636531
 0 0.636531
 0 0.636531
 0 0.636532
 0 0.636532
 0 0.636532
 0 0.636533
 0 0.636533
 0 0.636573
 0 0.636573
 0 0.636573
 0 0.636574
 0 0.636579
 0 0.63658
 0 0.63658
 0 0.63659
 0 0.636592
 0 0.636593
 0 0.636601
 0 0.636601
 0 0.636602
 0 0.636607
 0 0.636608
 0 0.636633
 0 0.636639
 0 0.636639
 0 0.636642
 0 0.636643
 0 0.636662
 0 0.636664
 0 0.636681
 0 0.636688
 0 0.636688
 0 0.636688
 0 0.636689
 0 0.63669
 0 0.636693
 0 0.636703
 0 0.636703
 0 0.636706
 0 0.636707
 0 0.636708
 0 0.636711
 0 0.636726
 0 0.636746
 0 0.636748
 0 0.636749
 0 0.636749
 0 0.63675
 0 0.636754
 0 0.636761
 0 0.636761
 0 0.63679
 0 0.63679
 0 0.636797
 0 0.636797
 0 0.636804
 0 0.636804
 0 0.636806
 0 0.636806
 0 0.636822
 0 0.636828
 0 0.636829
 0 0.636837
 0 0.636837
 0 0.636843
 0 0.636855
 0 0.636868
 0 0.636882
 0 0.636882
 0 0.636884
 0 0.636884
 0 0.63689
 0 0.636906
 0 0.636908
 0 0.636912
 0 0.636921
 0 0.636921
 0 0.636925
 0 0.636931
 0 0.636931
 0 0.636941
 0 0.636948
 0 0.636966
 0 0.636989
 0 0.636997
 0 0.636997
 0 0.637002
 0 0.637008
 0 0.637008
 0 0.637019
 0 0.63702
 0 0.637021
 0 0.637023
 0 0.637024
 0 0.637025
 0 0.637046
 0 0.637046
 0 0.637047
 0 0.637052
 0 0.637052
 0 0.637052
 0 0.637053
 0 0.637054
 0 0.637059
 0 0.637061
 0 0.637063
 0 0.637063
 0 0.637073
 0 0.637079
 0 0.637079
 0 0.637079
 0 0.637079
 0 0.637094
 0 0.637095
 0 0.637113
 0 0.637113
 0 0.637114
 0 0.637114
 0 0.637114
 0 0.637114
 0 0.637114
 0 0.637125
 0 0.637125
 0 0.637126
 0 0.637126
 0 0.637145
 0 0.637145
 0 0.637145
 0 0.637145
 0 0.637163
 0 0.637173
 0 0.637174
 0 0.637175
 0 0.637189
 0 0.637193
 0 0.637201
 0 0.637207
 0 0.637208
 0 0.637208
 0 0.637208
 0 0.637208
 0 0.637208
 0 0.637221
 0 0.637221
 0 0.637231
 0 0.637232
 0 0.637232
 0 0.637241
 0 0.637243
 0 0.637252
 0 0.637252
 0 0.637252
 0 0.63726
 0 0.637277
 0 0.637279
 0 0.63728
 0 0.63728
 0 0.63728
 0 0.637283
 0 0.637284
 0 0.637288
 0 0.637301
 0 0.637302
 0 0.637304
 0 0.637304
 0 0.637311
 0 0.637313
 0 0.637313
 0 0.637318
 0 0.63732
 0 0.637323
 0 0.637329
 0 0.637332
 0 0.637333
 0 0.637333
 0 0.637335
 0 0.637349
 0 0.63735
 0 0.637354
 0 0.637354
 0 0.637354
 0 0.637361
 0 0.637361
 0 0.637361
 0 0.637362
 0 0.637365
 0 0.637365
 0 0.63737
 0 0.637373
 0 0.637373
 0 0.637374
 0 0.637374
 0 0.637374
 0 0.637374
 0 0.63738
 0 0.637383
 0 0.637384
 0 0.637385
 0 0.637389
 0 0.637397
 0 0.637409
 0 0.637419
 0 0.637421
 0 0.637421
 0 0.637422
 0 0.637422
 0 0.637422
 0 0.637447
 0 0.637447
 0 0.637447
 0 0.637449
 0 0.637452
 0 0.637452
 0 0.637453
 0 0.637471
 0 0.63748
 0 0.637483
 0 0.637484
 0 0.637487
 0 0.637489
 0 0.637489
 0 0.63749
 0 0.63749
 0 0.637497
 0 0.637498
 0 0.637498
 0 0.637509
 0 0.637509
 0 0.637512
 0 0.637516
 0 0.637516
 0 0.637516
 0 0.637526
 0 0.637559
 0 0.637559
 0 0.637559
 0 0.637568
 0 0.637569
 0 0.637577
 0 0.637587
 0 0.637588
 0 0.637589
 0 0.637621
 0 0.637621
 0 0.637633
 0 0.637638
 0 0.637638
 0 0.63764
 0 0.63764
 0 0.63764
 0 0.63764
 0 0.637655
 0 0.637656
 0 0.63766
 0 0.637671
 0 0.637672
 0 0.637672
 0 0.637687
 0 0.63769
 0 0.637696
 0 0.637697
 0 0.637697
 0 0.6377
 0 0.6377
 0 0.6377
 0 0.6377
 0 0.6377
 0 0.637703
 0 0.637719
 0 0.637719
 0 0.637723
 0 0.637723
 0 0.637723
 0 0.637723
 0 0.637724
 0 0.637729
 0 0.637747
 0 0.637747
 0 0.637752
 0 0.637752
 0 0.637752
 0 0.637753
 0 0.637754
 0 0.637756
 0 0.637762
 0 0.637781
 0 0.637787
 0 0.637788
 0 0.637789
 0 0.637792
 0 0.637795
 0 0.637795
 0 0.637806
 0 0.637807
 0 0.637829
 0 0.637844
 0 0.637844
 0 0.63785
 0 0.637851
 0 0.637851
 0 0.637851
 0 0.637851
 0 0.637852
 0 0.637866
 0 0.637867
 0 0.637867
 0 0.637887
 0 0.637888
 0 0.637895
 0 0.637895
 0 0.637917
 0 0.637919
 0 0.637926
 0 0.637926
 0 0.637926
 0 0.637927
 0 0.637927
 0 0.63793
 0 0.63793
 0 0.637949
 0 0.637953
 0 0.637954
 0 0.637987
 0 0.637989
 0 0.637989
 0 0.637989
 0 0.637989
 0 0.637995
 0 0.637999
 0 0.637999
 0 0.63801
 0 0.63801
 0 0.638016
 0 0.638017
 0 0.638017
 0 0.63803
 0 0.638031
 0 0.638031
 0 0.638032
 0 0.638033
 0 0.63805
 0 0.638052
 0 0.638058
 0 0.638058
 0 0.638061
 0 0.638068
 0 0.638079
 0 0.63808
 0 0.638107
 0 0.638107
 0 0.638107
 0 0.638108
 0 0.638108
 0 0.638108
 0 0.638108
 0 0.638117
 0 0.638118
 0 0.638119
 0 0.638142
 0 0.638143
 0 0.638146
 0 0.638149
 0 0.63815
 0 0.638151
 0 0.638151
 0 0.638152
 0 0.638168
 0 0.638169
 0 0.638176
 0 0.638186
 0 0.638186
 0 0.638186
 0 0.638186
 0 0.638198
 0 0.638204
 0 0.63821
 0 0.638211
 0 0.638217
 0 0.638223
 0 0.638223
 0 0.638224
 0 0.638224
 0 0.638225
 0 0.638226
 0 0.638236
 0 0.638236
 0 0.638257
 0 0.638257
 0 0.638257
 0 0.638261
 0 0.638263
 0 0.638264
 0 0.638264
 0 0.638273
 0 0.638274
 0 0.638274
 0 0.638281
 0 0.638292
 0 0.638292
 0 0.638295
 0 0.638295
 0 0.638295
 0 0.638313
 0 0.638315
 0 0.638315
 0 0.638315
 0 0.638324
 0 0.638326
 0 0.638326
 0 0.638347
 0 0.638347
 0 0.638358
 0 0.638359
 0 0.638359
 0 0.638362
 0 0.638362
 0 0.638374
 0 0.638375
 0 0.638375
 0 0.638375
 0 0.638375
 0 0.638376
 0 0.638377
 0 0.638433
 0 0.638449
 0 0.63845
 0 0.63845
 0 0.638451
 0 0.638476
 0 0.638484
 0 0.638484
 0 0.63849
 0 0.638519
 0 0.638523
 0 0.638523
 0 0.638523
 0 0.638523
 0 0.638572
 0 0.638577
 0 0.638579
 0 0.63858
 0 0.63858
 0 0.63858
 0 0.63859
 0 0.638592
 0 0.638596
 0 0.638597
 0 0.638607
 0 0.638607
 0 0.638608
 0 0.638609
 0 0.638656
 0 0.638656
 0 0.638658
 0 0.638658
 0 0.638658
 0 0.638664
 0 0.638664
 0 0.638664
 0 0.638664
 0 0.638688
 0 0.63869
 0 0.638713
 0 0.638713
 0 0.638715
 0 0.638715
 0 0.638715
 0 0.638741
 0 0.638741
 0 0.638742
 0 0.638753
 0 0.638753
 0 0.638756
 0 0.638756
 0 0.638761
 0 0.638762
 0 0.638762
 0 0.638762
 0 0.638768
 0 0.63877
 0 0.63877
 0 0.63877
 0 0.6388
 0 0.638803
 0 0.638804
 0 0.638804
 0 0.638806
 0 0.638808
 0 0.638809
 0 0.638809
 0 0.638838
 0 0.638838
 0 0.638847
 0 0.638848
 0 0.638877
 0 0.638877
 0 0.638877
 0 0.638877
 0 0.638906
 0 0.638906
 0 0.638908
 0 0.638921
 0 0.638929
 0 0.638944
 0 0.638945
 0 0.638964
 0 0.638971
 0 0.638972
 0 0.638972
 0 0.638973
 0 0.638978
 0 0.638978
 0 0.638989
 0 0.639015
 0 0.639015
 0 0.639034
 0 0.639034
 0 0.639035
 0 0.639042
 0 0.639047
 0 0.639066
 0 0.639066
 0 0.639066
 0 0.63908
 0 0.63908
 0 0.639082
 0 0.639088
 0 0.639098
 0 0.639098
 0 0.639098
 0 0.639101
 0 0.639113
 0 0.639125
 0 0.639125
 0 0.639162
 0 0.639163
 0 0.639163
 0 0.639164
 0 0.639175
 0 0.639175
 0 0.6392
 0 0.639213
 0 0.639219
 0 0.639229
 0 0.639253
 0 0.639291
 0 0.639295
 0 0.639295
 0 0.639295
 0 0.639305
 0 0.639307
 0 0.639328
 0 0.639328
 0 0.639333
 0 0.639334
 0 0.639334
 0 0.639418
 0 0.639418
 0 0.639444
 0 0.639451
 0 0.639473
 0 0.639474
 0 0.639485
 0 0.639486
 0 0.639486
 0 0.639523
 0 0.639524
 0 0.639547
 0 0.639548
 0 0.639562
 0 0.639564
 0 0.639583
 0 0.639584
 0 0.639584
 0 0.639584
 0 0.639648
 0 0.639667
 0 0.639667
 0 0.639667
 0 0.63968
 0 0.63968
 0 0.639707
 0 0.639709
 0 0.639716
 0 0.639716
 0 0.639755
 0 0.639782
 0 0.639807
 0 0.639808
 0 0.639939
 0 0.63994
 0 0.63994
 0 0.639941
 0 0.639979
 0 0.639998
 0 0.639998
 0 0.639998
 0 0.640036
 0 0.640037
 0 0.640038
 0 0.640038
 0 0.640039
 0 0.640053
 0 0.640053
 0 0.640053
 0 0.640056
 0 0.640056
 0 0.640133
 0 0.640133
 0 0.640133
 0 0.640148
 0 0.640152
 0 0.640156
 0 0.640156
 0 0.640156
 0 0.640157
 0 0.640188
 0 0.640203
 0 0.640245
 0 0.640245
 0 0.640245
 0 0.640245
 0 0.640246
 0 0.640298
 0 0.640299
 0 0.640351
 0 0.640401
 0 0.640402
 0 0.640427
 0 0.640427
 0 0.640428
 0 0.640479
 0 0.640479
 0 0.640512
 0 0.640513
 0 0.640526
 0 0.640533
 0 0.640536
 0 0.640571
 0 0.640575
 0 0.640576
 0 0.640577
 0 0.640577
 0 0.640583
 0 0.640647
 0 0.640648
 0 0.640684
 0 0.640692
 0 0.640693
 0 0.640722
 0 0.640723
 0 0.640741
 0 0.640741
 0 0.640741
 0 0.640769
 0 0.640794
 0 0.640894
 0 0.640894
 0 0.640894
 0 0.640934
 0 0.641054
 0 0.641054
 0 0.641062
 0 0.641129
 0 0.641246
 0 0.641292
 0 0.641293
 0 0.641293
 0 0.641293
 0 0.641293
 0 0.641346
 0 0.641363
 0 0.641364
 0 0.641364
 0 0.641403
 0 0.641403
 0 0.641403
 0 0.641403
 0 0.641404
 0 0.641441
 0 0.641527
 0 0.641527
 0 0.641531
 0 0.641531
 0 0.641656
 0 0.641665
 0 0.641665
 0 0.641665
 0 0.641677
 0 0.641775
 0 0.641791
 0 0.641791
 0 0.641925
 0 0.641957
 0 0.642085
 0 0.642085
 0 0.642086
 0 0.642086
 0 0.642086
 0 0.642274
 0 0.642274
 0 0.642274
 0 0.642306
 0 0.642396
 0 0.642396
 0 0.642549
 0 0.642549
 0 0.642626
 0 0.642627
 0 0.642627
 0 0.642628
 0 0.64263
 0 0.642726
 0 0.642727
 0 0.642727
 0 0.642728
 0 0.642751
 0 0.642753
 0 0.642763
 0 0.642771
 0 0.642771
 0 0.642771
 0 0.642771
 0 0.642855
 0 0.643001
 0 0.643018
 0 0.643018
 0 0.643078
 0 0.643078
 0 0.643206
 0 0.643206
 0 0.643206
 0 0.643337
 0 0.643444
 0 0.643453
 0 0.643453
 0 0.643454
 0 0.643454
 0 0.643513
 0 0.643612
 0 0.643613
 0 0.643794
 0 0.64384
 0 0.643863
 0 0.643864
 0 0.643864
 0 0.64388
 0 0.64388
 0 0.643964
 0 0.64435
 0 0.644368
 0 0.644631
 0 0.64469
 0 0.644722
 0 0.644978
 0 0.645129
 0 0.64513
 0 0.645257
 0 0.645258
 0 0.645258
 0 0.645258
 0 0.64545
 0 0.64545
 0 0.64545
 0 0.64545
 0 0.64545
 0 0.645562
 0 0.645985
 0 inf
