 0 0.495182
 0 0.495182
 0 0.495182
 0 0.495182
 0 0.495183
 0 0.496045
 0 0.504939
 0 0.504939
 0 0.504939
 0 0.50494
 0 0.50563
 0 0.50563
 0 0.621521
 0 0.621524
 0 0.622129
 0 0.622129
 0 0.622129
 0 0.622856
 0 0.623804
 0 0.623804
 0 0.623808
 0 0.624455
 0 0.624469
 0 0.624469
 0 0.624471
 0 0.624471
 0 0.624471
 0 0.624654
 0 0.624657
 0 0.624791
 0 0.624793
 0 0.624794
 0 0.625162
 0 0.625465
 0 0.625613
 0 0.625613
 0 0.625616
 0 0.625634
 0 0.625634
 0 0.625634
 0 0.625839
 0 0.626036
 0 0.626036
 0 0.626037
 0 0.626038
 0 0.626128
 0 0.626129
 0 0.626498
 0 0.626498
 0 0.626498
 0 0.626504
 0 0.626508
 0 0.626511
 0 0.626544
 0 0.626544
 0 0.626686
 0 0.626738
 0 0.626738
 0 0.626786
 0 0.626786
 0 0.626786
 0 0.626999
 0 0.627071
 0 0.627075
 0 0.627075
 0 0.627227
 0 0.627227
 0 0.627228
 0 0.627228
 0 0.627402
 0 0.627457
 0 0.62746
 0 0.627479
 0 0.62748
 0 0.627507
 0 0.627508
 0 0.627508
 0 0.627508
 0 0.6278
 0 0.627902
 0 0.627947
 0 0.627947
 0 0.627996
 0 0.627999
 0 0.628004
 0 0.628004
 0 0.628004
 0 0.628005
 0 0.628063
 0 0.628067
 0 0.628357
 0 0.628358
 0 0.628358
 0 0.628358
 0 0.628383
 0 0.628384
 0 0.628396
 0 0.628436
 0 0.628437
 0 0.62844
 0 0.628536
 0 0.62855
 0 0.628567
 0 0.628568
 0 0.628651
 0 0.628651
 0 0.628752
 0 0.628753
 0 0.628756
 0 0.628784
 0 0.62886
 0 0.62886
 0 0.62886
 0 0.62886
 0 0.628912
 0 0.628991
 0 0.628991
 0 0.628991
 0 0.628991
 0 0.629071
 0 0.629116
 0 0.629116
 0 0.629116
 0 0.629117
 0 0.629134
 0 0.629167
 0 0.629213
 0 0.629213
 0 0.629227
 0 0.629229
 0 0.62923
 0 0.629246
 0 0.629247
 0 0.629249
 0 0.629276
 0 0.629276
 0 0.629293
 0 0.629295
 0 0.629395
 0 0.629396
 0 0.6294
 0 0.629405
 0 0.629412
 0 0.629412
 0 0.629415
 0 0.629416
 0 0.629426
 0 0.629429
 0 0.629477
 0 0.629503
 0 0.629525
 0 0.629525
 0 0.62955
 0 0.629553
 0 0.629601
 0 0.629602
 0 0.629607
 0 0.629607
 0 0.629609
 0 0.62967
 0 0.62967
 0 0.62967
 0 0.629676
 0 0.629738
 0 0.62974
 0 0.629754
 0 0.629754
 0 0.629782
 0 0.629799
 0 0.629804
 0 0.629825
 0 0.629925
 0 0.629953
 0 0.629953
 0 0.629963
 0 0.629964
 0 0.629994
 0 0.630002
 0 0.630007
 0 0.630009
 0 0.630013
 0 0.630027
 0 0.630033
 0 0.630033
 0 0.630053
 0 0.630068
 0 0.630068
 0 0.630069
 0 0.630081
 0 0.630087
 0 0.630095
 0 0.630099
 0 0.630101
 0 0.63011
 0 0.630114
 0 0.630166
 0 0.630179
 0 0.630185
 0 0.630185
 0 0.630188
 0 0.630188
 0 0.630258
 0 0.630258
 0 0.630258
 0 0.630259
 0 0.630259
 0 0.630269
 0 0.630269
 0 0.630275
 0 0.630275
 0 0.630285
 0 0.630285
 0 0.630285
 0 0.630285
 0 0.630285
 0 0.63029
 0 0.630311
 0 0.630311
 0 0.630311
 0 0.63032
 0 0.630339
 0 0.630348
 0 0.63035
 0 0.63035
 0 0.63035
 0 0.630385
 0 0.630388
 0 0.630388
 0 0.630416
 0 0.630421
 0 0.630422
 0 0.630422
 0 0.630473
 0 0.630479
 0 0.630522
 0 0.630539
 0 0.630539
 0 0.630559
 0 0.630578
 0 0.630605
 0 0.630615
 0 0.630621
 0 0.630624
 0 0.630625
 0 0.630632
 0 0.630633
 0 0.630637
 0 0.630643
 0 0.630655
 0 0.630659
 0 0.630661
 0 0.630662
 0 0.630662
 0 0.630775
 0 0.630776
 0 0.63079
 0 0.630832
 0 0.630832
 0 0.630832
 0 0.630868
 0 0.630868
 0 0.630871
 0 0.630871
 0 0.630893
 0 0.630893
 0 0.63093
 0 0.630938
 0 0.630972
 0 0.630972
 0 0.630972
 0 0.630972
 0 0.630974
 0 0.630975
 0 0.631004
 0 0.631039
 0 0.63104
 0 0.631042
 0 0.63107
 0 0.631071
 0 0.631071
 0 0.631092
 0 0.631093
 0 0.631093
 0 0.631103
 0 0.631105
 0 0.631105
 0 0.631105
 0 0.631105
 0 0.631105
 0 0.631113
 0 0.631116
 0 0.631116
 0 0.631117
 0 0.631141
 0 0.631141
 0 0.631149
 0 0.63115
 0 0.63115
 0 0.631208
 0 0.63121
 0 0.63121
 0 0.63125
 0 0.631252
 0 0.631262
 0 0.631269
 0 0.63127
 0 0.631286
 0 0.631297
 0 0.631299
 0 0.631327
 0 0.631327
 0 0.631327
 0 0.631348
 0 0.631363
 0 0.631402
 0 0.631402
 0 0.631427
 0 0.631428
 0 0.631432
 0 0.631432
 0 0.631432
 0 0.631435
 0 0.631438
 0 0.631438
 0 0.631438
 0 0.631438
 0 0.631444
 0 0.631464
 0 0.631466
 0 0.631466
 0 0.631482
 0 0.631483
 0 0.631484
 0 0.631484
 0 0.631497
 0 0.631498
 0 0.631498
 0 0.631517
 0 0.631517
 0 0.631517
 0 0.631521
 0 0.63153
 0 0.631532
 0 0.631533
 0 0.631533
 0 0.631536
 0 0.631536
 0 0.631545
 0 0.631548
 0 0.63157
 0 0.631571
 0 0.631575
 0 0.631575
 0 0.631576
 0 0.631581
 0 0.63159
 0 0.631593
 0 0.631614
 0 0.631614
 0 0.631615
 0 0.631616
 0 0.631641
 0 0.631642
 0 0.631648
 0 0.631649
 0 0.631649
 0 0.631663
 0 0.631663
 0 0.631663
 0 0.631663
 0 0.631689
 0 0.631694
 0 0.631694
 0 0.631695
 0 0.631707
 0 0.631707
 0 0.631711
 0 0.631716
 0 0.631728
 0 0.631728
 0 0.631728
 0 0.631731
 0 0.631731
 0 0.631737
 0 0.631742
 0 0.631745
 0 0.631767
 0 0.631767
 0 0.631769
 0 0.631772
 0 0.631774
 0 0.631774
 0 0.631812
 0 0.631816
 0 0.631829
 0 0.631834
 0 0.631844
 0 0.631844
 0 0.631844
 0 0.631849
 0 0.631849
 0 0.631849
 0 0.631859
 0 0.631859
 0 0.631863
 0 0.631863
 0 0.631878
 0 0.631878
 0 0.631885
 0 0.631897
 0 0.631898
 0 0.631898
 0 0.631903
 0 0.631903
 0 0.631909
 0 0.63192
 0 0.631933
 0 0.631933
 0 0.631936
 0 0.631936
 0 0.631943
 0 0.631943
 0 0.631947
 0 0.631965
 0 0.631966
 0 0.631967
 0 0.63197
 0 0.631977
 0 0.631977
 0 0.631984
 0 0.631988
 0 0.631991
 0 0.631992
 0 0.631995
 0 0.632
 0 0.632
 0 0.632024
 0 0.632024
 0 0.63203
 0 0.632035
 0 0.632048
 0 0.63205
 0 0.63205
 0 0.632051
 0 0.632052
 0 0.632052
 0 0.632075
 0 0.632095
 0 0.632096
 0 0.632097
 0 0.632098
 0 0.632098
 0 0.632099
 0 0.632111
 0 0.632111
 0 0.632113
 0 0.632113
 0 0.632113
 0 0.63212
 0 0.63212
 0 0.632171
 0 0.632172
 0 0.632172
 0 0.632172
 0 0.632172
 0 0.632173
 0 0.632179
 0 0.632179
 0 0.632189
 0 0.632192
 0 0.632192
 0 0.632194
 0 0.632194
 0 0.632209
 0 0.632213
 0 0.632219
 0 0.63222
 0 0.63222
 0 0.63222
 0 0.63222
 0 0.632222
 0 0.632222
 0 0.632222
 0 0.632222
 0 0.632238
 0 0.632255
 0 0.632255
 0 0.632256
 0 0.632261
 0 0.632262
 0 0.63227
 0 0.632276
 0 0.632276
 0 0.632276
 0 0.632284
 0 0.632302
 0 0.632302
 0 0.632312
 0 0.63232
 0 0.63232
 0 0.63232
 0 0.632324
 0 0.632334
 0 0.632349
 0 0.63235
 0 0.632361
 0 0.632362
 0 0.632362
 0 0.632366
 0 0.632366
 0 0.632366
 0 0.632367
 0 0.632388
 0 0.632393
 0 0.632393
 0 0.632394
 0 0.632397
 0 0.6324
 0 0.6324
 0 0.6324
 0 0.6324
 0 0.632401
 0 0.632404
 0 0.632404
 0 0.632407
 0 0.632407
 0 0.632407
 0 0.632409
 0 0.632428
 0 0.632428
 0 0.632431
 0 0.632433
 0 0.632451
 0 0.632455
 0 0.632455
 0 0.632459
 0 0.632459
 0 0.632464
 0 0.632466
 0 0.632466
 0 0.632466
 0 0.632466
 0 0.63248
 0 0.6325
 0 0.632501
 0 0.632501
 0 0.632506
 0 0.632507
 0 0.632519
 0 0.632525
 0 0.632525
 0 0.632564
 0 0.632564
 0 0.632568
 0 0.632571
 0 0.632571
 0 0.632584
 0 0.632586
 0 0.632588
 0 0.632588
 0 0.632588
 0 0.632606
 0 0.632609
 0 0.632609
 0 0.632655
 0 0.632662
 0 0.632663
 0 0.632663
 0 0.632672
 0 0.632673
 0 0.632674
 0 0.632674
 0 0.632675
 0 0.632675
 0 0.63268
 0 0.632683
 0 0.632683
 0 0.632684
 0 0.632684
 0 0.632696
 0 0.632696
 0 0.6327
 0 0.6327
 0 0.632716
 0 0.632719
 0 0.632727
 0 0.632727
 0 0.632727
 0 0.63273
 0 0.63273
 0 0.632731
 0 0.632732
 0 0.632732
 0 0.632732
 0 0.632734
 0 0.632734
 0 0.63274
 0 0.63274
 0 0.63274
 0 0.632749
 0 0.632749
 0 0.632755
 0 0.63276
 0 0.63276
 0 0.632761
 0 0.632761
 0 0.632761
 0 0.632764
 0 0.632768
 0 0.632779
 0 0.632781
 0 0.632783
 0 0.632788
 0 0.632788
 0 0.632789
 0 0.632792
 0 0.632793
 0 0.632793
 0 0.632797
 0 0.632798
 0 0.632798
 0 0.63281
 0 0.63281
 0 0.632812
 0 0.632813
 0 0.632814
 0 0.632817
 0 0.632834
 0 0.632839
 0 0.632839
 0 0.632849
 0 0.632853
 0 0.632855
 0 0.63286
 0 0.63286
 0 0.632861
 0 0.632887
 0 0.632887
 0 0.632887
 0 0.632887
 0 0.632887
 0 0.632898
 0 0.632902
 0 0.632902
 0 0.632902
 0 0.632902
 0 0.632906
 0 0.632906
 0 0.632909
 0 0.632909
 0 0.632913
 0 0.632914
 0 0.632944
 0 0.632955
 0 0.63296
 0 0.63296
 0 0.632961
 0 0.632961
 0 0.632975
 0 0.632975
 0 0.632983
 0 0.632983
 0 0.632993
 0 0.632993
 0 0.632994
 0 0.632994
 0 0.632997
 0 0.632998
 0 0.633007
 0 0.633008
 0 0.63301
 0 0.63301
 0 0.63301
 0 0.633015
 0 0.633016
 0 0.633025
 0 0.633025
 0 0.633025
 0 0.633025
 0 0.633026
 0 0.633026
 0 0.633028
 0 0.633029
 0 0.63304
 0 0.63304
 0 0.63304
 0 0.633049
 0 0.633054
 0 0.633055
 0 0.633071
 0 0.633074
 0 0.633081
 0 0.633081
 0 0.633082
 0 0.633083
 0 0.633084
 0 0.633087
 0 0.633087
 0 0.633098
 0 0.633099
 0 0.633104
 0 0.633104
 0 0.633105
 0 0.633105
 0 0.633108
 0 0.633109
 0 0.633112
 0 0.633119
 0 0.633119
 0 0.633122
 0 0.633128
 0 0.63313
 0 0.63313
 0 0.633132
 0 0.633162
 0 0.633162
 0 0.633167
 0 0.633167
 0 0.633167
 0 0.633169
 0 0.63317
 0 0.633171
 0 0.633171
 0 0.633198
 0 0.633216
 0 0.633216
 0 0.633217
 0 0.633217
 0 0.633217
 0 0.633242
 0 0.633244
 0 0.633244
 0 0.633244
 0 0.633244
 0 0.633244
 0 0.633245
 0 0.633245
 0 0.63326
 0 0.633284
 0 0.633289
 0 0.633289
 0 0.633289
 0 0.633298
 0 0.6333
 0 0.6333
 0 0.63331
 0 0.633311
 0 0.633312
 0 0.633315
 0 0.633317
 0 0.633318
 0 0.63332
 0 0.63332
 0 0.63332
 0 0.633335
 0 0.633343
 0 0.633345
 0 0.633345
 0 0.633345
 0 0.633346
 0 0.633357
 0 0.633358
 0 0.633379
 0 0.633384
 0 0.633384
 0 0.633391
 0 0.633393
 0 0.633393
 0 0.633398
 0 0.6334
 0 0.6334
 0 0.6334
 0 0.633402
 0 0.633407
 0 0.633421
 0 0.63343
 0 0.63343
 0 0.63343
 0 0.633438
 0 0.633455
 0 0.633468
 0 0.633468
 0 0.633476
 0 0.633476
 0 0.63348
 0 0.633486
 0 0.633487
 0 0.633488
 0 0.633488
 0 0.633492
 0 0.633505
 0 0.633505
 0 0.633523
 0 0.633523
 0 0.633523
 0 0.633526
 0 0.63353
 0 0.63353
 0 0.633535
 0 0.633536
 0 0.633552
 0 0.633552
 0 0.63356
 0 0.63356
 0 0.633563
 0 0.633565
 0 0.633571
 0 0.633577
 0 0.633579
 0 0.633584
 0 0.633584
 0 0.633584
 0 0.633589
 0 0.63359
 0 0.633593
 0 0.633594
 0 0.633594
 0 0.633595
 0 0.633651
 0 0.633657
 0 0.633657
 0 0.63366
 0 0.63366
 0 0.63366
 0 0.633671
 0 0.633687
 0 0.633688
 0 0.633688
 0 0.633688
 0 0.633689
 0 0.633691
 0 0.633693
 0 0.633696
 0 0.633707
 0 0.633707
 0 0.63371
 0 0.633722
 0 0.633723
 0 0.633734
 0 0.633749
 0 0.633762
 0 0.633762
 0 0.63378
 0 0.633782
 0 0.633801
 0 0.633801
 0 0.633801
 0 0.633818
 0 0.633837
 0 0.633843
 0 0.633851
 0 0.633854
 0 0.633856
 0 0.633856
 0 0.633856
 0 0.633861
 0 0.633861
 0 0.633886
 0 0.633895
 0 0.633896
 0 0.633897
 0 0.633898
 0 0.633898
 0 0.63391
 0 0.633911
 0 0.633911
 0 0.633939
 0 0.633939
 0 0.633942
 0 0.633947
 0 0.633951
 0 0.633951
 0 0.633952
 0 0.63396
 0 0.633962
 0 0.633962
 0 0.633962
 0 0.633975
 0 0.633976
 0 0.633984
 0 0.633991
 0 0.633994
 0 0.633995
 0 0.634006
 0 0.634006
 0 0.634006
 0 0.63401
 0 0.63401
 0 0.634013
 0 0.634018
 0 0.634024
 0 0.634033
 0 0.634044
 0 0.634045
 0 0.634057
 0 0.634058
 0 0.634058
 0 0.634066
 0 0.634068
 0 0.634068
 0 0.634068
 0 0.63408
 0 0.634083
 0 0.634084
 0 0.634103
 0 0.634114
 0 0.634114
 0 0.634115
 0 0.634155
 0 0.634156
 0 0.634176
 0 0.634179
 0 0.634181
 0 0.634183
 0 0.634184
 0 0.63419
 0 0.63419
 0 0.634192
 0 0.634192
 0 0.634194
 0 0.634195
 0 0.634196
 0 0.634221
 0 0.634222
 0 0.634222
 0 0.634222
 0 0.634223
 0 0.634224
 0 0.634231
 0 0.634231
 0 0.634232
 0 0.634232
 0 0.634234
 0 0.634249
 0 0.63425
 0 0.63425
 0 0.634251
 0 0.634251
 0 0.634253
 0 0.634253
 0 0.634255
 0 0.634256
 0 0.634266
 0 0.63427
 0 0.63427
 0 0.63427
 0 0.634281
 0 0.634293
 0 0.634296
 0 0.634297
 0 0.634297
 0 0.634298
 0 0.63432
 0 0.63432
 0 0.634334
 0 0.634334
 0 0.634337
 0 0.634337
 0 0.634341
 0 0.634344
 0 0.634355
 0 0.634358
 0 0.634369
 0 0.63437
 0 0.63437
 0 0.634377
 0 0.634377
 0 0.634398
 0 0.634398
 0 0.634401
 0 0.634407
 0 0.634408
 0 0.634409
 0 0.634409
 0 0.634409
 0 0.634409
 0 0.63442
 0 0.63442
 0 0.634422
 0 0.634423
 0 0.634436
 0 0.634436
 0 0.634438
 0 0.634443
 0 0.634444
 0 0.634445
 0 0.634449
 0 0.634454
 0 0.634456
 0 0.634462
 0 0.634462
 0 0.634462
 0 0.634464
 0 0.634464
 0 0.634464
 0 0.634465
 0 0.634477
 0 0.634477
 0 0.634477
 0 0.634477
 0 0.634477
 0 0.634477
 0 0.634477
 0 0.634478
 0 0.63448
 0 0.63448
 0 0.634485
 0 0.634494
 0 0.634505
 0 0.634515
 0 0.634516
 0 0.634516
 0 0.634516
 0 0.634517
 0 0.634552
 0 0.634552
 0 0.634559
 0 0.634561
 0 0.634566
 0 0.634566
 0 0.634566
 0 0.634566
 0 0.634566
 0 0.634566
 0 0.634566
 0 0.634567
 0 0.634567
 0 0.634568
 0 0.634597
 0 0.634597
 0 0.634597
 0 0.634598
 0 0.6346
 0 0.634604
 0 0.634604
 0 0.63461
 0 0.634628
 0 0.634646
 0 0.634646
 0 0.634646
 0 0.634647
 0 0.634647
 0 0.634656
 0 0.634658
 0 0.634658
 0 0.634659
 0 0.634661
 0 0.634661
 0 0.634661
 0 0.634662
 0 0.634666
 0 0.634668
 0 0.634682
 0 0.634687
 0 0.634687
 0 0.634689
 0 0.63469
 0 0.63469
 0 0.634703
 0 0.634709
 0 0.634709
 0 0.634709
 0 0.634712
 0 0.634712
 0 0.634716
 0 0.634716
 0 0.634722
 0 0.634723
 0 0.634725
 0 0.634739
 0 0.634764
 0 0.634767
 0 0.634767
 0 0.634768
 0 0.634768
 0 0.634774
 0 0.634783
 0 0.634785
 0 0.634786
 0 0.634787
 0 0.634788
 0 0.634788
 0 0.634789
 0 0.634789
 0 0.634789
 0 0.634789
 0 0.634797
 0 0.634798
 0 0.634798
 0 0.634798
 0 0.634798
 0 0.634802
 0 0.634803
 0 0.63481
 0 0.634816
 0 0.634818
 0 0.634821
 0 0.634822
 0 0.634855
 0 0.634865
 0 0.634869
 0 0.634869
 0 0.634872
 0 0.634872
 0 0.634886
 0 0.634888
 0 0.634902
 0 0.634907
 0 0.634911
 0 0.634912
 0 0.634913
 0 0.634921
 0 0.634921
 0 0.634921
 0 0.634921
 0 0.634953
 0 0.634954
 0 0.634954
 0 0.634957
 0 0.634957
 0 0.634962
 0 0.634962
 0 0.634982
 0 0.634983
 0 0.634984
 0 0.634985
 0 0.634986
 0 0.634987
 0 0.634995
 0 0.635003
 0 0.635003
 0 0.635013
 0 0.635033
 0 0.635039
 0 0.63504
 0 0.635041
 0 0.635041
 0 0.635041
 0 0.635042
 0 0.635079
 0 0.635088
 0 0.635088
 0 0.635088
 0 0.635088
 0 0.635088
 0 0.635101
 0 0.635108
 0 0.635139
 0 0.635154
 0 0.635162
 0 0.635171
 0 0.635171
 0 0.635179
 0 0.63518
 0 0.63518
 0 0.63518
 0 0.635182
 0 0.635182
 0 0.635186
 0 0.63519
 0 0.63519
 0 0.635213
 0 0.635228
 0 0.635228
 0 0.63523
 0 0.635231
 0 0.635231
 0 0.635231
 0 0.63524
 0 0.635245
 0 0.635248
 0 0.635248
 0 0.635251
 0 0.635251
 0 0.635271
 0 0.635271
 0 0.635271
 0 0.635273
 0 0.635273
 0 0.635277
 0 0.635277
 0 0.635285
 0 0.635285
 0 0.635286
 0 0.635289
 0 0.635289
 0 0.635297
 0 0.635299
 0 0.6353
 0 0.635316
 0 0.635316
 0 0.635316
 0 0.635338
 0 0.635357
 0 0.635367
 0 0.635367
 0 0.63537
 0 0.635371
 0 0.635372
 0 0.635386
 0 0.635403
 0 0.635405
 0 0.635405
 0 0.635405
 0 0.635405
 0 0.63541
 0 0.635416
 0 0.635426
 0 0.635427
 0 0.635427
 0 0.635428
 0 0.635429
 0 0.635437
 0 0.635438
 0 0.635439
 0 0.63545
 0 0.635461
 0 0.635461
 0 0.635484
 0 0.635495
 0 0.635501
 0 0.635503
 0 0.635505
 0 0.635506
 0 0.635527
 0 0.635527
 0 0.635551
 0 0.635552
 0 0.635552
 0 0.635575
 0 0.635587
 0 0.635606
 0 0.635606
 0 0.635616
 0 0.635618
 0 0.635622
 0 0.635622
 0 0.635632
 0 0.635635
 0 0.635641
 0 0.635643
 0 0.635652
 0 0.635673
 0 0.635674
 0 0.635675
 0 0.635676
 0 0.635676
 0 0.635683
 0 0.635683
 0 0.635693
 0 0.635696
 0 0.635696
 0 0.635701
 0 0.635702
 0 0.635707
 0 0.635721
 0 0.635721
 0 0.635721
 0 0.635726
 0 0.635727
 0 0.63573
 0 0.63573
 0 0.635743
 0 0.635743
 0 0.635744
 0 0.635746
 0 0.635769
 0 0.635779
 0 0.635826
 0 0.635827
 0 0.635827
 0 0.635833
 0 0.635837
 0 0.635837
 0 0.635856
 0 0.635857
 0 0.635889
 0 0.635892
 0 0.635892
 0 0.635977
 0 0.636
 0 0.636
 0 0.636001
 0 0.636009
 0 0.636009
 0 0.636013
 0 0.636042
 0 0.636052
 0 0.636054
 0 0.636061
 0 0.63607
 0 0.636091
 0 0.636091
 0 0.636097
 0 0.6361
 0 0.636123
 0 0.636132
 0 0.636157
 0 0.63616
 0 0.63617
 0 0.63617
 0 0.63617
 0 0.63617
 0 0.636174
 0 0.636185
 0 0.636189
 0 0.63619
 0 0.63619
 0 0.636191
 0 0.636239
 0 0.636239
 0 0.636256
 0 0.636271
 0 0.636271
 0 0.636271
 0 0.636283
 0 0.63629
 0 0.636302
 0 0.636302
 0 0.636302
 0 0.636303
 0 0.636303
 0 0.636303
 0 0.636303
 0 0.636308
 0 0.636323
 0 0.636324
 0 0.636324
 0 0.636325
 0 0.636362
 0 0.636363
 0 0.636363
 0 0.636366
 0 0.636366
 0 0.636372
 0 0.636382
 0 0.636384
 0 0.636397
 0 0.6364
 0 0.636407
 0 0.636407
 0 0.636438
 0 0.636438
 0 0.636443
 0 0.636444
 0 0.636444
 0 0.636444
 0 0.636444
 0 0.636447
 0 0.636449
 0 0.636474
 0 0.636478
 0 0.636478
 0 0.636521
 0 0.636521
 0 0.636541
 0 0.636541
 0 0.636576
 0 0.636577
 0 0.636582
 0 0.636586
 0 0.636635
 0 0.636636
 0 0.636667
 0 0.636719
 0 0.636719
 0 0.636727
 0 0.636728
 0 0.636732
 0 0.636735
 0 0.636766
 0 0.63677
 0 0.636773
 0 0.636795
 0 0.636797
 0 0.636797
 0 0.636798
 0 0.636798
 0 0.636798
 0 0.636798
 0 0.636798
 0 0.636799
 0 0.636799
 0 0.636812
 0 0.636813
 0 0.636813
 0 0.636835
 0 0.636837
 0 0.636838
 0 0.636873
 0 0.636883
 0 0.636885
 0 0.636885
 0 0.636924
 0 0.636924
 0 0.636978
 0 0.636983
 0 0.637048
 0 0.637048
 0 0.637127
 0 0.637127
 0 0.637152
 0 0.637154
 0 0.637173
 0 0.637232
 0 0.637232
 0 0.63727
 0 0.637297
 0 0.637301
 0 0.637304
 0 0.637307
 0 0.637311
 0 0.637378
 0 0.637378
 0 0.637525
 0 0.637525
 0 0.637529
 0 0.637529
 0 0.637573
 0 0.637573
 0 0.637643
 0 0.637684
 0 0.637687
 0 0.637725
 0 0.637785
 0 0.637785
 0 0.637837
 0 0.63784
 0 0.637936
 0 0.637936
 0 0.637942
 0 0.637943
 0 0.637943
 0 0.637943
 0 0.637976
 0 0.63803
 0 0.638106
 0 0.638118
 0 0.638118
 0 0.638118
 0 0.638156
 0 0.638157
 0 0.638309
 0 0.638313
 0 0.638557
 0 0.638557
 0 0.638598
 0 0.638612
 0 0.638633
 0 0.638641
 0 0.638641
 0 0.638641
 0 0.638779
 0 0.638826
 0 0.638837
 0 0.638885
 0 0.638885
 0 0.638939
 0 0.638942
 0 0.638942
 0 0.638942
 0 0.638943
 0 0.638981
 0 0.638983
 0 0.638985
 0 0.638985
 0 0.63907
 0 0.639127
 0 0.639127
 0 0.639177
 0 0.639241
 0 0.639243
 0 0.639282
 0 0.639406
 0 0.639406
 0 0.639414
 0 0.639426
 0 0.639426
 0 0.639465
 0 0.639483
 0 0.639487
 0 0.639541
 0 0.639657
 0 0.639672
 0 0.639672
 0 0.639735
 0 0.639736
 0 0.639787
 0 0.639791
 0 0.639791
 0 0.639798
 0 0.639818
 0 0.640132
 0 0.640135
 0 0.640157
 0 0.640157
 0 0.640189
 0 0.640189
 0 0.640189
 0 0.640189
 0 0.640189
 0 0.640195
 0 0.640202
 0 0.640204
 0 0.640204
 0 0.640215
 0 0.640217
 0 0.640217
 0 0.640475
 0 0.640475
 0 0.640532
 0 0.640532
 0 0.640539
 0 0.640655
 0 0.640655
 0 0.640944
 0 0.641137
 0 0.641138
 0 0.641232
 0 0.641232
 0 0.641266
 0 0.641266
 0 0.641274
 0 0.641315
 0 0.641315
 0 0.641353
 0 0.641355
 0 0.641389
 0 0.641453
 0 0.641458
 0 0.641469
 0 0.64147
 0 0.64147
 0 0.641472
 0 0.641473
 0 0.641595
 0 0.641596
 0 0.641626
 0 0.641643
 0 0.641682
 0 0.641683
 0 0.641683
 0 0.641686
 0 0.641691
 0 0.642048
 0 0.642048
 0 0.642048
 0 0.642189
 0 0.642192
 0 0.642365
 0 0.642365
 0 0.642424
 0 0.642425
 0 0.642487
 0 0.642503
 0 0.642673
 0 0.642711
 0 0.642712
 0 0.642997
 0 0.642998
 0 0.642999
 0 0.642999
 0 0.643755
 0 0.643755
 0 0.643755
 0 0.643757
 0 0.643958
 0 0.644046
 0 0.644123
 0 0.644123
 0 0.644124
 0 0.644296
 0 inf
