 0 0.628578
 0 0.62866
 0 0.628664
 0 0.628665
 0 0.628666
 0 0.628666
 0 0.628892
 0 0.628895
 0 0.629521
 0 0.629827
 0 0.629843
 0 0.629849
 0 0.62985
 0 0.62985
 0 0.629948
 0 0.630205
 0 0.630206
 0 0.630237
 0 0.630242
 0 0.630286
 0 0.630339
 0 0.63037
 0 0.630376
 0 0.630482
 0 0.63049
 0 0.630517
 0 0.630532
 0 0.630532
 0 0.630555
 0 0.630583
 0 0.630584
 0 0.630585
 0 0.630588
 0 0.630595
 0 0.630597
 0 0.630619
 0 0.630622
 0 0.630632
 0 0.630639
 0 0.630639
 0 0.630639
 0 0.630639
 0 0.63064
 0 0.630641
 0 0.630646
 0 0.630657
 0 0.630661
 0 0.630666
 0 0.630666
 0 0.630666
 0 0.630666
 0 0.630667
 0 0.630671
 0 0.630676
 0 0.63068
 0 0.630734
 0 0.630795
 0 0.630804
 0 0.630807
 0 0.63081
 0 0.630815
 0 0.630816
 0 0.630823
 0 0.630922
 0 0.630925
 0 0.630926
 0 0.630926
 0 0.630926
 0 0.630989
 0 0.630994
 0 0.631061
 0 0.631061
 0 0.631077
 0 0.631081
 0 0.631081
 0 0.631097
 0 0.63113
 0 0.63115
 0 0.63115
 0 0.631156
 0 0.631168
 0 0.631217
 0 0.631238
 0 0.631243
 0 0.631255
 0 0.631283
 0 0.631283
 0 0.631283
 0 0.631307
 0 0.631344
 0 0.631348
 0 0.631403
 0 0.631408
 0 0.631408
 0 0.631541
 0 0.63155
 0 0.63155
 0 0.631563
 0 0.631565
 0 0.631565
 0 0.631565
 0 0.631566
 0 0.631569
 0 0.631569
 0 0.631576
 0 0.631593
 0 0.6316
 0 0.631606
 0 0.631606
 0 0.631615
 0 0.63162
 0 0.631652
 0 0.631656
 0 0.631691
 0 0.631698
 0 0.631698
 0 0.631722
 0 0.631723
 0 0.631725
 0 0.631725
 0 0.631729
 0 0.631729
 0 0.631769
 0 0.631774
 0 0.631774
 0 0.631779
 0 0.631779
 0 0.631812
 0 0.631812
 0 0.631824
 0 0.631824
 0 0.631824
 0 0.631838
 0 0.63185
 0 0.63186
 0 0.631891
 0 0.631893
 0 0.631936
 0 0.631936
 0 0.631936
 0 0.631957
 0 0.631957
 0 0.631957
 0 0.631962
 0 0.632043
 0 0.632043
 0 0.632047
 0 0.632047
 0 0.632048
 0 0.632048
 0 0.632066
 0 0.632079
 0 0.632079
 0 0.632082
 0 0.632082
 0 0.632084
 0 0.632111
 0 0.632116
 0 0.632149
 0 0.63215
 0 0.63215
 0 0.63215
 0 0.632151
 0 0.632155
 0 0.632156
 0 0.632159
 0 0.63216
 0 0.632166
 0 0.63218
 0 0.632222
 0 0.632223
 0 0.632231
 0 0.632231
 0 0.632232
 0 0.632232
 0 0.632261
 0 0.632261
 0 0.632262
 0 0.632263
 0 0.632264
 0 0.632265
 0 0.632271
 0 0.632298
 0 0.632298
 0 0.632298
 0 0.632299
 0 0.632299
 0 0.632311
 0 0.632367
 0 0.632368
 0 0.632368
 0 0.632372
 0 0.632373
 0 0.632373
 0 0.632373
 0 0.632374
 0 0.632374
 0 0.632374
 0 0.632374
 0 0.632375
 0 0.632375
 0 0.632376
 0 0.632379
 0 0.632379
 0 0.63238
 0 0.632383
 0 0.632383
 0 0.632385
 0 0.632387
 0 0.632426
 0 0.632436
 0 0.632436
 0 0.632438
 0 0.632438
 0 0.632453
 0 0.632461
 0 0.632463
 0 0.632466
 0 0.632468
 0 0.632471
 0 0.632471
 0 0.632477
 0 0.632477
 0 0.632489
 0 0.632496
 0 0.632496
 0 0.632501
 0 0.632501
 0 0.632502
 0 0.632511
 0 0.632511
 0 0.632519
 0 0.632519
 0 0.63252
 0 0.632522
 0 0.632525
 0 0.632533
 0 0.632536
 0 0.632536
 0 0.632554
 0 0.632562
 0 0.632606
 0 0.632614
 0 0.632615
 0 0.632616
 0 0.632659
 0 0.632662
 0 0.632662
 0 0.632674
 0 0.632675
 0 0.632682
 0 0.632688
 0 0.632711
 0 0.632712
 0 0.632714
 0 0.632715
 0 0.632715
 0 0.632716
 0 0.63272
 0 0.632721
 0 0.63273
 0 0.632736
 0 0.632752
 0 0.632785
 0 0.632787
 0 0.632789
 0 0.632789
 0 0.632789
 0 0.632791
 0 0.632791
 0 0.632794
 0 0.632796
 0 0.632797
 0 0.632809
 0 0.632813
 0 0.632835
 0 0.632839
 0 0.632839
 0 0.632858
 0 0.632858
 0 0.632903
 0 0.632909
 0 0.632909
 0 0.632909
 0 0.632913
 0 0.632913
 0 0.632913
 0 0.632926
 0 0.632926
 0 0.632927
 0 0.632931
 0 0.632937
 0 0.632941
 0 0.632941
 0 0.632945
 0 0.632947
 0 0.632949
 0 0.63295
 0 0.632952
 0 0.632952
 0 0.632952
 0 0.632954
 0 0.632956
 0 0.63296
 0 0.632961
 0 0.632961
 0 0.632962
 0 0.632962
 0 0.632965
 0 0.632978
 0 0.632979
 0 0.632979
 0 0.632984
 0 0.632984
 0 0.633007
 0 0.633007
 0 0.633007
 0 0.633011
 0 0.633013
 0 0.633013
 0 0.633015
 0 0.633021
 0 0.633033
 0 0.633033
 0 0.633033
 0 0.633036
 0 0.633052
 0 0.633069
 0 0.633081
 0 0.633084
 0 0.633084
 0 0.633085
 0 0.633085
 0 0.6331
 0 0.633101
 0 0.633102
 0 0.633105
 0 0.633107
 0 0.633108
 0 0.633108
 0 0.633111
 0 0.633123
 0 0.633123
 0 0.63314
 0 0.63314
 0 0.633141
 0 0.633146
 0 0.633149
 0 0.633149
 0 0.63315
 0 0.633152
 0 0.633153
 0 0.633157
 0 0.633163
 0 0.633164
 0 0.633165
 0 0.633167
 0 0.633167
 0 0.63317
 0 0.63317
 0 0.633171
 0 0.633172
 0 0.633173
 0 0.633182
 0 0.633192
 0 0.633192
 0 0.633196
 0 0.633204
 0 0.633204
 0 0.633204
 0 0.633206
 0 0.63322
 0 0.633223
 0 0.633228
 0 0.633239
 0 0.633241
 0 0.633253
 0 0.633254
 0 0.633257
 0 0.633269
 0 0.63327
 0 0.63327
 0 0.633273
 0 0.633282
 0 0.633284
 0 0.633298
 0 0.633301
 0 0.633303
 0 0.633304
 0 0.633305
 0 0.633319
 0 0.633335
 0 0.633339
 0 0.633339
 0 0.633346
 0 0.633347
 0 0.633347
 0 0.633347
 0 0.63335
 0 0.633352
 0 0.633353
 0 0.633353
 0 0.633359
 0 0.633365
 0 0.633373
 0 0.633373
 0 0.633379
 0 0.633389
 0 0.633389
 0 0.6334
 0 0.6334
 0 0.6334
 0 0.633403
 0 0.633407
 0 0.633407
 0 0.633418
 0 0.633419
 0 0.633419
 0 0.63342
 0 0.633421
 0 0.633421
 0 0.633435
 0 0.633442
 0 0.633442
 0 0.633449
 0 0.633452
 0 0.633452
 0 0.633453
 0 0.633453
 0 0.633473
 0 0.633475
 0 0.633475
 0 0.633485
 0 0.633486
 0 0.633487
 0 0.633487
 0 0.633506
 0 0.633507
 0 0.63352
 0 0.63352
 0 0.633533
 0 0.633533
 0 0.633533
 0 0.633534
 0 0.633541
 0 0.633542
 0 0.633552
 0 0.633553
 0 0.633561
 0 0.633564
 0 0.633564
 0 0.633585
 0 0.633586
 0 0.633586
 0 0.633591
 0 0.633622
 0 0.633622
 0 0.633624
 0 0.633624
 0 0.633645
 0 0.633645
 0 0.633647
 0 0.633651
 0 0.633652
 0 0.633652
 0 0.633653
 0 0.633656
 0 0.63369
 0 0.633701
 0 0.633708
 0 0.633713
 0 0.633714
 0 0.633714
 0 0.633714
 0 0.633714
 0 0.633716
 0 0.633725
 0 0.633728
 0 0.63373
 0 0.63373
 0 0.633731
 0 0.63374
 0 0.633741
 0 0.633746
 0 0.633746
 0 0.633749
 0 0.633749
 0 0.633749
 0 0.63375
 0 0.633752
 0 0.633752
 0 0.633752
 0 0.633754
 0 0.633755
 0 0.633756
 0 0.633757
 0 0.633757
 0 0.633757
 0 0.633772
 0 0.633774
 0 0.633774
 0 0.633775
 0 0.63378
 0 0.633798
 0 0.633801
 0 0.633801
 0 0.633802
 0 0.633802
 0 0.633812
 0 0.633812
 0 0.633813
 0 0.633813
 0 0.633816
 0 0.633816
 0 0.633824
 0 0.633825
 0 0.633826
 0 0.63383
 0 0.633831
 0 0.633844
 0 0.633858
 0 0.633859
 0 0.633881
 0 0.633881
 0 0.633881
 0 0.63389
 0 0.633899
 0 0.633902
 0 0.633906
 0 0.633909
 0 0.633911
 0 0.633911
 0 0.633912
 0 0.633927
 0 0.633928
 0 0.63393
 0 0.633931
 0 0.63396
 0 0.63396
 0 0.63396
 0 0.63396
 0 0.633965
 0 0.633971
 0 0.633978
 0 0.633979
 0 0.633979
 0 0.633983
 0 0.633983
 0 0.633983
 0 0.633983
 0 0.633983
 0 0.633983
 0 0.633986
 0 0.633992
 0 0.633999
 0 0.634007
 0 0.634009
 0 0.634013
 0 0.634016
 0 0.634017
 0 0.634019
 0 0.634025
 0 0.634027
 0 0.63403
 0 0.63403
 0 0.634032
 0 0.634042
 0 0.634063
 0 0.634064
 0 0.634065
 0 0.634065
 0 0.634065
 0 0.634065
 0 0.63407
 0 0.63407
 0 0.63407
 0 0.634078
 0 0.634086
 0 0.634092
 0 0.634097
 0 0.634097
 0 0.634099
 0 0.634107
 0 0.634107
 0 0.634107
 0 0.634107
 0 0.634107
 0 0.63411
 0 0.634114
 0 0.634115
 0 0.634115
 0 0.63412
 0 0.634122
 0 0.634122
 0 0.634125
 0 0.634125
 0 0.634126
 0 0.634142
 0 0.634143
 0 0.634143
 0 0.634143
 0 0.634143
 0 0.634154
 0 0.634168
 0 0.634177
 0 0.634184
 0 0.634185
 0 0.634185
 0 0.634209
 0 0.634234
 0 0.634241
 0 0.634241
 0 0.634248
 0 0.634249
 0 0.634262
 0 0.634262
 0 0.634266
 0 0.634266
 0 0.634266
 0 0.634271
 0 0.634276
 0 0.634278
 0 0.63428
 0 0.634289
 0 0.634292
 0 0.634293
 0 0.634293
 0 0.634303
 0 0.63433
 0 0.634345
 0 0.634352
 0 0.634359
 0 0.634359
 0 0.634359
 0 0.634367
 0 0.634373
 0 0.63438
 0 0.63438
 0 0.634391
 0 0.634391
 0 0.634395
 0 0.634395
 0 0.634398
 0 0.634401
 0 0.634402
 0 0.634402
 0 0.634402
 0 0.63441
 0 0.634411
 0 0.634416
 0 0.634416
 0 0.63442
 0 0.634422
 0 0.634424
 0 0.634442
 0 0.634443
 0 0.634444
 0 0.634455
 0 0.634455
 0 0.634456
 0 0.634456
 0 0.634457
 0 0.634458
 0 0.634461
 0 0.634463
 0 0.634464
 0 0.634464
 0 0.634467
 0 0.634467
 0 0.634469
 0 0.634509
 0 0.634509
 0 0.634511
 0 0.634534
 0 0.634534
 0 0.634537
 0 0.634537
 0 0.634539
 0 0.634539
 0 0.634539
 0 0.634541
 0 0.634545
 0 0.634545
 0 0.634546
 0 0.634555
 0 0.634557
 0 0.634562
 0 0.634562
 0 0.634569
 0 0.634569
 0 0.634569
 0 0.63457
 0 0.634581
 0 0.634592
 0 0.634599
 0 0.634599
 0 0.634599
 0 0.634601
 0 0.634606
 0 0.634621
 0 0.634626
 0 0.634626
 0 0.634647
 0 0.634648
 0 0.634652
 0 0.634653
 0 0.634654
 0 0.634656
 0 0.634656
 0 0.634673
 0 0.634674
 0 0.634674
 0 0.634679
 0 0.634679
 0 0.634679
 0 0.634682
 0 0.634686
 0 0.63469
 0 0.634691
 0 0.634693
 0 0.634697
 0 0.634699
 0 0.634699
 0 0.634699
 0 0.634699
 0 0.634699
 0 0.6347
 0 0.6347
 0 0.634717
 0 0.634719
 0 0.63472
 0 0.63472
 0 0.63472
 0 0.634726
 0 0.634726
 0 0.634727
 0 0.634728
 0 0.634728
 0 0.634728
 0 0.634738
 0 0.634739
 0 0.634739
 0 0.634739
 0 0.63474
 0 0.63474
 0 0.634746
 0 0.634747
 0 0.634751
 0 0.634753
 0 0.634753
 0 0.634755
 0 0.634761
 0 0.634766
 0 0.634788
 0 0.634794
 0 0.634794
 0 0.634795
 0 0.634797
 0 0.634797
 0 0.634801
 0 0.634817
 0 0.634829
 0 0.634829
 0 0.634829
 0 0.634831
 0 0.634833
 0 0.634835
 0 0.634837
 0 0.634837
 0 0.634839
 0 0.634844
 0 0.634864
 0 0.634878
 0 0.63488
 0 0.634883
 0 0.634886
 0 0.63489
 0 0.634891
 0 0.634894
 0 0.634898
 0 0.634902
 0 0.634919
 0 0.634926
 0 0.634934
 0 0.634937
 0 0.634937
 0 0.634937
 0 0.634938
 0 0.634938
 0 0.63494
 0 0.634941
 0 0.634943
 0 0.634945
 0 0.634946
 0 0.634948
 0 0.634949
 0 0.634949
 0 0.634949
 0 0.634951
 0 0.634952
 0 0.634967
 0 0.634967
 0 0.634967
 0 0.634971
 0 0.634971
 0 0.634971
 0 0.634985
 0 0.634986
 0 0.634986
 0 0.634987
 0 0.63499
 0 0.63499
 0 0.63499
 0 0.634993
 0 0.634998
 0 0.634998
 0 0.634998
 0 0.634998
 0 0.635
 0 0.635
 0 0.635
 0 0.635018
 0 0.635019
 0 0.635025
 0 0.635025
 0 0.635025
 0 0.635028
 0 0.635031
 0 0.635035
 0 0.635036
 0 0.635045
 0 0.635052
 0 0.635056
 0 0.635057
 0 0.635059
 0 0.635063
 0 0.635064
 0 0.635065
 0 0.635066
 0 0.635066
 0 0.635067
 0 0.635071
 0 0.635072
 0 0.635075
 0 0.635075
 0 0.635079
 0 0.635079
 0 0.63508
 0 0.63508
 0 0.635081
 0 0.635081
 0 0.635081
 0 0.635082
 0 0.635083
 0 0.635084
 0 0.635096
 0 0.6351
 0 0.635111
 0 0.635113
 0 0.635114
 0 0.635126
 0 0.635129
 0 0.635129
 0 0.63513
 0 0.635152
 0 0.635152
 0 0.635159
 0 0.635176
 0 0.63519
 0 0.635199
 0 0.63521
 0 0.63521
 0 0.635212
 0 0.635221
 0 0.635221
 0 0.635221
 0 0.635221
 0 0.635234
 0 0.635234
 0 0.635235
 0 0.635236
 0 0.635236
 0 0.635238
 0 0.635239
 0 0.635246
 0 0.63525
 0 0.63525
 0 0.635251
 0 0.635262
 0 0.635263
 0 0.635265
 0 0.635265
 0 0.635266
 0 0.635266
 0 0.635267
 0 0.635268
 0 0.635268
 0 0.635273
 0 0.635276
 0 0.635297
 0 0.6353
 0 0.6353
 0 0.635301
 0 0.635301
 0 0.635301
 0 0.635331
 0 0.635332
 0 0.635334
 0 0.635352
 0 0.635355
 0 0.635355
 0 0.635363
 0 0.635363
 0 0.635364
 0 0.635368
 0 0.635368
 0 0.635372
 0 0.635382
 0 0.635383
 0 0.635383
 0 0.6354
 0 0.635403
 0 0.635403
 0 0.635409
 0 0.635409
 0 0.635454
 0 0.635454
 0 0.63546
 0 0.635464
 0 0.635464
 0 0.635465
 0 0.635465
 0 0.63547
 0 0.635471
 0 0.635476
 0 0.635477
 0 0.635477
 0 0.635481
 0 0.635481
 0 0.635482
 0 0.635488
 0 0.635488
 0 0.635492
 0 0.635494
 0 0.635499
 0 0.6355
 0 0.635504
 0 0.635505
 0 0.635505
 0 0.635505
 0 0.635509
 0 0.635511
 0 0.635515
 0 0.635515
 0 0.635515
 0 0.635522
 0 0.635522
 0 0.635522
 0 0.635525
 0 0.635554
 0 0.635554
 0 0.635574
 0 0.635594
 0 0.635598
 0 0.635599
 0 0.635601
 0 0.635603
 0 0.635632
 0 0.635632
 0 0.635635
 0 0.635635
 0 0.635641
 0 0.635641
 0 0.635641
 0 0.635648
 0 0.635648
 0 0.63565
 0 0.635667
 0 0.635669
 0 0.635671
 0 0.635671
 0 0.635674
 0 0.635682
 0 0.635683
 0 0.635685
 0 0.635686
 0 0.6357
 0 0.635708
 0 0.635713
 0 0.635714
 0 0.635718
 0 0.635726
 0 0.635726
 0 0.635726
 0 0.635735
 0 0.635738
 0 0.63574
 0 0.635742
 0 0.635747
 0 0.635747
 0 0.635749
 0 0.635761
 0 0.635766
 0 0.635766
 0 0.635768
 0 0.635771
 0 0.635772
 0 0.635772
 0 0.635781
 0 0.635781
 0 0.635781
 0 0.635781
 0 0.635786
 0 0.635791
 0 0.635791
 0 0.635793
 0 0.635793
 0 0.635794
 0 0.635794
 0 0.635799
 0 0.635809
 0 0.63583
 0 0.635838
 0 0.635846
 0 0.635846
 0 0.635848
 0 0.63585
 0 0.63585
 0 0.63587
 0 0.63587
 0 0.635893
 0 0.635902
 0 0.635937
 0 0.635953
 0 0.635993
 0 0.635994
 0 0.63602
 0 0.636022
 0 0.636022
 0 0.636027
 0 0.636054
 0 0.636055
 0 0.636058
 0 0.636058
 0 0.636065
 0 0.63607
 0 0.63607
 0 0.636074
 0 0.636074
 0 0.636098
 0 0.636099
 0 0.636099
 0 0.636111
 0 0.636117
 0 0.636118
 0 0.636118
 0 0.636118
 0 0.636118
 0 0.636123
 0 0.636191
 0 0.636222
 0 0.636226
 0 0.636247
 0 0.636265
 0 0.636304
 0 0.636317
 0 0.636317
 0 0.63632
 0 0.636382
 0 0.636383
 0 0.636383
 0 0.636384
 0 0.636404
 0 0.636404
 0 0.636404
 0 0.636411
 0 0.636474
 0 0.636476
 0 0.636497
 0 0.6365
 0 0.6365
 0 0.636502
 0 0.636506
 0 0.636512
 0 0.636536
 0 0.636633
 0 0.636644
 0 0.636646
 0 0.636646
 0 0.636646
 0 0.636647
 0 0.636688
 0 0.636694
 0 0.636729
 0 0.636729
 0 0.636729
 0 0.636761
 0 0.636779
 0 0.636781
 0 0.636793
 0 0.636793
 0 0.636814
 0 0.636814
 0 0.636818
 0 0.636818
 0 0.636822
 0 0.636841
 0 0.636845
 0 0.636846
 0 0.636888
 0 0.63689
 0 0.637028
 0 0.637034
 0 0.637065
 0 0.637069
 0 0.637084
 0 0.637195
 0 0.637236
 0 0.637324
 0 0.637325
 0 0.637329
 0 0.637344
 0 0.637348
 0 0.637369
 0 0.637379
 0 0.637379
 0 0.637379
 0 0.637381
 0 0.637392
 0 0.637533
 0 0.637557
 0 0.637564
 0 0.637567
 0 0.637601
 0 0.637667
 0 0.637685
 0 0.637692
 0 0.637692
 0 0.637706
 0 0.637712
 0 0.637762
 0 0.63779
 0 0.638293
 0 0.638295
 0 0.638626
 0 0.638626
 0 0.638626
 0 0.638908
 0 0.638913
 0 0.639295
 0 0.639329
 0 0.639329
 0 0.639441
 0 0.639444
 0 0.639779
 0 0.639779
 0 0.639784
 0 0.639784
 0 0.639786
 0 0.640041
 0 0.640041
 0 0.640041
 0 0.640041
 0 0.640466
 0 0.640466
 0 0.640466
 0 0.640468
 0 0.640864
 0 0.641134
 0 0.641137
 0 0.641395
 0 0.641395
 0 0.641716
 0 0.642608
 0 0.642609
 0 0.642611
 0 inf
