 0 0.479221
 0 0.479436
 0 0.47966
 0 0.480306
 0 0.480306
 0 0.48053
 0 0.502264
 0 0.502264
 0 0.503538
 0 0.503592
 0 0.503592
 0 0.503592
 0 0.617591
 0 0.617591
 0 0.618065
 0 0.618066
 0 0.618192
 0 0.618396
 0 0.618397
 0 0.618397
 0 0.618757
 0 0.61881
 0 0.61881
 0 0.61881
 0 0.618955
 0 0.618955
 0 0.618955
 0 0.618956
 0 0.619127
 0 0.619127
 0 0.619952
 0 0.619952
 0 0.620031
 0 0.620031
 0 0.620728
 0 0.620729
 0 0.620899
 0 0.621535
 0 0.621535
 0 0.621536
 0 0.621537
 0 0.621595
 0 0.621953
 0 0.621953
 0 0.621954
 0 0.622044
 0 0.622044
 0 0.622045
 0 0.623014
 0 0.623169
 0 0.623585
 0 0.623603
 0 0.623603
 0 0.623822
 0 0.623822
 0 0.623823
 0 0.623824
 0 0.623877
 0 0.623877
 0 0.623977
 0 0.623977
 0 0.624052
 0 0.624209
 0 0.624209
 0 0.624287
 0 0.624317
 0 0.624317
 0 0.624317
 0 0.624317
 0 0.624359
 0 0.62436
 0 0.624438
 0 0.624438
 0 0.624632
 0 0.624822
 0 0.624853
 0 0.624855
 0 0.624861
 0 0.624861
 0 0.624861
 0 0.624863
 0 0.624872
 0 0.624872
 0 0.624875
 0 0.624875
 0 0.62493
 0 0.624931
 0 0.624931
 0 0.624933
 0 0.624933
 0 0.624934
 0 0.624943
 0 0.624987
 0 0.625053
 0 0.625198
 0 0.625198
 0 0.625198
 0 0.625199
 0 0.6252
 0 0.6252
 0 0.6252
 0 0.625262
 0 0.625281
 0 0.625286
 0 0.625286
 0 0.625288
 0 0.625288
 0 0.625304
 0 0.625312
 0 0.625333
 0 0.625333
 0 0.625367
 0 0.625368
 0 0.625368
 0 0.625422
 0 0.625422
 0 0.625489
 0 0.625489
 0 0.625534
 0 0.625534
 0 0.625534
 0 0.625535
 0 0.625537
 0 0.625538
 0 0.625542
 0 0.625543
 0 0.625557
 0 0.625557
 0 0.625557
 0 0.625561
 0 0.625656
 0 0.625672
 0 0.625672
 0 0.625675
 0 0.625675
 0 0.625675
 0 0.625707
 0 0.625773
 0 0.625773
 0 0.625807
 0 0.625841
 0 0.625909
 0 0.625935
 0 0.625935
 0 0.625953
 0 0.625958
 0 0.626087
 0 0.626123
 0 0.626123
 0 0.626123
 0 0.626131
 0 0.62619
 0 0.62619
 0 0.62619
 0 0.626209
 0 0.626209
 0 0.626209
 0 0.626209
 0 0.626213
 0 0.626213
 0 0.626215
 0 0.626267
 0 0.626267
 0 0.626299
 0 0.6263
 0 0.626344
 0 0.626346
 0 0.626351
 0 0.626498
 0 0.626498
 0 0.626502
 0 0.626514
 0 0.626514
 0 0.626515
 0 0.626549
 0 0.626549
 0 0.626642
 0 0.626678
 0 0.626678
 0 0.626678
 0 0.626685
 0 0.626694
 0 0.626789
 0 0.62679
 0 0.62679
 0 0.62679
 0 0.626802
 0 0.626829
 0 0.626829
 0 0.626829
 0 0.626872
 0 0.626873
 0 0.626873
 0 0.626873
 0 0.626879
 0 0.626905
 0 0.626905
 0 0.626951
 0 0.626951
 0 0.626951
 0 0.626951
 0 0.626953
 0 0.62697
 0 0.626971
 0 0.626996
 0 0.626998
 0 0.62711
 0 0.627111
 0 0.627111
 0 0.627112
 0 0.627112
 0 0.62721
 0 0.62721
 0 0.627259
 0 0.627259
 0 0.627274
 0 0.627275
 0 0.627317
 0 0.627344
 0 0.627359
 0 0.627359
 0 0.62746
 0 0.627488
 0 0.627488
 0 0.627488
 0 0.627488
 0 0.627495
 0 0.627495
 0 0.627495
 0 0.627495
 0 0.627552
 0 0.627562
 0 0.627635
 0 0.627635
 0 0.627635
 0 0.627636
 0 0.627645
 0 0.627646
 0 0.627667
 0 0.627671
 0 0.6277
 0 0.627786
 0 0.627786
 0 0.627787
 0 0.627818
 0 0.627818
 0 0.627828
 0 0.6279
 0 0.6279
 0 0.627996
 0 0.627996
 0 0.627996
 0 0.627998
 0 0.628023
 0 0.628023
 0 0.628076
 0 0.628076
 0 0.628077
 0 0.628077
 0 0.628078
 0 0.628081
 0 0.62811
 0 0.62811
 0 0.628187
 0 0.628187
 0 0.628193
 0 0.628204
 0 0.628204
 0 0.628205
 0 0.628206
 0 0.628206
 0 0.628206
 0 0.628276
 0 0.628279
 0 0.628306
 0 0.628316
 0 0.628316
 0 0.628317
 0 0.628325
 0 0.628349
 0 0.628354
 0 0.628463
 0 0.628463
 0 0.628463
 0 0.628464
 0 0.628491
 0 0.628491
 0 0.628492
 0 0.628526
 0 0.628526
 0 0.628526
 0 0.628573
 0 0.628579
 0 0.628579
 0 0.628614
 0 0.628614
 0 0.628614
 0 0.628652
 0 0.628652
 0 0.628695
 0 0.628695
 0 0.628698
 0 0.628699
 0 0.628745
 0 0.628746
 0 0.628834
 0 0.628834
 0 0.628834
 0 0.628863
 0 0.628863
 0 0.628868
 0 0.628911
 0 0.628912
 0 0.62894
 0 0.62894
 0 0.629054
 0 0.629054
 0 0.629065
 0 0.629114
 0 0.629114
 0 0.629114
 0 0.629137
 0 0.629165
 0 0.629166
 0 0.629166
 0 0.629166
 0 0.629255
 0 0.629261
 0 0.629261
 0 0.629267
 0 0.62928
 0 0.629282
 0 0.62929
 0 0.629307
 0 0.629307
 0 0.629307
 0 0.629307
 0 0.629311
 0 0.629311
 0 0.629312
 0 0.629312
 0 0.629312
 0 0.629397
 0 0.629406
 0 0.629406
 0 0.629413
 0 0.629413
 0 0.629427
 0 0.629446
 0 0.629483
 0 0.629505
 0 0.629582
 0 0.629629
 0 0.629629
 0 0.629629
 0 0.629629
 0 0.629725
 0 0.629725
 0 0.629731
 0 0.629731
 0 0.629732
 0 0.629732
 0 0.629736
 0 0.629749
 0 0.62975
 0 0.62975
 0 0.629772
 0 0.629773
 0 0.629775
 0 0.629776
 0 0.629797
 0 0.629824
 0 0.629826
 0 0.629854
 0 0.62988
 0 0.62988
 0 0.62988
 0 0.629904
 0 0.629918
 0 0.629918
 0 0.629919
 0 0.629935
 0 0.62995
 0 0.629993
 0 0.629993
 0 0.629993
 0 0.629993
 0 0.629993
 0 0.630013
 0 0.630025
 0 0.630025
 0 0.630025
 0 0.630054
 0 0.630055
 0 0.630056
 0 0.63008
 0 0.630096
 0 0.630096
 0 0.630097
 0 0.630097
 0 0.6301
 0 0.630114
 0 0.630114
 0 0.630114
 0 0.630127
 0 0.630128
 0 0.630147
 0 0.630147
 0 0.630151
 0 0.630151
 0 0.630152
 0 0.630154
 0 0.630171
 0 0.630185
 0 0.63021
 0 0.63021
 0 0.630243
 0 0.630259
 0 0.630259
 0 0.630273
 0 0.63029
 0 0.63029
 0 0.630297
 0 0.630297
 0 0.630297
 0 0.630297
 0 0.630322
 0 0.630337
 0 0.630337
 0 0.630338
 0 0.630352
 0 0.630352
 0 0.630357
 0 0.630368
 0 0.630369
 0 0.630375
 0 0.630377
 0 0.630377
 0 0.630377
 0 0.63038
 0 0.63038
 0 0.630394
 0 0.630408
 0 0.630408
 0 0.630461
 0 0.630495
 0 0.630495
 0 0.630497
 0 0.630497
 0 0.630529
 0 0.630555
 0 0.630557
 0 0.630566
 0 0.630566
 0 0.630567
 0 0.630574
 0 0.630606
 0 0.630606
 0 0.630607
 0 0.630632
 0 0.630632
 0 0.630636
 0 0.630641
 0 0.630643
 0 0.630651
 0 0.630651
 0 0.630652
 0 0.630658
 0 0.630658
 0 0.630659
 0 0.630663
 0 0.630663
 0 0.630663
 0 0.630663
 0 0.630663
 0 0.630673
 0 0.630693
 0 0.630721
 0 0.630748
 0 0.630748
 0 0.630749
 0 0.630749
 0 0.630749
 0 0.63075
 0 0.630754
 0 0.630755
 0 0.630765
 0 0.630788
 0 0.630789
 0 0.630789
 0 0.630794
 0 0.630803
 0 0.630804
 0 0.630804
 0 0.630816
 0 0.630817
 0 0.630819
 0 0.630819
 0 0.630842
 0 0.630842
 0 0.630889
 0 0.630895
 0 0.630899
 0 0.630899
 0 0.630899
 0 0.630899
 0 0.630899
 0 0.6309
 0 0.63092
 0 0.63092
 0 0.630951
 0 0.630951
 0 0.630951
 0 0.630951
 0 0.630951
 0 0.630978
 0 0.630979
 0 0.630982
 0 0.630982
 0 0.631002
 0 0.631004
 0 0.631035
 0 0.631063
 0 0.631063
 0 0.631071
 0 0.631093
 0 0.631093
 0 0.631095
 0 0.631095
 0 0.631095
 0 0.631096
 0 0.631103
 0 0.631104
 0 0.631106
 0 0.631116
 0 0.631117
 0 0.631117
 0 0.631118
 0 0.631118
 0 0.631118
 0 0.631123
 0 0.631123
 0 0.631124
 0 0.631127
 0 0.631158
 0 0.631162
 0 0.631162
 0 0.631171
 0 0.63118
 0 0.631241
 0 0.631275
 0 0.631275
 0 0.63128
 0 0.631284
 0 0.631285
 0 0.631286
 0 0.631286
 0 0.631298
 0 0.631299
 0 0.631312
 0 0.631312
 0 0.631316
 0 0.631317
 0 0.631317
 0 0.631331
 0 0.631336
 0 0.631336
 0 0.631355
 0 0.631362
 0 0.631365
 0 0.631367
 0 0.631368
 0 0.631375
 0 0.631375
 0 0.631375
 0 0.631375
 0 0.631401
 0 0.631401
 0 0.631401
 0 0.631411
 0 0.631411
 0 0.631412
 0 0.631412
 0 0.631441
 0 0.631446
 0 0.631446
 0 0.631446
 0 0.631447
 0 0.631448
 0 0.631456
 0 0.631462
 0 0.631462
 0 0.631475
 0 0.631475
 0 0.631475
 0 0.631479
 0 0.631479
 0 0.631479
 0 0.631485
 0 0.631488
 0 0.631488
 0 0.631495
 0 0.631495
 0 0.6315
 0 0.631526
 0 0.631529
 0 0.631531
 0 0.631546
 0 0.631547
 0 0.631554
 0 0.631554
 0 0.631554
 0 0.631555
 0 0.631557
 0 0.631558
 0 0.631558
 0 0.631559
 0 0.631559
 0 0.631559
 0 0.631563
 0 0.631564
 0 0.631564
 0 0.631585
 0 0.631586
 0 0.631586
 0 0.63161
 0 0.631615
 0 0.631615
 0 0.631623
 0 0.631623
 0 0.631624
 0 0.631629
 0 0.631629
 0 0.631629
 0 0.63163
 0 0.631631
 0 0.631639
 0 0.631646
 0 0.631651
 0 0.631653
 0 0.63166
 0 0.63166
 0 0.631666
 0 0.631667
 0 0.631667
 0 0.63168
 0 0.631684
 0 0.631692
 0 0.631703
 0 0.631703
 0 0.631703
 0 0.631703
 0 0.631703
 0 0.631703
 0 0.631704
 0 0.631704
 0 0.631704
 0 0.631704
 0 0.631704
 0 0.631709
 0 0.631709
 0 0.63171
 0 0.63171
 0 0.631712
 0 0.631713
 0 0.631714
 0 0.631714
 0 0.631716
 0 0.631716
 0 0.631726
 0 0.631726
 0 0.631726
 0 0.631737
 0 0.631741
 0 0.631747
 0 0.631756
 0 0.631756
 0 0.631756
 0 0.631756
 0 0.631756
 0 0.631756
 0 0.63179
 0 0.631792
 0 0.631792
 0 0.631792
 0 0.631792
 0 0.631792
 0 0.631792
 0 0.631793
 0 0.631821
 0 0.631828
 0 0.631828
 0 0.631828
 0 0.631829
 0 0.63183
 0 0.63183
 0 0.63183
 0 0.631847
 0 0.631856
 0 0.631857
 0 0.631882
 0 0.631882
 0 0.631909
 0 0.631909
 0 0.631918
 0 0.631927
 0 0.631934
 0 0.631934
 0 0.631941
 0 0.631941
 0 0.631953
 0 0.631954
 0 0.631962
 0 0.631964
 0 0.631964
 0 0.631973
 0 0.631975
 0 0.631975
 0 0.631975
 0 0.631991
 0 0.631991
 0 0.631991
 0 0.631992
 0 0.632001
 0 0.632016
 0 0.632016
 0 0.632022
 0 0.632023
 0 0.632023
 0 0.632046
 0 0.632046
 0 0.632052
 0 0.632057
 0 0.632071
 0 0.632082
 0 0.632083
 0 0.632083
 0 0.632115
 0 0.632115
 0 0.632115
 0 0.632153
 0 0.632163
 0 0.632163
 0 0.632163
 0 0.632163
 0 0.632164
 0 0.632171
 0 0.632172
 0 0.632173
 0 0.632182
 0 0.632201
 0 0.632203
 0 0.632204
 0 0.632204
 0 0.632215
 0 0.632228
 0 0.632228
 0 0.632238
 0 0.632239
 0 0.63224
 0 0.632245
 0 0.632245
 0 0.632246
 0 0.632254
 0 0.632256
 0 0.632256
 0 0.632257
 0 0.632263
 0 0.632264
 0 0.632285
 0 0.632288
 0 0.632301
 0 0.632302
 0 0.632304
 0 0.632305
 0 0.632359
 0 0.632359
 0 0.632361
 0 0.632361
 0 0.632361
 0 0.632365
 0 0.632366
 0 0.632366
 0 0.632372
 0 0.632372
 0 0.632372
 0 0.632372
 0 0.632381
 0 0.632381
 0 0.632382
 0 0.632382
 0 0.632395
 0 0.632396
 0 0.632396
 0 0.632403
 0 0.632408
 0 0.632409
 0 0.632409
 0 0.632433
 0 0.632448
 0 0.632459
 0 0.632459
 0 0.632467
 0 0.632468
 0 0.632493
 0 0.632494
 0 0.632495
 0 0.632498
 0 0.632498
 0 0.632518
 0 0.632521
 0 0.632522
 0 0.632522
 0 0.632523
 0 0.632523
 0 0.632524
 0 0.632525
 0 0.632526
 0 0.632526
 0 0.632526
 0 0.632539
 0 0.632539
 0 0.63254
 0 0.632558
 0 0.632559
 0 0.632566
 0 0.632569
 0 0.63257
 0 0.63257
 0 0.632571
 0 0.632574
 0 0.632574
 0 0.632575
 0 0.63258
 0 0.632581
 0 0.632596
 0 0.632597
 0 0.632602
 0 0.632602
 0 0.632602
 0 0.63261
 0 0.63261
 0 0.632611
 0 0.632611
 0 0.632611
 0 0.632611
 0 0.632611
 0 0.632612
 0 0.632621
 0 0.632621
 0 0.63263
 0 0.63263
 0 0.63263
 0 0.632633
 0 0.632636
 0 0.632636
 0 0.63264
 0 0.63264
 0 0.632641
 0 0.632644
 0 0.632646
 0 0.632661
 0 0.632674
 0 0.632676
 0 0.632733
 0 0.63274
 0 0.632747
 0 0.632753
 0 0.632753
 0 0.632773
 0 0.632774
 0 0.632774
 0 0.632774
 0 0.632777
 0 0.632787
 0 0.632791
 0 0.632791
 0 0.632791
 0 0.632798
 0 0.632799
 0 0.632799
 0 0.632803
 0 0.632803
 0 0.632824
 0 0.632844
 0 0.632855
 0 0.632855
 0 0.632855
 0 0.632864
 0 0.632864
 0 0.632864
 0 0.632868
 0 0.63287
 0 0.63287
 0 0.632884
 0 0.632917
 0 0.632917
 0 0.632917
 0 0.632917
 0 0.632925
 0 0.632925
 0 0.632935
 0 0.632959
 0 0.632959
 0 0.632963
 0 0.632964
 0 0.632964
 0 0.632964
 0 0.632984
 0 0.632987
 0 0.632987
 0 0.633024
 0 0.633025
 0 0.633029
 0 0.633036
 0 0.633049
 0 0.633062
 0 0.633076
 0 0.633076
 0 0.633078
 0 0.633078
 0 0.6331
 0 0.633113
 0 0.633114
 0 0.633114
 0 0.633114
 0 0.633114
 0 0.633176
 0 0.633177
 0 0.633177
 0 0.633178
 0 0.633178
 0 0.633239
 0 0.633248
 0 0.633249
 0 0.633262
 0 0.633262
 0 0.633262
 0 0.633262
 0 0.633262
 0 0.63328
 0 0.63328
 0 0.633281
 0 0.633299
 0 0.633301
 0 0.633301
 0 0.633301
 0 0.633304
 0 0.633305
 0 0.633305
 0 0.633313
 0 0.633313
 0 0.633313
 0 0.633337
 0 0.633338
 0 0.633339
 0 0.63334
 0 0.633343
 0 0.633343
 0 0.633359
 0 0.633359
 0 0.63336
 0 0.633379
 0 0.633379
 0 0.633419
 0 0.633422
 0 0.633426
 0 0.633435
 0 0.633437
 0 0.633437
 0 0.633449
 0 0.633449
 0 0.633449
 0 0.633449
 0 0.633449
 0 0.63345
 0 0.633456
 0 0.633456
 0 0.633456
 0 0.633458
 0 0.633458
 0 0.633459
 0 0.63346
 0 0.633461
 0 0.633461
 0 0.633462
 0 0.633462
 0 0.633462
 0 0.633462
 0 0.63348
 0 0.63348
 0 0.633487
 0 0.633488
 0 0.633494
 0 0.633537
 0 0.633543
 0 0.633563
 0 0.633563
 0 0.633597
 0 0.633598
 0 0.633601
 0 0.633601
 0 0.633614
 0 0.633614
 0 0.633614
 0 0.633616
 0 0.633616
 0 0.633629
 0 0.633634
 0 0.633635
 0 0.633677
 0 0.633677
 0 0.633677
 0 0.633678
 0 0.633679
 0 0.633679
 0 0.63368
 0 0.633694
 0 0.633724
 0 0.633724
 0 0.633724
 0 0.633725
 0 0.633726
 0 0.633728
 0 0.633728
 0 0.633745
 0 0.633747
 0 0.633748
 0 0.633748
 0 0.633753
 0 0.633754
 0 0.633754
 0 0.633754
 0 0.633754
 0 0.633755
 0 0.633755
 0 0.63376
 0 0.633765
 0 0.633776
 0 0.633785
 0 0.633785
 0 0.633785
 0 0.633812
 0 0.633812
 0 0.633815
 0 0.633815
 0 0.633815
 0 0.633815
 0 0.633853
 0 0.633853
 0 0.633862
 0 0.633863
 0 0.633882
 0 0.633883
 0 0.633884
 0 0.633885
 0 0.633886
 0 0.633891
 0 0.633891
 0 0.633891
 0 0.633911
 0 0.633912
 0 0.633912
 0 0.633931
 0 0.633949
 0 0.633951
 0 0.633953
 0 0.633955
 0 0.633955
 0 0.633955
 0 0.633966
 0 0.633967
 0 0.633969
 0 0.633969
 0 0.633969
 0 0.633969
 0 0.633989
 0 0.633992
 0 0.634001
 0 0.634001
 0 0.634001
 0 0.634001
 0 0.634001
 0 0.634029
 0 0.634029
 0 0.63403
 0 0.634043
 0 0.634043
 0 0.634043
 0 0.634072
 0 0.634073
 0 0.634083
 0 0.634092
 0 0.634093
 0 0.634093
 0 0.634105
 0 0.634105
 0 0.634105
 0 0.634105
 0 0.634105
 0 0.634106
 0 0.634133
 0 0.634133
 0 0.634134
 0 0.634134
 0 0.634137
 0 0.63415
 0 0.634168
 0 0.634176
 0 0.634188
 0 0.634188
 0 0.634188
 0 0.634189
 0 0.634192
 0 0.634192
 0 0.634193
 0 0.634201
 0 0.634202
 0 0.634202
 0 0.634205
 0 0.634205
 0 0.634207
 0 0.634207
 0 0.634212
 0 0.634213
 0 0.634216
 0 0.634228
 0 0.634228
 0 0.634228
 0 0.634272
 0 0.634272
 0 0.634273
 0 0.634273
 0 0.634273
 0 0.634286
 0 0.634292
 0 0.634292
 0 0.634293
 0 0.634294
 0 0.634295
 0 0.634317
 0 0.63434
 0 0.634341
 0 0.634341
 0 0.634341
 0 0.634341
 0 0.634341
 0 0.634356
 0 0.634357
 0 0.634379
 0 0.634379
 0 0.634391
 0 0.634391
 0 0.634398
 0 0.634409
 0 0.634411
 0 0.634415
 0 0.634446
 0 0.634496
 0 0.634496
 0 0.634496
 0 0.634496
 0 0.634496
 0 0.634503
 0 0.634504
 0 0.634506
 0 0.634542
 0 0.634566
 0 0.634566
 0 0.634566
 0 0.634566
 0 0.634566
 0 0.634576
 0 0.634576
 0 0.634579
 0 0.634587
 0 0.634601
 0 0.634604
 0 0.634612
 0 0.634612
 0 0.634656
 0 0.634656
 0 0.634682
 0 0.634682
 0 0.634682
 0 0.634684
 0 0.634701
 0 0.634702
 0 0.634744
 0 0.634745
 0 0.634746
 0 0.634746
 0 0.634794
 0 0.634794
 0 0.634795
 0 0.634804
 0 0.634805
 0 0.634823
 0 0.634842
 0 0.634842
 0 0.634852
 0 0.634852
 0 0.634873
 0 0.634875
 0 0.634935
 0 0.634939
 0 0.63495
 0 0.634951
 0 0.634965
 0 0.635007
 0 0.635009
 0 0.635009
 0 0.635021
 0 0.635024
 0 0.635062
 0 0.635062
 0 0.635064
 0 0.635064
 0 0.635065
 0 0.635065
 0 0.635067
 0 0.635067
 0 0.635078
 0 0.635078
 0 0.635078
 0 0.63508
 0 0.635083
 0 0.635084
 0 0.635091
 0 0.635091
 0 0.635096
 0 0.635098
 0 0.635098
 0 0.635133
 0 0.635133
 0 0.635135
 0 0.635184
 0 0.635189
 0 0.635189
 0 0.63519
 0 0.635221
 0 0.63524
 0 0.63524
 0 0.63524
 0 0.63524
 0 0.63524
 0 0.635246
 0 0.635271
 0 0.635284
 0 0.635293
 0 0.635293
 0 0.635294
 0 0.635294
 0 0.63531
 0 0.635335
 0 0.635343
 0 0.635344
 0 0.635367
 0 0.635367
 0 0.635397
 0 0.635397
 0 0.635397
 0 0.635409
 0 0.635449
 0 0.635449
 0 0.63545
 0 0.63545
 0 0.635498
 0 0.635499
 0 0.635513
 0 0.635514
 0 0.635539
 0 0.635539
 0 0.635544
 0 0.635546
 0 0.635549
 0 0.635561
 0 0.635561
 0 0.635561
 0 0.635561
 0 0.635561
 0 0.635585
 0 0.635585
 0 0.635602
 0 0.635602
 0 0.635602
 0 0.635604
 0 0.635604
 0 0.635605
 0 0.635605
 0 0.635608
 0 0.635617
 0 0.635617
 0 0.63562
 0 0.63562
 0 0.63562
 0 0.635688
 0 0.6357
 0 0.6357
 0 0.6357
 0 0.635749
 0 0.635809
 0 0.635809
 0 0.635818
 0 0.635827
 0 0.635828
 0 0.635865
 0 0.635865
 0 0.635866
 0 0.635919
 0 0.635923
 0 0.635929
 0 0.635932
 0 0.635932
 0 0.635945
 0 0.635946
 0 0.635946
 0 0.63595
 0 0.635952
 0 0.635957
 0 0.635968
 0 0.635968
 0 0.635969
 0 0.635994
 0 0.635994
 0 0.635996
 0 0.635999
 0 0.636014
 0 0.636014
 0 0.636035
 0 0.636038
 0 0.636041
 0 0.636045
 0 0.636051
 0 0.636057
 0 0.636061
 0 0.636062
 0 0.636062
 0 0.636079
 0 0.63608
 0 0.636122
 0 0.636123
 0 0.636128
 0 0.636154
 0 0.636155
 0 0.636155
 0 0.636182
 0 0.636183
 0 0.636184
 0 0.636246
 0 0.636254
 0 0.636254
 0 0.636297
 0 0.636297
 0 0.636356
 0 0.636407
 0 0.636418
 0 0.636419
 0 0.63642
 0 0.636441
 0 0.63648
 0 0.636485
 0 0.636485
 0 0.636604
 0 0.636629
 0 0.636639
 0 0.636653
 0 0.636664
 0 0.63667
 0 0.636671
 0 0.636671
 0 0.636685
 0 0.636685
 0 0.636701
 0 0.636758
 0 0.63678
 0 0.63678
 0 0.636796
 0 0.636796
 0 0.636876
 0 0.636895
 0 0.6369
 0 0.636914
 0 0.636914
 0 0.636921
 0 0.636922
 0 0.63711
 0 0.63711
 0 0.63717
 0 0.637207
 0 0.637208
 0 0.637217
 0 0.637291
 0 0.637353
 0 0.637354
 0 0.637354
 0 0.637354
 0 0.637398
 0 0.637399
 0 0.637428
 0 0.637428
 0 0.637428
 0 0.637428
 0 0.637442
 0 0.637444
 0 0.637459
 0 0.637459
 0 0.637472
 0 0.63748
 0 0.637481
 0 0.63751
 0 0.63751
 0 0.637515
 0 0.637531
 0 0.637533
 0 0.637534
 0 0.637606
 0 0.637662
 0 0.637675
 0 0.637676
 0 0.637758
 0 0.637758
 0 0.63776
 0 0.637781
 0 0.637857
 0 0.637912
 0 0.637912
 0 0.637915
 0 0.637992
 0 0.638051
 0 0.63806
 0 0.638067
 0 0.638068
 0 0.638094
 0 0.638095
 0 0.638097
 0 0.638098
 0 0.638098
 0 0.638171
 0 0.638191
 0 0.638228
 0 0.638228
 0 0.638228
 0 0.638436
 0 0.638453
 0 0.638471
 0 0.638472
 0 0.638472
 0 0.638473
 0 0.638473
 0 0.638487
 0 0.638507
 0 0.638507
 0 0.638509
 0 0.638509
 0 0.638558
 0 0.63864
 0 0.63864
 0 0.638641
 0 0.638642
 0 0.638696
 0 0.638696
 0 0.638696
 0 0.638697
 0 0.638713
 0 0.638713
 0 0.638845
 0 0.638877
 0 0.638877
 0 0.638884
 0 0.638884
 0 0.638919
 0 0.63892
 0 0.63892
 0 0.63892
 0 0.63901
 0 0.639039
 0 0.63904
 0 0.639154
 0 0.639154
 0 0.639323
 0 0.639395
 0 0.639395
 0 0.639508
 0 0.639508
 0 0.639616
 0 0.639616
 0 0.639636
 0 0.639636
 0 0.639636
 0 0.639636
 0 0.63967
 0 0.639796
 0 0.639796
 0 0.640377
 0 0.640393
 0 0.640393
 0 0.640394
 0 0.640394
 0 0.640398
 0 0.640398
 0 0.640398
 0 0.6404
 0 0.640406
 0 0.640407
 0 0.640407
 0 0.640454
 0 0.640455
 0 0.641042
 0 0.641044
 0 0.641044
 0 0.641044
 0 0.641171
 0 0.641421
 0 0.641421
 0 0.641421
 0 0.641745
 0 0.641746
 0 0.641747
 0 0.641747
 0 0.641888
 0 0.642037
 0 0.64216
 0 0.642161
 0 0.642508
 0 0.642508
 0 0.643324
 0 0.643324
 0 0.643324
 0 0.643325
 0 0.649594
 0 0.649594
 0 0.649692
 0 0.649974
 0 0.649974
 0 0.649974
 0 0.651815
 0 0.652069
 0 0.652069
 0 0.652139
 0 0.652139
 0 0.653012
 0 inf
