 0 0.482334
 0 0.482334
 0 0.482582
 0 0.482582
 0 0.482582
 0 0.483439
 0 0.493588
 0 0.493961
 0 0.494516
 0 0.494523
 0 0.494889
 0 0.494889
 0 0.618434
 0 0.618434
 0 0.619498
 0 0.619507
 0 0.619508
 0 0.619757
 0 0.619758
 0 0.619758
 0 0.619931
 0 0.620062
 0 0.620062
 0 0.620062
 0 0.622544
 0 0.622582
 0 0.622582
 0 0.622724
 0 0.622724
 0 0.622725
 0 0.623
 0 0.623
 0 0.623
 0 0.623
 0 0.623015
 0 0.623034
 0 0.623034
 0 0.623034
 0 0.623105
 0 0.623106
 0 0.623106
 0 0.623106
 0 0.623126
 0 0.623126
 0 0.623231
 0 0.623543
 0 0.623682
 0 0.623707
 0 0.623708
 0 0.623797
 0 0.623797
 0 0.624087
 0 0.62419
 0 0.62419
 0 0.624335
 0 0.624485
 0 0.624486
 0 0.624559
 0 0.624559
 0 0.624559
 0 0.624912
 0 0.624912
 0 0.624913
 0 0.624913
 0 0.624914
 0 0.624966
 0 0.624984
 0 0.624984
 0 0.624984
 0 0.624984
 0 0.625297
 0 0.625661
 0 0.625663
 0 0.625663
 0 0.625664
 0 0.625731
 0 0.625732
 0 0.625832
 0 0.625949
 0 0.626181
 0 0.626182
 0 0.626183
 0 0.626219
 0 0.626334
 0 0.626436
 0 0.626795
 0 0.626796
 0 0.626796
 0 0.627047
 0 0.627048
 0 0.627049
 0 0.627159
 0 0.627159
 0 0.627182
 0 0.62727
 0 0.627275
 0 0.627498
 0 0.627498
 0 0.627499
 0 0.627505
 0 0.627628
 0 0.627629
 0 0.62766
 0 0.627674
 0 0.627701
 0 0.627702
 0 0.627717
 0 0.627736
 0 0.62774
 0 0.627746
 0 0.627747
 0 0.627762
 0 0.627762
 0 0.627762
 0 0.62778
 0 0.627781
 0 0.627784
 0 0.627784
 0 0.627784
 0 0.627785
 0 0.627785
 0 0.62783
 0 0.627852
 0 0.627989
 0 0.627989
 0 0.62799
 0 0.62806
 0 0.62806
 0 0.62806
 0 0.628073
 0 0.628135
 0 0.628144
 0 0.628149
 0 0.628149
 0 0.628269
 0 0.628269
 0 0.628269
 0 0.628285
 0 0.628301
 0 0.628301
 0 0.628302
 0 0.628302
 0 0.628316
 0 0.628374
 0 0.628411
 0 0.628433
 0 0.628453
 0 0.628453
 0 0.628453
 0 0.628463
 0 0.628473
 0 0.628475
 0 0.628475
 0 0.628475
 0 0.62848
 0 0.628481
 0 0.628513
 0 0.628555
 0 0.628557
 0 0.628602
 0 0.628602
 0 0.628625
 0 0.628686
 0 0.628783
 0 0.628797
 0 0.628816
 0 0.628817
 0 0.628833
 0 0.628897
 0 0.628897
 0 0.628899
 0 0.628959
 0 0.628963
 0 0.628987
 0 0.628987
 0 0.628994
 0 0.629026
 0 0.629026
 0 0.629044
 0 0.629044
 0 0.62906
 0 0.629061
 0 0.629102
 0 0.629102
 0 0.629165
 0 0.629165
 0 0.629165
 0 0.629183
 0 0.629183
 0 0.629184
 0 0.629184
 0 0.629213
 0 0.629213
 0 0.629213
 0 0.629213
 0 0.629229
 0 0.629229
 0 0.629229
 0 0.629229
 0 0.629302
 0 0.629302
 0 0.629306
 0 0.629306
 0 0.629307
 0 0.629315
 0 0.629366
 0 0.629367
 0 0.629367
 0 0.629448
 0 0.629448
 0 0.629449
 0 0.629578
 0 0.629578
 0 0.629578
 0 0.629578
 0 0.629676
 0 0.629676
 0 0.629677
 0 0.629722
 0 0.629722
 0 0.629723
 0 0.629788
 0 0.629788
 0 0.629873
 0 0.629873
 0 0.629963
 0 0.629963
 0 0.630026
 0 0.630064
 0 0.630078
 0 0.63015
 0 0.630152
 0 0.630153
 0 0.630153
 0 0.63016
 0 0.630227
 0 0.630228
 0 0.63024
 0 0.63024
 0 0.63024
 0 0.630254
 0 0.63029
 0 0.630332
 0 0.630332
 0 0.630343
 0 0.630343
 0 0.630344
 0 0.630345
 0 0.630347
 0 0.630347
 0 0.630397
 0 0.630397
 0 0.630403
 0 0.63043
 0 0.630443
 0 0.630444
 0 0.630445
 0 0.630445
 0 0.630445
 0 0.630451
 0 0.630452
 0 0.630505
 0 0.630506
 0 0.630506
 0 0.630512
 0 0.630512
 0 0.630512
 0 0.630512
 0 0.630515
 0 0.630515
 0 0.630515
 0 0.630559
 0 0.630575
 0 0.630575
 0 0.630581
 0 0.630636
 0 0.630636
 0 0.630636
 0 0.630636
 0 0.630637
 0 0.630637
 0 0.630637
 0 0.630701
 0 0.630715
 0 0.630737
 0 0.630737
 0 0.630749
 0 0.63075
 0 0.630763
 0 0.630775
 0 0.630775
 0 0.630835
 0 0.630835
 0 0.630835
 0 0.630835
 0 0.630858
 0 0.630874
 0 0.630874
 0 0.630887
 0 0.630918
 0 0.630919
 0 0.630919
 0 0.63092
 0 0.63092
 0 0.630937
 0 0.630937
 0 0.630938
 0 0.630938
 0 0.630938
 0 0.63097
 0 0.630971
 0 0.63101
 0 0.631077
 0 0.6311
 0 0.631102
 0 0.631102
 0 0.631114
 0 0.631115
 0 0.631145
 0 0.631145
 0 0.631153
 0 0.631153
 0 0.631184
 0 0.631184
 0 0.631184
 0 0.631232
 0 0.631254
 0 0.631255
 0 0.631255
 0 0.631255
 0 0.631271
 0 0.631272
 0 0.631273
 0 0.63129
 0 0.631291
 0 0.631331
 0 0.631343
 0 0.631344
 0 0.631345
 0 0.631346
 0 0.631346
 0 0.631355
 0 0.631384
 0 0.631385
 0 0.631387
 0 0.631399
 0 0.631413
 0 0.631414
 0 0.631414
 0 0.631422
 0 0.631422
 0 0.631422
 0 0.631424
 0 0.631425
 0 0.631447
 0 0.63146
 0 0.631479
 0 0.631501
 0 0.631501
 0 0.631501
 0 0.631501
 0 0.631503
 0 0.631508
 0 0.63151
 0 0.63151
 0 0.631511
 0 0.631539
 0 0.631555
 0 0.631555
 0 0.631555
 0 0.63158
 0 0.63158
 0 0.631581
 0 0.631581
 0 0.631581
 0 0.63163
 0 0.63163
 0 0.631631
 0 0.631631
 0 0.631631
 0 0.631631
 0 0.631717
 0 0.631723
 0 0.631723
 0 0.631724
 0 0.631724
 0 0.631724
 0 0.63176
 0 0.63176
 0 0.631761
 0 0.631766
 0 0.631766
 0 0.631839
 0 0.63184
 0 0.631849
 0 0.631849
 0 0.631849
 0 0.631849
 0 0.631849
 0 0.631849
 0 0.631849
 0 0.63185
 0 0.631867
 0 0.631868
 0 0.631886
 0 0.631888
 0 0.631889
 0 0.631891
 0 0.631903
 0 0.631903
 0 0.631904
 0 0.631913
 0 0.631922
 0 0.631944
 0 0.631944
 0 0.631959
 0 0.631959
 0 0.63196
 0 0.63196
 0 0.631964
 0 0.631964
 0 0.631965
 0 0.631965
 0 0.631965
 0 0.631972
 0 0.631973
 0 0.631973
 0 0.632001
 0 0.632001
 0 0.632002
 0 0.632007
 0 0.632007
 0 0.632007
 0 0.632008
 0 0.63201
 0 0.63201
 0 0.63201
 0 0.632014
 0 0.632027
 0 0.632028
 0 0.632028
 0 0.632028
 0 0.632052
 0 0.632052
 0 0.632091
 0 0.632091
 0 0.632093
 0 0.632107
 0 0.632108
 0 0.632108
 0 0.632108
 0 0.632108
 0 0.632109
 0 0.632122
 0 0.632124
 0 0.632124
 0 0.632124
 0 0.632124
 0 0.632134
 0 0.632135
 0 0.632135
 0 0.632179
 0 0.632179
 0 0.63218
 0 0.632181
 0 0.632181
 0 0.632194
 0 0.632194
 0 0.632194
 0 0.632194
 0 0.632197
 0 0.632203
 0 0.632209
 0 0.63221
 0 0.632219
 0 0.632223
 0 0.632223
 0 0.632223
 0 0.632223
 0 0.632242
 0 0.632242
 0 0.632248
 0 0.632248
 0 0.632259
 0 0.63226
 0 0.63227
 0 0.632289
 0 0.632289
 0 0.63229
 0 0.632299
 0 0.632299
 0 0.632301
 0 0.632318
 0 0.632341
 0 0.632341
 0 0.632372
 0 0.632393
 0 0.632395
 0 0.632441
 0 0.632445
 0 0.632485
 0 0.632485
 0 0.632485
 0 0.632502
 0 0.632502
 0 0.632521
 0 0.632522
 0 0.632523
 0 0.632545
 0 0.632546
 0 0.632553
 0 0.632553
 0 0.632558
 0 0.632558
 0 0.632558
 0 0.632577
 0 0.632577
 0 0.632577
 0 0.632612
 0 0.632613
 0 0.632628
 0 0.632628
 0 0.632628
 0 0.632649
 0 0.632649
 0 0.632701
 0 0.63271
 0 0.632712
 0 0.632712
 0 0.632712
 0 0.632712
 0 0.632712
 0 0.63276
 0 0.632776
 0 0.632786
 0 0.632792
 0 0.632793
 0 0.632794
 0 0.632796
 0 0.632805
 0 0.632805
 0 0.632837
 0 0.632837
 0 0.632838
 0 0.632838
 0 0.632839
 0 0.632839
 0 0.632844
 0 0.632867
 0 0.632881
 0 0.632881
 0 0.632882
 0 0.632882
 0 0.632882
 0 0.632898
 0 0.632898
 0 0.632922
 0 0.632946
 0 0.632947
 0 0.632954
 0 0.632979
 0 0.632991
 0 0.632991
 0 0.632992
 0 0.632997
 0 0.633029
 0 0.633035
 0 0.633038
 0 0.633045
 0 0.633045
 0 0.633064
 0 0.633072
 0 0.6331
 0 0.633101
 0 0.633101
 0 0.633137
 0 0.633137
 0 0.633137
 0 0.633137
 0 0.633137
 0 0.633137
 0 0.633142
 0 0.633149
 0 0.633149
 0 0.633149
 0 0.633152
 0 0.633152
 0 0.633153
 0 0.633177
 0 0.633177
 0 0.633178
 0 0.633178
 0 0.633186
 0 0.633187
 0 0.633194
 0 0.633196
 0 0.63321
 0 0.63321
 0 0.63321
 0 0.633234
 0 0.633291
 0 0.633324
 0 0.633335
 0 0.633335
 0 0.633342
 0 0.633344
 0 0.633344
 0 0.633357
 0 0.633358
 0 0.633382
 0 0.633384
 0 0.633442
 0 0.633448
 0 0.633477
 0 0.633482
 0 0.633483
 0 0.633483
 0 0.633483
 0 0.633484
 0 0.63349
 0 0.63349
 0 0.633491
 0 0.633523
 0 0.633525
 0 0.633525
 0 0.633526
 0 0.633534
 0 0.633536
 0 0.633537
 0 0.633572
 0 0.633572
 0 0.633573
 0 0.633615
 0 0.633617
 0 0.633624
 0 0.633625
 0 0.633626
 0 0.633626
 0 0.633626
 0 0.633626
 0 0.633684
 0 0.633684
 0 0.633696
 0 0.633723
 0 0.633723
 0 0.633726
 0 0.633726
 0 0.633726
 0 0.633752
 0 0.633752
 0 0.633763
 0 0.633765
 0 0.633766
 0 0.633774
 0 0.633774
 0 0.633774
 0 0.633777
 0 0.633809
 0 0.633809
 0 0.63381
 0 0.633811
 0 0.63383
 0 0.633831
 0 0.633834
 0 0.633834
 0 0.633847
 0 0.63385
 0 0.633856
 0 0.633862
 0 0.633862
 0 0.633862
 0 0.633862
 0 0.633866
 0 0.633867
 0 0.633873
 0 0.633873
 0 0.633874
 0 0.633875
 0 0.633876
 0 0.633876
 0 0.633879
 0 0.633887
 0 0.633888
 0 0.633888
 0 0.633888
 0 0.633888
 0 0.633888
 0 0.6339
 0 0.6339
 0 0.633903
 0 0.633903
 0 0.633911
 0 0.633913
 0 0.633913
 0 0.633913
 0 0.633916
 0 0.633916
 0 0.633917
 0 0.633917
 0 0.633917
 0 0.633932
 0 0.633932
 0 0.633932
 0 0.633932
 0 0.633932
 0 0.633964
 0 0.633973
 0 0.633973
 0 0.633979
 0 0.63398
 0 0.633986
 0 0.633988
 0 0.634016
 0 0.634016
 0 0.63403
 0 0.63403
 0 0.634032
 0 0.634045
 0 0.634046
 0 0.634065
 0 0.634065
 0 0.634067
 0 0.634073
 0 0.634074
 0 0.634074
 0 0.634075
 0 0.634079
 0 0.63408
 0 0.63408
 0 0.634102
 0 0.634117
 0 0.634117
 0 0.634207
 0 0.634207
 0 0.634207
 0 0.634207
 0 0.63425
 0 0.634264
 0 0.634272
 0 0.634277
 0 0.634282
 0 0.634283
 0 0.634283
 0 0.634341
 0 0.634343
 0 0.634361
 0 0.634361
 0 0.634373
 0 0.634373
 0 0.634375
 0 0.634376
 0 0.634378
 0 0.634384
 0 0.634384
 0 0.634384
 0 0.634394
 0 0.634394
 0 0.634394
 0 0.634416
 0 0.634418
 0 0.634418
 0 0.634418
 0 0.634427
 0 0.634432
 0 0.634436
 0 0.634455
 0 0.63446
 0 0.634483
 0 0.634486
 0 0.634486
 0 0.634505
 0 0.63453
 0 0.634531
 0 0.634543
 0 0.63455
 0 0.63455
 0 0.634569
 0 0.634573
 0 0.634573
 0 0.634573
 0 0.634588
 0 0.634588
 0 0.63459
 0 0.634591
 0 0.634604
 0 0.634605
 0 0.634605
 0 0.634615
 0 0.634615
 0 0.634615
 0 0.634615
 0 0.634625
 0 0.634625
 0 0.634631
 0 0.634635
 0 0.634635
 0 0.634655
 0 0.634655
 0 0.634656
 0 0.634697
 0 0.634697
 0 0.634698
 0 0.634711
 0 0.634719
 0 0.634719
 0 0.634728
 0 0.634729
 0 0.634735
 0 0.634741
 0 0.634742
 0 0.634773
 0 0.634773
 0 0.634792
 0 0.634796
 0 0.634808
 0 0.634814
 0 0.634814
 0 0.634814
 0 0.634835
 0 0.634846
 0 0.634856
 0 0.634858
 0 0.634859
 0 0.634881
 0 0.634882
 0 0.634893
 0 0.634893
 0 0.634893
 0 0.634893
 0 0.634897
 0 0.634897
 0 0.634933
 0 0.634935
 0 0.634935
 0 0.634938
 0 0.63494
 0 0.634942
 0 0.634951
 0 0.634953
 0 0.634962
 0 0.634978
 0 0.634994
 0 0.634995
 0 0.634995
 0 0.635043
 0 0.635048
 0 0.635057
 0 0.635072
 0 0.635072
 0 0.635072
 0 0.635107
 0 0.635107
 0 0.635116
 0 0.635118
 0 0.635143
 0 0.635143
 0 0.635153
 0 0.635159
 0 0.635159
 0 0.63516
 0 0.63516
 0 0.63516
 0 0.63516
 0 0.63516
 0 0.635164
 0 0.635164
 0 0.635173
 0 0.635173
 0 0.635173
 0 0.635173
 0 0.635181
 0 0.635213
 0 0.635228
 0 0.635228
 0 0.635228
 0 0.635228
 0 0.635228
 0 0.635228
 0 0.635228
 0 0.635237
 0 0.635237
 0 0.635238
 0 0.635249
 0 0.635256
 0 0.635256
 0 0.635256
 0 0.635257
 0 0.635259
 0 0.635261
 0 0.635261
 0 0.635262
 0 0.635265
 0 0.635265
 0 0.635265
 0 0.635266
 0 0.635268
 0 0.63529
 0 0.635292
 0 0.635308
 0 0.635309
 0 0.635344
 0 0.635344
 0 0.635346
 0 0.635346
 0 0.635346
 0 0.635361
 0 0.635361
 0 0.635362
 0 0.635362
 0 0.635363
 0 0.635363
 0 0.635378
 0 0.63539
 0 0.63539
 0 0.635397
 0 0.635407
 0 0.635421
 0 0.635421
 0 0.635421
 0 0.635426
 0 0.635426
 0 0.635456
 0 0.635456
 0 0.635456
 0 0.635457
 0 0.635473
 0 0.635473
 0 0.635473
 0 0.635476
 0 0.63548
 0 0.635493
 0 0.635498
 0 0.635519
 0 0.635519
 0 0.63552
 0 0.635526
 0 0.635553
 0 0.635554
 0 0.635555
 0 0.635561
 0 0.635561
 0 0.635561
 0 0.63557
 0 0.635577
 0 0.635601
 0 0.635601
 0 0.635602
 0 0.635617
 0 0.635619
 0 0.635644
 0 0.635662
 0 0.635731
 0 0.635731
 0 0.635731
 0 0.635742
 0 0.635742
 0 0.635775
 0 0.635775
 0 0.635775
 0 0.635777
 0 0.635777
 0 0.635786
 0 0.635786
 0 0.635811
 0 0.635811
 0 0.635811
 0 0.635813
 0 0.635825
 0 0.635828
 0 0.635828
 0 0.635845
 0 0.635846
 0 0.635846
 0 0.635849
 0 0.63585
 0 0.635914
 0 0.635914
 0 0.635925
 0 0.635928
 0 0.635928
 0 0.635928
 0 0.63593
 0 0.635939
 0 0.63594
 0 0.635955
 0 0.635957
 0 0.635957
 0 0.635966
 0 0.635966
 0 0.635967
 0 0.635976
 0 0.63598
 0 0.635999
 0 0.636
 0 0.636
 0 0.636
 0 0.636
 0 0.636
 0 0.636007
 0 0.636035
 0 0.636036
 0 0.636038
 0 0.636039
 0 0.636039
 0 0.63604
 0 0.63604
 0 0.636046
 0 0.636047
 0 0.636058
 0 0.636058
 0 0.636091
 0 0.636091
 0 0.636091
 0 0.636091
 0 0.636096
 0 0.636101
 0 0.636101
 0 0.636101
 0 0.636101
 0 0.636102
 0 0.636144
 0 0.636145
 0 0.636146
 0 0.636181
 0 0.636203
 0 0.636203
 0 0.636203
 0 0.636203
 0 0.636206
 0 0.636206
 0 0.636206
 0 0.636227
 0 0.636227
 0 0.636257
 0 0.636266
 0 0.636277
 0 0.636277
 0 0.636277
 0 0.636291
 0 0.636297
 0 0.636297
 0 0.636299
 0 0.6363
 0 0.636312
 0 0.636318
 0 0.636331
 0 0.636332
 0 0.636348
 0 0.636353
 0 0.636356
 0 0.636383
 0 0.636383
 0 0.636383
 0 0.636383
 0 0.636396
 0 0.636397
 0 0.6364
 0 0.636405
 0 0.636405
 0 0.636405
 0 0.636422
 0 0.636424
 0 0.636425
 0 0.636459
 0 0.63646
 0 0.63646
 0 0.636461
 0 0.636463
 0 0.636464
 0 0.636464
 0 0.636464
 0 0.636465
 0 0.636469
 0 0.636486
 0 0.636487
 0 0.636487
 0 0.63649
 0 0.636504
 0 0.636504
 0 0.636504
 0 0.636561
 0 0.636561
 0 0.63657
 0 0.63657
 0 0.636614
 0 0.636615
 0 0.636615
 0 0.636617
 0 0.636617
 0 0.636617
 0 0.636625
 0 0.636648
 0 0.636648
 0 0.636648
 0 0.636648
 0 0.636658
 0 0.63667
 0 0.63667
 0 0.636687
 0 0.636688
 0 0.636707
 0 0.636708
 0 0.636711
 0 0.636719
 0 0.636719
 0 0.636719
 0 0.636725
 0 0.636744
 0 0.636745
 0 0.636745
 0 0.636749
 0 0.636749
 0 0.636798
 0 0.636801
 0 0.636801
 0 0.636832
 0 0.636832
 0 0.636884
 0 0.636884
 0 0.636913
 0 0.636913
 0 0.636913
 0 0.636913
 0 0.636916
 0 0.636934
 0 0.636934
 0 0.636934
 0 0.636935
 0 0.636935
 0 0.636936
 0 0.636949
 0 0.636949
 0 0.636954
 0 0.636978
 0 0.636979
 0 0.636996
 0 0.636996
 0 0.637002
 0 0.637025
 0 0.637039
 0 0.637053
 0 0.637055
 0 0.637055
 0 0.63706
 0 0.637061
 0 0.637123
 0 0.637123
 0 0.637123
 0 0.637124
 0 0.637124
 0 0.637124
 0 0.637147
 0 0.637147
 0 0.637158
 0 0.637158
 0 0.637173
 0 0.637174
 0 0.637197
 0 0.637214
 0 0.637258
 0 0.637258
 0 0.637258
 0 0.637258
 0 0.637301
 0 0.637302
 0 0.637333
 0 0.637335
 0 0.637349
 0 0.637364
 0 0.637364
 0 0.637373
 0 0.637373
 0 0.637405
 0 0.637448
 0 0.637464
 0 0.637465
 0 0.637483
 0 0.637484
 0 0.637517
 0 0.637546
 0 0.637547
 0 0.637589
 0 0.637589
 0 0.637589
 0 0.6376
 0 0.6376
 0 0.637601
 0 0.637639
 0 0.637701
 0 0.637703
 0 0.637703
 0 0.637721
 0 0.637731
 0 0.637731
 0 0.637753
 0 0.637753
 0 0.637757
 0 0.63776
 0 0.637762
 0 0.637778
 0 0.637778
 0 0.637778
 0 0.637801
 0 0.637828
 0 0.637829
 0 0.637829
 0 0.63783
 0 0.63783
 0 0.63783
 0 0.637848
 0 0.637848
 0 0.637848
 0 0.637852
 0 0.637854
 0 0.637874
 0 0.637875
 0 0.637876
 0 0.637876
 0 0.637879
 0 0.637879
 0 0.637879
 0 0.63791
 0 0.63791
 0 0.63791
 0 0.63791
 0 0.637912
 0 0.637949
 0 0.637949
 0 0.638024
 0 0.638024
 0 0.63803
 0 0.638059
 0 0.638082
 0 0.638137
 0 0.638137
 0 0.638143
 0 0.63818
 0 0.638203
 0 0.638205
 0 0.638205
 0 0.638224
 0 0.638234
 0 0.638262
 0 0.638262
 0 0.638283
 0 0.638336
 0 0.638336
 0 0.638336
 0 0.638351
 0 0.638352
 0 0.638361
 0 0.638361
 0 0.638369
 0 0.638369
 0 0.638369
 0 0.638369
 0 0.638369
 0 0.63837
 0 0.638377
 0 0.638377
 0 0.638404
 0 0.638425
 0 0.638438
 0 0.638438
 0 0.638438
 0 0.638454
 0 0.638454
 0 0.638456
 0 0.638457
 0 0.638457
 0 0.638471
 0 0.638478
 0 0.638478
 0 0.638546
 0 0.638546
 0 0.638546
 0 0.638547
 0 0.638568
 0 0.638575
 0 0.638576
 0 0.638581
 0 0.638583
 0 0.638583
 0 0.638583
 0 0.638584
 0 0.638595
 0 0.638596
 0 0.638609
 0 0.638609
 0 0.63863
 0 0.638631
 0 0.638631
 0 0.638644
 0 0.638644
 0 0.638645
 0 0.638679
 0 0.638701
 0 0.638726
 0 0.638726
 0 0.638752
 0 0.638753
 0 0.638769
 0 0.638769
 0 0.638769
 0 0.63877
 0 0.638824
 0 0.638824
 0 0.638849
 0 0.638896
 0 0.638897
 0 0.638897
 0 0.638897
 0 0.638897
 0 0.638915
 0 0.638927
 0 0.638976
 0 0.639072
 0 0.639141
 0 0.639142
 0 0.639142
 0 0.639142
 0 0.639142
 0 0.639168
 0 0.639168
 0 0.63917
 0 0.63917
 0 0.639186
 0 0.639265
 0 0.639265
 0 0.639293
 0 0.639413
 0 0.639413
 0 0.639413
 0 0.639456
 0 0.639457
 0 0.639477
 0 0.639479
 0 0.639479
 0 0.639479
 0 0.639507
 0 0.639539
 0 0.639542
 0 0.639542
 0 0.639542
 0 0.639545
 0 0.639545
 0 0.639545
 0 0.63975
 0 0.63975
 0 0.63975
 0 0.63975
 0 0.639752
 0 0.639752
 0 0.639752
 0 0.639752
 0 0.639753
 0 0.639816
 0 0.639816
 0 0.639889
 0 0.639889
 0 0.639964
 0 0.639965
 0 0.63997
 0 0.640095
 0 0.640095
 0 0.640096
 0 0.640098
 0 0.640182
 0 0.640195
 0 0.640234
 0 0.64032
 0 0.64032
 0 0.640329
 0 0.64033
 0 0.640335
 0 0.640335
 0 0.640336
 0 0.640336
 0 0.640357
 0 0.640358
 0 0.640358
 0 0.640386
 0 0.640386
 0 0.640386
 0 0.640386
 0 0.64041
 0 0.640411
 0 0.640411
 0 0.640411
 0 0.640477
 0 0.640477
 0 0.640554
 0 0.640584
 0 0.640695
 0 0.64079
 0 0.640792
 0 0.640812
 0 0.640813
 0 0.640941
 0 0.640947
 0 0.640948
 0 0.641027
 0 0.641034
 0 0.641081
 0 0.641097
 0 0.641097
 0 0.641139
 0 0.64114
 0 0.641141
 0 0.641144
 0 0.641214
 0 0.641214
 0 0.641214
 0 0.641228
 0 0.641228
 0 0.641344
 0 0.641402
 0 0.641412
 0 0.641412
 0 0.641414
 0 0.641461
 0 0.641537
 0 0.641567
 0 0.641595
 0 0.641596
 0 0.641596
 0 0.641658
 0 0.641696
 0 0.641723
 0 0.641723
 0 0.64179
 0 0.64179
 0 0.641796
 0 0.641796
 0 0.641811
 0 0.641876
 0 0.641894
 0 0.641918
 0 0.641918
 0 0.641969
 0 0.642142
 0 0.642153
 0 0.642154
 0 0.642154
 0 0.642159
 0 0.642165
 0 0.642281
 0 0.642292
 0 0.642312
 0 0.642312
 0 0.642312
 0 0.642349
 0 0.642349
 0 0.642349
 0 0.64235
 0 0.64235
 0 0.64235
 0 0.64235
 0 0.642354
 0 0.642354
 0 0.64236
 0 0.64236
 0 0.642364
 0 0.642397
 0 0.642397
 0 0.642397
 0 0.642397
 0 0.642486
 0 0.642486
 0 0.642486
 0 0.642487
 0 0.642487
 0 0.6425
 0 0.642501
 0 0.642519
 0 0.642523
 0 0.642523
 0 0.642523
 0 0.642523
 0 0.642525
 0 0.642565
 0 0.642577
 0 0.642611
 0 0.642696
 0 0.642714
 0 0.642715
 0 0.642715
 0 0.642716
 0 0.642817
 0 0.642819
 0 0.64284
 0 0.642883
 0 0.643057
 0 0.643079
 0 0.643079
 0 0.643201
 0 0.643202
 0 0.643202
 0 0.643202
 0 0.643203
 0 0.643331
 0 0.643331
 0 0.643333
 0 0.643333
 0 0.643351
 0 0.643352
 0 0.643445
 0 0.643492
 0 0.643493
 0 0.643493
 0 0.643514
 0 0.643514
 0 0.643541
 0 0.643575
 0 0.643575
 0 0.643575
 0 0.643576
 0 0.643579
 0 0.643623
 0 0.643693
 0 0.643694
 0 0.643952
 0 0.643952
 0 0.643953
 0 0.643953
 0 0.644022
 0 0.644023
 0 0.644259
 0 0.644259
 0 0.644674
 0 0.644746
 0 0.644746
 0 0.644746
 0 0.644768
 0 0.644768
 0 0.64478
 0 0.645183
 0 0.645229
 0 0.645471
 0 0.645472
 0 0.645472
 0 0.645473
 0 inf
