 9.40086 9.47189
 8.65534 8.95322
 8.15244 8.37787
 7.92139 8.12336
 7.68055 7.83441
 7.65806 7.90307
 7.62163 7.72517
 7.49885 7.52858
 7.4521 8.18187
 7.293 7.43451
 7.26575 7.84151
 7.23255 8.55345
 6.87104 7.05062
 6.85377 7.95521
 6.83659 7.30756
 6.72426 6.76084
 6.31823 6.76145
 6.21394 6.76191
 6.13523 6.76073
 6.13317 6.53325
 6.12262 7.24961
 6.1186 6.64783
 6.10837 6.21128
 6.02611 6.98243
 5.81128 5.81342
 5.7952 5.84652
 5.78649 7.98948
 5.77691 5.77754
 5.7288 5.74239
 5.71345 5.71517
 5.68757 8.44933
 5.66834 5.80598
 5.66409 6.67191
 5.65309 5.87456
 5.56 5.72122
 5.53063 5.80498
 5.49715 5.77756
 5.49076 7.41005
 5.46448 5.85308
 5.41506 6.12998
 5.36748 6.56817
 5.2146 5.8253
 5.15456 8.05186
 5.1215 5.5598
 5.11472 6.40717
 5.05859 5.0646
 5.0552 5.08511
 5.05209 5.08201
 5.01785 5.04649
 4.89858 4.90317
 4.87081 4.88695
 4.8599 4.89112
 4.85924 4.89671
 4.85589 5.03532
 4.8502 4.85408
 4.83466 4.84431
 4.83098 4.95444
 4.82351 4.8279
 4.80349 4.81285
 4.80345 4.82003
 4.8032 4.80851
 4.79954 4.80919
 4.7986 4.81486
 4.79778 4.80075
 4.79341 4.82538
 4.78716 4.82114
 4.78702 4.82127
 4.7861 4.8248
 4.78091 4.78962
 4.77517 4.80319
 4.77402 4.81255
 4.77249 4.79194
 4.76399 4.78112
 4.76364 4.77754
 4.7606 4.7794
 4.76 4.7718
 4.75821 4.76281
 4.74919 4.75304
 4.74434 4.76439
 4.74149 4.81931
 4.73639 4.74138
 4.73201 4.74056
 4.7256 4.73526
 4.72461 4.75258
 4.72413 4.76083
 4.72326 4.73826
 4.71742 4.74044
 4.69804 4.69909
 4.69446 4.71908
 4.68964 4.70486
 4.67348 4.70027
 4.65615 4.8331
 4.6429 4.64438
 4.62605 4.62699
 4.62369 4.62492
 4.61276 5.08789
 4.60618 5.45901
 4.6058 4.61455
 4.59226 4.71041
 4.5918 4.6076
 4.58491 4.60295
 4.57814 7.87417
 4.5766 4.58273
 4.57206 4.58019
 4.5686 4.57151
 4.56498 4.56647
 4.56208 4.84786
 4.55994 4.85402
 4.55667 4.5718
 4.55536 7.75425
 4.55149 4.55506
 4.53366 4.74096
 4.52448 4.53348
 4.51805 7.94073
 4.50749 5.4691
 4.50635 5.84612
 4.4817 4.64097
 4.48075 4.85347
 4.45147 4.87787
 4.40846 7.75267
 4.40622 4.41426
 4.37732 4.90254
 4.36018 4.99004
 4.35514 8.06833
 4.34102 5.00619
 4.33826 4.50054
 4.27192 4.71221
 4.23577 7.53946
 4.18843 5.19174
 4.08144 4.08364
 4.08141 4.90297
 3.98594 4.0891
 3.9288 4.92396
 3.72115 8.19153
