 9.06851 9.60417
 9.02414 9.19173
 8.98208 9.46912
 8.71799 8.74319
 8.45959 8.62282
 7.86008 8.0284
 7.84444 8.57908
 7.5677 8.08052
 7.56579 8.50214
 7.38175 7.39767
 7.21157 7.22326
 7.06724 7.26714
 6.96642 7.1151
 6.63049 7.03271
 6.5069 6.92707
 6.4844 7.27571
 6.4179 7.29362
 6.36655 6.75828
 6.33061 7.239
 6.30096 7.63017
 6.14879 7.44689
 5.97627 8.73952
 5.93481 6.20585
 5.61188 6.77527
 5.51327 5.74936
 5.38576 5.3927
 5.36083 5.36603
 5.32797 5.60142
 5.26326 5.26735
 5.25954 5.95327
 5.22596 5.24031
 5.21847 5.2413
 5.19087 5.5289
 5.15834 5.20632
 5.01021 5.02085
 4.9848 4.99658
 4.96582 4.97411
 4.96234 4.96555
 4.9614 4.97494
 4.95866 5.67712
 4.95367 5.08849
 4.93782 4.95184
 4.92426 4.9398
 4.92232 5.21382
 4.91425 5.04574
 4.91363 4.93575
 4.90456 4.91959
 4.90158 4.90301
 4.90158 4.90631
 4.90081 4.9668
 4.89857 4.89866
 4.88418 4.89005
 4.88122 4.89042
 4.87969 5.2906
 4.8665 4.89466
 4.86259 4.87138
 4.86069 4.8634
 4.85223 4.89147
 4.85056 4.87328
 4.8499 4.87163
 4.84747 4.86092
 4.84283 5.08028
 4.83968 4.85433
 4.83751 4.86368
 4.83342 4.84561
 4.82917 4.85026
 4.82136 5.4408
 4.79537 4.84474
 4.78722 4.80951
 4.78233 4.78752
 4.76969 4.78
 4.7672 4.77231
 4.75699 4.95218
 4.74376 4.75432
 4.70501 4.72237
 4.69037 4.86783
 4.68825 4.76345
 4.67932 4.68632
 4.67387 4.70685
 4.66567 4.69632
 4.66506 4.69557
 4.66301 4.8774
 4.65618 4.66378
 4.65221 5.96038
 4.65119 4.65635
 4.62014 4.63436
 4.60128 4.83461
 4.59984 4.62315
 4.59929 4.88522
 4.58532 4.60147
 4.58164 4.61291
 4.57504 5.08236
 4.57172 4.58294
 4.56346 4.58067
 4.56344 4.5706
 4.55342 4.9827
 4.53829 5.02461
 4.53543 4.9157
 4.52393 6.06992
 4.52286 5.14472
 4.50124 4.50697
 4.48388 4.87047
 4.4756 7.74432
 4.46977 8.28965
 4.45905 5.03227
 4.43757 6.30592
 4.43736 7.68131
 4.43711 4.98988
 4.43505 5.2557
 4.40018 4.50729
 4.3989 5.24975
 4.39578 8.76803
 4.38223 4.42942
 4.33093 5.15856
 4.3182 6.5257
 4.31708 4.42223
 4.31318 7.23556
 4.29935 5.27986
 4.27734 5.276
 4.26313 6.17764
 4.24394 4.25235
 4.23273 7.50398
 4.21994 5.0713
 4.20828 4.34587
 4.20429 4.429
 4.20091 6.21551
 4.19476 5.06789
 4.19079 5.25275
 4.17798 9.5242
 4.16089 4.31925
 4.132 5.46309
 4.12657 4.13898
 4.11927 5.94191
 4.11502 5.03559
 4.05168 4.06749
 4.05035 8.30534
 3.90508 4.6169
 3.86451 7.21147
 3.79655 8.5936
 3.24841 5.472
