 0 0.473456
 0 0.473639
 0 0.473639
 0 0.473639
 0 0.474514
 0 0.474514
 0 0.4972
 0 0.4972
 0 0.498105
 0 0.498105
 0 0.498105
 0 0.498106
 0 0.624479
 0 0.625204
 0 0.625205
 0 0.625333
 0 0.625333
 0 0.625631
 0 0.626732
 0 0.626758
 0 0.626758
 0 0.627121
 0 0.627237
 0 0.627328
 0 0.627328
 0 0.627371
 0 0.627443
 0 0.627444
 0 0.627523
 0 0.627523
 0 0.627524
 0 0.627595
 0 0.627622
 0 0.627638
 0 0.627638
 0 0.627657
 0 0.62797
 0 0.628052
 0 0.62818
 0 0.62818
 0 0.628181
 0 0.628281
 0 0.628281
 0 0.628319
 0 0.628539
 0 0.628643
 0 0.628644
 0 0.628677
 0 0.628677
 0 0.628677
 0 0.628677
 0 0.628797
 0 0.62891
 0 0.628947
 0 0.628947
 0 0.628975
 0 0.628985
 0 0.629149
 0 0.62915
 0 0.629179
 0 0.62918
 0 0.62918
 0 0.629216
 0 0.629243
 0 0.629243
 0 0.629243
 0 0.629293
 0 0.629311
 0 0.629312
 0 0.629385
 0 0.629385
 0 0.629451
 0 0.629451
 0 0.6295
 0 0.629543
 0 0.629543
 0 0.629544
 0 0.629545
 0 0.629598
 0 0.629598
 0 0.629598
 0 0.629608
 0 0.629649
 0 0.629649
 0 0.629737
 0 0.629737
 0 0.629738
 0 0.629738
 0 0.629738
 0 0.629748
 0 0.629751
 0 0.629751
 0 0.629751
 0 0.629752
 0 0.629752
 0 0.629752
 0 0.629755
 0 0.629786
 0 0.629795
 0 0.629797
 0 0.629808
 0 0.629808
 0 0.629816
 0 0.62982
 0 0.629821
 0 0.629821
 0 0.629822
 0 0.629833
 0 0.629916
 0 0.629917
 0 0.629917
 0 0.629917
 0 0.629919
 0 0.629919
 0 0.629986
 0 0.629986
 0 0.629986
 0 0.629986
 0 0.629986
 0 0.630015
 0 0.630019
 0 0.63002
 0 0.63003
 0 0.63003
 0 0.630038
 0 0.630063
 0 0.630063
 0 0.630064
 0 0.630064
 0 0.630088
 0 0.630096
 0 0.630096
 0 0.6301
 0 0.630108
 0 0.630109
 0 0.630153
 0 0.630154
 0 0.630155
 0 0.630156
 0 0.630157
 0 0.630157
 0 0.630165
 0 0.630227
 0 0.630227
 0 0.630228
 0 0.630252
 0 0.630252
 0 0.630253
 0 0.630253
 0 0.630253
 0 0.630278
 0 0.630278
 0 0.630278
 0 0.630296
 0 0.630316
 0 0.630317
 0 0.630324
 0 0.630325
 0 0.630325
 0 0.630341
 0 0.630351
 0 0.630351
 0 0.630351
 0 0.630381
 0 0.630381
 0 0.630381
 0 0.630382
 0 0.630419
 0 0.630485
 0 0.630499
 0 0.630499
 0 0.630499
 0 0.630499
 0 0.6305
 0 0.630508
 0 0.630544
 0 0.630545
 0 0.630545
 0 0.630564
 0 0.630567
 0 0.630581
 0 0.630583
 0 0.630583
 0 0.630595
 0 0.630596
 0 0.63061
 0 0.630611
 0 0.630614
 0 0.630615
 0 0.630645
 0 0.630645
 0 0.630645
 0 0.630671
 0 0.63069
 0 0.63069
 0 0.63069
 0 0.630693
 0 0.630718
 0 0.630722
 0 0.630727
 0 0.630727
 0 0.630728
 0 0.630728
 0 0.630736
 0 0.630736
 0 0.630736
 0 0.630737
 0 0.630737
 0 0.630738
 0 0.630754
 0 0.630758
 0 0.630759
 0 0.630762
 0 0.630778
 0 0.630779
 0 0.630779
 0 0.630779
 0 0.630779
 0 0.63079
 0 0.630791
 0 0.6308
 0 0.630801
 0 0.630829
 0 0.630829
 0 0.63083
 0 0.630835
 0 0.630835
 0 0.630836
 0 0.630858
 0 0.63087
 0 0.630871
 0 0.63088
 0 0.630901
 0 0.630919
 0 0.630931
 0 0.630937
 0 0.630937
 0 0.630956
 0 0.630956
 0 0.630956
 0 0.630956
 0 0.630956
 0 0.63097
 0 0.630985
 0 0.630985
 0 0.630997
 0 0.631013
 0 0.631022
 0 0.631022
 0 0.631027
 0 0.631045
 0 0.631045
 0 0.63106
 0 0.631061
 0 0.631061
 0 0.631072
 0 0.631073
 0 0.631073
 0 0.631078
 0 0.631079
 0 0.631079
 0 0.631082
 0 0.631083
 0 0.631086
 0 0.631086
 0 0.631087
 0 0.631087
 0 0.631105
 0 0.631133
 0 0.631133
 0 0.631137
 0 0.631137
 0 0.631144
 0 0.631144
 0 0.631165
 0 0.63117
 0 0.63117
 0 0.631171
 0 0.631171
 0 0.631177
 0 0.631178
 0 0.631184
 0 0.631193
 0 0.631197
 0 0.631197
 0 0.631197
 0 0.631197
 0 0.631216
 0 0.631221
 0 0.631221
 0 0.631224
 0 0.631231
 0 0.631231
 0 0.631231
 0 0.631231
 0 0.631231
 0 0.631232
 0 0.631234
 0 0.631241
 0 0.631241
 0 0.631241
 0 0.631242
 0 0.631244
 0 0.631244
 0 0.631249
 0 0.631249
 0 0.631249
 0 0.631249
 0 0.631249
 0 0.63125
 0 0.63125
 0 0.631253
 0 0.631253
 0 0.631253
 0 0.63126
 0 0.63126
 0 0.63126
 0 0.631293
 0 0.631293
 0 0.631295
 0 0.631297
 0 0.631335
 0 0.631336
 0 0.631336
 0 0.631341
 0 0.631341
 0 0.631342
 0 0.631346
 0 0.631347
 0 0.631364
 0 0.631364
 0 0.631365
 0 0.631365
 0 0.63138
 0 0.63138
 0 0.631391
 0 0.631392
 0 0.631393
 0 0.631438
 0 0.631438
 0 0.631439
 0 0.631439
 0 0.631447
 0 0.631447
 0 0.631448
 0 0.631448
 0 0.631463
 0 0.631463
 0 0.631463
 0 0.631466
 0 0.631466
 0 0.631466
 0 0.631469
 0 0.631469
 0 0.63151
 0 0.63151
 0 0.63151
 0 0.63151
 0 0.631533
 0 0.631536
 0 0.631536
 0 0.631536
 0 0.631542
 0 0.631542
 0 0.631555
 0 0.631561
 0 0.631562
 0 0.631562
 0 0.631562
 0 0.631584
 0 0.631584
 0 0.631584
 0 0.631608
 0 0.63161
 0 0.631611
 0 0.631611
 0 0.631612
 0 0.631614
 0 0.631614
 0 0.631621
 0 0.631635
 0 0.631641
 0 0.631642
 0 0.631649
 0 0.631649
 0 0.631667
 0 0.631668
 0 0.631669
 0 0.631669
 0 0.631669
 0 0.63167
 0 0.631672
 0 0.631672
 0 0.631672
 0 0.631713
 0 0.631713
 0 0.631713
 0 0.631714
 0 0.631719
 0 0.63172
 0 0.631723
 0 0.631729
 0 0.631729
 0 0.63173
 0 0.631732
 0 0.631733
 0 0.631733
 0 0.631733
 0 0.631751
 0 0.631751
 0 0.631752
 0 0.631764
 0 0.631774
 0 0.631774
 0 0.631776
 0 0.631776
 0 0.631779
 0 0.631786
 0 0.63179
 0 0.631791
 0 0.631798
 0 0.631798
 0 0.631799
 0 0.631799
 0 0.631828
 0 0.631828
 0 0.631877
 0 0.631877
 0 0.631877
 0 0.631877
 0 0.631877
 0 0.63188
 0 0.63189
 0 0.63189
 0 0.63189
 0 0.631891
 0 0.631916
 0 0.631938
 0 0.63194
 0 0.631941
 0 0.631945
 0 0.631946
 0 0.631947
 0 0.631948
 0 0.631949
 0 0.631953
 0 0.631953
 0 0.631954
 0 0.631966
 0 0.631967
 0 0.631967
 0 0.631967
 0 0.631967
 0 0.631967
 0 0.631967
 0 0.631986
 0 0.631986
 0 0.631986
 0 0.631988
 0 0.631993
 0 0.631994
 0 0.632002
 0 0.632039
 0 0.63204
 0 0.632049
 0 0.632051
 0 0.632051
 0 0.632053
 0 0.632053
 0 0.632053
 0 0.632071
 0 0.632071
 0 0.632072
 0 0.632082
 0 0.632083
 0 0.632083
 0 0.632084
 0 0.632084
 0 0.632092
 0 0.632094
 0 0.632096
 0 0.632096
 0 0.632096
 0 0.632128
 0 0.632128
 0 0.632128
 0 0.632128
 0 0.632129
 0 0.632136
 0 0.632137
 0 0.632137
 0 0.632147
 0 0.632147
 0 0.632149
 0 0.632164
 0 0.632164
 0 0.632178
 0 0.632179
 0 0.632179
 0 0.632182
 0 0.632183
 0 0.632191
 0 0.632191
 0 0.632192
 0 0.632192
 0 0.632196
 0 0.632209
 0 0.63221
 0 0.632215
 0 0.632215
 0 0.632215
 0 0.632215
 0 0.632245
 0 0.632261
 0 0.632275
 0 0.632286
 0 0.632286
 0 0.632287
 0 0.632295
 0 0.632306
 0 0.632313
 0 0.632313
 0 0.632313
 0 0.632314
 0 0.632345
 0 0.632345
 0 0.632356
 0 0.632357
 0 0.632358
 0 0.632364
 0 0.632365
 0 0.632413
 0 0.632432
 0 0.632432
 0 0.632447
 0 0.632447
 0 0.632447
 0 0.632483
 0 0.632485
 0 0.632515
 0 0.632516
 0 0.632516
 0 0.632534
 0 0.632546
 0 0.632561
 0 0.632567
 0 0.632567
 0 0.632568
 0 0.632585
 0 0.632596
 0 0.632597
 0 0.632599
 0 0.6326
 0 0.6326
 0 0.6326
 0 0.632609
 0 0.632611
 0 0.632611
 0 0.632611
 0 0.632612
 0 0.632612
 0 0.632612
 0 0.632614
 0 0.632614
 0 0.632615
 0 0.632637
 0 0.632637
 0 0.632662
 0 0.632664
 0 0.632672
 0 0.632673
 0 0.632673
 0 0.63268
 0 0.632681
 0 0.632697
 0 0.632719
 0 0.63273
 0 0.63273
 0 0.632732
 0 0.632732
 0 0.63275
 0 0.63275
 0 0.632751
 0 0.632751
 0 0.632755
 0 0.632755
 0 0.632755
 0 0.632757
 0 0.632762
 0 0.632773
 0 0.632773
 0 0.632773
 0 0.632774
 0 0.632789
 0 0.632789
 0 0.632789
 0 0.6328
 0 0.632801
 0 0.632802
 0 0.632816
 0 0.632824
 0 0.632824
 0 0.632831
 0 0.632855
 0 0.632858
 0 0.632858
 0 0.632866
 0 0.632866
 0 0.632867
 0 0.632874
 0 0.6329
 0 0.6329
 0 0.632905
 0 0.632912
 0 0.632912
 0 0.632918
 0 0.632918
 0 0.632919
 0 0.63293
 0 0.63293
 0 0.632937
 0 0.632937
 0 0.632938
 0 0.63294
 0 0.632941
 0 0.632944
 0 0.632946
 0 0.632959
 0 0.632962
 0 0.632963
 0 0.632963
 0 0.632969
 0 0.632969
 0 0.632978
 0 0.632978
 0 0.632978
 0 0.632982
 0 0.632982
 0 0.632995
 0 0.632995
 0 0.632995
 0 0.633032
 0 0.633053
 0 0.633053
 0 0.633058
 0 0.633065
 0 0.633068
 0 0.633068
 0 0.633071
 0 0.633073
 0 0.633073
 0 0.633073
 0 0.633095
 0 0.633109
 0 0.633142
 0 0.633143
 0 0.633146
 0 0.633146
 0 0.633146
 0 0.633162
 0 0.633172
 0 0.633216
 0 0.633217
 0 0.633224
 0 0.633224
 0 0.633225
 0 0.633228
 0 0.633228
 0 0.633228
 0 0.633228
 0 0.63323
 0 0.63323
 0 0.633231
 0 0.63327
 0 0.633274
 0 0.633298
 0 0.633298
 0 0.633303
 0 0.633323
 0 0.633323
 0 0.633323
 0 0.633335
 0 0.63334
 0 0.633341
 0 0.633341
 0 0.633341
 0 0.633341
 0 0.633341
 0 0.633342
 0 0.633355
 0 0.633356
 0 0.633356
 0 0.633356
 0 0.633357
 0 0.633371
 0 0.633377
 0 0.633397
 0 0.633397
 0 0.633397
 0 0.633398
 0 0.633398
 0 0.633402
 0 0.633411
 0 0.633412
 0 0.633413
 0 0.633418
 0 0.633427
 0 0.63343
 0 0.63343
 0 0.633431
 0 0.633431
 0 0.633443
 0 0.633444
 0 0.633445
 0 0.633445
 0 0.633445
 0 0.633445
 0 0.633446
 0 0.633449
 0 0.633449
 0 0.633449
 0 0.633449
 0 0.633455
 0 0.633457
 0 0.633459
 0 0.633467
 0 0.633467
 0 0.633468
 0 0.633473
 0 0.633474
 0 0.633476
 0 0.633476
 0 0.633483
 0 0.633489
 0 0.633489
 0 0.633499
 0 0.633499
 0 0.633499
 0 0.633499
 0 0.633519
 0 0.633532
 0 0.633532
 0 0.633532
 0 0.633545
 0 0.63355
 0 0.633551
 0 0.63356
 0 0.633572
 0 0.633575
 0 0.633581
 0 0.633597
 0 0.633604
 0 0.633604
 0 0.633604
 0 0.633605
 0 0.633612
 0 0.633612
 0 0.633613
 0 0.633618
 0 0.633618
 0 0.633619
 0 0.633619
 0 0.633619
 0 0.633623
 0 0.633638
 0 0.633642
 0 0.633664
 0 0.633672
 0 0.633673
 0 0.633674
 0 0.633685
 0 0.633685
 0 0.633685
 0 0.633685
 0 0.633685
 0 0.633685
 0 0.633696
 0 0.633696
 0 0.633702
 0 0.633703
 0 0.633704
 0 0.633704
 0 0.633704
 0 0.633707
 0 0.633712
 0 0.633715
 0 0.633715
 0 0.633735
 0 0.633735
 0 0.633742
 0 0.633744
 0 0.633758
 0 0.633764
 0 0.633764
 0 0.633764
 0 0.633764
 0 0.633773
 0 0.633784
 0 0.633785
 0 0.633787
 0 0.633787
 0 0.633787
 0 0.633788
 0 0.633793
 0 0.633793
 0 0.633793
 0 0.633793
 0 0.633794
 0 0.633794
 0 0.633803
 0 0.633803
 0 0.63383
 0 0.633831
 0 0.633873
 0 0.633873
 0 0.633883
 0 0.633905
 0 0.633906
 0 0.633906
 0 0.633925
 0 0.633926
 0 0.633926
 0 0.633926
 0 0.633931
 0 0.633931
 0 0.633931
 0 0.633932
 0 0.633955
 0 0.633956
 0 0.633975
 0 0.633975
 0 0.633975
 0 0.633992
 0 0.633992
 0 0.633992
 0 0.633995
 0 0.634033
 0 0.634033
 0 0.634068
 0 0.634068
 0 0.63408
 0 0.63408
 0 0.63408
 0 0.63408
 0 0.634081
 0 0.634082
 0 0.634083
 0 0.634085
 0 0.634086
 0 0.634109
 0 0.634113
 0 0.634113
 0 0.634123
 0 0.634124
 0 0.634125
 0 0.634133
 0 0.634133
 0 0.634143
 0 0.634144
 0 0.634144
 0 0.634162
 0 0.634162
 0 0.634168
 0 0.634168
 0 0.634168
 0 0.634168
 0 0.634168
 0 0.634168
 0 0.634169
 0 0.634169
 0 0.634178
 0 0.634183
 0 0.634183
 0 0.634183
 0 0.634205
 0 0.634206
 0 0.634206
 0 0.634206
 0 0.634216
 0 0.634216
 0 0.634222
 0 0.634226
 0 0.634228
 0 0.634228
 0 0.634252
 0 0.634281
 0 0.634284
 0 0.634299
 0 0.634308
 0 0.634308
 0 0.634311
 0 0.634324
 0 0.634324
 0 0.634324
 0 0.634329
 0 0.63433
 0 0.634332
 0 0.634333
 0 0.634333
 0 0.634338
 0 0.634348
 0 0.634348
 0 0.634367
 0 0.634368
 0 0.634369
 0 0.63437
 0 0.63437
 0 0.634371
 0 0.634371
 0 0.634381
 0 0.634384
 0 0.634384
 0 0.634385
 0 0.634385
 0 0.634387
 0 0.634417
 0 0.634417
 0 0.634417
 0 0.63442
 0 0.63442
 0 0.63442
 0 0.634421
 0 0.634441
 0 0.634441
 0 0.634444
 0 0.634445
 0 0.634454
 0 0.634456
 0 0.634456
 0 0.634456
 0 0.634477
 0 0.634477
 0 0.634481
 0 0.634487
 0 0.634495
 0 0.634496
 0 0.634504
 0 0.634506
 0 0.634506
 0 0.634506
 0 0.634506
 0 0.634506
 0 0.634513
 0 0.634513
 0 0.634514
 0 0.634522
 0 0.634535
 0 0.634535
 0 0.634535
 0 0.634535
 0 0.634535
 0 0.634535
 0 0.634542
 0 0.634542
 0 0.634542
 0 0.634542
 0 0.634543
 0 0.634543
 0 0.634546
 0 0.634547
 0 0.634547
 0 0.634553
 0 0.634553
 0 0.634553
 0 0.63458
 0 0.634587
 0 0.63459
 0 0.634591
 0 0.634613
 0 0.634614
 0 0.634642
 0 0.634643
 0 0.634648
 0 0.634648
 0 0.634669
 0 0.634675
 0 0.634692
 0 0.634702
 0 0.634702
 0 0.63471
 0 0.634716
 0 0.634716
 0 0.634716
 0 0.634716
 0 0.634717
 0 0.63472
 0 0.63472
 0 0.634727
 0 0.634727
 0 0.634728
 0 0.634729
 0 0.634729
 0 0.63474
 0 0.634741
 0 0.634742
 0 0.634742
 0 0.634751
 0 0.634751
 0 0.634755
 0 0.634755
 0 0.634768
 0 0.634771
 0 0.634771
 0 0.634776
 0 0.634789
 0 0.6348
 0 0.6348
 0 0.6348
 0 0.634813
 0 0.634813
 0 0.634814
 0 0.634814
 0 0.634814
 0 0.634817
 0 0.634833
 0 0.634833
 0 0.634833
 0 0.634845
 0 0.634845
 0 0.634845
 0 0.634845
 0 0.634847
 0 0.634847
 0 0.634856
 0 0.634856
 0 0.634856
 0 0.634858
 0 0.634862
 0 0.634862
 0 0.634863
 0 0.634877
 0 0.634882
 0 0.634902
 0 0.634903
 0 0.634907
 0 0.634912
 0 0.634919
 0 0.634938
 0 0.634943
 0 0.634945
 0 0.634946
 0 0.634949
 0 0.634949
 0 0.634949
 0 0.63495
 0 0.63495
 0 0.634965
 0 0.634965
 0 0.634965
 0 0.634966
 0 0.634983
 0 0.634983
 0 0.634984
 0 0.634995
 0 0.635001
 0 0.635001
 0 0.635002
 0 0.635016
 0 0.635022
 0 0.635022
 0 0.635022
 0 0.635022
 0 0.635022
 0 0.635023
 0 0.635024
 0 0.635024
 0 0.635025
 0 0.635025
 0 0.635026
 0 0.635027
 0 0.635032
 0 0.635032
 0 0.635038
 0 0.635038
 0 0.63504
 0 0.635042
 0 0.635045
 0 0.635046
 0 0.635046
 0 0.635053
 0 0.635061
 0 0.635079
 0 0.635099
 0 0.635101
 0 0.635107
 0 0.635107
 0 0.635107
 0 0.635117
 0 0.635118
 0 0.635121
 0 0.635121
 0 0.635125
 0 0.635125
 0 0.635126
 0 0.635127
 0 0.635133
 0 0.635147
 0 0.635149
 0 0.635161
 0 0.635171
 0 0.635173
 0 0.635174
 0 0.635174
 0 0.635174
 0 0.635176
 0 0.635189
 0 0.63519
 0 0.635198
 0 0.635198
 0 0.635198
 0 0.635198
 0 0.6352
 0 0.6352
 0 0.6352
 0 0.635202
 0 0.635202
 0 0.635204
 0 0.635204
 0 0.635206
 0 0.635221
 0 0.635228
 0 0.635229
 0 0.63523
 0 0.635232
 0 0.635234
 0 0.635258
 0 0.635287
 0 0.635287
 0 0.635287
 0 0.635299
 0 0.635305
 0 0.635306
 0 0.635307
 0 0.635315
 0 0.635334
 0 0.635334
 0 0.635337
 0 0.635373
 0 0.635377
 0 0.635377
 0 0.635377
 0 0.63538
 0 0.635381
 0 0.635386
 0 0.635386
 0 0.635388
 0 0.635398
 0 0.635404
 0 0.635404
 0 0.635404
 0 0.635405
 0 0.635416
 0 0.635417
 0 0.635436
 0 0.635437
 0 0.635457
 0 0.635467
 0 0.635467
 0 0.635468
 0 0.635486
 0 0.635489
 0 0.635489
 0 0.635522
 0 0.635523
 0 0.635528
 0 0.635529
 0 0.63553
 0 0.635551
 0 0.635552
 0 0.63556
 0 0.635561
 0 0.635561
 0 0.635575
 0 0.635575
 0 0.635582
 0 0.635583
 0 0.635608
 0 0.63561
 0 0.635634
 0 0.635634
 0 0.635651
 0 0.635655
 0 0.635657
 0 0.635659
 0 0.635659
 0 0.635662
 0 0.635671
 0 0.635677
 0 0.635677
 0 0.635677
 0 0.635703
 0 0.635703
 0 0.635704
 0 0.635704
 0 0.635704
 0 0.635708
 0 0.635708
 0 0.635709
 0 0.635709
 0 0.635709
 0 0.635709
 0 0.63571
 0 0.63571
 0 0.635727
 0 0.635727
 0 0.635742
 0 0.635743
 0 0.635744
 0 0.635747
 0 0.635749
 0 0.635749
 0 0.635757
 0 0.635757
 0 0.635757
 0 0.635769
 0 0.635769
 0 0.635769
 0 0.635771
 0 0.635773
 0 0.635784
 0 0.635784
 0 0.635785
 0 0.635789
 0 0.635789
 0 0.635789
 0 0.635803
 0 0.635876
 0 0.635876
 0 0.635887
 0 0.635888
 0 0.635888
 0 0.635888
 0 0.635901
 0 0.635914
 0 0.635914
 0 0.635931
 0 0.635967
 0 0.635969
 0 0.635969
 0 0.635969
 0 0.635975
 0 0.635989
 0 0.635995
 0 0.635995
 0 0.635995
 0 0.636001
 0 0.636001
 0 0.636003
 0 0.636004
 0 0.636004
 0 0.636004
 0 0.636011
 0 0.636011
 0 0.636014
 0 0.636014
 0 0.636014
 0 0.636014
 0 0.636014
 0 0.636023
 0 0.636028
 0 0.636067
 0 0.636068
 0 0.63607
 0 0.63607
 0 0.636095
 0 0.636095
 0 0.636096
 0 0.636096
 0 0.636101
 0 0.636129
 0 0.636142
 0 0.636142
 0 0.636155
 0 0.636155
 0 0.636158
 0 0.636158
 0 0.636162
 0 0.636162
 0 0.636178
 0 0.636178
 0 0.636179
 0 0.636191
 0 0.636191
 0 0.636202
 0 0.636203
 0 0.636203
 0 0.636203
 0 0.636207
 0 0.636223
 0 0.63624
 0 0.636241
 0 0.636242
 0 0.63625
 0 0.636253
 0 0.636253
 0 0.636256
 0 0.636257
 0 0.636259
 0 0.636262
 0 0.636263
 0 0.636263
 0 0.636271
 0 0.636273
 0 0.636273
 0 0.636291
 0 0.636291
 0 0.636291
 0 0.636313
 0 0.636316
 0 0.636316
 0 0.636322
 0 0.636334
 0 0.636334
 0 0.636334
 0 0.636334
 0 0.636335
 0 0.636342
 0 0.636342
 0 0.636343
 0 0.636348
 0 0.636348
 0 0.636348
 0 0.636348
 0 0.636362
 0 0.63637
 0 0.636385
 0 0.636421
 0 0.636421
 0 0.636432
 0 0.636437
 0 0.636444
 0 0.63645
 0 0.63645
 0 0.63645
 0 0.636451
 0 0.636495
 0 0.636498
 0 0.636535
 0 0.636535
 0 0.636541
 0 0.636548
 0 0.636551
 0 0.636564
 0 0.636574
 0 0.636574
 0 0.636574
 0 0.636574
 0 0.636695
 0 0.636695
 0 0.636697
 0 0.636697
 0 0.636717
 0 0.636718
 0 0.636719
 0 0.636719
 0 0.636719
 0 0.636725
 0 0.636762
 0 0.636762
 0 0.636762
 0 0.636762
 0 0.636769
 0 0.636798
 0 0.636798
 0 0.636799
 0 0.636802
 0 0.636802
 0 0.636802
 0 0.636802
 0 0.636803
 0 0.636814
 0 0.636815
 0 0.636841
 0 0.636841
 0 0.63685
 0 0.63685
 0 0.636852
 0 0.636853
 0 0.6369
 0 0.637004
 0 0.637013
 0 0.637013
 0 0.637013
 0 0.637049
 0 0.637063
 0 0.637083
 0 0.637084
 0 0.637084
 0 0.637084
 0 0.637117
 0 0.637117
 0 0.637125
 0 0.637125
 0 0.637127
 0 0.637127
 0 0.637138
 0 0.637144
 0 0.637144
 0 0.637157
 0 0.637159
 0 0.637159
 0 0.637159
 0 0.637165
 0 0.637223
 0 0.637223
 0 0.637242
 0 0.637284
 0 0.637295
 0 0.637309
 0 0.637395
 0 0.637399
 0 0.637399
 0 0.637399
 0 0.637406
 0 0.637406
 0 0.637435
 0 0.637435
 0 0.637436
 0 0.637436
 0 0.637465
 0 0.637477
 0 0.637523
 0 0.637537
 0 0.637537
 0 0.637552
 0 0.637612
 0 0.637665
 0 0.637672
 0 0.637672
 0 0.637672
 0 0.637678
 0 0.637678
 0 0.637687
 0 0.637689
 0 0.637691
 0 0.637691
 0 0.637692
 0 0.637724
 0 0.637738
 0 0.637738
 0 0.637778
 0 0.637778
 0 0.637778
 0 0.637778
 0 0.637787
 0 0.637787
 0 0.637812
 0 0.637813
 0 0.637814
 0 0.637828
 0 0.637828
 0 0.63791
 0 0.63791
 0 0.63791
 0 0.63791
 0 0.63791
 0 0.63792
 0 0.637937
 0 0.637978
 0 0.637979
 0 0.638056
 0 0.638056
 0 0.638056
 0 0.63807
 0 0.638071
 0 0.638074
 0 0.638074
 0 0.638089
 0 0.638089
 0 0.638129
 0 0.638177
 0 0.638177
 0 0.638178
 0 0.638208
 0 0.638311
 0 0.638465
 0 0.638565
 0 0.638566
 0 0.638566
 0 0.638633
 0 0.638659
 0 0.638659
 0 0.638709
 0 0.638711
 0 0.638711
 0 0.638764
 0 0.638764
 0 0.638765
 0 0.638815
 0 0.638815
 0 0.638833
 0 0.638934
 0 0.639227
 0 0.639227
 0 0.639263
 0 0.639263
 0 0.639288
 0 0.639289
 0 0.639386
 0 0.639386
 0 0.639433
 0 0.639511
 0 0.639511
 0 0.639548
 0 0.639548
 0 0.63955
 0 0.639676
 0 0.639676
 0 0.639676
 0 0.639676
 0 0.639719
 0 0.63972
 0 0.63972
 0 0.639721
 0 0.639824
 0 0.639885
 0 0.639929
 0 0.640018
 0 0.640019
 0 0.64002
 0 0.64035
 0 0.640351
 0 0.640352
 0 0.64069
 0 0.642335
 0 0.642336
 0 0.642336
 0 0.642336
 0 0.642848
 0 0.642984
 0 0.642985
 0 0.642985
 0 0.64359
 0 0.643591
 0 0.643683
 0 0.643684
 0 0.644426
 0 0.644426
 0 0.644426
 0 0.644704
 0 0.64538
 0 0.645381
 0 inf
