 0 0.504866
 0 0.505066
 0 0.505066
 0 0.505067
 0 0.505709
 0 0.505709
 0 0.626522
 0 0.626713
 0 0.626714
 0 0.62687
 0 0.62687
 0 0.626871
 0 0.627097
 0 0.627108
 0 0.627112
 0 0.627113
 0 0.627342
 0 0.627342
 0 0.627342
 0 0.627343
 0 0.627343
 0 0.627348
 0 0.627349
 0 0.627431
 0 0.627431
 0 0.627431
 0 0.627431
 0 0.627431
 0 0.627536
 0 0.627542
 0 0.62761
 0 0.62761
 0 0.6277
 0 0.627705
 0 0.627762
 0 0.628076
 0 0.628078
 0 0.628101
 0 0.628117
 0 0.628118
 0 0.628158
 0 0.628158
 0 0.628191
 0 0.628267
 0 0.628398
 0 0.628422
 0 0.628422
 0 0.628507
 0 0.628509
 0 0.628509
 0 0.628511
 0 0.628511
 0 0.628513
 0 0.628526
 0 0.628527
 0 0.628688
 0 0.628688
 0 0.628688
 0 0.628736
 0 0.628747
 0 0.628833
 0 0.628853
 0 0.628879
 0 0.628881
 0 0.628918
 0 0.628918
 0 0.628918
 0 0.628918
 0 0.628964
 0 0.628964
 0 0.628982
 0 0.628982
 0 0.629059
 0 0.629061
 0 0.629061
 0 0.62914
 0 0.629142
 0 0.629142
 0 0.629142
 0 0.62916
 0 0.62916
 0 0.629202
 0 0.629205
 0 0.629264
 0 0.629265
 0 0.629299
 0 0.629299
 0 0.629301
 0 0.629303
 0 0.629318
 0 0.629443
 0 0.629444
 0 0.629444
 0 0.629452
 0 0.629556
 0 0.629559
 0 0.629577
 0 0.629578
 0 0.629579
 0 0.629596
 0 0.629596
 0 0.629599
 0 0.6296
 0 0.629604
 0 0.629604
 0 0.629648
 0 0.629649
 0 0.629651
 0 0.629672
 0 0.629672
 0 0.629675
 0 0.62968
 0 0.62968
 0 0.62968
 0 0.629682
 0 0.629699
 0 0.629699
 0 0.629728
 0 0.629728
 0 0.629743
 0 0.629793
 0 0.629793
 0 0.629793
 0 0.629808
 0 0.629809
 0 0.629814
 0 0.629835
 0 0.629848
 0 0.629857
 0 0.629897
 0 0.629905
 0 0.629937
 0 0.629938
 0 0.629946
 0 0.629958
 0 0.629958
 0 0.629999
 0 0.63
 0 0.63
 0 0.630022
 0 0.630036
 0 0.630037
 0 0.6301
 0 0.6301
 0 0.6301
 0 0.630106
 0 0.630122
 0 0.630128
 0 0.630128
 0 0.630166
 0 0.630169
 0 0.630203
 0 0.630223
 0 0.630225
 0 0.630227
 0 0.630227
 0 0.630244
 0 0.630244
 0 0.630244
 0 0.630261
 0 0.630261
 0 0.630287
 0 0.630287
 0 0.630288
 0 0.630288
 0 0.630304
 0 0.630304
 0 0.630311
 0 0.630312
 0 0.630312
 0 0.630312
 0 0.630324
 0 0.630327
 0 0.630349
 0 0.630349
 0 0.630352
 0 0.630353
 0 0.630353
 0 0.630353
 0 0.630356
 0 0.630357
 0 0.630357
 0 0.630359
 0 0.63036
 0 0.63036
 0 0.63036
 0 0.63036
 0 0.630375
 0 0.630404
 0 0.630405
 0 0.630405
 0 0.630405
 0 0.630405
 0 0.630407
 0 0.630407
 0 0.630407
 0 0.630407
 0 0.630426
 0 0.630427
 0 0.630447
 0 0.63045
 0 0.630453
 0 0.630454
 0 0.630504
 0 0.630504
 0 0.630511
 0 0.630515
 0 0.630515
 0 0.630526
 0 0.630529
 0 0.63056
 0 0.63056
 0 0.630565
 0 0.630566
 0 0.630571
 0 0.630571
 0 0.630572
 0 0.630572
 0 0.630574
 0 0.630583
 0 0.63064
 0 0.63064
 0 0.630641
 0 0.630642
 0 0.630646
 0 0.630649
 0 0.630657
 0 0.630686
 0 0.630699
 0 0.630699
 0 0.630699
 0 0.630701
 0 0.630705
 0 0.630706
 0 0.630707
 0 0.63071
 0 0.63071
 0 0.630724
 0 0.630724
 0 0.630733
 0 0.63075
 0 0.630757
 0 0.630765
 0 0.630768
 0 0.630773
 0 0.630774
 0 0.630777
 0 0.630793
 0 0.630793
 0 0.630793
 0 0.630793
 0 0.630804
 0 0.630804
 0 0.630805
 0 0.630826
 0 0.63088
 0 0.630909
 0 0.630913
 0 0.630916
 0 0.630916
 0 0.630919
 0 0.630919
 0 0.630919
 0 0.630928
 0 0.630929
 0 0.630935
 0 0.630937
 0 0.630937
 0 0.630938
 0 0.630938
 0 0.630953
 0 0.630956
 0 0.630987
 0 0.630999
 0 0.630999
 0 0.631001
 0 0.631004
 0 0.631009
 0 0.631018
 0 0.631019
 0 0.631019
 0 0.631026
 0 0.631032
 0 0.631046
 0 0.631063
 0 0.631063
 0 0.631063
 0 0.631064
 0 0.63107
 0 0.63107
 0 0.63107
 0 0.63107
 0 0.631071
 0 0.631071
 0 0.631102
 0 0.631102
 0 0.631104
 0 0.631104
 0 0.631109
 0 0.631119
 0 0.631119
 0 0.63112
 0 0.631123
 0 0.631157
 0 0.631165
 0 0.631172
 0 0.631174
 0 0.631182
 0 0.631184
 0 0.631184
 0 0.631184
 0 0.631189
 0 0.631189
 0 0.631191
 0 0.631197
 0 0.63122
 0 0.63122
 0 0.631236
 0 0.631236
 0 0.631236
 0 0.63126
 0 0.631281
 0 0.631306
 0 0.631308
 0 0.631314
 0 0.631315
 0 0.631315
 0 0.631331
 0 0.631337
 0 0.631337
 0 0.631345
 0 0.631346
 0 0.631346
 0 0.631347
 0 0.631371
 0 0.631373
 0 0.631376
 0 0.631376
 0 0.631377
 0 0.631377
 0 0.631377
 0 0.631382
 0 0.631383
 0 0.631401
 0 0.631402
 0 0.631403
 0 0.631403
 0 0.631407
 0 0.631407
 0 0.631408
 0 0.631409
 0 0.63141
 0 0.631411
 0 0.631412
 0 0.631421
 0 0.631423
 0 0.631424
 0 0.631425
 0 0.631429
 0 0.631431
 0 0.631437
 0 0.631447
 0 0.631447
 0 0.631448
 0 0.631448
 0 0.631448
 0 0.631453
 0 0.631463
 0 0.631469
 0 0.631473
 0 0.631473
 0 0.631473
 0 0.631483
 0 0.631494
 0 0.631495
 0 0.631495
 0 0.631496
 0 0.631497
 0 0.631497
 0 0.631497
 0 0.631498
 0 0.631503
 0 0.631503
 0 0.631504
 0 0.631513
 0 0.631514
 0 0.631526
 0 0.631534
 0 0.631535
 0 0.631535
 0 0.631537
 0 0.631537
 0 0.631545
 0 0.631545
 0 0.631553
 0 0.631553
 0 0.631554
 0 0.631555
 0 0.631555
 0 0.631558
 0 0.631558
 0 0.631558
 0 0.631558
 0 0.631561
 0 0.631568
 0 0.631577
 0 0.631578
 0 0.631579
 0 0.631583
 0 0.631585
 0 0.631625
 0 0.631625
 0 0.631625
 0 0.631627
 0 0.631633
 0 0.631634
 0 0.631634
 0 0.631634
 0 0.631654
 0 0.631656
 0 0.631656
 0 0.631659
 0 0.63168
 0 0.63168
 0 0.631696
 0 0.631701
 0 0.631701
 0 0.631712
 0 0.631712
 0 0.631713
 0 0.631713
 0 0.631714
 0 0.631715
 0 0.631715
 0 0.631715
 0 0.63172
 0 0.631722
 0 0.631724
 0 0.631724
 0 0.631724
 0 0.631724
 0 0.631734
 0 0.631736
 0 0.631736
 0 0.631737
 0 0.631745
 0 0.631762
 0 0.631762
 0 0.631764
 0 0.631775
 0 0.631776
 0 0.631776
 0 0.631776
 0 0.631779
 0 0.631779
 0 0.631779
 0 0.63178
 0 0.63178
 0 0.631786
 0 0.631786
 0 0.631798
 0 0.631799
 0 0.631801
 0 0.631802
 0 0.631803
 0 0.631812
 0 0.631822
 0 0.631841
 0 0.631844
 0 0.631844
 0 0.631846
 0 0.63185
 0 0.631856
 0 0.631856
 0 0.631857
 0 0.631859
 0 0.63186
 0 0.631862
 0 0.631871
 0 0.631872
 0 0.631872
 0 0.631873
 0 0.631874
 0 0.631874
 0 0.631874
 0 0.631876
 0 0.631882
 0 0.631883
 0 0.631886
 0 0.631886
 0 0.631887
 0 0.631888
 0 0.631892
 0 0.631892
 0 0.631902
 0 0.631907
 0 0.631912
 0 0.631914
 0 0.631915
 0 0.631932
 0 0.631936
 0 0.63194
 0 0.63194
 0 0.63194
 0 0.631941
 0 0.631941
 0 0.631943
 0 0.63195
 0 0.631955
 0 0.631955
 0 0.631956
 0 0.631956
 0 0.631956
 0 0.631956
 0 0.631956
 0 0.631958
 0 0.631958
 0 0.631958
 0 0.631959
 0 0.631959
 0 0.631959
 0 0.63196
 0 0.631961
 0 0.631961
 0 0.631961
 0 0.631963
 0 0.631972
 0 0.631974
 0 0.631983
 0 0.631983
 0 0.631984
 0 0.631987
 0 0.631987
 0 0.631988
 0 0.631988
 0 0.63199
 0 0.63199
 0 0.631991
 0 0.631995
 0 0.631998
 0 0.631998
 0 0.631998
 0 0.631999
 0 0.632001
 0 0.632002
 0 0.632005
 0 0.632006
 0 0.632006
 0 0.632006
 0 0.63201
 0 0.63201
 0 0.63201
 0 0.632012
 0 0.632012
 0 0.63203
 0 0.632039
 0 0.632043
 0 0.63205
 0 0.63205
 0 0.632062
 0 0.632064
 0 0.632064
 0 0.632065
 0 0.632065
 0 0.632068
 0 0.632068
 0 0.632084
 0 0.632088
 0 0.632088
 0 0.632088
 0 0.632088
 0 0.632098
 0 0.632098
 0 0.632108
 0 0.632113
 0 0.632121
 0 0.632123
 0 0.632129
 0 0.632129
 0 0.632135
 0 0.632137
 0 0.632137
 0 0.632142
 0 0.632142
 0 0.632159
 0 0.63216
 0 0.63216
 0 0.632173
 0 0.632178
 0 0.632178
 0 0.632179
 0 0.632179
 0 0.632179
 0 0.632181
 0 0.632181
 0 0.632182
 0 0.632182
 0 0.632183
 0 0.632186
 0 0.632199
 0 0.632203
 0 0.632208
 0 0.632208
 0 0.63221
 0 0.632222
 0 0.632222
 0 0.632222
 0 0.632228
 0 0.632229
 0 0.632229
 0 0.632237
 0 0.632237
 0 0.632237
 0 0.632237
 0 0.632241
 0 0.632241
 0 0.632247
 0 0.632248
 0 0.632248
 0 0.632248
 0 0.632249
 0 0.632249
 0 0.632249
 0 0.632251
 0 0.632256
 0 0.632258
 0 0.632258
 0 0.632262
 0 0.632262
 0 0.632262
 0 0.632277
 0 0.632279
 0 0.632279
 0 0.632279
 0 0.632286
 0 0.632287
 0 0.632287
 0 0.632288
 0 0.63229
 0 0.63229
 0 0.632299
 0 0.632304
 0 0.632306
 0 0.632315
 0 0.632316
 0 0.632321
 0 0.632326
 0 0.632327
 0 0.632327
 0 0.632327
 0 0.632327
 0 0.632327
 0 0.632328
 0 0.632343
 0 0.632344
 0 0.632344
 0 0.63235
 0 0.63235
 0 0.632369
 0 0.632371
 0 0.632372
 0 0.632372
 0 0.632377
 0 0.632377
 0 0.632378
 0 0.632378
 0 0.63238
 0 0.63238
 0 0.63238
 0 0.632381
 0 0.632384
 0 0.632387
 0 0.632405
 0 0.632405
 0 0.632408
 0 0.632408
 0 0.632412
 0 0.632421
 0 0.632424
 0 0.632426
 0 0.632426
 0 0.632434
 0 0.632434
 0 0.632434
 0 0.632443
 0 0.632443
 0 0.632447
 0 0.632448
 0 0.632449
 0 0.632453
 0 0.632454
 0 0.632455
 0 0.632458
 0 0.632459
 0 0.632463
 0 0.632467
 0 0.632468
 0 0.632469
 0 0.632474
 0 0.632476
 0 0.632484
 0 0.632484
 0 0.632496
 0 0.632503
 0 0.632504
 0 0.632504
 0 0.632505
 0 0.632505
 0 0.63251
 0 0.63251
 0 0.632511
 0 0.632513
 0 0.632521
 0 0.632524
 0 0.632549
 0 0.632549
 0 0.632549
 0 0.632557
 0 0.632557
 0 0.632558
 0 0.632564
 0 0.632568
 0 0.632571
 0 0.632571
 0 0.632572
 0 0.632573
 0 0.632575
 0 0.632575
 0 0.632576
 0 0.632577
 0 0.632592
 0 0.632593
 0 0.632594
 0 0.632594
 0 0.632607
 0 0.632607
 0 0.632609
 0 0.63261
 0 0.632614
 0 0.632621
 0 0.632624
 0 0.632625
 0 0.632628
 0 0.632634
 0 0.632635
 0 0.632635
 0 0.632637
 0 0.632637
 0 0.632637
 0 0.632641
 0 0.632644
 0 0.632644
 0 0.632646
 0 0.632646
 0 0.632647
 0 0.632648
 0 0.632648
 0 0.632653
 0 0.632659
 0 0.632665
 0 0.632666
 0 0.632671
 0 0.632673
 0 0.632675
 0 0.632676
 0 0.632679
 0 0.632683
 0 0.632683
 0 0.632693
 0 0.632693
 0 0.632695
 0 0.632698
 0 0.632699
 0 0.632699
 0 0.632699
 0 0.632699
 0 0.632699
 0 0.6327
 0 0.632713
 0 0.632713
 0 0.632713
 0 0.632715
 0 0.632715
 0 0.632715
 0 0.632716
 0 0.632722
 0 0.632722
 0 0.632722
 0 0.632724
 0 0.632728
 0 0.632729
 0 0.632729
 0 0.63273
 0 0.632731
 0 0.632764
 0 0.632764
 0 0.6328
 0 0.632806
 0 0.632806
 0 0.632807
 0 0.63282
 0 0.63282
 0 0.63282
 0 0.632823
 0 0.63283
 0 0.632831
 0 0.632831
 0 0.632835
 0 0.63284
 0 0.63284
 0 0.632841
 0 0.632843
 0 0.632843
 0 0.632843
 0 0.632845
 0 0.632845
 0 0.632847
 0 0.632849
 0 0.632849
 0 0.632851
 0 0.632851
 0 0.632851
 0 0.632855
 0 0.632861
 0 0.632861
 0 0.632862
 0 0.632864
 0 0.632864
 0 0.632866
 0 0.632868
 0 0.63287
 0 0.632873
 0 0.632877
 0 0.632879
 0 0.632883
 0 0.632909
 0 0.632913
 0 0.632913
 0 0.632916
 0 0.632922
 0 0.632926
 0 0.63293
 0 0.632931
 0 0.632937
 0 0.632937
 0 0.632955
 0 0.632957
 0 0.632957
 0 0.632957
 0 0.632967
 0 0.632969
 0 0.632969
 0 0.632992
 0 0.632993
 0 0.632993
 0 0.632998
 0 0.632998
 0 0.632998
 0 0.632998
 0 0.633005
 0 0.633005
 0 0.633012
 0 0.633029
 0 0.633029
 0 0.63303
 0 0.633032
 0 0.633032
 0 0.633035
 0 0.633041
 0 0.633042
 0 0.633045
 0 0.633045
 0 0.633045
 0 0.633045
 0 0.633052
 0 0.633056
 0 0.633056
 0 0.633062
 0 0.633063
 0 0.633063
 0 0.633072
 0 0.633076
 0 0.633076
 0 0.633083
 0 0.633089
 0 0.633091
 0 0.633092
 0 0.633093
 0 0.633093
 0 0.633093
 0 0.633098
 0 0.633098
 0 0.633098
 0 0.633101
 0 0.63311
 0 0.633113
 0 0.633113
 0 0.633119
 0 0.633129
 0 0.633131
 0 0.633133
 0 0.633133
 0 0.633141
 0 0.633141
 0 0.633142
 0 0.633147
 0 0.633158
 0 0.633159
 0 0.633168
 0 0.633172
 0 0.633175
 0 0.633175
 0 0.63318
 0 0.633181
 0 0.633187
 0 0.633194
 0 0.633194
 0 0.633198
 0 0.633199
 0 0.6332
 0 0.6332
 0 0.633202
 0 0.633203
 0 0.633207
 0 0.633208
 0 0.633211
 0 0.633219
 0 0.633219
 0 0.633227
 0 0.633228
 0 0.63323
 0 0.63323
 0 0.63323
 0 0.633231
 0 0.633231
 0 0.633231
 0 0.633231
 0 0.633233
 0 0.633233
 0 0.633237
 0 0.633245
 0 0.633245
 0 0.633247
 0 0.633253
 0 0.633253
 0 0.633253
 0 0.633254
 0 0.633254
 0 0.633255
 0 0.633256
 0 0.633261
 0 0.633261
 0 0.633279
 0 0.633279
 0 0.633279
 0 0.633282
 0 0.633284
 0 0.633294
 0 0.633295
 0 0.633296
 0 0.633304
 0 0.633306
 0 0.633306
 0 0.633309
 0 0.633311
 0 0.633312
 0 0.633312
 0 0.633318
 0 0.63332
 0 0.633327
 0 0.633328
 0 0.633329
 0 0.633329
 0 0.63333
 0 0.63333
 0 0.633334
 0 0.633336
 0 0.633336
 0 0.633349
 0 0.633361
 0 0.633362
 0 0.633362
 0 0.633366
 0 0.633369
 0 0.633369
 0 0.633369
 0 0.633372
 0 0.633372
 0 0.633373
 0 0.633373
 0 0.633373
 0 0.633374
 0 0.633375
 0 0.633375
 0 0.633376
 0 0.633376
 0 0.633376
 0 0.633382
 0 0.633385
 0 0.633385
 0 0.633388
 0 0.633389
 0 0.633397
 0 0.633402
 0 0.633402
 0 0.633403
 0 0.633404
 0 0.633404
 0 0.633435
 0 0.633462
 0 0.633467
 0 0.633467
 0 0.63347
 0 0.63347
 0 0.63347
 0 0.633471
 0 0.633472
 0 0.633472
 0 0.633472
 0 0.633476
 0 0.633476
 0 0.633481
 0 0.633481
 0 0.633482
 0 0.633484
 0 0.633484
 0 0.633494
 0 0.633494
 0 0.633494
 0 0.6335
 0 0.6335
 0 0.633502
 0 0.633512
 0 0.633512
 0 0.633514
 0 0.63352
 0 0.63352
 0 0.633533
 0 0.633537
 0 0.633539
 0 0.633542
 0 0.633542
 0 0.633543
 0 0.633544
 0 0.633554
 0 0.633554
 0 0.633579
 0 0.63358
 0 0.633581
 0 0.633585
 0 0.633585
 0 0.633594
 0 0.633609
 0 0.63361
 0 0.633617
 0 0.633617
 0 0.633626
 0 0.633626
 0 0.633627
 0 0.63363
 0 0.63363
 0 0.633644
 0 0.633645
 0 0.633646
 0 0.633646
 0 0.633649
 0 0.633652
 0 0.633653
 0 0.633654
 0 0.633669
 0 0.63367
 0 0.63367
 0 0.633676
 0 0.633679
 0 0.633686
 0 0.633694
 0 0.633696
 0 0.633697
 0 0.633697
 0 0.633697
 0 0.633698
 0 0.633711
 0 0.633717
 0 0.633717
 0 0.633725
 0 0.63373
 0 0.63373
 0 0.633758
 0 0.633761
 0 0.633762
 0 0.633763
 0 0.633763
 0 0.633764
 0 0.633773
 0 0.633774
 0 0.633774
 0 0.633774
 0 0.633776
 0 0.633778
 0 0.633784
 0 0.633785
 0 0.633785
 0 0.633785
 0 0.633791
 0 0.633791
 0 0.633792
 0 0.633799
 0 0.633809
 0 0.633809
 0 0.63381
 0 0.633821
 0 0.633821
 0 0.633821
 0 0.633822
 0 0.633822
 0 0.633835
 0 0.633836
 0 0.633838
 0 0.63384
 0 0.633845
 0 0.633845
 0 0.633849
 0 0.633855
 0 0.633856
 0 0.633856
 0 0.633856
 0 0.633857
 0 0.633857
 0 0.633857
 0 0.633869
 0 0.633873
 0 0.633873
 0 0.633877
 0 0.633878
 0 0.633878
 0 0.633886
 0 0.633887
 0 0.633887
 0 0.633888
 0 0.633891
 0 0.633892
 0 0.633892
 0 0.633894
 0 0.633895
 0 0.633908
 0 0.63391
 0 0.63391
 0 0.63391
 0 0.63391
 0 0.633912
 0 0.633923
 0 0.633923
 0 0.633924
 0 0.633931
 0 0.633931
 0 0.633932
 0 0.633941
 0 0.633944
 0 0.633957
 0 0.633958
 0 0.633959
 0 0.633961
 0 0.633963
 0 0.633963
 0 0.633967
 0 0.633967
 0 0.633975
 0 0.63398
 0 0.63398
 0 0.633985
 0 0.633986
 0 0.633987
 0 0.633987
 0 0.633991
 0 0.633996
 0 0.634002
 0 0.634003
 0 0.634003
 0 0.634004
 0 0.634006
 0 0.634009
 0 0.63401
 0 0.634011
 0 0.634012
 0 0.634012
 0 0.634012
 0 0.634013
 0 0.634028
 0 0.634029
 0 0.63403
 0 0.63403
 0 0.634032
 0 0.634036
 0 0.634043
 0 0.634044
 0 0.634063
 0 0.634066
 0 0.634074
 0 0.634074
 0 0.634075
 0 0.634075
 0 0.634081
 0 0.634081
 0 0.634085
 0 0.634086
 0 0.634086
 0 0.634087
 0 0.634099
 0 0.634099
 0 0.634101
 0 0.634101
 0 0.634101
 0 0.634101
 0 0.634113
 0 0.634113
 0 0.634114
 0 0.634117
 0 0.634117
 0 0.634117
 0 0.634117
 0 0.634119
 0 0.634126
 0 0.634129
 0 0.634129
 0 0.634134
 0 0.634134
 0 0.634135
 0 0.634135
 0 0.634135
 0 0.634139
 0 0.634139
 0 0.634141
 0 0.634144
 0 0.634144
 0 0.634149
 0 0.63415
 0 0.634167
 0 0.634167
 0 0.634169
 0 0.63417
 0 0.63417
 0 0.634174
 0 0.634175
 0 0.634181
 0 0.634188
 0 0.634188
 0 0.634189
 0 0.634196
 0 0.634197
 0 0.634201
 0 0.634219
 0 0.63422
 0 0.634227
 0 0.634233
 0 0.634233
 0 0.634233
 0 0.634235
 0 0.634237
 0 0.634246
 0 0.634256
 0 0.634259
 0 0.634262
 0 0.634268
 0 0.634268
 0 0.634269
 0 0.634271
 0 0.634274
 0 0.634278
 0 0.634283
 0 0.634295
 0 0.634299
 0 0.634301
 0 0.634311
 0 0.634312
 0 0.634313
 0 0.634316
 0 0.634316
 0 0.634316
 0 0.634316
 0 0.634318
 0 0.63432
 0 0.634321
 0 0.634321
 0 0.634323
 0 0.634323
 0 0.634323
 0 0.634323
 0 0.634325
 0 0.634336
 0 0.63434
 0 0.634349
 0 0.634352
 0 0.634357
 0 0.634369
 0 0.634369
 0 0.63437
 0 0.63437
 0 0.634371
 0 0.634371
 0 0.634371
 0 0.634371
 0 0.634372
 0 0.634372
 0 0.634383
 0 0.634398
 0 0.634398
 0 0.634398
 0 0.634401
 0 0.634402
 0 0.634403
 0 0.634404
 0 0.634406
 0 0.634415
 0 0.634426
 0 0.634428
 0 0.634439
 0 0.63444
 0 0.63444
 0 0.634441
 0 0.634441
 0 0.634443
 0 0.634445
 0 0.634446
 0 0.634446
 0 0.634452
 0 0.634461
 0 0.634461
 0 0.634462
 0 0.634462
 0 0.634462
 0 0.634463
 0 0.634464
 0 0.634471
 0 0.634478
 0 0.634479
 0 0.63448
 0 0.634481
 0 0.634481
 0 0.634486
 0 0.634495
 0 0.634495
 0 0.634502
 0 0.634516
 0 0.634518
 0 0.634524
 0 0.634526
 0 0.634526
 0 0.634527
 0 0.634527
 0 0.634529
 0 0.634529
 0 0.634548
 0 0.634548
 0 0.634549
 0 0.634562
 0 0.634562
 0 0.63457
 0 0.634571
 0 0.634573
 0 0.634573
 0 0.634573
 0 0.634573
 0 0.634573
 0 0.634575
 0 0.634577
 0 0.634585
 0 0.634585
 0 0.634585
 0 0.634596
 0 0.634597
 0 0.634598
 0 0.634598
 0 0.634609
 0 0.634622
 0 0.634622
 0 0.634622
 0 0.634633
 0 0.634634
 0 0.634636
 0 0.634644
 0 0.634653
 0 0.634653
 0 0.634654
 0 0.634654
 0 0.634654
 0 0.634655
 0 0.634659
 0 0.634663
 0 0.634663
 0 0.634664
 0 0.634665
 0 0.634666
 0 0.634668
 0 0.634669
 0 0.634669
 0 0.634685
 0 0.634686
 0 0.634686
 0 0.634687
 0 0.634687
 0 0.634688
 0 0.634694
 0 0.634699
 0 0.634702
 0 0.634711
 0 0.634711
 0 0.634712
 0 0.634731
 0 0.634731
 0 0.634736
 0 0.634742
 0 0.634745
 0 0.634746
 0 0.63475
 0 0.63475
 0 0.634755
 0 0.634759
 0 0.634766
 0 0.634766
 0 0.634768
 0 0.634771
 0 0.634772
 0 0.634772
 0 0.634779
 0 0.634779
 0 0.63478
 0 0.634795
 0 0.634798
 0 0.634799
 0 0.634803
 0 0.634803
 0 0.634808
 0 0.634809
 0 0.634811
 0 0.634814
 0 0.634814
 0 0.634815
 0 0.634815
 0 0.63482
 0 0.63482
 0 0.63482
 0 0.634822
 0 0.63483
 0 0.634836
 0 0.634836
 0 0.634836
 0 0.634838
 0 0.634839
 0 0.634841
 0 0.634841
 0 0.634849
 0 0.634849
 0 0.63485
 0 0.63485
 0 0.634852
 0 0.634853
 0 0.634853
 0 0.634854
 0 0.634854
 0 0.634859
 0 0.634871
 0 0.634871
 0 0.634872
 0 0.634873
 0 0.634876
 0 0.634879
 0 0.63489
 0 0.63489
 0 0.634913
 0 0.63492
 0 0.634923
 0 0.634932
 0 0.634932
 0 0.634937
 0 0.634937
 0 0.634938
 0 0.63494
 0 0.634941
 0 0.634949
 0 0.634965
 0 0.634975
 0 0.634975
 0 0.634976
 0 0.634977
 0 0.634984
 0 0.634984
 0 0.634984
 0 0.634984
 0 0.635001
 0 0.635001
 0 0.635001
 0 0.635001
 0 0.635009
 0 0.63501
 0 0.63501
 0 0.635011
 0 0.635011
 0 0.635014
 0 0.635014
 0 0.635016
 0 0.63503
 0 0.63503
 0 0.63503
 0 0.635032
 0 0.635032
 0 0.635033
 0 0.635033
 0 0.635033
 0 0.635035
 0 0.635037
 0 0.635037
 0 0.635038
 0 0.635052
 0 0.635054
 0 0.635054
 0 0.635054
 0 0.63506
 0 0.635061
 0 0.635067
 0 0.635077
 0 0.635079
 0 0.635087
 0 0.635088
 0 0.635089
 0 0.63509
 0 0.635126
 0 0.635126
 0 0.63513
 0 0.635134
 0 0.635135
 0 0.635135
 0 0.635136
 0 0.635165
 0 0.635166
 0 0.635166
 0 0.635172
 0 0.63518
 0 0.635188
 0 0.635193
 0 0.635193
 0 0.635199
 0 0.6352
 0 0.635209
 0 0.63521
 0 0.63521
 0 0.63521
 0 0.635211
 0 0.635211
 0 0.635212
 0 0.635215
 0 0.635215
 0 0.635253
 0 0.635253
 0 0.635255
 0 0.63526
 0 0.63526
 0 0.635263
 0 0.635264
 0 0.635264
 0 0.635278
 0 0.635282
 0 0.635282
 0 0.635285
 0 0.635292
 0 0.635293
 0 0.635294
 0 0.635296
 0 0.635298
 0 0.635313
 0 0.635314
 0 0.635315
 0 0.635315
 0 0.635315
 0 0.635316
 0 0.635316
 0 0.635316
 0 0.635317
 0 0.635323
 0 0.635329
 0 0.635329
 0 0.635357
 0 0.63536
 0 0.635362
 0 0.635371
 0 0.635372
 0 0.635378
 0 0.635378
 0 0.635385
 0 0.635399
 0 0.63541
 0 0.635415
 0 0.635417
 0 0.63542
 0 0.635423
 0 0.635424
 0 0.635435
 0 0.635435
 0 0.635435
 0 0.635436
 0 0.635437
 0 0.635439
 0 0.635466
 0 0.635467
 0 0.635468
 0 0.635468
 0 0.635469
 0 0.635469
 0 0.635471
 0 0.635478
 0 0.635479
 0 0.635484
 0 0.635484
 0 0.635485
 0 0.635486
 0 0.635493
 0 0.635511
 0 0.635513
 0 0.635514
 0 0.635514
 0 0.635516
 0 0.635518
 0 0.635518
 0 0.635535
 0 0.63557
 0 0.635577
 0 0.635577
 0 0.635586
 0 0.635587
 0 0.635593
 0 0.635614
 0 0.635615
 0 0.635615
 0 0.635627
 0 0.635628
 0 0.635629
 0 0.635629
 0 0.63563
 0 0.635634
 0 0.635634
 0 0.635635
 0 0.635636
 0 0.635639
 0 0.635639
 0 0.635639
 0 0.63565
 0 0.635664
 0 0.635665
 0 0.635676
 0 0.635681
 0 0.635682
 0 0.635682
 0 0.635682
 0 0.635683
 0 0.635683
 0 0.635684
 0 0.635685
 0 0.635685
 0 0.635694
 0 0.635718
 0 0.635723
 0 0.635723
 0 0.635744
 0 0.635744
 0 0.635744
 0 0.635745
 0 0.635745
 0 0.635745
 0 0.635745
 0 0.635746
 0 0.635749
 0 0.63575
 0 0.635753
 0 0.63576
 0 0.635768
 0 0.635768
 0 0.635768
 0 0.635768
 0 0.635779
 0 0.635779
 0 0.635786
 0 0.635799
 0 0.635799
 0 0.635801
 0 0.635804
 0 0.635814
 0 0.635814
 0 0.635816
 0 0.635816
 0 0.635817
 0 0.635821
 0 0.635825
 0 0.635825
 0 0.63586
 0 0.63586
 0 0.635866
 0 0.635897
 0 0.635898
 0 0.6359
 0 0.635902
 0 0.635902
 0 0.635916
 0 0.63594
 0 0.635942
 0 0.635944
 0 0.635969
 0 0.635973
 0 0.635974
 0 0.63599
 0 0.635994
 0 0.636013
 0 0.636014
 0 0.636015
 0 0.636015
 0 0.636022
 0 0.636027
 0 0.636057
 0 0.636065
 0 0.636065
 0 0.636065
 0 0.636072
 0 0.636076
 0 0.636076
 0 0.636077
 0 0.636079
 0 0.636079
 0 0.636079
 0 0.636081
 0 0.636129
 0 0.636156
 0 0.636157
 0 0.63616
 0 0.63616
 0 0.63616
 0 0.63616
 0 0.63616
 0 0.636162
 0 0.636163
 0 0.6362
 0 0.636202
 0 0.636206
 0 0.636207
 0 0.636221
 0 0.636221
 0 0.636246
 0 0.636247
 0 0.636248
 0 0.636255
 0 0.636255
 0 0.636278
 0 0.636278
 0 0.63628
 0 0.636286
 0 0.636286
 0 0.636302
 0 0.636307
 0 0.636317
 0 0.636318
 0 0.636319
 0 0.636331
 0 0.636368
 0 0.636408
 0 0.636423
 0 0.636425
 0 0.636426
 0 0.636447
 0 0.636447
 0 0.636497
 0 0.636516
 0 0.63655
 0 0.63656
 0 0.636561
 0 0.636579
 0 0.636579
 0 0.636596
 0 0.636597
 0 0.636601
 0 0.636604
 0 0.636662
 0 0.636675
 0 0.636695
 0 0.636697
 0 0.636701
 0 0.636718
 0 0.63672
 0 0.636726
 0 0.636726
 0 0.636729
 0 0.636741
 0 0.636744
 0 0.636744
 0 0.636744
 0 0.636744
 0 0.636744
 0 0.636754
 0 0.636755
 0 0.636758
 0 0.636758
 0 0.636774
 0 0.636956
 0 0.636957
 0 0.636959
 0 0.636974
 0 0.636975
 0 0.637073
 0 0.637074
 0 0.637077
 0 0.637099
 0 0.637116
 0 0.637121
 0 0.637121
 0 0.637135
 0 0.637213
 0 0.637214
 0 0.637284
 0 0.637287
 0 0.637296
 0 0.637298
 0 0.6373
 0 0.637328
 0 0.637331
 0 0.637331
 0 0.637371
 0 0.637441
 0 0.637447
 0 0.637603
 0 0.637604
 0 0.637604
 0 0.63772
 0 0.637726
 0 0.637766
 0 0.637767
 0 0.637884
 0 0.637885
 0 0.637885
 0 0.637924
 0 0.638015
 0 0.638016
 0 0.638132
 0 0.638134
 0 0.638186
 0 0.638186
 0 0.638188
 0 0.638283
 0 0.638302
 0 0.638302
 0 0.63833
 0 0.638353
 0 0.638463
 0 0.638533
 0 0.638533
 0 0.638642
 0 0.638644
 0 0.638644
 0 0.638644
 0 0.63866
 0 0.638677
 0 0.638677
 0 0.638764
 0 0.638764
 0 0.638765
 0 0.638767
 0 0.638782
 0 0.638828
 0 0.638844
 0 0.638844
 0 0.638902
 0 0.638903
 0 0.639014
 0 0.639018
 0 0.639018
 0 0.639018
 0 0.639018
 0 0.6391
 0 0.639232
 0 0.639233
 0 0.639325
 0 0.639429
 0 0.639429
 0 0.639429
 0 0.639429
 0 0.639463
 0 0.639463
 0 0.639479
 0 0.639734
 0 0.639795
 0 0.639795
 0 0.639991
 0 0.639991
 0 0.639992
 0 0.639993
 0 0.639994
 0 0.640077
 0 0.640079
 0 0.64008
 0 0.64008
 0 0.64008
 0 0.640105
 0 0.640105
 0 0.64019
 0 0.640191
 0 0.640217
 0 0.640223
 0 0.640223
 0 0.640223
 0 0.640397
 0 0.640401
 0 0.640631
 0 0.640631
 0 0.640634
 0 0.641076
 0 0.641131
 0 0.641132
 0 0.641133
 0 0.641795
 0 inf
