 0 0.50487
 0 0.50487
 0 0.504871
 0 0.504871
 0 0.505354
 0 0.505356
 0 0.625209
 0 0.625299
 0 0.625302
 0 0.625302
 0 0.626107
 0 0.62611
 0 0.626205
 0 0.626343
 0 0.626343
 0 0.626343
 0 0.626343
 0 0.626679
 0 0.626968
 0 0.627313
 0 0.627482
 0 0.627482
 0 0.627523
 0 0.627523
 0 0.627523
 0 0.627523
 0 0.627574
 0 0.627576
 0 0.627614
 0 0.62767
 0 0.627803
 0 0.628026
 0 0.62804
 0 0.62804
 0 0.628041
 0 0.628162
 0 0.628174
 0 0.628174
 0 0.628182
 0 0.628185
 0 0.628188
 0 0.628211
 0 0.628241
 0 0.628241
 0 0.628241
 0 0.628277
 0 0.628286
 0 0.628288
 0 0.628334
 0 0.628387
 0 0.628387
 0 0.628387
 0 0.628398
 0 0.628401
 0 0.628408
 0 0.628409
 0 0.628456
 0 0.628457
 0 0.628509
 0 0.62851
 0 0.628512
 0 0.628514
 0 0.628561
 0 0.628605
 0 0.628605
 0 0.628612
 0 0.628613
 0 0.628639
 0 0.62864
 0 0.62864
 0 0.628657
 0 0.628899
 0 0.628899
 0 0.62892
 0 0.62892
 0 0.62892
 0 0.62892
 0 0.628921
 0 0.628921
 0 0.628944
 0 0.628945
 0 0.628947
 0 0.628947
 0 0.628954
 0 0.628955
 0 0.628956
 0 0.628959
 0 0.628959
 0 0.628984
 0 0.628987
 0 0.628988
 0 0.628988
 0 0.628991
 0 0.629032
 0 0.629033
 0 0.629052
 0 0.629052
 0 0.629054
 0 0.629066
 0 0.629126
 0 0.629133
 0 0.629133
 0 0.629134
 0 0.629135
 0 0.629135
 0 0.629163
 0 0.629164
 0 0.629164
 0 0.629164
 0 0.629228
 0 0.629335
 0 0.629335
 0 0.629335
 0 0.62936
 0 0.629366
 0 0.629381
 0 0.629454
 0 0.629455
 0 0.629458
 0 0.629459
 0 0.629462
 0 0.629462
 0 0.629468
 0 0.629477
 0 0.629477
 0 0.629477
 0 0.629477
 0 0.629488
 0 0.62953
 0 0.62958
 0 0.62963
 0 0.629631
 0 0.629632
 0 0.62964
 0 0.629643
 0 0.629643
 0 0.629658
 0 0.62967
 0 0.62967
 0 0.62967
 0 0.629682
 0 0.629683
 0 0.629683
 0 0.629683
 0 0.629696
 0 0.629727
 0 0.62973
 0 0.629731
 0 0.629739
 0 0.62974
 0 0.62974
 0 0.629765
 0 0.629769
 0 0.629769
 0 0.629777
 0 0.629778
 0 0.629779
 0 0.629857
 0 0.629859
 0 0.629863
 0 0.62987
 0 0.62987
 0 0.629873
 0 0.629885
 0 0.629889
 0 0.629896
 0 0.6299
 0 0.629915
 0 0.629915
 0 0.629916
 0 0.629917
 0 0.629926
 0 0.629926
 0 0.629926
 0 0.629961
 0 0.629974
 0 0.629985
 0 0.630028
 0 0.630068
 0 0.630068
 0 0.630072
 0 0.630072
 0 0.630099
 0 0.630124
 0 0.630132
 0 0.630133
 0 0.630136
 0 0.63014
 0 0.630145
 0 0.630147
 0 0.630185
 0 0.630186
 0 0.630222
 0 0.630223
 0 0.630223
 0 0.630233
 0 0.63025
 0 0.630266
 0 0.630282
 0 0.630283
 0 0.630283
 0 0.630299
 0 0.6303
 0 0.630306
 0 0.630306
 0 0.63031
 0 0.63031
 0 0.63031
 0 0.63031
 0 0.630318
 0 0.630318
 0 0.630333
 0 0.630372
 0 0.630385
 0 0.630418
 0 0.630421
 0 0.630421
 0 0.630447
 0 0.630447
 0 0.630466
 0 0.630466
 0 0.630469
 0 0.63047
 0 0.63047
 0 0.630471
 0 0.630471
 0 0.630471
 0 0.630471
 0 0.630473
 0 0.630486
 0 0.630487
 0 0.630489
 0 0.630489
 0 0.630495
 0 0.630497
 0 0.630497
 0 0.630516
 0 0.63052
 0 0.63052
 0 0.630526
 0 0.630528
 0 0.630528
 0 0.630528
 0 0.630528
 0 0.630528
 0 0.630531
 0 0.630531
 0 0.630537
 0 0.630538
 0 0.630561
 0 0.630564
 0 0.630566
 0 0.630568
 0 0.630572
 0 0.630575
 0 0.630576
 0 0.63059
 0 0.630601
 0 0.630603
 0 0.630609
 0 0.630609
 0 0.630611
 0 0.630621
 0 0.630623
 0 0.630623
 0 0.630623
 0 0.630623
 0 0.630636
 0 0.630637
 0 0.630637
 0 0.630641
 0 0.630677
 0 0.630679
 0 0.630691
 0 0.630698
 0 0.630699
 0 0.630708
 0 0.630709
 0 0.63073
 0 0.63073
 0 0.630737
 0 0.630737
 0 0.630746
 0 0.630747
 0 0.630749
 0 0.630749
 0 0.630751
 0 0.630752
 0 0.630754
 0 0.630754
 0 0.630761
 0 0.630766
 0 0.630767
 0 0.630785
 0 0.630795
 0 0.630798
 0 0.630818
 0 0.630822
 0 0.630822
 0 0.630822
 0 0.630822
 0 0.630822
 0 0.630824
 0 0.63087
 0 0.63087
 0 0.63087
 0 0.630895
 0 0.630902
 0 0.630903
 0 0.630918
 0 0.630924
 0 0.630936
 0 0.63095
 0 0.63095
 0 0.630953
 0 0.630953
 0 0.630953
 0 0.630954
 0 0.630967
 0 0.630969
 0 0.630978
 0 0.630987
 0 0.630988
 0 0.630989
 0 0.63099
 0 0.631001
 0 0.631001
 0 0.631001
 0 0.631001
 0 0.631002
 0 0.631004
 0 0.631013
 0 0.631013
 0 0.63103
 0 0.631038
 0 0.631043
 0 0.631071
 0 0.631077
 0 0.631077
 0 0.631085
 0 0.631092
 0 0.631095
 0 0.631096
 0 0.631107
 0 0.631108
 0 0.631108
 0 0.631108
 0 0.631109
 0 0.631114
 0 0.631114
 0 0.631114
 0 0.631114
 0 0.631142
 0 0.63115
 0 0.63115
 0 0.631179
 0 0.63118
 0 0.63118
 0 0.631185
 0 0.631196
 0 0.631196
 0 0.631198
 0 0.631198
 0 0.631232
 0 0.631232
 0 0.631242
 0 0.631243
 0 0.631243
 0 0.631247
 0 0.631251
 0 0.63126
 0 0.631272
 0 0.631273
 0 0.631279
 0 0.631279
 0 0.631282
 0 0.631282
 0 0.631284
 0 0.631284
 0 0.631287
 0 0.631288
 0 0.631288
 0 0.63129
 0 0.631292
 0 0.631292
 0 0.631298
 0 0.631299
 0 0.631304
 0 0.63131
 0 0.63131
 0 0.631312
 0 0.631313
 0 0.631316
 0 0.631318
 0 0.631318
 0 0.631328
 0 0.631329
 0 0.631329
 0 0.631334
 0 0.631337
 0 0.631337
 0 0.631337
 0 0.631341
 0 0.631341
 0 0.631343
 0 0.631347
 0 0.631347
 0 0.631348
 0 0.631352
 0 0.631352
 0 0.631358
 0 0.631361
 0 0.631365
 0 0.631374
 0 0.631374
 0 0.631386
 0 0.631387
 0 0.631387
 0 0.631387
 0 0.631387
 0 0.631393
 0 0.631394
 0 0.631396
 0 0.631396
 0 0.631396
 0 0.631396
 0 0.631397
 0 0.631398
 0 0.631398
 0 0.6314
 0 0.631407
 0 0.631407
 0 0.631412
 0 0.631412
 0 0.631412
 0 0.631413
 0 0.631417
 0 0.631425
 0 0.631425
 0 0.631466
 0 0.631489
 0 0.631489
 0 0.631493
 0 0.631494
 0 0.631494
 0 0.631499
 0 0.631519
 0 0.63152
 0 0.631521
 0 0.631522
 0 0.631522
 0 0.631522
 0 0.631522
 0 0.631523
 0 0.631525
 0 0.631538
 0 0.631542
 0 0.631554
 0 0.631555
 0 0.631555
 0 0.631556
 0 0.631556
 0 0.631556
 0 0.631557
 0 0.631558
 0 0.631558
 0 0.631559
 0 0.631559
 0 0.631565
 0 0.631566
 0 0.631566
 0 0.631585
 0 0.631605
 0 0.631605
 0 0.631606
 0 0.631614
 0 0.631614
 0 0.631614
 0 0.631614
 0 0.631629
 0 0.631633
 0 0.631633
 0 0.63164
 0 0.631648
 0 0.63165
 0 0.631652
 0 0.631655
 0 0.631655
 0 0.631669
 0 0.631669
 0 0.631673
 0 0.631676
 0 0.631676
 0 0.631677
 0 0.63168
 0 0.631691
 0 0.631692
 0 0.631699
 0 0.6317
 0 0.6317
 0 0.63171
 0 0.631711
 0 0.631717
 0 0.631718
 0 0.631722
 0 0.631725
 0 0.631725
 0 0.631725
 0 0.631726
 0 0.631727
 0 0.631728
 0 0.631728
 0 0.631728
 0 0.63173
 0 0.631735
 0 0.631735
 0 0.631744
 0 0.631744
 0 0.631746
 0 0.631755
 0 0.631755
 0 0.631755
 0 0.631755
 0 0.631757
 0 0.631758
 0 0.631773
 0 0.631773
 0 0.631774
 0 0.631774
 0 0.631774
 0 0.631775
 0 0.631779
 0 0.631784
 0 0.631788
 0 0.631789
 0 0.631789
 0 0.631791
 0 0.631791
 0 0.631807
 0 0.631811
 0 0.631817
 0 0.631817
 0 0.631818
 0 0.631818
 0 0.631818
 0 0.631818
 0 0.631818
 0 0.631818
 0 0.631819
 0 0.631819
 0 0.63182
 0 0.63182
 0 0.631825
 0 0.631826
 0 0.631828
 0 0.63183
 0 0.63183
 0 0.631831
 0 0.631831
 0 0.631839
 0 0.631841
 0 0.631843
 0 0.631849
 0 0.63185
 0 0.63186
 0 0.631861
 0 0.631863
 0 0.631866
 0 0.631866
 0 0.631866
 0 0.631867
 0 0.631875
 0 0.631875
 0 0.631876
 0 0.63188
 0 0.63189
 0 0.63189
 0 0.631901
 0 0.631901
 0 0.631902
 0 0.631913
 0 0.631921
 0 0.631933
 0 0.631938
 0 0.63194
 0 0.63194
 0 0.631951
 0 0.631974
 0 0.631977
 0 0.631977
 0 0.631978
 0 0.631978
 0 0.631979
 0 0.631979
 0 0.631982
 0 0.631985
 0 0.631986
 0 0.632011
 0 0.632014
 0 0.632015
 0 0.632026
 0 0.632027
 0 0.632047
 0 0.632047
 0 0.632047
 0 0.632065
 0 0.632066
 0 0.632069
 0 0.632074
 0 0.632085
 0 0.632085
 0 0.632088
 0 0.632093
 0 0.632097
 0 0.632097
 0 0.632099
 0 0.632102
 0 0.632102
 0 0.632102
 0 0.632105
 0 0.632112
 0 0.632113
 0 0.632115
 0 0.632117
 0 0.632117
 0 0.632118
 0 0.632124
 0 0.632124
 0 0.632127
 0 0.632127
 0 0.63213
 0 0.632143
 0 0.632148
 0 0.632148
 0 0.632148
 0 0.632153
 0 0.632158
 0 0.63216
 0 0.63216
 0 0.63216
 0 0.632162
 0 0.632162
 0 0.632168
 0 0.632168
 0 0.632168
 0 0.632168
 0 0.632169
 0 0.632169
 0 0.63217
 0 0.632181
 0 0.632186
 0 0.63219
 0 0.632207
 0 0.632207
 0 0.632207
 0 0.632207
 0 0.632209
 0 0.63221
 0 0.63221
 0 0.632211
 0 0.632226
 0 0.632226
 0 0.632226
 0 0.632227
 0 0.632228
 0 0.632228
 0 0.632245
 0 0.632245
 0 0.632254
 0 0.632254
 0 0.632261
 0 0.632268
 0 0.632269
 0 0.63227
 0 0.632271
 0 0.632274
 0 0.632276
 0 0.632276
 0 0.632276
 0 0.632277
 0 0.632282
 0 0.632282
 0 0.632283
 0 0.632283
 0 0.632286
 0 0.63229
 0 0.632293
 0 0.632294
 0 0.632295
 0 0.632306
 0 0.63232
 0 0.63232
 0 0.63232
 0 0.632321
 0 0.632321
 0 0.632323
 0 0.632332
 0 0.632332
 0 0.632351
 0 0.632354
 0 0.632355
 0 0.632356
 0 0.632367
 0 0.632368
 0 0.632387
 0 0.632395
 0 0.632395
 0 0.632396
 0 0.632396
 0 0.6324
 0 0.632401
 0 0.632413
 0 0.632419
 0 0.632419
 0 0.632421
 0 0.632421
 0 0.632427
 0 0.632429
 0 0.632433
 0 0.632433
 0 0.632437
 0 0.632443
 0 0.632445
 0 0.632445
 0 0.632445
 0 0.632445
 0 0.632445
 0 0.632449
 0 0.632452
 0 0.632457
 0 0.632457
 0 0.632457
 0 0.632462
 0 0.632463
 0 0.632463
 0 0.632464
 0 0.632464
 0 0.632464
 0 0.632465
 0 0.632465
 0 0.632468
 0 0.632468
 0 0.63247
 0 0.63247
 0 0.632472
 0 0.632475
 0 0.632476
 0 0.632476
 0 0.632476
 0 0.632483
 0 0.632483
 0 0.632483
 0 0.632483
 0 0.632483
 0 0.632483
 0 0.6325
 0 0.632517
 0 0.632517
 0 0.63252
 0 0.632522
 0 0.632528
 0 0.632528
 0 0.632538
 0 0.632538
 0 0.632538
 0 0.632538
 0 0.632539
 0 0.632539
 0 0.63254
 0 0.63254
 0 0.63254
 0 0.632547
 0 0.632548
 0 0.63255
 0 0.632559
 0 0.632565
 0 0.632568
 0 0.632571
 0 0.632583
 0 0.632586
 0 0.632586
 0 0.632587
 0 0.632591
 0 0.6326
 0 0.63261
 0 0.632611
 0 0.632614
 0 0.632614
 0 0.632614
 0 0.632618
 0 0.632623
 0 0.632627
 0 0.632627
 0 0.632634
 0 0.63265
 0 0.63265
 0 0.632656
 0 0.632663
 0 0.632663
 0 0.632674
 0 0.632674
 0 0.632675
 0 0.632684
 0 0.632685
 0 0.632689
 0 0.632689
 0 0.632689
 0 0.632689
 0 0.632691
 0 0.632692
 0 0.6327
 0 0.632712
 0 0.632718
 0 0.632719
 0 0.632719
 0 0.632719
 0 0.632719
 0 0.632725
 0 0.632725
 0 0.632737
 0 0.63275
 0 0.632752
 0 0.632752
 0 0.632754
 0 0.632754
 0 0.632756
 0 0.632758
 0 0.632758
 0 0.63277
 0 0.632772
 0 0.632773
 0 0.632773
 0 0.632773
 0 0.632774
 0 0.632777
 0 0.632778
 0 0.632779
 0 0.632779
 0 0.632797
 0 0.632797
 0 0.632797
 0 0.632797
 0 0.632812
 0 0.632814
 0 0.632815
 0 0.632825
 0 0.632826
 0 0.632826
 0 0.632826
 0 0.632828
 0 0.632833
 0 0.632835
 0 0.632846
 0 0.632846
 0 0.632847
 0 0.632851
 0 0.632858
 0 0.632867
 0 0.632867
 0 0.63287
 0 0.632871
 0 0.632871
 0 0.632873
 0 0.632878
 0 0.63288
 0 0.632886
 0 0.632886
 0 0.632894
 0 0.632894
 0 0.632894
 0 0.632894
 0 0.632895
 0 0.632896
 0 0.632903
 0 0.632909
 0 0.632912
 0 0.632914
 0 0.632914
 0 0.632916
 0 0.632916
 0 0.632918
 0 0.632918
 0 0.632919
 0 0.632919
 0 0.632919
 0 0.632919
 0 0.632919
 0 0.632924
 0 0.632927
 0 0.632929
 0 0.63293
 0 0.632937
 0 0.632941
 0 0.632941
 0 0.632949
 0 0.632952
 0 0.632954
 0 0.632954
 0 0.632956
 0 0.632957
 0 0.632957
 0 0.632957
 0 0.632966
 0 0.632968
 0 0.632969
 0 0.632969
 0 0.632983
 0 0.632995
 0 0.632997
 0 0.632999
 0 0.632999
 0 0.633
 0 0.633
 0 0.633003
 0 0.633003
 0 0.633004
 0 0.633004
 0 0.633013
 0 0.633013
 0 0.633016
 0 0.633023
 0 0.633036
 0 0.633051
 0 0.633054
 0 0.633059
 0 0.633059
 0 0.633065
 0 0.633067
 0 0.633078
 0 0.63308
 0 0.633081
 0 0.633081
 0 0.633082
 0 0.633082
 0 0.633092
 0 0.633093
 0 0.633096
 0 0.633102
 0 0.633102
 0 0.633104
 0 0.633106
 0 0.633111
 0 0.633117
 0 0.633121
 0 0.633123
 0 0.633127
 0 0.633133
 0 0.633156
 0 0.633156
 0 0.633167
 0 0.633167
 0 0.633168
 0 0.633169
 0 0.633173
 0 0.633173
 0 0.633176
 0 0.633176
 0 0.633201
 0 0.633206
 0 0.633208
 0 0.633215
 0 0.633218
 0 0.633218
 0 0.633218
 0 0.633228
 0 0.63323
 0 0.633234
 0 0.633241
 0 0.633244
 0 0.633244
 0 0.633245
 0 0.633256
 0 0.633257
 0 0.633264
 0 0.633267
 0 0.633267
 0 0.633267
 0 0.633273
 0 0.633273
 0 0.633273
 0 0.633274
 0 0.633278
 0 0.633287
 0 0.63329
 0 0.633295
 0 0.633295
 0 0.633296
 0 0.633296
 0 0.633311
 0 0.633311
 0 0.633314
 0 0.633314
 0 0.633314
 0 0.633314
 0 0.633314
 0 0.633314
 0 0.633318
 0 0.63332
 0 0.633324
 0 0.633337
 0 0.633338
 0 0.633339
 0 0.633341
 0 0.633343
 0 0.63335
 0 0.633357
 0 0.633368
 0 0.633368
 0 0.633373
 0 0.63338
 0 0.63338
 0 0.63338
 0 0.633385
 0 0.633385
 0 0.633385
 0 0.633385
 0 0.633387
 0 0.633388
 0 0.633388
 0 0.633388
 0 0.633392
 0 0.633393
 0 0.633393
 0 0.633394
 0 0.633395
 0 0.633397
 0 0.633398
 0 0.6334
 0 0.6334
 0 0.633404
 0 0.633407
 0 0.633407
 0 0.633407
 0 0.633413
 0 0.633419
 0 0.633427
 0 0.633442
 0 0.633442
 0 0.633444
 0 0.633444
 0 0.633444
 0 0.633445
 0 0.63345
 0 0.63345
 0 0.63345
 0 0.633451
 0 0.633452
 0 0.633452
 0 0.633457
 0 0.633459
 0 0.633461
 0 0.633462
 0 0.633464
 0 0.633475
 0 0.633477
 0 0.633478
 0 0.633486
 0 0.633496
 0 0.633496
 0 0.633496
 0 0.633524
 0 0.633525
 0 0.633527
 0 0.633527
 0 0.63353
 0 0.633531
 0 0.633531
 0 0.633531
 0 0.633532
 0 0.633532
 0 0.633537
 0 0.633538
 0 0.633538
 0 0.63354
 0 0.633543
 0 0.633544
 0 0.63355
 0 0.63355
 0 0.633559
 0 0.633571
 0 0.633572
 0 0.633578
 0 0.633578
 0 0.633585
 0 0.633593
 0 0.633594
 0 0.633595
 0 0.633596
 0 0.633603
 0 0.633604
 0 0.633615
 0 0.633615
 0 0.633616
 0 0.63362
 0 0.633621
 0 0.633622
 0 0.633623
 0 0.633625
 0 0.633625
 0 0.633625
 0 0.633651
 0 0.633663
 0 0.633663
 0 0.633664
 0 0.63367
 0 0.633676
 0 0.633678
 0 0.633678
 0 0.633681
 0 0.633689
 0 0.633697
 0 0.633702
 0 0.633703
 0 0.633703
 0 0.633703
 0 0.633703
 0 0.633703
 0 0.633703
 0 0.633703
 0 0.633704
 0 0.633704
 0 0.633721
 0 0.633744
 0 0.633745
 0 0.633747
 0 0.633751
 0 0.633751
 0 0.633756
 0 0.633774
 0 0.633775
 0 0.633776
 0 0.633779
 0 0.633781
 0 0.633784
 0 0.633784
 0 0.633785
 0 0.633786
 0 0.633788
 0 0.633789
 0 0.63379
 0 0.633791
 0 0.633792
 0 0.633796
 0 0.633808
 0 0.633808
 0 0.633811
 0 0.633811
 0 0.633812
 0 0.633812
 0 0.633814
 0 0.633814
 0 0.633815
 0 0.633815
 0 0.633816
 0 0.633818
 0 0.633823
 0 0.633823
 0 0.633823
 0 0.633826
 0 0.633826
 0 0.633826
 0 0.633831
 0 0.633843
 0 0.633844
 0 0.633848
 0 0.633855
 0 0.633864
 0 0.633864
 0 0.633864
 0 0.633865
 0 0.633874
 0 0.633881
 0 0.633884
 0 0.633887
 0 0.633897
 0 0.633898
 0 0.633899
 0 0.6339
 0 0.633904
 0 0.633904
 0 0.633911
 0 0.633915
 0 0.633917
 0 0.633918
 0 0.633921
 0 0.633921
 0 0.633925
 0 0.633925
 0 0.633926
 0 0.633928
 0 0.633932
 0 0.633934
 0 0.633934
 0 0.633941
 0 0.633942
 0 0.633942
 0 0.633977
 0 0.633981
 0 0.633982
 0 0.633999
 0 0.634
 0 0.634008
 0 0.634011
 0 0.634013
 0 0.634017
 0 0.634017
 0 0.63403
 0 0.634035
 0 0.634035
 0 0.634041
 0 0.634042
 0 0.634043
 0 0.634066
 0 0.634076
 0 0.634082
 0 0.634085
 0 0.634099
 0 0.6341
 0 0.6341
 0 0.634102
 0 0.634104
 0 0.634104
 0 0.634105
 0 0.634123
 0 0.634123
 0 0.634124
 0 0.634124
 0 0.634124
 0 0.634124
 0 0.634124
 0 0.634126
 0 0.634133
 0 0.634133
 0 0.634133
 0 0.634134
 0 0.634135
 0 0.634145
 0 0.634153
 0 0.634169
 0 0.634169
 0 0.634169
 0 0.63417
 0 0.634172
 0 0.634175
 0 0.634179
 0 0.63418
 0 0.634181
 0 0.634182
 0 0.634184
 0 0.634186
 0 0.63419
 0 0.63419
 0 0.634192
 0 0.634193
 0 0.634193
 0 0.634195
 0 0.634199
 0 0.634199
 0 0.634199
 0 0.634199
 0 0.634199
 0 0.6342
 0 0.6342
 0 0.634201
 0 0.634203
 0 0.634203
 0 0.634205
 0 0.634206
 0 0.634209
 0 0.634215
 0 0.634232
 0 0.634232
 0 0.634237
 0 0.634237
 0 0.634241
 0 0.634244
 0 0.634244
 0 0.634245
 0 0.634245
 0 0.634246
 0 0.634249
 0 0.634251
 0 0.634257
 0 0.634287
 0 0.634288
 0 0.634289
 0 0.634291
 0 0.634293
 0 0.634295
 0 0.634298
 0 0.634315
 0 0.634315
 0 0.634315
 0 0.634318
 0 0.634319
 0 0.634322
 0 0.634323
 0 0.634326
 0 0.634336
 0 0.634341
 0 0.634341
 0 0.634342
 0 0.634342
 0 0.634342
 0 0.634342
 0 0.634342
 0 0.634342
 0 0.634344
 0 0.634344
 0 0.634348
 0 0.634367
 0 0.634367
 0 0.634368
 0 0.63437
 0 0.63437
 0 0.63437
 0 0.634371
 0 0.634371
 0 0.634376
 0 0.634376
 0 0.634377
 0 0.63438
 0 0.634385
 0 0.634393
 0 0.634393
 0 0.634393
 0 0.634393
 0 0.634397
 0 0.634401
 0 0.634401
 0 0.634403
 0 0.634405
 0 0.63441
 0 0.63441
 0 0.634425
 0 0.634431
 0 0.634442
 0 0.634442
 0 0.634444
 0 0.634462
 0 0.634463
 0 0.634467
 0 0.634468
 0 0.634469
 0 0.634471
 0 0.634471
 0 0.634475
 0 0.634475
 0 0.634475
 0 0.634478
 0 0.634479
 0 0.63448
 0 0.634483
 0 0.634483
 0 0.634484
 0 0.634484
 0 0.634489
 0 0.63449
 0 0.634492
 0 0.634492
 0 0.634504
 0 0.634506
 0 0.634521
 0 0.634522
 0 0.634537
 0 0.634544
 0 0.634545
 0 0.634546
 0 0.634546
 0 0.634546
 0 0.634546
 0 0.634547
 0 0.634547
 0 0.634551
 0 0.634552
 0 0.634553
 0 0.634568
 0 0.634568
 0 0.63457
 0 0.634575
 0 0.634587
 0 0.634599
 0 0.634602
 0 0.634605
 0 0.634605
 0 0.634606
 0 0.634606
 0 0.634636
 0 0.634636
 0 0.634638
 0 0.634638
 0 0.634641
 0 0.634648
 0 0.634652
 0 0.634655
 0 0.634656
 0 0.634656
 0 0.634659
 0 0.634663
 0 0.634663
 0 0.634663
 0 0.634664
 0 0.63467
 0 0.634683
 0 0.634683
 0 0.634683
 0 0.634687
 0 0.634688
 0 0.634694
 0 0.634696
 0 0.634697
 0 0.634697
 0 0.6347
 0 0.634701
 0 0.634703
 0 0.63471
 0 0.634717
 0 0.634717
 0 0.634726
 0 0.634726
 0 0.634726
 0 0.634726
 0 0.634728
 0 0.634728
 0 0.634731
 0 0.63474
 0 0.634752
 0 0.634754
 0 0.634755
 0 0.634755
 0 0.634755
 0 0.634755
 0 0.634756
 0 0.634756
 0 0.634756
 0 0.634757
 0 0.634758
 0 0.634759
 0 0.63476
 0 0.634761
 0 0.634763
 0 0.634771
 0 0.634772
 0 0.634781
 0 0.634781
 0 0.634781
 0 0.634782
 0 0.634787
 0 0.634787
 0 0.634789
 0 0.634795
 0 0.634796
 0 0.634796
 0 0.634796
 0 0.634796
 0 0.634798
 0 0.634798
 0 0.634798
 0 0.634798
 0 0.634816
 0 0.634816
 0 0.634818
 0 0.634819
 0 0.63482
 0 0.634823
 0 0.634824
 0 0.634825
 0 0.634826
 0 0.634826
 0 0.634826
 0 0.63483
 0 0.63483
 0 0.63483
 0 0.634843
 0 0.634851
 0 0.634851
 0 0.634854
 0 0.634854
 0 0.634854
 0 0.63486
 0 0.634861
 0 0.634861
 0 0.634862
 0 0.634877
 0 0.634877
 0 0.634881
 0 0.634882
 0 0.634882
 0 0.634882
 0 0.634888
 0 0.63489
 0 0.634904
 0 0.634906
 0 0.634924
 0 0.634927
 0 0.634929
 0 0.634934
 0 0.634938
 0 0.634938
 0 0.634938
 0 0.634938
 0 0.634939
 0 0.63494
 0 0.634941
 0 0.634943
 0 0.634943
 0 0.634943
 0 0.634944
 0 0.634945
 0 0.634945
 0 0.634959
 0 0.634959
 0 0.634959
 0 0.634959
 0 0.634959
 0 0.634959
 0 0.63496
 0 0.635007
 0 0.635012
 0 0.635026
 0 0.635029
 0 0.635029
 0 0.63503
 0 0.635031
 0 0.635038
 0 0.635038
 0 0.635039
 0 0.635048
 0 0.635048
 0 0.63506
 0 0.63506
 0 0.635072
 0 0.635072
 0 0.635088
 0 0.6351
 0 0.635104
 0 0.635107
 0 0.63511
 0 0.635113
 0 0.635115
 0 0.635136
 0 0.635141
 0 0.635141
 0 0.635143
 0 0.635143
 0 0.635147
 0 0.635147
 0 0.635147
 0 0.635152
 0 0.635152
 0 0.635161
 0 0.635164
 0 0.635174
 0 0.635175
 0 0.635189
 0 0.635191
 0 0.635191
 0 0.635193
 0 0.635193
 0 0.635193
 0 0.635215
 0 0.635215
 0 0.635216
 0 0.635216
 0 0.635218
 0 0.635219
 0 0.635234
 0 0.635238
 0 0.635247
 0 0.635259
 0 0.635264
 0 0.635265
 0 0.635266
 0 0.635283
 0 0.635284
 0 0.635284
 0 0.635286
 0 0.635287
 0 0.635287
 0 0.635291
 0 0.635291
 0 0.635292
 0 0.635298
 0 0.635299
 0 0.6353
 0 0.6353
 0 0.635307
 0 0.63531
 0 0.635316
 0 0.635316
 0 0.635318
 0 0.635318
 0 0.635318
 0 0.635327
 0 0.635327
 0 0.635328
 0 0.635332
 0 0.635332
 0 0.635346
 0 0.635346
 0 0.635347
 0 0.635347
 0 0.635347
 0 0.635348
 0 0.635348
 0 0.635365
 0 0.635365
 0 0.635365
 0 0.635367
 0 0.635374
 0 0.635376
 0 0.635405
 0 0.635406
 0 0.635407
 0 0.635437
 0 0.635443
 0 0.635443
 0 0.635456
 0 0.635457
 0 0.635457
 0 0.635468
 0 0.635493
 0 0.635495
 0 0.635502
 0 0.635505
 0 0.635506
 0 0.635506
 0 0.635509
 0 0.635515
 0 0.635523
 0 0.635523
 0 0.63553
 0 0.63553
 0 0.63553
 0 0.63553
 0 0.635532
 0 0.635537
 0 0.635552
 0 0.635552
 0 0.635574
 0 0.635579
 0 0.635579
 0 0.635587
 0 0.63561
 0 0.635611
 0 0.635623
 0 0.635624
 0 0.635628
 0 0.635629
 0 0.63563
 0 0.63563
 0 0.635631
 0 0.635652
 0 0.635655
 0 0.635655
 0 0.635674
 0 0.635679
 0 0.63568
 0 0.63568
 0 0.635683
 0 0.635683
 0 0.635683
 0 0.635684
 0 0.635688
 0 0.635688
 0 0.635688
 0 0.635688
 0 0.635691
 0 0.635716
 0 0.635734
 0 0.635734
 0 0.635748
 0 0.635764
 0 0.635775
 0 0.635775
 0 0.635776
 0 0.635777
 0 0.635786
 0 0.635786
 0 0.635787
 0 0.635814
 0 0.63583
 0 0.63583
 0 0.635839
 0 0.635851
 0 0.635863
 0 0.635867
 0 0.635867
 0 0.63587
 0 0.63587
 0 0.635873
 0 0.635897
 0 0.635924
 0 0.635927
 0 0.635933
 0 0.635933
 0 0.635962
 0 0.635968
 0 0.635971
 0 0.635975
 0 0.635975
 0 0.635976
 0 0.635976
 0 0.636003
 0 0.636004
 0 0.636004
 0 0.636004
 0 0.636015
 0 0.636018
 0 0.636021
 0 0.636021
 0 0.636021
 0 0.636069
 0 0.636069
 0 0.636073
 0 0.636074
 0 0.636083
 0 0.636107
 0 0.636108
 0 0.636136
 0 0.636139
 0 0.63614
 0 0.636142
 0 0.636152
 0 0.636152
 0 0.636154
 0 0.636168
 0 0.636168
 0 0.636168
 0 0.636169
 0 0.636176
 0 0.636176
 0 0.636181
 0 0.636182
 0 0.636184
 0 0.636195
 0 0.636218
 0 0.636229
 0 0.63623
 0 0.636248
 0 0.636254
 0 0.636257
 0 0.636278
 0 0.63628
 0 0.636288
 0 0.636303
 0 0.636303
 0 0.636312
 0 0.636312
 0 0.636317
 0 0.636403
 0 0.636406
 0 0.636442
 0 0.636449
 0 0.636471
 0 0.636471
 0 0.636478
 0 0.636484
 0 0.636502
 0 0.636503
 0 0.636504
 0 0.636618
 0 0.636619
 0 0.636621
 0 0.636642
 0 0.636642
 0 0.636644
 0 0.63666
 0 0.636661
 0 0.636663
 0 0.636671
 0 0.636707
 0 0.636722
 0 0.636723
 0 0.636724
 0 0.636724
 0 0.636725
 0 0.636745
 0 0.636745
 0 0.636757
 0 0.636837
 0 0.636838
 0 0.636838
 0 0.636864
 0 0.636864
 0 0.636923
 0 0.636975
 0 0.636988
 0 0.636989
 0 0.637012
 0 0.637013
 0 0.637063
 0 0.637063
 0 0.637063
 0 0.637066
 0 0.637066
 0 0.637066
 0 0.637076
 0 0.637076
 0 0.637076
 0 0.637116
 0 0.637122
 0 0.637166
 0 0.637184
 0 0.6372
 0 0.637228
 0 0.637229
 0 0.637322
 0 0.637323
 0 0.637342
 0 0.637343
 0 0.637343
 0 0.63744
 0 0.637453
 0 0.63746
 0 0.637461
 0 0.637463
 0 0.63747
 0 0.63747
 0 0.637475
 0 0.637515
 0 0.637515
 0 0.637643
 0 0.637643
 0 0.637644
 0 0.637644
 0 0.637682
 0 0.637747
 0 0.637748
 0 0.637774
 0 0.637793
 0 0.637801
 0 0.637803
 0 0.638046
 0 0.638118
 0 0.638118
 0 0.638167
 0 0.638202
 0 0.638299
 0 0.638302
 0 0.638388
 0 0.63839
 0 0.63839
 0 0.638395
 0 0.638398
 0 0.638456
 0 0.638456
 0 0.638456
 0 0.638456
 0 0.638456
 0 0.638458
 0 0.638459
 0 0.638528
 0 0.638532
 0 0.638532
 0 0.638643
 0 0.638643
 0 0.638643
 0 0.638643
 0 0.638655
 0 0.638657
 0 0.638701
 0 0.638771
 0 0.63879
 0 0.638792
 0 0.638846
 0 0.638846
 0 0.638846
 0 0.638847
 0 0.638921
 0 0.638932
 0 0.638932
 0 0.638964
 0 0.638965
 0 0.63898
 0 0.638982
 0 0.638982
 0 0.638982
 0 0.639065
 0 0.639066
 0 0.639066
 0 0.639078
 0 0.639081
 0 0.639153
 0 0.639153
 0 0.639154
 0 0.639213
 0 0.639213
 0 0.63922
 0 0.639239
 0 0.639239
 0 0.639333
 0 0.639333
 0 0.639643
 0 0.639644
 0 0.639879
 0 0.63988
 0 0.640153
 0 0.640153
 0 0.640212
 0 0.640752
 0 0.640918
 0 0.640999
 0 0.641336
 0 0.641338
 0 0.641339
 0 0.64134
 0 0.641437
 0 0.641437
 0 0.641456
 0 0.641456
 0 0.641456
 0 0.641516
 0 0.64162
 0 inf
