 0 0.62667
 0 0.627122
 0 0.627456
 0 0.627459
 0 0.627459
 0 0.627459
 0 0.62746
 0 0.627587
 0 0.62772
 0 0.627721
 0 0.628173
 0 0.628173
 0 0.628254
 0 0.628478
 0 0.628478
 0 0.628478
 0 0.628479
 0 0.628479
 0 0.628525
 0 0.628627
 0 0.628627
 0 0.628627
 0 0.628721
 0 0.628721
 0 0.629004
 0 0.629174
 0 0.629332
 0 0.629332
 0 0.629332
 0 0.629364
 0 0.629397
 0 0.629397
 0 0.629646
 0 0.629647
 0 0.629694
 0 0.629694
 0 0.629799
 0 0.629835
 0 0.629836
 0 0.629893
 0 0.63021
 0 0.630212
 0 0.630236
 0 0.630236
 0 0.630236
 0 0.630252
 0 0.630286
 0 0.63031
 0 0.630311
 0 0.630313
 0 0.630313
 0 0.630313
 0 0.630434
 0 0.630434
 0 0.630434
 0 0.630448
 0 0.630457
 0 0.630457
 0 0.630475
 0 0.630476
 0 0.630595
 0 0.63075
 0 0.63075
 0 0.63075
 0 0.63075
 0 0.630761
 0 0.630761
 0 0.630804
 0 0.630804
 0 0.630804
 0 0.630805
 0 0.630807
 0 0.630855
 0 0.630856
 0 0.630856
 0 0.630856
 0 0.630882
 0 0.630882
 0 0.630884
 0 0.630884
 0 0.630905
 0 0.630906
 0 0.630909
 0 0.630961
 0 0.630978
 0 0.630978
 0 0.631045
 0 0.631063
 0 0.631065
 0 0.631097
 0 0.631097
 0 0.631097
 0 0.631124
 0 0.631127
 0 0.631148
 0 0.631204
 0 0.63122
 0 0.631225
 0 0.631268
 0 0.631269
 0 0.631284
 0 0.631286
 0 0.631371
 0 0.631373
 0 0.631403
 0 0.631438
 0 0.631445
 0 0.631447
 0 0.631448
 0 0.631448
 0 0.631458
 0 0.631459
 0 0.631459
 0 0.631462
 0 0.631517
 0 0.631542
 0 0.631561
 0 0.631561
 0 0.631561
 0 0.631562
 0 0.631573
 0 0.631573
 0 0.631576
 0 0.631665
 0 0.631665
 0 0.63167
 0 0.63169
 0 0.631693
 0 0.631733
 0 0.631737
 0 0.631737
 0 0.631831
 0 0.631831
 0 0.631831
 0 0.631854
 0 0.631864
 0 0.631864
 0 0.631879
 0 0.631885
 0 0.631896
 0 0.631898
 0 0.631899
 0 0.631903
 0 0.63194
 0 0.631944
 0 0.63195
 0 0.63195
 0 0.631952
 0 0.631953
 0 0.632022
 0 0.632022
 0 0.632043
 0 0.632059
 0 0.632089
 0 0.632091
 0 0.632091
 0 0.632095
 0 0.632098
 0 0.632116
 0 0.632124
 0 0.632125
 0 0.632202
 0 0.632202
 0 0.632203
 0 0.632203
 0 0.632203
 0 0.63223
 0 0.632239
 0 0.63226
 0 0.632267
 0 0.63227
 0 0.632274
 0 0.632296
 0 0.632302
 0 0.632304
 0 0.632305
 0 0.632306
 0 0.632311
 0 0.632311
 0 0.632341
 0 0.632363
 0 0.632364
 0 0.632367
 0 0.632392
 0 0.632393
 0 0.632446
 0 0.632446
 0 0.632447
 0 0.632447
 0 0.632466
 0 0.632466
 0 0.632466
 0 0.632467
 0 0.632475
 0 0.632479
 0 0.632482
 0 0.632483
 0 0.632517
 0 0.632525
 0 0.632525
 0 0.632562
 0 0.632562
 0 0.632636
 0 0.632638
 0 0.632662
 0 0.632674
 0 0.632677
 0 0.632681
 0 0.632681
 0 0.632681
 0 0.632731
 0 0.632734
 0 0.632738
 0 0.632793
 0 0.632812
 0 0.632814
 0 0.632842
 0 0.632845
 0 0.632853
 0 0.632883
 0 0.632885
 0 0.632887
 0 0.632887
 0 0.632902
 0 0.632902
 0 0.632904
 0 0.632904
 0 0.632905
 0 0.632905
 0 0.632952
 0 0.632955
 0 0.632955
 0 0.632993
 0 0.633006
 0 0.633008
 0 0.633046
 0 0.633085
 0 0.633086
 0 0.633144
 0 0.63316
 0 0.63316
 0 0.63316
 0 0.633162
 0 0.63317
 0 0.633239
 0 0.633239
 0 0.633239
 0 0.633263
 0 0.633263
 0 0.633263
 0 0.633328
 0 0.633329
 0 0.63333
 0 0.63333
 0 0.63333
 0 0.633333
 0 0.633333
 0 0.63334
 0 0.633342
 0 0.633345
 0 0.633351
 0 0.633351
 0 0.633351
 0 0.633378
 0 0.633379
 0 0.63338
 0 0.63338
 0 0.633384
 0 0.633384
 0 0.633399
 0 0.63342
 0 0.633421
 0 0.633423
 0 0.633423
 0 0.633423
 0 0.633423
 0 0.633428
 0 0.633457
 0 0.633458
 0 0.633459
 0 0.633495
 0 0.633519
 0 0.633519
 0 0.633523
 0 0.633618
 0 0.63362
 0 0.63362
 0 0.633622
 0 0.633702
 0 0.633725
 0 0.633728
 0 0.633751
 0 0.633752
 0 0.633774
 0 0.633775
 0 0.633783
 0 0.633784
 0 0.633784
 0 0.633786
 0 0.633786
 0 0.633801
 0 0.633802
 0 0.633803
 0 0.633814
 0 0.633816
 0 0.633816
 0 0.633817
 0 0.633828
 0 0.633829
 0 0.633829
 0 0.633832
 0 0.633889
 0 0.633934
 0 0.633934
 0 0.63394
 0 0.633942
 0 0.633997
 0 0.633997
 0 0.633998
 0 0.634017
 0 0.634071
 0 0.634071
 0 0.634072
 0 0.634104
 0 0.634106
 0 0.634135
 0 0.63416
 0 0.634231
 0 0.634244
 0 0.634257
 0 0.634258
 0 0.634286
 0 0.634289
 0 0.634291
 0 0.634357
 0 0.634357
 0 0.634358
 0 0.634358
 0 0.634366
 0 0.634403
 0 0.634404
 0 0.634405
 0 0.634405
 0 0.634405
 0 0.634409
 0 0.634409
 0 0.634409
 0 0.634409
 0 0.634424
 0 0.634427
 0 0.634434
 0 0.634458
 0 0.63446
 0 0.634484
 0 0.634484
 0 0.634497
 0 0.634532
 0 0.634536
 0 0.634555
 0 0.634561
 0 0.634562
 0 0.63458
 0 0.634581
 0 0.634587
 0 0.634587
 0 0.634587
 0 0.634588
 0 0.634611
 0 0.63463
 0 0.634631
 0 0.634635
 0 0.634635
 0 0.634635
 0 0.634638
 0 0.634655
 0 0.634658
 0 0.6347
 0 0.634701
 0 0.634711
 0 0.634711
 0 0.634719
 0 0.634721
 0 0.634722
 0 0.634723
 0 0.634724
 0 0.634727
 0 0.634745
 0 0.634753
 0 0.634753
 0 0.634754
 0 0.634755
 0 0.634755
 0 0.634756
 0 0.634757
 0 0.634778
 0 0.634804
 0 0.634804
 0 0.634845
 0 0.634846
 0 0.634846
 0 0.634848
 0 0.634862
 0 0.634866
 0 0.634869
 0 0.634896
 0 0.634896
 0 0.634902
 0 0.634902
 0 0.634912
 0 0.634912
 0 0.63492
 0 0.634921
 0 0.634921
 0 0.634932
 0 0.634932
 0 0.634941
 0 0.634945
 0 0.634946
 0 0.634952
 0 0.634952
 0 0.634984
 0 0.634984
 0 0.634986
 0 0.634987
 0 0.635
 0 0.635012
 0 0.635025
 0 0.635033
 0 0.635038
 0 0.635039
 0 0.635051
 0 0.635053
 0 0.635054
 0 0.635095
 0 0.635097
 0 0.6351
 0 0.6351
 0 0.635122
 0 0.635123
 0 0.635134
 0 0.635147
 0 0.635147
 0 0.63515
 0 0.63515
 0 0.635151
 0 0.635202
 0 0.635208
 0 0.635244
 0 0.635245
 0 0.635261
 0 0.635261
 0 0.635298
 0 0.635298
 0 0.635299
 0 0.635308
 0 0.635308
 0 0.635309
 0 0.63531
 0 0.635318
 0 0.63533
 0 0.635331
 0 0.635332
 0 0.635341
 0 0.635366
 0 0.635366
 0 0.635366
 0 0.635366
 0 0.63538
 0 0.635382
 0 0.635397
 0 0.635397
 0 0.635404
 0 0.635404
 0 0.635407
 0 0.635407
 0 0.635411
 0 0.635415
 0 0.635428
 0 0.635485
 0 0.635485
 0 0.635485
 0 0.635485
 0 0.635494
 0 0.635494
 0 0.635498
 0 0.6355
 0 0.635503
 0 0.635505
 0 0.635505
 0 0.635508
 0 0.635515
 0 0.635524
 0 0.635524
 0 0.635526
 0 0.635526
 0 0.63553
 0 0.63553
 0 0.635545
 0 0.635571
 0 0.635592
 0 0.635592
 0 0.635592
 0 0.6356
 0 0.635602
 0 0.635608
 0 0.63562
 0 0.635622
 0 0.635623
 0 0.635624
 0 0.635625
 0 0.635628
 0 0.635637
 0 0.635639
 0 0.635645
 0 0.635645
 0 0.635656
 0 0.635661
 0 0.635662
 0 0.635664
 0 0.635725
 0 0.635725
 0 0.635738
 0 0.63574
 0 0.63574
 0 0.635744
 0 0.635744
 0 0.635762
 0 0.635762
 0 0.635822
 0 0.635822
 0 0.635828
 0 0.635855
 0 0.635855
 0 0.635858
 0 0.635864
 0 0.635865
 0 0.635866
 0 0.635866
 0 0.635866
 0 0.63589
 0 0.635891
 0 0.635907
 0 0.635907
 0 0.635909
 0 0.635914
 0 0.635915
 0 0.635916
 0 0.635917
 0 0.635917
 0 0.635917
 0 0.635917
 0 0.635918
 0 0.635928
 0 0.635929
 0 0.635933
 0 0.635933
 0 0.635967
 0 0.635967
 0 0.635974
 0 0.635978
 0 0.635978
 0 0.635979
 0 0.635979
 0 0.635979
 0 0.636016
 0 0.636019
 0 0.636023
 0 0.636023
 0 0.636033
 0 0.636033
 0 0.636035
 0 0.636052
 0 0.636052
 0 0.636052
 0 0.636066
 0 0.63607
 0 0.636072
 0 0.636085
 0 0.636086
 0 0.636101
 0 0.636109
 0 0.63611
 0 0.636111
 0 0.636171
 0 0.636184
 0 0.636184
 0 0.636184
 0 0.636199
 0 0.6362
 0 0.636232
 0 0.636248
 0 0.636248
 0 0.636264
 0 0.63628
 0 0.636307
 0 0.636307
 0 0.636334
 0 0.636334
 0 0.63635
 0 0.636361
 0 0.636361
 0 0.636361
 0 0.636382
 0 0.636388
 0 0.636388
 0 0.636403
 0 0.636403
 0 0.636428
 0 0.636449
 0 0.636459
 0 0.63646
 0 0.636461
 0 0.636463
 0 0.636463
 0 0.636482
 0 0.63649
 0 0.636491
 0 0.636491
 0 0.636493
 0 0.636512
 0 0.636522
 0 0.636522
 0 0.636522
 0 0.636523
 0 0.636531
 0 0.636548
 0 0.636548
 0 0.636549
 0 0.636553
 0 0.636579
 0 0.63658
 0 0.636589
 0 0.636589
 0 0.636593
 0 0.636603
 0 0.636604
 0 0.636604
 0 0.636605
 0 0.636615
 0 0.636632
 0 0.636632
 0 0.636632
 0 0.63665
 0 0.636651
 0 0.636661
 0 0.636662
 0 0.636662
 0 0.636662
 0 0.636663
 0 0.636668
 0 0.63667
 0 0.636684
 0 0.636718
 0 0.636746
 0 0.636765
 0 0.636769
 0 0.636769
 0 0.636786
 0 0.636786
 0 0.636811
 0 0.636849
 0 0.636849
 0 0.636849
 0 0.636849
 0 0.636855
 0 0.636856
 0 0.636867
 0 0.636868
 0 0.636869
 0 0.63687
 0 0.636902
 0 0.636902
 0 0.636916
 0 0.636954
 0 0.636983
 0 0.636984
 0 0.637008
 0 0.637008
 0 0.63701
 0 0.637079
 0 0.637119
 0 0.637123
 0 0.637152
 0 0.637155
 0 0.637164
 0 0.6372
 0 0.6372
 0 0.637213
 0 0.637213
 0 0.637213
 0 0.637228
 0 0.637228
 0 0.637232
 0 0.637233
 0 0.637264
 0 0.637344
 0 0.637345
 0 0.637384
 0 0.637463
 0 0.637463
 0 0.637463
 0 0.637525
 0 0.637525
 0 0.637526
 0 0.637527
 0 0.637528
 0 0.63753
 0 0.637548
 0 0.637549
 0 0.63755
 0 0.637551
 0 0.637659
 0 0.637669
 0 0.637673
 0 0.637683
 0 0.637684
 0 0.637684
 0 0.637684
 0 0.637735
 0 0.637773
 0 0.637774
 0 0.637787
 0 0.637812
 0 0.637881
 0 0.637883
 0 0.637911
 0 0.637917
 0 0.637917
 0 0.637922
 0 0.637922
 0 0.637922
 0 0.637922
 0 0.637925
 0 0.637957
 0 0.637964
 0 0.63797
 0 0.63797
 0 0.637971
 0 0.637971
 0 0.638002
 0 0.638008
 0 0.638008
 0 0.638011
 0 0.638011
 0 0.638021
 0 0.638021
 0 0.638023
 0 0.638031
 0 0.638035
 0 0.638036
 0 0.638038
 0 0.638083
 0 0.638086
 0 0.638086
 0 0.6381
 0 0.638126
 0 0.638172
 0 0.638174
 0 0.638174
 0 0.638175
 0 0.638177
 0 0.638177
 0 0.638177
 0 0.638204
 0 0.638218
 0 0.63822
 0 0.638222
 0 0.638222
 0 0.638223
 0 0.638235
 0 0.638241
 0 0.638242
 0 0.638294
 0 0.638355
 0 0.638358
 0 0.638381
 0 0.638384
 0 0.638461
 0 0.638461
 0 0.638564
 0 0.638577
 0 0.638578
 0 0.638579
 0 0.63858
 0 0.638625
 0 0.638649
 0 0.638651
 0 0.638734
 0 0.638734
 0 0.638736
 0 0.638736
 0 0.638737
 0 0.63874
 0 0.638854
 0 0.638856
 0 0.638858
 0 0.638859
 0 0.638942
 0 0.638973
 0 0.638986
 0 0.638987
 0 0.638987
 0 0.638988
 0 0.638989
 0 0.638996
 0 0.638998
 0 0.639037
 0 0.639077
 0 0.639079
 0 0.6391
 0 0.639119
 0 0.639165
 0 0.639165
 0 0.639202
 0 0.639202
 0 0.639202
 0 0.639202
 0 0.639202
 0 0.639209
 0 0.639209
 0 0.639209
 0 0.63921
 0 0.639213
 0 0.639213
 0 0.639213
 0 0.639227
 0 0.639227
 0 0.639268
 0 0.63927
 0 0.639284
 0 0.639454
 0 0.639454
 0 0.639566
 0 0.639576
 0 0.639576
 0 0.639582
 0 0.639582
 0 0.639583
 0 0.639583
 0 0.639654
 0 0.639665
 0 0.639669
 0 0.639846
 0 0.639847
 0 0.639858
 0 0.639877
 0 0.639883
 0 0.639914
 0 0.639919
 0 0.639919
 0 0.639919
 0 0.639985
 0 0.640051
 0 0.640052
 0 0.640058
 0 0.640085
 0 0.640086
 0 0.640086
 0 0.640087
 0 0.640092
 0 0.640097
 0 0.640101
 0 0.640105
 0 0.640105
 0 0.640141
 0 0.640254
 0 0.640328
 0 0.640329
 0 0.640329
 0 0.640329
 0 0.64037
 0 0.64037
 0 0.640414
 0 0.640488
 0 0.64049
 0 0.640491
 0 0.640496
 0 0.640496
 0 0.640498
 0 0.640561
 0 0.640562
 0 0.640562
 0 0.640586
 0 0.640666
 0 0.640666
 0 0.640765
 0 0.640765
 0 0.640825
 0 0.640862
 0 0.640863
 0 0.640875
 0 0.640953
 0 0.640955
 0 0.641007
 0 0.641008
 0 0.641061
 0 0.641062
 0 0.641063
 0 0.641065
 0 0.641165
 0 0.641225
 0 0.641295
 0 0.641295
 0 0.641316
 0 0.641319
 0 0.64132
 0 0.641393
 0 0.641516
 0 0.641516
 0 0.641598
 0 0.641599
 0 0.641646
 0 0.641647
 0 0.641648
 0 0.641668
 0 0.641668
 0 0.641943
 0 0.642048
 0 0.643062
 0 0.643064
 0 0.643553
 0 0.643704
 0 0.643705
 0 0.644161
 0 0.644161
 0 0.644163
 0 0.644198
 0 0.644199
 0 0.6442
 0 0.644226
 0 0.644231
 0 0.6443
 0 0.644692
 0 0.64474
 0 0.645018
 0 0.645021
 0 0.645158
 0 0.645158
 0 0.645158
 0 0.64516
 0 0.645348
 0 0.645612
 0 0.646139
 0 0.64653
 0 0.646763
 0 0.646763
 0 0.646854
 0 0.647087
 0 inf
