 0 0.624661
 0 0.62482
 0 0.624822
 0 0.624948
 0 0.624948
 0 0.624951
 0 0.626044
 0 0.626084
 0 0.626085
 0 0.626147
 0 0.626148
 0 0.626148
 0 0.626364
 0 0.626364
 0 0.626367
 0 0.626367
 0 0.626414
 0 0.626415
 0 0.626415
 0 0.626415
 0 0.626587
 0 0.626628
 0 0.626764
 0 0.626765
 0 0.626837
 0 0.626907
 0 0.626919
 0 0.626921
 0 0.627099
 0 0.627106
 0 0.627148
 0 0.627149
 0 0.627294
 0 0.627326
 0 0.627328
 0 0.62738
 0 0.62738
 0 0.627472
 0 0.627472
 0 0.627599
 0 0.627612
 0 0.627614
 0 0.627642
 0 0.627642
 0 0.627642
 0 0.627685
 0 0.627705
 0 0.627708
 0 0.627709
 0 0.627808
 0 0.627808
 0 0.627889
 0 0.627943
 0 0.627961
 0 0.627961
 0 0.627961
 0 0.627962
 0 0.627975
 0 0.627976
 0 0.627976
 0 0.628013
 0 0.628013
 0 0.628013
 0 0.628014
 0 0.628028
 0 0.628034
 0 0.628034
 0 0.628074
 0 0.628074
 0 0.628076
 0 0.628115
 0 0.628115
 0 0.628115
 0 0.628116
 0 0.628117
 0 0.628119
 0 0.628137
 0 0.628167
 0 0.628168
 0 0.628169
 0 0.628169
 0 0.628196
 0 0.628198
 0 0.628214
 0 0.628214
 0 0.62842
 0 0.628424
 0 0.628428
 0 0.62843
 0 0.62843
 0 0.628431
 0 0.628497
 0 0.628497
 0 0.628569
 0 0.62857
 0 0.62857
 0 0.628718
 0 0.628721
 0 0.628722
 0 0.628736
 0 0.628821
 0 0.628821
 0 0.628831
 0 0.628882
 0 0.628882
 0 0.628882
 0 0.629063
 0 0.629064
 0 0.629064
 0 0.629073
 0 0.629098
 0 0.6291
 0 0.629126
 0 0.629126
 0 0.629143
 0 0.629166
 0 0.629167
 0 0.629179
 0 0.629179
 0 0.62918
 0 0.62918
 0 0.629388
 0 0.629413
 0 0.629414
 0 0.629414
 0 0.629414
 0 0.629432
 0 0.629436
 0 0.62946
 0 0.62946
 0 0.629462
 0 0.629462
 0 0.629462
 0 0.629576
 0 0.629576
 0 0.629576
 0 0.629576
 0 0.629616
 0 0.629616
 0 0.629616
 0 0.629616
 0 0.629637
 0 0.629637
 0 0.629733
 0 0.629784
 0 0.629785
 0 0.629786
 0 0.629787
 0 0.629787
 0 0.629806
 0 0.629809
 0 0.629879
 0 0.629879
 0 0.629879
 0 0.629879
 0 0.629882
 0 0.629947
 0 0.62995
 0 0.629951
 0 0.629951
 0 0.629985
 0 0.630011
 0 0.630034
 0 0.630087
 0 0.630091
 0 0.630092
 0 0.630092
 0 0.630093
 0 0.630093
 0 0.630128
 0 0.630203
 0 0.630257
 0 0.630257
 0 0.63035
 0 0.63035
 0 0.630351
 0 0.630511
 0 0.630511
 0 0.630526
 0 0.630526
 0 0.630526
 0 0.630557
 0 0.630589
 0 0.630589
 0 0.630593
 0 0.630604
 0 0.630604
 0 0.630604
 0 0.630605
 0 0.630606
 0 0.630632
 0 0.630632
 0 0.63064
 0 0.630781
 0 0.630799
 0 0.630799
 0 0.630799
 0 0.630844
 0 0.630844
 0 0.630844
 0 0.630899
 0 0.6309
 0 0.630902
 0 0.630903
 0 0.630912
 0 0.630916
 0 0.630942
 0 0.630956
 0 0.630957
 0 0.630969
 0 0.630969
 0 0.630971
 0 0.630972
 0 0.631
 0 0.631001
 0 0.631001
 0 0.63103
 0 0.631057
 0 0.631057
 0 0.63106
 0 0.631061
 0 0.631094
 0 0.631094
 0 0.631098
 0 0.631098
 0 0.631098
 0 0.631172
 0 0.631172
 0 0.631172
 0 0.631173
 0 0.631173
 0 0.631201
 0 0.63124
 0 0.63124
 0 0.63124
 0 0.631241
 0 0.631242
 0 0.631243
 0 0.631297
 0 0.631297
 0 0.631297
 0 0.631297
 0 0.631309
 0 0.631309
 0 0.631309
 0 0.63133
 0 0.631339
 0 0.631369
 0 0.631369
 0 0.631369
 0 0.631441
 0 0.631442
 0 0.631443
 0 0.631445
 0 0.631445
 0 0.631445
 0 0.631466
 0 0.631466
 0 0.631577
 0 0.631577
 0 0.631622
 0 0.631633
 0 0.631706
 0 0.63172
 0 0.63172
 0 0.631731
 0 0.631731
 0 0.631734
 0 0.631736
 0 0.631796
 0 0.631802
 0 0.631882
 0 0.631889
 0 0.631891
 0 0.631909
 0 0.63191
 0 0.631914
 0 0.63192
 0 0.631922
 0 0.631935
 0 0.631938
 0 0.631939
 0 0.63194
 0 0.631965
 0 0.631965
 0 0.631965
 0 0.631977
 0 0.631978
 0 0.631981
 0 0.631982
 0 0.631996
 0 0.631999
 0 0.631999
 0 0.632014
 0 0.632029
 0 0.632029
 0 0.632029
 0 0.632067
 0 0.632077
 0 0.632079
 0 0.632079
 0 0.632081
 0 0.632081
 0 0.632115
 0 0.632117
 0 0.632153
 0 0.632154
 0 0.632156
 0 0.632157
 0 0.632157
 0 0.632157
 0 0.632224
 0 0.632225
 0 0.632226
 0 0.632226
 0 0.632247
 0 0.632268
 0 0.632268
 0 0.632317
 0 0.632319
 0 0.63232
 0 0.632366
 0 0.632372
 0 0.632372
 0 0.632372
 0 0.632387
 0 0.632388
 0 0.632388
 0 0.63239
 0 0.632398
 0 0.632398
 0 0.632413
 0 0.632415
 0 0.632415
 0 0.632415
 0 0.632415
 0 0.632424
 0 0.632425
 0 0.632425
 0 0.632458
 0 0.632459
 0 0.632484
 0 0.632484
 0 0.632484
 0 0.632513
 0 0.632527
 0 0.632559
 0 0.632566
 0 0.632566
 0 0.632572
 0 0.632572
 0 0.632583
 0 0.632612
 0 0.632614
 0 0.632672
 0 0.632685
 0 0.632703
 0 0.632703
 0 0.632703
 0 0.632713
 0 0.632716
 0 0.632718
 0 0.632744
 0 0.632749
 0 0.63275
 0 0.632762
 0 0.632762
 0 0.632782
 0 0.632784
 0 0.632785
 0 0.632785
 0 0.632785
 0 0.632789
 0 0.632812
 0 0.632863
 0 0.632864
 0 0.632865
 0 0.632865
 0 0.632908
 0 0.632909
 0 0.632929
 0 0.632931
 0 0.632942
 0 0.632945
 0 0.632969
 0 0.632971
 0 0.632972
 0 0.632972
 0 0.632972
 0 0.632972
 0 0.633025
 0 0.633026
 0 0.633064
 0 0.633067
 0 0.633091
 0 0.633092
 0 0.633092
 0 0.633096
 0 0.633097
 0 0.633098
 0 0.633098
 0 0.633098
 0 0.633099
 0 0.633099
 0 0.633099
 0 0.633117
 0 0.633118
 0 0.633146
 0 0.63315
 0 0.63315
 0 0.633153
 0 0.633153
 0 0.633153
 0 0.633154
 0 0.633154
 0 0.633158
 0 0.633158
 0 0.633164
 0 0.633164
 0 0.633173
 0 0.633174
 0 0.633177
 0 0.633178
 0 0.633196
 0 0.633197
 0 0.633197
 0 0.633197
 0 0.633197
 0 0.633206
 0 0.633206
 0 0.633209
 0 0.633218
 0 0.63323
 0 0.633234
 0 0.633242
 0 0.633242
 0 0.633246
 0 0.63326
 0 0.633263
 0 0.633266
 0 0.633266
 0 0.633269
 0 0.633269
 0 0.633294
 0 0.633294
 0 0.633305
 0 0.633305
 0 0.633305
 0 0.633305
 0 0.633307
 0 0.633312
 0 0.633331
 0 0.633331
 0 0.633332
 0 0.633332
 0 0.633332
 0 0.633333
 0 0.633335
 0 0.633343
 0 0.633344
 0 0.633345
 0 0.633345
 0 0.633345
 0 0.633349
 0 0.633367
 0 0.633368
 0 0.633386
 0 0.633386
 0 0.633401
 0 0.633401
 0 0.633404
 0 0.633405
 0 0.633422
 0 0.633423
 0 0.633425
 0 0.633425
 0 0.633427
 0 0.633442
 0 0.633449
 0 0.633455
 0 0.633455
 0 0.633458
 0 0.633473
 0 0.633477
 0 0.633478
 0 0.633543
 0 0.633543
 0 0.633543
 0 0.633546
 0 0.633552
 0 0.633569
 0 0.633574
 0 0.633574
 0 0.633576
 0 0.633601
 0 0.633601
 0 0.633611
 0 0.633618
 0 0.633626
 0 0.633628
 0 0.633628
 0 0.633629
 0 0.633629
 0 0.633629
 0 0.633658
 0 0.63366
 0 0.63366
 0 0.63366
 0 0.633666
 0 0.633668
 0 0.633668
 0 0.633668
 0 0.633668
 0 0.633675
 0 0.633678
 0 0.633679
 0 0.633682
 0 0.633682
 0 0.633685
 0 0.633688
 0 0.633689
 0 0.633734
 0 0.633734
 0 0.633734
 0 0.633742
 0 0.633744
 0 0.633746
 0 0.633759
 0 0.63376
 0 0.633852
 0 0.633853
 0 0.633871
 0 0.633871
 0 0.633875
 0 0.633878
 0 0.633878
 0 0.633878
 0 0.633889
 0 0.633889
 0 0.63389
 0 0.633897
 0 0.6339
 0 0.633919
 0 0.633923
 0 0.63393
 0 0.633944
 0 0.633946
 0 0.633965
 0 0.633985
 0 0.633985
 0 0.633985
 0 0.634001
 0 0.634002
 0 0.634022
 0 0.634022
 0 0.634022
 0 0.634026
 0 0.634027
 0 0.634029
 0 0.634036
 0 0.634056
 0 0.634058
 0 0.634064
 0 0.634065
 0 0.634065
 0 0.634068
 0 0.634101
 0 0.63412
 0 0.634122
 0 0.634122
 0 0.634131
 0 0.634131
 0 0.634149
 0 0.63415
 0 0.634152
 0 0.634186
 0 0.634193
 0 0.634193
 0 0.634193
 0 0.634203
 0 0.634208
 0 0.634208
 0 0.634208
 0 0.634209
 0 0.634209
 0 0.634209
 0 0.63421
 0 0.634214
 0 0.634214
 0 0.634214
 0 0.63422
 0 0.634234
 0 0.634234
 0 0.634237
 0 0.634256
 0 0.634258
 0 0.634261
 0 0.634263
 0 0.634263
 0 0.634263
 0 0.634263
 0 0.634264
 0 0.634279
 0 0.634283
 0 0.634283
 0 0.634283
 0 0.63429
 0 0.63429
 0 0.634292
 0 0.634292
 0 0.634302
 0 0.634302
 0 0.634338
 0 0.634352
 0 0.634353
 0 0.634355
 0 0.634379
 0 0.634379
 0 0.634382
 0 0.634402
 0 0.634402
 0 0.634403
 0 0.634422
 0 0.634423
 0 0.634435
 0 0.634435
 0 0.634435
 0 0.634436
 0 0.634443
 0 0.634443
 0 0.634444
 0 0.634451
 0 0.634451
 0 0.634463
 0 0.634464
 0 0.634466
 0 0.634476
 0 0.634476
 0 0.634477
 0 0.634478
 0 0.634514
 0 0.634516
 0 0.63452
 0 0.63452
 0 0.634526
 0 0.634533
 0 0.634542
 0 0.634543
 0 0.634544
 0 0.634544
 0 0.634552
 0 0.634552
 0 0.634552
 0 0.634555
 0 0.634555
 0 0.634556
 0 0.634556
 0 0.634558
 0 0.634559
 0 0.634559
 0 0.63457
 0 0.634573
 0 0.634573
 0 0.634574
 0 0.634574
 0 0.634579
 0 0.63459
 0 0.63459
 0 0.63459
 0 0.634594
 0 0.634594
 0 0.634602
 0 0.634605
 0 0.634606
 0 0.634622
 0 0.634623
 0 0.634624
 0 0.634626
 0 0.63463
 0 0.63463
 0 0.634631
 0 0.634641
 0 0.634642
 0 0.634644
 0 0.634645
 0 0.634645
 0 0.634649
 0 0.63465
 0 0.63465
 0 0.634651
 0 0.634653
 0 0.634653
 0 0.63466
 0 0.634661
 0 0.634661
 0 0.634663
 0 0.634663
 0 0.634676
 0 0.634682
 0 0.634686
 0 0.634686
 0 0.634686
 0 0.634731
 0 0.634733
 0 0.634751
 0 0.634774
 0 0.634774
 0 0.634775
 0 0.634775
 0 0.634798
 0 0.634799
 0 0.634799
 0 0.634799
 0 0.634799
 0 0.634799
 0 0.634799
 0 0.634799
 0 0.6348
 0 0.634806
 0 0.634807
 0 0.63481
 0 0.634821
 0 0.634823
 0 0.634826
 0 0.634835
 0 0.634836
 0 0.634851
 0 0.634852
 0 0.634854
 0 0.63486
 0 0.634871
 0 0.634871
 0 0.634881
 0 0.634887
 0 0.634898
 0 0.634925
 0 0.634925
 0 0.634926
 0 0.63493
 0 0.63493
 0 0.634935
 0 0.634937
 0 0.634937
 0 0.634938
 0 0.634938
 0 0.634941
 0 0.634942
 0 0.634944
 0 0.634962
 0 0.634963
 0 0.634978
 0 0.635009
 0 0.635012
 0 0.635012
 0 0.635012
 0 0.635019
 0 0.635019
 0 0.635028
 0 0.635035
 0 0.635035
 0 0.635051
 0 0.635058
 0 0.635059
 0 0.63508
 0 0.635081
 0 0.635081
 0 0.635082
 0 0.635083
 0 0.635083
 0 0.635083
 0 0.635083
 0 0.635095
 0 0.635097
 0 0.635097
 0 0.635098
 0 0.635112
 0 0.635121
 0 0.635128
 0 0.63513
 0 0.635131
 0 0.635132
 0 0.635173
 0 0.635213
 0 0.635252
 0 0.635252
 0 0.635255
 0 0.635262
 0 0.635265
 0 0.63528
 0 0.635282
 0 0.635282
 0 0.635282
 0 0.635285
 0 0.6353
 0 0.635302
 0 0.635304
 0 0.635307
 0 0.635307
 0 0.635323
 0 0.635323
 0 0.635334
 0 0.635335
 0 0.635344
 0 0.635344
 0 0.635345
 0 0.635348
 0 0.635365
 0 0.63538
 0 0.635383
 0 0.635383
 0 0.635399
 0 0.635399
 0 0.6354
 0 0.6354
 0 0.635416
 0 0.635428
 0 0.63543
 0 0.635439
 0 0.63546
 0 0.63547
 0 0.63547
 0 0.635479
 0 0.635479
 0 0.635486
 0 0.635487
 0 0.635499
 0 0.6355
 0 0.635519
 0 0.63552
 0 0.635521
 0 0.635521
 0 0.635524
 0 0.63554
 0 0.63557
 0 0.635573
 0 0.635573
 0 0.635573
 0 0.635573
 0 0.635577
 0 0.635602
 0 0.635602
 0 0.635606
 0 0.635607
 0 0.635613
 0 0.635617
 0 0.635623
 0 0.635624
 0 0.635626
 0 0.635638
 0 0.635638
 0 0.635668
 0 0.635669
 0 0.635669
 0 0.635669
 0 0.635669
 0 0.635672
 0 0.635672
 0 0.635679
 0 0.63568
 0 0.63568
 0 0.635682
 0 0.635687
 0 0.63569
 0 0.6357
 0 0.635733
 0 0.635735
 0 0.635735
 0 0.63576
 0 0.635762
 0 0.635763
 0 0.635767
 0 0.635768
 0 0.635792
 0 0.635792
 0 0.635792
 0 0.635792
 0 0.635812
 0 0.635813
 0 0.635819
 0 0.63582
 0 0.635826
 0 0.635837
 0 0.635863
 0 0.635865
 0 0.635866
 0 0.63587
 0 0.635874
 0 0.635878
 0 0.635885
 0 0.635906
 0 0.635906
 0 0.635907
 0 0.635907
 0 0.635926
 0 0.635929
 0 0.635947
 0 0.635957
 0 0.635957
 0 0.635957
 0 0.635958
 0 0.635958
 0 0.635958
 0 0.635959
 0 0.635962
 0 0.635981
 0 0.635981
 0 0.635981
 0 0.635982
 0 0.635991
 0 0.635995
 0 0.636003
 0 0.636004
 0 0.636006
 0 0.636007
 0 0.636007
 0 0.636007
 0 0.636008
 0 0.636008
 0 0.636016
 0 0.636021
 0 0.636021
 0 0.636022
 0 0.636044
 0 0.636045
 0 0.636046
 0 0.636046
 0 0.636058
 0 0.636058
 0 0.636058
 0 0.636059
 0 0.636066
 0 0.636093
 0 0.636093
 0 0.636093
 0 0.636093
 0 0.636106
 0 0.636106
 0 0.636153
 0 0.636158
 0 0.636158
 0 0.636158
 0 0.636161
 0 0.636163
 0 0.636164
 0 0.636182
 0 0.636186
 0 0.636197
 0 0.636198
 0 0.636198
 0 0.636199
 0 0.636201
 0 0.636203
 0 0.636203
 0 0.636217
 0 0.63622
 0 0.636228
 0 0.636231
 0 0.636233
 0 0.636234
 0 0.636251
 0 0.636282
 0 0.636283
 0 0.636283
 0 0.636285
 0 0.636287
 0 0.636331
 0 0.636332
 0 0.636333
 0 0.63634
 0 0.636344
 0 0.636344
 0 0.636349
 0 0.63635
 0 0.636365
 0 0.636378
 0 0.63638
 0 0.636382
 0 0.636385
 0 0.636407
 0 0.63641
 0 0.63641
 0 0.636442
 0 0.636446
 0 0.636446
 0 0.636478
 0 0.636478
 0 0.636478
 0 0.63648
 0 0.636481
 0 0.636484
 0 0.636484
 0 0.636492
 0 0.636521
 0 0.636521
 0 0.63655
 0 0.636557
 0 0.636557
 0 0.636557
 0 0.636557
 0 0.636557
 0 0.636559
 0 0.636572
 0 0.636574
 0 0.636574
 0 0.636632
 0 0.636648
 0 0.636651
 0 0.636664
 0 0.636671
 0 0.636671
 0 0.636671
 0 0.636673
 0 0.636693
 0 0.636693
 0 0.636697
 0 0.636703
 0 0.636703
 0 0.636708
 0 0.636709
 0 0.636724
 0 0.636725
 0 0.63673
 0 0.636735
 0 0.636735
 0 0.636737
 0 0.636748
 0 0.636748
 0 0.636748
 0 0.636748
 0 0.636748
 0 0.636786
 0 0.636809
 0 0.636821
 0 0.636822
 0 0.636822
 0 0.636822
 0 0.636829
 0 0.636884
 0 0.636885
 0 0.636903
 0 0.636903
 0 0.636903
 0 0.636904
 0 0.636906
 0 0.636907
 0 0.636907
 0 0.636916
 0 0.636919
 0 0.636921
 0 0.636922
 0 0.636922
 0 0.636947
 0 0.636947
 0 0.636969
 0 0.63698
 0 0.636986
 0 0.637001
 0 0.637013
 0 0.637013
 0 0.637027
 0 0.637028
 0 0.637028
 0 0.637029
 0 0.637035
 0 0.637035
 0 0.637035
 0 0.637047
 0 0.637047
 0 0.637048
 0 0.637053
 0 0.637053
 0 0.637054
 0 0.637055
 0 0.637055
 0 0.637076
 0 0.637076
 0 0.637076
 0 0.637077
 0 0.637079
 0 0.637099
 0 0.637099
 0 0.637106
 0 0.637109
 0 0.637128
 0 0.637128
 0 0.637129
 0 0.637131
 0 0.637135
 0 0.637139
 0 0.637153
 0 0.637157
 0 0.637174
 0 0.637174
 0 0.63718
 0 0.637183
 0 0.637185
 0 0.637185
 0 0.637191
 0 0.637215
 0 0.637226
 0 0.637227
 0 0.63723
 0 0.637245
 0 0.637257
 0 0.637257
 0 0.637277
 0 0.637294
 0 0.637294
 0 0.637297
 0 0.637301
 0 0.637312
 0 0.637312
 0 0.637314
 0 0.637316
 0 0.637326
 0 0.637333
 0 0.637333
 0 0.637333
 0 0.637348
 0 0.637349
 0 0.637352
 0 0.637353
 0 0.637358
 0 0.637358
 0 0.63736
 0 0.637361
 0 0.637361
 0 0.637362
 0 0.637392
 0 0.637392
 0 0.637406
 0 0.637407
 0 0.637408
 0 0.63741
 0 0.63741
 0 0.63741
 0 0.637418
 0 0.637418
 0 0.637419
 0 0.637428
 0 0.637428
 0 0.637437
 0 0.637438
 0 0.637438
 0 0.637438
 0 0.63746
 0 0.637464
 0 0.637473
 0 0.637499
 0 0.637526
 0 0.637526
 0 0.637527
 0 0.637527
 0 0.637527
 0 0.637528
 0 0.637553
 0 0.637553
 0 0.637573
 0 0.637586
 0 0.637593
 0 0.637594
 0 0.637594
 0 0.637594
 0 0.637595
 0 0.637623
 0 0.637677
 0 0.637678
 0 0.63768
 0 0.637684
 0 0.637684
 0 0.637686
 0 0.637686
 0 0.637697
 0 0.637697
 0 0.637697
 0 0.637697
 0 0.637702
 0 0.637702
 0 0.637702
 0 0.637712
 0 0.637739
 0 0.637743
 0 0.637772
 0 0.637777
 0 0.637777
 0 0.637779
 0 0.637786
 0 0.637786
 0 0.637825
 0 0.637825
 0 0.637827
 0 0.637834
 0 0.637862
 0 0.637867
 0 0.637867
 0 0.637868
 0 0.637868
 0 0.637868
 0 0.63787
 0 0.637884
 0 0.637897
 0 0.637961
 0 0.637963
 0 0.63797
 0 0.63797
 0 0.637974
 0 0.637978
 0 0.637978
 0 0.638007
 0 0.638007
 0 0.638008
 0 0.63801
 0 0.63801
 0 0.638021
 0 0.638029
 0 0.638048
 0 0.638049
 0 0.638058
 0 0.63806
 0 0.638072
 0 0.638072
 0 0.638072
 0 0.638074
 0 0.638074
 0 0.638075
 0 0.638075
 0 0.638077
 0 0.638077
 0 0.638101
 0 0.638101
 0 0.638102
 0 0.638103
 0 0.638104
 0 0.638104
 0 0.638106
 0 0.638106
 0 0.638106
 0 0.638109
 0 0.638109
 0 0.638116
 0 0.638119
 0 0.638119
 0 0.63815
 0 0.638153
 0 0.638162
 0 0.638164
 0 0.638165
 0 0.638195
 0 0.638195
 0 0.638195
 0 0.638205
 0 0.638217
 0 0.638218
 0 0.638218
 0 0.638223
 0 0.638223
 0 0.638229
 0 0.638239
 0 0.638242
 0 0.638253
 0 0.638256
 0 0.638305
 0 0.638306
 0 0.638307
 0 0.638348
 0 0.63835
 0 0.638354
 0 0.638356
 0 0.638374
 0 0.638376
 0 0.638382
 0 0.638384
 0 0.638452
 0 0.638452
 0 0.638472
 0 0.638472
 0 0.638505
 0 0.638506
 0 0.638506
 0 0.638507
 0 0.638543
 0 0.638569
 0 0.638569
 0 0.63857
 0 0.638571
 0 0.638606
 0 0.638606
 0 0.638627
 0 0.63863
 0 0.63864
 0 0.63864
 0 0.63864
 0 0.638656
 0 0.638656
 0 0.638689
 0 0.638695
 0 0.638696
 0 0.638698
 0 0.638734
 0 0.638734
 0 0.638734
 0 0.638735
 0 0.638777
 0 0.638807
 0 0.638807
 0 0.638819
 0 0.638819
 0 0.638825
 0 0.638868
 0 0.638869
 0 0.638875
 0 0.638883
 0 0.638891
 0 0.638891
 0 0.638919
 0 0.638921
 0 0.638931
 0 0.638943
 0 0.638943
 0 0.638945
 0 0.638945
 0 0.638945
 0 0.638975
 0 0.638975
 0 0.639026
 0 0.639029
 0 0.639029
 0 0.639051
 0 0.639051
 0 0.639053
 0 0.639078
 0 0.639079
 0 0.63908
 0 0.63908
 0 0.639094
 0 0.639094
 0 0.639125
 0 0.639131
 0 0.639135
 0 0.639147
 0 0.639151
 0 0.639219
 0 0.639219
 0 0.639245
 0 0.639254
 0 0.639309
 0 0.639309
 0 0.63931
 0 0.639326
 0 0.639347
 0 0.639347
 0 0.639347
 0 0.639362
 0 0.639374
 0 0.639376
 0 0.639469
 0 0.639471
 0 0.639483
 0 0.639483
 0 0.639483
 0 0.639483
 0 0.639484
 0 0.63952
 0 0.63952
 0 0.63952
 0 0.639581
 0 0.639581
 0 0.639583
 0 0.639642
 0 0.639664
 0 0.639664
 0 0.639664
 0 0.639664
 0 0.639705
 0 0.639708
 0 0.639725
 0 0.639728
 0 0.639747
 0 0.639749
 0 0.639749
 0 0.639828
 0 0.639828
 0 0.639828
 0 0.639876
 0 0.639876
 0 0.639877
 0 0.639921
 0 0.639921
 0 0.639921
 0 0.639974
 0 0.639978
 0 0.639978
 0 0.639982
 0 0.639983
 0 0.639983
 0 0.639983
 0 0.639983
 0 0.640009
 0 0.640026
 0 0.640084
 0 0.640084
 0 0.640088
 0 0.640104
 0 0.640136
 0 0.640138
 0 0.640138
 0 0.640146
 0 0.640186
 0 0.640223
 0 0.640223
 0 0.640254
 0 0.64027
 0 0.64027
 0 0.640274
 0 0.640277
 0 0.640364
 0 0.640364
 0 0.640476
 0 0.640508
 0 0.640508
 0 0.640508
 0 0.640554
 0 0.640594
 0 0.640594
 0 0.640594
 0 0.640595
 0 0.640597
 0 0.640613
 0 0.640615
 0 0.64075
 0 0.640751
 0 0.640896
 0 0.640928
 0 0.640929
 0 0.640929
 0 0.64093
 0 0.640995
 0 0.64101
 0 0.641014
 0 0.641052
 0 0.641139
 0 0.641159
 0 0.641159
 0 0.641159
 0 0.641159
 0 0.641159
 0 0.641248
 0 0.641268
 0 0.64127
 0 0.641888
 0 0.641888
 0 0.641969
 0 0.641971
 0 0.641973
 0 0.642422
 0 0.642564
 0 0.642564
 0 0.642602
 0 0.642723
 0 0.642725
 0 0.642727
 0 0.642727
 0 0.64273
 0 0.64273
 0 0.64273
 0 0.64273
 0 0.642805
 0 0.642805
 0 0.642842
 0 0.642842
 0 0.642842
 0 0.642842
 0 0.642895
 0 0.642895
 0 0.643289
 0 0.64329
 0 0.643335
 0 0.643335
 0 0.643395
 0 0.643567
 0 0.643568
 0 0.643672
 0 0.643673
 0 0.644128
 0 0.644128
 0 0.644247
 0 0.644398
 0 0.644399
 0 0.644399
 0 0.64465
 0 0.64465
 0 0.644652
 0 0.644661
 0 0.645031
 0 1.81831
 0 1.81832
 0 1.81832
 0 1.819
 0 1.819
 0 1.819
 0 inf
