 0 0.488373
 0 0.488374
 0 0.488374
 0 0.488374
 0 0.488593
 0 0.488593
 0 0.494327
 0 0.494329
 0 0.494329
 0 0.494329
 0 0.494329
 0 0.495256
 0 0.620685
 0 0.621061
 0 0.621061
 0 0.621253
 0 0.62141
 0 0.621602
 0 0.625819
 0 0.625819
 0 0.625886
 0 0.626009
 0 0.626042
 0 0.626142
 0 0.62624
 0 0.626241
 0 0.626335
 0 0.626336
 0 0.626336
 0 0.626336
 0 0.626337
 0 0.626345
 0 0.626385
 0 0.626385
 0 0.626385
 0 0.626386
 0 0.626388
 0 0.626389
 0 0.626425
 0 0.62649
 0 0.62649
 0 0.62649
 0 0.6265
 0 0.626502
 0 0.626514
 0 0.626514
 0 0.626516
 0 0.626627
 0 0.626628
 0 0.626628
 0 0.626678
 0 0.626682
 0 0.626697
 0 0.626799
 0 0.626805
 0 0.626805
 0 0.626914
 0 0.626914
 0 0.627025
 0 0.627027
 0 0.627027
 0 0.627078
 0 0.627078
 0 0.627142
 0 0.627142
 0 0.627144
 0 0.627191
 0 0.627193
 0 0.627264
 0 0.627266
 0 0.627268
 0 0.627268
 0 0.627303
 0 0.627304
 0 0.627335
 0 0.627336
 0 0.627336
 0 0.627336
 0 0.627336
 0 0.627352
 0 0.627352
 0 0.627358
 0 0.627358
 0 0.627394
 0 0.627395
 0 0.627395
 0 0.627395
 0 0.627408
 0 0.627408
 0 0.62742
 0 0.627421
 0 0.627422
 0 0.627437
 0 0.627438
 0 0.627478
 0 0.627478
 0 0.627512
 0 0.627518
 0 0.627519
 0 0.627519
 0 0.627529
 0 0.627532
 0 0.627582
 0 0.627639
 0 0.627644
 0 0.627646
 0 0.627667
 0 0.627667
 0 0.627667
 0 0.627728
 0 0.627729
 0 0.627875
 0 0.627917
 0 0.628036
 0 0.628036
 0 0.628036
 0 0.628077
 0 0.628103
 0 0.628103
 0 0.628117
 0 0.628223
 0 0.628224
 0 0.628237
 0 0.628237
 0 0.628237
 0 0.628336
 0 0.628338
 0 0.628357
 0 0.628357
 0 0.628357
 0 0.628379
 0 0.628403
 0 0.628405
 0 0.628405
 0 0.628443
 0 0.628443
 0 0.628453
 0 0.628461
 0 0.628475
 0 0.628505
 0 0.628518
 0 0.628518
 0 0.628522
 0 0.62855
 0 0.62855
 0 0.628555
 0 0.628555
 0 0.628575
 0 0.628576
 0 0.628577
 0 0.628577
 0 0.628634
 0 0.628635
 0 0.628638
 0 0.628645
 0 0.628655
 0 0.628656
 0 0.628656
 0 0.628656
 0 0.628679
 0 0.62868
 0 0.62868
 0 0.62868
 0 0.628716
 0 0.628717
 0 0.628717
 0 0.628721
 0 0.628721
 0 0.628758
 0 0.628758
 0 0.628796
 0 0.628797
 0 0.62886
 0 0.628878
 0 0.628879
 0 0.628896
 0 0.628896
 0 0.628896
 0 0.628898
 0 0.628898
 0 0.628913
 0 0.628914
 0 0.628955
 0 0.628955
 0 0.628955
 0 0.628956
 0 0.629
 0 0.629001
 0 0.629001
 0 0.62901
 0 0.629014
 0 0.629014
 0 0.629024
 0 0.629024
 0 0.629025
 0 0.62904
 0 0.629067
 0 0.629079
 0 0.62909
 0 0.62909
 0 0.629121
 0 0.629121
 0 0.629139
 0 0.629139
 0 0.62914
 0 0.62914
 0 0.62921
 0 0.629238
 0 0.629252
 0 0.629252
 0 0.629252
 0 0.629254
 0 0.629287
 0 0.629287
 0 0.629287
 0 0.629306
 0 0.629307
 0 0.629317
 0 0.629318
 0 0.629318
 0 0.629318
 0 0.629369
 0 0.629369
 0 0.629369
 0 0.629369
 0 0.629371
 0 0.629377
 0 0.629377
 0 0.629377
 0 0.629383
 0 0.629383
 0 0.629383
 0 0.6294
 0 0.6294
 0 0.6294
 0 0.629401
 0 0.629401
 0 0.629401
 0 0.629407
 0 0.629407
 0 0.629408
 0 0.629408
 0 0.629444
 0 0.629445
 0 0.629445
 0 0.629454
 0 0.629454
 0 0.629454
 0 0.629454
 0 0.629487
 0 0.629487
 0 0.629525
 0 0.629535
 0 0.629535
 0 0.629549
 0 0.629549
 0 0.629578
 0 0.629614
 0 0.629614
 0 0.629615
 0 0.629623
 0 0.62963
 0 0.629631
 0 0.629632
 0 0.629634
 0 0.629635
 0 0.629665
 0 0.629666
 0 0.629735
 0 0.629735
 0 0.629763
 0 0.629767
 0 0.629767
 0 0.629792
 0 0.629833
 0 0.629862
 0 0.629863
 0 0.629863
 0 0.629863
 0 0.629864
 0 0.629897
 0 0.629897
 0 0.629925
 0 0.629926
 0 0.629926
 0 0.629932
 0 0.629944
 0 0.629944
 0 0.629948
 0 0.629948
 0 0.629948
 0 0.629972
 0 0.629972
 0 0.629972
 0 0.629972
 0 0.629974
 0 0.630023
 0 0.630025
 0 0.630038
 0 0.630038
 0 0.630061
 0 0.630062
 0 0.630062
 0 0.630062
 0 0.630153
 0 0.630208
 0 0.630208
 0 0.630241
 0 0.630241
 0 0.630252
 0 0.630252
 0 0.630253
 0 0.630253
 0 0.630259
 0 0.630259
 0 0.630261
 0 0.630335
 0 0.630337
 0 0.630337
 0 0.630376
 0 0.630376
 0 0.630376
 0 0.630419
 0 0.630419
 0 0.630421
 0 0.63046
 0 0.63046
 0 0.63046
 0 0.63046
 0 0.630461
 0 0.630468
 0 0.630468
 0 0.630469
 0 0.630497
 0 0.630497
 0 0.630512
 0 0.630561
 0 0.630561
 0 0.630584
 0 0.63059
 0 0.630591
 0 0.630639
 0 0.63064
 0 0.630655
 0 0.630655
 0 0.630659
 0 0.630659
 0 0.63066
 0 0.630664
 0 0.630665
 0 0.630665
 0 0.630665
 0 0.630676
 0 0.630676
 0 0.630676
 0 0.630677
 0 0.630689
 0 0.630689
 0 0.630697
 0 0.63073
 0 0.63073
 0 0.630731
 0 0.630749
 0 0.630755
 0 0.630765
 0 0.630765
 0 0.630854
 0 0.630854
 0 0.630855
 0 0.630856
 0 0.63088
 0 0.630886
 0 0.630886
 0 0.630886
 0 0.630898
 0 0.630899
 0 0.630918
 0 0.630918
 0 0.630943
 0 0.630944
 0 0.630944
 0 0.63099
 0 0.63099
 0 0.630991
 0 0.630991
 0 0.630991
 0 0.631016
 0 0.631017
 0 0.631063
 0 0.631092
 0 0.631096
 0 0.631096
 0 0.631096
 0 0.631096
 0 0.631098
 0 0.631107
 0 0.631131
 0 0.631131
 0 0.631161
 0 0.631161
 0 0.631193
 0 0.631193
 0 0.631194
 0 0.631198
 0 0.631198
 0 0.631231
 0 0.631231
 0 0.631232
 0 0.631241
 0 0.631241
 0 0.631325
 0 0.631326
 0 0.631355
 0 0.631355
 0 0.631355
 0 0.631356
 0 0.631356
 0 0.631365
 0 0.631367
 0 0.631373
 0 0.631374
 0 0.631374
 0 0.631403
 0 0.631431
 0 0.631465
 0 0.631467
 0 0.631467
 0 0.631469
 0 0.631481
 0 0.631481
 0 0.631487
 0 0.631497
 0 0.631497
 0 0.631497
 0 0.631505
 0 0.631505
 0 0.631505
 0 0.631505
 0 0.631513
 0 0.631513
 0 0.631514
 0 0.631557
 0 0.631557
 0 0.631574
 0 0.631574
 0 0.631579
 0 0.63158
 0 0.63158
 0 0.63158
 0 0.631586
 0 0.63159
 0 0.63159
 0 0.631608
 0 0.631609
 0 0.631627
 0 0.631627
 0 0.631627
 0 0.631654
 0 0.631655
 0 0.631656
 0 0.631735
 0 0.631764
 0 0.631768
 0 0.631773
 0 0.6318
 0 0.63183
 0 0.63183
 0 0.631842
 0 0.631842
 0 0.631844
 0 0.631863
 0 0.631864
 0 0.631895
 0 0.631906
 0 0.631906
 0 0.631912
 0 0.631913
 0 0.631913
 0 0.63193
 0 0.631931
 0 0.631931
 0 0.631932
 0 0.631947
 0 0.631977
 0 0.631977
 0 0.631977
 0 0.631979
 0 0.63198
 0 0.63201
 0 0.63201
 0 0.63202
 0 0.63202
 0 0.632024
 0 0.632038
 0 0.632038
 0 0.632055
 0 0.632057
 0 0.632058
 0 0.632077
 0 0.632078
 0 0.632091
 0 0.632092
 0 0.632093
 0 0.632093
 0 0.632093
 0 0.632111
 0 0.632115
 0 0.632116
 0 0.632118
 0 0.632118
 0 0.632121
 0 0.632121
 0 0.632127
 0 0.632128
 0 0.632195
 0 0.63222
 0 0.63222
 0 0.632229
 0 0.632229
 0 0.632229
 0 0.632229
 0 0.63223
 0 0.63223
 0 0.632261
 0 0.632261
 0 0.632261
 0 0.632278
 0 0.632278
 0 0.632279
 0 0.632279
 0 0.63228
 0 0.632294
 0 0.632295
 0 0.632295
 0 0.632298
 0 0.632298
 0 0.632301
 0 0.632302
 0 0.632302
 0 0.632303
 0 0.632303
 0 0.632311
 0 0.632311
 0 0.632329
 0 0.632331
 0 0.632331
 0 0.632348
 0 0.632348
 0 0.632348
 0 0.632368
 0 0.632368
 0 0.632368
 0 0.632369
 0 0.632383
 0 0.632384
 0 0.632399
 0 0.632408
 0 0.632408
 0 0.632409
 0 0.632409
 0 0.632411
 0 0.632413
 0 0.632414
 0 0.632414
 0 0.632416
 0 0.632416
 0 0.632416
 0 0.632451
 0 0.632457
 0 0.632466
 0 0.632466
 0 0.632466
 0 0.632466
 0 0.632474
 0 0.632496
 0 0.632524
 0 0.632549
 0 0.632561
 0 0.632562
 0 0.632563
 0 0.632565
 0 0.632565
 0 0.632566
 0 0.632579
 0 0.632579
 0 0.632579
 0 0.632582
 0 0.632582
 0 0.632589
 0 0.632617
 0 0.632633
 0 0.632633
 0 0.632641
 0 0.632642
 0 0.632646
 0 0.63268
 0 0.632697
 0 0.632699
 0 0.632707
 0 0.63271
 0 0.63271
 0 0.632711
 0 0.632712
 0 0.632713
 0 0.632713
 0 0.632726
 0 0.632727
 0 0.632733
 0 0.632736
 0 0.632736
 0 0.632737
 0 0.632737
 0 0.632738
 0 0.632738
 0 0.632745
 0 0.632745
 0 0.632757
 0 0.632761
 0 0.632805
 0 0.632808
 0 0.632808
 0 0.632808
 0 0.632859
 0 0.632874
 0 0.632874
 0 0.632874
 0 0.632874
 0 0.632874
 0 0.632881
 0 0.632881
 0 0.632881
 0 0.632881
 0 0.632883
 0 0.632894
 0 0.632894
 0 0.632927
 0 0.632947
 0 0.63295
 0 0.632958
 0 0.632959
 0 0.632983
 0 0.633016
 0 0.63304
 0 0.633047
 0 0.633071
 0 0.633071
 0 0.633071
 0 0.633092
 0 0.633097
 0 0.633097
 0 0.633155
 0 0.633155
 0 0.633192
 0 0.633218
 0 0.633218
 0 0.633219
 0 0.633226
 0 0.633228
 0 0.633248
 0 0.633255
 0 0.633275
 0 0.633294
 0 0.633295
 0 0.633295
 0 0.633313
 0 0.633317
 0 0.633323
 0 0.633328
 0 0.633329
 0 0.633329
 0 0.633329
 0 0.633338
 0 0.633338
 0 0.633339
 0 0.633339
 0 0.633341
 0 0.633343
 0 0.633343
 0 0.633343
 0 0.633364
 0 0.633364
 0 0.633365
 0 0.63337
 0 0.633373
 0 0.633404
 0 0.633404
 0 0.633407
 0 0.633436
 0 0.633437
 0 0.633437
 0 0.633441
 0 0.633442
 0 0.633442
 0 0.633443
 0 0.633521
 0 0.633521
 0 0.633521
 0 0.633533
 0 0.633535
 0 0.633536
 0 0.633553
 0 0.633553
 0 0.633566
 0 0.633566
 0 0.633566
 0 0.633566
 0 0.633601
 0 0.633601
 0 0.633603
 0 0.633603
 0 0.63361
 0 0.633611
 0 0.633657
 0 0.633657
 0 0.633667
 0 0.633667
 0 0.633667
 0 0.633679
 0 0.63368
 0 0.633689
 0 0.633696
 0 0.633696
 0 0.633698
 0 0.6337
 0 0.633701
 0 0.633702
 0 0.633702
 0 0.633702
 0 0.633703
 0 0.633703
 0 0.633733
 0 0.633734
 0 0.633734
 0 0.633755
 0 0.633755
 0 0.633755
 0 0.633755
 0 0.633797
 0 0.633797
 0 0.633797
 0 0.633797
 0 0.633797
 0 0.633798
 0 0.633798
 0 0.633798
 0 0.633801
 0 0.633829
 0 0.633856
 0 0.633857
 0 0.633857
 0 0.633872
 0 0.633873
 0 0.633886
 0 0.63391
 0 0.633917
 0 0.633927
 0 0.633934
 0 0.633934
 0 0.633951
 0 0.633951
 0 0.633964
 0 0.633982
 0 0.633983
 0 0.633986
 0 0.633987
 0 0.633991
 0 0.633991
 0 0.633991
 0 0.634004
 0 0.634004
 0 0.634005
 0 0.634021
 0 0.634035
 0 0.634035
 0 0.634035
 0 0.634037
 0 0.634039
 0 0.634039
 0 0.634045
 0 0.634045
 0 0.634046
 0 0.634048
 0 0.634048
 0 0.634048
 0 0.634048
 0 0.634048
 0 0.634048
 0 0.634048
 0 0.63405
 0 0.63405
 0 0.634052
 0 0.634077
 0 0.634077
 0 0.634077
 0 0.634085
 0 0.634086
 0 0.634102
 0 0.634109
 0 0.634127
 0 0.634128
 0 0.634129
 0 0.634129
 0 0.634129
 0 0.634129
 0 0.634182
 0 0.634182
 0 0.634182
 0 0.634182
 0 0.634183
 0 0.634209
 0 0.634231
 0 0.634234
 0 0.634282
 0 0.634282
 0 0.634282
 0 0.634315
 0 0.634315
 0 0.634323
 0 0.634328
 0 0.634331
 0 0.634331
 0 0.634331
 0 0.634332
 0 0.634338
 0 0.634338
 0 0.634339
 0 0.634339
 0 0.634339
 0 0.634339
 0 0.634355
 0 0.634365
 0 0.634366
 0 0.634367
 0 0.634367
 0 0.634367
 0 0.634367
 0 0.634378
 0 0.634378
 0 0.634392
 0 0.634402
 0 0.634403
 0 0.63442
 0 0.634451
 0 0.634451
 0 0.634499
 0 0.634499
 0 0.634503
 0 0.634521
 0 0.634522
 0 0.634527
 0 0.634534
 0 0.634536
 0 0.634549
 0 0.634549
 0 0.634559
 0 0.634561
 0 0.63457
 0 0.63458
 0 0.634587
 0 0.634592
 0 0.634592
 0 0.634621
 0 0.634668
 0 0.634671
 0 0.634679
 0 0.634683
 0 0.634683
 0 0.634687
 0 0.634693
 0 0.634694
 0 0.634694
 0 0.634743
 0 0.634743
 0 0.634743
 0 0.634751
 0 0.634754
 0 0.634754
 0 0.634767
 0 0.634772
 0 0.634772
 0 0.634773
 0 0.634775
 0 0.634796
 0 0.634796
 0 0.634798
 0 0.634798
 0 0.634817
 0 0.634817
 0 0.634817
 0 0.634836
 0 0.634845
 0 0.634845
 0 0.634846
 0 0.634847
 0 0.634847
 0 0.634848
 0 0.634867
 0 0.634897
 0 0.634898
 0 0.634898
 0 0.634922
 0 0.634922
 0 0.634937
 0 0.634938
 0 0.634938
 0 0.634969
 0 0.634969
 0 0.634984
 0 0.634984
 0 0.634985
 0 0.634985
 0 0.634985
 0 0.634985
 0 0.634997
 0 0.634997
 0 0.635019
 0 0.635019
 0 0.63502
 0 0.63502
 0 0.63502
 0 0.635034
 0 0.635038
 0 0.635047
 0 0.635047
 0 0.635059
 0 0.635071
 0 0.635071
 0 0.635083
 0 0.635087
 0 0.635095
 0 0.635105
 0 0.635105
 0 0.635128
 0 0.635129
 0 0.635129
 0 0.63513
 0 0.635132
 0 0.635132
 0 0.635133
 0 0.635133
 0 0.635133
 0 0.635133
 0 0.635133
 0 0.635154
 0 0.635165
 0 0.635165
 0 0.635165
 0 0.635182
 0 0.635268
 0 0.635268
 0 0.635273
 0 0.635286
 0 0.635286
 0 0.635313
 0 0.635314
 0 0.635315
 0 0.635325
 0 0.635335
 0 0.635335
 0 0.635337
 0 0.635342
 0 0.635364
 0 0.635364
 0 0.635364
 0 0.635375
 0 0.635375
 0 0.635376
 0 0.635388
 0 0.635388
 0 0.635389
 0 0.635389
 0 0.635389
 0 0.635391
 0 0.635391
 0 0.635394
 0 0.635407
 0 0.635407
 0 0.635409
 0 0.635422
 0 0.635422
 0 0.635436
 0 0.635444
 0 0.635447
 0 0.635447
 0 0.635457
 0 0.635457
 0 0.63546
 0 0.635461
 0 0.635461
 0 0.635479
 0 0.635498
 0 0.635505
 0 0.635513
 0 0.635513
 0 0.635515
 0 0.635518
 0 0.63553
 0 0.63553
 0 0.63553
 0 0.63554
 0 0.635542
 0 0.635551
 0 0.63556
 0 0.63556
 0 0.63556
 0 0.635571
 0 0.635586
 0 0.635586
 0 0.635589
 0 0.635589
 0 0.63559
 0 0.635596
 0 0.635606
 0 0.635617
 0 0.635623
 0 0.635624
 0 0.635643
 0 0.635652
 0 0.635652
 0 0.635653
 0 0.635653
 0 0.635679
 0 0.63569
 0 0.635696
 0 0.635696
 0 0.635696
 0 0.635706
 0 0.635706
 0 0.635707
 0 0.635721
 0 0.635721
 0 0.635749
 0 0.635758
 0 0.635759
 0 0.635759
 0 0.635794
 0 0.635837
 0 0.635853
 0 0.635876
 0 0.635876
 0 0.635885
 0 0.635903
 0 0.635903
 0 0.635903
 0 0.635945
 0 0.635945
 0 0.635947
 0 0.635958
 0 0.635971
 0 0.635981
 0 0.635981
 0 0.635992
 0 0.635992
 0 0.635992
 0 0.635998
 0 0.636008
 0 0.636026
 0 0.636027
 0 0.636027
 0 0.636049
 0 0.636049
 0 0.636049
 0 0.636049
 0 0.636101
 0 0.636101
 0 0.636101
 0 0.636102
 0 0.636108
 0 0.636109
 0 0.636109
 0 0.636129
 0 0.636129
 0 0.636129
 0 0.636168
 0 0.636168
 0 0.636169
 0 0.636186
 0 0.636207
 0 0.636209
 0 0.636229
 0 0.636232
 0 0.636232
 0 0.636243
 0 0.636243
 0 0.63625
 0 0.636272
 0 0.636273
 0 0.636275
 0 0.636275
 0 0.636291
 0 0.636292
 0 0.636292
 0 0.636292
 0 0.636292
 0 0.636293
 0 0.636293
 0 0.636293
 0 0.636315
 0 0.636329
 0 0.636343
 0 0.636343
 0 0.636353
 0 0.636365
 0 0.636366
 0 0.636366
 0 0.636366
 0 0.63637
 0 0.636371
 0 0.636371
 0 0.636398
 0 0.636405
 0 0.636417
 0 0.636428
 0 0.636428
 0 0.636428
 0 0.636468
 0 0.636468
 0 0.636493
 0 0.636493
 0 0.636523
 0 0.636524
 0 0.636549
 0 0.636549
 0 0.636549
 0 0.63655
 0 0.636554
 0 0.636554
 0 0.636555
 0 0.636561
 0 0.636562
 0 0.636562
 0 0.636563
 0 0.636578
 0 0.63658
 0 0.63658
 0 0.636581
 0 0.636581
 0 0.636582
 0 0.636582
 0 0.636603
 0 0.636608
 0 0.636608
 0 0.636608
 0 0.636631
 0 0.636631
 0 0.636669
 0 0.636735
 0 0.636743
 0 0.636744
 0 0.636745
 0 0.63675
 0 0.636813
 0 0.636814
 0 0.636815
 0 0.636815
 0 0.636837
 0 0.636837
 0 0.636876
 0 0.636876
 0 0.636895
 0 0.636899
 0 0.636904
 0 0.636909
 0 0.636909
 0 0.636918
 0 0.636937
 0 0.636937
 0 0.636947
 0 0.636983
 0 0.636983
 0 0.636984
 0 0.636992
 0 0.636996
 0 0.637003
 0 0.637003
 0 0.637004
 0 0.637021
 0 0.637024
 0 0.637024
 0 0.637028
 0 0.637029
 0 0.637029
 0 0.637032
 0 0.637045
 0 0.637058
 0 0.63706
 0 0.637087
 0 0.637088
 0 0.637126
 0 0.637127
 0 0.637144
 0 0.637146
 0 0.637155
 0 0.637155
 0 0.637155
 0 0.637155
 0 0.637155
 0 0.637212
 0 0.637223
 0 0.637253
 0 0.637253
 0 0.637259
 0 0.63726
 0 0.63726
 0 0.63726
 0 0.637267
 0 0.637267
 0 0.637327
 0 0.637327
 0 0.637327
 0 0.637334
 0 0.637336
 0 0.637336
 0 0.637336
 0 0.637338
 0 0.637339
 0 0.637339
 0 0.637339
 0 0.637339
 0 0.637339
 0 0.637339
 0 0.637408
 0 0.637408
 0 0.637437
 0 0.637438
 0 0.637439
 0 0.63744
 0 0.63744
 0 0.637449
 0 0.637486
 0 0.637487
 0 0.637487
 0 0.637499
 0 0.637499
 0 0.637499
 0 0.637502
 0 0.637502
 0 0.637548
 0 0.637548
 0 0.637548
 0 0.637548
 0 0.637548
 0 0.637573
 0 0.637598
 0 0.637618
 0 0.637625
 0 0.637625
 0 0.637625
 0 0.637625
 0 0.637639
 0 0.637653
 0 0.637661
 0 0.637672
 0 0.637672
 0 0.637673
 0 0.637674
 0 0.637675
 0 0.637693
 0 0.637694
 0 0.637718
 0 0.637719
 0 0.637719
 0 0.637761
 0 0.63777
 0 0.63777
 0 0.637828
 0 0.637844
 0 0.637844
 0 0.637844
 0 0.637845
 0 0.637848
 0 0.637848
 0 0.63785
 0 0.63787
 0 0.637874
 0 0.637874
 0 0.637874
 0 0.63788
 0 0.637915
 0 0.637941
 0 0.637941
 0 0.63795
 0 0.637957
 0 0.637962
 0 0.63797
 0 0.63797
 0 0.637971
 0 0.637972
 0 0.637972
 0 0.637976
 0 0.637977
 0 0.637979
 0 0.637979
 0 0.63798
 0 0.637981
 0 0.637997
 0 0.638005
 0 0.638005
 0 0.63802
 0 0.63802
 0 0.63802
 0 0.63802
 0 0.638023
 0 0.638102
 0 0.63811
 0 0.638111
 0 0.638119
 0 0.638131
 0 0.638131
 0 0.638131
 0 0.638133
 0 0.638143
 0 0.638194
 0 0.638202
 0 0.638202
 0 0.638202
 0 0.63822
 0 0.638233
 0 0.638254
 0 0.638289
 0 0.638289
 0 0.63829
 0 0.638295
 0 0.638295
 0 0.638327
 0 0.638365
 0 0.638365
 0 0.638365
 0 0.63838
 0 0.63838
 0 0.638381
 0 0.638397
 0 0.638433
 0 0.638433
 0 0.638435
 0 0.638435
 0 0.638435
 0 0.638436
 0 0.63844
 0 0.638441
 0 0.638464
 0 0.638475
 0 0.638502
 0 0.638537
 0 0.638537
 0 0.638537
 0 0.638544
 0 0.638544
 0 0.638556
 0 0.638556
 0 0.638564
 0 0.638574
 0 0.638574
 0 0.638574
 0 0.638574
 0 0.638575
 0 0.638619
 0 0.63862
 0 0.638687
 0 0.638688
 0 0.638691
 0 0.638691
 0 0.638693
 0 0.638694
 0 0.638694
 0 0.638694
 0 0.638696
 0 0.638696
 0 0.638722
 0 0.638726
 0 0.638727
 0 0.638728
 0 0.638763
 0 0.638778
 0 0.638778
 0 0.63878
 0 0.638811
 0 0.638825
 0 0.638826
 0 0.638826
 0 0.638831
 0 0.638862
 0 0.638862
 0 0.638862
 0 0.638862
 0 0.638862
 0 0.638881
 0 0.638882
 0 0.638882
 0 0.638882
 0 0.638884
 0 0.638884
 0 0.638885
 0 0.638885
 0 0.638886
 0 0.638893
 0 0.638894
 0 0.638894
 0 0.638894
 0 0.638921
 0 0.638922
 0 0.638922
 0 0.638938
 0 0.638948
 0 0.638978
 0 0.639013
 0 0.639013
 0 0.639034
 0 0.639035
 0 0.639072
 0 0.639072
 0 0.639128
 0 0.639139
 0 0.63914
 0 0.63914
 0 0.639141
 0 0.639141
 0 0.639141
 0 0.639145
 0 0.639253
 0 0.639264
 0 0.639266
 0 0.63927
 0 0.63927
 0 0.639303
 0 0.639303
 0 0.63932
 0 0.639382
 0 0.639417
 0 0.639417
 0 0.639417
 0 0.639417
 0 0.639438
 0 0.63945
 0 0.639733
 0 0.639733
 0 0.639735
 0 0.639748
 0 0.639748
 0 0.639817
 0 0.639817
 0 0.639817
 0 0.639832
 0 0.639833
 0 0.639958
 0 0.639973
 0 0.639973
 0 0.63998
 0 0.640004
 0 0.640037
 0 0.640038
 0 0.640039
 0 0.640054
 0 0.640055
 0 0.640089
 0 0.640099
 0 0.640152
 0 0.640176
 0 0.640176
 0 0.640176
 0 0.640201
 0 0.640201
 0 0.640308
 0 0.640435
 0 0.640435
 0 0.640435
 0 0.640458
 0 0.640462
 0 0.640463
 0 0.640464
 0 0.640506
 0 0.640507
 0 0.640507
 0 0.640507
 0 0.640647
 0 0.640683
 0 0.640684
 0 0.640738
 0 0.640912
 0 0.640913
 0 0.640913
 0 0.640919
 0 0.64092
 0 0.640921
 0 0.640968
 0 0.640968
 0 0.641008
 0 0.641107
 0 0.641207
 0 0.641247
 0 0.641247
 0 0.641247
 0 0.641275
 0 0.641275
 0 0.641418
 0 0.641418
 0 0.641424
 0 0.641424
 0 0.64143
 0 0.641431
 0 0.641455
 0 0.641455
 0 0.641514
 0 0.641514
 0 0.641558
 0 0.641558
 0 0.641559
 0 0.641664
 0 0.641694
 0 0.641892
 0 0.641892
 0 0.642171
 0 0.642172
 0 0.642173
 0 0.642174
 0 0.642183
 0 0.642188
 0 0.642189
 0 0.642197
 0 0.642324
 0 0.642324
 0 0.642324
 0 0.642326
 0 0.642327
 0 0.642483
 0 0.642484
 0 0.642575
 0 0.642614
 0 0.642614
 0 0.642614
 0 0.642835
 0 0.642835
 0 0.643435
 0 0.643472
 0 0.643472
 0 0.643861
 0 1.00405
 0 1.00423
 0 1.00423
 0 1.00423
 0 1.00437
 0 1.00437
 0 inf
