 0 0.525381
 0 0.525381
 0 0.525383
 0 0.525383
 0 0.525383
 0 0.526616
 0 0.528072
 0 0.528634
 0 0.528682
 0 0.529002
 0 0.529046
 0 0.529046
 0 0.624496
 0 0.624497
 0 0.624838
 0 0.624838
 0 0.62484
 0 0.625743
 0 0.626151
 0 0.626347
 0 0.626348
 0 0.626555
 0 0.626557
 0 0.626632
 0 0.626634
 0 0.626634
 0 0.626843
 0 0.626845
 0 0.626845
 0 0.626845
 0 0.626871
 0 0.626902
 0 0.626902
 0 0.626902
 0 0.626903
 0 0.627831
 0 0.627831
 0 0.627856
 0 0.627913
 0 0.628396
 0 0.628398
 0 0.62848
 0 0.629058
 0 0.629058
 0 0.629062
 0 0.629063
 0 0.629179
 0 0.629207
 0 0.629209
 0 0.629212
 0 0.629212
 0 0.629404
 0 0.629405
 0 0.629406
 0 0.629407
 0 0.629443
 0 0.629443
 0 0.629443
 0 0.629495
 0 0.629515
 0 0.629547
 0 0.629601
 0 0.629726
 0 0.629836
 0 0.62987
 0 0.629875
 0 0.629878
 0 0.630045
 0 0.630046
 0 0.630187
 0 0.630187
 0 0.630221
 0 0.630223
 0 0.630225
 0 0.630293
 0 0.630295
 0 0.630333
 0 0.630336
 0 0.630418
 0 0.630476
 0 0.630518
 0 0.630649
 0 0.630654
 0 0.630655
 0 0.630663
 0 0.630705
 0 0.630801
 0 0.630914
 0 0.630949
 0 0.630949
 0 0.630949
 0 0.63102
 0 0.63102
 0 0.631049
 0 0.631174
 0 0.631174
 0 0.631175
 0 0.631245
 0 0.631255
 0 0.631271
 0 0.631271
 0 0.631313
 0 0.631373
 0 0.631374
 0 0.631374
 0 0.631376
 0 0.631466
 0 0.631468
 0 0.631485
 0 0.631486
 0 0.631486
 0 0.631487
 0 0.631488
 0 0.631604
 0 0.631702
 0 0.631703
 0 0.631712
 0 0.631712
 0 0.631805
 0 0.631805
 0 0.631805
 0 0.63183
 0 0.631835
 0 0.631835
 0 0.631836
 0 0.631838
 0 0.631859
 0 0.63186
 0 0.631947
 0 0.631954
 0 0.632022
 0 0.632045
 0 0.632048
 0 0.632163
 0 0.632163
 0 0.632213
 0 0.632226
 0 0.632288
 0 0.632288
 0 0.632356
 0 0.632357
 0 0.632392
 0 0.632393
 0 0.632419
 0 0.632419
 0 0.632493
 0 0.632544
 0 0.632544
 0 0.632547
 0 0.632607
 0 0.632636
 0 0.632716
 0 0.632719
 0 0.632735
 0 0.632738
 0 0.632738
 0 0.632765
 0 0.632776
 0 0.632776
 0 0.632829
 0 0.63283
 0 0.632831
 0 0.632832
 0 0.632832
 0 0.632832
 0 0.632833
 0 0.632841
 0 0.632844
 0 0.632844
 0 0.632844
 0 0.632898
 0 0.632928
 0 0.632961
 0 0.632969
 0 0.63297
 0 0.632996
 0 0.632997
 0 0.632999
 0 0.633004
 0 0.633004
 0 0.633005
 0 0.633008
 0 0.633015
 0 0.633079
 0 0.633092
 0 0.633152
 0 0.633155
 0 0.633156
 0 0.633156
 0 0.633156
 0 0.633212
 0 0.633245
 0 0.633247
 0 0.633247
 0 0.633262
 0 0.633262
 0 0.633263
 0 0.633263
 0 0.633265
 0 0.633281
 0 0.633282
 0 0.633282
 0 0.633325
 0 0.633325
 0 0.633325
 0 0.633338
 0 0.63334
 0 0.63334
 0 0.633394
 0 0.633394
 0 0.633397
 0 0.63343
 0 0.63344
 0 0.63344
 0 0.63345
 0 0.633452
 0 0.633515
 0 0.633533
 0 0.633533
 0 0.633537
 0 0.633546
 0 0.633546
 0 0.633625
 0 0.633666
 0 0.633666
 0 0.633712
 0 0.633714
 0 0.633736
 0 0.633736
 0 0.633745
 0 0.633745
 0 0.633749
 0 0.633762
 0 0.633773
 0 0.633775
 0 0.633788
 0 0.633789
 0 0.633789
 0 0.63379
 0 0.63379
 0 0.633861
 0 0.633862
 0 0.633867
 0 0.63388
 0 0.633898
 0 0.633907
 0 0.633911
 0 0.633927
 0 0.633929
 0 0.633929
 0 0.633935
 0 0.633971
 0 0.633971
 0 0.633972
 0 0.633972
 0 0.633975
 0 0.633976
 0 0.633984
 0 0.633986
 0 0.633986
 0 0.634018
 0 0.634018
 0 0.63402
 0 0.634081
 0 0.634103
 0 0.634106
 0 0.634107
 0 0.634121
 0 0.634121
 0 0.634124
 0 0.634133
 0 0.634133
 0 0.634155
 0 0.634158
 0 0.63416
 0 0.634172
 0 0.634174
 0 0.634176
 0 0.634198
 0 0.63421
 0 0.63421
 0 0.634211
 0 0.634281
 0 0.634281
 0 0.634281
 0 0.634284
 0 0.634293
 0 0.634295
 0 0.634324
 0 0.634324
 0 0.634355
 0 0.634374
 0 0.634374
 0 0.634388
 0 0.634391
 0 0.6344
 0 0.634411
 0 0.634434
 0 0.634435
 0 0.634437
 0 0.63444
 0 0.634442
 0 0.634446
 0 0.634446
 0 0.634446
 0 0.634479
 0 0.634507
 0 0.634508
 0 0.634512
 0 0.634517
 0 0.63452
 0 0.634524
 0 0.634527
 0 0.634536
 0 0.634537
 0 0.634537
 0 0.634538
 0 0.634584
 0 0.634586
 0 0.634609
 0 0.634613
 0 0.634613
 0 0.634686
 0 0.634688
 0 0.634688
 0 0.634698
 0 0.634699
 0 0.634701
 0 0.634722
 0 0.634737
 0 0.634742
 0 0.634745
 0 0.634745
 0 0.634762
 0 0.634764
 0 0.634776
 0 0.634782
 0 0.634782
 0 0.634783
 0 0.634788
 0 0.634799
 0 0.634804
 0 0.634873
 0 0.634881
 0 0.634881
 0 0.634881
 0 0.634911
 0 0.634913
 0 0.634913
 0 0.634924
 0 0.634924
 0 0.634924
 0 0.634933
 0 0.634939
 0 0.63494
 0 0.634957
 0 0.634989
 0 0.634989
 0 0.634989
 0 0.634989
 0 0.634996
 0 0.634996
 0 0.635003
 0 0.635003
 0 0.635022
 0 0.635022
 0 0.635044
 0 0.635081
 0 0.635082
 0 0.635082
 0 0.635083
 0 0.635099
 0 0.635147
 0 0.635147
 0 0.635147
 0 0.635147
 0 0.635172
 0 0.635178
 0 0.635178
 0 0.635182
 0 0.635227
 0 0.635228
 0 0.635228
 0 0.635229
 0 0.635246
 0 0.635257
 0 0.635257
 0 0.63526
 0 0.63527
 0 0.63527
 0 0.635271
 0 0.635282
 0 0.635283
 0 0.635284
 0 0.635317
 0 0.635342
 0 0.635342
 0 0.635343
 0 0.635343
 0 0.635376
 0 0.635424
 0 0.635425
 0 0.635427
 0 0.635433
 0 0.6355
 0 0.6355
 0 0.635501
 0 0.635501
 0 0.635501
 0 0.635501
 0 0.635504
 0 0.635504
 0 0.635526
 0 0.635526
 0 0.635539
 0 0.635541
 0 0.635543
 0 0.635549
 0 0.63555
 0 0.635551
 0 0.635553
 0 0.635553
 0 0.635553
 0 0.635576
 0 0.635576
 0 0.635577
 0 0.635577
 0 0.635615
 0 0.635617
 0 0.635621
 0 0.635633
 0 0.635633
 0 0.635634
 0 0.635638
 0 0.635638
 0 0.63564
 0 0.63564
 0 0.635648
 0 0.63565
 0 0.63567
 0 0.63567
 0 0.635692
 0 0.6357
 0 0.635701
 0 0.635703
 0 0.635703
 0 0.635703
 0 0.635718
 0 0.635746
 0 0.635756
 0 0.635756
 0 0.635765
 0 0.635765
 0 0.635788
 0 0.635788
 0 0.635789
 0 0.635789
 0 0.635801
 0 0.635803
 0 0.635805
 0 0.635846
 0 0.635874
 0 0.635876
 0 0.635876
 0 0.635876
 0 0.635906
 0 0.635993
 0 0.635994
 0 0.636015
 0 0.636015
 0 0.636021
 0 0.636021
 0 0.636022
 0 0.636022
 0 0.636023
 0 0.636023
 0 0.636025
 0 0.636032
 0 0.636032
 0 0.636042
 0 0.636042
 0 0.636044
 0 0.636044
 0 0.636045
 0 0.636046
 0 0.636098
 0 0.636098
 0 0.636099
 0 0.6361
 0 0.636103
 0 0.636104
 0 0.636125
 0 0.636125
 0 0.636159
 0 0.636161
 0 0.636225
 0 0.63624
 0 0.636248
 0 0.636254
 0 0.636266
 0 0.636268
 0 0.636269
 0 0.636306
 0 0.636311
 0 0.636311
 0 0.636313
 0 0.636313
 0 0.636338
 0 0.636338
 0 0.636338
 0 0.636347
 0 0.636347
 0 0.636347
 0 0.636424
 0 0.636426
 0 0.636426
 0 0.636426
 0 0.636426
 0 0.636447
 0 0.63645
 0 0.636463
 0 0.63647
 0 0.636488
 0 0.63649
 0 0.636508
 0 0.63651
 0 0.636514
 0 0.636549
 0 0.636573
 0 0.636713
 0 0.636713
 0 0.636716
 0 0.636727
 0 0.636728
 0 0.636728
 0 0.636742
 0 0.636743
 0 0.636764
 0 0.636767
 0 0.636773
 0 0.636797
 0 0.6368
 0 0.636827
 0 0.636869
 0 0.636951
 0 0.637044
 0 0.637044
 0 0.637045
 0 0.637107
 0 0.63714
 0 0.637141
 0 0.637142
 0 0.637143
 0 0.637152
 0 0.637154
 0 0.637163
 0 0.637202
 0 0.637209
 0 0.637231
 0 0.637253
 0 0.637306
 0 0.637306
 0 0.637353
 0 0.637362
 0 0.637424
 0 0.637437
 0 0.637438
 0 0.637452
 0 0.637476
 0 0.637533
 0 0.637584
 0 0.637585
 0 0.637593
 0 0.637637
 0 0.63764
 0 0.637652
 0 0.637653
 0 0.637654
 0 0.637679
 0 0.63771
 0 0.637713
 0 0.637752
 0 0.637773
 0 0.637773
 0 0.637775
 0 0.637782
 0 0.637798
 0 0.637817
 0 0.637817
 0 0.637817
 0 0.637818
 0 0.637818
 0 0.637829
 0 0.63786
 0 0.637863
 0 0.637863
 0 0.637882
 0 0.637883
 0 0.637887
 0 0.637889
 0 0.637889
 0 0.637889
 0 0.637916
 0 0.637936
 0 0.63794
 0 0.637941
 0 0.637941
 0 0.637943
 0 0.637969
 0 0.637973
 0 0.637974
 0 0.637974
 0 0.637974
 0 0.637975
 0 0.637976
 0 0.637976
 0 0.63798
 0 0.637985
 0 0.638011
 0 0.63805
 0 0.638052
 0 0.63809
 0 0.63816
 0 0.63816
 0 0.63818
 0 0.638182
 0 0.638185
 0 0.638206
 0 0.638206
 0 0.638219
 0 0.638231
 0 0.638231
 0 0.63824
 0 0.638278
 0 0.638282
 0 0.638331
 0 0.63834
 0 0.63834
 0 0.63834
 0 0.63834
 0 0.638341
 0 0.638349
 0 0.638361
 0 0.638378
 0 0.638378
 0 0.638436
 0 0.638436
 0 0.638437
 0 0.63845
 0 0.638451
 0 0.638452
 0 0.638473
 0 0.638473
 0 0.638489
 0 0.63849
 0 0.638491
 0 0.638508
 0 0.638516
 0 0.638519
 0 0.638527
 0 0.638573
 0 0.638577
 0 0.638577
 0 0.638577
 0 0.638579
 0 0.638581
 0 0.638584
 0 0.638591
 0 0.63865
 0 0.63865
 0 0.63865
 0 0.63865
 0 0.638654
 0 0.638663
 0 0.63874
 0 0.638745
 0 0.638756
 0 0.638757
 0 0.638765
 0 0.638777
 0 0.638778
 0 0.638778
 0 0.638827
 0 0.638856
 0 0.638857
 0 0.638858
 0 0.638858
 0 0.638863
 0 0.638863
 0 0.638865
 0 0.638865
 0 0.638868
 0 0.63889
 0 0.638891
 0 0.638893
 0 0.63892
 0 0.638934
 0 0.638935
 0 0.639055
 0 0.639057
 0 0.639057
 0 0.639089
 0 0.639092
 0 0.639092
 0 0.639093
 0 0.639111
 0 0.639134
 0 0.639154
 0 0.639154
 0 0.6392
 0 0.639201
 0 0.639201
 0 0.639204
 0 0.639204
 0 0.639204
 0 0.63923
 0 0.639232
 0 0.639258
 0 0.639259
 0 0.63926
 0 0.639262
 0 0.639332
 0 0.639333
 0 0.63937
 0 0.63937
 0 0.63937
 0 0.639444
 0 0.639501
 0 0.639505
 0 0.63951
 0 0.639519
 0 0.63952
 0 0.63952
 0 0.639544
 0 0.639583
 0 0.639583
 0 0.639583
 0 0.639589
 0 0.639592
 0 0.63964
 0 0.639791
 0 0.639866
 0 0.639867
 0 0.63995
 0 0.639951
 0 0.639951
 0 0.63999
 0 0.640007
 0 0.640007
 0 0.640008
 0 0.640008
 0 0.64001
 0 0.640028
 0 0.640053
 0 0.640056
 0 0.640062
 0 0.640065
 0 0.640065
 0 0.640095
 0 0.640095
 0 0.640128
 0 0.640128
 0 0.640222
 0 0.640222
 0 0.640224
 0 0.640238
 0 0.640238
 0 0.640238
 0 0.640251
 0 0.640253
 0 0.640276
 0 0.640289
 0 0.640345
 0 0.640345
 0 0.640358
 0 0.640361
 0 0.640365
 0 0.640365
 0 0.640365
 0 0.640365
 0 0.640379
 0 0.640401
 0 0.640401
 0 0.640401
 0 0.640414
 0 0.640415
 0 0.64042
 0 0.640422
 0 0.640449
 0 0.640453
 0 0.640453
 0 0.640454
 0 0.640486
 0 0.640497
 0 0.640519
 0 0.64052
 0 0.64052
 0 0.640521
 0 0.640525
 0 0.640528
 0 0.640529
 0 0.640541
 0 0.640541
 0 0.640541
 0 0.640541
 0 0.640548
 0 0.64055
 0 0.64055
 0 0.640551
 0 0.640553
 0 0.640595
 0 0.640605
 0 0.640606
 0 0.640608
 0 0.640609
 0 0.64067
 0 0.64073
 0 0.640731
 0 0.640731
 0 0.64074
 0 0.64074
 0 0.640741
 0 0.640801
 0 0.640802
 0 0.640819
 0 0.640855
 0 0.640945
 0 0.640945
 0 0.640945
 0 0.640999
 0 0.641026
 0 0.641027
 0 0.641031
 0 0.641061
 0 0.641061
 0 0.641078
 0 0.64108
 0 0.641081
 0 0.641083
 0 0.641089
 0 0.641109
 0 0.641171
 0 0.64123
 0 0.641231
 0 0.641238
 0 0.641282
 0 0.641331
 0 0.64135
 0 0.641366
 0 0.641369
 0 0.641388
 0 0.641412
 0 0.641412
 0 0.641412
 0 0.641415
 0 0.641445
 0 0.641449
 0 0.641484
 0 0.641623
 0 0.641653
 0 0.641687
 0 0.641687
 0 0.641762
 0 0.641762
 0 0.641764
 0 0.641764
 0 0.641764
 0 0.641765
 0 0.641803
 0 0.641932
 0 0.641961
 0 0.641988
 0 0.642057
 0 0.642118
 0 0.642118
 0 0.64213
 0 0.64213
 0 0.642206
 0 0.642208
 0 0.64224
 0 0.642247
 0 0.642286
 0 0.642288
 0 0.642329
 0 0.642331
 0 0.642331
 0 0.642333
 0 0.642334
 0 0.642334
 0 0.642336
 0 0.642336
 0 0.642367
 0 0.642375
 0 0.642376
 0 0.642378
 0 0.642378
 0 0.642378
 0 0.642379
 0 0.64238
 0 0.642476
 0 0.642533
 0 0.642534
 0 0.642538
 0 0.642539
 0 0.642539
 0 0.642664
 0 0.642823
 0 0.642833
 0 0.642833
 0 0.64285
 0 0.64285
 0 0.642852
 0 0.642978
 0 0.643112
 0 0.643113
 0 0.643125
 0 0.643127
 0 0.643161
 0 0.643162
 0 0.643162
 0 0.643163
 0 0.643163
 0 0.643424
 0 0.643424
 0 0.643692
 0 0.643693
 0 0.643723
 0 0.643791
 0 0.643791
 0 0.643962
 0 0.643964
 0 0.643964
 0 0.644053
 0 0.64415
 0 0.644153
 0 0.644798
 0 0.644798
 0 0.644798
 0 0.64508
 0 0.64508
 0 0.645081
 0 0.645144
 0 0.645222
 0 0.645405
 0 0.645405
 0 0.645405
 0 0.645405
 0 0.646161
 0 0.877513
 0 0.891356
 0 0.891502
 0 0.891502
 0 0.892397
 0 0.892397
 0 1.47258
 0 1.47292
 0 1.47292
 0 1.47339
 0 1.47373
 0 1.47373
 0 inf
