 0 0.487296
 0 0.487518
 0 0.48774
 0 0.487741
 0 0.487741
 0 0.487741
 0 0.504033
 0 0.504033
 0 0.504034
 0 0.504355
 0 0.504355
 0 0.504956
 0 0.626477
 0 0.626479
 0 0.626479
 0 0.626518
 0 0.62652
 0 0.627512
 0 0.628105
 0 0.628433
 0 0.628434
 0 0.628479
 0 0.628525
 0 0.628537
 0 0.628537
 0 0.628563
 0 0.628732
 0 0.628733
 0 0.628793
 0 0.628793
 0 0.628794
 0 0.628795
 0 0.628847
 0 0.628864
 0 0.628864
 0 0.628911
 0 0.628914
 0 0.628918
 0 0.628956
 0 0.628956
 0 0.628968
 0 0.628985
 0 0.628987
 0 0.628987
 0 0.629077
 0 0.629102
 0 0.629137
 0 0.629286
 0 0.629298
 0 0.629299
 0 0.629299
 0 0.629331
 0 0.629331
 0 0.629354
 0 0.629365
 0 0.629372
 0 0.629377
 0 0.629396
 0 0.629398
 0 0.629398
 0 0.629515
 0 0.629517
 0 0.629517
 0 0.629517
 0 0.629518
 0 0.629553
 0 0.629554
 0 0.62968
 0 0.629749
 0 0.629756
 0 0.629756
 0 0.629758
 0 0.629758
 0 0.62979
 0 0.62979
 0 0.62979
 0 0.629813
 0 0.629825
 0 0.62983
 0 0.629832
 0 0.629832
 0 0.629833
 0 0.629844
 0 0.629844
 0 0.629844
 0 0.629846
 0 0.629847
 0 0.629847
 0 0.629847
 0 0.629866
 0 0.629866
 0 0.629868
 0 0.629868
 0 0.629868
 0 0.629868
 0 0.629868
 0 0.629868
 0 0.629886
 0 0.629887
 0 0.629897
 0 0.629903
 0 0.629911
 0 0.629928
 0 0.629928
 0 0.629947
 0 0.629952
 0 0.629952
 0 0.629972
 0 0.629972
 0 0.629973
 0 0.629974
 0 0.630003
 0 0.630018
 0 0.630018
 0 0.630019
 0 0.630039
 0 0.630039
 0 0.630068
 0 0.630095
 0 0.630095
 0 0.63013
 0 0.63013
 0 0.630131
 0 0.630131
 0 0.630141
 0 0.630141
 0 0.63016
 0 0.630164
 0 0.630165
 0 0.630166
 0 0.630166
 0 0.630168
 0 0.630191
 0 0.630191
 0 0.630203
 0 0.630203
 0 0.630221
 0 0.630221
 0 0.630222
 0 0.630223
 0 0.630224
 0 0.630246
 0 0.630247
 0 0.630247
 0 0.630249
 0 0.630249
 0 0.63025
 0 0.630309
 0 0.630337
 0 0.630337
 0 0.630337
 0 0.630338
 0 0.630338
 0 0.630343
 0 0.630362
 0 0.630363
 0 0.630407
 0 0.630458
 0 0.630459
 0 0.63046
 0 0.630467
 0 0.63048
 0 0.63048
 0 0.63048
 0 0.630481
 0 0.630481
 0 0.630481
 0 0.630488
 0 0.630488
 0 0.630488
 0 0.630489
 0 0.630505
 0 0.630506
 0 0.630511
 0 0.630519
 0 0.630521
 0 0.630583
 0 0.630587
 0 0.630587
 0 0.630603
 0 0.630603
 0 0.630603
 0 0.630604
 0 0.630605
 0 0.630621
 0 0.630621
 0 0.630652
 0 0.630687
 0 0.630687
 0 0.630687
 0 0.630687
 0 0.630692
 0 0.630692
 0 0.630692
 0 0.630692
 0 0.630703
 0 0.630704
 0 0.630715
 0 0.630735
 0 0.630735
 0 0.630771
 0 0.630777
 0 0.630777
 0 0.630816
 0 0.630828
 0 0.630838
 0 0.630839
 0 0.630843
 0 0.630843
 0 0.630845
 0 0.630846
 0 0.630848
 0 0.630854
 0 0.630854
 0 0.630854
 0 0.630854
 0 0.630871
 0 0.630871
 0 0.630887
 0 0.630887
 0 0.630889
 0 0.63089
 0 0.630896
 0 0.630905
 0 0.630905
 0 0.630919
 0 0.630919
 0 0.630925
 0 0.630966
 0 0.630968
 0 0.630968
 0 0.63098
 0 0.63098
 0 0.630981
 0 0.630982
 0 0.630983
 0 0.630992
 0 0.631003
 0 0.631065
 0 0.631065
 0 0.631065
 0 0.631086
 0 0.631086
 0 0.63109
 0 0.63109
 0 0.631096
 0 0.631096
 0 0.631108
 0 0.63112
 0 0.631126
 0 0.631132
 0 0.631132
 0 0.631132
 0 0.631134
 0 0.631135
 0 0.631135
 0 0.631141
 0 0.631141
 0 0.631141
 0 0.631141
 0 0.631141
 0 0.631147
 0 0.631147
 0 0.631147
 0 0.631148
 0 0.631148
 0 0.631149
 0 0.631175
 0 0.63118
 0 0.631181
 0 0.631181
 0 0.631184
 0 0.631185
 0 0.631185
 0 0.631192
 0 0.631192
 0 0.631204
 0 0.631204
 0 0.631209
 0 0.631209
 0 0.631213
 0 0.631217
 0 0.631223
 0 0.631229
 0 0.631229
 0 0.631234
 0 0.631235
 0 0.631235
 0 0.631237
 0 0.631267
 0 0.631267
 0 0.631268
 0 0.631268
 0 0.631268
 0 0.631268
 0 0.631268
 0 0.631268
 0 0.631269
 0 0.631269
 0 0.631269
 0 0.63127
 0 0.63127
 0 0.63127
 0 0.631286
 0 0.631287
 0 0.631292
 0 0.631317
 0 0.631317
 0 0.631317
 0 0.631317
 0 0.631318
 0 0.631318
 0 0.631319
 0 0.63132
 0 0.63132
 0 0.63132
 0 0.631333
 0 0.631334
 0 0.631336
 0 0.631368
 0 0.631374
 0 0.631374
 0 0.63139
 0 0.631391
 0 0.631392
 0 0.631394
 0 0.631412
 0 0.63145
 0 0.63145
 0 0.63148
 0 0.63148
 0 0.631484
 0 0.631484
 0 0.631484
 0 0.631506
 0 0.631508
 0 0.631508
 0 0.63151
 0 0.631519
 0 0.631519
 0 0.63152
 0 0.631525
 0 0.631527
 0 0.631533
 0 0.631533
 0 0.631538
 0 0.631542
 0 0.631542
 0 0.631545
 0 0.631546
 0 0.631546
 0 0.631547
 0 0.631555
 0 0.631555
 0 0.631559
 0 0.631559
 0 0.631561
 0 0.631599
 0 0.631601
 0 0.631608
 0 0.631629
 0 0.631635
 0 0.631636
 0 0.631637
 0 0.63164
 0 0.63164
 0 0.631647
 0 0.631647
 0 0.631653
 0 0.631653
 0 0.631653
 0 0.631671
 0 0.631671
 0 0.631671
 0 0.631673
 0 0.631697
 0 0.631697
 0 0.631698
 0 0.631698
 0 0.631704
 0 0.631714
 0 0.631714
 0 0.63172
 0 0.631722
 0 0.631735
 0 0.631736
 0 0.63174
 0 0.631741
 0 0.631741
 0 0.631751
 0 0.631771
 0 0.631776
 0 0.631776
 0 0.631777
 0 0.631795
 0 0.631802
 0 0.631802
 0 0.631803
 0 0.631804
 0 0.631806
 0 0.631815
 0 0.631815
 0 0.631825
 0 0.631825
 0 0.631826
 0 0.631837
 0 0.631837
 0 0.631837
 0 0.631837
 0 0.631837
 0 0.631837
 0 0.631847
 0 0.631848
 0 0.631849
 0 0.631852
 0 0.631868
 0 0.631869
 0 0.631876
 0 0.631884
 0 0.631884
 0 0.631885
 0 0.63189
 0 0.631896
 0 0.631897
 0 0.63191
 0 0.63191
 0 0.631918
 0 0.631926
 0 0.631926
 0 0.631926
 0 0.631928
 0 0.631935
 0 0.631935
 0 0.631935
 0 0.631937
 0 0.631959
 0 0.63196
 0 0.63196
 0 0.631972
 0 0.631972
 0 0.631973
 0 0.631973
 0 0.631975
 0 0.63199
 0 0.63199
 0 0.631992
 0 0.632004
 0 0.632004
 0 0.632014
 0 0.63203
 0 0.63203
 0 0.632031
 0 0.632032
 0 0.632035
 0 0.63208
 0 0.63208
 0 0.632094
 0 0.632098
 0 0.632098
 0 0.6321
 0 0.632103
 0 0.632106
 0 0.632113
 0 0.632114
 0 0.632115
 0 0.632115
 0 0.632115
 0 0.632115
 0 0.632135
 0 0.632142
 0 0.632143
 0 0.632145
 0 0.632145
 0 0.632148
 0 0.632159
 0 0.632159
 0 0.632159
 0 0.632178
 0 0.632194
 0 0.632194
 0 0.632207
 0 0.632207
 0 0.632207
 0 0.632208
 0 0.632208
 0 0.632213
 0 0.632213
 0 0.632213
 0 0.632215
 0 0.632218
 0 0.632219
 0 0.632219
 0 0.632223
 0 0.632223
 0 0.632235
 0 0.632237
 0 0.632238
 0 0.632241
 0 0.632255
 0 0.632255
 0 0.632256
 0 0.632256
 0 0.632269
 0 0.632271
 0 0.632273
 0 0.632277
 0 0.632277
 0 0.632277
 0 0.632287
 0 0.632287
 0 0.632289
 0 0.632302
 0 0.63231
 0 0.632315
 0 0.632324
 0 0.632324
 0 0.632337
 0 0.632337
 0 0.632337
 0 0.63234
 0 0.63234
 0 0.632341
 0 0.632376
 0 0.632406
 0 0.632419
 0 0.632429
 0 0.632461
 0 0.632461
 0 0.632465
 0 0.632467
 0 0.632476
 0 0.632477
 0 0.632484
 0 0.632484
 0 0.632492
 0 0.632492
 0 0.632494
 0 0.632494
 0 0.632494
 0 0.632494
 0 0.632494
 0 0.632504
 0 0.632511
 0 0.632528
 0 0.63253
 0 0.632551
 0 0.632565
 0 0.632566
 0 0.632572
 0 0.632573
 0 0.632573
 0 0.632574
 0 0.632591
 0 0.632591
 0 0.632593
 0 0.632597
 0 0.632597
 0 0.632598
 0 0.632599
 0 0.632605
 0 0.632608
 0 0.632609
 0 0.632609
 0 0.632609
 0 0.632609
 0 0.632609
 0 0.632609
 0 0.632623
 0 0.632638
 0 0.632638
 0 0.632643
 0 0.632644
 0 0.632646
 0 0.632647
 0 0.632651
 0 0.632653
 0 0.632675
 0 0.632682
 0 0.632682
 0 0.632682
 0 0.632683
 0 0.632683
 0 0.632684
 0 0.632684
 0 0.632684
 0 0.632684
 0 0.632704
 0 0.632709
 0 0.63271
 0 0.63271
 0 0.63271
 0 0.632711
 0 0.632711
 0 0.632712
 0 0.632712
 0 0.632712
 0 0.632723
 0 0.632729
 0 0.632757
 0 0.63278
 0 0.632798
 0 0.632799
 0 0.6328
 0 0.6328
 0 0.632829
 0 0.632829
 0 0.63283
 0 0.632836
 0 0.632836
 0 0.632837
 0 0.632838
 0 0.632851
 0 0.632851
 0 0.632852
 0 0.632859
 0 0.632863
 0 0.632867
 0 0.632873
 0 0.632874
 0 0.632874
 0 0.632874
 0 0.632881
 0 0.632886
 0 0.632886
 0 0.632893
 0 0.632896
 0 0.632901
 0 0.632901
 0 0.632909
 0 0.632912
 0 0.632921
 0 0.632921
 0 0.632921
 0 0.63293
 0 0.63293
 0 0.632931
 0 0.632931
 0 0.632944
 0 0.632962
 0 0.632963
 0 0.632966
 0 0.632975
 0 0.632994
 0 0.632994
 0 0.632994
 0 0.632994
 0 0.633005
 0 0.633006
 0 0.633007
 0 0.633007
 0 0.633013
 0 0.633013
 0 0.63302
 0 0.63302
 0 0.63302
 0 0.633025
 0 0.633025
 0 0.633041
 0 0.633041
 0 0.633044
 0 0.633044
 0 0.633046
 0 0.633046
 0 0.633046
 0 0.633073
 0 0.633073
 0 0.633082
 0 0.633091
 0 0.633091
 0 0.633092
 0 0.633092
 0 0.633098
 0 0.633098
 0 0.633099
 0 0.633108
 0 0.633108
 0 0.633108
 0 0.633108
 0 0.633109
 0 0.633109
 0 0.633124
 0 0.633129
 0 0.63313
 0 0.633155
 0 0.633155
 0 0.633156
 0 0.633165
 0 0.633166
 0 0.633167
 0 0.633167
 0 0.633168
 0 0.633168
 0 0.633174
 0 0.633191
 0 0.633191
 0 0.633192
 0 0.633193
 0 0.633193
 0 0.633195
 0 0.633204
 0 0.633205
 0 0.633205
 0 0.633206
 0 0.633206
 0 0.633218
 0 0.633219
 0 0.633224
 0 0.633238
 0 0.633238
 0 0.633238
 0 0.633238
 0 0.633272
 0 0.633275
 0 0.633279
 0 0.633303
 0 0.633304
 0 0.633305
 0 0.633306
 0 0.633306
 0 0.633313
 0 0.633313
 0 0.633315
 0 0.633319
 0 0.633319
 0 0.633345
 0 0.633345
 0 0.633345
 0 0.633345
 0 0.633355
 0 0.633355
 0 0.633355
 0 0.633364
 0 0.633364
 0 0.633391
 0 0.633391
 0 0.633391
 0 0.633395
 0 0.633395
 0 0.633395
 0 0.633398
 0 0.633419
 0 0.633424
 0 0.633424
 0 0.633435
 0 0.63344
 0 0.633452
 0 0.633457
 0 0.633458
 0 0.63346
 0 0.633467
 0 0.633467
 0 0.633468
 0 0.633468
 0 0.633473
 0 0.633473
 0 0.633474
 0 0.633474
 0 0.633475
 0 0.633475
 0 0.633477
 0 0.633478
 0 0.633478
 0 0.633487
 0 0.633494
 0 0.633495
 0 0.633503
 0 0.633509
 0 0.633525
 0 0.633525
 0 0.633525
 0 0.633537
 0 0.633537
 0 0.633537
 0 0.63354
 0 0.63354
 0 0.63354
 0 0.63355
 0 0.633557
 0 0.633557
 0 0.633557
 0 0.633565
 0 0.633566
 0 0.633568
 0 0.633569
 0 0.633569
 0 0.63357
 0 0.63357
 0 0.633571
 0 0.633572
 0 0.633583
 0 0.633584
 0 0.633584
 0 0.633585
 0 0.633585
 0 0.633585
 0 0.633591
 0 0.633593
 0 0.633593
 0 0.633594
 0 0.633594
 0 0.633606
 0 0.633622
 0 0.633622
 0 0.633624
 0 0.633624
 0 0.633627
 0 0.633627
 0 0.633629
 0 0.633629
 0 0.633631
 0 0.633631
 0 0.633632
 0 0.633632
 0 0.633638
 0 0.633638
 0 0.633638
 0 0.633638
 0 0.633638
 0 0.633639
 0 0.633653
 0 0.63366
 0 0.633672
 0 0.633673
 0 0.633676
 0 0.633684
 0 0.633684
 0 0.633685
 0 0.63369
 0 0.633702
 0 0.633702
 0 0.633717
 0 0.633717
 0 0.633717
 0 0.633717
 0 0.633727
 0 0.633738
 0 0.633738
 0 0.633739
 0 0.63374
 0 0.63374
 0 0.633742
 0 0.633743
 0 0.633748
 0 0.633748
 0 0.633752
 0 0.633754
 0 0.633755
 0 0.633761
 0 0.633761
 0 0.633762
 0 0.633777
 0 0.633777
 0 0.633778
 0 0.633778
 0 0.633797
 0 0.633799
 0 0.633802
 0 0.633803
 0 0.633803
 0 0.633806
 0 0.633807
 0 0.633807
 0 0.63381
 0 0.633826
 0 0.633828
 0 0.633828
 0 0.633834
 0 0.633835
 0 0.633845
 0 0.633849
 0 0.633849
 0 0.633866
 0 0.633866
 0 0.63388
 0 0.633881
 0 0.633887
 0 0.633887
 0 0.633888
 0 0.633894
 0 0.633894
 0 0.633909
 0 0.633909
 0 0.63391
 0 0.633911
 0 0.633911
 0 0.633916
 0 0.633916
 0 0.633916
 0 0.633917
 0 0.633919
 0 0.63392
 0 0.63392
 0 0.633945
 0 0.633945
 0 0.633948
 0 0.633956
 0 0.633957
 0 0.63397
 0 0.63397
 0 0.633976
 0 0.633976
 0 0.633979
 0 0.633979
 0 0.63398
 0 0.633991
 0 0.633991
 0 0.633995
 0 0.633996
 0 0.633996
 0 0.634
 0 0.634
 0 0.634
 0 0.634001
 0 0.634002
 0 0.634002
 0 0.634008
 0 0.634011
 0 0.634012
 0 0.634012
 0 0.634024
 0 0.634045
 0 0.634045
 0 0.634046
 0 0.634046
 0 0.634046
 0 0.634055
 0 0.634055
 0 0.634055
 0 0.634058
 0 0.634059
 0 0.634081
 0 0.634081
 0 0.6341
 0 0.6341
 0 0.6341
 0 0.634108
 0 0.634108
 0 0.634108
 0 0.634108
 0 0.634108
 0 0.634113
 0 0.634118
 0 0.634136
 0 0.634136
 0 0.634137
 0 0.634137
 0 0.634147
 0 0.634147
 0 0.634165
 0 0.634166
 0 0.634166
 0 0.634167
 0 0.634168
 0 0.634169
 0 0.634169
 0 0.634181
 0 0.634183
 0 0.634183
 0 0.634189
 0 0.634189
 0 0.634191
 0 0.634193
 0 0.634193
 0 0.634201
 0 0.634201
 0 0.634228
 0 0.634239
 0 0.634239
 0 0.634257
 0 0.634257
 0 0.634257
 0 0.634257
 0 0.63427
 0 0.63427
 0 0.634271
 0 0.634287
 0 0.6343
 0 0.634301
 0 0.634301
 0 0.634304
 0 0.634306
 0 0.634317
 0 0.634317
 0 0.63432
 0 0.634332
 0 0.634352
 0 0.634365
 0 0.634365
 0 0.634366
 0 0.634366
 0 0.634367
 0 0.634374
 0 0.634376
 0 0.634388
 0 0.634389
 0 0.63439
 0 0.634392
 0 0.634392
 0 0.634392
 0 0.634392
 0 0.634392
 0 0.634392
 0 0.634393
 0 0.63442
 0 0.63442
 0 0.634429
 0 0.63443
 0 0.634431
 0 0.634432
 0 0.634432
 0 0.634434
 0 0.634442
 0 0.634442
 0 0.634443
 0 0.634444
 0 0.634467
 0 0.63447
 0 0.634476
 0 0.634477
 0 0.634479
 0 0.634479
 0 0.634496
 0 0.634496
 0 0.634503
 0 0.634503
 0 0.634509
 0 0.634509
 0 0.634509
 0 0.634509
 0 0.634518
 0 0.634518
 0 0.634519
 0 0.634519
 0 0.634537
 0 0.634538
 0 0.634538
 0 0.634553
 0 0.634553
 0 0.634554
 0 0.634554
 0 0.634577
 0 0.634578
 0 0.634578
 0 0.63458
 0 0.63458
 0 0.634583
 0 0.634584
 0 0.634584
 0 0.63459
 0 0.634596
 0 0.634596
 0 0.634596
 0 0.634606
 0 0.634607
 0 0.634607
 0 0.634613
 0 0.634622
 0 0.634622
 0 0.634622
 0 0.634626
 0 0.634626
 0 0.634629
 0 0.634631
 0 0.634635
 0 0.634648
 0 0.634648
 0 0.634649
 0 0.634652
 0 0.634652
 0 0.634661
 0 0.634724
 0 0.634737
 0 0.634739
 0 0.634739
 0 0.634751
 0 0.634751
 0 0.634752
 0 0.634753
 0 0.634786
 0 0.634791
 0 0.634793
 0 0.634793
 0 0.634793
 0 0.634793
 0 0.634793
 0 0.634831
 0 0.634831
 0 0.634831
 0 0.634837
 0 0.634846
 0 0.634855
 0 0.634869
 0 0.634869
 0 0.634878
 0 0.634878
 0 0.634887
 0 0.634887
 0 0.634887
 0 0.634888
 0 0.634889
 0 0.634891
 0 0.634894
 0 0.634895
 0 0.634902
 0 0.634902
 0 0.634902
 0 0.634903
 0 0.634903
 0 0.63491
 0 0.634923
 0 0.634924
 0 0.634925
 0 0.634926
 0 0.634943
 0 0.634943
 0 0.634945
 0 0.634965
 0 0.634965
 0 0.634965
 0 0.634965
 0 0.634966
 0 0.634969
 0 0.634972
 0 0.634972
 0 0.634972
 0 0.634972
 0 0.634974
 0 0.634985
 0 0.634987
 0 0.634987
 0 0.634988
 0 0.634991
 0 0.634991
 0 0.634995
 0 0.635012
 0 0.635013
 0 0.635013
 0 0.635015
 0 0.635016
 0 0.635016
 0 0.635026
 0 0.635028
 0 0.635028
 0 0.635029
 0 0.635029
 0 0.635031
 0 0.635031
 0 0.635031
 0 0.635031
 0 0.635032
 0 0.635033
 0 0.635033
 0 0.635035
 0 0.635035
 0 0.635036
 0 0.635047
 0 0.635052
 0 0.635052
 0 0.635052
 0 0.635052
 0 0.635052
 0 0.635056
 0 0.635057
 0 0.635058
 0 0.635062
 0 0.635077
 0 0.635086
 0 0.635086
 0 0.635088
 0 0.635088
 0 0.635089
 0 0.635093
 0 0.635095
 0 0.635114
 0 0.635117
 0 0.635117
 0 0.635122
 0 0.635138
 0 0.635138
 0 0.635139
 0 0.635139
 0 0.635144
 0 0.635145
 0 0.635146
 0 0.635154
 0 0.635177
 0 0.635177
 0 0.635179
 0 0.635179
 0 0.635196
 0 0.635196
 0 0.635199
 0 0.635208
 0 0.635208
 0 0.635208
 0 0.635209
 0 0.635209
 0 0.635211
 0 0.635211
 0 0.635212
 0 0.63522
 0 0.63522
 0 0.635228
 0 0.635233
 0 0.635233
 0 0.635238
 0 0.635247
 0 0.635248
 0 0.635248
 0 0.635249
 0 0.635268
 0 0.635268
 0 0.63527
 0 0.63527
 0 0.63527
 0 0.635271
 0 0.635271
 0 0.635272
 0 0.635272
 0 0.635273
 0 0.635286
 0 0.635286
 0 0.635287
 0 0.635287
 0 0.635287
 0 0.63529
 0 0.635299
 0 0.635305
 0 0.635306
 0 0.635322
 0 0.635322
 0 0.635324
 0 0.635329
 0 0.635329
 0 0.635331
 0 0.635332
 0 0.635332
 0 0.635333
 0 0.635334
 0 0.635334
 0 0.635344
 0 0.635344
 0 0.635344
 0 0.635344
 0 0.635345
 0 0.635345
 0 0.635347
 0 0.635356
 0 0.635362
 0 0.635362
 0 0.635373
 0 0.635373
 0 0.635373
 0 0.635375
 0 0.635376
 0 0.635376
 0 0.635388
 0 0.635394
 0 0.635394
 0 0.635398
 0 0.635398
 0 0.635418
 0 0.635419
 0 0.635419
 0 0.635424
 0 0.635424
 0 0.635426
 0 0.635426
 0 0.635441
 0 0.635445
 0 0.635445
 0 0.635445
 0 0.635457
 0 0.635465
 0 0.635479
 0 0.63548
 0 0.63548
 0 0.635481
 0 0.635486
 0 0.635499
 0 0.635499
 0 0.635499
 0 0.635504
 0 0.635523
 0 0.635525
 0 0.635536
 0 0.635539
 0 0.635543
 0 0.635547
 0 0.63556
 0 0.635582
 0 0.635582
 0 0.635582
 0 0.635595
 0 0.635596
 0 0.635596
 0 0.635604
 0 0.635629
 0 0.63563
 0 0.635653
 0 0.635661
 0 0.635682
 0 0.635682
 0 0.635682
 0 0.635682
 0 0.635727
 0 0.635727
 0 0.635728
 0 0.635728
 0 0.635728
 0 0.635729
 0 0.635734
 0 0.635738
 0 0.635739
 0 0.635739
 0 0.63574
 0 0.63574
 0 0.63574
 0 0.635743
 0 0.635745
 0 0.635747
 0 0.635768
 0 0.635769
 0 0.635769
 0 0.635771
 0 0.635771
 0 0.635772
 0 0.635772
 0 0.635778
 0 0.635794
 0 0.635794
 0 0.635794
 0 0.635798
 0 0.6358
 0 0.635813
 0 0.635814
 0 0.635819
 0 0.635822
 0 0.635827
 0 0.63583
 0 0.635843
 0 0.635843
 0 0.635844
 0 0.635847
 0 0.635847
 0 0.635848
 0 0.635848
 0 0.635852
 0 0.635869
 0 0.635878
 0 0.63588
 0 0.635896
 0 0.635896
 0 0.635916
 0 0.635928
 0 0.635933
 0 0.635948
 0 0.635948
 0 0.63595
 0 0.635951
 0 0.635975
 0 0.635976
 0 0.635976
 0 0.635976
 0 0.635977
 0 0.635977
 0 0.635979
 0 0.635979
 0 0.636023
 0 0.636024
 0 0.636025
 0 0.636026
 0 0.636026
 0 0.636026
 0 0.636027
 0 0.636029
 0 0.636043
 0 0.63605
 0 0.636064
 0 0.636118
 0 0.63612
 0 0.636127
 0 0.636155
 0 0.636156
 0 0.636156
 0 0.636172
 0 0.636172
 0 0.636176
 0 0.636177
 0 0.636187
 0 0.636187
 0 0.636201
 0 0.636203
 0 0.636221
 0 0.636221
 0 0.636221
 0 0.636235
 0 0.636235
 0 0.636235
 0 0.636244
 0 0.63629
 0 0.636327
 0 0.63634
 0 0.636341
 0 0.636341
 0 0.636342
 0 0.636342
 0 0.636343
 0 0.63635
 0 0.636351
 0 0.636351
 0 0.636391
 0 0.636392
 0 0.636392
 0 0.636392
 0 0.636392
 0 0.636415
 0 0.636458
 0 0.63647
 0 0.636488
 0 0.636488
 0 0.636494
 0 0.636494
 0 0.63653
 0 0.63653
 0 0.636544
 0 0.636544
 0 0.636547
 0 0.636549
 0 0.636549
 0 0.636557
 0 0.636559
 0 0.636559
 0 0.636559
 0 0.636559
 0 0.636568
 0 0.636568
 0 0.636568
 0 0.636568
 0 0.6366
 0 0.636601
 0 0.636602
 0 0.636602
 0 0.636607
 0 0.636626
 0 0.636626
 0 0.636627
 0 0.636627
 0 0.636627
 0 0.636664
 0 0.636699
 0 0.636701
 0 0.636706
 0 0.636706
 0 0.636715
 0 0.636719
 0 0.636719
 0 0.636775
 0 0.636899
 0 0.637059
 0 0.63706
 0 0.637119
 0 0.637205
 0 0.637239
 0 0.637258
 0 0.637258
 0 0.637308
 0 0.637308
 0 0.637439
 0 0.637483
 0 0.637523
 0 0.637976
 0 0.637976
 0 0.637976
 0 0.637991
 0 0.637991
 0 0.637991
 0 0.638111
 0 0.638111
 0 0.638111
 0 0.638111
 0 0.638111
 0 0.638111
 0 0.638116
 0 0.638116
 0 0.638116
 0 0.638235
 0 0.638237
 0 0.638237
 0 0.638237
 0 0.638237
 0 0.638497
 0 0.638497
 0 0.638537
 0 0.638556
 0 0.638556
 0 0.638556
 0 0.638783
 0 0.638785
 0 0.638789
 0 0.63882
 0 0.63882
 0 0.63882
 0 0.638939
 0 0.638943
 0 0.638943
 0 0.638944
 0 0.638944
 0 0.639065
 0 0.639176
 0 0.639298
 0 0.639298
 0 0.639429
 0 0.639429
 0 0.639431
 0 0.639433
 0 0.639433
 0 0.639542
 0 0.639542
 0 0.639542
 0 0.639697
 0 0.639697
 0 0.639833
 0 0.639833
 0 0.639833
 0 0.640005
 0 0.640005
 0 0.640005
 0 0.640102
 0 0.640102
 0 0.640576
 0 0.640577
 0 0.640647
 0 0.640648
 0 0.640729
 0 0.641047
 0 0.641047
 0 0.641048
 0 0.641165
 0 0.641543
 0 0.641544
 0 0.641775
 0 inf
