 8.82257 9.55245
 8.81498 9.25591
 8.62715 8.64887
 8.495 8.76433
 8.31579 8.52516
 7.7659 7.97243
 7.64158 8.30502
 7.36139 7.9854
 7.3138 7.3472
 7.16535 8.33146
 7.0851 7.11282
 6.76865 6.77244
 6.75947 6.9035
 6.67586 7.00561
 6.46096 6.81858
 6.3624 7.3103
 6.35225 6.85303
 6.24825 6.72192
 6.1812 7.42498
 6.173 6.92679
 6.15141 7.1145
 6.08907 7.54688
 5.81898 8.53966
 5.61448 5.9584
 5.41061 6.63897
 5.38502 5.39192
 5.36017 5.55697
 5.32996 5.33706
 5.30676 5.31168
 5.23849 5.5484
 5.19292 5.85464
 5.04582 5.4101
 5.03659 5.04585
 5.02562 5.07732
 5.02454 5.03685
 4.99683 5.01802
 4.99155 5.01619
 4.98268 5.04896
 4.89698 4.89893
 4.88184 4.88397
 4.87106 4.88536
 4.86291 4.98974
 4.85443 4.85728
 4.84549 5.14924
 4.83969 4.87047
 4.83612 5.555
 4.82592 4.8467
 4.82517 5.05173
 4.82394 4.84347
 4.81846 4.84093
 4.81722 4.82815
 4.80446 4.82126
 4.80163 4.87536
 4.79402 4.80066
 4.79227 4.83145
 4.79014 5.36119
 4.78868 4.79561
 4.78315 4.81698
 4.78194 4.95856
 4.77294 4.83445
 4.75549 4.75863
 4.754 4.75805
 4.74975 4.75603
 4.74044 4.74109
 4.73999 4.94347
 4.72943 4.73355
 4.72777 4.72986
 4.72476 5.12143
 4.70493 4.70938
 4.68919 4.70093
 4.68665 4.691
 4.67737 4.68485
 4.67675 4.8325
 4.64878 4.68312
 4.63842 4.65466
 4.63573 4.65314
 4.62648 4.63126
 4.61325 4.64143
 4.61174 5.89363
 4.6092 4.83963
 4.60417 4.60837
 4.60315 4.61189
 4.59568 4.61492
 4.57858 4.70968
 4.57591 4.57633
 4.57529 4.59038
 4.57434 4.58051
 4.57089 4.58293
 4.54764 4.56809
 4.54529 4.55228
 4.54389 4.86797
 4.53212 5.93373
 4.53011 4.559
 4.52292 5.02663
 4.51535 5.07785
 4.51414 4.51501
 4.49965 4.93979
 4.48491 4.55732
 4.47641 4.48909
 4.4733 4.48961
 4.46961 7.61731
 4.44141 4.47713
 4.43853 5.20404
 4.43831 6.04931
 4.43323 4.71617
 4.42925 4.43206
 4.41408 8.1196
 4.41292 4.88808
 4.40237 4.9676
 4.39875 7.46132
 4.38413 8.66859
 4.32291 5.29842
 4.28998 6.82146
 4.2799 4.86245
 4.24722 4.30568
 4.24302 5.15956
 4.24081 5.17027
 4.24067 5.19969
 4.22429 6.03742
 4.22211 4.23561
 4.21308 6.07499
 4.2095 5.20762
 4.1735 5.17723
 4.164 4.19992
 4.13982 4.36014
 4.13262 4.96206
 4.10769 4.27457
 4.08407 9.41423
 4.045 4.04546
 4.03874 7.03698
 4.01899 5.35726
 3.98764 5.38706
 3.96796 4.90087
 3.95091 7.39545
 3.9363 5.91352
 3.85139 7.32359
 3.68481 4.51714
 3.66631 8.58713
 3.5229 8.06254
 3.2688 5.41566
