 0 0.48737
 0 0.487371
 0 0.487565
 0 0.487565
 0 0.487565
 0 0.487566
 0 0.501273
 0 0.502193
 0 0.502193
 0 0.502193
 0 0.502583
 0 0.502583
 0 0.627068
 0 0.627329
 0 0.627533
 0 0.627595
 0 0.627595
 0 0.627724
 0 0.628049
 0 0.628049
 0 0.628057
 0 0.628131
 0 0.628173
 0 0.62839
 0 0.628391
 0 0.628416
 0 0.628417
 0 0.628421
 0 0.628421
 0 0.628445
 0 0.628469
 0 0.628525
 0 0.628526
 0 0.628745
 0 0.628746
 0 0.628752
 0 0.628752
 0 0.628759
 0 0.628877
 0 0.628877
 0 0.628983
 0 0.628987
 0 0.629016
 0 0.629017
 0 0.62902
 0 0.629055
 0 0.629167
 0 0.629167
 0 0.629167
 0 0.629239
 0 0.629343
 0 0.629367
 0 0.629392
 0 0.629392
 0 0.629392
 0 0.629413
 0 0.629413
 0 0.629445
 0 0.629446
 0 0.629448
 0 0.629449
 0 0.629449
 0 0.629449
 0 0.629521
 0 0.629522
 0 0.629522
 0 0.629552
 0 0.62957
 0 0.629585
 0 0.629585
 0 0.629587
 0 0.629611
 0 0.629611
 0 0.629658
 0 0.629658
 0 0.629675
 0 0.629675
 0 0.629699
 0 0.629731
 0 0.629732
 0 0.629738
 0 0.629738
 0 0.629781
 0 0.629782
 0 0.62979
 0 0.629791
 0 0.629802
 0 0.629802
 0 0.629803
 0 0.629803
 0 0.629803
 0 0.629846
 0 0.629852
 0 0.629868
 0 0.629868
 0 0.629975
 0 0.629975
 0 0.63
 0 0.63
 0 0.630033
 0 0.630046
 0 0.630047
 0 0.630047
 0 0.630082
 0 0.630084
 0 0.630084
 0 0.630115
 0 0.630119
 0 0.630121
 0 0.630121
 0 0.630122
 0 0.630122
 0 0.630138
 0 0.630165
 0 0.630178
 0 0.630223
 0 0.630223
 0 0.630223
 0 0.630252
 0 0.630252
 0 0.630252
 0 0.630252
 0 0.630264
 0 0.630264
 0 0.630277
 0 0.630357
 0 0.630357
 0 0.630373
 0 0.630384
 0 0.630385
 0 0.630385
 0 0.630392
 0 0.630397
 0 0.630397
 0 0.630397
 0 0.630414
 0 0.630414
 0 0.630416
 0 0.630446
 0 0.630446
 0 0.63047
 0 0.63047
 0 0.63047
 0 0.63048
 0 0.63048
 0 0.63048
 0 0.63048
 0 0.630481
 0 0.6305
 0 0.6305
 0 0.630501
 0 0.630501
 0 0.630511
 0 0.630511
 0 0.630525
 0 0.630525
 0 0.630527
 0 0.630527
 0 0.630532
 0 0.630532
 0 0.630533
 0 0.630547
 0 0.630547
 0 0.630547
 0 0.630583
 0 0.630583
 0 0.630583
 0 0.630584
 0 0.63059
 0 0.630593
 0 0.630625
 0 0.630638
 0 0.630664
 0 0.630664
 0 0.630664
 0 0.630664
 0 0.630685
 0 0.630687
 0 0.630708
 0 0.630737
 0 0.630742
 0 0.630775
 0 0.63079
 0 0.630793
 0 0.630796
 0 0.630816
 0 0.63082
 0 0.63082
 0 0.63085
 0 0.630866
 0 0.630866
 0 0.630866
 0 0.63087
 0 0.63087
 0 0.63087
 0 0.630871
 0 0.630871
 0 0.630879
 0 0.63088
 0 0.63091
 0 0.630937
 0 0.630975
 0 0.630976
 0 0.630989
 0 0.630989
 0 0.630993
 0 0.630994
 0 0.630994
 0 0.630994
 0 0.631013
 0 0.631013
 0 0.631014
 0 0.631025
 0 0.631026
 0 0.631026
 0 0.631026
 0 0.631026
 0 0.631035
 0 0.631037
 0 0.631038
 0 0.631038
 0 0.631046
 0 0.631083
 0 0.631083
 0 0.631083
 0 0.63111
 0 0.631134
 0 0.631134
 0 0.63114
 0 0.631141
 0 0.631141
 0 0.631156
 0 0.631169
 0 0.63118
 0 0.631181
 0 0.631197
 0 0.631206
 0 0.631206
 0 0.63121
 0 0.63121
 0 0.631215
 0 0.631215
 0 0.631217
 0 0.631219
 0 0.631219
 0 0.63122
 0 0.63122
 0 0.631221
 0 0.631229
 0 0.631229
 0 0.631253
 0 0.631253
 0 0.631268
 0 0.631269
 0 0.63127
 0 0.63127
 0 0.631277
 0 0.631277
 0 0.631279
 0 0.631279
 0 0.631279
 0 0.631282
 0 0.631287
 0 0.631287
 0 0.631287
 0 0.631302
 0 0.631303
 0 0.631304
 0 0.631304
 0 0.631312
 0 0.63132
 0 0.63132
 0 0.631327
 0 0.631327
 0 0.631331
 0 0.631331
 0 0.631331
 0 0.631331
 0 0.631332
 0 0.631332
 0 0.631333
 0 0.631333
 0 0.631343
 0 0.631343
 0 0.631348
 0 0.631358
 0 0.631358
 0 0.631358
 0 0.631364
 0 0.631365
 0 0.631365
 0 0.631365
 0 0.631365
 0 0.631387
 0 0.631387
 0 0.631388
 0 0.631388
 0 0.63139
 0 0.631399
 0 0.6314
 0 0.631402
 0 0.631405
 0 0.631405
 0 0.631406
 0 0.631407
 0 0.63141
 0 0.631415
 0 0.631445
 0 0.631446
 0 0.631447
 0 0.631456
 0 0.631456
 0 0.631456
 0 0.631485
 0 0.631485
 0 0.631507
 0 0.631517
 0 0.631529
 0 0.631545
 0 0.631545
 0 0.631548
 0 0.631553
 0 0.631555
 0 0.631563
 0 0.631564
 0 0.631571
 0 0.631593
 0 0.631593
 0 0.631604
 0 0.631617
 0 0.631617
 0 0.631621
 0 0.631625
 0 0.631625
 0 0.631644
 0 0.631648
 0 0.631676
 0 0.631679
 0 0.631681
 0 0.631687
 0 0.631692
 0 0.631729
 0 0.631729
 0 0.631729
 0 0.631732
 0 0.631744
 0 0.631744
 0 0.631744
 0 0.631755
 0 0.631756
 0 0.631756
 0 0.631756
 0 0.63176
 0 0.63176
 0 0.63176
 0 0.631762
 0 0.631778
 0 0.631778
 0 0.631779
 0 0.631781
 0 0.631783
 0 0.631783
 0 0.631783
 0 0.631783
 0 0.631783
 0 0.631799
 0 0.6318
 0 0.6318
 0 0.631802
 0 0.631802
 0 0.631802
 0 0.631811
 0 0.631811
 0 0.631814
 0 0.631814
 0 0.63184
 0 0.631847
 0 0.631859
 0 0.631859
 0 0.631859
 0 0.63186
 0 0.631868
 0 0.631878
 0 0.631878
 0 0.631881
 0 0.631881
 0 0.631885
 0 0.631887
 0 0.631887
 0 0.631887
 0 0.631887
 0 0.631892
 0 0.631892
 0 0.631895
 0 0.631897
 0 0.631897
 0 0.631903
 0 0.631904
 0 0.631909
 0 0.631913
 0 0.631924
 0 0.631925
 0 0.631925
 0 0.631928
 0 0.631928
 0 0.631929
 0 0.63194
 0 0.63194
 0 0.631941
 0 0.631941
 0 0.631951
 0 0.631951
 0 0.631959
 0 0.63196
 0 0.63196
 0 0.631961
 0 0.631961
 0 0.631995
 0 0.631995
 0 0.631995
 0 0.631997
 0 0.631997
 0 0.631999
 0 0.631999
 0 0.631999
 0 0.632003
 0 0.632015
 0 0.63204
 0 0.63204
 0 0.63204
 0 0.632041
 0 0.632041
 0 0.632041
 0 0.632046
 0 0.632046
 0 0.632055
 0 0.632058
 0 0.632059
 0 0.632073
 0 0.632073
 0 0.632084
 0 0.632084
 0 0.632093
 0 0.632093
 0 0.632093
 0 0.632093
 0 0.632102
 0 0.632103
 0 0.632104
 0 0.632114
 0 0.632116
 0 0.632116
 0 0.632125
 0 0.632146
 0 0.632148
 0 0.632154
 0 0.632156
 0 0.632156
 0 0.632162
 0 0.632168
 0 0.632178
 0 0.632178
 0 0.632178
 0 0.632179
 0 0.632181
 0 0.632186
 0 0.632187
 0 0.632217
 0 0.632217
 0 0.632218
 0 0.632219
 0 0.632238
 0 0.632238
 0 0.632238
 0 0.632242
 0 0.632242
 0 0.632242
 0 0.632255
 0 0.632258
 0 0.632261
 0 0.632261
 0 0.632268
 0 0.632269
 0 0.63228
 0 0.632281
 0 0.632281
 0 0.632281
 0 0.632295
 0 0.632296
 0 0.632296
 0 0.632296
 0 0.632297
 0 0.632302
 0 0.632326
 0 0.632327
 0 0.632343
 0 0.63235
 0 0.632367
 0 0.632389
 0 0.632394
 0 0.632394
 0 0.632394
 0 0.632394
 0 0.632395
 0 0.632395
 0 0.632395
 0 0.632406
 0 0.632406
 0 0.632414
 0 0.632414
 0 0.632416
 0 0.632416
 0 0.632416
 0 0.632425
 0 0.632425
 0 0.632428
 0 0.632428
 0 0.632429
 0 0.63243
 0 0.632432
 0 0.632433
 0 0.632434
 0 0.632435
 0 0.632443
 0 0.632451
 0 0.632451
 0 0.632452
 0 0.632456
 0 0.632456
 0 0.632458
 0 0.632458
 0 0.632471
 0 0.632472
 0 0.632476
 0 0.632476
 0 0.632481
 0 0.632504
 0 0.632505
 0 0.632505
 0 0.632514
 0 0.632542
 0 0.632542
 0 0.632543
 0 0.63256
 0 0.632572
 0 0.632573
 0 0.632573
 0 0.632582
 0 0.63259
 0 0.632592
 0 0.632593
 0 0.632593
 0 0.632595
 0 0.632612
 0 0.632617
 0 0.632618
 0 0.632618
 0 0.632622
 0 0.63263
 0 0.63263
 0 0.63263
 0 0.632631
 0 0.632631
 0 0.632638
 0 0.632638
 0 0.632638
 0 0.632638
 0 0.632638
 0 0.632643
 0 0.632644
 0 0.632644
 0 0.632674
 0 0.632677
 0 0.632678
 0 0.632678
 0 0.632678
 0 0.632678
 0 0.632685
 0 0.632685
 0 0.632692
 0 0.632692
 0 0.632694
 0 0.632698
 0 0.632703
 0 0.632705
 0 0.632713
 0 0.632714
 0 0.632714
 0 0.632715
 0 0.632718
 0 0.632724
 0 0.632724
 0 0.632726
 0 0.632733
 0 0.632743
 0 0.632743
 0 0.632748
 0 0.632754
 0 0.632756
 0 0.632763
 0 0.632763
 0 0.632764
 0 0.632775
 0 0.632775
 0 0.632778
 0 0.632779
 0 0.632779
 0 0.632779
 0 0.632779
 0 0.632779
 0 0.632798
 0 0.632798
 0 0.632798
 0 0.632798
 0 0.632802
 0 0.632802
 0 0.632802
 0 0.632806
 0 0.632806
 0 0.632812
 0 0.632812
 0 0.632812
 0 0.632812
 0 0.632812
 0 0.632824
 0 0.632825
 0 0.632825
 0 0.632825
 0 0.632836
 0 0.632838
 0 0.632861
 0 0.632867
 0 0.632884
 0 0.632904
 0 0.632904
 0 0.632904
 0 0.632905
 0 0.632917
 0 0.632918
 0 0.632926
 0 0.632927
 0 0.632927
 0 0.63293
 0 0.63293
 0 0.63293
 0 0.632947
 0 0.632947
 0 0.632959
 0 0.632959
 0 0.632962
 0 0.632962
 0 0.632963
 0 0.632964
 0 0.63298
 0 0.63298
 0 0.632983
 0 0.632983
 0 0.632986
 0 0.633007
 0 0.633009
 0 0.63301
 0 0.633013
 0 0.633016
 0 0.633017
 0 0.633017
 0 0.633028
 0 0.633035
 0 0.633051
 0 0.633051
 0 0.633051
 0 0.633051
 0 0.633051
 0 0.633054
 0 0.633055
 0 0.633055
 0 0.633057
 0 0.633067
 0 0.633073
 0 0.633073
 0 0.633076
 0 0.633094
 0 0.633095
 0 0.633095
 0 0.633096
 0 0.633097
 0 0.63312
 0 0.63312
 0 0.633134
 0 0.633148
 0 0.633152
 0 0.633152
 0 0.63317
 0 0.63317
 0 0.63317
 0 0.633171
 0 0.633175
 0 0.633181
 0 0.633182
 0 0.633202
 0 0.633203
 0 0.633203
 0 0.633215
 0 0.633215
 0 0.633215
 0 0.633221
 0 0.633222
 0 0.633231
 0 0.633232
 0 0.633232
 0 0.63325
 0 0.633257
 0 0.633259
 0 0.633281
 0 0.633282
 0 0.633282
 0 0.633288
 0 0.633289
 0 0.63329
 0 0.63329
 0 0.633291
 0 0.633293
 0 0.633294
 0 0.633295
 0 0.633295
 0 0.633297
 0 0.633298
 0 0.633298
 0 0.633298
 0 0.6333
 0 0.6333
 0 0.6333
 0 0.6333
 0 0.63331
 0 0.633318
 0 0.633318
 0 0.63332
 0 0.633321
 0 0.633323
 0 0.633323
 0 0.633323
 0 0.633343
 0 0.633377
 0 0.633381
 0 0.633381
 0 0.633381
 0 0.633381
 0 0.633382
 0 0.633382
 0 0.633388
 0 0.633407
 0 0.63341
 0 0.633417
 0 0.633419
 0 0.633419
 0 0.633421
 0 0.633421
 0 0.633429
 0 0.633437
 0 0.633443
 0 0.633449
 0 0.633451
 0 0.633457
 0 0.633457
 0 0.633462
 0 0.633462
 0 0.633468
 0 0.63347
 0 0.63347
 0 0.633474
 0 0.633474
 0 0.633483
 0 0.633484
 0 0.633489
 0 0.633489
 0 0.633493
 0 0.633508
 0 0.633508
 0 0.633509
 0 0.633509
 0 0.633514
 0 0.633514
 0 0.633514
 0 0.633534
 0 0.633534
 0 0.633535
 0 0.633535
 0 0.633548
 0 0.633549
 0 0.633566
 0 0.633566
 0 0.633582
 0 0.633592
 0 0.633595
 0 0.633607
 0 0.633608
 0 0.633608
 0 0.633608
 0 0.633616
 0 0.633616
 0 0.633616
 0 0.633616
 0 0.633619
 0 0.633619
 0 0.633622
 0 0.633623
 0 0.633623
 0 0.633624
 0 0.633624
 0 0.633625
 0 0.633627
 0 0.633631
 0 0.633632
 0 0.633633
 0 0.633638
 0 0.633639
 0 0.633639
 0 0.633644
 0 0.633644
 0 0.633646
 0 0.633646
 0 0.633646
 0 0.633659
 0 0.633675
 0 0.633675
 0 0.633691
 0 0.633706
 0 0.633721
 0 0.633724
 0 0.633725
 0 0.633742
 0 0.633745
 0 0.633745
 0 0.633747
 0 0.633747
 0 0.633748
 0 0.633749
 0 0.633749
 0 0.633749
 0 0.633751
 0 0.633752
 0 0.633758
 0 0.633759
 0 0.633777
 0 0.633778
 0 0.633778
 0 0.633786
 0 0.633787
 0 0.633798
 0 0.633799
 0 0.633799
 0 0.633809
 0 0.63381
 0 0.633822
 0 0.633822
 0 0.63383
 0 0.63383
 0 0.633834
 0 0.633835
 0 0.633836
 0 0.633841
 0 0.633847
 0 0.633847
 0 0.633856
 0 0.633857
 0 0.633857
 0 0.633869
 0 0.633869
 0 0.633869
 0 0.633873
 0 0.633873
 0 0.633873
 0 0.633873
 0 0.633878
 0 0.633878
 0 0.633878
 0 0.633879
 0 0.633902
 0 0.633902
 0 0.633902
 0 0.633902
 0 0.633915
 0 0.63392
 0 0.633926
 0 0.633926
 0 0.633926
 0 0.633926
 0 0.633929
 0 0.633953
 0 0.633975
 0 0.633979
 0 0.633979
 0 0.633988
 0 0.633989
 0 0.633989
 0 0.633991
 0 0.633991
 0 0.633991
 0 0.634
 0 0.634
 0 0.634001
 0 0.634001
 0 0.634012
 0 0.634012
 0 0.634012
 0 0.634012
 0 0.634013
 0 0.634014
 0 0.634014
 0 0.634014
 0 0.634014
 0 0.634015
 0 0.63402
 0 0.63402
 0 0.63402
 0 0.634054
 0 0.634054
 0 0.634056
 0 0.634058
 0 0.634063
 0 0.634064
 0 0.634068
 0 0.634068
 0 0.634093
 0 0.634093
 0 0.634093
 0 0.634094
 0 0.634098
 0 0.634098
 0 0.634099
 0 0.634099
 0 0.6341
 0 0.6341
 0 0.634101
 0 0.634101
 0 0.634102
 0 0.634102
 0 0.634103
 0 0.634105
 0 0.634108
 0 0.634108
 0 0.634112
 0 0.634115
 0 0.634124
 0 0.634124
 0 0.634125
 0 0.634135
 0 0.634136
 0 0.634137
 0 0.634137
 0 0.634137
 0 0.634143
 0 0.634144
 0 0.634144
 0 0.634152
 0 0.634165
 0 0.634166
 0 0.634166
 0 0.634169
 0 0.634169
 0 0.634175
 0 0.634184
 0 0.634191
 0 0.634192
 0 0.634197
 0 0.634197
 0 0.634197
 0 0.634198
 0 0.63422
 0 0.63422
 0 0.634226
 0 0.634226
 0 0.634234
 0 0.634236
 0 0.634237
 0 0.634238
 0 0.634241
 0 0.634247
 0 0.634247
 0 0.63426
 0 0.634271
 0 0.634272
 0 0.634272
 0 0.634272
 0 0.634273
 0 0.634274
 0 0.634277
 0 0.634277
 0 0.634292
 0 0.634292
 0 0.634294
 0 0.634294
 0 0.634297
 0 0.634297
 0 0.63431
 0 0.634316
 0 0.634327
 0 0.634329
 0 0.63434
 0 0.634341
 0 0.634342
 0 0.634344
 0 0.634352
 0 0.634353
 0 0.634353
 0 0.634354
 0 0.634379
 0 0.63438
 0 0.634391
 0 0.634391
 0 0.634391
 0 0.634392
 0 0.634392
 0 0.634392
 0 0.634394
 0 0.634398
 0 0.634401
 0 0.634402
 0 0.634408
 0 0.634408
 0 0.63441
 0 0.634418
 0 0.634418
 0 0.634422
 0 0.634425
 0 0.634427
 0 0.634439
 0 0.63444
 0 0.63444
 0 0.634454
 0 0.634455
 0 0.634456
 0 0.634457
 0 0.634467
 0 0.634467
 0 0.634471
 0 0.634471
 0 0.634471
 0 0.634471
 0 0.634493
 0 0.634493
 0 0.634504
 0 0.634511
 0 0.634511
 0 0.634513
 0 0.634515
 0 0.634524
 0 0.634528
 0 0.634528
 0 0.634528
 0 0.63454
 0 0.634541
 0 0.634547
 0 0.634547
 0 0.634549
 0 0.634553
 0 0.634554
 0 0.634554
 0 0.634561
 0 0.634562
 0 0.634566
 0 0.634568
 0 0.634568
 0 0.634568
 0 0.634568
 0 0.634569
 0 0.634577
 0 0.634584
 0 0.634584
 0 0.634584
 0 0.63459
 0 0.63459
 0 0.63459
 0 0.634593
 0 0.634603
 0 0.634603
 0 0.634605
 0 0.63461
 0 0.634628
 0 0.634642
 0 0.634642
 0 0.634642
 0 0.634646
 0 0.634652
 0 0.634654
 0 0.63466
 0 0.63467
 0 0.634681
 0 0.634683
 0 0.634692
 0 0.634692
 0 0.634692
 0 0.634694
 0 0.634694
 0 0.634695
 0 0.634695
 0 0.634695
 0 0.634695
 0 0.634696
 0 0.634717
 0 0.634717
 0 0.634717
 0 0.634719
 0 0.634719
 0 0.63472
 0 0.634731
 0 0.634749
 0 0.634757
 0 0.634757
 0 0.634757
 0 0.634758
 0 0.634758
 0 0.634768
 0 0.634773
 0 0.634781
 0 0.634783
 0 0.634783
 0 0.634789
 0 0.634789
 0 0.634802
 0 0.634802
 0 0.634833
 0 0.634833
 0 0.634835
 0 0.634835
 0 0.634836
 0 0.634845
 0 0.634847
 0 0.634859
 0 0.63486
 0 0.634861
 0 0.634861
 0 0.634868
 0 0.634876
 0 0.634877
 0 0.63489
 0 0.63489
 0 0.634911
 0 0.634911
 0 0.634911
 0 0.634913
 0 0.634913
 0 0.634922
 0 0.634924
 0 0.634925
 0 0.63493
 0 0.63493
 0 0.634944
 0 0.634949
 0 0.63495
 0 0.63495
 0 0.63495
 0 0.634951
 0 0.634955
 0 0.634955
 0 0.634956
 0 0.634956
 0 0.634956
 0 0.634974
 0 0.634977
 0 0.634978
 0 0.634978
 0 0.634992
 0 0.634994
 0 0.634996
 0 0.635008
 0 0.635008
 0 0.635013
 0 0.635013
 0 0.635016
 0 0.635016
 0 0.635017
 0 0.635026
 0 0.635027
 0 0.635027
 0 0.635038
 0 0.635041
 0 0.63506
 0 0.635061
 0 0.635067
 0 0.635069
 0 0.635069
 0 0.635071
 0 0.635071
 0 0.63508
 0 0.635093
 0 0.635094
 0 0.635095
 0 0.635126
 0 0.635127
 0 0.635127
 0 0.635133
 0 0.635133
 0 0.635133
 0 0.63516
 0 0.635161
 0 0.63517
 0 0.635171
 0 0.635171
 0 0.635173
 0 0.635173
 0 0.635177
 0 0.635177
 0 0.635178
 0 0.635179
 0 0.635179
 0 0.635184
 0 0.635184
 0 0.635192
 0 0.635193
 0 0.635193
 0 0.635193
 0 0.635197
 0 0.635202
 0 0.635209
 0 0.635209
 0 0.635209
 0 0.635217
 0 0.635218
 0 0.635218
 0 0.635224
 0 0.635224
 0 0.635224
 0 0.63523
 0 0.63523
 0 0.63523
 0 0.63523
 0 0.635244
 0 0.635298
 0 0.635298
 0 0.635298
 0 0.635299
 0 0.635299
 0 0.635306
 0 0.635322
 0 0.635322
 0 0.635322
 0 0.635324
 0 0.635324
 0 0.635353
 0 0.635362
 0 0.635366
 0 0.635366
 0 0.635367
 0 0.635367
 0 0.635367
 0 0.635371
 0 0.635385
 0 0.635385
 0 0.635388
 0 0.635388
 0 0.635397
 0 0.635397
 0 0.635397
 0 0.635401
 0 0.635409
 0 0.635409
 0 0.63543
 0 0.635438
 0 0.635442
 0 0.635442
 0 0.635453
 0 0.635454
 0 0.635454
 0 0.635454
 0 0.635461
 0 0.635479
 0 0.63548
 0 0.63548
 0 0.63548
 0 0.63548
 0 0.63548
 0 0.635492
 0 0.63552
 0 0.63552
 0 0.63552
 0 0.635549
 0 0.635549
 0 0.635552
 0 0.63557
 0 0.635574
 0 0.635575
 0 0.635575
 0 0.635579
 0 0.635579
 0 0.635592
 0 0.635592
 0 0.635593
 0 0.635597
 0 0.635598
 0 0.635608
 0 0.635615
 0 0.635615
 0 0.635625
 0 0.635625
 0 0.635625
 0 0.635625
 0 0.635645
 0 0.635645
 0 0.635645
 0 0.635657
 0 0.635659
 0 0.635687
 0 0.635698
 0 0.635698
 0 0.6357
 0 0.635716
 0 0.635717
 0 0.635717
 0 0.635718
 0 0.635718
 0 0.635718
 0 0.635727
 0 0.635729
 0 0.635731
 0 0.635731
 0 0.635731
 0 0.635752
 0 0.63576
 0 0.63576
 0 0.635763
 0 0.635768
 0 0.635768
 0 0.635768
 0 0.635809
 0 0.635809
 0 0.635809
 0 0.635842
 0 0.635843
 0 0.63585
 0 0.63585
 0 0.635871
 0 0.635874
 0 0.635893
 0 0.635893
 0 0.635917
 0 0.635917
 0 0.635917
 0 0.635925
 0 0.635939
 0 0.635939
 0 0.63594
 0 0.635943
 0 0.635943
 0 0.635943
 0 0.635945
 0 0.635946
 0 0.635956
 0 0.635957
 0 0.635957
 0 0.635958
 0 0.635968
 0 0.635969
 0 0.635969
 0 0.635985
 0 0.635986
 0 0.636021
 0 0.636053
 0 0.636065
 0 0.636065
 0 0.636066
 0 0.636084
 0 0.636084
 0 0.636084
 0 0.636085
 0 0.636097
 0 0.636097
 0 0.636099
 0 0.636099
 0 0.636116
 0 0.636117
 0 0.636118
 0 0.636127
 0 0.636128
 0 0.636136
 0 0.636136
 0 0.636145
 0 0.636152
 0 0.636152
 0 0.636152
 0 0.636167
 0 0.636167
 0 0.636174
 0 0.636174
 0 0.636174
 0 0.63618
 0 0.636213
 0 0.636216
 0 0.636268
 0 0.63628
 0 0.63628
 0 0.636341
 0 0.636346
 0 0.636346
 0 0.636347
 0 0.636347
 0 0.636392
 0 0.6364
 0 0.636419
 0 0.636458
 0 0.636458
 0 0.636459
 0 0.63646
 0 0.636476
 0 0.636477
 0 0.636497
 0 0.636497
 0 0.636497
 0 0.636538
 0 0.63654
 0 0.636542
 0 0.636567
 0 0.636568
 0 0.636603
 0 0.636604
 0 0.636685
 0 0.636685
 0 0.636685
 0 0.636734
 0 0.636781
 0 0.636781
 0 0.636781
 0 0.63679
 0 0.636797
 0 0.636797
 0 0.636874
 0 0.636876
 0 0.636891
 0 0.636911
 0 0.636926
 0 0.636949
 0 0.63695
 0 0.636963
 0 0.636964
 0 0.636964
 0 0.636966
 0 0.636966
 0 0.636969
 0 0.636969
 0 0.636969
 0 0.636991
 0 0.636991
 0 0.636991
 0 0.637078
 0 0.637127
 0 0.637139
 0 0.637139
 0 0.63714
 0 0.63714
 0 0.63714
 0 0.637141
 0 0.637169
 0 0.637173
 0 0.637174
 0 0.637196
 0 0.637217
 0 0.637218
 0 0.637321
 0 0.637422
 0 0.637422
 0 0.637438
 0 0.637588
 0 0.637688
 0 0.637688
 0 0.637688
 0 0.637773
 0 0.637773
 0 0.637836
 0 0.638142
 0 0.638197
 0 0.638199
 0 0.638259
 0 0.638259
 0 0.638259
 0 0.638397
 0 0.638397
 0 0.63848
 0 0.63848
 0 0.638481
 0 0.638482
 0 0.638734
 0 0.638734
 0 0.638734
 0 0.638858
 0 0.638858
 0 0.638859
 0 0.63894
 0 0.63894
 0 0.63894
 0 0.638941
 0 0.638942
 0 0.638958
 0 0.638971
 0 0.638972
 0 0.638979
 0 0.638981
 0 0.638981
 0 0.638981
 0 0.639179
 0 0.63918
 0 0.639187
 0 0.639333
 0 0.639375
 0 0.639375
 0 0.639375
 0 0.639375
 0 0.639403
 0 0.639614
 0 0.63973
 0 0.63973
 0 0.640059
 0 0.64009
 0 0.640092
 0 0.640184
 0 0.640184
 0 0.640186
 0 0.640186
 0 0.640272
 0 0.640274
 0 0.640623
 0 0.640623
 0 0.640778
 0 0.641023
 0 0.641137
 0 0.641139
 0 0.641139
 0 0.641213
 0 0.641213
 0 0.641312
 0 0.641313
 0 0.641405
 0 0.641454
 0 0.641467
 0 0.641923
 0 0.642142
 0 0.642523
 0 0.642524
 0 inf
