 0 0.49202
 0 0.492313
 0 0.492313
 0 0.492314
 0 0.492315
 0 0.492738
 0 0.493498
 0 0.493498
 0 0.494
 0 0.494107
 0 0.494117
 0 0.494117
 0 0.622933
 0 0.622943
 0 0.623278
 0 0.623299
 0 0.623299
 0 0.623299
 0 0.623299
 0 0.624245
 0 0.624246
 0 0.624247
 0 0.624248
 0 0.624436
 0 0.624438
 0 0.624507
 0 0.624507
 0 0.624507
 0 0.624589
 0 0.624591
 0 0.626295
 0 0.626368
 0 0.62641
 0 0.62641
 0 0.626411
 0 0.626442
 0 0.626984
 0 0.626984
 0 0.627107
 0 0.627107
 0 0.627495
 0 0.627495
 0 0.627543
 0 0.627543
 0 0.628308
 0 0.628308
 0 0.628308
 0 0.628309
 0 0.62831
 0 0.628532
 0 0.628532
 0 0.628533
 0 0.628533
 0 0.628589
 0 0.628589
 0 0.628591
 0 0.628719
 0 0.629125
 0 0.629197
 0 0.629197
 0 0.629197
 0 0.629197
 0 0.629198
 0 0.629333
 0 0.629333
 0 0.629334
 0 0.629334
 0 0.629334
 0 0.629407
 0 0.629408
 0 0.629409
 0 0.62958
 0 0.62958
 0 0.629643
 0 0.629655
 0 0.629687
 0 0.629688
 0 0.629731
 0 0.629797
 0 0.629819
 0 0.629837
 0 0.62986
 0 0.630004
 0 0.630029
 0 0.630029
 0 0.630029
 0 0.630029
 0 0.630032
 0 0.630063
 0 0.630065
 0 0.630065
 0 0.630099
 0 0.630164
 0 0.630164
 0 0.630321
 0 0.630322
 0 0.630506
 0 0.630566
 0 0.630601
 0 0.630652
 0 0.630655
 0 0.630656
 0 0.630656
 0 0.630657
 0 0.630771
 0 0.630866
 0 0.630869
 0 0.630879
 0 0.63088
 0 0.630881
 0 0.63091
 0 0.63091
 0 0.630949
 0 0.630952
 0 0.630989
 0 0.630991
 0 0.630991
 0 0.631027
 0 0.631087
 0 0.631087
 0 0.631105
 0 0.63114
 0 0.631207
 0 0.631207
 0 0.631244
 0 0.631258
 0 0.631258
 0 0.631279
 0 0.631283
 0 0.631283
 0 0.631305
 0 0.631305
 0 0.631307
 0 0.631374
 0 0.631374
 0 0.631383
 0 0.631383
 0 0.631383
 0 0.631402
 0 0.631405
 0 0.631405
 0 0.631405
 0 0.631437
 0 0.631437
 0 0.631445
 0 0.631446
 0 0.631446
 0 0.631446
 0 0.631475
 0 0.63164
 0 0.63164
 0 0.631659
 0 0.63166
 0 0.631684
 0 0.631685
 0 0.631888
 0 0.63189
 0 0.631896
 0 0.631896
 0 0.631901
 0 0.631905
 0 0.631906
 0 0.631914
 0 0.631924
 0 0.631924
 0 0.631967
 0 0.631968
 0 0.631968
 0 0.631969
 0 0.63204
 0 0.632058
 0 0.632065
 0 0.632065
 0 0.632078
 0 0.632078
 0 0.632142
 0 0.632144
 0 0.632166
 0 0.63218
 0 0.632181
 0 0.632183
 0 0.632196
 0 0.632198
 0 0.632199
 0 0.632224
 0 0.632224
 0 0.632258
 0 0.632258
 0 0.632263
 0 0.632311
 0 0.632312
 0 0.632312
 0 0.632317
 0 0.632318
 0 0.632318
 0 0.632318
 0 0.632339
 0 0.632352
 0 0.632352
 0 0.632352
 0 0.632352
 0 0.632354
 0 0.632361
 0 0.632361
 0 0.632377
 0 0.632377
 0 0.632377
 0 0.632398
 0 0.6324
 0 0.632401
 0 0.63253
 0 0.632569
 0 0.632571
 0 0.632571
 0 0.632589
 0 0.632612
 0 0.632614
 0 0.632615
 0 0.632656
 0 0.632703
 0 0.632705
 0 0.632705
 0 0.632717
 0 0.632719
 0 0.632779
 0 0.632779
 0 0.632779
 0 0.632779
 0 0.632782
 0 0.6328
 0 0.632831
 0 0.632831
 0 0.632831
 0 0.632843
 0 0.632873
 0 0.632893
 0 0.632894
 0 0.632921
 0 0.632921
 0 0.632921
 0 0.632956
 0 0.632959
 0 0.632959
 0 0.632959
 0 0.632972
 0 0.632989
 0 0.63299
 0 0.63299
 0 0.63299
 0 0.632993
 0 0.632993
 0 0.632995
 0 0.632995
 0 0.633012
 0 0.633013
 0 0.633028
 0 0.633028
 0 0.633094
 0 0.633094
 0 0.633096
 0 0.633108
 0 0.633108
 0 0.633115
 0 0.633121
 0 0.633121
 0 0.633178
 0 0.63324
 0 0.633242
 0 0.633252
 0 0.633252
 0 0.633255
 0 0.633259
 0 0.633259
 0 0.633259
 0 0.633265
 0 0.63328
 0 0.63328
 0 0.633288
 0 0.633288
 0 0.633298
 0 0.633323
 0 0.633335
 0 0.633335
 0 0.633335
 0 0.633346
 0 0.633346
 0 0.633346
 0 0.633346
 0 0.633354
 0 0.633362
 0 0.633368
 0 0.633375
 0 0.633375
 0 0.633375
 0 0.633388
 0 0.633388
 0 0.633394
 0 0.633402
 0 0.633407
 0 0.633407
 0 0.633418
 0 0.633419
 0 0.63342
 0 0.633433
 0 0.633435
 0 0.633439
 0 0.63344
 0 0.633442
 0 0.633442
 0 0.633443
 0 0.633488
 0 0.633489
 0 0.63351
 0 0.633512
 0 0.633513
 0 0.633513
 0 0.633515
 0 0.633515
 0 0.633523
 0 0.633525
 0 0.633526
 0 0.633563
 0 0.633567
 0 0.633598
 0 0.633631
 0 0.633633
 0 0.633633
 0 0.633633
 0 0.633634
 0 0.633676
 0 0.633678
 0 0.633688
 0 0.633689
 0 0.633698
 0 0.633708
 0 0.633715
 0 0.633717
 0 0.633717
 0 0.633718
 0 0.633718
 0 0.633723
 0 0.633735
 0 0.633736
 0 0.633736
 0 0.633736
 0 0.633768
 0 0.633769
 0 0.633771
 0 0.6338
 0 0.633802
 0 0.633802
 0 0.633804
 0 0.633804
 0 0.633819
 0 0.63386
 0 0.633863
 0 0.633863
 0 0.633873
 0 0.633873
 0 0.633874
 0 0.633881
 0 0.633898
 0 0.633954
 0 0.633955
 0 0.633955
 0 0.63396
 0 0.63396
 0 0.634003
 0 0.634005
 0 0.634035
 0 0.634037
 0 0.634037
 0 0.634039
 0 0.63405
 0 0.634057
 0 0.634083
 0 0.634084
 0 0.634087
 0 0.634093
 0 0.634093
 0 0.634097
 0 0.634098
 0 0.634129
 0 0.634129
 0 0.63413
 0 0.63413
 0 0.634131
 0 0.634131
 0 0.634132
 0 0.634139
 0 0.634141
 0 0.634177
 0 0.634197
 0 0.634226
 0 0.634226
 0 0.634226
 0 0.634231
 0 0.634231
 0 0.634231
 0 0.634231
 0 0.634243
 0 0.634244
 0 0.63427
 0 0.634313
 0 0.634315
 0 0.634345
 0 0.634378
 0 0.634379
 0 0.634379
 0 0.634433
 0 0.634433
 0 0.634444
 0 0.634469
 0 0.634469
 0 0.634511
 0 0.634536
 0 0.634562
 0 0.634572
 0 0.634654
 0 0.634655
 0 0.634672
 0 0.634672
 0 0.634674
 0 0.634677
 0 0.63469
 0 0.634693
 0 0.634738
 0 0.634739
 0 0.634739
 0 0.63475
 0 0.634762
 0 0.634793
 0 0.634845
 0 0.634864
 0 0.634865
 0 0.634868
 0 0.634869
 0 0.63489
 0 0.63489
 0 0.63489
 0 0.634945
 0 0.634946
 0 0.634947
 0 0.634958
 0 0.634971
 0 0.634975
 0 0.634989
 0 0.634991
 0 0.634991
 0 0.635009
 0 0.635011
 0 0.635026
 0 0.635038
 0 0.63505
 0 0.63505
 0 0.635054
 0 0.635054
 0 0.635056
 0 0.635064
 0 0.635073
 0 0.635077
 0 0.635079
 0 0.635095
 0 0.635095
 0 0.63512
 0 0.635127
 0 0.635129
 0 0.63514
 0 0.63514
 0 0.635147
 0 0.635148
 0 0.635149
 0 0.63515
 0 0.63515
 0 0.635151
 0 0.635167
 0 0.635167
 0 0.635167
 0 0.63518
 0 0.635181
 0 0.635181
 0 0.635182
 0 0.635183
 0 0.635192
 0 0.635192
 0 0.635193
 0 0.635193
 0 0.635194
 0 0.635226
 0 0.635262
 0 0.635279
 0 0.635279
 0 0.635284
 0 0.635304
 0 0.635304
 0 0.635304
 0 0.635314
 0 0.635314
 0 0.635315
 0 0.635315
 0 0.635315
 0 0.635322
 0 0.635324
 0 0.635325
 0 0.635327
 0 0.635348
 0 0.63535
 0 0.63535
 0 0.635363
 0 0.635365
 0 0.635367
 0 0.635417
 0 0.635418
 0 0.63542
 0 0.635421
 0 0.635436
 0 0.635438
 0 0.635448
 0 0.635457
 0 0.635461
 0 0.635484
 0 0.635486
 0 0.635499
 0 0.635499
 0 0.635537
 0 0.635537
 0 0.635545
 0 0.635545
 0 0.635546
 0 0.635551
 0 0.635552
 0 0.635556
 0 0.635556
 0 0.635556
 0 0.635556
 0 0.635564
 0 0.635567
 0 0.63558
 0 0.63558
 0 0.635586
 0 0.6356
 0 0.635601
 0 0.635601
 0 0.635601
 0 0.635619
 0 0.635619
 0 0.635642
 0 0.635642
 0 0.635645
 0 0.635713
 0 0.635724
 0 0.635725
 0 0.635737
 0 0.635738
 0 0.63574
 0 0.635756
 0 0.635761
 0 0.635765
 0 0.635766
 0 0.635804
 0 0.635815
 0 0.635834
 0 0.635836
 0 0.635837
 0 0.635837
 0 0.635838
 0 0.635864
 0 0.635864
 0 0.635867
 0 0.635927
 0 0.635931
 0 0.635993
 0 0.635996
 0 0.636004
 0 0.636004
 0 0.636005
 0 0.636005
 0 0.636009
 0 0.636031
 0 0.636031
 0 0.636033
 0 0.636033
 0 0.636038
 0 0.636041
 0 0.636042
 0 0.636042
 0 0.636042
 0 0.636042
 0 0.636043
 0 0.636051
 0 0.636051
 0 0.636051
 0 0.636051
 0 0.636051
 0 0.636052
 0 0.636052
 0 0.636052
 0 0.636073
 0 0.636073
 0 0.636076
 0 0.636077
 0 0.636077
 0 0.636109
 0 0.636109
 0 0.636114
 0 0.636128
 0 0.63614
 0 0.636148
 0 0.636182
 0 0.636182
 0 0.636184
 0 0.6362
 0 0.6362
 0 0.6362
 0 0.636255
 0 0.636275
 0 0.636275
 0 0.636275
 0 0.636275
 0 0.636283
 0 0.636307
 0 0.63631
 0 0.636339
 0 0.63634
 0 0.636341
 0 0.636341
 0 0.636341
 0 0.636341
 0 0.636342
 0 0.636367
 0 0.636368
 0 0.636379
 0 0.63639
 0 0.636448
 0 0.63646
 0 0.636464
 0 0.636464
 0 0.636482
 0 0.63651
 0 0.636512
 0 0.636512
 0 0.636512
 0 0.63652
 0 0.636531
 0 0.636531
 0 0.636538
 0 0.636538
 0 0.636561
 0 0.636577
 0 0.636577
 0 0.63659
 0 0.636596
 0 0.636603
 0 0.636603
 0 0.636611
 0 0.636638
 0 0.636638
 0 0.636642
 0 0.636644
 0 0.636652
 0 0.636678
 0 0.636689
 0 0.636691
 0 0.636699
 0 0.636709
 0 0.636715
 0 0.636716
 0 0.636749
 0 0.636749
 0 0.636749
 0 0.636749
 0 0.636795
 0 0.636867
 0 0.636868
 0 0.636868
 0 0.636874
 0 0.636876
 0 0.636876
 0 0.63689
 0 0.636891
 0 0.636919
 0 0.636935
 0 0.636935
 0 0.636938
 0 0.636956
 0 0.636956
 0 0.636972
 0 0.636989
 0 0.637003
 0 0.637025
 0 0.637062
 0 0.637063
 0 0.63707
 0 0.637087
 0 0.637088
 0 0.637089
 0 0.637107
 0 0.637107
 0 0.637107
 0 0.63711
 0 0.63713
 0 0.63713
 0 0.63713
 0 0.637134
 0 0.637135
 0 0.637135
 0 0.637135
 0 0.63718
 0 0.637223
 0 0.637223
 0 0.637223
 0 0.63723
 0 0.637262
 0 0.637288
 0 0.637304
 0 0.637314
 0 0.637314
 0 0.637314
 0 0.637317
 0 0.637317
 0 0.637317
 0 0.637318
 0 0.637318
 0 0.637349
 0 0.637469
 0 0.637479
 0 0.637479
 0 0.637479
 0 0.637482
 0 0.637482
 0 0.637484
 0 0.637485
 0 0.637485
 0 0.637486
 0 0.637487
 0 0.637494
 0 0.637501
 0 0.637504
 0 0.637504
 0 0.637524
 0 0.637525
 0 0.637533
 0 0.637534
 0 0.637534
 0 0.637543
 0 0.637544
 0 0.637578
 0 0.637579
 0 0.637579
 0 0.63761
 0 0.637622
 0 0.637635
 0 0.637635
 0 0.637636
 0 0.637636
 0 0.63766
 0 0.637661
 0 0.637668
 0 0.637669
 0 0.63767
 0 0.63767
 0 0.637679
 0 0.637679
 0 0.637684
 0 0.637687
 0 0.637711
 0 0.637713
 0 0.637718
 0 0.63772
 0 0.63772
 0 0.637722
 0 0.637724
 0 0.637747
 0 0.637754
 0 0.637754
 0 0.637766
 0 0.637767
 0 0.637767
 0 0.637767
 0 0.637798
 0 0.637799
 0 0.637803
 0 0.637803
 0 0.637845
 0 0.637872
 0 0.637904
 0 0.637951
 0 0.637951
 0 0.637951
 0 0.637988
 0 0.637988
 0 0.63799
 0 0.638
 0 0.638
 0 0.638001
 0 0.638001
 0 0.63803
 0 0.63803
 0 0.638032
 0 0.638042
 0 0.638042
 0 0.63806
 0 0.638078
 0 0.638078
 0 0.638098
 0 0.638098
 0 0.638099
 0 0.638112
 0 0.638112
 0 0.638126
 0 0.638163
 0 0.638165
 0 0.638173
 0 0.638188
 0 0.638211
 0 0.638211
 0 0.638211
 0 0.638212
 0 0.638212
 0 0.638227
 0 0.638231
 0 0.638251
 0 0.638251
 0 0.638254
 0 0.638269
 0 0.638269
 0 0.638269
 0 0.638321
 0 0.638332
 0 0.638361
 0 0.638369
 0 0.63837
 0 0.63837
 0 0.63837
 0 0.638433
 0 0.638464
 0 0.638464
 0 0.638464
 0 0.638474
 0 0.638474
 0 0.638475
 0 0.638475
 0 0.638482
 0 0.638483
 0 0.638487
 0 0.638488
 0 0.638518
 0 0.638518
 0 0.638524
 0 0.638525
 0 0.638541
 0 0.638543
 0 0.638546
 0 0.638568
 0 0.638568
 0 0.638569
 0 0.638621
 0 0.638646
 0 0.638646
 0 0.63865
 0 0.638656
 0 0.638656
 0 0.638665
 0 0.638666
 0 0.638666
 0 0.638706
 0 0.638707
 0 0.638724
 0 0.638725
 0 0.638726
 0 0.638736
 0 0.638737
 0 0.638775
 0 0.638776
 0 0.638776
 0 0.638784
 0 0.638785
 0 0.638785
 0 0.638793
 0 0.638799
 0 0.638799
 0 0.638801
 0 0.638803
 0 0.638803
 0 0.638804
 0 0.638847
 0 0.638858
 0 0.638893
 0 0.638893
 0 0.638893
 0 0.638901
 0 0.638903
 0 0.638905
 0 0.638906
 0 0.638915
 0 0.638915
 0 0.638915
 0 0.638916
 0 0.638917
 0 0.63895
 0 0.638965
 0 0.638975
 0 0.639027
 0 0.639044
 0 0.639044
 0 0.639048
 0 0.639048
 0 0.639048
 0 0.639058
 0 0.639076
 0 0.639076
 0 0.639115
 0 0.639116
 0 0.639116
 0 0.639147
 0 0.639148
 0 0.639175
 0 0.639175
 0 0.639175
 0 0.639225
 0 0.639246
 0 0.639254
 0 0.639254
 0 0.639254
 0 0.639254
 0 0.639259
 0 0.639261
 0 0.639266
 0 0.639295
 0 0.639297
 0 0.63941
 0 0.639417
 0 0.639447
 0 0.639471
 0 0.639472
 0 0.639529
 0 0.639529
 0 0.639529
 0 0.639533
 0 0.639684
 0 0.63969
 0 0.639794
 0 0.639794
 0 0.639794
 0 0.639794
 0 0.639798
 0 0.639799
 0 0.63984
 0 0.639851
 0 0.639864
 0 0.639865
 0 0.639879
 0 0.639888
 0 0.639888
 0 0.639895
 0 0.639895
 0 0.639895
 0 0.639903
 0 0.639923
 0 0.639948
 0 0.639949
 0 0.63996
 0 0.639961
 0 0.639964
 0 0.640031
 0 0.640031
 0 0.640031
 0 0.640035
 0 0.640043
 0 0.640044
 0 0.640045
 0 0.640045
 0 0.640047
 0 0.640092
 0 0.640127
 0 0.640128
 0 0.640158
 0 0.640159
 0 0.64017
 0 0.640171
 0 0.640188
 0 0.640219
 0 0.640244
 0 0.640267
 0 0.640301
 0 0.640301
 0 0.640323
 0 0.640324
 0 0.640332
 0 0.64035
 0 0.64035
 0 0.64035
 0 0.64035
 0 0.640351
 0 0.640351
 0 0.640351
 0 0.640352
 0 0.640416
 0 0.640416
 0 0.640444
 0 0.640444
 0 0.640444
 0 0.640446
 0 0.64046
 0 0.640493
 0 0.640496
 0 0.640637
 0 0.640638
 0 0.640638
 0 0.640639
 0 0.640639
 0 0.640639
 0 0.64064
 0 0.640676
 0 0.640677
 0 0.640678
 0 0.640681
 0 0.64069
 0 0.64069
 0 0.64069
 0 0.640693
 0 0.640703
 0 0.640704
 0 0.640704
 0 0.640721
 0 0.640723
 0 0.640851
 0 0.640876
 0 0.640891
 0 0.640922
 0 0.640923
 0 0.640925
 0 0.640953
 0 0.641081
 0 0.641081
 0 0.641081
 0 0.641082
 0 0.641082
 0 0.641082
 0 0.641132
 0 0.641134
 0 0.641134
 0 0.641221
 0 0.641221
 0 0.641223
 0 0.641309
 0 0.64131
 0 0.64133
 0 0.641366
 0 0.641501
 0 0.641503
 0 0.641571
 0 0.641645
 0 0.641645
 0 0.641647
 0 0.641687
 0 0.641687
 0 0.641743
 0 0.641747
 0 0.641747
 0 0.641811
 0 0.641814
 0 0.641848
 0 0.641872
 0 0.641881
 0 0.641881
 0 0.642138
 0 0.642139
 0 0.642139
 0 0.642139
 0 0.642234
 0 0.642235
 0 0.642235
 0 0.642253
 0 0.642267
 0 0.642269
 0 0.642269
 0 0.64228
 0 0.642505
 0 0.642505
 0 0.642506
 0 0.642583
 0 0.642584
 0 0.642611
 0 0.642611
 0 0.642721
 0 0.642721
 0 0.642832
 0 0.642914
 0 0.642914
 0 0.642953
 0 0.643131
 0 0.643131
 0 0.643131
 0 0.643132
 0 0.643134
 0 0.643137
 0 0.643202
 0 0.643454
 0 0.643456
 0 0.643456
 0 0.643493
 0 0.643496
 0 0.643496
 0 0.643522
 0 0.643522
 0 0.643587
 0 0.643618
 0 0.643796
 0 0.643798
 0 0.643847
 0 0.643847
 0 0.643866
 0 0.643867
 0 0.643867
 0 0.643917
 0 0.643917
 0 0.643917
 0 0.64395
 0 0.644011
 0 0.64428
 0 0.644318
 0 0.64432
 0 0.64432
 0 0.644406
 0 0.644406
 0 0.644416
 0 0.644611
 0 0.644611
 0 0.644611
 0 0.644612
 0 0.644771
 0 0.644771
 0 0.644839
 0 0.64484
 0 0.644843
 0 0.64486
 0 0.645171
 0 0.645281
 0 0.645282
 0 0.645535
 0 0.646003
 0 0.646004
 0 0.646004
 0 0.646005
 0 0.646005
 0 0.646116
 0 0.646672
 0 0.646672
 0 0.646678
 0 0.646988
 0 0.646991
 0 0.647112
 0 0.647116
 0 0.647234
 0 0.647601
 0 0.647846
 0 0.647981
 0 0.6502
 0 0.650202
 0 0.650202
 0 0.650202
 0 0.650938
 0 0.650939
 0 inf
