 9.84862 10.2044
 8.74728 9.0135
 8.43907 8.79824
 8.34886 8.55658
 8.00363 8.03683
 7.9268 8.63692
 7.69352 8.2383
 7.48146 7.61129
 7.14702 7.14708
 7.0564 8.07133
 7.02645 7.9546
 6.87496 8.45001
 6.63339 7.21083
 6.62824 7.32601
 6.25473 6.2969
 6.09527 6.93503
 5.9433 8.41901
 5.88819 7.43364
 5.7549 7.17758
 5.75481 6.07083
 5.60459 6.53327
 5.45849 5.58537
 5.43374 5.51894
 5.33585 5.43443
 5.27911 7.77243
 5.21562 5.21587
 5.20094 8.06713
 5.09258 5.09695
 5.02527 5.0303
 5.00699 5.02326
 4.99136 5.01077
 4.98031 4.98555
 4.97884 4.99984
 4.97672 4.97834
 4.96791 4.99109
 4.95183 4.95933
 4.9423 4.95473
 4.94037 5.02945
 4.90962 4.91183
 4.89956 5.32603
 4.89121 4.90566
 4.87342 4.88206
 4.87138 4.88105
 4.87107 4.911
 4.84914 4.86471
 4.84819 4.86594
 4.8374 4.858
 4.833 4.84952
 4.82609 4.85224
 4.82092 4.8632
 4.8156 4.83094
 4.81424 5.07245
 4.81137 4.83297
 4.79238 4.81071
 4.79237 4.82315
 4.79155 4.79577
 4.79153 4.80995
 4.78377 4.79003
 4.7828 4.80816
 4.78067 4.81124
 4.7762 4.78046
 4.77521 4.7968
 4.77207 4.77874
 4.77127 4.77364
 4.77095 4.79228
 4.77052 4.77179
 4.76949 4.88888
 4.76853 4.80022
 4.76699 4.79196
 4.76697 4.77003
 4.76498 4.85767
 4.76154 4.78977
 4.75942 4.76326
 4.75762 4.78866
 4.75739 4.79055
 4.75557 4.77595
 4.75519 4.8478
 4.7534 4.75532
 4.74873 4.78159
 4.74663 5.02252
 4.7459 4.74707
 4.73828 5.11885
 4.72295 4.74506
 4.71397 4.71823
 4.7106 4.74001
 4.70522 4.72462
 4.70223 4.747
 4.69984 4.7327
 4.69373 4.70898
 4.69203 4.95284
 4.68336 4.88921
 4.67214 4.68389
 4.67005 4.69557
 4.66717 4.95871
 4.6625 4.69927
 4.63704 4.6905
 4.61353 5.0537
 4.55995 5.2231
 4.54773 4.54901
 4.54585 4.97309
 4.51321 5.07264
 4.48187 5.19221
 4.46455 4.92872
 4.40463 4.4159
 4.40165 8.64051
 4.38778 9.01707
 4.37497 4.78014
 4.36018 4.37921
 4.34838 9.04889
 4.34465 8.71663
 4.34274 4.35761
 4.33782 5.14409
 4.30412 5.4779
 4.24433 8.74118
 3.79726 3.81289
 3.77916 9.6776
