 0 0.500437
 0 0.500439
 0 0.500689
 0 0.500691
 0 0.500691
 0 0.501036
 0 0.630061
 0 0.630061
 0 0.630061
 0 0.630502
 0 0.630646
 0 0.630792
 0 0.630929
 0 0.630933
 0 0.631189
 0 0.631246
 0 0.631253
 0 0.631253
 0 0.631375
 0 0.631375
 0 0.631443
 0 0.631443
 0 0.631444
 0 0.631488
 0 0.631488
 0 0.63149
 0 0.63149
 0 0.631648
 0 0.631648
 0 0.631699
 0 0.631731
 0 0.631732
 0 0.631733
 0 0.631782
 0 0.631783
 0 0.631841
 0 0.631879
 0 0.631998
 0 0.632
 0 0.632127
 0 0.63216
 0 0.632181
 0 0.632208
 0 0.632211
 0 0.632211
 0 0.632227
 0 0.63234
 0 0.632397
 0 0.632476
 0 0.632478
 0 0.632478
 0 0.632533
 0 0.632534
 0 0.632534
 0 0.632541
 0 0.632543
 0 0.632638
 0 0.632644
 0 0.632644
 0 0.632715
 0 0.632775
 0 0.632777
 0 0.6328
 0 0.63281
 0 0.632812
 0 0.632845
 0 0.632879
 0 0.632949
 0 0.632949
 0 0.632949
 0 0.63295
 0 0.632992
 0 0.63302
 0 0.63302
 0 0.63302
 0 0.633024
 0 0.633025
 0 0.633029
 0 0.633029
 0 0.633038
 0 0.633088
 0 0.633099
 0 0.633099
 0 0.633172
 0 0.633172
 0 0.633172
 0 0.633172
 0 0.633195
 0 0.633198
 0 0.633248
 0 0.633249
 0 0.633252
 0 0.633252
 0 0.633252
 0 0.633254
 0 0.633262
 0 0.633262
 0 0.633266
 0 0.633278
 0 0.63329
 0 0.633351
 0 0.633352
 0 0.633392
 0 0.633392
 0 0.633393
 0 0.633399
 0 0.633414
 0 0.633424
 0 0.633424
 0 0.63343
 0 0.633431
 0 0.63345
 0 0.633462
 0 0.633463
 0 0.633463
 0 0.633465
 0 0.633465
 0 0.633466
 0 0.633478
 0 0.63348
 0 0.633522
 0 0.633522
 0 0.633528
 0 0.633529
 0 0.633557
 0 0.633557
 0 0.633597
 0 0.633603
 0 0.633605
 0 0.633605
 0 0.63361
 0 0.633611
 0 0.633611
 0 0.633613
 0 0.633617
 0 0.633617
 0 0.633629
 0 0.633629
 0 0.63363
 0 0.63363
 0 0.63363
 0 0.63364
 0 0.63364
 0 0.633643
 0 0.633644
 0 0.633644
 0 0.63365
 0 0.633652
 0 0.633653
 0 0.633653
 0 0.633669
 0 0.633671
 0 0.633676
 0 0.633676
 0 0.633677
 0 0.633697
 0 0.633697
 0 0.633699
 0 0.633699
 0 0.633704
 0 0.633723
 0 0.633723
 0 0.633733
 0 0.633733
 0 0.633757
 0 0.633758
 0 0.633781
 0 0.633782
 0 0.633788
 0 0.633821
 0 0.633822
 0 0.633832
 0 0.633832
 0 0.633832
 0 0.633833
 0 0.633834
 0 0.633846
 0 0.633848
 0 0.633865
 0 0.633867
 0 0.633868
 0 0.63388
 0 0.633881
 0 0.633949
 0 0.633951
 0 0.633969
 0 0.63397
 0 0.63397
 0 0.63397
 0 0.633985
 0 0.633992
 0 0.633992
 0 0.634004
 0 0.634005
 0 0.634032
 0 0.634036
 0 0.634036
 0 0.634036
 0 0.634042
 0 0.634044
 0 0.634064
 0 0.634065
 0 0.634077
 0 0.634079
 0 0.634156
 0 0.634171
 0 0.634172
 0 0.634179
 0 0.634179
 0 0.63418
 0 0.634212
 0 0.634212
 0 0.634224
 0 0.63424
 0 0.634278
 0 0.634279
 0 0.634281
 0 0.634281
 0 0.634283
 0 0.634283
 0 0.634284
 0 0.634284
 0 0.63429
 0 0.634291
 0 0.634291
 0 0.634298
 0 0.634303
 0 0.634304
 0 0.634328
 0 0.634328
 0 0.634332
 0 0.634338
 0 0.634341
 0 0.634341
 0 0.634371
 0 0.634408
 0 0.634408
 0 0.63441
 0 0.634415
 0 0.634468
 0 0.634481
 0 0.634497
 0 0.634498
 0 0.634498
 0 0.634515
 0 0.634516
 0 0.634516
 0 0.634516
 0 0.634516
 0 0.634517
 0 0.634517
 0 0.634534
 0 0.634536
 0 0.634536
 0 0.634536
 0 0.634537
 0 0.634537
 0 0.634537
 0 0.634555
 0 0.634557
 0 0.634579
 0 0.634579
 0 0.63459
 0 0.63459
 0 0.634598
 0 0.634601
 0 0.634607
 0 0.634608
 0 0.634609
 0 0.634618
 0 0.634619
 0 0.634622
 0 0.634627
 0 0.634637
 0 0.634641
 0 0.634642
 0 0.634644
 0 0.634646
 0 0.634646
 0 0.634647
 0 0.634647
 0 0.634657
 0 0.634657
 0 0.634663
 0 0.634663
 0 0.634681
 0 0.634683
 0 0.634683
 0 0.634684
 0 0.634685
 0 0.634698
 0 0.634701
 0 0.634702
 0 0.634702
 0 0.634714
 0 0.634717
 0 0.634717
 0 0.634722
 0 0.63473
 0 0.634745
 0 0.634779
 0 0.634781
 0 0.634786
 0 0.634787
 0 0.634789
 0 0.63479
 0 0.634792
 0 0.634793
 0 0.634804
 0 0.634818
 0 0.634857
 0 0.634858
 0 0.634858
 0 0.634858
 0 0.634869
 0 0.63488
 0 0.63488
 0 0.634885
 0 0.634886
 0 0.634893
 0 0.634894
 0 0.63491
 0 0.634938
 0 0.634949
 0 0.634949
 0 0.634953
 0 0.634953
 0 0.634954
 0 0.634961
 0 0.63499
 0 0.63499
 0 0.634993
 0 0.634993
 0 0.634995
 0 0.635015
 0 0.635016
 0 0.635025
 0 0.635049
 0 0.63505
 0 0.635066
 0 0.635067
 0 0.635068
 0 0.63507
 0 0.63507
 0 0.635071
 0 0.635098
 0 0.635098
 0 0.635101
 0 0.635101
 0 0.635101
 0 0.635117
 0 0.635117
 0 0.635128
 0 0.63513
 0 0.635134
 0 0.635135
 0 0.635139
 0 0.63514
 0 0.63514
 0 0.63514
 0 0.635171
 0 0.635173
 0 0.635189
 0 0.635189
 0 0.635204
 0 0.635219
 0 0.635222
 0 0.635226
 0 0.63523
 0 0.635248
 0 0.635254
 0 0.635254
 0 0.635255
 0 0.635255
 0 0.635255
 0 0.635263
 0 0.635274
 0 0.635274
 0 0.635274
 0 0.635279
 0 0.63528
 0 0.63528
 0 0.63528
 0 0.63528
 0 0.635286
 0 0.635298
 0 0.635299
 0 0.635302
 0 0.635306
 0 0.635306
 0 0.635326
 0 0.635326
 0 0.635326
 0 0.635327
 0 0.635327
 0 0.635327
 0 0.635327
 0 0.635329
 0 0.635342
 0 0.635342
 0 0.635344
 0 0.635349
 0 0.63535
 0 0.635356
 0 0.635359
 0 0.635359
 0 0.635361
 0 0.635361
 0 0.635363
 0 0.635364
 0 0.635383
 0 0.635383
 0 0.635383
 0 0.635395
 0 0.635397
 0 0.635416
 0 0.635417
 0 0.635417
 0 0.635423
 0 0.635437
 0 0.635438
 0 0.635438
 0 0.635474
 0 0.635476
 0 0.635477
 0 0.635486
 0 0.635486
 0 0.635486
 0 0.635487
 0 0.635488
 0 0.635488
 0 0.63549
 0 0.63549
 0 0.63549
 0 0.635499
 0 0.635499
 0 0.635513
 0 0.635514
 0 0.635517
 0 0.635544
 0 0.635544
 0 0.635544
 0 0.635567
 0 0.635567
 0 0.635569
 0 0.635575
 0 0.63558
 0 0.63558
 0 0.635594
 0 0.635599
 0 0.635605
 0 0.635619
 0 0.635633
 0 0.635646
 0 0.635646
 0 0.635654
 0 0.635671
 0 0.635676
 0 0.635676
 0 0.635676
 0 0.635677
 0 0.635679
 0 0.635681
 0 0.635699
 0 0.635699
 0 0.635702
 0 0.635705
 0 0.635709
 0 0.635709
 0 0.635709
 0 0.635717
 0 0.635718
 0 0.635719
 0 0.635719
 0 0.63572
 0 0.635721
 0 0.635724
 0 0.635724
 0 0.635724
 0 0.635724
 0 0.635743
 0 0.635747
 0 0.635789
 0 0.635791
 0 0.635793
 0 0.635794
 0 0.635817
 0 0.635825
 0 0.635831
 0 0.63585
 0 0.63585
 0 0.635851
 0 0.635874
 0 0.635878
 0 0.635878
 0 0.635879
 0 0.63588
 0 0.635881
 0 0.635881
 0 0.635881
 0 0.635882
 0 0.635893
 0 0.635909
 0 0.63591
 0 0.635925
 0 0.635926
 0 0.635926
 0 0.635928
 0 0.635935
 0 0.635935
 0 0.635936
 0 0.635937
 0 0.635938
 0 0.635944
 0 0.635961
 0 0.63598
 0 0.635983
 0 0.635983
 0 0.635989
 0 0.635991
 0 0.636019
 0 0.636021
 0 0.636033
 0 0.636037
 0 0.636041
 0 0.636041
 0 0.636041
 0 0.636042
 0 0.636044
 0 0.636046
 0 0.636054
 0 0.636065
 0 0.636072
 0 0.636072
 0 0.636075
 0 0.636075
 0 0.636076
 0 0.636077
 0 0.636077
 0 0.636092
 0 0.636093
 0 0.636097
 0 0.636097
 0 0.636118
 0 0.636118
 0 0.636118
 0 0.636119
 0 0.636121
 0 0.636121
 0 0.636124
 0 0.63613
 0 0.63613
 0 0.636155
 0 0.636155
 0 0.636155
 0 0.636165
 0 0.636182
 0 0.6362
 0 0.636212
 0 0.636212
 0 0.636212
 0 0.636212
 0 0.636212
 0 0.636212
 0 0.636214
 0 0.636216
 0 0.636218
 0 0.636218
 0 0.636228
 0 0.636237
 0 0.636237
 0 0.636237
 0 0.636239
 0 0.63624
 0 0.636255
 0 0.636258
 0 0.636258
 0 0.636259
 0 0.636261
 0 0.636265
 0 0.636266
 0 0.636267
 0 0.636267
 0 0.636283
 0 0.636294
 0 0.636294
 0 0.636295
 0 0.636297
 0 0.636298
 0 0.636305
 0 0.636305
 0 0.636323
 0 0.636324
 0 0.63634
 0 0.636342
 0 0.636349
 0 0.636365
 0 0.6364
 0 0.6364
 0 0.636407
 0 0.636407
 0 0.636407
 0 0.636422
 0 0.636428
 0 0.63643
 0 0.636435
 0 0.636435
 0 0.636438
 0 0.636443
 0 0.636445
 0 0.636446
 0 0.636449
 0 0.63645
 0 0.63645
 0 0.63646
 0 0.63646
 0 0.636462
 0 0.636462
 0 0.636466
 0 0.636467
 0 0.636468
 0 0.636472
 0 0.636472
 0 0.636495
 0 0.636495
 0 0.636501
 0 0.636502
 0 0.636503
 0 0.636505
 0 0.636507
 0 0.636507
 0 0.636508
 0 0.636508
 0 0.636517
 0 0.63652
 0 0.636551
 0 0.636552
 0 0.636555
 0 0.636569
 0 0.636569
 0 0.636569
 0 0.63657
 0 0.636589
 0 0.63659
 0 0.636597
 0 0.6366
 0 0.6366
 0 0.636621
 0 0.636621
 0 0.636632
 0 0.636652
 0 0.636664
 0 0.636686
 0 0.6367
 0 0.636702
 0 0.636702
 0 0.636708
 0 0.636708
 0 0.636711
 0 0.636727
 0 0.636727
 0 0.63673
 0 0.63673
 0 0.636738
 0 0.636739
 0 0.636739
 0 0.636742
 0 0.636746
 0 0.636779
 0 0.63678
 0 0.636793
 0 0.636796
 0 0.636796
 0 0.636797
 0 0.636803
 0 0.636803
 0 0.636815
 0 0.636819
 0 0.636822
 0 0.636822
 0 0.636831
 0 0.636834
 0 0.636836
 0 0.63685
 0 0.63685
 0 0.636896
 0 0.6369
 0 0.636918
 0 0.636937
 0 0.63695
 0 0.63695
 0 0.636957
 0 0.636957
 0 0.636959
 0 0.636967
 0 0.636969
 0 0.636969
 0 0.63697
 0 0.636971
 0 0.636973
 0 0.636985
 0 0.636998
 0 0.636998
 0 0.637009
 0 0.637011
 0 0.637011
 0 0.637011
 0 0.637022
 0 0.637022
 0 0.637022
 0 0.63703
 0 0.637031
 0 0.637032
 0 0.637042
 0 0.63705
 0 0.63705
 0 0.637051
 0 0.637053
 0 0.637054
 0 0.637055
 0 0.637057
 0 0.637061
 0 0.637062
 0 0.637063
 0 0.637064
 0 0.637069
 0 0.637069
 0 0.637069
 0 0.637073
 0 0.637075
 0 0.637076
 0 0.637082
 0 0.637082
 0 0.637082
 0 0.637083
 0 0.6371
 0 0.637104
 0 0.637105
 0 0.637106
 0 0.637118
 0 0.637119
 0 0.637121
 0 0.637128
 0 0.63713
 0 0.637137
 0 0.63714
 0 0.63714
 0 0.63714
 0 0.637144
 0 0.637144
 0 0.637148
 0 0.637151
 0 0.637152
 0 0.637152
 0 0.63716
 0 0.637163
 0 0.63717
 0 0.63717
 0 0.63717
 0 0.637172
 0 0.637175
 0 0.637177
 0 0.637188
 0 0.637188
 0 0.637193
 0 0.637194
 0 0.637195
 0 0.637195
 0 0.637195
 0 0.6372
 0 0.637202
 0 0.637203
 0 0.637216
 0 0.637218
 0 0.63723
 0 0.637242
 0 0.637242
 0 0.637246
 0 0.637248
 0 0.637249
 0 0.637249
 0 0.637251
 0 0.637251
 0 0.637252
 0 0.637253
 0 0.637255
 0 0.637263
 0 0.637263
 0 0.637273
 0 0.637273
 0 0.637276
 0 0.637276
 0 0.637276
 0 0.637277
 0 0.637279
 0 0.63728
 0 0.637282
 0 0.637282
 0 0.637285
 0 0.637285
 0 0.637285
 0 0.637289
 0 0.63729
 0 0.637291
 0 0.637296
 0 0.637296
 0 0.637309
 0 0.637316
 0 0.637316
 0 0.637317
 0 0.637321
 0 0.637321
 0 0.637321
 0 0.637323
 0 0.637323
 0 0.637325
 0 0.637325
 0 0.637338
 0 0.63734
 0 0.637343
 0 0.637343
 0 0.637343
 0 0.63736
 0 0.637362
 0 0.637365
 0 0.637366
 0 0.637366
 0 0.637366
 0 0.637366
 0 0.637381
 0 0.637385
 0 0.637385
 0 0.637405
 0 0.637412
 0 0.637412
 0 0.637418
 0 0.637426
 0 0.637433
 0 0.637443
 0 0.637458
 0 0.637462
 0 0.637462
 0 0.637462
 0 0.637463
 0 0.637463
 0 0.637471
 0 0.637471
 0 0.637473
 0 0.637473
 0 0.637483
 0 0.637483
 0 0.637485
 0 0.637486
 0 0.637486
 0 0.637487
 0 0.637496
 0 0.637496
 0 0.637496
 0 0.637496
 0 0.637527
 0 0.637527
 0 0.637528
 0 0.637528
 0 0.637531
 0 0.637531
 0 0.637531
 0 0.637532
 0 0.637532
 0 0.637533
 0 0.637534
 0 0.637534
 0 0.637538
 0 0.637538
 0 0.637538
 0 0.637551
 0 0.637551
 0 0.637551
 0 0.637554
 0 0.637564
 0 0.637564
 0 0.637568
 0 0.63757
 0 0.637571
 0 0.637571
 0 0.637571
 0 0.637574
 0 0.637575
 0 0.637605
 0 0.637613
 0 0.637614
 0 0.637616
 0 0.637625
 0 0.637627
 0 0.63763
 0 0.637637
 0 0.637638
 0 0.637638
 0 0.637641
 0 0.637643
 0 0.637644
 0 0.637659
 0 0.637662
 0 0.637666
 0 0.637666
 0 0.637674
 0 0.637678
 0 0.637679
 0 0.637679
 0 0.637691
 0 0.637693
 0 0.637695
 0 0.637695
 0 0.637695
 0 0.637712
 0 0.63773
 0 0.637768
 0 0.637768
 0 0.637784
 0 0.637784
 0 0.637787
 0 0.637795
 0 0.637799
 0 0.6378
 0 0.637808
 0 0.637809
 0 0.637811
 0 0.637816
 0 0.637819
 0 0.637819
 0 0.637819
 0 0.637829
 0 0.637829
 0 0.637832
 0 0.637832
 0 0.637832
 0 0.637832
 0 0.637832
 0 0.637832
 0 0.637832
 0 0.637841
 0 0.637848
 0 0.637851
 0 0.63786
 0 0.63786
 0 0.637862
 0 0.637866
 0 0.637866
 0 0.637874
 0 0.637887
 0 0.637891
 0 0.637891
 0 0.637891
 0 0.637892
 0 0.637893
 0 0.637893
 0 0.637908
 0 0.637908
 0 0.637914
 0 0.637928
 0 0.637933
 0 0.637959
 0 0.637962
 0 0.637963
 0 0.637968
 0 0.637969
 0 0.637982
 0 0.637982
 0 0.637982
 0 0.637993
 0 0.637993
 0 0.638002
 0 0.638002
 0 0.638028
 0 0.638029
 0 0.63803
 0 0.638045
 0 0.638047
 0 0.638055
 0 0.638055
 0 0.638055
 0 0.638064
 0 0.638067
 0 0.63815
 0 0.638156
 0 0.638158
 0 0.638187
 0 0.638188
 0 0.638189
 0 0.638189
 0 0.63819
 0 0.63819
 0 0.63819
 0 0.638195
 0 0.638207
 0 0.638214
 0 0.638214
 0 0.638214
 0 0.638215
 0 0.638219
 0 0.638222
 0 0.638222
 0 0.638222
 0 0.638223
 0 0.638231
 0 0.638231
 0 0.638233
 0 0.638233
 0 0.638233
 0 0.638234
 0 0.638238
 0 0.638239
 0 0.638239
 0 0.638252
 0 0.638273
 0 0.638294
 0 0.638306
 0 0.638306
 0 0.638313
 0 0.638313
 0 0.638313
 0 0.638314
 0 0.638325
 0 0.638325
 0 0.638342
 0 0.638344
 0 0.638358
 0 0.638358
 0 0.638358
 0 0.638402
 0 0.638402
 0 0.638402
 0 0.638402
 0 0.638404
 0 0.63843
 0 0.63843
 0 0.638431
 0 0.638434
 0 0.638437
 0 0.638438
 0 0.638455
 0 0.638465
 0 0.638465
 0 0.638467
 0 0.638482
 0 0.638506
 0 0.638506
 0 0.638506
 0 0.638553
 0 0.638559
 0 0.63857
 0 0.638572
 0 0.638573
 0 0.638575
 0 0.638575
 0 0.638576
 0 0.638576
 0 0.638583
 0 0.638637
 0 0.638638
 0 0.638639
 0 0.638651
 0 0.638652
 0 0.638652
 0 0.638655
 0 0.638657
 0 0.638657
 0 0.638657
 0 0.638657
 0 0.638688
 0 0.638689
 0 0.638689
 0 0.63869
 0 0.638692
 0 0.638692
 0 0.638693
 0 0.638693
 0 0.638696
 0 0.638713
 0 0.638713
 0 0.638713
 0 0.638713
 0 0.638713
 0 0.638719
 0 0.638719
 0 0.638723
 0 0.638728
 0 0.638729
 0 0.638731
 0 0.638732
 0 0.638751
 0 0.638751
 0 0.638752
 0 0.638752
 0 0.638754
 0 0.638781
 0 0.638813
 0 0.638813
 0 0.638831
 0 0.638837
 0 0.638854
 0 0.638854
 0 0.638855
 0 0.638875
 0 0.638876
 0 0.63891
 0 0.63891
 0 0.638911
 0 0.638911
 0 0.63892
 0 0.63892
 0 0.63892
 0 0.638922
 0 0.638927
 0 0.638927
 0 0.638931
 0 0.639001
 0 0.639005
 0 0.639006
 0 0.639006
 0 0.639006
 0 0.639017
 0 0.639018
 0 0.639018
 0 0.639018
 0 0.639019
 0 0.639019
 0 0.63902
 0 0.639022
 0 0.639025
 0 0.639026
 0 0.639026
 0 0.639026
 0 0.639026
 0 0.639027
 0 0.639029
 0 0.639032
 0 0.639033
 0 0.639045
 0 0.639045
 0 0.639047
 0 0.639067
 0 0.63909
 0 0.63913
 0 0.639131
 0 0.639131
 0 0.639152
 0 0.639152
 0 0.639153
 0 0.639155
 0 0.639157
 0 0.639225
 0 0.639225
 0 0.639226
 0 0.639357
 0 0.639446
 0 0.639446
 0 0.639483
 0 0.63952
 0 0.639552
 0 0.639555
 0 0.639555
 0 0.639559
 0 0.639564
 0 0.639631
 0 0.63965
 0 0.639654
 0 0.639673
 0 0.639704
 0 0.639704
 0 0.639704
 0 0.639705
 0 0.639712
 0 0.639712
 0 0.639714
 0 0.639725
 0 0.639726
 0 0.639726
 0 0.639726
 0 0.639728
 0 0.639738
 0 0.639738
 0 0.639758
 0 0.639758
 0 0.639761
 0 0.639761
 0 0.63977
 0 0.639771
 0 0.639778
 0 0.639778
 0 0.639778
 0 0.639779
 0 0.639792
 0 0.639829
 0 0.63984
 0 0.63985
 0 0.63985
 0 0.639863
 0 0.639864
 0 0.639956
 0 0.639956
 0 0.639971
 0 0.639974
 0 0.639987
 0 0.639987
 0 0.639987
 0 0.640002
 0 0.640002
 0 0.640006
 0 0.640006
 0 0.640007
 0 0.640016
 0 0.640016
 0 0.640016
 0 0.640062
 0 0.640062
 0 0.640095
 0 0.640113
 0 0.640115
 0 0.640159
 0 0.640159
 0 0.640159
 0 0.640222
 0 0.640223
 0 0.640224
 0 0.640237
 0 0.640237
 0 0.640245
 0 0.640246
 0 0.640319
 0 0.640406
 0 0.640409
 0 0.640413
 0 0.640478
 0 0.64054
 0 0.640566
 0 0.640918
 0 0.640918
 0 0.64092
 0 0.640959
 0 0.641044
 0 0.641048
 0 0.64105
 0 0.641051
 0 0.641051
 0 0.641179
 0 0.641181
 0 0.641181
 0 0.641193
 0 0.641193
 0 0.641194
 0 0.641195
 0 0.641195
 0 0.641195
 0 0.641205
 0 0.641207
 0 0.641207
 0 0.641453
 0 0.641453
 0 0.641453
 0 0.641482
 0 0.64152
 0 0.64152
 0 0.641584
 0 0.641584
 0 0.642078
 0 0.642149
 0 0.642151
 0 0.642151
 0 0.642153
 0 0.642154
 0 0.642249
 0 0.642251
 0 0.642349
 0 0.64248
 0 0.64248
 0 0.64248
 0 0.642496
 0 0.642497
 0 0.642535
 0 0.642535
 0 0.642827
 0 0.643095
 0 0.643095
 0 0.643095
 0 0.713317
 0 0.900734
 0 0.900735
 0 0.900861
 0 0.900861
 0 0.900861
 0 0.900861
 0 1.03131
 0 1.03212
 0 1.03212
 0 1.03212
 0 1.03256
 0 inf
