 0 0.492405
 0 0.492405
 0 0.492802
 0 0.492951
 0 0.492953
 0 0.493166
 0 0.624245
 0 0.624246
 0 0.624246
 0 0.624246
 0 0.624513
 0 0.625078
 0 0.625234
 0 0.625234
 0 0.625322
 0 0.625322
 0 0.625488
 0 0.625488
 0 0.625488
 0 0.625573
 0 0.625575
 0 0.625796
 0 0.625797
 0 0.625813
 0 0.625813
 0 0.62586
 0 0.62586
 0 0.625962
 0 0.625963
 0 0.62598
 0 0.626125
 0 0.626127
 0 0.6262
 0 0.626235
 0 0.626437
 0 0.62644
 0 0.62644
 0 0.626471
 0 0.626471
 0 0.626522
 0 0.626606
 0 0.626607
 0 0.626951
 0 0.627212
 0 0.627289
 0 0.627298
 0 0.627403
 0 0.627459
 0 0.627459
 0 0.627459
 0 0.627482
 0 0.627482
 0 0.627482
 0 0.627483
 0 0.627485
 0 0.6278
 0 0.6278
 0 0.6278
 0 0.6278
 0 0.6278
 0 0.627901
 0 0.627932
 0 0.627935
 0 0.627952
 0 0.627952
 0 0.627952
 0 0.628238
 0 0.628239
 0 0.628258
 0 0.628288
 0 0.628437
 0 0.628538
 0 0.628538
 0 0.628557
 0 0.628558
 0 0.628558
 0 0.628558
 0 0.628634
 0 0.628634
 0 0.62864
 0 0.628664
 0 0.6287
 0 0.628701
 0 0.628709
 0 0.628786
 0 0.628786
 0 0.628786
 0 0.628808
 0 0.628812
 0 0.628813
 0 0.628813
 0 0.628857
 0 0.628857
 0 0.629026
 0 0.629026
 0 0.629027
 0 0.629034
 0 0.629127
 0 0.629127
 0 0.629129
 0 0.62913
 0 0.629131
 0 0.629163
 0 0.629229
 0 0.629231
 0 0.629328
 0 0.629328
 0 0.629396
 0 0.629396
 0 0.629418
 0 0.629419
 0 0.629469
 0 0.629515
 0 0.629517
 0 0.629578
 0 0.629578
 0 0.629643
 0 0.629681
 0 0.6298
 0 0.629801
 0 0.629801
 0 0.629801
 0 0.629898
 0 0.630023
 0 0.630027
 0 0.63012
 0 0.630177
 0 0.630232
 0 0.630234
 0 0.630234
 0 0.630234
 0 0.630303
 0 0.630308
 0 0.630309
 0 0.630309
 0 0.630323
 0 0.630327
 0 0.630368
 0 0.63037
 0 0.63046
 0 0.63046
 0 0.630484
 0 0.630491
 0 0.630491
 0 0.630558
 0 0.63056
 0 0.630619
 0 0.630687
 0 0.630696
 0 0.630699
 0 0.6307
 0 0.630794
 0 0.630868
 0 0.630868
 0 0.630908
 0 0.630974
 0 0.630974
 0 0.630974
 0 0.630976
 0 0.630994
 0 0.631044
 0 0.631057
 0 0.631057
 0 0.631058
 0 0.631058
 0 0.631119
 0 0.631119
 0 0.631119
 0 0.631151
 0 0.631155
 0 0.631171
 0 0.631171
 0 0.631172
 0 0.631198
 0 0.631204
 0 0.631204
 0 0.631213
 0 0.631214
 0 0.631214
 0 0.631216
 0 0.631217
 0 0.631223
 0 0.631229
 0 0.631229
 0 0.631386
 0 0.631407
 0 0.631413
 0 0.631413
 0 0.631434
 0 0.631434
 0 0.631465
 0 0.631466
 0 0.631466
 0 0.631466
 0 0.631481
 0 0.631481
 0 0.631482
 0 0.631485
 0 0.631486
 0 0.631502
 0 0.631509
 0 0.63151
 0 0.63151
 0 0.63151
 0 0.63151
 0 0.631512
 0 0.631515
 0 0.631537
 0 0.631539
 0 0.631565
 0 0.631569
 0 0.631569
 0 0.631608
 0 0.631608
 0 0.631646
 0 0.631648
 0 0.631718
 0 0.631726
 0 0.631727
 0 0.631744
 0 0.631792
 0 0.631793
 0 0.631824
 0 0.631824
 0 0.631824
 0 0.631848
 0 0.631849
 0 0.631849
 0 0.631849
 0 0.631871
 0 0.631871
 0 0.631872
 0 0.631887
 0 0.631887
 0 0.631887
 0 0.631896
 0 0.631913
 0 0.631915
 0 0.631915
 0 0.631937
 0 0.631938
 0 0.631949
 0 0.631954
 0 0.631954
 0 0.631969
 0 0.632024
 0 0.632079
 0 0.632079
 0 0.632079
 0 0.632079
 0 0.632079
 0 0.632097
 0 0.632116
 0 0.632133
 0 0.632134
 0 0.632134
 0 0.632155
 0 0.632201
 0 0.632201
 0 0.632271
 0 0.632271
 0 0.632273
 0 0.632275
 0 0.632279
 0 0.632279
 0 0.63228
 0 0.632292
 0 0.632292
 0 0.632306
 0 0.632322
 0 0.632322
 0 0.632323
 0 0.632361
 0 0.632361
 0 0.632393
 0 0.63244
 0 0.632441
 0 0.632441
 0 0.632451
 0 0.632452
 0 0.632462
 0 0.632561
 0 0.632561
 0 0.632567
 0 0.632616
 0 0.632618
 0 0.632637
 0 0.632709
 0 0.63271
 0 0.632713
 0 0.632713
 0 0.632719
 0 0.632768
 0 0.632775
 0 0.63279
 0 0.63279
 0 0.632794
 0 0.632811
 0 0.632861
 0 0.63288
 0 0.632881
 0 0.632881
 0 0.632881
 0 0.632926
 0 0.632926
 0 0.632928
 0 0.63295
 0 0.632951
 0 0.632957
 0 0.63301
 0 0.633028
 0 0.633136
 0 0.633159
 0 0.633167
 0 0.633167
 0 0.633187
 0 0.633212
 0 0.633212
 0 0.633227
 0 0.633351
 0 0.633359
 0 0.63336
 0 0.63336
 0 0.63336
 0 0.633361
 0 0.633361
 0 0.633365
 0 0.633366
 0 0.633367
 0 0.633369
 0 0.633369
 0 0.633369
 0 0.63337
 0 0.63337
 0 0.633429
 0 0.63343
 0 0.633449
 0 0.633458
 0 0.633479
 0 0.633479
 0 0.633479
 0 0.633492
 0 0.633492
 0 0.633492
 0 0.633506
 0 0.633506
 0 0.633506
 0 0.633509
 0 0.63351
 0 0.633512
 0 0.633513
 0 0.633513
 0 0.633543
 0 0.633547
 0 0.633547
 0 0.633548
 0 0.633582
 0 0.633583
 0 0.633625
 0 0.633625
 0 0.633627
 0 0.63363
 0 0.633637
 0 0.633691
 0 0.633735
 0 0.633738
 0 0.633788
 0 0.633788
 0 0.633795
 0 0.633799
 0 0.633802
 0 0.633823
 0 0.633825
 0 0.633849
 0 0.63385
 0 0.633861
 0 0.633861
 0 0.633862
 0 0.633869
 0 0.63387
 0 0.63393
 0 0.633931
 0 0.634021
 0 0.634042
 0 0.634042
 0 0.634042
 0 0.63406
 0 0.63406
 0 0.634063
 0 0.634067
 0 0.634067
 0 0.634067
 0 0.634067
 0 0.634068
 0 0.634177
 0 0.63418
 0 0.634186
 0 0.634198
 0 0.634198
 0 0.634198
 0 0.634207
 0 0.634209
 0 0.634209
 0 0.63421
 0 0.634218
 0 0.634219
 0 0.634245
 0 0.634245
 0 0.634281
 0 0.634282
 0 0.634287
 0 0.634287
 0 0.634287
 0 0.634289
 0 0.634294
 0 0.634294
 0 0.634302
 0 0.634307
 0 0.634345
 0 0.63436
 0 0.634369
 0 0.634378
 0 0.63438
 0 0.634391
 0 0.634391
 0 0.634405
 0 0.634411
 0 0.634426
 0 0.634428
 0 0.634441
 0 0.634452
 0 0.634452
 0 0.634462
 0 0.634462
 0 0.634463
 0 0.634471
 0 0.634471
 0 0.634477
 0 0.634478
 0 0.634488
 0 0.634489
 0 0.634492
 0 0.634493
 0 0.634498
 0 0.634499
 0 0.634517
 0 0.634517
 0 0.634517
 0 0.634519
 0 0.63452
 0 0.63452
 0 0.634522
 0 0.634522
 0 0.634527
 0 0.634529
 0 0.63453
 0 0.634533
 0 0.634542
 0 0.634584
 0 0.634585
 0 0.634585
 0 0.634617
 0 0.63462
 0 0.634654
 0 0.634654
 0 0.634654
 0 0.634659
 0 0.634661
 0 0.634661
 0 0.63467
 0 0.634672
 0 0.634694
 0 0.634695
 0 0.634698
 0 0.634699
 0 0.634728
 0 0.634763
 0 0.634764
 0 0.634764
 0 0.634764
 0 0.634777
 0 0.634781
 0 0.634786
 0 0.634786
 0 0.63479
 0 0.634813
 0 0.634841
 0 0.634843
 0 0.634843
 0 0.634845
 0 0.634847
 0 0.634856
 0 0.634858
 0 0.634859
 0 0.63486
 0 0.634898
 0 0.634903
 0 0.634933
 0 0.63494
 0 0.634941
 0 0.634953
 0 0.634953
 0 0.634962
 0 0.634966
 0 0.634966
 0 0.634973
 0 0.634975
 0 0.635031
 0 0.635031
 0 0.635037
 0 0.635037
 0 0.635038
 0 0.63504
 0 0.63504
 0 0.635047
 0 0.635047
 0 0.635054
 0 0.635054
 0 0.635054
 0 0.635055
 0 0.635055
 0 0.635062
 0 0.635065
 0 0.635077
 0 0.63509
 0 0.635094
 0 0.635101
 0 0.635132
 0 0.635134
 0 0.635134
 0 0.635146
 0 0.635154
 0 0.635155
 0 0.635156
 0 0.635157
 0 0.635185
 0 0.635189
 0 0.63519
 0 0.635191
 0 0.635204
 0 0.635204
 0 0.635204
 0 0.635212
 0 0.635212
 0 0.635212
 0 0.635212
 0 0.635213
 0 0.635227
 0 0.635229
 0 0.635256
 0 0.635257
 0 0.635257
 0 0.635268
 0 0.635268
 0 0.635269
 0 0.635269
 0 0.635274
 0 0.635339
 0 0.635339
 0 0.635352
 0 0.635352
 0 0.635352
 0 0.635354
 0 0.635364
 0 0.635395
 0 0.635403
 0 0.635403
 0 0.63543
 0 0.635446
 0 0.635447
 0 0.635448
 0 0.635455
 0 0.635457
 0 0.635458
 0 0.635458
 0 0.635458
 0 0.635458
 0 0.63546
 0 0.63546
 0 0.63546
 0 0.635484
 0 0.635489
 0 0.635489
 0 0.635493
 0 0.635525
 0 0.635539
 0 0.635542
 0 0.635546
 0 0.63557
 0 0.635571
 0 0.635574
 0 0.635574
 0 0.635574
 0 0.635575
 0 0.635575
 0 0.635606
 0 0.635606
 0 0.635606
 0 0.635621
 0 0.635624
 0 0.635624
 0 0.635624
 0 0.635645
 0 0.635651
 0 0.635651
 0 0.635664
 0 0.635668
 0 0.635671
 0 0.635672
 0 0.635699
 0 0.6357
 0 0.635701
 0 0.635702
 0 0.635708
 0 0.635708
 0 0.635721
 0 0.635722
 0 0.635727
 0 0.635728
 0 0.635729
 0 0.635746
 0 0.635757
 0 0.635759
 0 0.635784
 0 0.635784
 0 0.635788
 0 0.635788
 0 0.63579
 0 0.635795
 0 0.635796
 0 0.635833
 0 0.635834
 0 0.635837
 0 0.635837
 0 0.635838
 0 0.635838
 0 0.635853
 0 0.635859
 0 0.63586
 0 0.635862
 0 0.63587
 0 0.635895
 0 0.635895
 0 0.635895
 0 0.635895
 0 0.635911
 0 0.635911
 0 0.635936
 0 0.635952
 0 0.635953
 0 0.635953
 0 0.635953
 0 0.635967
 0 0.635983
 0 0.635984
 0 0.636011
 0 0.636014
 0 0.63603
 0 0.63603
 0 0.636032
 0 0.636033
 0 0.636038
 0 0.63604
 0 0.63604
 0 0.636067
 0 0.636091
 0 0.636093
 0 0.636097
 0 0.636097
 0 0.636097
 0 0.636118
 0 0.636124
 0 0.636126
 0 0.63613
 0 0.636142
 0 0.636142
 0 0.636144
 0 0.636145
 0 0.636145
 0 0.636145
 0 0.636145
 0 0.636155
 0 0.636156
 0 0.636157
 0 0.636161
 0 0.636171
 0 0.636174
 0 0.636175
 0 0.636175
 0 0.63619
 0 0.636208
 0 0.636233
 0 0.636243
 0 0.636245
 0 0.636247
 0 0.636247
 0 0.636249
 0 0.636251
 0 0.636255
 0 0.636255
 0 0.636257
 0 0.636268
 0 0.636269
 0 0.63629
 0 0.636291
 0 0.636304
 0 0.636308
 0 0.636314
 0 0.636315
 0 0.636318
 0 0.636319
 0 0.636349
 0 0.63635
 0 0.63635
 0 0.636373
 0 0.636378
 0 0.636387
 0 0.63642
 0 0.63642
 0 0.63642
 0 0.636422
 0 0.636434
 0 0.636434
 0 0.636434
 0 0.636435
 0 0.636436
 0 0.636455
 0 0.636474
 0 0.636474
 0 0.636533
 0 0.636538
 0 0.636547
 0 0.636548
 0 0.63656
 0 0.636565
 0 0.636567
 0 0.636568
 0 0.636568
 0 0.636578
 0 0.636586
 0 0.636589
 0 0.636589
 0 0.636589
 0 0.636597
 0 0.636598
 0 0.636607
 0 0.636607
 0 0.63661
 0 0.636631
 0 0.636631
 0 0.636649
 0 0.636651
 0 0.636661
 0 0.636661
 0 0.636661
 0 0.636661
 0 0.636661
 0 0.636667
 0 0.636671
 0 0.636671
 0 0.636685
 0 0.636685
 0 0.636686
 0 0.636686
 0 0.636695
 0 0.636696
 0 0.636696
 0 0.636706
 0 0.636734
 0 0.636747
 0 0.636748
 0 0.636748
 0 0.636748
 0 0.636749
 0 0.636749
 0 0.636785
 0 0.636788
 0 0.636788
 0 0.636789
 0 0.636829
 0 0.636832
 0 0.636832
 0 0.63684
 0 0.63684
 0 0.636862
 0 0.636862
 0 0.636871
 0 0.636875
 0 0.636896
 0 0.636896
 0 0.636897
 0 0.636933
 0 0.636933
 0 0.636948
 0 0.636967
 0 0.63701
 0 0.637013
 0 0.637014
 0 0.637037
 0 0.637038
 0 0.637062
 0 0.637063
 0 0.637076
 0 0.637078
 0 0.637081
 0 0.63715
 0 0.637153
 0 0.637161
 0 0.637201
 0 0.637201
 0 0.637202
 0 0.63723
 0 0.63723
 0 0.637231
 0 0.637231
 0 0.637238
 0 0.637251
 0 0.637251
 0 0.637253
 0 0.637266
 0 0.637308
 0 0.637319
 0 0.637319
 0 0.637319
 0 0.637323
 0 0.637336
 0 0.637336
 0 0.637336
 0 0.637337
 0 0.637338
 0 0.637338
 0 0.637341
 0 0.637359
 0 0.63736
 0 0.637362
 0 0.637362
 0 0.637389
 0 0.637389
 0 0.63739
 0 0.637416
 0 0.637416
 0 0.637416
 0 0.637417
 0 0.637453
 0 0.637453
 0 0.637453
 0 0.637474
 0 0.637474
 0 0.637474
 0 0.637474
 0 0.637494
 0 0.637494
 0 0.637509
 0 0.637518
 0 0.637602
 0 0.637603
 0 0.637605
 0 0.637605
 0 0.63764
 0 0.637641
 0 0.637705
 0 0.637705
 0 0.637706
 0 0.637706
 0 0.637719
 0 0.637738
 0 0.637786
 0 0.637786
 0 0.637788
 0 0.637816
 0 0.637818
 0 0.637849
 0 0.637849
 0 0.637851
 0 0.637851
 0 0.637851
 0 0.637852
 0 0.637854
 0 0.637856
 0 0.6379
 0 0.637951
 0 0.637969
 0 0.638014
 0 0.638016
 0 0.638016
 0 0.638016
 0 0.638017
 0 0.638017
 0 0.638038
 0 0.638038
 0 0.638154
 0 0.638154
 0 0.638178
 0 0.638178
 0 0.63818
 0 0.638184
 0 0.638186
 0 0.63821
 0 0.638211
 0 0.638266
 0 0.638274
 0 0.63828
 0 0.638283
 0 0.638335
 0 0.638337
 0 0.638337
 0 0.638337
 0 0.638365
 0 0.638376
 0 0.638376
 0 0.638376
 0 0.63839
 0 0.638393
 0 0.638394
 0 0.638421
 0 0.638422
 0 0.638434
 0 0.638435
 0 0.638435
 0 0.638437
 0 0.638437
 0 0.63845
 0 0.638463
 0 0.638463
 0 0.638472
 0 0.638472
 0 0.638482
 0 0.638482
 0 0.638542
 0 0.638542
 0 0.638557
 0 0.638619
 0 0.63862
 0 0.63862
 0 0.638678
 0 0.638678
 0 0.638678
 0 0.638684
 0 0.638685
 0 0.638758
 0 0.638765
 0 0.638765
 0 0.638817
 0 0.638819
 0 0.638819
 0 0.63882
 0 0.63882
 0 0.638826
 0 0.638852
 0 0.638858
 0 0.638858
 0 0.63886
 0 0.63887
 0 0.638871
 0 0.638872
 0 0.638881
 0 0.638881
 0 0.638881
 0 0.638899
 0 0.638901
 0 0.63895
 0 0.63895
 0 0.638954
 0 0.638957
 0 0.638959
 0 0.638959
 0 0.638959
 0 0.639028
 0 0.639028
 0 0.639028
 0 0.639028
 0 0.639029
 0 0.63903
 0 0.639052
 0 0.639053
 0 0.639054
 0 0.639057
 0 0.639081
 0 0.639082
 0 0.639083
 0 0.639093
 0 0.639093
 0 0.639094
 0 0.639095
 0 0.639119
 0 0.639121
 0 0.639121
 0 0.639122
 0 0.639126
 0 0.639141
 0 0.639141
 0 0.63916
 0 0.63916
 0 0.639161
 0 0.639164
 0 0.639172
 0 0.639199
 0 0.639211
 0 0.639274
 0 0.639274
 0 0.639306
 0 0.639306
 0 0.639307
 0 0.639321
 0 0.639323
 0 0.639361
 0 0.639365
 0 0.639373
 0 0.639378
 0 0.639379
 0 0.639379
 0 0.639379
 0 0.639379
 0 0.63938
 0 0.639443
 0 0.639454
 0 0.639507
 0 0.639509
 0 0.639509
 0 0.639553
 0 0.639556
 0 0.639557
 0 0.639637
 0 0.639637
 0 0.639648
 0 0.639713
 0 0.639715
 0 0.639716
 0 0.639716
 0 0.639718
 0 0.639782
 0 0.639782
 0 0.639856
 0 0.639858
 0 0.639877
 0 0.639877
 0 0.639877
 0 0.639877
 0 0.639878
 0 0.639886
 0 0.639886
 0 0.639904
 0 0.639907
 0 0.639908
 0 0.639908
 0 0.639908
 0 0.639917
 0 0.639917
 0 0.640036
 0 0.640037
 0 0.640037
 0 0.640041
 0 0.640052
 0 0.640068
 0 0.64009
 0 0.640132
 0 0.640173
 0 0.640173
 0 0.640254
 0 0.64027
 0 0.64027
 0 0.64027
 0 0.640284
 0 0.640284
 0 0.640286
 0 0.640286
 0 0.640316
 0 0.640316
 0 0.64033
 0 0.640332
 0 0.640363
 0 0.640363
 0 0.640366
 0 0.640404
 0 0.640409
 0 0.640411
 0 0.640433
 0 0.640439
 0 0.640439
 0 0.640439
 0 0.640459
 0 0.640459
 0 0.64046
 0 0.640545
 0 0.640545
 0 0.640547
 0 0.640548
 0 0.640549
 0 0.64055
 0 0.640565
 0 0.640606
 0 0.640608
 0 0.640692
 0 0.640692
 0 0.640692
 0 0.640693
 0 0.640701
 0 0.640734
 0 0.640735
 0 0.640736
 0 0.640743
 0 0.640745
 0 0.640745
 0 0.64075
 0 0.640752
 0 0.640778
 0 0.64078
 0 0.640788
 0 0.640807
 0 0.640831
 0 0.640931
 0 0.640931
 0 0.640932
 0 0.640977
 0 0.641014
 0 0.641016
 0 0.641025
 0 0.641025
 0 0.641027
 0 0.64103
 0 0.641032
 0 0.641032
 0 0.641065
 0 0.64115
 0 0.64115
 0 0.641164
 0 0.641166
 0 0.641176
 0 0.641198
 0 0.641198
 0 0.641209
 0 0.641363
 0 0.641364
 0 0.641374
 0 0.641374
 0 0.641375
 0 0.641405
 0 0.641405
 0 0.641406
 0 0.641406
 0 0.641432
 0 0.641432
 0 0.641434
 0 0.641461
 0 0.641463
 0 0.64153
 0 0.641531
 0 0.641531
 0 0.641591
 0 0.641646
 0 0.641646
 0 0.641665
 0 0.641675
 0 0.641675
 0 0.641694
 0 0.641694
 0 0.641694
 0 0.641695
 0 0.641747
 0 0.641747
 0 0.641789
 0 0.641789
 0 0.641924
 0 0.64197
 0 0.641971
 0 0.642004
 0 0.642009
 0 0.642009
 0 0.642009
 0 0.642027
 0 0.642091
 0 0.642091
 0 0.642241
 0 0.642241
 0 0.642325
 0 0.642365
 0 0.642367
 0 0.642375
 0 0.642376
 0 0.642379
 0 0.642381
 0 0.642479
 0 0.642479
 0 0.642503
 0 0.642617
 0 0.642617
 0 0.642618
 0 0.64262
 0 0.642623
 0 0.642646
 0 0.642646
 0 0.642646
 0 0.642646
 0 0.642646
 0 0.642709
 0 0.642709
 0 0.64271
 0 0.642731
 0 0.642731
 0 0.642733
 0 0.642733
 0 0.642746
 0 0.642746
 0 0.642751
 0 0.642793
 0 0.642794
 0 0.642795
 0 0.642795
 0 0.642883
 0 0.642884
 0 0.642887
 0 0.64289
 0 0.642892
 0 0.642909
 0 0.64291
 0 0.64291
 0 0.642929
 0 0.643155
 0 0.643188
 0 0.643195
 0 0.643196
 0 0.643197
 0 0.643206
 0 0.643206
 0 0.643344
 0 0.643344
 0 0.64338
 0 0.64338
 0 0.643601
 0 0.643819
 0 0.64382
 0 0.64382
 0 0.643901
 0 0.643904
 0 0.643936
 0 0.643937
 0 0.643946
 0 0.643947
 0 0.643947
 0 0.643949
 0 0.643989
 0 0.643989
 0 0.644036
 0 0.644121
 0 0.64417
 0 0.644172
 0 0.644178
 0 0.644178
 0 0.644232
 0 0.644232
 0 0.644374
 0 0.644426
 0 0.644596
 0 0.644599
 0 0.6446
 0 0.6446
 0 0.644604
 0 0.644608
 0 0.645129
 0 0.645129
 0 0.645284
 0 0.645284
 0 0.645371
 0 0.645371
 0 0.645371
 0 0.645539
 0 0.645539
 0 0.64554
 0 0.6459
 0 0.646197
 0 0.646197
 0 0.646197
 0 0.646235
 0 0.6466
 0 0.646857
 0 0.646857
 0 0.647191
 0 0.647191
 0 0.647354
 0 0.647364
 0 0.6475
 0 0.6475
 0 0.647626
 0 0.647627
 0 0.647852
 0 0.647856
 0 0.648101
 0 0.648102
 0 0.648104
 0 0.648535
 0 0.648537
 0 0.648539
 0 0.648643
 0 0.648929
 0 0.648931
 0 0.648947
 0 0.713603
 0 1.01079
 0 1.01125
 0 1.01125
 0 1.01166
 0 1.01166
 0 inf
