 0 0.490026
 0 0.490936
 0 0.490937
 0 0.490937
 0 0.491339
 0 0.49134
 0 0.496462
 0 0.496462
 0 0.497117
 0 0.497117
 0 0.497117
 0 0.497988
 0 0.622555
 0 0.622555
 0 0.622555
 0 0.622644
 0 0.622644
 0 0.622867
 0 0.622974
 0 0.62309
 0 0.62309
 0 0.623245
 0 0.623245
 0 0.623245
 0 0.6234
 0 0.623429
 0 0.623429
 0 0.623845
 0 0.623845
 0 0.623845
 0 0.623845
 0 0.623889
 0 0.624101
 0 0.624135
 0 0.624233
 0 0.624234
 0 0.624234
 0 0.624234
 0 0.624235
 0 0.624433
 0 0.624504
 0 0.624655
 0 0.624655
 0 0.624655
 0 0.624963
 0 0.625218
 0 0.625218
 0 0.625282
 0 0.625543
 0 0.625545
 0 0.625545
 0 0.625954
 0 0.625954
 0 0.625975
 0 0.626075
 0 0.626076
 0 0.626076
 0 0.626076
 0 0.62618
 0 0.62618
 0 0.62618
 0 0.626254
 0 0.626254
 0 0.626356
 0 0.626368
 0 0.626393
 0 0.626395
 0 0.626426
 0 0.626426
 0 0.626426
 0 0.626461
 0 0.626536
 0 0.626536
 0 0.62662
 0 0.626622
 0 0.626669
 0 0.626675
 0 0.626677
 0 0.626805
 0 0.626805
 0 0.626805
 0 0.626881
 0 0.626882
 0 0.626883
 0 0.62694
 0 0.62694
 0 0.62694
 0 0.627033
 0 0.627053
 0 0.627053
 0 0.627055
 0 0.627055
 0 0.627132
 0 0.627132
 0 0.627201
 0 0.627201
 0 0.627201
 0 0.627201
 0 0.627207
 0 0.627221
 0 0.627251
 0 0.627252
 0 0.627382
 0 0.627382
 0 0.627384
 0 0.627384
 0 0.627384
 0 0.627512
 0 0.627585
 0 0.627633
 0 0.627633
 0 0.627639
 0 0.627761
 0 0.627796
 0 0.627846
 0 0.627912
 0 0.627912
 0 0.627919
 0 0.627941
 0 0.627942
 0 0.627942
 0 0.627943
 0 0.627966
 0 0.628031
 0 0.628032
 0 0.628051
 0 0.628313
 0 0.628313
 0 0.62834
 0 0.62834
 0 0.62834
 0 0.628358
 0 0.628365
 0 0.628365
 0 0.628365
 0 0.628412
 0 0.628412
 0 0.628418
 0 0.62845
 0 0.628495
 0 0.628672
 0 0.628672
 0 0.628775
 0 0.62878
 0 0.628782
 0 0.628792
 0 0.628831
 0 0.628908
 0 0.628914
 0 0.629008
 0 0.629008
 0 0.629054
 0 0.629055
 0 0.629125
 0 0.629125
 0 0.629125
 0 0.629125
 0 0.629137
 0 0.629137
 0 0.629169
 0 0.629181
 0 0.629183
 0 0.629183
 0 0.629183
 0 0.62928
 0 0.629353
 0 0.629364
 0 0.629364
 0 0.629365
 0 0.629365
 0 0.629368
 0 0.629368
 0 0.629378
 0 0.629385
 0 0.629385
 0 0.629464
 0 0.629466
 0 0.629466
 0 0.629472
 0 0.629472
 0 0.629482
 0 0.629482
 0 0.629482
 0 0.629482
 0 0.629515
 0 0.62956
 0 0.62956
 0 0.629642
 0 0.629655
 0 0.629655
 0 0.629656
 0 0.629675
 0 0.629675
 0 0.629676
 0 0.629711
 0 0.629711
 0 0.629712
 0 0.629731
 0 0.629731
 0 0.629731
 0 0.629732
 0 0.629732
 0 0.629735
 0 0.629746
 0 0.629746
 0 0.629746
 0 0.629747
 0 0.629747
 0 0.629747
 0 0.629752
 0 0.629752
 0 0.629797
 0 0.629797
 0 0.629848
 0 0.629848
 0 0.62985
 0 0.629866
 0 0.629866
 0 0.629871
 0 0.629872
 0 0.629898
 0 0.629901
 0 0.630001
 0 0.630001
 0 0.630011
 0 0.630021
 0 0.630021
 0 0.630061
 0 0.630061
 0 0.630109
 0 0.630109
 0 0.630109
 0 0.630115
 0 0.630117
 0 0.630199
 0 0.630201
 0 0.630201
 0 0.630201
 0 0.630202
 0 0.630203
 0 0.630206
 0 0.630206
 0 0.630206
 0 0.630217
 0 0.630261
 0 0.630271
 0 0.630271
 0 0.630277
 0 0.630297
 0 0.630297
 0 0.630305
 0 0.630329
 0 0.630366
 0 0.630423
 0 0.630423
 0 0.630424
 0 0.630424
 0 0.630424
 0 0.630439
 0 0.630458
 0 0.630459
 0 0.630459
 0 0.630477
 0 0.630641
 0 0.630641
 0 0.630641
 0 0.630651
 0 0.630651
 0 0.630652
 0 0.630696
 0 0.630697
 0 0.630736
 0 0.630736
 0 0.630753
 0 0.630754
 0 0.630754
 0 0.630811
 0 0.630811
 0 0.630827
 0 0.630831
 0 0.630831
 0 0.630834
 0 0.630852
 0 0.630852
 0 0.630956
 0 0.630956
 0 0.630956
 0 0.630957
 0 0.630964
 0 0.630964
 0 0.630964
 0 0.630983
 0 0.631004
 0 0.631004
 0 0.631004
 0 0.631004
 0 0.631039
 0 0.63107
 0 0.63107
 0 0.63107
 0 0.631088
 0 0.631089
 0 0.63109
 0 0.631105
 0 0.631105
 0 0.631105
 0 0.631117
 0 0.631127
 0 0.631147
 0 0.631222
 0 0.631236
 0 0.631242
 0 0.631243
 0 0.631295
 0 0.631307
 0 0.631307
 0 0.631308
 0 0.631308
 0 0.631354
 0 0.631355
 0 0.631474
 0 0.631474
 0 0.631495
 0 0.631495
 0 0.631496
 0 0.631497
 0 0.631524
 0 0.631548
 0 0.631548
 0 0.631554
 0 0.631554
 0 0.631565
 0 0.631565
 0 0.631573
 0 0.631574
 0 0.631609
 0 0.631609
 0 0.631609
 0 0.63161
 0 0.631625
 0 0.631638
 0 0.631638
 0 0.631639
 0 0.631685
 0 0.631693
 0 0.631709
 0 0.631709
 0 0.631711
 0 0.631711
 0 0.631711
 0 0.631738
 0 0.631738
 0 0.631764
 0 0.631787
 0 0.631798
 0 0.631798
 0 0.631798
 0 0.631798
 0 0.631804
 0 0.631828
 0 0.631839
 0 0.631896
 0 0.631896
 0 0.631948
 0 0.631954
 0 0.631954
 0 0.632006
 0 0.632024
 0 0.632027
 0 0.632028
 0 0.632028
 0 0.632032
 0 0.632036
 0 0.632045
 0 0.632046
 0 0.632059
 0 0.632059
 0 0.632059
 0 0.632059
 0 0.632068
 0 0.63207
 0 0.632076
 0 0.632079
 0 0.63208
 0 0.63209
 0 0.63209
 0 0.632091
 0 0.632115
 0 0.632124
 0 0.632139
 0 0.632139
 0 0.632141
 0 0.632141
 0 0.632141
 0 0.632164
 0 0.632172
 0 0.632172
 0 0.632172
 0 0.632173
 0 0.632173
 0 0.632179
 0 0.632197
 0 0.632199
 0 0.632202
 0 0.632203
 0 0.632209
 0 0.632209
 0 0.632209
 0 0.632229
 0 0.63223
 0 0.632235
 0 0.632235
 0 0.632275
 0 0.632286
 0 0.632304
 0 0.632306
 0 0.632318
 0 0.632318
 0 0.632325
 0 0.632336
 0 0.632337
 0 0.63234
 0 0.63234
 0 0.632365
 0 0.632371
 0 0.632371
 0 0.632383
 0 0.632384
 0 0.632387
 0 0.632387
 0 0.632399
 0 0.6324
 0 0.632436
 0 0.632436
 0 0.632488
 0 0.632502
 0 0.632502
 0 0.632542
 0 0.632542
 0 0.632544
 0 0.632552
 0 0.632552
 0 0.632552
 0 0.632552
 0 0.632563
 0 0.632564
 0 0.632567
 0 0.632567
 0 0.632568
 0 0.632568
 0 0.632592
 0 0.632592
 0 0.632592
 0 0.632633
 0 0.632635
 0 0.632637
 0 0.632637
 0 0.632637
 0 0.632661
 0 0.632662
 0 0.632662
 0 0.632662
 0 0.632662
 0 0.632663
 0 0.632666
 0 0.632673
 0 0.632673
 0 0.632674
 0 0.6327
 0 0.6327
 0 0.632702
 0 0.632702
 0 0.632711
 0 0.632711
 0 0.632721
 0 0.632722
 0 0.632747
 0 0.632747
 0 0.632747
 0 0.63275
 0 0.63275
 0 0.63275
 0 0.63276
 0 0.632785
 0 0.632794
 0 0.632794
 0 0.632795
 0 0.632795
 0 0.632804
 0 0.632831
 0 0.632831
 0 0.632845
 0 0.632846
 0 0.632861
 0 0.632861
 0 0.632873
 0 0.632873
 0 0.632877
 0 0.632881
 0 0.632883
 0 0.63289
 0 0.632891
 0 0.632906
 0 0.632919
 0 0.63293
 0 0.632934
 0 0.632935
 0 0.632938
 0 0.632938
 0 0.63294
 0 0.632967
 0 0.632969
 0 0.632971
 0 0.632971
 0 0.632989
 0 0.632989
 0 0.632994
 0 0.632994
 0 0.632995
 0 0.632995
 0 0.633006
 0 0.633008
 0 0.633019
 0 0.633019
 0 0.633027
 0 0.633028
 0 0.633036
 0 0.633047
 0 0.633047
 0 0.633047
 0 0.633048
 0 0.633048
 0 0.633048
 0 0.633048
 0 0.63305
 0 0.633052
 0 0.633054
 0 0.633055
 0 0.633074
 0 0.633081
 0 0.633082
 0 0.633089
 0 0.633111
 0 0.633111
 0 0.633134
 0 0.633134
 0 0.633134
 0 0.633134
 0 0.633135
 0 0.633157
 0 0.633171
 0 0.633171
 0 0.633206
 0 0.633206
 0 0.633214
 0 0.633215
 0 0.633216
 0 0.633218
 0 0.633235
 0 0.633249
 0 0.633249
 0 0.633268
 0 0.633268
 0 0.633279
 0 0.633283
 0 0.633284
 0 0.633285
 0 0.633349
 0 0.633349
 0 0.633354
 0 0.633376
 0 0.633377
 0 0.633377
 0 0.633377
 0 0.63338
 0 0.633399
 0 0.63343
 0 0.633441
 0 0.633441
 0 0.633442
 0 0.633442
 0 0.633442
 0 0.633443
 0 0.633444
 0 0.633444
 0 0.633444
 0 0.633444
 0 0.633477
 0 0.633477
 0 0.633477
 0 0.633494
 0 0.633494
 0 0.633519
 0 0.63352
 0 0.633533
 0 0.633533
 0 0.633533
 0 0.633535
 0 0.633535
 0 0.633535
 0 0.633551
 0 0.633563
 0 0.633563
 0 0.633581
 0 0.633582
 0 0.633583
 0 0.633597
 0 0.63365
 0 0.63365
 0 0.633663
 0 0.633675
 0 0.633675
 0 0.633675
 0 0.633675
 0 0.633676
 0 0.633681
 0 0.633681
 0 0.633683
 0 0.633683
 0 0.633683
 0 0.633684
 0 0.633686
 0 0.633686
 0 0.633696
 0 0.633696
 0 0.633696
 0 0.633701
 0 0.633706
 0 0.633718
 0 0.633718
 0 0.633718
 0 0.633718
 0 0.633754
 0 0.633754
 0 0.633754
 0 0.633756
 0 0.633786
 0 0.633786
 0 0.633786
 0 0.6338
 0 0.6338
 0 0.633802
 0 0.633802
 0 0.633802
 0 0.633808
 0 0.63381
 0 0.63381
 0 0.63381
 0 0.633814
 0 0.633814
 0 0.633841
 0 0.633852
 0 0.633853
 0 0.633854
 0 0.633855
 0 0.633884
 0 0.633885
 0 0.633885
 0 0.633887
 0 0.63391
 0 0.63391
 0 0.633915
 0 0.633925
 0 0.63395
 0 0.63395
 0 0.633958
 0 0.633959
 0 0.63396
 0 0.633961
 0 0.633962
 0 0.633973
 0 0.633973
 0 0.633998
 0 0.633998
 0 0.633998
 0 0.634037
 0 0.634038
 0 0.634047
 0 0.63405
 0 0.63405
 0 0.63405
 0 0.63405
 0 0.634067
 0 0.634067
 0 0.634083
 0 0.634083
 0 0.634084
 0 0.634086
 0 0.634103
 0 0.634119
 0 0.634119
 0 0.634183
 0 0.634188
 0 0.634188
 0 0.634188
 0 0.634188
 0 0.634208
 0 0.63421
 0 0.63421
 0 0.634217
 0 0.634217
 0 0.634219
 0 0.634219
 0 0.634219
 0 0.634256
 0 0.634268
 0 0.634269
 0 0.634286
 0 0.634287
 0 0.634289
 0 0.634298
 0 0.634303
 0 0.634304
 0 0.634304
 0 0.634304
 0 0.634319
 0 0.634321
 0 0.634321
 0 0.634321
 0 0.634325
 0 0.634326
 0 0.634326
 0 0.634329
 0 0.634329
 0 0.634354
 0 0.634354
 0 0.634355
 0 0.634365
 0 0.634366
 0 0.634371
 0 0.634377
 0 0.634384
 0 0.634385
 0 0.634385
 0 0.634385
 0 0.634386
 0 0.634387
 0 0.634389
 0 0.634389
 0 0.634389
 0 0.634393
 0 0.634404
 0 0.634405
 0 0.634424
 0 0.634425
 0 0.634448
 0 0.634448
 0 0.634448
 0 0.634449
 0 0.634449
 0 0.634528
 0 0.634528
 0 0.634528
 0 0.634542
 0 0.634542
 0 0.634542
 0 0.634566
 0 0.634569
 0 0.634575
 0 0.63458
 0 0.634581
 0 0.634609
 0 0.634611
 0 0.634613
 0 0.634625
 0 0.634638
 0 0.634638
 0 0.634644
 0 0.634663
 0 0.634663
 0 0.634663
 0 0.634664
 0 0.634664
 0 0.63467
 0 0.63467
 0 0.634671
 0 0.634679
 0 0.634679
 0 0.634697
 0 0.634697
 0 0.634713
 0 0.634714
 0 0.634736
 0 0.634736
 0 0.634743
 0 0.634744
 0 0.634744
 0 0.634751
 0 0.634751
 0 0.634758
 0 0.634759
 0 0.634759
 0 0.634769
 0 0.63477
 0 0.634797
 0 0.634798
 0 0.634798
 0 0.634819
 0 0.634833
 0 0.634833
 0 0.634834
 0 0.634863
 0 0.634922
 0 0.634922
 0 0.634922
 0 0.63493
 0 0.63493
 0 0.634931
 0 0.634937
 0 0.634938
 0 0.634948
 0 0.634949
 0 0.634957
 0 0.634957
 0 0.634957
 0 0.634958
 0 0.634984
 0 0.634987
 0 0.635006
 0 0.635007
 0 0.635105
 0 0.635105
 0 0.635173
 0 0.635193
 0 0.635193
 0 0.635218
 0 0.635223
 0 0.635226
 0 0.635227
 0 0.635252
 0 0.635254
 0 0.635254
 0 0.635268
 0 0.635268
 0 0.635268
 0 0.635269
 0 0.63529
 0 0.63531
 0 0.635322
 0 0.635356
 0 0.635356
 0 0.635357
 0 0.635373
 0 0.635374
 0 0.635374
 0 0.635374
 0 0.635394
 0 0.635406
 0 0.635423
 0 0.635496
 0 0.635498
 0 0.635498
 0 0.635505
 0 0.635506
 0 0.635524
 0 0.635524
 0 0.635529
 0 0.635556
 0 0.635556
 0 0.635563
 0 0.635563
 0 0.635563
 0 0.635609
 0 0.63561
 0 0.635614
 0 0.635615
 0 0.635621
 0 0.635625
 0 0.635625
 0 0.635633
 0 0.635633
 0 0.635643
 0 0.635661
 0 0.635662
 0 0.635672
 0 0.63569
 0 0.635717
 0 0.635718
 0 0.635718
 0 0.635718
 0 0.635718
 0 0.63572
 0 0.63572
 0 0.635752
 0 0.63578
 0 0.635801
 0 0.635801
 0 0.635801
 0 0.635801
 0 0.635801
 0 0.635804
 0 0.635804
 0 0.635805
 0 0.635805
 0 0.635805
 0 0.635834
 0 0.635894
 0 0.635894
 0 0.635912
 0 0.635915
 0 0.635915
 0 0.635932
 0 0.635932
 0 0.635934
 0 0.63596
 0 0.63596
 0 0.635961
 0 0.635961
 0 0.635966
 0 0.635977
 0 0.635977
 0 0.635977
 0 0.635985
 0 0.635986
 0 0.635986
 0 0.636004
 0 0.636041
 0 0.636042
 0 0.636042
 0 0.636042
 0 0.636051
 0 0.63607
 0 0.636085
 0 0.636086
 0 0.636086
 0 0.636099
 0 0.636104
 0 0.636106
 0 0.636137
 0 0.636137
 0 0.636142
 0 0.636159
 0 0.63616
 0 0.63616
 0 0.63616
 0 0.63616
 0 0.636162
 0 0.636191
 0 0.636191
 0 0.636198
 0 0.636212
 0 0.636212
 0 0.63627
 0 0.636272
 0 0.636297
 0 0.636297
 0 0.636297
 0 0.636298
 0 0.636314
 0 0.636314
 0 0.636354
 0 0.636374
 0 0.636404
 0 0.636454
 0 0.636454
 0 0.636454
 0 0.636459
 0 0.636465
 0 0.636498
 0 0.636498
 0 0.636533
 0 0.636587
 0 0.636602
 0 0.636636
 0 0.636636
 0 0.636671
 0 0.636673
 0 0.636681
 0 0.636709
 0 0.636709
 0 0.636714
 0 0.63675
 0 0.63675
 0 0.63675
 0 0.636761
 0 0.636762
 0 0.636762
 0 0.636763
 0 0.636767
 0 0.636793
 0 0.636793
 0 0.636794
 0 0.636806
 0 0.636806
 0 0.636815
 0 0.636824
 0 0.636827
 0 0.636827
 0 0.63684
 0 0.63684
 0 0.636853
 0 0.636853
 0 0.636853
 0 0.636876
 0 0.636876
 0 0.636876
 0 0.636878
 0 0.636886
 0 0.636888
 0 0.636901
 0 0.636901
 0 0.636909
 0 0.636909
 0 0.636911
 0 0.636911
 0 0.636911
 0 0.636926
 0 0.636926
 0 0.636926
 0 0.636928
 0 0.636946
 0 0.636947
 0 0.636956
 0 0.636956
 0 0.636966
 0 0.636966
 0 0.636966
 0 0.637021
 0 0.637021
 0 0.637021
 0 0.637026
 0 0.637038
 0 0.637039
 0 0.637062
 0 0.637062
 0 0.637062
 0 0.637062
 0 0.637076
 0 0.637081
 0 0.637083
 0 0.637083
 0 0.637095
 0 0.637095
 0 0.637096
 0 0.637096
 0 0.637101
 0 0.637101
 0 0.637101
 0 0.637102
 0 0.637114
 0 0.637114
 0 0.637115
 0 0.637123
 0 0.637135
 0 0.637161
 0 0.637186
 0 0.637186
 0 0.637196
 0 0.637196
 0 0.637254
 0 0.637279
 0 0.637279
 0 0.637281
 0 0.637281
 0 0.637282
 0 0.637284
 0 0.637284
 0 0.637284
 0 0.637284
 0 0.637293
 0 0.637311
 0 0.637311
 0 0.637311
 0 0.637311
 0 0.637311
 0 0.637311
 0 0.637311
 0 0.637311
 0 0.637312
 0 0.637334
 0 0.637351
 0 0.637408
 0 0.63741
 0 0.637443
 0 0.63745
 0 0.637502
 0 0.637502
 0 0.637559
 0 0.637559
 0 0.637594
 0 0.637598
 0 0.637636
 0 0.637653
 0 0.637655
 0 0.637661
 0 0.637699
 0 0.637699
 0 0.6377
 0 0.6377
 0 0.6377
 0 0.637703
 0 0.637703
 0 0.637703
 0 0.637703
 0 0.637728
 0 0.637729
 0 0.637729
 0 0.637731
 0 0.637731
 0 0.637769
 0 0.637797
 0 0.637797
 0 0.637809
 0 0.637811
 0 0.637842
 0 0.637843
 0 0.637848
 0 0.637848
 0 0.637848
 0 0.637848
 0 0.63786
 0 0.63786
 0 0.637863
 0 0.637863
 0 0.637863
 0 0.637863
 0 0.637872
 0 0.637888
 0 0.637888
 0 0.637908
 0 0.637908
 0 0.637916
 0 0.637916
 0 0.637935
 0 0.637935
 0 0.637935
 0 0.637935
 0 0.637935
 0 0.637941
 0 0.637967
 0 0.638001
 0 0.638001
 0 0.638001
 0 0.638001
 0 0.638008
 0 0.638012
 0 0.638013
 0 0.638017
 0 0.638027
 0 0.638027
 0 0.638027
 0 0.638027
 0 0.638027
 0 0.638039
 0 0.638039
 0 0.638041
 0 0.638041
 0 0.638043
 0 0.638076
 0 0.638091
 0 0.638095
 0 0.638095
 0 0.638099
 0 0.6381
 0 0.638128
 0 0.638137
 0 0.638138
 0 0.638138
 0 0.638138
 0 0.638139
 0 0.638141
 0 0.638158
 0 0.638159
 0 0.638159
 0 0.638176
 0 0.638206
 0 0.63823
 0 0.63823
 0 0.638299
 0 0.638299
 0 0.6383
 0 0.638333
 0 0.638333
 0 0.638334
 0 0.638335
 0 0.638358
 0 0.638359
 0 0.638377
 0 0.638393
 0 0.638413
 0 0.638467
 0 0.638521
 0 0.638522
 0 0.638522
 0 0.638522
 0 0.638522
 0 0.638547
 0 0.638553
 0 0.638584
 0 0.638587
 0 0.638588
 0 0.638607
 0 0.638624
 0 0.638646
 0 0.638647
 0 0.638647
 0 0.638647
 0 0.638692
 0 0.638709
 0 0.63872
 0 0.63872
 0 0.63872
 0 0.638747
 0 0.638747
 0 0.63875
 0 0.638756
 0 0.638756
 0 0.638774
 0 0.638782
 0 0.638783
 0 0.638788
 0 0.638837
 0 0.638837
 0 0.638885
 0 0.638885
 0 0.638885
 0 0.638885
 0 0.63894
 0 0.638941
 0 0.638941
 0 0.63899
 0 0.63899
 0 0.638992
 0 0.639
 0 0.639001
 0 0.63901
 0 0.639019
 0 0.639019
 0 0.639019
 0 0.639019
 0 0.639019
 0 0.639109
 0 0.639128
 0 0.639128
 0 0.639141
 0 0.639141
 0 0.639206
 0 0.639207
 0 0.639208
 0 0.639208
 0 0.639208
 0 0.639214
 0 0.639214
 0 0.639226
 0 0.639231
 0 0.639232
 0 0.639232
 0 0.639248
 0 0.639248
 0 0.639313
 0 0.639395
 0 0.639469
 0 0.639482
 0 0.639488
 0 0.639555
 0 0.639565
 0 0.639566
 0 0.639567
 0 0.639567
 0 0.639567
 0 0.639603
 0 0.639603
 0 0.639605
 0 0.639679
 0 0.639767
 0 0.639775
 0 0.639776
 0 0.639776
 0 0.639777
 0 0.639777
 0 0.639777
 0 0.63982
 0 0.63982
 0 0.639823
 0 0.639823
 0 0.639824
 0 0.639824
 0 0.639826
 0 0.639854
 0 0.639858
 0 0.639867
 0 0.63997
 0 0.63997
 0 0.63997
 0 0.640004
 0 0.640004
 0 0.640004
 0 0.640026
 0 0.64006
 0 0.640109
 0 0.64011
 0 0.640117
 0 0.640117
 0 0.640164
 0 0.640165
 0 0.640182
 0 0.640218
 0 0.640253
 0 0.640261
 0 0.640261
 0 0.640261
 0 0.640298
 0 0.640299
 0 0.640416
 0 0.640416
 0 0.640422
 0 0.640423
 0 0.640423
 0 0.640434
 0 0.640436
 0 0.640475
 0 0.640476
 0 0.640476
 0 0.64062
 0 0.640638
 0 0.640639
 0 0.64064
 0 0.640675
 0 0.640676
 0 0.64068
 0 0.640691
 0 0.640691
 0 0.640714
 0 0.640719
 0 0.640757
 0 0.640758
 0 0.640758
 0 0.640788
 0 0.640846
 0 0.640848
 0 0.640893
 0 0.640893
 0 0.640916
 0 0.640934
 0 0.641062
 0 0.641063
 0 0.641063
 0 0.641063
 0 0.641063
 0 0.641063
 0 0.641064
 0 0.641065
 0 0.641167
 0 0.641168
 0 0.641192
 0 0.641193
 0 0.641204
 0 0.641204
 0 0.641204
 0 0.641291
 0 0.641291
 0 0.641291
 0 0.641291
 0 0.641369
 0 0.64137
 0 0.64137
 0 0.641376
 0 0.641378
 0 0.641462
 0 0.641495
 0 0.641544
 0 0.641577
 0 0.641578
 0 0.641615
 0 0.641638
 0 0.641639
 0 0.641639
 0 0.641668
 0 0.641718
 0 0.641719
 0 0.641743
 0 0.641743
 0 0.641747
 0 0.641758
 0 0.641758
 0 0.641804
 0 0.641805
 0 0.641858
 0 0.641858
 0 0.641858
 0 0.641875
 0 0.641876
 0 0.641876
 0 0.641926
 0 0.641928
 0 0.641953
 0 0.641953
 0 0.641954
 0 0.641954
 0 0.641983
 0 0.642023
 0 0.642159
 0 0.64216
 0 0.642165
 0 0.642166
 0 0.642235
 0 0.642264
 0 0.642264
 0 0.642326
 0 0.642327
 0 0.642331
 0 0.642381
 0 0.642381
 0 0.642382
 0 0.642404
 0 0.642475
 0 0.642489
 0 0.642489
 0 0.64249
 0 0.642617
 0 0.642682
 0 0.642683
 0 0.642683
 0 0.642683
 0 0.642762
 0 0.642783
 0 0.642783
 0 0.642796
 0 0.642852
 0 0.642852
 0 0.64288
 0 0.642934
 0 0.642975
 0 0.642975
 0 0.642975
 0 0.64301
 0 0.643013
 0 0.643013
 0 0.643013
 0 0.643021
 0 0.643023
 0 0.643023
 0 0.643031
 0 0.643032
 0 0.64308
 0 0.643107
 0 0.643298
 0 0.643402
 0 0.643402
 0 0.643404
 0 0.643404
 0 0.643404
 0 0.64347
 0 0.64347
 0 0.64347
 0 0.643579
 0 0.643579
 0 0.64358
 0 0.643634
 0 0.643635
 0 0.64372
 0 0.64376
 0 0.643969
 0 0.643969
 0 0.644002
 0 0.644012
 0 0.644014
 0 0.644014
 0 0.644106
 0 0.644106
 0 0.644195
 0 0.644196
 0 0.644313
 0 0.644313
 0 0.644406
 0 0.644469
 0 0.644472
 0 0.644742
 0 0.644743
 0 0.644743
 0 0.644743
 0 0.644744
 0 0.644784
 0 0.644784
 0 0.644785
 0 0.644785
 0 0.644965
 0 0.644965
 0 0.645019
 0 0.645019
 0 0.645021
 0 0.64515
 0 0.64515
 0 0.64515
 0 0.645316
 0 0.645317
 0 0.645638
 0 0.645656
 0 0.645681
 0 0.645683
 0 0.645759
 0 0.645759
 0 0.64576
 0 0.645787
 0 0.645891
 0 0.645893
 0 0.645893
 0 0.646025
 0 0.646028
 0 0.646028
 0 0.646144
 0 0.646144
 0 0.646144
 0 0.646144
 0 0.646196
 0 0.646197
 0 0.646227
 0 0.646227
 0 0.64623
 0 0.646231
 0 0.646231
 0 0.646317
 0 0.646317
 0 0.646378
 0 0.646378
 0 0.646379
 0 0.646532
 0 0.646589
 0 0.646627
 0 0.646697
 0 0.646759
 0 0.647162
 0 0.647162
 0 0.647168
 0 0.647525
 0 0.647525
 0 0.647764
 0 0.647785
 0 0.647785
 0 0.648304
 0 0.648304
 0 0.648304
 0 0.648304
 0 0.648434
 0 0.648479
 0 0.64848
 0 0.650488
 0 0.650953
 0 0.650953
 0 0.650955
 0 0.651699
 0 0.651699
 0 inf
