 0 0.488757
 0 0.488761
 0 0.489133
 0 0.489273
 0 0.489274
 0 0.489278
 0 0.489557
 0 0.489594
 0 0.489594
 0 0.489596
 0 0.489674
 0 0.489678
 0 0.500186
 0 0.500313
 0 0.500911
 0 0.500911
 0 0.501104
 0 0.501704
 0 0.510949
 0 0.511259
 0 0.511259
 0 0.511864
 0 0.511867
 0 0.511867
 0 0.622414
 0 0.622794
 0 0.622794
 0 0.622797
 0 0.623018
 0 0.623018
 0 0.623022
 0 0.623022
 0 0.623417
 0 0.623417
 0 0.623518
 0 0.623725
 0 0.623986
 0 0.624069
 0 0.624069
 0 0.62407
 0 0.624187
 0 0.624187
 0 0.624187
 0 0.624187
 0 0.624187
 0 0.624224
 0 0.624224
 0 0.624272
 0 0.624644
 0 0.624644
 0 0.624647
 0 0.624647
 0 0.624647
 0 0.624878
 0 0.624878
 0 0.625128
 0 0.625305
 0 0.625307
 0 0.625359
 0 0.626175
 0 0.626179
 0 0.62661
 0 0.62661
 0 0.626902
 0 0.626997
 0 0.62707
 0 0.627073
 0 0.627122
 0 0.627122
 0 0.627122
 0 0.627125
 0 0.627126
 0 0.627192
 0 0.627223
 0 0.627223
 0 0.627334
 0 0.627334
 0 0.627334
 0 0.627354
 0 0.627403
 0 0.627407
 0 0.62741
 0 0.627412
 0 0.627414
 0 0.627425
 0 0.627487
 0 0.62749
 0 0.627582
 0 0.627584
 0 0.627584
 0 0.627586
 0 0.627586
 0 0.627698
 0 0.627698
 0 0.627698
 0 0.627787
 0 0.627788
 0 0.627796
 0 0.627809
 0 0.627809
 0 0.62781
 0 0.627856
 0 0.627893
 0 0.627896
 0 0.627913
 0 0.627913
 0 0.627913
 0 0.627913
 0 0.628021
 0 0.628021
 0 0.628113
 0 0.628114
 0 0.628172
 0 0.628173
 0 0.628173
 0 0.628175
 0 0.628175
 0 0.628188
 0 0.628188
 0 0.62819
 0 0.628197
 0 0.628197
 0 0.628197
 0 0.628197
 0 0.628198
 0 0.628199
 0 0.628217
 0 0.628223
 0 0.628226
 0 0.628237
 0 0.628241
 0 0.628241
 0 0.628241
 0 0.628249
 0 0.628256
 0 0.628262
 0 0.628262
 0 0.628262
 0 0.628289
 0 0.628292
 0 0.628307
 0 0.628309
 0 0.628309
 0 0.628313
 0 0.62832
 0 0.628337
 0 0.628337
 0 0.628338
 0 0.628365
 0 0.628365
 0 0.628371
 0 0.628371
 0 0.628372
 0 0.628382
 0 0.628382
 0 0.628382
 0 0.628382
 0 0.628384
 0 0.628384
 0 0.628385
 0 0.628396
 0 0.628398
 0 0.628398
 0 0.628426
 0 0.628431
 0 0.628436
 0 0.628452
 0 0.628452
 0 0.628485
 0 0.628485
 0 0.628485
 0 0.628498
 0 0.628527
 0 0.628538
 0 0.628538
 0 0.628552
 0 0.628613
 0 0.628616
 0 0.628669
 0 0.628669
 0 0.628669
 0 0.62867
 0 0.62867
 0 0.628693
 0 0.628694
 0 0.628703
 0 0.628704
 0 0.628704
 0 0.628729
 0 0.628729
 0 0.62873
 0 0.62873
 0 0.628733
 0 0.628735
 0 0.62877
 0 0.628782
 0 0.628784
 0 0.628785
 0 0.628788
 0 0.628842
 0 0.628842
 0 0.628886
 0 0.628887
 0 0.628909
 0 0.628934
 0 0.628971
 0 0.628971
 0 0.628971
 0 0.628988
 0 0.628988
 0 0.628988
 0 0.628989
 0 0.62899
 0 0.629002
 0 0.629003
 0 0.629005
 0 0.629068
 0 0.62907
 0 0.62907
 0 0.62907
 0 0.62907
 0 0.629075
 0 0.629143
 0 0.629143
 0 0.629162
 0 0.629163
 0 0.629168
 0 0.629168
 0 0.629168
 0 0.629169
 0 0.629183
 0 0.629212
 0 0.629212
 0 0.629213
 0 0.629242
 0 0.629244
 0 0.629246
 0 0.629247
 0 0.629261
 0 0.629269
 0 0.62927
 0 0.62927
 0 0.629271
 0 0.629276
 0 0.629353
 0 0.62939
 0 0.629391
 0 0.629402
 0 0.629458
 0 0.629458
 0 0.629544
 0 0.629555
 0 0.629555
 0 0.629576
 0 0.629587
 0 0.629587
 0 0.629603
 0 0.629615
 0 0.629656
 0 0.629669
 0 0.629684
 0 0.629685
 0 0.629687
 0 0.629689
 0 0.62969
 0 0.629809
 0 0.629809
 0 0.62981
 0 0.62981
 0 0.62981
 0 0.629841
 0 0.629867
 0 0.629874
 0 0.629884
 0 0.629884
 0 0.629885
 0 0.629892
 0 0.629898
 0 0.6299
 0 0.629928
 0 0.629929
 0 0.629959
 0 0.62996
 0 0.62996
 0 0.630033
 0 0.630064
 0 0.630065
 0 0.630093
 0 0.630093
 0 0.630093
 0 0.630093
 0 0.630099
 0 0.630099
 0 0.6301
 0 0.630109
 0 0.630112
 0 0.630117
 0 0.630154
 0 0.630163
 0 0.630163
 0 0.630166
 0 0.630166
 0 0.630185
 0 0.630202
 0 0.630224
 0 0.630243
 0 0.630243
 0 0.630254
 0 0.630274
 0 0.630277
 0 0.630277
 0 0.630278
 0 0.630283
 0 0.630283
 0 0.630283
 0 0.630283
 0 0.630293
 0 0.630304
 0 0.630308
 0 0.630309
 0 0.63032
 0 0.63032
 0 0.630355
 0 0.630359
 0 0.6304
 0 0.6304
 0 0.630404
 0 0.630435
 0 0.630435
 0 0.630484
 0 0.630532
 0 0.630532
 0 0.630536
 0 0.630549
 0 0.630551
 0 0.630558
 0 0.630571
 0 0.630571
 0 0.630616
 0 0.630616
 0 0.630618
 0 0.630637
 0 0.630651
 0 0.630652
 0 0.630656
 0 0.630662
 0 0.630663
 0 0.630663
 0 0.630664
 0 0.630671
 0 0.630672
 0 0.630672
 0 0.630672
 0 0.630689
 0 0.630689
 0 0.630706
 0 0.630706
 0 0.630707
 0 0.630708
 0 0.630708
 0 0.630708
 0 0.630722
 0 0.630723
 0 0.630724
 0 0.63081
 0 0.63081
 0 0.630845
 0 0.630918
 0 0.630941
 0 0.630941
 0 0.630944
 0 0.630948
 0 0.630951
 0 0.630951
 0 0.630972
 0 0.63099
 0 0.630991
 0 0.630991
 0 0.630991
 0 0.631007
 0 0.631012
 0 0.631012
 0 0.631022
 0 0.631022
 0 0.631022
 0 0.631047
 0 0.631048
 0 0.631048
 0 0.631104
 0 0.631106
 0 0.631112
 0 0.63112
 0 0.63112
 0 0.631122
 0 0.631125
 0 0.631155
 0 0.631155
 0 0.631155
 0 0.631181
 0 0.631218
 0 0.631219
 0 0.631228
 0 0.631235
 0 0.631238
 0 0.631241
 0 0.631245
 0 0.631251
 0 0.631283
 0 0.631287
 0 0.631334
 0 0.631334
 0 0.631337
 0 0.631337
 0 0.631345
 0 0.631349
 0 0.631349
 0 0.631349
 0 0.631351
 0 0.631351
 0 0.631351
 0 0.631357
 0 0.631394
 0 0.631394
 0 0.631394
 0 0.631429
 0 0.631438
 0 0.631438
 0 0.631468
 0 0.631482
 0 0.631482
 0 0.631486
 0 0.631486
 0 0.631487
 0 0.631487
 0 0.631487
 0 0.631508
 0 0.631508
 0 0.631509
 0 0.631514
 0 0.631516
 0 0.631537
 0 0.631537
 0 0.631537
 0 0.631537
 0 0.631537
 0 0.631542
 0 0.631542
 0 0.631543
 0 0.63155
 0 0.631552
 0 0.631552
 0 0.631552
 0 0.631554
 0 0.631554
 0 0.631554
 0 0.631555
 0 0.631558
 0 0.63156
 0 0.631578
 0 0.631578
 0 0.631582
 0 0.631583
 0 0.631585
 0 0.631585
 0 0.631585
 0 0.631585
 0 0.631589
 0 0.631589
 0 0.631589
 0 0.631604
 0 0.631604
 0 0.631608
 0 0.631627
 0 0.631632
 0 0.631634
 0 0.63164
 0 0.631641
 0 0.631662
 0 0.631699
 0 0.631699
 0 0.631717
 0 0.631729
 0 0.631729
 0 0.631791
 0 0.631797
 0 0.631826
 0 0.631839
 0 0.631855
 0 0.631865
 0 0.631875
 0 0.631891
 0 0.631905
 0 0.631909
 0 0.631909
 0 0.631909
 0 0.631909
 0 0.63191
 0 0.631931
 0 0.631931
 0 0.631932
 0 0.631932
 0 0.631932
 0 0.631932
 0 0.631932
 0 0.631934
 0 0.631945
 0 0.631947
 0 0.631949
 0 0.63195
 0 0.631953
 0 0.631955
 0 0.631955
 0 0.631958
 0 0.63203
 0 0.63203
 0 0.632031
 0 0.632031
 0 0.632034
 0 0.632034
 0 0.632034
 0 0.632034
 0 0.63204
 0 0.632067
 0 0.632067
 0 0.632083
 0 0.632137
 0 0.632137
 0 0.63214
 0 0.632141
 0 0.632151
 0 0.632155
 0 0.632158
 0 0.632168
 0 0.632168
 0 0.632168
 0 0.632168
 0 0.632168
 0 0.632217
 0 0.632229
 0 0.632231
 0 0.632242
 0 0.632245
 0 0.632246
 0 0.632246
 0 0.632246
 0 0.632247
 0 0.632272
 0 0.632272
 0 0.632273
 0 0.632273
 0 0.632275
 0 0.632275
 0 0.632275
 0 0.632277
 0 0.632277
 0 0.632285
 0 0.632286
 0 0.632286
 0 0.63229
 0 0.63229
 0 0.63229
 0 0.63229
 0 0.632295
 0 0.632305
 0 0.63232
 0 0.632321
 0 0.632332
 0 0.632334
 0 0.632335
 0 0.632335
 0 0.632342
 0 0.632342
 0 0.632343
 0 0.63238
 0 0.632381
 0 0.632396
 0 0.632396
 0 0.632396
 0 0.632465
 0 0.632466
 0 0.632467
 0 0.632467
 0 0.632471
 0 0.632471
 0 0.632474
 0 0.63249
 0 0.632491
 0 0.632513
 0 0.632513
 0 0.632515
 0 0.632516
 0 0.632523
 0 0.632534
 0 0.632557
 0 0.632567
 0 0.632633
 0 0.632635
 0 0.632646
 0 0.632647
 0 0.632666
 0 0.632669
 0 0.632681
 0 0.632681
 0 0.632703
 0 0.632706
 0 0.632716
 0 0.632717
 0 0.632728
 0 0.632746
 0 0.632746
 0 0.63275
 0 0.632752
 0 0.63277
 0 0.632771
 0 0.632771
 0 0.632771
 0 0.632772
 0 0.632774
 0 0.632778
 0 0.63278
 0 0.63278
 0 0.63278
 0 0.63278
 0 0.632791
 0 0.632793
 0 0.632793
 0 0.632811
 0 0.632811
 0 0.632811
 0 0.632826
 0 0.632833
 0 0.632836
 0 0.632837
 0 0.632846
 0 0.632846
 0 0.632861
 0 0.63292
 0 0.632921
 0 0.632921
 0 0.632921
 0 0.632922
 0 0.632922
 0 0.632922
 0 0.632922
 0 0.632926
 0 0.632926
 0 0.632929
 0 0.632934
 0 0.632936
 0 0.63294
 0 0.632944
 0 0.632944
 0 0.632944
 0 0.632947
 0 0.632947
 0 0.632948
 0 0.63296
 0 0.632961
 0 0.632962
 0 0.632963
 0 0.632965
 0 0.632966
 0 0.632966
 0 0.632966
 0 0.632966
 0 0.632989
 0 0.63299
 0 0.632997
 0 0.632999
 0 0.632999
 0 0.633001
 0 0.633001
 0 0.633006
 0 0.633007
 0 0.633017
 0 0.633017
 0 0.633019
 0 0.633019
 0 0.633019
 0 0.63302
 0 0.633021
 0 0.633029
 0 0.633037
 0 0.63304
 0 0.633042
 0 0.633051
 0 0.633057
 0 0.633058
 0 0.633062
 0 0.633064
 0 0.633064
 0 0.633064
 0 0.633071
 0 0.633075
 0 0.633078
 0 0.633088
 0 0.63309
 0 0.633098
 0 0.633108
 0 0.633108
 0 0.633108
 0 0.633108
 0 0.633126
 0 0.633147
 0 0.633178
 0 0.633183
 0 0.633198
 0 0.633201
 0 0.633201
 0 0.633209
 0 0.63321
 0 0.63321
 0 0.633222
 0 0.633223
 0 0.633228
 0 0.633228
 0 0.633228
 0 0.633229
 0 0.633229
 0 0.633229
 0 0.63323
 0 0.63325
 0 0.633251
 0 0.633292
 0 0.633292
 0 0.633293
 0 0.633293
 0 0.633308
 0 0.633308
 0 0.633314
 0 0.633341
 0 0.633342
 0 0.633342
 0 0.633356
 0 0.633359
 0 0.63336
 0 0.63336
 0 0.63336
 0 0.633372
 0 0.633374
 0 0.633382
 0 0.633384
 0 0.633388
 0 0.63339
 0 0.633396
 0 0.633428
 0 0.633428
 0 0.633428
 0 0.633436
 0 0.633448
 0 0.633448
 0 0.633449
 0 0.633464
 0 0.633467
 0 0.633467
 0 0.633469
 0 0.63347
 0 0.63348
 0 0.63348
 0 0.633483
 0 0.633483
 0 0.633483
 0 0.633484
 0 0.633484
 0 0.633498
 0 0.6335
 0 0.633501
 0 0.633505
 0 0.633519
 0 0.633535
 0 0.63358
 0 0.633583
 0 0.63359
 0 0.633591
 0 0.633606
 0 0.633607
 0 0.633623
 0 0.633637
 0 0.633638
 0 0.633638
 0 0.633642
 0 0.633673
 0 0.633676
 0 0.633677
 0 0.633696
 0 0.633701
 0 0.63371
 0 0.633723
 0 0.633724
 0 0.633725
 0 0.633755
 0 0.633757
 0 0.63376
 0 0.633765
 0 0.633765
 0 0.633766
 0 0.633781
 0 0.633804
 0 0.633805
 0 0.633809
 0 0.633809
 0 0.633825
 0 0.633825
 0 0.633847
 0 0.633859
 0 0.633869
 0 0.633874
 0 0.633877
 0 0.633898
 0 0.633901
 0 0.633906
 0 0.633906
 0 0.633907
 0 0.633925
 0 0.63394
 0 0.633942
 0 0.633942
 0 0.633942
 0 0.633961
 0 0.633967
 0 0.633969
 0 0.633969
 0 0.633973
 0 0.633977
 0 0.63399
 0 0.634025
 0 0.634027
 0 0.634027
 0 0.634028
 0 0.634031
 0 0.634048
 0 0.634048
 0 0.634048
 0 0.634059
 0 0.634061
 0 0.634061
 0 0.634063
 0 0.634063
 0 0.634083
 0 0.634083
 0 0.634089
 0 0.634093
 0 0.634093
 0 0.634093
 0 0.634094
 0 0.634098
 0 0.634105
 0 0.634105
 0 0.634118
 0 0.634118
 0 0.634118
 0 0.634118
 0 0.634134
 0 0.634135
 0 0.634141
 0 0.634143
 0 0.634144
 0 0.634144
 0 0.634145
 0 0.634145
 0 0.63416
 0 0.634161
 0 0.634162
 0 0.634172
 0 0.634187
 0 0.634192
 0 0.634204
 0 0.634213
 0 0.634213
 0 0.634233
 0 0.634264
 0 0.63427
 0 0.634277
 0 0.634278
 0 0.634301
 0 0.634301
 0 0.634306
 0 0.634306
 0 0.634306
 0 0.634332
 0 0.634345
 0 0.634346
 0 0.634346
 0 0.634347
 0 0.634347
 0 0.634348
 0 0.634349
 0 0.634356
 0 0.634356
 0 0.634381
 0 0.634382
 0 0.634382
 0 0.634392
 0 0.634392
 0 0.634409
 0 0.634417
 0 0.63442
 0 0.634428
 0 0.634428
 0 0.634429
 0 0.634433
 0 0.634434
 0 0.634436
 0 0.634451
 0 0.634453
 0 0.634458
 0 0.634458
 0 0.634475
 0 0.634478
 0 0.634478
 0 0.634478
 0 0.634484
 0 0.634484
 0 0.634496
 0 0.634497
 0 0.634498
 0 0.634511
 0 0.634512
 0 0.634514
 0 0.634525
 0 0.634525
 0 0.634529
 0 0.634567
 0 0.634567
 0 0.634569
 0 0.634583
 0 0.634587
 0 0.634637
 0 0.634637
 0 0.634639
 0 0.634645
 0 0.634645
 0 0.634645
 0 0.634656
 0 0.634658
 0 0.634673
 0 0.63469
 0 0.634721
 0 0.634724
 0 0.634735
 0 0.634739
 0 0.634739
 0 0.634755
 0 0.634764
 0 0.634764
 0 0.634767
 0 0.634767
 0 0.634767
 0 0.634767
 0 0.634768
 0 0.634772
 0 0.634786
 0 0.634799
 0 0.634808
 0 0.634816
 0 0.634822
 0 0.634822
 0 0.634823
 0 0.634826
 0 0.634827
 0 0.634827
 0 0.634832
 0 0.634867
 0 0.634878
 0 0.634879
 0 0.634885
 0 0.634906
 0 0.634906
 0 0.634907
 0 0.634927
 0 0.634927
 0 0.634934
 0 0.634946
 0 0.634947
 0 0.634948
 0 0.634948
 0 0.634954
 0 0.634954
 0 0.634955
 0 0.634982
 0 0.634983
 0 0.634989
 0 0.635012
 0 0.635014
 0 0.635014
 0 0.63502
 0 0.635022
 0 0.635044
 0 0.635069
 0 0.635072
 0 0.63508
 0 0.635084
 0 0.635088
 0 0.635136
 0 0.635138
 0 0.635139
 0 0.635141
 0 0.635143
 0 0.635145
 0 0.635147
 0 0.635171
 0 0.635171
 0 0.635171
 0 0.635189
 0 0.635189
 0 0.635189
 0 0.635191
 0 0.635199
 0 0.635199
 0 0.635228
 0 0.63523
 0 0.635231
 0 0.635234
 0 0.635237
 0 0.635252
 0 0.635254
 0 0.635255
 0 0.63527
 0 0.63527
 0 0.63527
 0 0.635299
 0 0.635306
 0 0.635343
 0 0.635344
 0 0.635344
 0 0.635374
 0 0.635381
 0 0.635383
 0 0.635384
 0 0.635386
 0 0.635386
 0 0.635387
 0 0.635394
 0 0.635397
 0 0.635401
 0 0.635417
 0 0.635425
 0 0.635425
 0 0.635427
 0 0.635429
 0 0.635443
 0 0.635444
 0 0.635455
 0 0.635458
 0 0.635466
 0 0.635474
 0 0.63551
 0 0.635511
 0 0.635513
 0 0.635519
 0 0.63552
 0 0.635521
 0 0.635523
 0 0.635531
 0 0.635542
 0 0.635548
 0 0.635548
 0 0.63555
 0 0.635559
 0 0.63556
 0 0.63556
 0 0.635561
 0 0.635561
 0 0.63557
 0 0.635578
 0 0.63558
 0 0.635582
 0 0.635582
 0 0.635603
 0 0.635608
 0 0.635623
 0 0.635647
 0 0.635648
 0 0.635661
 0 0.635663
 0 0.635663
 0 0.635663
 0 0.635665
 0 0.635665
 0 0.635674
 0 0.635674
 0 0.635677
 0 0.635678
 0 0.635696
 0 0.635696
 0 0.6357
 0 0.635703
 0 0.635704
 0 0.635724
 0 0.635724
 0 0.635725
 0 0.635726
 0 0.635726
 0 0.635727
 0 0.63573
 0 0.63573
 0 0.635734
 0 0.635736
 0 0.635736
 0 0.635749
 0 0.635749
 0 0.635749
 0 0.635755
 0 0.635755
 0 0.63576
 0 0.635768
 0 0.635769
 0 0.635774
 0 0.635774
 0 0.635775
 0 0.635775
 0 0.635781
 0 0.635782
 0 0.635782
 0 0.635805
 0 0.635811
 0 0.635819
 0 0.635821
 0 0.635829
 0 0.635829
 0 0.635852
 0 0.635868
 0 0.635879
 0 0.635879
 0 0.63588
 0 0.635889
 0 0.635895
 0 0.635895
 0 0.635908
 0 0.635909
 0 0.635909
 0 0.63591
 0 0.635914
 0 0.635926
 0 0.63593
 0 0.63593
 0 0.635932
 0 0.635932
 0 0.635938
 0 0.635971
 0 0.635975
 0 0.635976
 0 0.635987
 0 0.636016
 0 0.636016
 0 0.636023
 0 0.636025
 0 0.636025
 0 0.63606
 0 0.636071
 0 0.636103
 0 0.636103
 0 0.636107
 0 0.636118
 0 0.63612
 0 0.636142
 0 0.636142
 0 0.636147
 0 0.636148
 0 0.636148
 0 0.636171
 0 0.636171
 0 0.636174
 0 0.636174
 0 0.636201
 0 0.636203
 0 0.636209
 0 0.63621
 0 0.636214
 0 0.636215
 0 0.636215
 0 0.636226
 0 0.636255
 0 0.636255
 0 0.636256
 0 0.636256
 0 0.636265
 0 0.636265
 0 0.63627
 0 0.636275
 0 0.636276
 0 0.636289
 0 0.636296
 0 0.636298
 0 0.636303
 0 0.636309
 0 0.636311
 0 0.636343
 0 0.63635
 0 0.636352
 0 0.636357
 0 0.636357
 0 0.636361
 0 0.636361
 0 0.636365
 0 0.636365
 0 0.636367
 0 0.636379
 0 0.636379
 0 0.636379
 0 0.636383
 0 0.636383
 0 0.636383
 0 0.636387
 0 0.636396
 0 0.636399
 0 0.636404
 0 0.636421
 0 0.636422
 0 0.636438
 0 0.636466
 0 0.636466
 0 0.636466
 0 0.636467
 0 0.636469
 0 0.636469
 0 0.63649
 0 0.636491
 0 0.636491
 0 0.636496
 0 0.636497
 0 0.636498
 0 0.636503
 0 0.636503
 0 0.636503
 0 0.636504
 0 0.636526
 0 0.636526
 0 0.636529
 0 0.636529
 0 0.636529
 0 0.636529
 0 0.63653
 0 0.636533
 0 0.636533
 0 0.636534
 0 0.636534
 0 0.636536
 0 0.636554
 0 0.636555
 0 0.636558
 0 0.63656
 0 0.636567
 0 0.636567
 0 0.636567
 0 0.636568
 0 0.636568
 0 0.636569
 0 0.63659
 0 0.636591
 0 0.636601
 0 0.636623
 0 0.636624
 0 0.636626
 0 0.636626
 0 0.636626
 0 0.636629
 0 0.636629
 0 0.636629
 0 0.63663
 0 0.63663
 0 0.636633
 0 0.636658
 0 0.636658
 0 0.636659
 0 0.636659
 0 0.636661
 0 0.636663
 0 0.636674
 0 0.636675
 0 0.636683
 0 0.636684
 0 0.636691
 0 0.636691
 0 0.636691
 0 0.636698
 0 0.636698
 0 0.636724
 0 0.636724
 0 0.636726
 0 0.636732
 0 0.636744
 0 0.636748
 0 0.636764
 0 0.63677
 0 0.636773
 0 0.636778
 0 0.636788
 0 0.636788
 0 0.636794
 0 0.636796
 0 0.636802
 0 0.636813
 0 0.636813
 0 0.636813
 0 0.636816
 0 0.636837
 0 0.636837
 0 0.636847
 0 0.636847
 0 0.636848
 0 0.636848
 0 0.636848
 0 0.636851
 0 0.636872
 0 0.636872
 0 0.636878
 0 0.636878
 0 0.636878
 0 0.636878
 0 0.636878
 0 0.636886
 0 0.636888
 0 0.636928
 0 0.636947
 0 0.636947
 0 0.636961
 0 0.636961
 0 0.636964
 0 0.636966
 0 0.636972
 0 0.636973
 0 0.636983
 0 0.636984
 0 0.637011
 0 0.637015
 0 0.637015
 0 0.637015
 0 0.63702
 0 0.63702
 0 0.63702
 0 0.63702
 0 0.637032
 0 0.637032
 0 0.637033
 0 0.637038
 0 0.637038
 0 0.637038
 0 0.637038
 0 0.63705
 0 0.63705
 0 0.637052
 0 0.637058
 0 0.637058
 0 0.637063
 0 0.637078
 0 0.637079
 0 0.637083
 0 0.637089
 0 0.637109
 0 0.63711
 0 0.637113
 0 0.637113
 0 0.637113
 0 0.637115
 0 0.637163
 0 0.637165
 0 0.637166
 0 0.637182
 0 0.637186
 0 0.637188
 0 0.637189
 0 0.637204
 0 0.637214
 0 0.637218
 0 0.637221
 0 0.637222
 0 0.637224
 0 0.637224
 0 0.637229
 0 0.637237
 0 0.637237
 0 0.637245
 0 0.637245
 0 0.637247
 0 0.637268
 0 0.637274
 0 0.637297
 0 0.637298
 0 0.637305
 0 0.637358
 0 0.637365
 0 0.637366
 0 0.637366
 0 0.637379
 0 0.637384
 0 0.637384
 0 0.637433
 0 0.637438
 0 0.637466
 0 0.637475
 0 0.637476
 0 0.637481
 0 0.637481
 0 0.6375
 0 0.637502
 0 0.637519
 0 0.637547
 0 0.637548
 0 0.637548
 0 0.637577
 0 0.637606
 0 0.637628
 0 0.637628
 0 0.63763
 0 0.637633
 0 0.637661
 0 0.637661
 0 0.637661
 0 0.637667
 0 0.637671
 0 0.637721
 0 0.637728
 0 0.637737
 0 0.637739
 0 0.637745
 0 0.637749
 0 0.637762
 0 0.637763
 0 0.637776
 0 0.637778
 0 0.637778
 0 0.637792
 0 0.637794
 0 0.637813
 0 0.637815
 0 0.637834
 0 0.637837
 0 0.637838
 0 0.637838
 0 0.637839
 0 0.63784
 0 0.637841
 0 0.637841
 0 0.637842
 0 0.637843
 0 0.637843
 0 0.637866
 0 0.637908
 0 0.637909
 0 0.637911
 0 0.637911
 0 0.637911
 0 0.637955
 0 0.637955
 0 0.637958
 0 0.637962
 0 0.637962
 0 0.637981
 0 0.637986
 0 0.637987
 0 0.637999
 0 0.637999
 0 0.637999
 0 0.638026
 0 0.638026
 0 0.638027
 0 0.638027
 0 0.638027
 0 0.638059
 0 0.638062
 0 0.638062
 0 0.638074
 0 0.638091
 0 0.638091
 0 0.638092
 0 0.638095
 0 0.638095
 0 0.638116
 0 0.638119
 0 0.638129
 0 0.638129
 0 0.638133
 0 0.638134
 0 0.638135
 0 0.638137
 0 0.638138
 0 0.638163
 0 0.638214
 0 0.638264
 0 0.638288
 0 0.638289
 0 0.638289
 0 0.638291
 0 0.638298
 0 0.6383
 0 0.638302
 0 0.638302
 0 0.638309
 0 0.638315
 0 0.638336
 0 0.638336
 0 0.638338
 0 0.638338
 0 0.638338
 0 0.638341
 0 0.638341
 0 0.638344
 0 0.638344
 0 0.638344
 0 0.638345
 0 0.638349
 0 0.638349
 0 0.638349
 0 0.63835
 0 0.63835
 0 0.638383
 0 0.638383
 0 0.638383
 0 0.638383
 0 0.638383
 0 0.638384
 0 0.638407
 0 0.638409
 0 0.638438
 0 0.638439
 0 0.638439
 0 0.638439
 0 0.638443
 0 0.638446
 0 0.638446
 0 0.638447
 0 0.638451
 0 0.638479
 0 0.638481
 0 0.638481
 0 0.638483
 0 0.638484
 0 0.638489
 0 0.638493
 0 0.638546
 0 0.638547
 0 0.638552
 0 0.638552
 0 0.63858
 0 0.63858
 0 0.63858
 0 0.638581
 0 0.638584
 0 0.63865
 0 0.638651
 0 0.638674
 0 0.638674
 0 0.638676
 0 0.63869
 0 0.638698
 0 0.638705
 0 0.638755
 0 0.638761
 0 0.638765
 0 0.638799
 0 0.638801
 0 0.638801
 0 0.638819
 0 0.638819
 0 0.638823
 0 0.638852
 0 0.638854
 0 0.638854
 0 0.638862
 0 0.638862
 0 0.638864
 0 0.638867
 0 0.638867
 0 0.638885
 0 0.638885
 0 0.638885
 0 0.638897
 0 0.638904
 0 0.638904
 0 0.638905
 0 0.638905
 0 0.638905
 0 0.638918
 0 0.638919
 0 0.638929
 0 0.63893
 0 0.63893
 0 0.638946
 0 0.638949
 0 0.63896
 0 0.638961
 0 0.638982
 0 0.638995
 0 0.638995
 0 0.638995
 0 0.638995
 0 0.639023
 0 0.639023
 0 0.639073
 0 0.639076
 0 0.639078
 0 0.639088
 0 0.63909
 0 0.639093
 0 0.639095
 0 0.639095
 0 0.639095
 0 0.639118
 0 0.63912
 0 0.639125
 0 0.639127
 0 0.639179
 0 0.639187
 0 0.639217
 0 0.639217
 0 0.639217
 0 0.639217
 0 0.639217
 0 0.639225
 0 0.639228
 0 0.639228
 0 0.63923
 0 0.639231
 0 0.639265
 0 0.639275
 0 0.639317
 0 0.63932
 0 0.639325
 0 0.639329
 0 0.639353
 0 0.63936
 0 0.639372
 0 0.639372
 0 0.639373
 0 0.639374
 0 0.639374
 0 0.63938
 0 0.639381
 0 0.639396
 0 0.639422
 0 0.63946
 0 0.63946
 0 0.63946
 0 0.63951
 0 0.639511
 0 0.639565
 0 0.639566
 0 0.639568
 0 0.639568
 0 0.639568
 0 0.63959
 0 0.639591
 0 0.639603
 0 0.639609
 0 0.639609
 0 0.639609
 0 0.63962
 0 0.639664
 0 0.639673
 0 0.63969
 0 0.639692
 0 0.639703
 0 0.639724
 0 0.639726
 0 0.639728
 0 0.639737
 0 0.639742
 0 0.639752
 0 0.639753
 0 0.639753
 0 0.639754
 0 0.639756
 0 0.639764
 0 0.639765
 0 0.639771
 0 0.639771
 0 0.639824
 0 0.639825
 0 0.63983
 0 0.639831
 0 0.639835
 0 0.639835
 0 0.639837
 0 0.639846
 0 0.639862
 0 0.639862
 0 0.639864
 0 0.639864
 0 0.639882
 0 0.639883
 0 0.639883
 0 0.639911
 0 0.639912
 0 0.639927
 0 0.639928
 0 0.639975
 0 0.640037
 0 0.640045
 0 0.640045
 0 0.640045
 0 0.640046
 0 0.640052
 0 0.640055
 0 0.640058
 0 0.640064
 0 0.640077
 0 0.640077
 0 0.640078
 0 0.640105
 0 0.640216
 0 0.640218
 0 0.640231
 0 0.640231
 0 0.640252
 0 0.640258
 0 0.640259
 0 0.64026
 0 0.64027
 0 0.640271
 0 0.640274
 0 0.6403
 0 0.640302
 0 0.640302
 0 0.640302
 0 0.640303
 0 0.640321
 0 0.640328
 0 0.640331
 0 0.640363
 0 0.640407
 0 0.64043
 0 0.640439
 0 0.640538
 0 0.640538
 0 0.640541
 0 0.640551
 0 0.640552
 0 0.640642
 0 0.640645
 0 0.640659
 0 0.640692
 0 0.640715
 0 0.640716
 0 0.640716
 0 0.640716
 0 0.64072
 0 0.64072
 0 0.640735
 0 0.640735
 0 0.640737
 0 0.640751
 0 0.640773
 0 0.640773
 0 0.640793
 0 0.640818
 0 0.640818
 0 0.640819
 0 0.640819
 0 0.640819
 0 0.640825
 0 0.640889
 0 0.640905
 0 0.640907
 0 0.64092
 0 0.641001
 0 0.641001
 0 0.641002
 0 0.641044
 0 0.641047
 0 0.64105
 0 0.641051
 0 0.641052
 0 0.641058
 0 0.641058
 0 0.641061
 0 0.641076
 0 0.641076
 0 0.641217
 0 0.641257
 0 0.641258
 0 0.641302
 0 0.641308
 0 0.641345
 0 0.641347
 0 0.641422
 0 0.64147
 0 0.641473
 0 0.641611
 0 0.641623
 0 0.641626
 0 0.641788
 0 0.641788
 0 0.641791
 0 0.641791
 0 0.641791
 0 0.64199
 0 0.641991
 0 0.642001
 0 0.642002
 0 0.642391
 0 0.642486
 0 0.642659
 0 0.642851
 0 0.64299
 0 0.64299
 0 0.642991
 0 0.643059
 0 0.643061
 0 0.643061
 0 0.643373
 0 0.643373
 0 0.643456
 0 0.643527
 0 0.643527
 0 0.643529
 0 0.643529
 0 0.643529
 0 0.643648
 0 0.643648
 0 0.643746
 0 0.643746
 0 0.643747
 0 0.643828
 0 0.643985
 0 0.643989
 0 0.644002
 0 0.644003
 0 0.644074
 0 0.644166
 0 0.644168
 0 0.644168
 0 0.644278
 0 0.644278
 0 0.644356
 0 0.644356
 0 0.644356
 0 0.644359
 0 0.644359
 0 0.644363
 0 0.6444
 0 0.644456
 0 0.644662
 0 0.644706
 0 0.644707
 0 0.644707
 0 0.644733
 0 0.644773
 0 0.644774
 0 0.644796
 0 0.644957
 0 0.644958
 0 0.644958
 0 0.645202
 0 0.645312
 0 0.645467
 0 0.645789
 0 0.645789
 0 1.92138
 0 2.087
 0 2.16157
 0 2.1616
 0 2.1616
 0 2.16184
 0 inf
