 0 0.48604
 0 0.48604
 0 0.48604
 0 0.486919
 0 0.486919
 0 0.486919
 0 0.502954
 0 0.502954
 0 0.502955
 0 0.502955
 0 0.50335
 0 0.503351
 0 0.625808
 0 0.626276
 0 0.626276
 0 0.626276
 0 0.626276
 0 0.626277
 0 0.626646
 0 0.626646
 0 0.626726
 0 0.627705
 0 0.627917
 0 0.627918
 0 0.627998
 0 0.628058
 0 0.628342
 0 0.628343
 0 0.628396
 0 0.628396
 0 0.628432
 0 0.628433
 0 0.628533
 0 0.628533
 0 0.628533
 0 0.628533
 0 0.628533
 0 0.62862
 0 0.62862
 0 0.628639
 0 0.628676
 0 0.628676
 0 0.628748
 0 0.628749
 0 0.628765
 0 0.62883
 0 0.62883
 0 0.628831
 0 0.628831
 0 0.628831
 0 0.628839
 0 0.628947
 0 0.628947
 0 0.628947
 0 0.628965
 0 0.628965
 0 0.629134
 0 0.629167
 0 0.629212
 0 0.629216
 0 0.629216
 0 0.629263
 0 0.629306
 0 0.629315
 0 0.629356
 0 0.629391
 0 0.629509
 0 0.629544
 0 0.629544
 0 0.629554
 0 0.629607
 0 0.629629
 0 0.629631
 0 0.629631
 0 0.629737
 0 0.629757
 0 0.629757
 0 0.629757
 0 0.629799
 0 0.629804
 0 0.629815
 0 0.629815
 0 0.629828
 0 0.629829
 0 0.629892
 0 0.629894
 0 0.629894
 0 0.629894
 0 0.629894
 0 0.629925
 0 0.629937
 0 0.629937
 0 0.629938
 0 0.629938
 0 0.629938
 0 0.629982
 0 0.629982
 0 0.629982
 0 0.629994
 0 0.629994
 0 0.630014
 0 0.630067
 0 0.630067
 0 0.630067
 0 0.630071
 0 0.6301
 0 0.6301
 0 0.63016
 0 0.63016
 0 0.63016
 0 0.63016
 0 0.630164
 0 0.630165
 0 0.630175
 0 0.630181
 0 0.630181
 0 0.630184
 0 0.630184
 0 0.630216
 0 0.630216
 0 0.630243
 0 0.630243
 0 0.630244
 0 0.630322
 0 0.630322
 0 0.630323
 0 0.630354
 0 0.630355
 0 0.630362
 0 0.630372
 0 0.630372
 0 0.630372
 0 0.630372
 0 0.630401
 0 0.630403
 0 0.6305
 0 0.63055
 0 0.630553
 0 0.63057
 0 0.630581
 0 0.630583
 0 0.630598
 0 0.630608
 0 0.630608
 0 0.630615
 0 0.630616
 0 0.630617
 0 0.63063
 0 0.630641
 0 0.630642
 0 0.630643
 0 0.630647
 0 0.63067
 0 0.63067
 0 0.630671
 0 0.630678
 0 0.630692
 0 0.630694
 0 0.630701
 0 0.630701
 0 0.630718
 0 0.630737
 0 0.630754
 0 0.630772
 0 0.630772
 0 0.630772
 0 0.630773
 0 0.630793
 0 0.630795
 0 0.630795
 0 0.630839
 0 0.630887
 0 0.630887
 0 0.630904
 0 0.630904
 0 0.630904
 0 0.630904
 0 0.630904
 0 0.630954
 0 0.630992
 0 0.631038
 0 0.63107
 0 0.63107
 0 0.631077
 0 0.631077
 0 0.63109
 0 0.631103
 0 0.631103
 0 0.631117
 0 0.631117
 0 0.631117
 0 0.631149
 0 0.631149
 0 0.631149
 0 0.631153
 0 0.631182
 0 0.631183
 0 0.631193
 0 0.631195
 0 0.631202
 0 0.631202
 0 0.631203
 0 0.631205
 0 0.631205
 0 0.631213
 0 0.631224
 0 0.631225
 0 0.631225
 0 0.631248
 0 0.631249
 0 0.631249
 0 0.631249
 0 0.63125
 0 0.631269
 0 0.63127
 0 0.631271
 0 0.631274
 0 0.631275
 0 0.631275
 0 0.631276
 0 0.631276
 0 0.631276
 0 0.631285
 0 0.631285
 0 0.631285
 0 0.631285
 0 0.631343
 0 0.631348
 0 0.631355
 0 0.631355
 0 0.631357
 0 0.631357
 0 0.631357
 0 0.631357
 0 0.631358
 0 0.631365
 0 0.631384
 0 0.631385
 0 0.631391
 0 0.631412
 0 0.631412
 0 0.631413
 0 0.631413
 0 0.631413
 0 0.631413
 0 0.631414
 0 0.631418
 0 0.631418
 0 0.631419
 0 0.631419
 0 0.631458
 0 0.631471
 0 0.631471
 0 0.631478
 0 0.631479
 0 0.63148
 0 0.631489
 0 0.631489
 0 0.631521
 0 0.631521
 0 0.631523
 0 0.631526
 0 0.631538
 0 0.631538
 0 0.631538
 0 0.631538
 0 0.631539
 0 0.631552
 0 0.631553
 0 0.631553
 0 0.631555
 0 0.631572
 0 0.631602
 0 0.631602
 0 0.631648
 0 0.631648
 0 0.631661
 0 0.631661
 0 0.631661
 0 0.631661
 0 0.631671
 0 0.631672
 0 0.631672
 0 0.631672
 0 0.631672
 0 0.63169
 0 0.63169
 0 0.6317
 0 0.6317
 0 0.63171
 0 0.631712
 0 0.631717
 0 0.631717
 0 0.631717
 0 0.631723
 0 0.631723
 0 0.631723
 0 0.631727
 0 0.631729
 0 0.63175
 0 0.63175
 0 0.63175
 0 0.631754
 0 0.63177
 0 0.631781
 0 0.631781
 0 0.631782
 0 0.631782
 0 0.631783
 0 0.631794
 0 0.631794
 0 0.631794
 0 0.631804
 0 0.631804
 0 0.631808
 0 0.631809
 0 0.631824
 0 0.631834
 0 0.631841
 0 0.631843
 0 0.631849
 0 0.631849
 0 0.631855
 0 0.631861
 0 0.631861
 0 0.631862
 0 0.631862
 0 0.631862
 0 0.631875
 0 0.631875
 0 0.631875
 0 0.631877
 0 0.631887
 0 0.631887
 0 0.631887
 0 0.631888
 0 0.631894
 0 0.631894
 0 0.631896
 0 0.631896
 0 0.631896
 0 0.631897
 0 0.631913
 0 0.631913
 0 0.631941
 0 0.631941
 0 0.631941
 0 0.631941
 0 0.631942
 0 0.63195
 0 0.63195
 0 0.631952
 0 0.63197
 0 0.63197
 0 0.63197
 0 0.63199
 0 0.631992
 0 0.631992
 0 0.631992
 0 0.632001
 0 0.632004
 0 0.632004
 0 0.632004
 0 0.632004
 0 0.632013
 0 0.632014
 0 0.632015
 0 0.632019
 0 0.632019
 0 0.632019
 0 0.632019
 0 0.632029
 0 0.632032
 0 0.632046
 0 0.632046
 0 0.632046
 0 0.632048
 0 0.632048
 0 0.632048
 0 0.632049
 0 0.632064
 0 0.632065
 0 0.632067
 0 0.632074
 0 0.632074
 0 0.632075
 0 0.632076
 0 0.632077
 0 0.63208
 0 0.632112
 0 0.632113
 0 0.632121
 0 0.632123
 0 0.632153
 0 0.632153
 0 0.632157
 0 0.632157
 0 0.632157
 0 0.632157
 0 0.632175
 0 0.632175
 0 0.632175
 0 0.632182
 0 0.632208
 0 0.632208
 0 0.632215
 0 0.632218
 0 0.632226
 0 0.632226
 0 0.632227
 0 0.632227
 0 0.63225
 0 0.632261
 0 0.632262
 0 0.63228
 0 0.632281
 0 0.632286
 0 0.632286
 0 0.632287
 0 0.632292
 0 0.632293
 0 0.632295
 0 0.632296
 0 0.632297
 0 0.632314
 0 0.632314
 0 0.632314
 0 0.632315
 0 0.632315
 0 0.632315
 0 0.632318
 0 0.632318
 0 0.632318
 0 0.632322
 0 0.632324
 0 0.632332
 0 0.632333
 0 0.632334
 0 0.632336
 0 0.632337
 0 0.632337
 0 0.63234
 0 0.63234
 0 0.632344
 0 0.632344
 0 0.632345
 0 0.632357
 0 0.632357
 0 0.632357
 0 0.632368
 0 0.632376
 0 0.632376
 0 0.632388
 0 0.632389
 0 0.632395
 0 0.632396
 0 0.632396
 0 0.632397
 0 0.632397
 0 0.632401
 0 0.632401
 0 0.632413
 0 0.632414
 0 0.632421
 0 0.632422
 0 0.632422
 0 0.632423
 0 0.632423
 0 0.632428
 0 0.632428
 0 0.632429
 0 0.632429
 0 0.632434
 0 0.632434
 0 0.632445
 0 0.632445
 0 0.632446
 0 0.632457
 0 0.632457
 0 0.632457
 0 0.632458
 0 0.632458
 0 0.632459
 0 0.632461
 0 0.632465
 0 0.632481
 0 0.6325
 0 0.632527
 0 0.632537
 0 0.632538
 0 0.632539
 0 0.632539
 0 0.632541
 0 0.632542
 0 0.632542
 0 0.632558
 0 0.632559
 0 0.632559
 0 0.632559
 0 0.632565
 0 0.632566
 0 0.632566
 0 0.632567
 0 0.632568
 0 0.632578
 0 0.632578
 0 0.632578
 0 0.632578
 0 0.632593
 0 0.632593
 0 0.632593
 0 0.632598
 0 0.632599
 0 0.632599
 0 0.632602
 0 0.632602
 0 0.632606
 0 0.632606
 0 0.632609
 0 0.632611
 0 0.632615
 0 0.632622
 0 0.632624
 0 0.632624
 0 0.632625
 0 0.632641
 0 0.632641
 0 0.632643
 0 0.632644
 0 0.632646
 0 0.632647
 0 0.632649
 0 0.632649
 0 0.632659
 0 0.632666
 0 0.632666
 0 0.632666
 0 0.632666
 0 0.632674
 0 0.632686
 0 0.632691
 0 0.632698
 0 0.6327
 0 0.632704
 0 0.632704
 0 0.632704
 0 0.632704
 0 0.63271
 0 0.63271
 0 0.632728
 0 0.632728
 0 0.632729
 0 0.632729
 0 0.632729
 0 0.632746
 0 0.632747
 0 0.632748
 0 0.632752
 0 0.632752
 0 0.632772
 0 0.632772
 0 0.632773
 0 0.632773
 0 0.632776
 0 0.632776
 0 0.632786
 0 0.632791
 0 0.632808
 0 0.632814
 0 0.632814
 0 0.632835
 0 0.632841
 0 0.632842
 0 0.632842
 0 0.632842
 0 0.632842
 0 0.632843
 0 0.632843
 0 0.632844
 0 0.632861
 0 0.632861
 0 0.632878
 0 0.632878
 0 0.632879
 0 0.632882
 0 0.632885
 0 0.632885
 0 0.632886
 0 0.632886
 0 0.632899
 0 0.632903
 0 0.632905
 0 0.632909
 0 0.632912
 0 0.632912
 0 0.632929
 0 0.632929
 0 0.632929
 0 0.632952
 0 0.632953
 0 0.632956
 0 0.632956
 0 0.632956
 0 0.632963
 0 0.632963
 0 0.632968
 0 0.632969
 0 0.632978
 0 0.632978
 0 0.632981
 0 0.632982
 0 0.633
 0 0.633
 0 0.633021
 0 0.633021
 0 0.633021
 0 0.633021
 0 0.633031
 0 0.633031
 0 0.63304
 0 0.63304
 0 0.63304
 0 0.633045
 0 0.633045
 0 0.633068
 0 0.633076
 0 0.633092
 0 0.633092
 0 0.633092
 0 0.633092
 0 0.633093
 0 0.633118
 0 0.633118
 0 0.63312
 0 0.63312
 0 0.633121
 0 0.633121
 0 0.633146
 0 0.633146
 0 0.633146
 0 0.633147
 0 0.633147
 0 0.633155
 0 0.633161
 0 0.633161
 0 0.633163
 0 0.633166
 0 0.633167
 0 0.633172
 0 0.633172
 0 0.633172
 0 0.633172
 0 0.633173
 0 0.633185
 0 0.633185
 0 0.633192
 0 0.633192
 0 0.633193
 0 0.633194
 0 0.633194
 0 0.633204
 0 0.633206
 0 0.633206
 0 0.633206
 0 0.633207
 0 0.633218
 0 0.63322
 0 0.63322
 0 0.633221
 0 0.633222
 0 0.633231
 0 0.633231
 0 0.633253
 0 0.633256
 0 0.633256
 0 0.633257
 0 0.633257
 0 0.633278
 0 0.633293
 0 0.633293
 0 0.633294
 0 0.633296
 0 0.633296
 0 0.633307
 0 0.633307
 0 0.633309
 0 0.633309
 0 0.63331
 0 0.63331
 0 0.633318
 0 0.633319
 0 0.633323
 0 0.633323
 0 0.633324
 0 0.633328
 0 0.633328
 0 0.63333
 0 0.63333
 0 0.633334
 0 0.633336
 0 0.633348
 0 0.633349
 0 0.633354
 0 0.633354
 0 0.633357
 0 0.633357
 0 0.633369
 0 0.633369
 0 0.633371
 0 0.633373
 0 0.633383
 0 0.633389
 0 0.633391
 0 0.633394
 0 0.633398
 0 0.633399
 0 0.6334
 0 0.6334
 0 0.633402
 0 0.633402
 0 0.633402
 0 0.633403
 0 0.633405
 0 0.633431
 0 0.633431
 0 0.633443
 0 0.633443
 0 0.633443
 0 0.633446
 0 0.633451
 0 0.633453
 0 0.633455
 0 0.633456
 0 0.633458
 0 0.633459
 0 0.63346
 0 0.633478
 0 0.633479
 0 0.63348
 0 0.63348
 0 0.63348
 0 0.63348
 0 0.63348
 0 0.633482
 0 0.633495
 0 0.633509
 0 0.633509
 0 0.633519
 0 0.633519
 0 0.633521
 0 0.633521
 0 0.633524
 0 0.633525
 0 0.633525
 0 0.633532
 0 0.633546
 0 0.633547
 0 0.63355
 0 0.63355
 0 0.633552
 0 0.633569
 0 0.63357
 0 0.633571
 0 0.633571
 0 0.633573
 0 0.633584
 0 0.633584
 0 0.633584
 0 0.633584
 0 0.633588
 0 0.633589
 0 0.633601
 0 0.633612
 0 0.633616
 0 0.63362
 0 0.633621
 0 0.633621
 0 0.633621
 0 0.633627
 0 0.633637
 0 0.633637
 0 0.63366
 0 0.633671
 0 0.633671
 0 0.633672
 0 0.633679
 0 0.633679
 0 0.63368
 0 0.63368
 0 0.633685
 0 0.633689
 0 0.633689
 0 0.633689
 0 0.633689
 0 0.633689
 0 0.633695
 0 0.633695
 0 0.633696
 0 0.633696
 0 0.633696
 0 0.633696
 0 0.633709
 0 0.633709
 0 0.633711
 0 0.633717
 0 0.633727
 0 0.633736
 0 0.633736
 0 0.633736
 0 0.633742
 0 0.633744
 0 0.633744
 0 0.633746
 0 0.633746
 0 0.633752
 0 0.633752
 0 0.633752
 0 0.633753
 0 0.633753
 0 0.633753
 0 0.633758
 0 0.633759
 0 0.633759
 0 0.633767
 0 0.633785
 0 0.633785
 0 0.633786
 0 0.633793
 0 0.633793
 0 0.633793
 0 0.633809
 0 0.633825
 0 0.633827
 0 0.633827
 0 0.633827
 0 0.633827
 0 0.633828
 0 0.633833
 0 0.633833
 0 0.633837
 0 0.63384
 0 0.63384
 0 0.633854
 0 0.633855
 0 0.633865
 0 0.633897
 0 0.633897
 0 0.633909
 0 0.633909
 0 0.633909
 0 0.63392
 0 0.633934
 0 0.633934
 0 0.633935
 0 0.633943
 0 0.633944
 0 0.633944
 0 0.633948
 0 0.633982
 0 0.633993
 0 0.633993
 0 0.634002
 0 0.634008
 0 0.63401
 0 0.63401
 0 0.63401
 0 0.634016
 0 0.634016
 0 0.634023
 0 0.634025
 0 0.634048
 0 0.634049
 0 0.634049
 0 0.634049
 0 0.63405
 0 0.634054
 0 0.634055
 0 0.634055
 0 0.634062
 0 0.63408
 0 0.634081
 0 0.634081
 0 0.634082
 0 0.634082
 0 0.634086
 0 0.634086
 0 0.634086
 0 0.634086
 0 0.634091
 0 0.634093
 0 0.634093
 0 0.634105
 0 0.634119
 0 0.634119
 0 0.634133
 0 0.634133
 0 0.634139
 0 0.63414
 0 0.63415
 0 0.63415
 0 0.634156
 0 0.634156
 0 0.634156
 0 0.634168
 0 0.634168
 0 0.634168
 0 0.634197
 0 0.634199
 0 0.634199
 0 0.6342
 0 0.634205
 0 0.634207
 0 0.634207
 0 0.634208
 0 0.634208
 0 0.634212
 0 0.634234
 0 0.634236
 0 0.634239
 0 0.634239
 0 0.63424
 0 0.634242
 0 0.63425
 0 0.634251
 0 0.634252
 0 0.634252
 0 0.634259
 0 0.634259
 0 0.634259
 0 0.634274
 0 0.634279
 0 0.634283
 0 0.634293
 0 0.634295
 0 0.634295
 0 0.634295
 0 0.634295
 0 0.634301
 0 0.634301
 0 0.634306
 0 0.634306
 0 0.634319
 0 0.634328
 0 0.634329
 0 0.63433
 0 0.634338
 0 0.63437
 0 0.63437
 0 0.634371
 0 0.634371
 0 0.634371
 0 0.634371
 0 0.634373
 0 0.634374
 0 0.634377
 0 0.634377
 0 0.63438
 0 0.634381
 0 0.634381
 0 0.634389
 0 0.63439
 0 0.634391
 0 0.634392
 0 0.634394
 0 0.634395
 0 0.63441
 0 0.63441
 0 0.634411
 0 0.634411
 0 0.634414
 0 0.634414
 0 0.634414
 0 0.634414
 0 0.634414
 0 0.63442
 0 0.634433
 0 0.634433
 0 0.63444
 0 0.634441
 0 0.634441
 0 0.634441
 0 0.634453
 0 0.634465
 0 0.634465
 0 0.634468
 0 0.634468
 0 0.634468
 0 0.634468
 0 0.634472
 0 0.634472
 0 0.634472
 0 0.63448
 0 0.63448
 0 0.634481
 0 0.634505
 0 0.634505
 0 0.634505
 0 0.634521
 0 0.634523
 0 0.634529
 0 0.634529
 0 0.634552
 0 0.634553
 0 0.634553
 0 0.634553
 0 0.634555
 0 0.634568
 0 0.634587
 0 0.634608
 0 0.634609
 0 0.634609
 0 0.63461
 0 0.63461
 0 0.634613
 0 0.634626
 0 0.634626
 0 0.634626
 0 0.634626
 0 0.634633
 0 0.634633
 0 0.634634
 0 0.634647
 0 0.634653
 0 0.634654
 0 0.634654
 0 0.634659
 0 0.63466
 0 0.63466
 0 0.63467
 0 0.63467
 0 0.634681
 0 0.634681
 0 0.634685
 0 0.634687
 0 0.634688
 0 0.634698
 0 0.6347
 0 0.634701
 0 0.634702
 0 0.634703
 0 0.634723
 0 0.634724
 0 0.634737
 0 0.634737
 0 0.634737
 0 0.634739
 0 0.634739
 0 0.634743
 0 0.634743
 0 0.634745
 0 0.634752
 0 0.634752
 0 0.634757
 0 0.634757
 0 0.634785
 0 0.634786
 0 0.634792
 0 0.634792
 0 0.634792
 0 0.634792
 0 0.634794
 0 0.634795
 0 0.634795
 0 0.634839
 0 0.634839
 0 0.634858
 0 0.634859
 0 0.634871
 0 0.634871
 0 0.634874
 0 0.634878
 0 0.634886
 0 0.634888
 0 0.634891
 0 0.634894
 0 0.634896
 0 0.634896
 0 0.634898
 0 0.634907
 0 0.634907
 0 0.634907
 0 0.634913
 0 0.634914
 0 0.634931
 0 0.634934
 0 0.634943
 0 0.634943
 0 0.634943
 0 0.634947
 0 0.634947
 0 0.634948
 0 0.634949
 0 0.634949
 0 0.634949
 0 0.634953
 0 0.634953
 0 0.634959
 0 0.634959
 0 0.63496
 0 0.634975
 0 0.634976
 0 0.634976
 0 0.634978
 0 0.634981
 0 0.634983
 0 0.634988
 0 0.634994
 0 0.635003
 0 0.635008
 0 0.635009
 0 0.635013
 0 0.635013
 0 0.635025
 0 0.635025
 0 0.635037
 0 0.635048
 0 0.63506
 0 0.63506
 0 0.635075
 0 0.635075
 0 0.635077
 0 0.635078
 0 0.63508
 0 0.635083
 0 0.635083
 0 0.635084
 0 0.635086
 0 0.635086
 0 0.635086
 0 0.635086
 0 0.635092
 0 0.635094
 0 0.635094
 0 0.635094
 0 0.635095
 0 0.635096
 0 0.635107
 0 0.635107
 0 0.635108
 0 0.635108
 0 0.635113
 0 0.635113
 0 0.635117
 0 0.635117
 0 0.635129
 0 0.63513
 0 0.635138
 0 0.635145
 0 0.635147
 0 0.63516
 0 0.635173
 0 0.635173
 0 0.635205
 0 0.635211
 0 0.635227
 0 0.635227
 0 0.635227
 0 0.63524
 0 0.635243
 0 0.635243
 0 0.635248
 0 0.635249
 0 0.635249
 0 0.63525
 0 0.635253
 0 0.635257
 0 0.635264
 0 0.635265
 0 0.635265
 0 0.635265
 0 0.635265
 0 0.635271
 0 0.635271
 0 0.635283
 0 0.635302
 0 0.635304
 0 0.635304
 0 0.635312
 0 0.635312
 0 0.635312
 0 0.635314
 0 0.635316
 0 0.635319
 0 0.635322
 0 0.635322
 0 0.635324
 0 0.635328
 0 0.635328
 0 0.635329
 0 0.635341
 0 0.635343
 0 0.635345
 0 0.635346
 0 0.635373
 0 0.635374
 0 0.635374
 0 0.635376
 0 0.635392
 0 0.635397
 0 0.635397
 0 0.635397
 0 0.635404
 0 0.635404
 0 0.635405
 0 0.635417
 0 0.635418
 0 0.635419
 0 0.63542
 0 0.63542
 0 0.63542
 0 0.63542
 0 0.635438
 0 0.635438
 0 0.635449
 0 0.63545
 0 0.63545
 0 0.635451
 0 0.635457
 0 0.635457
 0 0.635461
 0 0.635469
 0 0.635469
 0 0.63548
 0 0.63548
 0 0.635487
 0 0.635487
 0 0.635487
 0 0.635487
 0 0.635495
 0 0.635495
 0 0.635495
 0 0.635496
 0 0.635496
 0 0.635532
 0 0.635535
 0 0.635535
 0 0.635539
 0 0.635541
 0 0.635545
 0 0.635546
 0 0.635551
 0 0.635552
 0 0.635561
 0 0.635561
 0 0.635564
 0 0.635564
 0 0.635575
 0 0.635583
 0 0.635583
 0 0.635584
 0 0.635584
 0 0.635584
 0 0.635584
 0 0.635586
 0 0.635624
 0 0.635627
 0 0.635635
 0 0.635643
 0 0.635649
 0 0.635649
 0 0.635651
 0 0.635662
 0 0.635677
 0 0.63568
 0 0.635696
 0 0.635713
 0 0.635714
 0 0.635726
 0 0.635741
 0 0.635741
 0 0.635741
 0 0.635743
 0 0.635759
 0 0.635759
 0 0.635759
 0 0.635788
 0 0.635788
 0 0.635788
 0 0.635789
 0 0.635796
 0 0.635806
 0 0.635806
 0 0.635819
 0 0.635821
 0 0.635835
 0 0.635835
 0 0.635835
 0 0.635843
 0 0.635844
 0 0.635849
 0 0.635849
 0 0.63585
 0 0.63585
 0 0.63585
 0 0.63585
 0 0.635853
 0 0.635853
 0 0.635865
 0 0.635876
 0 0.635882
 0 0.635882
 0 0.635883
 0 0.63589
 0 0.63589
 0 0.635891
 0 0.635892
 0 0.635901
 0 0.635903
 0 0.635903
 0 0.635903
 0 0.635903
 0 0.635909
 0 0.63591
 0 0.635922
 0 0.635922
 0 0.635928
 0 0.635928
 0 0.635928
 0 0.635928
 0 0.635929
 0 0.635953
 0 0.63596
 0 0.635961
 0 0.635965
 0 0.635965
 0 0.635965
 0 0.635965
 0 0.635982
 0 0.635983
 0 0.635986
 0 0.635997
 0 0.636011
 0 0.636015
 0 0.636015
 0 0.636019
 0 0.63602
 0 0.636022
 0 0.636027
 0 0.636029
 0 0.63603
 0 0.63603
 0 0.636039
 0 0.636059
 0 0.636059
 0 0.636063
 0 0.636063
 0 0.636063
 0 0.636064
 0 0.63607
 0 0.636071
 0 0.636071
 0 0.636097
 0 0.636104
 0 0.636126
 0 0.636127
 0 0.636127
 0 0.636127
 0 0.636128
 0 0.63614
 0 0.636148
 0 0.636148
 0 0.636155
 0 0.636155
 0 0.636156
 0 0.636156
 0 0.636158
 0 0.636159
 0 0.636182
 0 0.636242
 0 0.636249
 0 0.636266
 0 0.636278
 0 0.636312
 0 0.636312
 0 0.636341
 0 0.636344
 0 0.636351
 0 0.636399
 0 0.636399
 0 0.636399
 0 0.636404
 0 0.636404
 0 0.636443
 0 0.636444
 0 0.63645
 0 0.63645
 0 0.636459
 0 0.636464
 0 0.636464
 0 0.636482
 0 0.636485
 0 0.636487
 0 0.636494
 0 0.636514
 0 0.636514
 0 0.636558
 0 0.636594
 0 0.636594
 0 0.636594
 0 0.636594
 0 0.636605
 0 0.636622
 0 0.636624
 0 0.636633
 0 0.636659
 0 0.636661
 0 0.636661
 0 0.636683
 0 0.636691
 0 0.636691
 0 0.636693
 0 0.636693
 0 0.636713
 0 0.636713
 0 0.636768
 0 0.63678
 0 0.636795
 0 0.636837
 0 0.636851
 0 0.636946
 0 0.636948
 0 0.636954
 0 0.63696
 0 0.636966
 0 0.636966
 0 0.636966
 0 0.636983
 0 0.637008
 0 0.637031
 0 0.637031
 0 0.637031
 0 0.637033
 0 0.637076
 0 0.637077
 0 0.637077
 0 0.637077
 0 0.637089
 0 0.637097
 0 0.637115
 0 0.637116
 0 0.637116
 0 0.637117
 0 0.637117
 0 0.637119
 0 0.637142
 0 0.637142
 0 0.637143
 0 0.637182
 0 0.637217
 0 0.637217
 0 0.637223
 0 0.637229
 0 0.63723
 0 0.63723
 0 0.63723
 0 0.637257
 0 0.637257
 0 0.637258
 0 0.637276
 0 0.637276
 0 0.637276
 0 0.637276
 0 0.637278
 0 0.637561
 0 0.637596
 0 0.637596
 0 0.637596
 0 0.637611
 0 0.637669
 0 0.637669
 0 0.637693
 0 0.637788
 0 0.637892
 0 0.637893
 0 0.637895
 0 0.637896
 0 0.63792
 0 0.637921
 0 0.637929
 0 0.637936
 0 0.638019
 0 0.63802
 0 0.638168
 0 0.638169
 0 0.638227
 0 0.638255
 0 0.638417
 0 0.638417
 0 0.638455
 0 0.638456
 0 0.638457
 0 0.638457
 0 0.638574
 0 0.638574
 0 0.638575
 0 0.638697
 0 0.638698
 0 0.638699
 0 0.638699
 0 0.638737
 0 0.638737
 0 0.638737
 0 0.638739
 0 0.638749
 0 0.639022
 0 0.639022
 0 0.639289
 0 0.639289
 0 0.639335
 0 0.639357
 0 0.639357
 0 0.639412
 0 0.639414
 0 0.639563
 0 0.639565
 0 0.639565
 0 0.639638
 0 0.639706
 0 0.639708
 0 0.639908
 0 0.639909
 0 0.640193
 0 0.640195
 0 0.640196
 0 0.640196
 0 0.640196
 0 0.64031
 0 0.64031
 0 0.640311
 0 0.640774
 0 0.640944
 0 0.641183
 0 0.641358
 0 0.641639
 0 0.641684
 0 0.641723
 0 0.641833
 0 0.641834
 0 0.642073
 0 0.642313
 0 0.642596
 0 0.642596
 0 inf
