 0 0.486626
 0 0.487499
 0 0.4875
 0 0.487935
 0 0.487936
 0 0.487936
 0 0.513361
 0 0.513362
 0 0.51431
 0 0.514683
 0 0.514683
 0 0.514683
 0 0.625596
 0 0.625617
 0 0.626113
 0 0.626451
 0 0.626913
 0 0.626913
 0 0.626914
 0 0.626969
 0 0.62697
 0 0.627322
 0 0.627323
 0 0.627365
 0 0.627365
 0 0.627447
 0 0.627447
 0 0.627447
 0 0.627849
 0 0.628331
 0 0.628397
 0 0.628397
 0 0.628579
 0 0.628579
 0 0.62858
 0 0.628689
 0 0.628689
 0 0.628689
 0 0.628775
 0 0.628775
 0 0.628889
 0 0.629007
 0 0.629068
 0 0.629182
 0 0.629345
 0 0.629345
 0 0.629404
 0 0.629442
 0 0.629442
 0 0.629476
 0 0.629476
 0 0.629477
 0 0.629477
 0 0.629478
 0 0.629547
 0 0.629576
 0 0.629576
 0 0.629637
 0 0.629637
 0 0.629637
 0 0.629649
 0 0.629649
 0 0.62965
 0 0.629651
 0 0.629654
 0 0.629654
 0 0.62969
 0 0.62984
 0 0.62984
 0 0.629862
 0 0.629862
 0 0.629862
 0 0.629886
 0 0.629898
 0 0.629921
 0 0.629943
 0 0.629943
 0 0.629943
 0 0.630068
 0 0.630128
 0 0.630128
 0 0.630133
 0 0.630133
 0 0.630147
 0 0.630154
 0 0.630197
 0 0.630197
 0 0.630205
 0 0.630245
 0 0.630245
 0 0.630434
 0 0.630435
 0 0.630436
 0 0.630457
 0 0.630463
 0 0.630463
 0 0.630485
 0 0.630512
 0 0.630513
 0 0.630513
 0 0.630518
 0 0.630569
 0 0.63062
 0 0.63062
 0 0.630657
 0 0.630658
 0 0.630658
 0 0.630701
 0 0.630701
 0 0.630708
 0 0.630708
 0 0.630708
 0 0.630709
 0 0.630775
 0 0.630775
 0 0.630776
 0 0.630848
 0 0.630892
 0 0.630894
 0 0.630906
 0 0.630906
 0 0.630906
 0 0.630956
 0 0.630956
 0 0.630963
 0 0.630963
 0 0.630966
 0 0.63098
 0 0.630991
 0 0.630992
 0 0.631004
 0 0.631004
 0 0.631025
 0 0.631058
 0 0.631063
 0 0.631063
 0 0.631063
 0 0.631063
 0 0.631063
 0 0.631187
 0 0.631238
 0 0.631255
 0 0.631261
 0 0.631277
 0 0.631305
 0 0.631306
 0 0.631308
 0 0.63131
 0 0.631348
 0 0.631375
 0 0.631375
 0 0.631376
 0 0.631376
 0 0.631425
 0 0.631462
 0 0.631503
 0 0.631522
 0 0.631523
 0 0.631529
 0 0.631529
 0 0.631529
 0 0.631538
 0 0.63156
 0 0.631573
 0 0.631573
 0 0.631592
 0 0.631593
 0 0.631593
 0 0.631593
 0 0.631605
 0 0.631605
 0 0.631605
 0 0.631606
 0 0.631606
 0 0.631611
 0 0.631611
 0 0.631613
 0 0.631613
 0 0.631613
 0 0.631633
 0 0.631635
 0 0.631656
 0 0.631676
 0 0.631676
 0 0.631679
 0 0.631679
 0 0.631679
 0 0.631685
 0 0.631686
 0 0.631686
 0 0.631686
 0 0.6317
 0 0.631858
 0 0.631858
 0 0.631869
 0 0.63187
 0 0.631885
 0 0.631886
 0 0.631901
 0 0.631902
 0 0.631916
 0 0.63196
 0 0.63196
 0 0.631964
 0 0.631964
 0 0.631995
 0 0.631995
 0 0.631995
 0 0.631998
 0 0.631998
 0 0.631998
 0 0.631998
 0 0.632057
 0 0.632105
 0 0.632111
 0 0.63214
 0 0.63214
 0 0.63214
 0 0.63214
 0 0.632167
 0 0.632175
 0 0.632175
 0 0.632176
 0 0.632186
 0 0.632187
 0 0.632187
 0 0.632205
 0 0.632205
 0 0.632283
 0 0.632283
 0 0.632283
 0 0.632283
 0 0.632285
 0 0.632285
 0 0.632311
 0 0.63235
 0 0.632351
 0 0.632373
 0 0.632373
 0 0.6324
 0 0.6324
 0 0.632435
 0 0.632435
 0 0.632435
 0 0.632469
 0 0.632469
 0 0.632471
 0 0.632472
 0 0.632472
 0 0.632472
 0 0.632473
 0 0.632473
 0 0.632473
 0 0.632473
 0 0.632478
 0 0.632478
 0 0.632478
 0 0.632478
 0 0.632486
 0 0.632486
 0 0.632492
 0 0.632492
 0 0.632501
 0 0.632501
 0 0.632511
 0 0.632523
 0 0.632523
 0 0.632523
 0 0.632524
 0 0.632538
 0 0.632541
 0 0.632542
 0 0.632548
 0 0.632548
 0 0.632548
 0 0.632603
 0 0.632604
 0 0.632606
 0 0.632648
 0 0.632648
 0 0.632649
 0 0.632662
 0 0.632663
 0 0.632673
 0 0.632673
 0 0.632674
 0 0.632682
 0 0.632693
 0 0.632702
 0 0.632702
 0 0.632702
 0 0.632705
 0 0.63271
 0 0.632712
 0 0.632715
 0 0.632716
 0 0.632731
 0 0.632747
 0 0.632747
 0 0.632749
 0 0.63276
 0 0.63276
 0 0.63279
 0 0.63279
 0 0.632791
 0 0.632813
 0 0.632813
 0 0.632827
 0 0.632827
 0 0.632827
 0 0.632849
 0 0.63285
 0 0.63285
 0 0.632865
 0 0.632867
 0 0.632867
 0 0.632871
 0 0.632872
 0 0.632874
 0 0.632918
 0 0.632918
 0 0.632918
 0 0.632918
 0 0.632937
 0 0.632951
 0 0.632957
 0 0.632966
 0 0.632978
 0 0.632983
 0 0.632986
 0 0.632991
 0 0.632992
 0 0.633009
 0 0.633009
 0 0.633009
 0 0.63301
 0 0.633041
 0 0.633041
 0 0.633056
 0 0.633073
 0 0.633094
 0 0.633095
 0 0.633111
 0 0.633116
 0 0.633116
 0 0.633116
 0 0.633138
 0 0.633171
 0 0.633171
 0 0.633172
 0 0.633172
 0 0.63322
 0 0.633221
 0 0.63323
 0 0.633231
 0 0.633231
 0 0.633231
 0 0.633239
 0 0.633242
 0 0.633243
 0 0.633243
 0 0.633243
 0 0.633244
 0 0.633259
 0 0.633335
 0 0.633335
 0 0.633337
 0 0.633337
 0 0.633341
 0 0.633341
 0 0.633342
 0 0.633342
 0 0.633342
 0 0.633343
 0 0.633349
 0 0.63335
 0 0.633408
 0 0.633411
 0 0.633437
 0 0.633445
 0 0.633445
 0 0.633446
 0 0.633459
 0 0.633461
 0 0.633461
 0 0.633462
 0 0.633463
 0 0.633474
 0 0.633474
 0 0.633478
 0 0.633478
 0 0.633479
 0 0.633508
 0 0.633509
 0 0.633528
 0 0.633528
 0 0.633528
 0 0.633554
 0 0.633576
 0 0.633576
 0 0.633595
 0 0.633596
 0 0.633597
 0 0.63361
 0 0.63361
 0 0.633636
 0 0.633637
 0 0.633657
 0 0.633658
 0 0.633669
 0 0.63367
 0 0.633692
 0 0.633715
 0 0.633716
 0 0.633717
 0 0.633727
 0 0.633729
 0 0.633731
 0 0.633731
 0 0.633732
 0 0.633749
 0 0.633749
 0 0.63375
 0 0.633766
 0 0.633771
 0 0.633771
 0 0.633776
 0 0.633776
 0 0.633777
 0 0.633805
 0 0.633824
 0 0.633827
 0 0.633827
 0 0.633837
 0 0.633837
 0 0.633838
 0 0.63385
 0 0.63385
 0 0.63385
 0 0.63385
 0 0.633855
 0 0.633856
 0 0.633861
 0 0.633868
 0 0.633869
 0 0.633869
 0 0.633882
 0 0.633882
 0 0.633891
 0 0.633891
 0 0.633891
 0 0.633891
 0 0.633899
 0 0.633899
 0 0.633914
 0 0.633914
 0 0.633924
 0 0.633924
 0 0.633932
 0 0.633935
 0 0.633935
 0 0.633935
 0 0.633936
 0 0.633938
 0 0.633941
 0 0.633941
 0 0.633942
 0 0.633943
 0 0.633943
 0 0.633943
 0 0.633954
 0 0.633975
 0 0.633976
 0 0.633976
 0 0.633979
 0 0.633981
 0 0.633984
 0 0.633987
 0 0.633988
 0 0.633988
 0 0.633991
 0 0.634013
 0 0.634013
 0 0.634013
 0 0.634015
 0 0.634029
 0 0.634029
 0 0.63403
 0 0.63403
 0 0.63403
 0 0.63403
 0 0.634044
 0 0.634044
 0 0.634045
 0 0.634062
 0 0.634062
 0 0.634079
 0 0.634085
 0 0.634086
 0 0.634086
 0 0.634086
 0 0.6341
 0 0.634112
 0 0.634112
 0 0.634117
 0 0.634124
 0 0.634124
 0 0.634125
 0 0.63413
 0 0.634136
 0 0.634181
 0 0.634181
 0 0.634202
 0 0.634202
 0 0.634202
 0 0.634208
 0 0.634222
 0 0.634251
 0 0.634251
 0 0.634251
 0 0.634263
 0 0.634264
 0 0.634264
 0 0.634318
 0 0.634319
 0 0.634333
 0 0.634335
 0 0.634335
 0 0.634348
 0 0.634348
 0 0.634349
 0 0.634351
 0 0.634355
 0 0.634356
 0 0.634385
 0 0.634385
 0 0.634386
 0 0.634386
 0 0.634386
 0 0.634386
 0 0.634403
 0 0.634411
 0 0.634417
 0 0.634417
 0 0.634417
 0 0.634437
 0 0.634437
 0 0.634437
 0 0.634437
 0 0.634459
 0 0.634483
 0 0.634512
 0 0.634512
 0 0.634512
 0 0.634543
 0 0.634543
 0 0.634544
 0 0.634547
 0 0.634548
 0 0.634559
 0 0.634559
 0 0.634559
 0 0.634566
 0 0.63457
 0 0.634571
 0 0.634588
 0 0.634623
 0 0.634649
 0 0.634661
 0 0.634661
 0 0.634672
 0 0.634678
 0 0.634678
 0 0.634678
 0 0.63468
 0 0.63468
 0 0.63468
 0 0.63468
 0 0.63468
 0 0.63468
 0 0.63468
 0 0.634682
 0 0.634712
 0 0.634721
 0 0.634722
 0 0.634722
 0 0.634723
 0 0.634726
 0 0.634732
 0 0.634739
 0 0.634739
 0 0.634741
 0 0.634754
 0 0.634755
 0 0.634755
 0 0.634769
 0 0.634769
 0 0.634776
 0 0.634776
 0 0.634777
 0 0.634782
 0 0.634782
 0 0.634782
 0 0.634783
 0 0.634783
 0 0.634783
 0 0.634787
 0 0.634787
 0 0.634788
 0 0.634788
 0 0.634788
 0 0.634793
 0 0.634824
 0 0.634824
 0 0.634843
 0 0.634843
 0 0.634851
 0 0.634867
 0 0.634868
 0 0.634872
 0 0.634874
 0 0.6349
 0 0.6349
 0 0.634905
 0 0.634905
 0 0.634944
 0 0.634945
 0 0.634954
 0 0.634966
 0 0.634996
 0 0.634997
 0 0.635
 0 0.635001
 0 0.635003
 0 0.635003
 0 0.635003
 0 0.635003
 0 0.635003
 0 0.635007
 0 0.635007
 0 0.635032
 0 0.635059
 0 0.63506
 0 0.63506
 0 0.63507
 0 0.63507
 0 0.63507
 0 0.635088
 0 0.635089
 0 0.63509
 0 0.635093
 0 0.635099
 0 0.635116
 0 0.635126
 0 0.635144
 0 0.635145
 0 0.635148
 0 0.635148
 0 0.635148
 0 0.635157
 0 0.635158
 0 0.63522
 0 0.63522
 0 0.635222
 0 0.635222
 0 0.635224
 0 0.635233
 0 0.635233
 0 0.635234
 0 0.635235
 0 0.635237
 0 0.635237
 0 0.635239
 0 0.635253
 0 0.635253
 0 0.635253
 0 0.635254
 0 0.635254
 0 0.635254
 0 0.635293
 0 0.635293
 0 0.635298
 0 0.635299
 0 0.635299
 0 0.6353
 0 0.635319
 0 0.635319
 0 0.635323
 0 0.635323
 0 0.635324
 0 0.635341
 0 0.635343
 0 0.635343
 0 0.635345
 0 0.635346
 0 0.635347
 0 0.635348
 0 0.635348
 0 0.63535
 0 0.635362
 0 0.635374
 0 0.635374
 0 0.635378
 0 0.635379
 0 0.635381
 0 0.635381
 0 0.635382
 0 0.635388
 0 0.635407
 0 0.635407
 0 0.63541
 0 0.63541
 0 0.63541
 0 0.63541
 0 0.63541
 0 0.635412
 0 0.635441
 0 0.635443
 0 0.635443
 0 0.635443
 0 0.635446
 0 0.635446
 0 0.635448
 0 0.635468
 0 0.635468
 0 0.635468
 0 0.635495
 0 0.635495
 0 0.635501
 0 0.635503
 0 0.635504
 0 0.635504
 0 0.635504
 0 0.635504
 0 0.635505
 0 0.635505
 0 0.635511
 0 0.635511
 0 0.63553
 0 0.635539
 0 0.635542
 0 0.635542
 0 0.63562
 0 0.63563
 0 0.635631
 0 0.635636
 0 0.635638
 0 0.635641
 0 0.635642
 0 0.635642
 0 0.63565
 0 0.635667
 0 0.635668
 0 0.635668
 0 0.63567
 0 0.63567
 0 0.635672
 0 0.635673
 0 0.635674
 0 0.635674
 0 0.635674
 0 0.635675
 0 0.635675
 0 0.635678
 0 0.635688
 0 0.635689
 0 0.63569
 0 0.635706
 0 0.635707
 0 0.635714
 0 0.635747
 0 0.635761
 0 0.63578
 0 0.635799
 0 0.635799
 0 0.635799
 0 0.635805
 0 0.635805
 0 0.635805
 0 0.635807
 0 0.635807
 0 0.635815
 0 0.635816
 0 0.635817
 0 0.635819
 0 0.63584
 0 0.63584
 0 0.63585
 0 0.635857
 0 0.635857
 0 0.635858
 0 0.635858
 0 0.635858
 0 0.635858
 0 0.635865
 0 0.635866
 0 0.635866
 0 0.635888
 0 0.635889
 0 0.635891
 0 0.635891
 0 0.6359
 0 0.6359
 0 0.6359
 0 0.6359
 0 0.635904
 0 0.635904
 0 0.635916
 0 0.635927
 0 0.635933
 0 0.635933
 0 0.635989
 0 0.635989
 0 0.63599
 0 0.63599
 0 0.63599
 0 0.63599
 0 0.63599
 0 0.636003
 0 0.636005
 0 0.636049
 0 0.63605
 0 0.636051
 0 0.636051
 0 0.636059
 0 0.636059
 0 0.636059
 0 0.636071
 0 0.636071
 0 0.636083
 0 0.636107
 0 0.636127
 0 0.636133
 0 0.636133
 0 0.636134
 0 0.636134
 0 0.636151
 0 0.636153
 0 0.636166
 0 0.636166
 0 0.636166
 0 0.636174
 0 0.636181
 0 0.636187
 0 0.636202
 0 0.636202
 0 0.636202
 0 0.636202
 0 0.636203
 0 0.636203
 0 0.636203
 0 0.636204
 0 0.636215
 0 0.636215
 0 0.636215
 0 0.636217
 0 0.636219
 0 0.636219
 0 0.636233
 0 0.636233
 0 0.636233
 0 0.636234
 0 0.636234
 0 0.636239
 0 0.63624
 0 0.636241
 0 0.636295
 0 0.636295
 0 0.636298
 0 0.636299
 0 0.636299
 0 0.636299
 0 0.636317
 0 0.636319
 0 0.636325
 0 0.636325
 0 0.636328
 0 0.636329
 0 0.63633
 0 0.63633
 0 0.63633
 0 0.636346
 0 0.636347
 0 0.636356
 0 0.636357
 0 0.636357
 0 0.636366
 0 0.636366
 0 0.636366
 0 0.636371
 0 0.636371
 0 0.636378
 0 0.636391
 0 0.636392
 0 0.636393
 0 0.636393
 0 0.6364
 0 0.6364
 0 0.636407
 0 0.636407
 0 0.636416
 0 0.636416
 0 0.636429
 0 0.636492
 0 0.636499
 0 0.6365
 0 0.636504
 0 0.636551
 0 0.636551
 0 0.636555
 0 0.63658
 0 0.63658
 0 0.63658
 0 0.63658
 0 0.63658
 0 0.636589
 0 0.636592
 0 0.636592
 0 0.636595
 0 0.636595
 0 0.636595
 0 0.636596
 0 0.636596
 0 0.636596
 0 0.636596
 0 0.636598
 0 0.636599
 0 0.636599
 0 0.636599
 0 0.636599
 0 0.636605
 0 0.636606
 0 0.636617
 0 0.636617
 0 0.636618
 0 0.636618
 0 0.636618
 0 0.636638
 0 0.636638
 0 0.636644
 0 0.636644
 0 0.636654
 0 0.63667
 0 0.636671
 0 0.636671
 0 0.636671
 0 0.636682
 0 0.636723
 0 0.636723
 0 0.636745
 0 0.636745
 0 0.636748
 0 0.636749
 0 0.636749
 0 0.636749
 0 0.636753
 0 0.636762
 0 0.636762
 0 0.63678
 0 0.636782
 0 0.636825
 0 0.636825
 0 0.636826
 0 0.636841
 0 0.636841
 0 0.636862
 0 0.636863
 0 0.636883
 0 0.636885
 0 0.636885
 0 0.636885
 0 0.636885
 0 0.636946
 0 0.636947
 0 0.636947
 0 0.636958
 0 0.636958
 0 0.636966
 0 0.636982
 0 0.636983
 0 0.637003
 0 0.637019
 0 0.637048
 0 0.63706
 0 0.637063
 0 0.637064
 0 0.637069
 0 0.637076
 0 0.637078
 0 0.637085
 0 0.637096
 0 0.637096
 0 0.637098
 0 0.637102
 0 0.637103
 0 0.637126
 0 0.637127
 0 0.637132
 0 0.637135
 0 0.637156
 0 0.637156
 0 0.637156
 0 0.637156
 0 0.63717
 0 0.637229
 0 0.63724
 0 0.637261
 0 0.637261
 0 0.637261
 0 0.637263
 0 0.637263
 0 0.637263
 0 0.63728
 0 0.6373
 0 0.637302
 0 0.637303
 0 0.637317
 0 0.637318
 0 0.637327
 0 0.637327
 0 0.637334
 0 0.637335
 0 0.637336
 0 0.637371
 0 0.637377
 0 0.637377
 0 0.637378
 0 0.637378
 0 0.637385
 0 0.637399
 0 0.637399
 0 0.637417
 0 0.637418
 0 0.637418
 0 0.637435
 0 0.63744
 0 0.637441
 0 0.637441
 0 0.637449
 0 0.637449
 0 0.637458
 0 0.637461
 0 0.637462
 0 0.637474
 0 0.637475
 0 0.637476
 0 0.637477
 0 0.637486
 0 0.637503
 0 0.637503
 0 0.637518
 0 0.637518
 0 0.637518
 0 0.637537
 0 0.637543
 0 0.63755
 0 0.63755
 0 0.637555
 0 0.637558
 0 0.637559
 0 0.637578
 0 0.637578
 0 0.637593
 0 0.637593
 0 0.637593
 0 0.637593
 0 0.637593
 0 0.637594
 0 0.637653
 0 0.637654
 0 0.637671
 0 0.637681
 0 0.637682
 0 0.637682
 0 0.637682
 0 0.637682
 0 0.6377
 0 0.6377
 0 0.637717
 0 0.637745
 0 0.637747
 0 0.63775
 0 0.63775
 0 0.637756
 0 0.637756
 0 0.637761
 0 0.637761
 0 0.637761
 0 0.637761
 0 0.637761
 0 0.637766
 0 0.637767
 0 0.637772
 0 0.637772
 0 0.637784
 0 0.637785
 0 0.637801
 0 0.637801
 0 0.637816
 0 0.637824
 0 0.637825
 0 0.637826
 0 0.637854
 0 0.637854
 0 0.63788
 0 0.63789
 0 0.63789
 0 0.637936
 0 0.637944
 0 0.637944
 0 0.637973
 0 0.637973
 0 0.638004
 0 0.638005
 0 0.638005
 0 0.638016
 0 0.638017
 0 0.638017
 0 0.638032
 0 0.638032
 0 0.638036
 0 0.638038
 0 0.638039
 0 0.638052
 0 0.63806
 0 0.63806
 0 0.638082
 0 0.638083
 0 0.638083
 0 0.638091
 0 0.638091
 0 0.638098
 0 0.638098
 0 0.638101
 0 0.638132
 0 0.638132
 0 0.638134
 0 0.638134
 0 0.638135
 0 0.638138
 0 0.638139
 0 0.63818
 0 0.638195
 0 0.638195
 0 0.638197
 0 0.638201
 0 0.638201
 0 0.638201
 0 0.638212
 0 0.638223
 0 0.638226
 0 0.638245
 0 0.638267
 0 0.638273
 0 0.638273
 0 0.638273
 0 0.638299
 0 0.638309
 0 0.638319
 0 0.63833
 0 0.638348
 0 0.638348
 0 0.638349
 0 0.638349
 0 0.638349
 0 0.638354
 0 0.638371
 0 0.638382
 0 0.638382
 0 0.638382
 0 0.638382
 0 0.638382
 0 0.638384
 0 0.638397
 0 0.638397
 0 0.638418
 0 0.638418
 0 0.638419
 0 0.638419
 0 0.638438
 0 0.638494
 0 0.638495
 0 0.638506
 0 0.638506
 0 0.638524
 0 0.638526
 0 0.638539
 0 0.638566
 0 0.638569
 0 0.63857
 0 0.638573
 0 0.638574
 0 0.638577
 0 0.638579
 0 0.638579
 0 0.638579
 0 0.638614
 0 0.638615
 0 0.638616
 0 0.638647
 0 0.638657
 0 0.638672
 0 0.638675
 0 0.638676
 0 0.638676
 0 0.638677
 0 0.638678
 0 0.638678
 0 0.638678
 0 0.638679
 0 0.638679
 0 0.638688
 0 0.638688
 0 0.638727
 0 0.638852
 0 0.638855
 0 0.638855
 0 0.638855
 0 0.638882
 0 0.638882
 0 0.638893
 0 0.638893
 0 0.63899
 0 0.639006
 0 0.639014
 0 0.639014
 0 0.639014
 0 0.639024
 0 0.639029
 0 0.639035
 0 0.639088
 0 0.639089
 0 0.639095
 0 0.63912
 0 0.63912
 0 0.63912
 0 0.63912
 0 0.63912
 0 0.63915
 0 0.63915
 0 0.639153
 0 0.639154
 0 0.639155
 0 0.639171
 0 0.639172
 0 0.639188
 0 0.639197
 0 0.639198
 0 0.639211
 0 0.639225
 0 0.639226
 0 0.639226
 0 0.639227
 0 0.639227
 0 0.639235
 0 0.639285
 0 0.639285
 0 0.639285
 0 0.639288
 0 0.639288
 0 0.639288
 0 0.639296
 0 0.639319
 0 0.639321
 0 0.639331
 0 0.639331
 0 0.639331
 0 0.639335
 0 0.639348
 0 0.639354
 0 0.639382
 0 0.639431
 0 0.639431
 0 0.639452
 0 0.639464
 0 0.639466
 0 0.639469
 0 0.639497
 0 0.639502
 0 0.639504
 0 0.639508
 0 0.639535
 0 0.639535
 0 0.639537
 0 0.639538
 0 0.639538
 0 0.639569
 0 0.639571
 0 0.639571
 0 0.639579
 0 0.639579
 0 0.639579
 0 0.639616
 0 0.639616
 0 0.63963
 0 0.63963
 0 0.63968
 0 0.639687
 0 0.639688
 0 0.639688
 0 0.639689
 0 0.639689
 0 0.639729
 0 0.639747
 0 0.639747
 0 0.639783
 0 0.639784
 0 0.639785
 0 0.639786
 0 0.639819
 0 0.63982
 0 0.639837
 0 0.639841
 0 0.639842
 0 0.639848
 0 0.639848
 0 0.639848
 0 0.639848
 0 0.639849
 0 0.639885
 0 0.639894
 0 0.639902
 0 0.639903
 0 0.639904
 0 0.639912
 0 0.639939
 0 0.639939
 0 0.639939
 0 0.639952
 0 0.639952
 0 0.639957
 0 0.639957
 0 0.639957
 0 0.639977
 0 0.639977
 0 0.639977
 0 0.640017
 0 0.640123
 0 0.640124
 0 0.640124
 0 0.640132
 0 0.640169
 0 0.640169
 0 0.64017
 0 0.640176
 0 0.640232
 0 0.640238
 0 0.640238
 0 0.640238
 0 0.640239
 0 0.640242
 0 0.640263
 0 0.640264
 0 0.640264
 0 0.640267
 0 0.640268
 0 0.640277
 0 0.640283
 0 0.640283
 0 0.640283
 0 0.640285
 0 0.640285
 0 0.640285
 0 0.640311
 0 0.64032
 0 0.64032
 0 0.640336
 0 0.640336
 0 0.640342
 0 0.640342
 0 0.640342
 0 0.640368
 0 0.640369
 0 0.64037
 0 0.64037
 0 0.64037
 0 0.640371
 0 0.640371
 0 0.640371
 0 0.640371
 0 0.640423
 0 0.640431
 0 0.640431
 0 0.640434
 0 0.640434
 0 0.640435
 0 0.640435
 0 0.640435
 0 0.640435
 0 0.640435
 0 0.640441
 0 0.640441
 0 0.640454
 0 0.640466
 0 0.640466
 0 0.640476
 0 0.640477
 0 0.640532
 0 0.640532
 0 0.640566
 0 0.640566
 0 0.640567
 0 0.640567
 0 0.640619
 0 0.640619
 0 0.640624
 0 0.640624
 0 0.640625
 0 0.640626
 0 0.640679
 0 0.640679
 0 0.64068
 0 0.64069
 0 0.640691
 0 0.640691
 0 0.640692
 0 0.640705
 0 0.640715
 0 0.640716
 0 0.640716
 0 0.640716
 0 0.640796
 0 0.640796
 0 0.640796
 0 0.640808
 0 0.640809
 0 0.640828
 0 0.640828
 0 0.640828
 0 0.640877
 0 0.640934
 0 0.640934
 0 0.640934
 0 0.640941
 0 0.640941
 0 0.640945
 0 0.640945
 0 0.640975
 0 0.641003
 0 0.641006
 0 0.641018
 0 0.641025
 0 0.641025
 0 0.641057
 0 0.641058
 0 0.641058
 0 0.641093
 0 0.641093
 0 0.641097
 0 0.641097
 0 0.64112
 0 0.64112
 0 0.641151
 0 0.641156
 0 0.641156
 0 0.641176
 0 0.641256
 0 0.641256
 0 0.641303
 0 0.641337
 0 0.641337
 0 0.641338
 0 0.641338
 0 0.641338
 0 0.641341
 0 0.641374
 0 0.641476
 0 0.641477
 0 0.641506
 0 0.641507
 0 0.641529
 0 0.641595
 0 0.641596
 0 0.641625
 0 0.641691
 0 0.641731
 0 0.641731
 0 0.641731
 0 0.641731
 0 0.641731
 0 0.641768
 0 0.641771
 0 0.641771
 0 0.641771
 0 0.641839
 0 0.641839
 0 0.641839
 0 0.641873
 0 0.641954
 0 0.641992
 0 0.641992
 0 0.641993
 0 0.641993
 0 0.641993
 0 0.642074
 0 0.642074
 0 0.642097
 0 0.642098
 0 0.642278
 0 0.642279
 0 0.642547
 0 0.642547
 0 0.642777
 0 0.642778
 0 0.643021
 0 0.643022
 0 0.643023
 0 0.643023
 0 0.643148
 0 0.643693
 0 0.643693
 0 0.643693
 0 0.644563
 0 0.644564
 0 0.644564
 0 0.645078
 0 0.645488
 0 0.645594
 0 0.645594
 0 0.645594
 0 0.64574
 0 0.645742
 0 0.646579
 0 0.646579
 0 0.647038
 0 0.647039
 0 0.647611
 0 0.647611
 0 0.647611
 0 0.647611
 0 0.688811
 0 0.688811
 0 0.688812
 0 0.689121
 0 0.689725
 0 0.689727
 0 inf
