 0 0.482713
 0 0.482713
 0 0.484242
 0 0.484243
 0 0.484243
 0 0.484243
 0 0.500254
 0 0.500792
 0 0.500792
 0 0.501196
 0 0.501197
 0 0.501197
 0 0.625924
 0 0.625925
 0 0.626461
 0 0.626462
 0 0.626664
 0 0.627201
 0 0.627778
 0 0.62778
 0 0.627782
 0 0.628068
 0 0.628068
 0 0.628181
 0 0.628247
 0 0.628271
 0 0.628336
 0 0.628336
 0 0.628336
 0 0.628338
 0 0.628338
 0 0.628339
 0 0.628408
 0 0.628409
 0 0.628493
 0 0.628639
 0 0.628639
 0 0.628639
 0 0.628669
 0 0.628701
 0 0.628701
 0 0.628719
 0 0.628771
 0 0.628773
 0 0.628796
 0 0.628796
 0 0.628796
 0 0.628796
 0 0.628838
 0 0.628839
 0 0.628839
 0 0.62886
 0 0.62887
 0 0.62887
 0 0.628871
 0 0.628879
 0 0.62892
 0 0.628961
 0 0.629008
 0 0.629099
 0 0.629099
 0 0.629184
 0 0.629188
 0 0.629188
 0 0.629243
 0 0.629269
 0 0.62927
 0 0.62927
 0 0.629315
 0 0.629325
 0 0.629325
 0 0.629334
 0 0.629335
 0 0.629335
 0 0.629335
 0 0.629335
 0 0.629379
 0 0.629379
 0 0.629395
 0 0.629415
 0 0.629416
 0 0.629443
 0 0.629443
 0 0.629464
 0 0.629479
 0 0.62948
 0 0.629545
 0 0.629563
 0 0.629607
 0 0.629609
 0 0.62961
 0 0.629625
 0 0.629625
 0 0.629676
 0 0.629676
 0 0.629677
 0 0.62969
 0 0.62969
 0 0.62969
 0 0.629747
 0 0.629759
 0 0.629759
 0 0.629769
 0 0.629769
 0 0.629769
 0 0.629776
 0 0.629813
 0 0.629813
 0 0.629844
 0 0.629844
 0 0.629845
 0 0.629854
 0 0.629855
 0 0.629867
 0 0.629879
 0 0.629879
 0 0.629879
 0 0.629891
 0 0.629949
 0 0.629952
 0 0.629952
 0 0.630022
 0 0.630023
 0 0.63005
 0 0.63005
 0 0.630118
 0 0.630119
 0 0.630121
 0 0.630141
 0 0.630141
 0 0.630147
 0 0.630178
 0 0.630188
 0 0.630189
 0 0.630191
 0 0.630191
 0 0.630201
 0 0.630201
 0 0.630201
 0 0.630201
 0 0.630202
 0 0.630206
 0 0.630207
 0 0.630221
 0 0.630221
 0 0.63023
 0 0.63023
 0 0.630239
 0 0.630259
 0 0.630264
 0 0.630264
 0 0.630265
 0 0.630265
 0 0.630271
 0 0.630277
 0 0.630277
 0 0.630279
 0 0.63029
 0 0.630348
 0 0.630349
 0 0.630357
 0 0.630358
 0 0.63037
 0 0.63037
 0 0.63037
 0 0.63037
 0 0.63037
 0 0.630392
 0 0.630392
 0 0.630392
 0 0.630402
 0 0.63042
 0 0.63042
 0 0.630422
 0 0.630422
 0 0.630424
 0 0.630442
 0 0.63046
 0 0.63046
 0 0.630461
 0 0.630462
 0 0.630464
 0 0.630469
 0 0.63047
 0 0.6305
 0 0.630509
 0 0.630509
 0 0.630509
 0 0.630543
 0 0.630544
 0 0.630544
 0 0.630544
 0 0.63057
 0 0.63057
 0 0.630572
 0 0.630646
 0 0.630646
 0 0.630648
 0 0.630648
 0 0.630648
 0 0.630665
 0 0.630665
 0 0.630683
 0 0.630683
 0 0.630687
 0 0.630697
 0 0.630699
 0 0.630699
 0 0.630722
 0 0.630723
 0 0.630724
 0 0.630728
 0 0.630741
 0 0.630741
 0 0.630742
 0 0.630749
 0 0.630749
 0 0.630785
 0 0.630787
 0 0.630842
 0 0.630845
 0 0.630868
 0 0.630868
 0 0.630868
 0 0.630921
 0 0.630921
 0 0.630921
 0 0.630931
 0 0.630931
 0 0.630936
 0 0.630938
 0 0.630966
 0 0.630969
 0 0.630981
 0 0.630981
 0 0.630994
 0 0.630996
 0 0.630996
 0 0.630996
 0 0.630996
 0 0.630997
 0 0.631008
 0 0.631008
 0 0.631016
 0 0.631026
 0 0.631026
 0 0.631031
 0 0.631067
 0 0.631067
 0 0.631067
 0 0.631067
 0 0.631067
 0 0.631076
 0 0.631077
 0 0.631084
 0 0.631091
 0 0.631096
 0 0.631103
 0 0.631103
 0 0.631103
 0 0.631103
 0 0.631158
 0 0.631161
 0 0.631162
 0 0.631162
 0 0.631165
 0 0.63119
 0 0.631194
 0 0.63121
 0 0.631211
 0 0.631213
 0 0.631236
 0 0.631236
 0 0.631238
 0 0.631254
 0 0.631268
 0 0.631269
 0 0.631269
 0 0.631274
 0 0.631282
 0 0.631284
 0 0.631293
 0 0.63131
 0 0.63131
 0 0.63132
 0 0.63132
 0 0.631323
 0 0.631324
 0 0.631324
 0 0.631324
 0 0.631324
 0 0.63133
 0 0.631331
 0 0.631331
 0 0.631331
 0 0.631331
 0 0.631339
 0 0.631341
 0 0.631341
 0 0.631357
 0 0.631365
 0 0.631367
 0 0.631369
 0 0.631369
 0 0.63137
 0 0.63138
 0 0.631387
 0 0.631387
 0 0.631446
 0 0.631446
 0 0.631448
 0 0.631449
 0 0.631449
 0 0.631453
 0 0.631453
 0 0.631454
 0 0.631454
 0 0.631482
 0 0.631482
 0 0.631489
 0 0.63149
 0 0.63149
 0 0.631496
 0 0.631498
 0 0.631498
 0 0.631498
 0 0.631498
 0 0.631498
 0 0.631519
 0 0.631533
 0 0.631536
 0 0.631555
 0 0.631556
 0 0.631567
 0 0.631567
 0 0.631576
 0 0.631578
 0 0.631581
 0 0.631584
 0 0.631584
 0 0.631597
 0 0.631605
 0 0.631614
 0 0.631614
 0 0.631614
 0 0.631615
 0 0.631625
 0 0.631625
 0 0.631641
 0 0.631641
 0 0.631645
 0 0.631645
 0 0.631646
 0 0.631668
 0 0.631668
 0 0.631669
 0 0.631691
 0 0.631692
 0 0.631701
 0 0.631701
 0 0.631702
 0 0.631706
 0 0.631709
 0 0.631709
 0 0.631709
 0 0.631709
 0 0.631714
 0 0.631716
 0 0.631731
 0 0.631735
 0 0.631739
 0 0.631739
 0 0.631745
 0 0.631745
 0 0.631752
 0 0.631756
 0 0.631757
 0 0.631757
 0 0.631774
 0 0.631792
 0 0.631804
 0 0.631805
 0 0.63183
 0 0.631831
 0 0.631831
 0 0.631831
 0 0.631831
 0 0.631839
 0 0.631839
 0 0.631839
 0 0.631839
 0 0.631845
 0 0.631846
 0 0.631868
 0 0.631868
 0 0.63188
 0 0.63188
 0 0.63188
 0 0.631881
 0 0.631887
 0 0.631895
 0 0.631903
 0 0.631903
 0 0.631906
 0 0.631906
 0 0.631906
 0 0.631907
 0 0.631911
 0 0.631919
 0 0.631921
 0 0.631926
 0 0.631927
 0 0.631936
 0 0.631937
 0 0.631937
 0 0.631938
 0 0.63194
 0 0.631941
 0 0.631951
 0 0.631951
 0 0.631953
 0 0.631958
 0 0.63196
 0 0.63196
 0 0.631968
 0 0.631968
 0 0.631972
 0 0.631972
 0 0.631979
 0 0.631979
 0 0.631979
 0 0.63198
 0 0.63198
 0 0.63198
 0 0.631994
 0 0.632023
 0 0.632024
 0 0.632024
 0 0.632024
 0 0.63203
 0 0.632041
 0 0.632052
 0 0.632052
 0 0.632052
 0 0.632055
 0 0.632064
 0 0.632082
 0 0.632082
 0 0.632091
 0 0.632091
 0 0.632103
 0 0.632103
 0 0.632103
 0 0.632106
 0 0.632106
 0 0.63211
 0 0.632111
 0 0.632113
 0 0.632116
 0 0.632116
 0 0.632117
 0 0.632117
 0 0.632118
 0 0.632122
 0 0.632123
 0 0.632123
 0 0.632134
 0 0.632135
 0 0.632148
 0 0.632148
 0 0.632156
 0 0.632156
 0 0.632156
 0 0.632162
 0 0.632162
 0 0.632162
 0 0.632162
 0 0.632162
 0 0.632165
 0 0.632172
 0 0.632179
 0 0.63218
 0 0.632182
 0 0.632207
 0 0.63221
 0 0.63221
 0 0.63221
 0 0.63221
 0 0.63221
 0 0.632236
 0 0.632237
 0 0.632237
 0 0.632254
 0 0.63226
 0 0.632267
 0 0.632267
 0 0.63227
 0 0.63227
 0 0.63227
 0 0.63227
 0 0.632273
 0 0.632281
 0 0.632294
 0 0.632296
 0 0.632298
 0 0.632299
 0 0.6323
 0 0.632305
 0 0.632305
 0 0.632305
 0 0.632317
 0 0.632317
 0 0.632318
 0 0.63232
 0 0.63232
 0 0.632333
 0 0.632335
 0 0.632352
 0 0.632352
 0 0.632352
 0 0.632361
 0 0.632362
 0 0.632363
 0 0.632363
 0 0.632364
 0 0.632364
 0 0.632364
 0 0.632383
 0 0.632386
 0 0.632386
 0 0.632386
 0 0.632386
 0 0.632396
 0 0.632396
 0 0.632398
 0 0.632398
 0 0.632399
 0 0.632409
 0 0.632412
 0 0.632412
 0 0.632416
 0 0.632416
 0 0.632424
 0 0.632424
 0 0.632425
 0 0.632426
 0 0.63244
 0 0.632442
 0 0.632442
 0 0.632445
 0 0.632448
 0 0.632462
 0 0.632462
 0 0.632482
 0 0.632488
 0 0.632488
 0 0.632489
 0 0.632493
 0 0.632495
 0 0.632495
 0 0.632495
 0 0.632507
 0 0.632513
 0 0.632513
 0 0.632515
 0 0.632515
 0 0.632521
 0 0.632521
 0 0.632532
 0 0.632533
 0 0.632542
 0 0.632544
 0 0.632555
 0 0.632561
 0 0.632571
 0 0.632571
 0 0.632571
 0 0.632571
 0 0.632577
 0 0.632578
 0 0.63258
 0 0.63258
 0 0.632589
 0 0.632589
 0 0.63259
 0 0.63259
 0 0.63259
 0 0.63259
 0 0.63259
 0 0.632597
 0 0.632597
 0 0.632598
 0 0.632599
 0 0.632599
 0 0.632602
 0 0.632602
 0 0.632604
 0 0.632604
 0 0.632605
 0 0.63261
 0 0.632616
 0 0.632617
 0 0.632618
 0 0.632622
 0 0.63263
 0 0.63263
 0 0.632631
 0 0.632632
 0 0.632633
 0 0.632635
 0 0.632635
 0 0.632636
 0 0.632643
 0 0.632643
 0 0.632646
 0 0.632647
 0 0.632665
 0 0.632666
 0 0.632666
 0 0.632666
 0 0.632666
 0 0.632681
 0 0.632681
 0 0.632695
 0 0.632712
 0 0.632713
 0 0.632713
 0 0.632713
 0 0.632717
 0 0.632717
 0 0.632723
 0 0.632732
 0 0.632733
 0 0.632747
 0 0.632748
 0 0.632768
 0 0.63277
 0 0.632772
 0 0.632772
 0 0.632773
 0 0.632777
 0 0.632792
 0 0.632793
 0 0.632793
 0 0.632793
 0 0.632794
 0 0.632805
 0 0.632812
 0 0.632812
 0 0.632819
 0 0.632831
 0 0.632831
 0 0.632831
 0 0.632858
 0 0.632861
 0 0.632862
 0 0.632863
 0 0.632865
 0 0.632875
 0 0.63288
 0 0.632881
 0 0.632883
 0 0.632883
 0 0.632888
 0 0.632888
 0 0.63289
 0 0.632915
 0 0.632915
 0 0.632923
 0 0.632923
 0 0.632934
 0 0.632934
 0 0.632936
 0 0.632936
 0 0.632936
 0 0.632957
 0 0.632957
 0 0.632959
 0 0.632959
 0 0.632975
 0 0.632975
 0 0.632978
 0 0.632978
 0 0.632979
 0 0.632983
 0 0.632983
 0 0.632985
 0 0.632985
 0 0.632987
 0 0.632988
 0 0.632989
 0 0.633
 0 0.633
 0 0.633004
 0 0.633004
 0 0.633005
 0 0.633005
 0 0.633006
 0 0.633006
 0 0.633019
 0 0.633019
 0 0.63302
 0 0.63302
 0 0.633027
 0 0.633044
 0 0.633063
 0 0.633063
 0 0.633063
 0 0.633064
 0 0.633065
 0 0.633065
 0 0.633065
 0 0.633065
 0 0.633075
 0 0.633076
 0 0.633076
 0 0.633088
 0 0.633089
 0 0.633089
 0 0.633095
 0 0.633108
 0 0.633108
 0 0.633117
 0 0.633117
 0 0.633118
 0 0.63313
 0 0.63313
 0 0.633134
 0 0.633134
 0 0.633135
 0 0.633136
 0 0.633136
 0 0.633136
 0 0.633138
 0 0.633146
 0 0.633147
 0 0.633147
 0 0.633147
 0 0.633154
 0 0.633155
 0 0.633155
 0 0.633158
 0 0.633159
 0 0.633167
 0 0.63317
 0 0.633171
 0 0.633171
 0 0.633171
 0 0.633179
 0 0.633183
 0 0.633194
 0 0.633195
 0 0.633195
 0 0.633203
 0 0.633205
 0 0.633218
 0 0.633218
 0 0.633219
 0 0.633219
 0 0.633219
 0 0.633223
 0 0.633233
 0 0.633233
 0 0.633233
 0 0.633235
 0 0.633237
 0 0.633241
 0 0.633257
 0 0.633258
 0 0.633261
 0 0.633269
 0 0.633272
 0 0.633272
 0 0.633296
 0 0.633296
 0 0.633296
 0 0.633308
 0 0.633308
 0 0.633332
 0 0.633332
 0 0.633336
 0 0.633336
 0 0.633337
 0 0.633349
 0 0.63335
 0 0.63335
 0 0.633378
 0 0.633378
 0 0.633378
 0 0.633379
 0 0.633383
 0 0.633383
 0 0.633383
 0 0.633395
 0 0.633404
 0 0.633408
 0 0.633409
 0 0.633425
 0 0.633427
 0 0.633431
 0 0.633431
 0 0.633432
 0 0.633432
 0 0.633432
 0 0.633432
 0 0.633437
 0 0.633442
 0 0.633442
 0 0.633449
 0 0.633455
 0 0.633483
 0 0.633483
 0 0.633483
 0 0.633487
 0 0.633497
 0 0.633515
 0 0.633516
 0 0.633516
 0 0.633516
 0 0.633517
 0 0.633527
 0 0.63355
 0 0.63355
 0 0.63355
 0 0.633552
 0 0.633565
 0 0.633572
 0 0.633573
 0 0.633573
 0 0.633576
 0 0.633577
 0 0.633594
 0 0.633594
 0 0.633605
 0 0.633605
 0 0.633608
 0 0.633625
 0 0.633625
 0 0.633641
 0 0.633641
 0 0.633641
 0 0.633641
 0 0.633643
 0 0.633643
 0 0.633644
 0 0.633644
 0 0.633644
 0 0.633644
 0 0.633651
 0 0.633651
 0 0.633654
 0 0.633654
 0 0.633654
 0 0.633655
 0 0.633655
 0 0.63366
 0 0.633668
 0 0.633668
 0 0.633668
 0 0.63367
 0 0.633671
 0 0.633671
 0 0.633671
 0 0.633673
 0 0.633673
 0 0.633673
 0 0.633674
 0 0.633677
 0 0.633677
 0 0.633677
 0 0.633686
 0 0.633686
 0 0.633686
 0 0.633686
 0 0.633688
 0 0.633695
 0 0.6337
 0 0.633701
 0 0.63372
 0 0.63372
 0 0.63372
 0 0.63372
 0 0.63372
 0 0.633723
 0 0.633725
 0 0.633738
 0 0.633752
 0 0.633753
 0 0.633762
 0 0.633765
 0 0.633766
 0 0.633774
 0 0.633775
 0 0.633778
 0 0.633778
 0 0.633778
 0 0.63378
 0 0.633784
 0 0.633784
 0 0.633784
 0 0.633785
 0 0.633785
 0 0.63379
 0 0.633792
 0 0.633793
 0 0.633793
 0 0.633809
 0 0.633809
 0 0.633809
 0 0.633809
 0 0.633809
 0 0.633809
 0 0.63381
 0 0.633811
 0 0.633815
 0 0.633815
 0 0.633815
 0 0.633831
 0 0.633832
 0 0.633833
 0 0.633837
 0 0.633838
 0 0.63385
 0 0.633853
 0 0.633862
 0 0.633862
 0 0.633865
 0 0.633866
 0 0.633866
 0 0.63388
 0 0.63388
 0 0.633887
 0 0.633897
 0 0.633897
 0 0.633897
 0 0.633898
 0 0.633916
 0 0.633916
 0 0.633916
 0 0.633916
 0 0.633916
 0 0.633923
 0 0.633923
 0 0.633923
 0 0.633923
 0 0.633924
 0 0.633924
 0 0.633926
 0 0.633926
 0 0.633926
 0 0.633929
 0 0.63396
 0 0.63396
 0 0.633961
 0 0.633961
 0 0.633961
 0 0.633967
 0 0.633968
 0 0.633982
 0 0.633982
 0 0.633982
 0 0.633991
 0 0.633992
 0 0.634002
 0 0.634008
 0 0.63401
 0 0.63401
 0 0.63401
 0 0.634021
 0 0.634022
 0 0.634023
 0 0.634023
 0 0.634023
 0 0.634023
 0 0.634023
 0 0.634051
 0 0.634051
 0 0.634054
 0 0.634059
 0 0.634064
 0 0.634065
 0 0.634077
 0 0.634077
 0 0.634086
 0 0.634086
 0 0.634088
 0 0.634088
 0 0.634088
 0 0.634089
 0 0.634091
 0 0.634103
 0 0.634103
 0 0.634112
 0 0.634115
 0 0.634118
 0 0.634137
 0 0.634139
 0 0.634144
 0 0.634145
 0 0.634146
 0 0.634146
 0 0.634146
 0 0.634162
 0 0.634162
 0 0.634176
 0 0.634176
 0 0.634184
 0 0.634184
 0 0.634185
 0 0.634207
 0 0.634207
 0 0.634208
 0 0.634213
 0 0.634214
 0 0.634215
 0 0.634215
 0 0.634215
 0 0.634219
 0 0.634221
 0 0.634221
 0 0.634222
 0 0.634222
 0 0.634223
 0 0.634223
 0 0.63423
 0 0.63423
 0 0.634231
 0 0.634232
 0 0.634233
 0 0.634234
 0 0.634234
 0 0.634234
 0 0.634235
 0 0.634238
 0 0.634238
 0 0.634239
 0 0.634247
 0 0.634254
 0 0.634268
 0 0.634275
 0 0.63428
 0 0.63428
 0 0.63428
 0 0.634281
 0 0.634282
 0 0.634282
 0 0.634282
 0 0.634283
 0 0.634294
 0 0.634306
 0 0.634306
 0 0.634307
 0 0.634334
 0 0.634336
 0 0.634338
 0 0.634348
 0 0.634351
 0 0.634351
 0 0.634351
 0 0.634351
 0 0.634353
 0 0.634371
 0 0.634373
 0 0.634373
 0 0.634373
 0 0.634374
 0 0.634383
 0 0.634385
 0 0.634386
 0 0.634386
 0 0.634389
 0 0.63439
 0 0.63439
 0 0.634398
 0 0.634398
 0 0.634405
 0 0.634407
 0 0.634409
 0 0.634409
 0 0.63444
 0 0.634445
 0 0.634454
 0 0.634454
 0 0.634454
 0 0.634456
 0 0.634458
 0 0.634459
 0 0.634459
 0 0.634459
 0 0.634477
 0 0.634478
 0 0.634481
 0 0.634481
 0 0.634481
 0 0.634485
 0 0.634485
 0 0.634485
 0 0.634517
 0 0.634519
 0 0.634519
 0 0.634519
 0 0.634519
 0 0.634545
 0 0.634547
 0 0.634576
 0 0.634579
 0 0.634579
 0 0.63458
 0 0.634581
 0 0.634591
 0 0.634592
 0 0.634609
 0 0.63461
 0 0.634634
 0 0.634635
 0 0.634645
 0 0.634647
 0 0.634647
 0 0.634651
 0 0.634653
 0 0.634653
 0 0.634653
 0 0.634657
 0 0.634657
 0 0.634659
 0 0.634684
 0 0.634692
 0 0.634693
 0 0.634697
 0 0.634697
 0 0.634708
 0 0.634708
 0 0.634718
 0 0.634724
 0 0.634725
 0 0.634747
 0 0.634749
 0 0.634749
 0 0.634753
 0 0.634754
 0 0.634754
 0 0.634754
 0 0.634755
 0 0.634755
 0 0.634756
 0 0.634767
 0 0.634769
 0 0.634769
 0 0.634788
 0 0.634793
 0 0.634795
 0 0.634795
 0 0.634798
 0 0.634804
 0 0.634805
 0 0.634812
 0 0.634817
 0 0.634817
 0 0.634818
 0 0.634818
 0 0.634818
 0 0.634827
 0 0.634828
 0 0.634836
 0 0.634843
 0 0.634884
 0 0.634894
 0 0.634897
 0 0.634897
 0 0.6349
 0 0.634901
 0 0.634911
 0 0.634921
 0 0.634922
 0 0.634922
 0 0.634926
 0 0.634926
 0 0.634927
 0 0.63494
 0 0.63494
 0 0.63494
 0 0.634946
 0 0.634953
 0 0.634954
 0 0.634959
 0 0.634961
 0 0.634961
 0 0.63497
 0 0.63497
 0 0.63497
 0 0.634984
 0 0.635
 0 0.635
 0 0.635
 0 0.635001
 0 0.635002
 0 0.635003
 0 0.635004
 0 0.635016
 0 0.635016
 0 0.635023
 0 0.635032
 0 0.635032
 0 0.635032
 0 0.635032
 0 0.635033
 0 0.635037
 0 0.635041
 0 0.635041
 0 0.635057
 0 0.635058
 0 0.635066
 0 0.635071
 0 0.635071
 0 0.635071
 0 0.635079
 0 0.635079
 0 0.63508
 0 0.635101
 0 0.635113
 0 0.635113
 0 0.635115
 0 0.635115
 0 0.635115
 0 0.635122
 0 0.635122
 0 0.635122
 0 0.635142
 0 0.635142
 0 0.635142
 0 0.635144
 0 0.635148
 0 0.63515
 0 0.635154
 0 0.635155
 0 0.635155
 0 0.635156
 0 0.635157
 0 0.63516
 0 0.635162
 0 0.635162
 0 0.635172
 0 0.635189
 0 0.635204
 0 0.63521
 0 0.635225
 0 0.635225
 0 0.635229
 0 0.635229
 0 0.63523
 0 0.63523
 0 0.635231
 0 0.635231
 0 0.635237
 0 0.635237
 0 0.635242
 0 0.635243
 0 0.635243
 0 0.635264
 0 0.635265
 0 0.635272
 0 0.635272
 0 0.635275
 0 0.635285
 0 0.635296
 0 0.635312
 0 0.635312
 0 0.635314
 0 0.635314
 0 0.635315
 0 0.635315
 0 0.635316
 0 0.635317
 0 0.635317
 0 0.635333
 0 0.635334
 0 0.635343
 0 0.635343
 0 0.635343
 0 0.635343
 0 0.635347
 0 0.635347
 0 0.635349
 0 0.63535
 0 0.635375
 0 0.635381
 0 0.635382
 0 0.635382
 0 0.635393
 0 0.635393
 0 0.635398
 0 0.635398
 0 0.635398
 0 0.635405
 0 0.635405
 0 0.635413
 0 0.635413
 0 0.635447
 0 0.635448
 0 0.635448
 0 0.635454
 0 0.635454
 0 0.635454
 0 0.635454
 0 0.635457
 0 0.635457
 0 0.635457
 0 0.635457
 0 0.635458
 0 0.635464
 0 0.635495
 0 0.6355
 0 0.635505
 0 0.635549
 0 0.635549
 0 0.63555
 0 0.63555
 0 0.635563
 0 0.635578
 0 0.635578
 0 0.635579
 0 0.635579
 0 0.635579
 0 0.635579
 0 0.635588
 0 0.635589
 0 0.635591
 0 0.635593
 0 0.635594
 0 0.635611
 0 0.635623
 0 0.635624
 0 0.635627
 0 0.635627
 0 0.635627
 0 0.635627
 0 0.63565
 0 0.635651
 0 0.635662
 0 0.635674
 0 0.635674
 0 0.635682
 0 0.635682
 0 0.635686
 0 0.635699
 0 0.6357
 0 0.635703
 0 0.635762
 0 0.635782
 0 0.635782
 0 0.635783
 0 0.635785
 0 0.635794
 0 0.635802
 0 0.635804
 0 0.63581
 0 0.635848
 0 0.63586
 0 0.635951
 0 0.635951
 0 0.635995
 0 0.636008
 0 0.636018
 0 0.636062
 0 0.636071
 0 0.636071
 0 0.63608
 0 0.63608
 0 0.636088
 0 0.636088
 0 0.636102
 0 0.636104
 0 0.636114
 0 0.63612
 0 0.63612
 0 0.636121
 0 0.636121
 0 0.636136
 0 0.636149
 0 0.636149
 0 0.636149
 0 0.636198
 0 0.636199
 0 0.636199
 0 0.6362
 0 0.6362
 0 0.6362
 0 0.636202
 0 0.636202
 0 0.636202
 0 0.636202
 0 0.636203
 0 0.63622
 0 0.636221
 0 0.636221
 0 0.636221
 0 0.636252
 0 0.636259
 0 0.636259
 0 0.636285
 0 0.636306
 0 0.63632
 0 0.636321
 0 0.636395
 0 0.6364
 0 0.6364
 0 0.636425
 0 0.636425
 0 0.636438
 0 0.636455
 0 0.636463
 0 0.636504
 0 0.636504
 0 0.636523
 0 0.636584
 0 0.636588
 0 0.636589
 0 0.636596
 0 0.636596
 0 0.636656
 0 0.636701
 0 0.636742
 0 0.636742
 0 0.636768
 0 0.636831
 0 0.636833
 0 0.636833
 0 0.636959
 0 0.637006
 0 0.637008
 0 0.637032
 0 0.637032
 0 0.637084
 0 0.637085
 0 0.63729
 0 0.637307
 0 0.637307
 0 0.637307
 0 0.637375
 0 0.637377
 0 0.637395
 0 0.637395
 0 0.637401
 0 0.637446
 0 0.637458
 0 0.637491
 0 0.6375
 0 0.6375
 0 0.6375
 0 0.6375
 0 0.637569
 0 0.637569
 0 0.637655
 0 0.637655
 0 0.637656
 0 0.637715
 0 0.637805
 0 0.637873
 0 0.637889
 0 0.637891
 0 0.637891
 0 0.637895
 0 0.637919
 0 0.637995
 0 0.638066
 0 0.638113
 0 0.638113
 0 0.638114
 0 0.638248
 0 0.638272
 0 0.63829
 0 0.63829
 0 0.638298
 0 0.638298
 0 0.638298
 0 0.63831
 0 0.638384
 0 0.638437
 0 0.638519
 0 0.638519
 0 0.638519
 0 0.63852
 0 0.63852
 0 0.638578
 0 0.63858
 0 0.63858
 0 0.63864
 0 0.638663
 0 0.638724
 0 0.638724
 0 0.638724
 0 0.638724
 0 0.638777
 0 0.638777
 0 0.638832
 0 0.638947
 0 0.638947
 0 0.638949
 0 0.638949
 0 0.63899
 0 0.63899
 0 0.639142
 0 0.639243
 0 0.639302
 0 0.639302
 0 0.639608
 0 0.6397
 0 0.639701
 0 0.639701
 0 0.639828
 0 0.63986
 0 0.63986
 0 0.639871
 0 0.639871
 0 0.639873
 0 0.639989
 0 0.639989
 0 0.640054
 0 0.640101
 0 0.640341
 0 0.640341
 0 0.640343
 0 0.640526
 0 0.640528
 0 0.640585
 0 0.640585
 0 0.640587
 0 0.640604
 0 0.641136
 0 0.641136
 0 0.64119
 0 0.64119
 0 0.641191
 0 0.641294
 0 0.641294
 0 0.641376
 0 0.641812
 0 0.641812
 0 0.642082
 0 0.642294
 0 0.642689
 0 0.64269
 0 inf
