 0 0.477152
 0 0.477153
 0 0.477154
 0 0.477154
 0 0.477543
 0 0.478129
 0 0.496116
 0 0.496118
 0 0.496257
 0 0.496258
 0 0.49626
 0 0.49626
 0 0.498889
 0 0.498889
 0 0.499
 0 0.499
 0 0.499
 0 0.499938
 0 0.504383
 0 0.504387
 0 0.504825
 0 0.504826
 0 0.504829
 0 0.50568
 0 0.505795
 0 0.505876
 0 0.506123
 0 0.506204
 0 0.506208
 0 0.506266
 0 0.506267
 0 0.506267
 0 0.506267
 0 0.506498
 0 0.507564
 0 0.507564
 0 0.510133
 0 0.510306
 0 0.51077
 0 0.510945
 0 0.510945
 0 0.51106
 0 0.553223
 0 0.554196
 0 0.554196
 0 0.554197
 0 0.55422
 0 0.554222
 0 0.570323
 0 0.570323
 0 0.570931
 0 0.57118
 0 0.57118
 0 0.571785
 0 0.624215
 0 0.625095
 0 0.625095
 0 0.625463
 0 0.625464
 0 0.625464
 0 0.625702
 0 0.626284
 0 0.626285
 0 0.626285
 0 0.626308
 0 0.62631
 0 0.626396
 0 0.626397
 0 0.626399
 0 0.626399
 0 0.626399
 0 0.626484
 0 0.626484
 0 0.626484
 0 0.626484
 0 0.626604
 0 0.62669
 0 0.626693
 0 0.626693
 0 0.626736
 0 0.626769
 0 0.626769
 0 0.626771
 0 0.626771
 0 0.626789
 0 0.627082
 0 0.627084
 0 0.627085
 0 0.627092
 0 0.627092
 0 0.627097
 0 0.627101
 0 0.627102
 0 0.627105
 0 0.627124
 0 0.627125
 0 0.627138
 0 0.627139
 0 0.627141
 0 0.627141
 0 0.627142
 0 0.627142
 0 0.627189
 0 0.627192
 0 0.627192
 0 0.627259
 0 0.627259
 0 0.627391
 0 0.627392
 0 0.627393
 0 0.627393
 0 0.627393
 0 0.627393
 0 0.627417
 0 0.627418
 0 0.627441
 0 0.627467
 0 0.627467
 0 0.627482
 0 0.627504
 0 0.627577
 0 0.627606
 0 0.627609
 0 0.627695
 0 0.627728
 0 0.627853
 0 0.62787
 0 0.62787
 0 0.627877
 0 0.627969
 0 0.627971
 0 0.628001
 0 0.628001
 0 0.628002
 0 0.628005
 0 0.628029
 0 0.628118
 0 0.628118
 0 0.628252
 0 0.628253
 0 0.628295
 0 0.628341
 0 0.628343
 0 0.628344
 0 0.62835
 0 0.628352
 0 0.628352
 0 0.628352
 0 0.628352
 0 0.628352
 0 0.62836
 0 0.628361
 0 0.628391
 0 0.628391
 0 0.628462
 0 0.628534
 0 0.628534
 0 0.628616
 0 0.62862
 0 0.628631
 0 0.628631
 0 0.628632
 0 0.628781
 0 0.628784
 0 0.628814
 0 0.628832
 0 0.628834
 0 0.628835
 0 0.628835
 0 0.628835
 0 0.628843
 0 0.628843
 0 0.628843
 0 0.628843
 0 0.628874
 0 0.628874
 0 0.628906
 0 0.628907
 0 0.628908
 0 0.628908
 0 0.628919
 0 0.628919
 0 0.62892
 0 0.628922
 0 0.628922
 0 0.628987
 0 0.62902
 0 0.62902
 0 0.629068
 0 0.629069
 0 0.629095
 0 0.629095
 0 0.629098
 0 0.629159
 0 0.629159
 0 0.629169
 0 0.62917
 0 0.629211
 0 0.629211
 0 0.629257
 0 0.629258
 0 0.629283
 0 0.629285
 0 0.629327
 0 0.629328
 0 0.629332
 0 0.629332
 0 0.629332
 0 0.629332
 0 0.629395
 0 0.629413
 0 0.629438
 0 0.629439
 0 0.62944
 0 0.62944
 0 0.629476
 0 0.629476
 0 0.629478
 0 0.62948
 0 0.629526
 0 0.629526
 0 0.629526
 0 0.629531
 0 0.629531
 0 0.629532
 0 0.629544
 0 0.629575
 0 0.629589
 0 0.629592
 0 0.629592
 0 0.629626
 0 0.629626
 0 0.629671
 0 0.629671
 0 0.629671
 0 0.629695
 0 0.629696
 0 0.629721
 0 0.629728
 0 0.629728
 0 0.629734
 0 0.629734
 0 0.629785
 0 0.629801
 0 0.629801
 0 0.629803
 0 0.629811
 0 0.629814
 0 0.629814
 0 0.629814
 0 0.629815
 0 0.629865
 0 0.629865
 0 0.629865
 0 0.629902
 0 0.629918
 0 0.629918
 0 0.629973
 0 0.629973
 0 0.629975
 0 0.62998
 0 0.630031
 0 0.630031
 0 0.630049
 0 0.630055
 0 0.630055
 0 0.630062
 0 0.630062
 0 0.630096
 0 0.630097
 0 0.630127
 0 0.630129
 0 0.630143
 0 0.630143
 0 0.630178
 0 0.630179
 0 0.630184
 0 0.630185
 0 0.630185
 0 0.630208
 0 0.630209
 0 0.630211
 0 0.630254
 0 0.630254
 0 0.630255
 0 0.630256
 0 0.630256
 0 0.630262
 0 0.630264
 0 0.630264
 0 0.630266
 0 0.630271
 0 0.630272
 0 0.630273
 0 0.630304
 0 0.630305
 0 0.630337
 0 0.630337
 0 0.630338
 0 0.630347
 0 0.630347
 0 0.630367
 0 0.630389
 0 0.630408
 0 0.630412
 0 0.630412
 0 0.630416
 0 0.630416
 0 0.630418
 0 0.630418
 0 0.630418
 0 0.630426
 0 0.630448
 0 0.630452
 0 0.630481
 0 0.630481
 0 0.630481
 0 0.630492
 0 0.630493
 0 0.630493
 0 0.630495
 0 0.630496
 0 0.630516
 0 0.630518
 0 0.630518
 0 0.630518
 0 0.63052
 0 0.63052
 0 0.630556
 0 0.630558
 0 0.630558
 0 0.630562
 0 0.630563
 0 0.630563
 0 0.630563
 0 0.630563
 0 0.630568
 0 0.63057
 0 0.63057
 0 0.630582
 0 0.630582
 0 0.630588
 0 0.630625
 0 0.630626
 0 0.630634
 0 0.630634
 0 0.630652
 0 0.630655
 0 0.630661
 0 0.630661
 0 0.630661
 0 0.630673
 0 0.630673
 0 0.630687
 0 0.630688
 0 0.630688
 0 0.630765
 0 0.630765
 0 0.630779
 0 0.630782
 0 0.630782
 0 0.630784
 0 0.630786
 0 0.630786
 0 0.630786
 0 0.630789
 0 0.630805
 0 0.630813
 0 0.630816
 0 0.630849
 0 0.630849
 0 0.630849
 0 0.630884
 0 0.630915
 0 0.630915
 0 0.630936
 0 0.630968
 0 0.630971
 0 0.630974
 0 0.630974
 0 0.630974
 0 0.630978
 0 0.631001
 0 0.631001
 0 0.631001
 0 0.631048
 0 0.631051
 0 0.631052
 0 0.631052
 0 0.631052
 0 0.631053
 0 0.631053
 0 0.631053
 0 0.631054
 0 0.631105
 0 0.631105
 0 0.631105
 0 0.631106
 0 0.63112
 0 0.631141
 0 0.631142
 0 0.631143
 0 0.631143
 0 0.631143
 0 0.631148
 0 0.631181
 0 0.631183
 0 0.631194
 0 0.631194
 0 0.631194
 0 0.631203
 0 0.631209
 0 0.631217
 0 0.631251
 0 0.631251
 0 0.631269
 0 0.631269
 0 0.63127
 0 0.63127
 0 0.631271
 0 0.631312
 0 0.631313
 0 0.63132
 0 0.631328
 0 0.631355
 0 0.631357
 0 0.631357
 0 0.631392
 0 0.631398
 0 0.631398
 0 0.6314
 0 0.6314
 0 0.631402
 0 0.631428
 0 0.631429
 0 0.631438
 0 0.631438
 0 0.631452
 0 0.631453
 0 0.631454
 0 0.631487
 0 0.631488
 0 0.631503
 0 0.63154
 0 0.63154
 0 0.631554
 0 0.631565
 0 0.631586
 0 0.631647
 0 0.631647
 0 0.631661
 0 0.631661
 0 0.631707
 0 0.631721
 0 0.631734
 0 0.631737
 0 0.631737
 0 0.631748
 0 0.631754
 0 0.631764
 0 0.631765
 0 0.631766
 0 0.631777
 0 0.631779
 0 0.631791
 0 0.631791
 0 0.631795
 0 0.63181
 0 0.631811
 0 0.631815
 0 0.631816
 0 0.631835
 0 0.631838
 0 0.631839
 0 0.631841
 0 0.631843
 0 0.631855
 0 0.631858
 0 0.631883
 0 0.631891
 0 0.631902
 0 0.631975
 0 0.631995
 0 0.631996
 0 0.632009
 0 0.632009
 0 0.632009
 0 0.632012
 0 0.632039
 0 0.632039
 0 0.632039
 0 0.63204
 0 0.632047
 0 0.632047
 0 0.632049
 0 0.632049
 0 0.632049
 0 0.632059
 0 0.632071
 0 0.632074
 0 0.632081
 0 0.632081
 0 0.632081
 0 0.632081
 0 0.632102
 0 0.632103
 0 0.63215
 0 0.63215
 0 0.63215
 0 0.632151
 0 0.632167
 0 0.632168
 0 0.632169
 0 0.632196
 0 0.632198
 0 0.632216
 0 0.632217
 0 0.63223
 0 0.632232
 0 0.632237
 0 0.632243
 0 0.632255
 0 0.632255
 0 0.632257
 0 0.632259
 0 0.632293
 0 0.632316
 0 0.632323
 0 0.632325
 0 0.632325
 0 0.63233
 0 0.632331
 0 0.632338
 0 0.632344
 0 0.632399
 0 0.632418
 0 0.632419
 0 0.632419
 0 0.632451
 0 0.632452
 0 0.632457
 0 0.632457
 0 0.632457
 0 0.632461
 0 0.632462
 0 0.632476
 0 0.632493
 0 0.632494
 0 0.632497
 0 0.632532
 0 0.632532
 0 0.632567
 0 0.632607
 0 0.632608
 0 0.632616
 0 0.632617
 0 0.63262
 0 0.632622
 0 0.632636
 0 0.632658
 0 0.632683
 0 0.632684
 0 0.632684
 0 0.632684
 0 0.632684
 0 0.632715
 0 0.632715
 0 0.632716
 0 0.632718
 0 0.632718
 0 0.632718
 0 0.63272
 0 0.632733
 0 0.632735
 0 0.632738
 0 0.63274
 0 0.632756
 0 0.632756
 0 0.632756
 0 0.632778
 0 0.632779
 0 0.632786
 0 0.632825
 0 0.632826
 0 0.632826
 0 0.632834
 0 0.63284
 0 0.632856
 0 0.632873
 0 0.632911
 0 0.632911
 0 0.632912
 0 0.63294
 0 0.632941
 0 0.632941
 0 0.632944
 0 0.632948
 0 0.632948
 0 0.63295
 0 0.632952
 0 0.632952
 0 0.632952
 0 0.632977
 0 0.632977
 0 0.632977
 0 0.632978
 0 0.633044
 0 0.633056
 0 0.633056
 0 0.633057
 0 0.633057
 0 0.633058
 0 0.633066
 0 0.633079
 0 0.633079
 0 0.633095
 0 0.633096
 0 0.633096
 0 0.633107
 0 0.633107
 0 0.63312
 0 0.633167
 0 0.633167
 0 0.633167
 0 0.633168
 0 0.633168
 0 0.633209
 0 0.63321
 0 0.63321
 0 0.63321
 0 0.633232
 0 0.633234
 0 0.633257
 0 0.633259
 0 0.633298
 0 0.633298
 0 0.6333
 0 0.6333
 0 0.633302
 0 0.63331
 0 0.633335
 0 0.633337
 0 0.633339
 0 0.633347
 0 0.633375
 0 0.633375
 0 0.633378
 0 0.633395
 0 0.633397
 0 0.633437
 0 0.633469
 0 0.633469
 0 0.63347
 0 0.633514
 0 0.633515
 0 0.633519
 0 0.633519
 0 0.63352
 0 0.63352
 0 0.63352
 0 0.633521
 0 0.633523
 0 0.633523
 0 0.633534
 0 0.633537
 0 0.633537
 0 0.633538
 0 0.633538
 0 0.633549
 0 0.633549
 0 0.633549
 0 0.63355
 0 0.63355
 0 0.63355
 0 0.633569
 0 0.63357
 0 0.63357
 0 0.633571
 0 0.633572
 0 0.633572
 0 0.633582
 0 0.633583
 0 0.633583
 0 0.633596
 0 0.633612
 0 0.633612
 0 0.633613
 0 0.63366
 0 0.633736
 0 0.633736
 0 0.633752
 0 0.633752
 0 0.633767
 0 0.633774
 0 0.633779
 0 0.633779
 0 0.633779
 0 0.633779
 0 0.633781
 0 0.633782
 0 0.633785
 0 0.633787
 0 0.633803
 0 0.633811
 0 0.633885
 0 0.633887
 0 0.633887
 0 0.633887
 0 0.633896
 0 0.633917
 0 0.633918
 0 0.633925
 0 0.633925
 0 0.633937
 0 0.633937
 0 0.633938
 0 0.633939
 0 0.633949
 0 0.633949
 0 0.633953
 0 0.633968
 0 0.633969
 0 0.63397
 0 0.63397
 0 0.633972
 0 0.633981
 0 0.633983
 0 0.633983
 0 0.633985
 0 0.633985
 0 0.633987
 0 0.633988
 0 0.633991
 0 0.633999
 0 0.633999
 0 0.634028
 0 0.634029
 0 0.634031
 0 0.634041
 0 0.634044
 0 0.634044
 0 0.634045
 0 0.634058
 0 0.634058
 0 0.634058
 0 0.634106
 0 0.634106
 0 0.634122
 0 0.634122
 0 0.634133
 0 0.634134
 0 0.634134
 0 0.634136
 0 0.634136
 0 0.634178
 0 0.634194
 0 0.634198
 0 0.634216
 0 0.634216
 0 0.634216
 0 0.63423
 0 0.63423
 0 0.63423
 0 0.634231
 0 0.634232
 0 0.634234
 0 0.634257
 0 0.634258
 0 0.634278
 0 0.634278
 0 0.634279
 0 0.634283
 0 0.634286
 0 0.634291
 0 0.634291
 0 0.634292
 0 0.634292
 0 0.634292
 0 0.634314
 0 0.63432
 0 0.634321
 0 0.634324
 0 0.634339
 0 0.634339
 0 0.634373
 0 0.634383
 0 0.634393
 0 0.634417
 0 0.634426
 0 0.634428
 0 0.634428
 0 0.63443
 0 0.634434
 0 0.634436
 0 0.634453
 0 0.634454
 0 0.634454
 0 0.634456
 0 0.634456
 0 0.634477
 0 0.634497
 0 0.634498
 0 0.634498
 0 0.634506
 0 0.634507
 0 0.63454
 0 0.63454
 0 0.634542
 0 0.63457
 0 0.634571
 0 0.634571
 0 0.634571
 0 0.634572
 0 0.634586
 0 0.634587
 0 0.634601
 0 0.634601
 0 0.634631
 0 0.634646
 0 0.634646
 0 0.634647
 0 0.634669
 0 0.634669
 0 0.634671
 0 0.634677
 0 0.634678
 0 0.634678
 0 0.634692
 0 0.634692
 0 0.6347
 0 0.634733
 0 0.63474
 0 0.63474
 0 0.634747
 0 0.634759
 0 0.634761
 0 0.634814
 0 0.634814
 0 0.634814
 0 0.634842
 0 0.634857
 0 0.634857
 0 0.634903
 0 0.634903
 0 0.634903
 0 0.634905
 0 0.634909
 0 0.634911
 0 0.634911
 0 0.634911
 0 0.634912
 0 0.634926
 0 0.634927
 0 0.634949
 0 0.63495
 0 0.634952
 0 0.634978
 0 0.634994
 0 0.635039
 0 0.635072
 0 0.635099
 0 0.635102
 0 0.635102
 0 0.63517
 0 0.635171
 0 0.635191
 0 0.635198
 0 0.635199
 0 0.635213
 0 0.635216
 0 0.635242
 0 0.635243
 0 0.635243
 0 0.635245
 0 0.635254
 0 0.635255
 0 0.635256
 0 0.635303
 0 0.635305
 0 0.635315
 0 0.635315
 0 0.635315
 0 0.635315
 0 0.635316
 0 0.635322
 0 0.635335
 0 0.635335
 0 0.635346
 0 0.635347
 0 0.63535
 0 0.635415
 0 0.635422
 0 0.635424
 0 0.635436
 0 0.635437
 0 0.635461
 0 0.635464
 0 0.635507
 0 0.635507
 0 0.635507
 0 0.635507
 0 0.635507
 0 0.635508
 0 0.63552
 0 0.63553
 0 0.635536
 0 0.635536
 0 0.635618
 0 0.63562
 0 0.63562
 0 0.635623
 0 0.635626
 0 0.635626
 0 0.63563
 0 0.635631
 0 0.635634
 0 0.635641
 0 0.635645
 0 0.635646
 0 0.635647
 0 0.635647
 0 0.635656
 0 0.635656
 0 0.63571
 0 0.635711
 0 0.635712
 0 0.635726
 0 0.635728
 0 0.635728
 0 0.635729
 0 0.635729
 0 0.63573
 0 0.63573
 0 0.635747
 0 0.635764
 0 0.635764
 0 0.635764
 0 0.635772
 0 0.635772
 0 0.635772
 0 0.635807
 0 0.635807
 0 0.635846
 0 0.635846
 0 0.63586
 0 0.635862
 0 0.635863
 0 0.635864
 0 0.635866
 0 0.635866
 0 0.635896
 0 0.635908
 0 0.635937
 0 0.636021
 0 0.636041
 0 0.636042
 0 0.636053
 0 0.636057
 0 0.636057
 0 0.636066
 0 0.636077
 0 0.636082
 0 0.636088
 0 0.636091
 0 0.636092
 0 0.636092
 0 0.636092
 0 0.636093
 0 0.636157
 0 0.636157
 0 0.636157
 0 0.636157
 0 0.636157
 0 0.636171
 0 0.636172
 0 0.636172
 0 0.636183
 0 0.636204
 0 0.636204
 0 0.636207
 0 0.636207
 0 0.636209
 0 0.636301
 0 0.636305
 0 0.636314
 0 0.636315
 0 0.636315
 0 0.636328
 0 0.636353
 0 0.636362
 0 0.636373
 0 0.636373
 0 0.636389
 0 0.636409
 0 0.63641
 0 0.636411
 0 0.636411
 0 0.636414
 0 0.636414
 0 0.636414
 0 0.636416
 0 0.636444
 0 0.636466
 0 0.636466
 0 0.636466
 0 0.636469
 0 0.636469
 0 0.636483
 0 0.636484
 0 0.636485
 0 0.636486
 0 0.636492
 0 0.636492
 0 0.636493
 0 0.636513
 0 0.636514
 0 0.636518
 0 0.63655
 0 0.636604
 0 0.636604
 0 0.636615
 0 0.636616
 0 0.636632
 0 0.636632
 0 0.636633
 0 0.636642
 0 0.636644
 0 0.636649
 0 0.63665
 0 0.63665
 0 0.636651
 0 0.636652
 0 0.63666
 0 0.636688
 0 0.63669
 0 0.636708
 0 0.636709
 0 0.636709
 0 0.636709
 0 0.636714
 0 0.636714
 0 0.636729
 0 0.63673
 0 0.63673
 0 0.636731
 0 0.636732
 0 0.636733
 0 0.636733
 0 0.636733
 0 0.636735
 0 0.636735
 0 0.636746
 0 0.636746
 0 0.636778
 0 0.636789
 0 0.63679
 0 0.636812
 0 0.636814
 0 0.63689
 0 0.636892
 0 0.636918
 0 0.636918
 0 0.636919
 0 0.636921
 0 0.636923
 0 0.636928
 0 0.636928
 0 0.636928
 0 0.636949
 0 0.636953
 0 0.636953
 0 0.636953
 0 0.637008
 0 0.637009
 0 0.637011
 0 0.637011
 0 0.637023
 0 0.637024
 0 0.63703
 0 0.637051
 0 0.637064
 0 0.637064
 0 0.637065
 0 0.637075
 0 0.637076
 0 0.63709
 0 0.637135
 0 0.637136
 0 0.637149
 0 0.637149
 0 0.637151
 0 0.637151
 0 0.637153
 0 0.637153
 0 0.637153
 0 0.637153
 0 0.637153
 0 0.637153
 0 0.637154
 0 0.637209
 0 0.637212
 0 0.637226
 0 0.637227
 0 0.637227
 0 0.637231
 0 0.637274
 0 0.637277
 0 0.637288
 0 0.637289
 0 0.637297
 0 0.637297
 0 0.63738
 0 0.637396
 0 0.63743
 0 0.63743
 0 0.637465
 0 0.637465
 0 0.637468
 0 0.637469
 0 0.637493
 0 0.637509
 0 0.637535
 0 0.637542
 0 0.637543
 0 0.637543
 0 0.637562
 0 0.637574
 0 0.637574
 0 0.637577
 0 0.637577
 0 0.637577
 0 0.637587
 0 0.637587
 0 0.637587
 0 0.637604
 0 0.637604
 0 0.637618
 0 0.637619
 0 0.637649
 0 0.637659
 0 0.637708
 0 0.637708
 0 0.637708
 0 0.637717
 0 0.637748
 0 0.637749
 0 0.637767
 0 0.637816
 0 0.637817
 0 0.637829
 0 0.637851
 0 0.637851
 0 0.637878
 0 0.637879
 0 0.637882
 0 0.637882
 0 0.637882
 0 0.637912
 0 0.637913
 0 0.637913
 0 0.637914
 0 0.637928
 0 0.637928
 0 0.637928
 0 0.637928
 0 0.637956
 0 0.637963
 0 0.637963
 0 0.637966
 0 0.637966
 0 0.637993
 0 0.637993
 0 0.638011
 0 0.638013
 0 0.638013
 0 0.638059
 0 0.638061
 0 0.638061
 0 0.638103
 0 0.638103
 0 0.638106
 0 0.638106
 0 0.638107
 0 0.638107
 0 0.638108
 0 0.638147
 0 0.638163
 0 0.638166
 0 0.638182
 0 0.638183
 0 0.638193
 0 0.638194
 0 0.638231
 0 0.638232
 0 0.638232
 0 0.638233
 0 0.638265
 0 0.638353
 0 0.638392
 0 0.638392
 0 0.638394
 0 0.638401
 0 0.638422
 0 0.638442
 0 0.638442
 0 0.638453
 0 0.638454
 0 0.638454
 0 0.638455
 0 0.638481
 0 0.638481
 0 0.638489
 0 0.638497
 0 0.638501
 0 0.638502
 0 0.638502
 0 0.638524
 0 0.638526
 0 0.638606
 0 0.638606
 0 0.638608
 0 0.638609
 0 0.638613
 0 0.638613
 0 0.638641
 0 0.638708
 0 0.638719
 0 0.638746
 0 0.638874
 0 0.638875
 0 0.638875
 0 0.638875
 0 0.638882
 0 0.638901
 0 0.638902
 0 0.638902
 0 0.638906
 0 0.638906
 0 0.638906
 0 0.638942
 0 0.638943
 0 0.639041
 0 0.639042
 0 0.639042
 0 0.639042
 0 0.639077
 0 0.639082
 0 0.639116
 0 0.639116
 0 0.639259
 0 0.639261
 0 0.639293
 0 0.639389
 0 0.63939
 0 0.639407
 0 0.639407
 0 0.639419
 0 0.639421
 0 0.639627
 0 0.639695
 0 0.639696
 0 0.63972
 0 0.639767
 0 0.639769
 0 0.63977
 0 0.63977
 0 0.639815
 0 0.639816
 0 0.639834
 0 0.639882
 0 0.63989
 0 0.639891
 0 0.639897
 0 0.639897
 0 0.640061
 0 0.640061
 0 0.640063
 0 0.640064
 0 0.640119
 0 0.640121
 0 0.640121
 0 0.640158
 0 0.640193
 0 0.640194
 0 0.640195
 0 0.640197
 0 0.640198
 0 0.640256
 0 0.64027
 0 0.64027
 0 0.640272
 0 0.64029
 0 0.640323
 0 0.640323
 0 0.640326
 0 0.640391
 0 0.640393
 0 0.640401
 0 0.640401
 0 0.640415
 0 0.640415
 0 0.640417
 0 0.640462
 0 0.640533
 0 0.640536
 0 0.640553
 0 0.640553
 0 0.640572
 0 0.640789
 0 0.641013
 0 0.641051
 0 0.641051
 0 0.641052
 0 0.641111
 0 0.641115
 0 0.641116
 0 0.641116
 0 0.641116
 0 0.641116
 0 0.641163
 0 0.641163
 0 0.641163
 0 0.641163
 0 0.641166
 0 0.641169
 0 0.641169
 0 0.641217
 0 0.641361
 0 0.641361
 0 0.641384
 0 0.641669
 0 0.641674
 0 0.641717
 0 0.64174
 0 0.64174
 0 0.641791
 0 0.641849
 0 0.642022
 0 0.642024
 0 0.642091
 0 0.6421
 0 0.6421
 0 0.642102
 0 0.642148
 0 0.642152
 0 0.642152
 0 0.642152
 0 0.642152
 0 0.642215
 0 0.642218
 0 0.642416
 0 0.642416
 0 0.642429
 0 0.642446
 0 0.642448
 0 0.64245
 0 0.642499
 0 0.642499
 0 0.6425
 0 0.642501
 0 0.642527
 0 0.642541
 0 0.642541
 0 0.64268
 0 0.642682
 0 0.64294
 0 0.642945
 0 0.642995
 0 0.642997
 0 0.643119
 0 0.643124
 0 0.643247
 0 0.64353
 0 0.64353
 0 0.643752
 0 0.643754
 0 0.643754
 0 0.643756
 0 0.643756
 0 0.643781
 0 0.644417
 0 0.644418
 0 0.644464
 0 0.644605
 0 0.644677
 0 0.644678
 0 0.644691
 0 0.645261
 0 0.645262
 0 0.645262
 0 0.645265
 0 0.645274
 0 0.645344
 0 0.645398
 0 0.645463
 0 0.645463
 0 0.645512
 0 0.64618
 0 0.64618
 0 0.646209
 0 0.646221
 0 0.646221
 0 0.646243
 0 0.646243
 0 0.646244
 0 0.646305
 0 0.646305
 0 0.646634
 0 0.646815
 0 0.646818
 0 inf
