 0 0.488191
 0 0.489095
 0 0.489095
 0 0.489095
 0 0.489096
 0 0.489689
 0 0.49735
 0 0.497566
 0 0.497566
 0 0.498179
 0 0.498395
 0 0.498395
 0 0.627737
 0 0.628278
 0 0.628468
 0 0.628469
 0 0.628469
 0 0.628471
 0 0.628584
 0 0.628584
 0 0.628586
 0 0.628586
 0 0.628766
 0 0.628783
 0 0.628783
 0 0.628805
 0 0.628805
 0 0.628838
 0 0.628858
 0 0.628972
 0 0.629072
 0 0.629073
 0 0.629211
 0 0.629268
 0 0.62927
 0 0.629277
 0 0.629383
 0 0.629385
 0 0.62939
 0 0.629414
 0 0.629415
 0 0.629461
 0 0.629461
 0 0.629496
 0 0.629496
 0 0.629498
 0 0.629504
 0 0.629516
 0 0.629593
 0 0.629625
 0 0.629625
 0 0.62966
 0 0.62966
 0 0.629665
 0 0.629666
 0 0.629673
 0 0.629675
 0 0.629679
 0 0.62975
 0 0.629758
 0 0.629758
 0 0.62976
 0 0.629764
 0 0.629764
 0 0.629768
 0 0.629768
 0 0.629781
 0 0.629781
 0 0.629809
 0 0.629815
 0 0.629838
 0 0.629924
 0 0.630004
 0 0.630035
 0 0.630036
 0 0.630037
 0 0.630038
 0 0.630059
 0 0.630059
 0 0.630099
 0 0.630137
 0 0.630191
 0 0.630219
 0 0.630222
 0 0.630237
 0 0.630249
 0 0.630249
 0 0.630281
 0 0.630282
 0 0.630286
 0 0.630345
 0 0.630351
 0 0.630364
 0 0.630364
 0 0.630396
 0 0.63042
 0 0.630438
 0 0.630452
 0 0.630455
 0 0.630456
 0 0.630458
 0 0.630459
 0 0.63046
 0 0.63046
 0 0.630465
 0 0.630479
 0 0.630514
 0 0.630533
 0 0.630588
 0 0.630597
 0 0.630599
 0 0.630599
 0 0.630607
 0 0.630608
 0 0.630633
 0 0.630634
 0 0.630634
 0 0.630686
 0 0.630687
 0 0.630687
 0 0.630698
 0 0.630699
 0 0.630699
 0 0.630716
 0 0.630717
 0 0.630723
 0 0.630749
 0 0.630749
 0 0.630749
 0 0.630776
 0 0.630788
 0 0.630796
 0 0.630797
 0 0.630801
 0 0.630804
 0 0.630804
 0 0.63081
 0 0.63081
 0 0.630811
 0 0.630817
 0 0.630892
 0 0.630901
 0 0.630902
 0 0.630905
 0 0.630906
 0 0.630915
 0 0.63092
 0 0.630927
 0 0.630927
 0 0.630973
 0 0.630974
 0 0.630977
 0 0.630978
 0 0.630985
 0 0.630985
 0 0.630993
 0 0.630994
 0 0.631017
 0 0.631017
 0 0.631027
 0 0.631032
 0 0.631039
 0 0.631039
 0 0.631041
 0 0.631048
 0 0.631057
 0 0.631062
 0 0.631089
 0 0.631089
 0 0.63109
 0 0.631098
 0 0.631098
 0 0.631098
 0 0.631102
 0 0.631103
 0 0.631103
 0 0.631107
 0 0.631107
 0 0.631158
 0 0.631161
 0 0.631161
 0 0.631231
 0 0.631231
 0 0.631249
 0 0.631252
 0 0.631269
 0 0.631269
 0 0.631292
 0 0.631296
 0 0.631296
 0 0.631307
 0 0.631309
 0 0.631313
 0 0.631313
 0 0.63133
 0 0.631332
 0 0.631332
 0 0.63138
 0 0.631382
 0 0.631387
 0 0.631414
 0 0.63144
 0 0.631442
 0 0.631444
 0 0.631445
 0 0.631445
 0 0.631449
 0 0.631451
 0 0.631451
 0 0.631458
 0 0.631459
 0 0.631459
 0 0.63146
 0 0.631466
 0 0.631475
 0 0.631475
 0 0.631475
 0 0.63148
 0 0.631483
 0 0.631498
 0 0.631498
 0 0.631499
 0 0.631504
 0 0.631515
 0 0.631516
 0 0.631524
 0 0.631528
 0 0.631528
 0 0.631528
 0 0.631535
 0 0.631541
 0 0.631559
 0 0.631559
 0 0.631566
 0 0.631568
 0 0.631573
 0 0.631583
 0 0.63159
 0 0.631594
 0 0.631594
 0 0.631598
 0 0.631613
 0 0.631621
 0 0.631622
 0 0.631627
 0 0.631627
 0 0.631629
 0 0.631629
 0 0.631631
 0 0.631634
 0 0.631635
 0 0.631636
 0 0.631636
 0 0.631637
 0 0.63164
 0 0.63164
 0 0.63164
 0 0.631642
 0 0.631644
 0 0.631665
 0 0.631665
 0 0.631669
 0 0.631669
 0 0.631672
 0 0.631674
 0 0.631674
 0 0.631674
 0 0.631676
 0 0.6317
 0 0.631701
 0 0.631701
 0 0.631709
 0 0.631724
 0 0.631725
 0 0.631728
 0 0.631734
 0 0.631739
 0 0.631739
 0 0.63174
 0 0.631743
 0 0.631744
 0 0.631748
 0 0.63175
 0 0.631753
 0 0.631755
 0 0.631758
 0 0.631762
 0 0.631767
 0 0.631778
 0 0.631788
 0 0.631788
 0 0.631793
 0 0.631793
 0 0.631801
 0 0.631804
 0 0.631812
 0 0.631819
 0 0.631821
 0 0.631831
 0 0.631862
 0 0.631865
 0 0.631874
 0 0.631877
 0 0.631877
 0 0.631895
 0 0.631896
 0 0.631904
 0 0.631923
 0 0.631926
 0 0.631926
 0 0.631927
 0 0.631953
 0 0.631953
 0 0.631953
 0 0.631961
 0 0.631975
 0 0.631977
 0 0.631978
 0 0.631978
 0 0.631981
 0 0.632004
 0 0.632019
 0 0.632019
 0 0.632029
 0 0.632029
 0 0.632031
 0 0.632032
 0 0.632033
 0 0.632033
 0 0.632058
 0 0.63206
 0 0.63206
 0 0.632066
 0 0.632069
 0 0.632083
 0 0.632085
 0 0.632086
 0 0.632088
 0 0.632089
 0 0.632094
 0 0.632094
 0 0.632095
 0 0.632095
 0 0.632098
 0 0.6321
 0 0.632103
 0 0.632106
 0 0.63211
 0 0.632125
 0 0.632156
 0 0.632159
 0 0.632162
 0 0.632172
 0 0.632175
 0 0.632175
 0 0.632191
 0 0.632191
 0 0.632191
 0 0.632192
 0 0.632194
 0 0.632197
 0 0.632197
 0 0.632197
 0 0.632218
 0 0.632219
 0 0.632225
 0 0.632228
 0 0.632229
 0 0.632231
 0 0.632231
 0 0.632231
 0 0.632231
 0 0.632233
 0 0.632237
 0 0.632247
 0 0.632251
 0 0.632251
 0 0.632252
 0 0.632254
 0 0.632257
 0 0.632258
 0 0.632262
 0 0.632262
 0 0.632272
 0 0.632272
 0 0.632272
 0 0.632274
 0 0.632275
 0 0.632275
 0 0.632277
 0 0.632278
 0 0.632279
 0 0.632279
 0 0.632281
 0 0.632286
 0 0.632286
 0 0.632294
 0 0.632297
 0 0.632317
 0 0.632339
 0 0.632339
 0 0.632344
 0 0.632348
 0 0.63235
 0 0.63235
 0 0.632352
 0 0.632352
 0 0.632363
 0 0.632367
 0 0.632387
 0 0.632389
 0 0.632391
 0 0.632392
 0 0.632394
 0 0.632394
 0 0.632405
 0 0.63243
 0 0.632431
 0 0.632432
 0 0.632434
 0 0.63244
 0 0.632444
 0 0.632445
 0 0.63245
 0 0.632454
 0 0.63247
 0 0.632473
 0 0.632473
 0 0.632477
 0 0.632477
 0 0.632482
 0 0.632482
 0 0.632485
 0 0.632497
 0 0.632498
 0 0.6325
 0 0.6325
 0 0.632514
 0 0.632517
 0 0.632528
 0 0.632529
 0 0.632533
 0 0.632538
 0 0.632538
 0 0.632552
 0 0.632552
 0 0.632555
 0 0.632557
 0 0.632564
 0 0.632564
 0 0.63257
 0 0.632576
 0 0.632577
 0 0.632577
 0 0.632582
 0 0.632582
 0 0.632582
 0 0.632582
 0 0.632596
 0 0.632597
 0 0.632597
 0 0.632597
 0 0.632597
 0 0.632597
 0 0.632597
 0 0.632597
 0 0.632613
 0 0.632614
 0 0.632615
 0 0.632616
 0 0.632618
 0 0.632619
 0 0.63262
 0 0.632638
 0 0.632646
 0 0.632647
 0 0.632647
 0 0.632647
 0 0.632647
 0 0.632647
 0 0.632649
 0 0.632649
 0 0.632649
 0 0.632649
 0 0.632649
 0 0.632651
 0 0.632652
 0 0.632652
 0 0.632653
 0 0.632669
 0 0.632673
 0 0.632688
 0 0.632689
 0 0.632692
 0 0.632693
 0 0.632703
 0 0.632703
 0 0.632704
 0 0.632704
 0 0.632713
 0 0.632716
 0 0.63272
 0 0.63273
 0 0.632736
 0 0.632736
 0 0.632742
 0 0.632742
 0 0.632756
 0 0.632761
 0 0.632788
 0 0.63279
 0 0.632794
 0 0.632795
 0 0.6328
 0 0.632802
 0 0.632803
 0 0.632803
 0 0.632813
 0 0.632823
 0 0.632827
 0 0.632832
 0 0.632832
 0 0.632835
 0 0.632837
 0 0.632837
 0 0.632838
 0 0.632848
 0 0.632851
 0 0.632853
 0 0.632863
 0 0.632871
 0 0.632873
 0 0.632875
 0 0.632875
 0 0.632875
 0 0.63288
 0 0.632888
 0 0.632906
 0 0.632907
 0 0.632912
 0 0.632922
 0 0.632922
 0 0.632923
 0 0.632924
 0 0.632924
 0 0.632924
 0 0.632924
 0 0.632925
 0 0.632926
 0 0.632926
 0 0.632926
 0 0.632933
 0 0.632942
 0 0.632956
 0 0.632956
 0 0.632957
 0 0.632958
 0 0.632961
 0 0.632963
 0 0.632966
 0 0.632981
 0 0.632984
 0 0.632987
 0 0.632987
 0 0.632988
 0 0.632991
 0 0.632994
 0 0.632994
 0 0.633016
 0 0.63302
 0 0.63302
 0 0.63302
 0 0.63302
 0 0.633021
 0 0.633021
 0 0.633022
 0 0.633027
 0 0.633027
 0 0.633028
 0 0.633029
 0 0.633029
 0 0.633033
 0 0.633034
 0 0.633034
 0 0.633036
 0 0.633037
 0 0.633044
 0 0.633044
 0 0.633044
 0 0.633046
 0 0.633047
 0 0.633057
 0 0.633066
 0 0.633076
 0 0.633079
 0 0.633097
 0 0.633099
 0 0.633105
 0 0.633107
 0 0.633107
 0 0.633108
 0 0.633108
 0 0.63311
 0 0.633124
 0 0.633125
 0 0.633134
 0 0.633139
 0 0.633143
 0 0.633143
 0 0.633156
 0 0.633184
 0 0.633186
 0 0.633193
 0 0.633194
 0 0.633194
 0 0.633194
 0 0.633198
 0 0.633198
 0 0.633226
 0 0.633233
 0 0.633244
 0 0.633247
 0 0.633255
 0 0.633256
 0 0.633258
 0 0.633261
 0 0.633265
 0 0.633274
 0 0.633279
 0 0.633281
 0 0.633282
 0 0.633292
 0 0.633292
 0 0.633294
 0 0.633294
 0 0.633294
 0 0.633304
 0 0.633315
 0 0.633317
 0 0.633318
 0 0.63332
 0 0.633322
 0 0.633322
 0 0.633323
 0 0.633327
 0 0.633329
 0 0.633331
 0 0.633331
 0 0.633335
 0 0.633342
 0 0.633344
 0 0.633347
 0 0.633355
 0 0.633355
 0 0.633356
 0 0.633356
 0 0.633356
 0 0.633357
 0 0.633357
 0 0.633358
 0 0.633362
 0 0.633365
 0 0.633366
 0 0.633366
 0 0.633366
 0 0.633368
 0 0.633369
 0 0.633369
 0 0.633369
 0 0.633372
 0 0.633376
 0 0.633376
 0 0.633382
 0 0.633386
 0 0.633392
 0 0.633393
 0 0.633395
 0 0.633399
 0 0.633403
 0 0.633406
 0 0.633407
 0 0.633407
 0 0.633407
 0 0.63341
 0 0.63341
 0 0.633411
 0 0.633411
 0 0.633411
 0 0.633411
 0 0.633416
 0 0.633419
 0 0.633419
 0 0.633422
 0 0.633428
 0 0.633428
 0 0.633428
 0 0.633436
 0 0.633436
 0 0.633436
 0 0.633443
 0 0.633448
 0 0.633448
 0 0.633465
 0 0.633465
 0 0.633466
 0 0.633476
 0 0.633479
 0 0.633479
 0 0.633496
 0 0.633501
 0 0.633501
 0 0.633501
 0 0.633507
 0 0.633507
 0 0.633517
 0 0.633517
 0 0.633517
 0 0.633519
 0 0.633519
 0 0.633531
 0 0.633532
 0 0.633532
 0 0.633532
 0 0.633533
 0 0.633536
 0 0.633538
 0 0.633543
 0 0.633552
 0 0.633555
 0 0.633559
 0 0.633559
 0 0.633564
 0 0.633566
 0 0.633566
 0 0.633576
 0 0.633584
 0 0.633587
 0 0.633588
 0 0.633588
 0 0.633588
 0 0.633588
 0 0.633588
 0 0.633589
 0 0.63359
 0 0.63359
 0 0.633591
 0 0.633598
 0 0.6336
 0 0.6336
 0 0.633601
 0 0.633602
 0 0.633602
 0 0.633603
 0 0.633605
 0 0.633607
 0 0.63361
 0 0.633611
 0 0.633611
 0 0.633611
 0 0.633616
 0 0.633625
 0 0.633631
 0 0.633632
 0 0.633633
 0 0.633636
 0 0.633657
 0 0.633658
 0 0.633661
 0 0.633661
 0 0.633661
 0 0.633663
 0 0.633663
 0 0.633663
 0 0.633671
 0 0.633677
 0 0.633679
 0 0.633679
 0 0.633679
 0 0.633679
 0 0.633682
 0 0.633684
 0 0.633691
 0 0.633692
 0 0.633693
 0 0.633694
 0 0.633708
 0 0.633722
 0 0.633725
 0 0.633725
 0 0.633726
 0 0.633727
 0 0.633731
 0 0.633731
 0 0.633738
 0 0.633738
 0 0.633742
 0 0.633742
 0 0.633763
 0 0.633766
 0 0.633769
 0 0.633783
 0 0.63379
 0 0.633791
 0 0.633794
 0 0.633794
 0 0.633794
 0 0.633794
 0 0.633794
 0 0.633797
 0 0.633809
 0 0.633816
 0 0.633827
 0 0.633828
 0 0.633828
 0 0.633829
 0 0.633829
 0 0.63383
 0 0.63383
 0 0.63383
 0 0.633842
 0 0.633842
 0 0.633842
 0 0.633855
 0 0.633857
 0 0.63386
 0 0.633862
 0 0.633862
 0 0.633862
 0 0.633862
 0 0.633864
 0 0.633868
 0 0.633868
 0 0.633874
 0 0.633878
 0 0.633882
 0 0.633882
 0 0.633909
 0 0.633916
 0 0.633916
 0 0.63392
 0 0.633921
 0 0.633922
 0 0.633924
 0 0.633924
 0 0.633934
 0 0.633936
 0 0.633936
 0 0.633936
 0 0.633941
 0 0.633941
 0 0.633953
 0 0.633953
 0 0.633953
 0 0.633953
 0 0.633953
 0 0.633954
 0 0.633956
 0 0.633957
 0 0.633961
 0 0.633966
 0 0.633967
 0 0.633967
 0 0.633967
 0 0.633967
 0 0.633967
 0 0.633983
 0 0.633986
 0 0.633986
 0 0.633986
 0 0.633986
 0 0.633987
 0 0.633987
 0 0.633987
 0 0.633987
 0 0.633987
 0 0.633987
 0 0.633989
 0 0.634001
 0 0.63402
 0 0.63402
 0 0.634029
 0 0.634029
 0 0.634033
 0 0.634034
 0 0.634034
 0 0.634035
 0 0.634036
 0 0.634037
 0 0.634064
 0 0.634067
 0 0.634068
 0 0.634073
 0 0.634087
 0 0.634102
 0 0.634102
 0 0.634102
 0 0.634102
 0 0.634102
 0 0.634121
 0 0.634125
 0 0.634125
 0 0.634126
 0 0.634128
 0 0.634128
 0 0.634128
 0 0.634129
 0 0.634131
 0 0.634132
 0 0.634138
 0 0.634141
 0 0.634141
 0 0.634145
 0 0.634145
 0 0.634146
 0 0.63415
 0 0.634153
 0 0.634154
 0 0.634154
 0 0.634157
 0 0.634159
 0 0.634162
 0 0.634167
 0 0.634178
 0 0.63418
 0 0.634181
 0 0.634181
 0 0.634184
 0 0.634185
 0 0.634194
 0 0.634217
 0 0.634218
 0 0.634224
 0 0.634228
 0 0.634228
 0 0.634228
 0 0.634229
 0 0.63423
 0 0.634234
 0 0.634239
 0 0.63424
 0 0.634242
 0 0.634244
 0 0.634274
 0 0.634287
 0 0.634288
 0 0.634301
 0 0.634301
 0 0.634304
 0 0.634304
 0 0.634304
 0 0.634306
 0 0.63431
 0 0.634327
 0 0.634327
 0 0.634327
 0 0.634329
 0 0.634331
 0 0.634332
 0 0.634332
 0 0.634332
 0 0.634332
 0 0.634347
 0 0.634351
 0 0.634351
 0 0.634356
 0 0.634356
 0 0.634373
 0 0.634373
 0 0.634374
 0 0.634376
 0 0.634378
 0 0.634384
 0 0.634385
 0 0.634386
 0 0.634387
 0 0.634387
 0 0.634395
 0 0.634395
 0 0.634404
 0 0.634404
 0 0.634406
 0 0.634422
 0 0.634442
 0 0.634442
 0 0.634444
 0 0.634444
 0 0.634444
 0 0.634446
 0 0.634455
 0 0.634477
 0 0.634477
 0 0.634477
 0 0.634504
 0 0.634504
 0 0.634506
 0 0.634506
 0 0.634524
 0 0.634529
 0 0.634529
 0 0.634532
 0 0.634532
 0 0.634541
 0 0.634544
 0 0.634549
 0 0.63455
 0 0.63455
 0 0.634554
 0 0.634554
 0 0.634555
 0 0.634556
 0 0.634569
 0 0.634569
 0 0.634571
 0 0.634571
 0 0.634571
 0 0.63459
 0 0.63459
 0 0.634594
 0 0.634595
 0 0.634603
 0 0.634603
 0 0.634603
 0 0.634607
 0 0.634609
 0 0.634611
 0 0.634642
 0 0.634642
 0 0.634648
 0 0.634663
 0 0.634664
 0 0.634668
 0 0.634668
 0 0.634668
 0 0.634669
 0 0.63467
 0 0.634671
 0 0.634681
 0 0.634681
 0 0.634681
 0 0.634681
 0 0.634682
 0 0.634683
 0 0.634687
 0 0.634687
 0 0.634701
 0 0.634713
 0 0.634713
 0 0.634771
 0 0.634777
 0 0.634777
 0 0.634795
 0 0.634796
 0 0.634796
 0 0.63481
 0 0.634818
 0 0.634856
 0 0.634861
 0 0.634861
 0 0.634861
 0 0.634862
 0 0.634864
 0 0.634869
 0 0.634871
 0 0.634872
 0 0.634875
 0 0.634876
 0 0.634877
 0 0.634877
 0 0.634882
 0 0.634882
 0 0.634883
 0 0.634888
 0 0.634889
 0 0.634893
 0 0.634897
 0 0.634904
 0 0.634904
 0 0.634956
 0 0.634957
 0 0.634957
 0 0.634957
 0 0.634957
 0 0.634958
 0 0.634959
 0 0.634959
 0 0.634992
 0 0.634992
 0 0.634993
 0 0.634993
 0 0.635039
 0 0.635043
 0 0.635073
 0 0.635073
 0 0.635073
 0 0.635105
 0 0.635107
 0 0.635108
 0 0.635108
 0 0.63512
 0 0.63512
 0 0.635121
 0 0.635123
 0 0.635136
 0 0.63515
 0 0.635156
 0 0.635157
 0 0.635159
 0 0.635159
 0 0.635161
 0 0.635195
 0 0.635202
 0 0.635204
 0 0.635204
 0 0.635204
 0 0.635204
 0 0.635205
 0 0.635206
 0 0.635206
 0 0.635206
 0 0.635207
 0 0.635214
 0 0.635266
 0 0.635275
 0 0.635278
 0 0.635292
 0 0.635293
 0 0.635308
 0 0.635309
 0 0.63531
 0 0.63531
 0 0.63531
 0 0.635312
 0 0.635313
 0 0.635318
 0 0.635318
 0 0.635319
 0 0.635338
 0 0.635343
 0 0.635344
 0 0.635344
 0 0.635353
 0 0.635353
 0 0.635353
 0 0.635357
 0 0.635358
 0 0.635359
 0 0.635368
 0 0.635369
 0 0.635372
 0 0.635373
 0 0.635374
 0 0.635374
 0 0.635374
 0 0.635374
 0 0.635374
 0 0.635375
 0 0.635378
 0 0.635378
 0 0.635379
 0 0.635379
 0 0.635385
 0 0.635392
 0 0.635393
 0 0.635393
 0 0.635403
 0 0.635403
 0 0.635407
 0 0.63541
 0 0.63541
 0 0.635411
 0 0.635422
 0 0.635422
 0 0.635423
 0 0.635426
 0 0.635426
 0 0.635437
 0 0.635452
 0 0.635452
 0 0.635453
 0 0.635456
 0 0.635456
 0 0.635456
 0 0.635487
 0 0.63549
 0 0.635491
 0 0.635493
 0 0.635495
 0 0.635496
 0 0.635499
 0 0.63552
 0 0.635523
 0 0.635523
 0 0.635523
 0 0.635523
 0 0.635525
 0 0.635527
 0 0.635532
 0 0.635542
 0 0.635542
 0 0.635542
 0 0.635543
 0 0.635544
 0 0.635545
 0 0.635547
 0 0.635555
 0 0.635573
 0 0.635573
 0 0.635576
 0 0.635576
 0 0.635584
 0 0.635587
 0 0.635587
 0 0.63559
 0 0.635612
 0 0.635612
 0 0.635614
 0 0.635615
 0 0.635618
 0 0.635619
 0 0.635624
 0 0.635624
 0 0.635629
 0 0.635643
 0 0.635643
 0 0.635662
 0 0.635664
 0 0.635665
 0 0.635665
 0 0.63567
 0 0.635685
 0 0.635691
 0 0.635696
 0 0.635724
 0 0.635725
 0 0.635732
 0 0.635735
 0 0.635745
 0 0.635747
 0 0.63575
 0 0.635776
 0 0.635776
 0 0.635777
 0 0.635783
 0 0.635816
 0 0.63582
 0 0.635824
 0 0.635825
 0 0.635826
 0 0.635835
 0 0.635835
 0 0.635835
 0 0.635835
 0 0.635837
 0 0.635837
 0 0.635844
 0 0.635856
 0 0.635871
 0 0.635892
 0 0.635894
 0 0.635896
 0 0.635912
 0 0.635912
 0 0.635916
 0 0.635926
 0 0.635926
 0 0.635932
 0 0.635933
 0 0.63597
 0 0.63597
 0 0.635973
 0 0.635976
 0 0.63598
 0 0.63598
 0 0.636011
 0 0.636012
 0 0.636012
 0 0.636014
 0 0.636015
 0 0.636041
 0 0.636043
 0 0.636044
 0 0.636045
 0 0.636045
 0 0.636049
 0 0.636069
 0 0.636085
 0 0.636088
 0 0.636089
 0 0.636091
 0 0.636091
 0 0.636112
 0 0.636114
 0 0.636117
 0 0.636117
 0 0.636117
 0 0.636215
 0 0.636218
 0 0.636219
 0 0.636222
 0 0.636225
 0 0.636225
 0 0.636225
 0 0.636229
 0 0.636232
 0 0.636232
 0 0.636245
 0 0.636245
 0 0.636247
 0 0.636247
 0 0.636248
 0 0.636258
 0 0.636277
 0 0.63628
 0 0.636291
 0 0.636306
 0 0.636306
 0 0.63631
 0 0.636311
 0 0.636311
 0 0.636314
 0 0.636316
 0 0.636316
 0 0.636317
 0 0.636317
 0 0.636317
 0 0.636321
 0 0.636334
 0 0.636338
 0 0.636363
 0 0.636369
 0 0.636382
 0 0.636382
 0 0.636382
 0 0.636383
 0 0.636384
 0 0.636385
 0 0.636385
 0 0.636393
 0 0.636402
 0 0.636411
 0 0.636454
 0 0.636455
 0 0.636459
 0 0.636461
 0 0.636461
 0 0.636463
 0 0.636471
 0 0.636503
 0 0.636504
 0 0.636505
 0 0.636517
 0 0.636521
 0 0.636523
 0 0.636524
 0 0.636548
 0 0.636548
 0 0.63656
 0 0.636579
 0 0.636581
 0 0.636581
 0 0.636583
 0 0.636606
 0 0.636643
 0 0.636643
 0 0.636666
 0 0.636682
 0 0.636685
 0 0.636687
 0 0.636693
 0 0.636694
 0 0.636694
 0 0.63671
 0 0.63671
 0 0.636715
 0 0.636732
 0 0.636734
 0 0.636741
 0 0.636754
 0 0.636754
 0 0.636759
 0 0.636766
 0 0.636768
 0 0.636805
 0 0.636805
 0 0.636814
 0 0.636815
 0 0.636816
 0 0.636826
 0 0.636839
 0 0.636841
 0 0.636841
 0 0.636843
 0 0.636882
 0 0.636883
 0 0.63694
 0 0.636941
 0 0.636957
 0 0.636973
 0 0.636979
 0 0.636981
 0 0.636986
 0 0.636986
 0 0.636989
 0 0.636989
 0 0.63699
 0 0.637043
 0 0.637057
 0 0.637057
 0 0.637057
 0 0.637106
 0 0.637107
 0 0.637111
 0 0.637111
 0 0.637114
 0 0.637114
 0 0.637116
 0 0.637119
 0 0.637119
 0 0.63712
 0 0.637123
 0 0.637123
 0 0.637126
 0 0.637148
 0 0.637148
 0 0.637149
 0 0.637149
 0 0.637149
 0 0.637202
 0 0.637202
 0 0.637203
 0 0.637203
 0 0.637203
 0 0.637222
 0 0.637224
 0 0.637255
 0 0.637255
 0 0.637256
 0 0.637287
 0 0.63729
 0 0.637298
 0 0.637317
 0 0.637317
 0 0.637333
 0 0.637348
 0 0.63735
 0 0.637355
 0 0.637355
 0 0.637355
 0 0.637371
 0 0.637413
 0 0.637447
 0 0.63745
 0 0.637467
 0 0.637467
 0 0.637482
 0 0.637537
 0 0.637584
 0 0.63761
 0 0.63761
 0 0.63763
 0 0.637631
 0 0.637632
 0 0.637635
 0 0.637738
 0 0.637907
 0 0.637907
 0 0.637907
 0 0.63803
 0 0.638041
 0 0.638042
 0 0.638047
 0 0.638048
 0 0.63805
 0 0.638174
 0 0.638188
 0 0.638189
 0 0.63819
 0 0.638191
 0 0.638255
 0 0.638514
 0 0.638516
 0 0.63875
 0 0.638907
 0 0.638965
 0 0.638965
 0 0.638967
 0 0.638967
 0 0.639064
 0 0.639078
 0 0.639145
 0 0.639405
 0 0.639407
 0 0.639543
 0 0.639551
 0 0.639603
 0 0.639604
 0 0.639606
 0 0.639626
 0 0.639626
 0 0.639647
 0 0.639649
 0 0.639832
 0 0.639834
 0 0.639905
 0 0.63997
 0 0.640195
 0 0.640198
 0 0.640281
 0 0.640282
 0 0.640422
 0 0.640424
 0 0.640586
 0 0.640777
 0 0.640798
 0 0.640974
 0 0.640976
 0 0.641025
 0 0.641027
 0 0.641055
 0 0.641055
 0 0.641058
 0 0.641058
 0 0.641173
 0 0.641176
 0 0.64118
 0 0.641188
 0 0.641188
 0 0.641195
 0 0.64142
 0 0.64142
 0 0.641676
 0 0.641676
 0 0.641776
 0 0.641957
 0 0.641957
 0 0.641958
 0 0.641958
 0 0.641958
 0 0.641958
 0 0.64235
 0 0.642351
 0 0.642716
 0 inf
