 0 0.488252
 0 0.488252
 0 0.488253
 0 0.488614
 0 0.488614
 0 0.48864
 0 0.490609
 0 0.490842
 0 0.490842
 0 0.491478
 0 0.49171
 0 0.49171
 0 0.618883
 0 0.619726
 0 0.619727
 0 0.619727
 0 0.620511
 0 0.620511
 0 0.621498
 0 0.621919
 0 0.621922
 0 0.622281
 0 0.622541
 0 0.622541
 0 0.622541
 0 0.622541
 0 0.622541
 0 0.622768
 0 0.622771
 0 0.622977
 0 0.623066
 0 0.623198
 0 0.623446
 0 0.624028
 0 0.624028
 0 0.624029
 0 0.624029
 0 0.624157
 0 0.624157
 0 0.624406
 0 0.624847
 0 0.624847
 0 0.624974
 0 0.625116
 0 0.625118
 0 0.625141
 0 0.625679
 0 0.625688
 0 0.625688
 0 0.625689
 0 0.62572
 0 0.625955
 0 0.625955
 0 0.626184
 0 0.626231
 0 0.626231
 0 0.626274
 0 0.626321
 0 0.626425
 0 0.626425
 0 0.626534
 0 0.626674
 0 0.626721
 0 0.626721
 0 0.626722
 0 0.626817
 0 0.626818
 0 0.626818
 0 0.626819
 0 0.626843
 0 0.626849
 0 0.626849
 0 0.626963
 0 0.626963
 0 0.626983
 0 0.626983
 0 0.626984
 0 0.627009
 0 0.627011
 0 0.627071
 0 0.62714
 0 0.627162
 0 0.627162
 0 0.627179
 0 0.627242
 0 0.627243
 0 0.627331
 0 0.627347
 0 0.627348
 0 0.627354
 0 0.627354
 0 0.62736
 0 0.62736
 0 0.62736
 0 0.627399
 0 0.627441
 0 0.627441
 0 0.627488
 0 0.627519
 0 0.62752
 0 0.627525
 0 0.627525
 0 0.627533
 0 0.627533
 0 0.627534
 0 0.627534
 0 0.627545
 0 0.627546
 0 0.627546
 0 0.627546
 0 0.627574
 0 0.627575
 0 0.627575
 0 0.627575
 0 0.627575
 0 0.627586
 0 0.627586
 0 0.627586
 0 0.627679
 0 0.627715
 0 0.627734
 0 0.627734
 0 0.627734
 0 0.627774
 0 0.627774
 0 0.627804
 0 0.627804
 0 0.627826
 0 0.627918
 0 0.627918
 0 0.627918
 0 0.627938
 0 0.627938
 0 0.627938
 0 0.627979
 0 0.627982
 0 0.628087
 0 0.628087
 0 0.628087
 0 0.628087
 0 0.628087
 0 0.628096
 0 0.628103
 0 0.628103
 0 0.628104
 0 0.628119
 0 0.628119
 0 0.628126
 0 0.628126
 0 0.628126
 0 0.628142
 0 0.628142
 0 0.628142
 0 0.628152
 0 0.628153
 0 0.628155
 0 0.628183
 0 0.628316
 0 0.628316
 0 0.628322
 0 0.628323
 0 0.628323
 0 0.628323
 0 0.628323
 0 0.628353
 0 0.628373
 0 0.628373
 0 0.628373
 0 0.628386
 0 0.628387
 0 0.628387
 0 0.628387
 0 0.628398
 0 0.628398
 0 0.628398
 0 0.628435
 0 0.628435
 0 0.628486
 0 0.628537
 0 0.628568
 0 0.628656
 0 0.628656
 0 0.628656
 0 0.628664
 0 0.628664
 0 0.628664
 0 0.628664
 0 0.628676
 0 0.628677
 0 0.628677
 0 0.628682
 0 0.628682
 0 0.628682
 0 0.628753
 0 0.628754
 0 0.628762
 0 0.628831
 0 0.628832
 0 0.628835
 0 0.628843
 0 0.628885
 0 0.628904
 0 0.628904
 0 0.628905
 0 0.628905
 0 0.628906
 0 0.628915
 0 0.628916
 0 0.628921
 0 0.628924
 0 0.628937
 0 0.628937
 0 0.628947
 0 0.628947
 0 0.628959
 0 0.628962
 0 0.628966
 0 0.628971
 0 0.628975
 0 0.628976
 0 0.628976
 0 0.628977
 0 0.628978
 0 0.628985
 0 0.628991
 0 0.628991
 0 0.628992
 0 0.62901
 0 0.62901
 0 0.629011
 0 0.629024
 0 0.629042
 0 0.629042
 0 0.629062
 0 0.629063
 0 0.629064
 0 0.629065
 0 0.629092
 0 0.629093
 0 0.629093
 0 0.629116
 0 0.629116
 0 0.629116
 0 0.629118
 0 0.629118
 0 0.629125
 0 0.629161
 0 0.629161
 0 0.629194
 0 0.629194
 0 0.629195
 0 0.629213
 0 0.629213
 0 0.629226
 0 0.629226
 0 0.629226
 0 0.629226
 0 0.629226
 0 0.629236
 0 0.629237
 0 0.629242
 0 0.629242
 0 0.629242
 0 0.62925
 0 0.62928
 0 0.629307
 0 0.62935
 0 0.62935
 0 0.629372
 0 0.629379
 0 0.629432
 0 0.629432
 0 0.629462
 0 0.629477
 0 0.629479
 0 0.629479
 0 0.629479
 0 0.62948
 0 0.629481
 0 0.629481
 0 0.629497
 0 0.629497
 0 0.629497
 0 0.629537
 0 0.629537
 0 0.629537
 0 0.629546
 0 0.629547
 0 0.629549
 0 0.629557
 0 0.629557
 0 0.629562
 0 0.629563
 0 0.629564
 0 0.62958
 0 0.62958
 0 0.629582
 0 0.629582
 0 0.629583
 0 0.6296
 0 0.629604
 0 0.629605
 0 0.629605
 0 0.629614
 0 0.629641
 0 0.629642
 0 0.629642
 0 0.629658
 0 0.629658
 0 0.629673
 0 0.629673
 0 0.629686
 0 0.629688
 0 0.629698
 0 0.629701
 0 0.629702
 0 0.629702
 0 0.629706
 0 0.629717
 0 0.629718
 0 0.629719
 0 0.629719
 0 0.62972
 0 0.629728
 0 0.629728
 0 0.629728
 0 0.629731
 0 0.629733
 0 0.629733
 0 0.629751
 0 0.629753
 0 0.629765
 0 0.629766
 0 0.629766
 0 0.629766
 0 0.62977
 0 0.629835
 0 0.629849
 0 0.629851
 0 0.629851
 0 0.629852
 0 0.629852
 0 0.629853
 0 0.629853
 0 0.629854
 0 0.629866
 0 0.629868
 0 0.629881
 0 0.629884
 0 0.629884
 0 0.62989
 0 0.629918
 0 0.629919
 0 0.629919
 0 0.629967
 0 0.629999
 0 0.629999
 0 0.630022
 0 0.63003
 0 0.63003
 0 0.630035
 0 0.630052
 0 0.630052
 0 0.630052
 0 0.630067
 0 0.630069
 0 0.630081
 0 0.630093
 0 0.6301
 0 0.6301
 0 0.630118
 0 0.630118
 0 0.630128
 0 0.630128
 0 0.630134
 0 0.630137
 0 0.630137
 0 0.630137
 0 0.630137
 0 0.630143
 0 0.630143
 0 0.630159
 0 0.630192
 0 0.630201
 0 0.630206
 0 0.630206
 0 0.630214
 0 0.630214
 0 0.63023
 0 0.630234
 0 0.630234
 0 0.630261
 0 0.630261
 0 0.630261
 0 0.630261
 0 0.630289
 0 0.63029
 0 0.630308
 0 0.630308
 0 0.630308
 0 0.630315
 0 0.630316
 0 0.63032
 0 0.630321
 0 0.630321
 0 0.630327
 0 0.630329
 0 0.630329
 0 0.630335
 0 0.630336
 0 0.630355
 0 0.630355
 0 0.630395
 0 0.630395
 0 0.630397
 0 0.630404
 0 0.630411
 0 0.630411
 0 0.630432
 0 0.630432
 0 0.630464
 0 0.630464
 0 0.630464
 0 0.630464
 0 0.630482
 0 0.630484
 0 0.630487
 0 0.630487
 0 0.630527
 0 0.630528
 0 0.630532
 0 0.630537
 0 0.630566
 0 0.630566
 0 0.630567
 0 0.630567
 0 0.630576
 0 0.630588
 0 0.630589
 0 0.630589
 0 0.6306
 0 0.6306
 0 0.630601
 0 0.630607
 0 0.630607
 0 0.63061
 0 0.63061
 0 0.630612
 0 0.63062
 0 0.630655
 0 0.630655
 0 0.630655
 0 0.630655
 0 0.630655
 0 0.630656
 0 0.630667
 0 0.630667
 0 0.630667
 0 0.630668
 0 0.630668
 0 0.63067
 0 0.63067
 0 0.63067
 0 0.63067
 0 0.630678
 0 0.630678
 0 0.63068
 0 0.63068
 0 0.630701
 0 0.630701
 0 0.630705
 0 0.630706
 0 0.630706
 0 0.630706
 0 0.630741
 0 0.630742
 0 0.630756
 0 0.630756
 0 0.630767
 0 0.630767
 0 0.630773
 0 0.630773
 0 0.630784
 0 0.630785
 0 0.630785
 0 0.630785
 0 0.630837
 0 0.630837
 0 0.630838
 0 0.630838
 0 0.63087
 0 0.63087
 0 0.63087
 0 0.630876
 0 0.630876
 0 0.630879
 0 0.630879
 0 0.630879
 0 0.630925
 0 0.630931
 0 0.630957
 0 0.630976
 0 0.630976
 0 0.630977
 0 0.630996
 0 0.631003
 0 0.631018
 0 0.631019
 0 0.631019
 0 0.631022
 0 0.631022
 0 0.631022
 0 0.631038
 0 0.631039
 0 0.63105
 0 0.631051
 0 0.631051
 0 0.631054
 0 0.631065
 0 0.631065
 0 0.631076
 0 0.631076
 0 0.631076
 0 0.631089
 0 0.63109
 0 0.63109
 0 0.63109
 0 0.631101
 0 0.631101
 0 0.631102
 0 0.631118
 0 0.631118
 0 0.63113
 0 0.631131
 0 0.631148
 0 0.631151
 0 0.631151
 0 0.631171
 0 0.631171
 0 0.631171
 0 0.631183
 0 0.631184
 0 0.631198
 0 0.631198
 0 0.631198
 0 0.631218
 0 0.631218
 0 0.631231
 0 0.631231
 0 0.631231
 0 0.631231
 0 0.631243
 0 0.631273
 0 0.631273
 0 0.631285
 0 0.631285
 0 0.631288
 0 0.631291
 0 0.631307
 0 0.631307
 0 0.631307
 0 0.631313
 0 0.631314
 0 0.631333
 0 0.631334
 0 0.631334
 0 0.631339
 0 0.631339
 0 0.631346
 0 0.631347
 0 0.631347
 0 0.631351
 0 0.631351
 0 0.631351
 0 0.631352
 0 0.631371
 0 0.631371
 0 0.631374
 0 0.631384
 0 0.631385
 0 0.631396
 0 0.631397
 0 0.631397
 0 0.631397
 0 0.631397
 0 0.631412
 0 0.631415
 0 0.631416
 0 0.631469
 0 0.631478
 0 0.631519
 0 0.631519
 0 0.631536
 0 0.631555
 0 0.631555
 0 0.631555
 0 0.631562
 0 0.631562
 0 0.631562
 0 0.631608
 0 0.631608
 0 0.631608
 0 0.631609
 0 0.631612
 0 0.63162
 0 0.631622
 0 0.631628
 0 0.631628
 0 0.631629
 0 0.63163
 0 0.63163
 0 0.63163
 0 0.631631
 0 0.631631
 0 0.631641
 0 0.631641
 0 0.631649
 0 0.631649
 0 0.63165
 0 0.63165
 0 0.63169
 0 0.631691
 0 0.631691
 0 0.631694
 0 0.631698
 0 0.631703
 0 0.631703
 0 0.631709
 0 0.631709
 0 0.63174
 0 0.631742
 0 0.631743
 0 0.631748
 0 0.631748
 0 0.631749
 0 0.63178
 0 0.63178
 0 0.631781
 0 0.631806
 0 0.631806
 0 0.631823
 0 0.631861
 0 0.631861
 0 0.631861
 0 0.631877
 0 0.631878
 0 0.631878
 0 0.631891
 0 0.631891
 0 0.631891
 0 0.631895
 0 0.631898
 0 0.631906
 0 0.631906
 0 0.631906
 0 0.631906
 0 0.631907
 0 0.631929
 0 0.631929
 0 0.631929
 0 0.631929
 0 0.631973
 0 0.631973
 0 0.63199
 0 0.63199
 0 0.63199
 0 0.632012
 0 0.632029
 0 0.63203
 0 0.632035
 0 0.632035
 0 0.632036
 0 0.632046
 0 0.632053
 0 0.632055
 0 0.63208
 0 0.63208
 0 0.632081
 0 0.632124
 0 0.632128
 0 0.632128
 0 0.632134
 0 0.632134
 0 0.632135
 0 0.632135
 0 0.632143
 0 0.632145
 0 0.632185
 0 0.632185
 0 0.632193
 0 0.632194
 0 0.632194
 0 0.632267
 0 0.632269
 0 0.632269
 0 0.63227
 0 0.632276
 0 0.632276
 0 0.632276
 0 0.632314
 0 0.63233
 0 0.632331
 0 0.632331
 0 0.632331
 0 0.632333
 0 0.632333
 0 0.632333
 0 0.632333
 0 0.632345
 0 0.632346
 0 0.632356
 0 0.632368
 0 0.632368
 0 0.632368
 0 0.632368
 0 0.632368
 0 0.632388
 0 0.632388
 0 0.632389
 0 0.632422
 0 0.632423
 0 0.632445
 0 0.632472
 0 0.632477
 0 0.632477
 0 0.63249
 0 0.63249
 0 0.632492
 0 0.632492
 0 0.632515
 0 0.632531
 0 0.632536
 0 0.632536
 0 0.632567
 0 0.632573
 0 0.632574
 0 0.632583
 0 0.632583
 0 0.632605
 0 0.63261
 0 0.63261
 0 0.63264
 0 0.63264
 0 0.63264
 0 0.632643
 0 0.632643
 0 0.632643
 0 0.632647
 0 0.632648
 0 0.632668
 0 0.632669
 0 0.632698
 0 0.6327
 0 0.632742
 0 0.632754
 0 0.632763
 0 0.632767
 0 0.632794
 0 0.632795
 0 0.632815
 0 0.632826
 0 0.63283
 0 0.63283
 0 0.632852
 0 0.632862
 0 0.632862
 0 0.632863
 0 0.632865
 0 0.632881
 0 0.632881
 0 0.632881
 0 0.632882
 0 0.632887
 0 0.632889
 0 0.63289
 0 0.63289
 0 0.632942
 0 0.632943
 0 0.632943
 0 0.632944
 0 0.632976
 0 0.632976
 0 0.63298
 0 0.632987
 0 0.632994
 0 0.632994
 0 0.632995
 0 0.632995
 0 0.632995
 0 0.632997
 0 0.632997
 0 0.632997
 0 0.632999
 0 0.63303
 0 0.633038
 0 0.63304
 0 0.633044
 0 0.633053
 0 0.633057
 0 0.633058
 0 0.633092
 0 0.633094
 0 0.633094
 0 0.633103
 0 0.633111
 0 0.633117
 0 0.633123
 0 0.633123
 0 0.633123
 0 0.633126
 0 0.633127
 0 0.633127
 0 0.633135
 0 0.633136
 0 0.633141
 0 0.633142
 0 0.633162
 0 0.633196
 0 0.633196
 0 0.633202
 0 0.633203
 0 0.633203
 0 0.633203
 0 0.633232
 0 0.633293
 0 0.633296
 0 0.633296
 0 0.633306
 0 0.633307
 0 0.633309
 0 0.63331
 0 0.63331
 0 0.633335
 0 0.633335
 0 0.633357
 0 0.633357
 0 0.633377
 0 0.633377
 0 0.633377
 0 0.633379
 0 0.633396
 0 0.633404
 0 0.633404
 0 0.63341
 0 0.633413
 0 0.63343
 0 0.63343
 0 0.63343
 0 0.633431
 0 0.633431
 0 0.633467
 0 0.633468
 0 0.63347
 0 0.633476
 0 0.63348
 0 0.633481
 0 0.633488
 0 0.633488
 0 0.633488
 0 0.63349
 0 0.633518
 0 0.63352
 0 0.63352
 0 0.633536
 0 0.633538
 0 0.633549
 0 0.633571
 0 0.633571
 0 0.633571
 0 0.633571
 0 0.633582
 0 0.633602
 0 0.633606
 0 0.633607
 0 0.633628
 0 0.633677
 0 0.633677
 0 0.633677
 0 0.633692
 0 0.633693
 0 0.633693
 0 0.633695
 0 0.633724
 0 0.633724
 0 0.633726
 0 0.633759
 0 0.633767
 0 0.633771
 0 0.633778
 0 0.633822
 0 0.633834
 0 0.633851
 0 0.633851
 0 0.633853
 0 0.633854
 0 0.633862
 0 0.633863
 0 0.633863
 0 0.633907
 0 0.633907
 0 0.633907
 0 0.633907
 0 0.633919
 0 0.633919
 0 0.633938
 0 0.633951
 0 0.633951
 0 0.633953
 0 0.633954
 0 0.633955
 0 0.633963
 0 0.633963
 0 0.634001
 0 0.634002
 0 0.634011
 0 0.634011
 0 0.634017
 0 0.634023
 0 0.634038
 0 0.634051
 0 0.634058
 0 0.634058
 0 0.634058
 0 0.634062
 0 0.634067
 0 0.634073
 0 0.634074
 0 0.634074
 0 0.634079
 0 0.6341
 0 0.634101
 0 0.634117
 0 0.634117
 0 0.634117
 0 0.634127
 0 0.634127
 0 0.634133
 0 0.634143
 0 0.634148
 0 0.634159
 0 0.634167
 0 0.634167
 0 0.634167
 0 0.634171
 0 0.634191
 0 0.634191
 0 0.634214
 0 0.634215
 0 0.634218
 0 0.634219
 0 0.63422
 0 0.63423
 0 0.634231
 0 0.63424
 0 0.63424
 0 0.634243
 0 0.634255
 0 0.634255
 0 0.634263
 0 0.634269
 0 0.63427
 0 0.634272
 0 0.634282
 0 0.634282
 0 0.634282
 0 0.634282
 0 0.634282
 0 0.634288
 0 0.634288
 0 0.634291
 0 0.634301
 0 0.634301
 0 0.63431
 0 0.634311
 0 0.634328
 0 0.634328
 0 0.634328
 0 0.634328
 0 0.634328
 0 0.634331
 0 0.634332
 0 0.634332
 0 0.634333
 0 0.634336
 0 0.634354
 0 0.634354
 0 0.634376
 0 0.634376
 0 0.634377
 0 0.634377
 0 0.634407
 0 0.634408
 0 0.63442
 0 0.634421
 0 0.634427
 0 0.634439
 0 0.634439
 0 0.634444
 0 0.634455
 0 0.634455
 0 0.634459
 0 0.634461
 0 0.634495
 0 0.634495
 0 0.634495
 0 0.634495
 0 0.634515
 0 0.634579
 0 0.634579
 0 0.63461
 0 0.63461
 0 0.63461
 0 0.63461
 0 0.634613
 0 0.634616
 0 0.634616
 0 0.634635
 0 0.634635
 0 0.634637
 0 0.634637
 0 0.634637
 0 0.634637
 0 0.634642
 0 0.634642
 0 0.63465
 0 0.634651
 0 0.634673
 0 0.634673
 0 0.634681
 0 0.634749
 0 0.634749
 0 0.634749
 0 0.634781
 0 0.634782
 0 0.634782
 0 0.634782
 0 0.634782
 0 0.634782
 0 0.634889
 0 0.634889
 0 0.63489
 0 0.63489
 0 0.634899
 0 0.634913
 0 0.634931
 0 0.634931
 0 0.634931
 0 0.634938
 0 0.634958
 0 0.63496
 0 0.63496
 0 0.63496
 0 0.635009
 0 0.635009
 0 0.635016
 0 0.635022
 0 0.635023
 0 0.635032
 0 0.635032
 0 0.635039
 0 0.635054
 0 0.635076
 0 0.635115
 0 0.635116
 0 0.635117
 0 0.635125
 0 0.63513
 0 0.63513
 0 0.63513
 0 0.63513
 0 0.635133
 0 0.635133
 0 0.635136
 0 0.635137
 0 0.635137
 0 0.635138
 0 0.635138
 0 0.635138
 0 0.63514
 0 0.635154
 0 0.635156
 0 0.635167
 0 0.635171
 0 0.635171
 0 0.635173
 0 0.635173
 0 0.635183
 0 0.635198
 0 0.635198
 0 0.635198
 0 0.635205
 0 0.635205
 0 0.635205
 0 0.635221
 0 0.635221
 0 0.635221
 0 0.635221
 0 0.635252
 0 0.635252
 0 0.635252
 0 0.635254
 0 0.635272
 0 0.635273
 0 0.635297
 0 0.635297
 0 0.635306
 0 0.635306
 0 0.63531
 0 0.635335
 0 0.635348
 0 0.635377
 0 0.635377
 0 0.635379
 0 0.635409
 0 0.63541
 0 0.635412
 0 0.635416
 0 0.635448
 0 0.635448
 0 0.635482
 0 0.635482
 0 0.635485
 0 0.635486
 0 0.635491
 0 0.635491
 0 0.635497
 0 0.635524
 0 0.635526
 0 0.635526
 0 0.635526
 0 0.635527
 0 0.635561
 0 0.635561
 0 0.635579
 0 0.635579
 0 0.63558
 0 0.635596
 0 0.635596
 0 0.635596
 0 0.635596
 0 0.635596
 0 0.635612
 0 0.635613
 0 0.635618
 0 0.635619
 0 0.635633
 0 0.635634
 0 0.635638
 0 0.635652
 0 0.635652
 0 0.635652
 0 0.635687
 0 0.635687
 0 0.635688
 0 0.635689
 0 0.63569
 0 0.63569
 0 0.63569
 0 0.635708
 0 0.635709
 0 0.635709
 0 0.635709
 0 0.635711
 0 0.635722
 0 0.635722
 0 0.635737
 0 0.635738
 0 0.635768
 0 0.635788
 0 0.635788
 0 0.635789
 0 0.635815
 0 0.635815
 0 0.635845
 0 0.635845
 0 0.635845
 0 0.635857
 0 0.635857
 0 0.635857
 0 0.635858
 0 0.635863
 0 0.635863
 0 0.635908
 0 0.635908
 0 0.635915
 0 0.635916
 0 0.635916
 0 0.635929
 0 0.635931
 0 0.635931
 0 0.636012
 0 0.636019
 0 0.636021
 0 0.636021
 0 0.636041
 0 0.636041
 0 0.636051
 0 0.636065
 0 0.636065
 0 0.636065
 0 0.636065
 0 0.636071
 0 0.636073
 0 0.636073
 0 0.636073
 0 0.636093
 0 0.636098
 0 0.636098
 0 0.636099
 0 0.636115
 0 0.636115
 0 0.63612
 0 0.636122
 0 0.636124
 0 0.636172
 0 0.636174
 0 0.636216
 0 0.636216
 0 0.636217
 0 0.636217
 0 0.636223
 0 0.636223
 0 0.636237
 0 0.636258
 0 0.636258
 0 0.636258
 0 0.636311
 0 0.636319
 0 0.636326
 0 0.636334
 0 0.636344
 0 0.636344
 0 0.636344
 0 0.636481
 0 0.636482
 0 0.636498
 0 0.636499
 0 0.6365
 0 0.636507
 0 0.636507
 0 0.636513
 0 0.636514
 0 0.636514
 0 0.636515
 0 0.636515
 0 0.636515
 0 0.636516
 0 0.636516
 0 0.636529
 0 0.636529
 0 0.636529
 0 0.636534
 0 0.636534
 0 0.636541
 0 0.636593
 0 0.636593
 0 0.636593
 0 0.636594
 0 0.63661
 0 0.63661
 0 0.63661
 0 0.63662
 0 0.636621
 0 0.636648
 0 0.636648
 0 0.636676
 0 0.636695
 0 0.636696
 0 0.636697
 0 0.636697
 0 0.636697
 0 0.636708
 0 0.636708
 0 0.636719
 0 0.636742
 0 0.636742
 0 0.636743
 0 0.636768
 0 0.636769
 0 0.63677
 0 0.636787
 0 0.636787
 0 0.636788
 0 0.636826
 0 0.636827
 0 0.636827
 0 0.636828
 0 0.636843
 0 0.636843
 0 0.636862
 0 0.636872
 0 0.636883
 0 0.636884
 0 0.636934
 0 0.636935
 0 0.636935
 0 0.636943
 0 0.636944
 0 0.636962
 0 0.636962
 0 0.636962
 0 0.63697
 0 0.63697
 0 0.637004
 0 0.637013
 0 0.63702
 0 0.63702
 0 0.63702
 0 0.637047
 0 0.637053
 0 0.637053
 0 0.637072
 0 0.637177
 0 0.637177
 0 0.637177
 0 0.637208
 0 0.637208
 0 0.637217
 0 0.637217
 0 0.637218
 0 0.637235
 0 0.637235
 0 0.637235
 0 0.637235
 0 0.637253
 0 0.637284
 0 0.637293
 0 0.637294
 0 0.637307
 0 0.637307
 0 0.637376
 0 0.637376
 0 0.637377
 0 0.63738
 0 0.637397
 0 0.637397
 0 0.637405
 0 0.637405
 0 0.637422
 0 0.63743
 0 0.637431
 0 0.637431
 0 0.637456
 0 0.637471
 0 0.637483
 0 0.637537
 0 0.637537
 0 0.63754
 0 0.637541
 0 0.63756
 0 0.63756
 0 0.637577
 0 0.637605
 0 0.637634
 0 0.637687
 0 0.637688
 0 0.637688
 0 0.637689
 0 0.637696
 0 0.637696
 0 0.637696
 0 0.637697
 0 0.63771
 0 0.63773
 0 0.63773
 0 0.637745
 0 0.637752
 0 0.637753
 0 0.637838
 0 0.637907
 0 0.637908
 0 0.637908
 0 0.637908
 0 0.637929
 0 0.637929
 0 0.637929
 0 0.637961
 0 0.637963
 0 0.637966
 0 0.637966
 0 0.637974
 0 0.637987
 0 0.637988
 0 0.637999
 0 0.637999
 0 0.637999
 0 0.638052
 0 0.638052
 0 0.638085
 0 0.638117
 0 0.638117
 0 0.638119
 0 0.638142
 0 0.638154
 0 0.638156
 0 0.638223
 0 0.638223
 0 0.638248
 0 0.638249
 0 0.638249
 0 0.63828
 0 0.638318
 0 0.638319
 0 0.638331
 0 0.638371
 0 0.638371
 0 0.638371
 0 0.638374
 0 0.638374
 0 0.638375
 0 0.638375
 0 0.638375
 0 0.638389
 0 0.63839
 0 0.638393
 0 0.638459
 0 0.638459
 0 0.638505
 0 0.638506
 0 0.638506
 0 0.638536
 0 0.638537
 0 0.638542
 0 0.638562
 0 0.638562
 0 0.638601
 0 0.638632
 0 0.638663
 0 0.638663
 0 0.638666
 0 0.638666
 0 0.638694
 0 0.638694
 0 0.638694
 0 0.638697
 0 0.638704
 0 0.638704
 0 0.638712
 0 0.638713
 0 0.638846
 0 0.638847
 0 0.638858
 0 0.638859
 0 0.638859
 0 0.638875
 0 0.638876
 0 0.638879
 0 0.638884
 0 0.638914
 0 0.638914
 0 0.638914
 0 0.638921
 0 0.638922
 0 0.639023
 0 0.639023
 0 0.639085
 0 0.639085
 0 0.639145
 0 0.639164
 0 0.639164
 0 0.639213
 0 0.639214
 0 0.639238
 0 0.639265
 0 0.639265
 0 0.639265
 0 0.639266
 0 0.639314
 0 0.639327
 0 0.639342
 0 0.639346
 0 0.639346
 0 0.639375
 0 0.639376
 0 0.639382
 0 0.639492
 0 0.639504
 0 0.639505
 0 0.639564
 0 0.639658
 0 0.639659
 0 0.639676
 0 0.639677
 0 0.639732
 0 0.639752
 0 0.639752
 0 0.639841
 0 0.639841
 0 0.639841
 0 0.639842
 0 0.639842
 0 0.639843
 0 0.639903
 0 0.639903
 0 0.639933
 0 0.639934
 0 0.639972
 0 0.640064
 0 0.640109
 0 0.64011
 0 0.640146
 0 0.640146
 0 0.640217
 0 0.640313
 0 0.640313
 0 0.640326
 0 0.640359
 0 0.640408
 0 0.640409
 0 0.640409
 0 0.640452
 0 0.640452
 0 0.640487
 0 0.640488
 0 0.640621
 0 0.640621
 0 0.64064
 0 0.64064
 0 0.64064
 0 0.64064
 0 0.640788
 0 0.640928
 0 0.641184
 0 0.641184
 0 0.641184
 0 0.641184
 0 0.641184
 0 0.641488
 0 0.641751
 0 0.641752
 0 0.647027
 0 0.647027
 0 0.647028
 0 0.647028
 0 0.648198
 0 0.648199
 0 inf
