 0 0.498344
 0 0.498344
 0 0.498784
 0 0.499089
 0 0.499528
 0 0.499531
 0 0.552337
 0 0.552338
 0 0.552343
 0 0.552629
 0 0.552893
 0 0.552899
 0 0.600589
 0 0.600591
 0 0.600763
 0 0.600765
 0 0.60119
 0 0.60119
 0 0.601191
 0 0.601467
 0 0.601467
 0 0.601469
 0 0.601855
 0 0.601964
 0 0.625151
 0 0.625155
 0 0.625951
 0 0.625951
 0 0.625954
 0 0.626234
 0 0.627132
 0 0.627197
 0 0.627288
 0 0.627874
 0 0.627928
 0 0.628004
 0 0.628004
 0 0.628004
 0 0.628269
 0 0.628669
 0 0.62867
 0 0.628784
 0 0.628785
 0 0.62897
 0 0.62897
 0 0.62897
 0 0.628971
 0 0.628971
 0 0.629337
 0 0.629338
 0 0.629492
 0 0.629735
 0 0.629805
 0 0.629884
 0 0.629884
 0 0.62992
 0 0.630016
 0 0.630077
 0 0.630134
 0 0.630134
 0 0.630135
 0 0.630135
 0 0.630136
 0 0.630271
 0 0.630439
 0 0.63044
 0 0.63044
 0 0.630456
 0 0.630456
 0 0.630475
 0 0.630475
 0 0.630491
 0 0.630493
 0 0.630496
 0 0.630496
 0 0.630496
 0 0.630496
 0 0.630544
 0 0.630583
 0 0.630586
 0 0.630586
 0 0.630587
 0 0.630613
 0 0.630613
 0 0.630613
 0 0.630626
 0 0.630626
 0 0.63067
 0 0.630779
 0 0.630783
 0 0.630817
 0 0.630822
 0 0.630822
 0 0.630827
 0 0.630829
 0 0.630837
 0 0.630882
 0 0.630895
 0 0.630895
 0 0.630999
 0 0.631047
 0 0.631047
 0 0.631067
 0 0.631067
 0 0.631073
 0 0.631126
 0 0.631126
 0 0.631127
 0 0.631231
 0 0.631232
 0 0.631232
 0 0.631242
 0 0.631314
 0 0.631315
 0 0.631361
 0 0.631361
 0 0.631368
 0 0.631369
 0 0.631369
 0 0.631465
 0 0.631468
 0 0.631477
 0 0.631508
 0 0.631555
 0 0.631555
 0 0.631564
 0 0.631565
 0 0.631565
 0 0.631596
 0 0.631596
 0 0.631596
 0 0.631608
 0 0.631678
 0 0.63172
 0 0.631721
 0 0.631726
 0 0.631726
 0 0.631769
 0 0.631811
 0 0.631827
 0 0.63183
 0 0.63184
 0 0.63184
 0 0.631959
 0 0.632062
 0 0.632091
 0 0.632214
 0 0.632261
 0 0.632261
 0 0.632275
 0 0.632277
 0 0.632298
 0 0.632299
 0 0.632299
 0 0.632367
 0 0.632367
 0 0.632375
 0 0.632375
 0 0.632376
 0 0.632412
 0 0.632439
 0 0.632439
 0 0.632441
 0 0.632462
 0 0.632463
 0 0.632463
 0 0.632463
 0 0.632464
 0 0.632465
 0 0.632466
 0 0.632495
 0 0.632496
 0 0.632499
 0 0.632499
 0 0.63251
 0 0.63251
 0 0.63252
 0 0.63252
 0 0.632522
 0 0.632522
 0 0.632526
 0 0.632528
 0 0.632564
 0 0.632565
 0 0.632577
 0 0.632577
 0 0.632603
 0 0.632603
 0 0.632603
 0 0.632611
 0 0.632618
 0 0.632659
 0 0.632659
 0 0.632659
 0 0.63266
 0 0.632712
 0 0.632712
 0 0.632729
 0 0.632732
 0 0.632742
 0 0.632752
 0 0.632754
 0 0.632776
 0 0.632777
 0 0.632815
 0 0.632864
 0 0.632898
 0 0.632908
 0 0.63291
 0 0.632997
 0 0.632997
 0 0.633014
 0 0.633015
 0 0.633028
 0 0.633028
 0 0.633035
 0 0.633063
 0 0.633064
 0 0.633107
 0 0.633107
 0 0.63311
 0 0.63311
 0 0.633117
 0 0.633117
 0 0.633123
 0 0.633124
 0 0.633181
 0 0.633181
 0 0.633182
 0 0.63319
 0 0.63319
 0 0.633209
 0 0.63321
 0 0.63321
 0 0.633213
 0 0.633213
 0 0.633216
 0 0.633217
 0 0.633217
 0 0.633242
 0 0.633242
 0 0.633248
 0 0.633254
 0 0.633273
 0 0.633273
 0 0.633274
 0 0.633292
 0 0.633292
 0 0.633292
 0 0.633317
 0 0.633393
 0 0.633393
 0 0.633394
 0 0.633395
 0 0.633395
 0 0.633502
 0 0.633502
 0 0.633502
 0 0.633502
 0 0.633512
 0 0.633542
 0 0.633565
 0 0.633565
 0 0.633585
 0 0.633585
 0 0.633588
 0 0.633589
 0 0.633599
 0 0.6336
 0 0.633601
 0 0.633601
 0 0.633601
 0 0.63362
 0 0.633632
 0 0.633641
 0 0.633656
 0 0.633659
 0 0.633662
 0 0.633662
 0 0.633672
 0 0.633673
 0 0.633687
 0 0.633716
 0 0.633717
 0 0.633737
 0 0.633737
 0 0.633738
 0 0.633764
 0 0.633766
 0 0.633767
 0 0.633767
 0 0.633808
 0 0.633874
 0 0.6339
 0 0.633901
 0 0.633912
 0 0.633916
 0 0.633923
 0 0.633923
 0 0.633924
 0 0.633956
 0 0.633958
 0 0.633958
 0 0.634001
 0 0.634002
 0 0.634003
 0 0.634019
 0 0.634021
 0 0.634023
 0 0.634023
 0 0.634023
 0 0.634037
 0 0.634087
 0 0.634088
 0 0.634088
 0 0.634102
 0 0.634103
 0 0.63411
 0 0.634112
 0 0.634112
 0 0.634112
 0 0.634118
 0 0.63412
 0 0.63412
 0 0.634138
 0 0.634138
 0 0.634139
 0 0.634139
 0 0.634139
 0 0.634149
 0 0.634149
 0 0.634162
 0 0.634162
 0 0.634163
 0 0.634163
 0 0.634163
 0 0.634165
 0 0.634165
 0 0.634165
 0 0.634195
 0 0.634195
 0 0.634195
 0 0.634196
 0 0.634225
 0 0.634225
 0 0.634271
 0 0.634271
 0 0.634278
 0 0.634279
 0 0.634285
 0 0.634285
 0 0.634301
 0 0.634302
 0 0.634312
 0 0.634313
 0 0.634314
 0 0.63432
 0 0.634321
 0 0.634321
 0 0.634339
 0 0.634339
 0 0.634399
 0 0.634403
 0 0.634403
 0 0.634428
 0 0.634429
 0 0.634559
 0 0.634559
 0 0.63456
 0 0.634574
 0 0.634576
 0 0.634635
 0 0.634635
 0 0.634637
 0 0.634638
 0 0.634638
 0 0.634656
 0 0.634658
 0 0.63466
 0 0.634661
 0 0.634661
 0 0.634682
 0 0.634682
 0 0.634735
 0 0.634735
 0 0.634735
 0 0.634757
 0 0.634779
 0 0.634791
 0 0.634791
 0 0.634791
 0 0.634794
 0 0.634794
 0 0.634799
 0 0.634808
 0 0.634822
 0 0.634825
 0 0.634826
 0 0.634835
 0 0.634836
 0 0.634914
 0 0.634917
 0 0.634953
 0 0.634956
 0 0.634966
 0 0.634996
 0 0.634998
 0 0.634999
 0 0.635017
 0 0.63505
 0 0.635052
 0 0.635058
 0 0.63506
 0 0.635068
 0 0.635069
 0 0.63507
 0 0.635087
 0 0.635095
 0 0.635095
 0 0.635107
 0 0.635117
 0 0.635118
 0 0.635129
 0 0.635133
 0 0.635134
 0 0.635176
 0 0.635186
 0 0.635188
 0 0.635227
 0 0.635228
 0 0.635229
 0 0.635289
 0 0.635289
 0 0.63529
 0 0.63529
 0 0.63529
 0 0.63529
 0 0.635298
 0 0.6353
 0 0.635305
 0 0.635306
 0 0.635306
 0 0.635331
 0 0.635334
 0 0.635335
 0 0.635341
 0 0.635341
 0 0.635342
 0 0.635353
 0 0.63536
 0 0.635362
 0 0.635378
 0 0.635385
 0 0.635397
 0 0.635407
 0 0.635407
 0 0.63543
 0 0.635454
 0 0.635454
 0 0.635454
 0 0.635469
 0 0.635511
 0 0.635511
 0 0.635511
 0 0.635526
 0 0.635526
 0 0.635535
 0 0.635535
 0 0.635535
 0 0.635535
 0 0.635535
 0 0.635555
 0 0.635555
 0 0.635555
 0 0.635559
 0 0.635559
 0 0.635562
 0 0.635563
 0 0.635568
 0 0.635569
 0 0.635612
 0 0.635612
 0 0.635612
 0 0.635613
 0 0.635614
 0 0.635615
 0 0.635615
 0 0.635617
 0 0.63562
 0 0.635621
 0 0.635626
 0 0.635626
 0 0.635626
 0 0.635648
 0 0.635649
 0 0.635741
 0 0.635743
 0 0.635743
 0 0.635765
 0 0.635765
 0 0.635775
 0 0.63578
 0 0.635803
 0 0.635803
 0 0.635814
 0 0.635814
 0 0.635815
 0 0.635816
 0 0.635816
 0 0.635816
 0 0.635816
 0 0.635819
 0 0.63582
 0 0.635821
 0 0.635828
 0 0.635855
 0 0.635868
 0 0.635869
 0 0.63587
 0 0.635871
 0 0.635872
 0 0.635873
 0 0.635878
 0 0.635878
 0 0.635879
 0 0.63588
 0 0.635882
 0 0.635885
 0 0.6359
 0 0.6359
 0 0.635902
 0 0.635903
 0 0.635905
 0 0.635907
 0 0.635907
 0 0.635912
 0 0.635939
 0 0.63594
 0 0.635944
 0 0.635947
 0 0.635947
 0 0.635947
 0 0.635951
 0 0.635976
 0 0.635979
 0 0.635985
 0 0.635985
 0 0.636008
 0 0.636008
 0 0.636011
 0 0.636011
 0 0.636011
 0 0.63604
 0 0.636041
 0 0.636048
 0 0.636049
 0 0.636052
 0 0.636053
 0 0.636054
 0 0.63607
 0 0.636077
 0 0.636077
 0 0.636077
 0 0.636078
 0 0.636078
 0 0.636078
 0 0.636091
 0 0.636124
 0 0.636128
 0 0.636133
 0 0.636133
 0 0.636135
 0 0.636136
 0 0.636136
 0 0.636136
 0 0.636136
 0 0.636167
 0 0.636178
 0 0.636178
 0 0.636221
 0 0.636221
 0 0.636234
 0 0.636234
 0 0.636265
 0 0.636265
 0 0.636265
 0 0.636267
 0 0.636316
 0 0.636317
 0 0.63634
 0 0.636345
 0 0.636346
 0 0.636346
 0 0.636347
 0 0.636358
 0 0.6364
 0 0.6364
 0 0.6364
 0 0.636401
 0 0.636401
 0 0.636401
 0 0.636401
 0 0.636406
 0 0.636407
 0 0.636439
 0 0.636475
 0 0.636475
 0 0.636485
 0 0.636486
 0 0.636487
 0 0.636505
 0 0.636545
 0 0.636553
 0 0.636558
 0 0.636572
 0 0.636572
 0 0.636574
 0 0.636614
 0 0.636617
 0 0.636617
 0 0.636619
 0 0.63663
 0 0.636632
 0 0.636634
 0 0.636638
 0 0.636645
 0 0.636657
 0 0.636662
 0 0.636699
 0 0.6367
 0 0.636703
 0 0.636706
 0 0.636707
 0 0.636707
 0 0.636744
 0 0.636745
 0 0.636748
 0 0.636748
 0 0.636756
 0 0.636759
 0 0.636793
 0 0.636856
 0 0.636863
 0 0.636885
 0 0.636904
 0 0.636912
 0 0.636916
 0 0.636932
 0 0.636937
 0 0.636951
 0 0.636953
 0 0.636953
 0 0.636953
 0 0.636957
 0 0.636984
 0 0.636984
 0 0.636985
 0 0.636985
 0 0.637003
 0 0.637013
 0 0.637014
 0 0.63704
 0 0.63704
 0 0.637047
 0 0.637047
 0 0.637047
 0 0.637049
 0 0.637049
 0 0.637058
 0 0.637058
 0 0.63707
 0 0.63707
 0 0.637072
 0 0.637072
 0 0.63713
 0 0.63713
 0 0.637132
 0 0.637132
 0 0.637144
 0 0.637144
 0 0.637145
 0 0.637145
 0 0.637153
 0 0.637153
 0 0.637156
 0 0.637158
 0 0.637171
 0 0.637171
 0 0.637171
 0 0.637182
 0 0.637182
 0 0.637198
 0 0.637199
 0 0.637217
 0 0.637217
 0 0.637217
 0 0.637218
 0 0.637224
 0 0.637224
 0 0.637244
 0 0.637248
 0 0.637259
 0 0.63726
 0 0.63726
 0 0.637264
 0 0.637266
 0 0.637267
 0 0.637268
 0 0.637285
 0 0.637285
 0 0.637288
 0 0.637295
 0 0.637298
 0 0.637298
 0 0.637305
 0 0.637308
 0 0.637308
 0 0.637308
 0 0.63731
 0 0.637326
 0 0.63733
 0 0.637335
 0 0.637335
 0 0.637336
 0 0.637341
 0 0.637351
 0 0.637351
 0 0.637402
 0 0.637407
 0 0.637407
 0 0.637408
 0 0.637408
 0 0.637408
 0 0.637408
 0 0.63741
 0 0.637414
 0 0.637419
 0 0.637427
 0 0.637428
 0 0.637428
 0 0.637436
 0 0.637438
 0 0.637454
 0 0.637455
 0 0.637455
 0 0.637456
 0 0.637456
 0 0.637456
 0 0.637457
 0 0.637461
 0 0.637461
 0 0.637472
 0 0.63749
 0 0.63749
 0 0.637491
 0 0.637491
 0 0.637499
 0 0.6375
 0 0.6375
 0 0.637503
 0 0.637503
 0 0.637518
 0 0.637519
 0 0.637519
 0 0.637539
 0 0.637554
 0 0.637567
 0 0.63757
 0 0.63757
 0 0.63757
 0 0.63757
 0 0.63757
 0 0.637574
 0 0.637576
 0 0.637576
 0 0.63758
 0 0.637592
 0 0.637592
 0 0.637594
 0 0.637603
 0 0.637603
 0 0.637611
 0 0.637611
 0 0.637613
 0 0.637619
 0 0.637625
 0 0.637625
 0 0.637625
 0 0.637625
 0 0.63763
 0 0.637633
 0 0.637633
 0 0.637633
 0 0.637634
 0 0.637634
 0 0.637634
 0 0.637634
 0 0.637652
 0 0.637653
 0 0.637672
 0 0.6377
 0 0.6377
 0 0.637707
 0 0.637712
 0 0.637716
 0 0.637725
 0 0.637735
 0 0.637743
 0 0.637745
 0 0.637745
 0 0.637745
 0 0.637746
 0 0.637756
 0 0.637756
 0 0.637756
 0 0.637766
 0 0.637773
 0 0.637773
 0 0.637799
 0 0.6378
 0 0.637801
 0 0.637815
 0 0.637815
 0 0.637828
 0 0.637829
 0 0.637829
 0 0.637831
 0 0.637832
 0 0.637862
 0 0.637863
 0 0.637868
 0 0.637869
 0 0.63787
 0 0.637894
 0 0.637894
 0 0.637895
 0 0.637896
 0 0.637902
 0 0.637906
 0 0.637937
 0 0.637939
 0 0.637941
 0 0.637956
 0 0.637958
 0 0.637966
 0 0.637967
 0 0.637967
 0 0.637972
 0 0.63802
 0 0.63802
 0 0.638036
 0 0.638042
 0 0.638051
 0 0.638061
 0 0.638061
 0 0.638139
 0 0.638139
 0 0.63814
 0 0.638155
 0 0.638171
 0 0.638189
 0 0.63819
 0 0.638193
 0 0.638218
 0 0.638262
 0 0.638262
 0 0.638282
 0 0.638315
 0 0.638316
 0 0.638317
 0 0.638317
 0 0.63832
 0 0.638321
 0 0.638321
 0 0.638322
 0 0.638322
 0 0.638327
 0 0.638328
 0 0.638339
 0 0.638339
 0 0.638353
 0 0.638353
 0 0.638353
 0 0.638358
 0 0.638368
 0 0.638371
 0 0.638376
 0 0.638377
 0 0.638415
 0 0.638456
 0 0.638465
 0 0.638465
 0 0.638465
 0 0.638474
 0 0.638474
 0 0.638484
 0 0.638494
 0 0.638509
 0 0.638509
 0 0.638521
 0 0.638568
 0 0.638568
 0 0.63859
 0 0.63859
 0 0.638609
 0 0.638623
 0 0.638624
 0 0.638624
 0 0.638631
 0 0.638658
 0 0.638658
 0 0.638661
 0 0.638661
 0 0.638664
 0 0.638665
 0 0.638666
 0 0.638667
 0 0.638668
 0 0.638674
 0 0.638674
 0 0.638675
 0 0.638675
 0 0.638676
 0 0.638676
 0 0.638682
 0 0.638682
 0 0.638691
 0 0.638691
 0 0.638695
 0 0.638718
 0 0.638719
 0 0.638722
 0 0.638722
 0 0.638779
 0 0.638795
 0 0.638837
 0 0.638838
 0 0.638838
 0 0.638866
 0 0.638868
 0 0.638868
 0 0.638868
 0 0.638875
 0 0.638875
 0 0.638876
 0 0.638876
 0 0.63888
 0 0.63888
 0 0.63888
 0 0.638881
 0 0.638882
 0 0.638901
 0 0.638928
 0 0.638929
 0 0.638929
 0 0.638931
 0 0.638937
 0 0.638938
 0 0.638946
 0 0.638969
 0 0.638969
 0 0.63897
 0 0.638977
 0 0.639005
 0 0.6391
 0 0.639124
 0 0.639127
 0 0.639134
 0 0.639158
 0 0.639158
 0 0.639159
 0 0.639169
 0 0.639169
 0 0.639175
 0 0.639175
 0 0.639176
 0 0.639176
 0 0.639188
 0 0.639189
 0 0.63919
 0 0.63919
 0 0.639235
 0 0.639235
 0 0.639238
 0 0.639261
 0 0.639264
 0 0.639264
 0 0.639271
 0 0.639271
 0 0.639282
 0 0.639288
 0 0.63929
 0 0.639294
 0 0.639295
 0 0.639315
 0 0.639318
 0 0.639319
 0 0.63935
 0 0.639352
 0 0.639378
 0 0.639391
 0 0.639391
 0 0.639392
 0 0.639404
 0 0.639483
 0 0.639557
 0 0.639557
 0 0.639587
 0 0.639592
 0 0.6396
 0 0.639614
 0 0.639617
 0 0.639618
 0 0.639619
 0 0.639659
 0 0.639661
 0 0.639661
 0 0.639694
 0 0.639694
 0 0.639695
 0 0.639723
 0 0.639723
 0 0.639723
 0 0.639724
 0 0.639764
 0 0.639765
 0 0.639766
 0 0.639766
 0 0.639807
 0 0.639809
 0 0.639818
 0 0.639843
 0 0.639862
 0 0.639866
 0 0.639904
 0 0.639904
 0 0.639905
 0 0.639935
 0 0.639958
 0 0.63996
 0 0.63996
 0 0.639968
 0 0.639976
 0 0.639976
 0 0.639976
 0 0.640002
 0 0.640098
 0 0.640098
 0 0.640129
 0 0.640129
 0 0.640131
 0 0.640131
 0 0.640132
 0 0.640132
 0 0.640184
 0 0.640191
 0 0.640191
 0 0.640191
 0 0.640223
 0 0.640223
 0 0.640278
 0 0.640295
 0 0.64036
 0 0.64036
 0 0.640407
 0 0.640409
 0 0.640412
 0 0.64049
 0 0.64049
 0 0.640518
 0 0.640525
 0 0.640525
 0 0.640525
 0 0.64054
 0 0.640542
 0 0.640543
 0 0.640615
 0 0.640617
 0 0.640636
 0 0.640636
 0 0.640671
 0 0.640674
 0 0.640692
 0 0.640694
 0 0.640694
 0 0.640729
 0 0.640783
 0 0.640783
 0 0.640783
 0 0.640784
 0 0.64085
 0 0.64085
 0 0.64085
 0 0.64094
 0 0.64094
 0 0.640958
 0 0.640958
 0 0.641088
 0 0.641092
 0 0.641211
 0 0.641211
 0 0.641211
 0 0.641237
 0 0.641238
 0 0.641239
 0 0.641329
 0 0.641329
 0 0.641329
 0 0.641738
 0 0.641738
 0 0.641738
 0 0.641858
 0 0.641858
 0 0.641901
 0 0.641901
 0 0.64226
 0 0.642262
 0 0.642263
 0 0.642264
 0 0.642265
 0 0.642547
 0 0.643063
 0 inf
