 9.03744 9.46178
 9.02309 9.5383
 8.75061 9.02421
 8.54302 8.56023
 8.46549 8.5398
 7.89914 8.12757
 7.86576 8.50141
 7.63705 8.14082
 7.13197 7.13288
 7.10495 7.12227
 6.94579 7.72337
 6.87204 7.20629
 6.84136 6.99536
 6.64713 7.02248
 6.60677 7.05551
 6.59337 7.17385
 6.46573 7.33894
 6.43795 6.86728
 6.42431 7.08159
 6.25421 7.48698
 6.17506 7.6921
 6.0097 6.20168
 5.96331 8.71198
 5.92673 5.96952
 5.63572 5.65788
 5.5767 6.72959
 5.47902 5.69081
 5.35963 5.36761
 5.3098 5.53929
 5.2742 5.29083
 5.26456 6.02064
 5.18628 5.44773
 5.1745 5.17649
 5.0664 5.16302
 5.03275 5.03401
 4.97774 4.97828
 4.96921 5.50861
 4.96115 4.96701
 4.96075 4.96491
 4.92961 4.9369
 4.92626 5.23021
 4.90585 4.91758
 4.89907 4.92086
 4.89851 4.90714
 4.89089 4.90577
 4.88546 4.90059
 4.88472 4.90718
 4.88361 5.25615
 4.87307 5.05038
 4.87067 4.89417
 4.85952 4.88489
 4.8561 4.8644
 4.85364 4.86373
 4.85227 4.85704
 4.84988 4.93617
 4.84347 4.856
 4.83965 4.87976
 4.83052 4.88168
 4.82484 5.62204
 4.82474 4.84765
 4.82107 4.99242
 4.78544 4.79049
 4.76946 4.77677
 4.7666 4.78112
 4.75881 4.75922
 4.7538 4.75664
 4.74924 4.76632
 4.74646 4.76692
 4.74587 4.87494
 4.74559 4.7736
 4.73683 4.76245
 4.73677 4.79913
 4.73628 4.74904
 4.73334 5.02582
 4.71224 4.92882
 4.70034 4.7009
 4.69029 4.70278
 4.67086 4.67815
 4.67065 5.30175
 4.66856 4.68424
 4.66754 4.67467
 4.65909 4.66093
 4.64641 4.66465
 4.64559 4.66784
 4.64546 4.6795
 4.64473 6.10045
 4.64467 4.66994
 4.64395 4.64561
 4.61893 4.90611
 4.60986 5.10314
 4.59774 7.80969
 4.5884 4.59854
 4.58781 4.76415
 4.57353 4.58579
 4.55998 4.60261
 4.55129 4.9167
 4.55089 4.56145
 4.54489 4.90564
 4.54096 4.5649
 4.5407 4.55119
 4.5403 4.61659
 4.53384 4.54779
 4.53159 4.55989
 4.52145 5.0511
 4.51678 8.37801
 4.50577 5.18826
 4.48665 7.5703
 4.47222 4.79501
 4.47026 4.47216
 4.44446 4.96782
 4.44113 6.14016
 4.43713 6.11501
 4.43664 5.27858
 4.38874 8.69491
 4.37601 6.50475
 4.32147 6.16825
 4.30237 4.89249
 4.29729 4.38231
 4.2701 5.2074
 4.26891 4.29894
 4.2648 5.1672
 4.26371 4.26757
 4.23615 4.39032
 4.23343 5.19522
 4.22513 6.15358
 4.22281 4.9998
 4.21736 4.27823
 4.20047 5.04703
 4.19763 9.49488
 4.18083 4.40757
 4.17552 7.316
 4.17199 5.16209
 4.14507 7.24394
 4.11116 4.11535
 4.07312 4.07586
 4.0483 4.06322
 4.04662 7.40663
 4.0367 5.39173
 4.01031 4.01567
 3.99678 5.95515
 3.98216 8.11448
 3.97211 4.98839
 3.8798 4.61642
 3.70919 8.69098
 3.28914 5.48492
