 9.01337 9.4708
 8.99935 9.52136
 8.74218 9.00756
 8.51613 8.54996
 8.46516 8.54322
 7.89181 8.44281
 7.876 8.07197
 7.53408 8.11538
 7.16884 7.1779
 7.1605 7.17792
 6.94374 7.19784
 6.89903 7.04673
 6.84229 7.64163
 6.59745 7.20127
 6.59641 6.65895
 6.58569 6.96261
 6.5307 7.06866
 6.49451 6.9335
 6.43857 7.35301
 6.43218 7.07422
 6.26742 7.4817
 6.17486 7.72645
 5.99858 6.2094
 5.95205 8.79208
 5.92562 5.99041
 5.63585 5.64881
 5.58887 6.72194
 5.4894 5.72507
 5.36894 5.3732
 5.28639 5.5395
 5.24614 6.01734
 5.16993 5.45519
 5.14051 5.14528
 5.11535 5.22299
 4.97738 4.99037
 4.97361 4.98754
 4.9567 5.10895
 4.94192 4.94486
 4.93702 4.93844
 4.92313 4.94234
 4.9076 5.2142
 4.89822 4.91876
 4.89787 4.903
 4.88721 5.48118
 4.87496 4.89707
 4.86501 4.8731
 4.85254 4.87607
 4.83867 4.84987
 4.83228 4.96811
 4.82631 4.83706
 4.8247 4.87587
 4.82006 5.23955
 4.81946 4.83624
 4.80349 4.81034
 4.79739 4.8059
 4.79192 5.56624
 4.79056 4.79397
 4.7824 4.98735
 4.77322 4.77324
 4.76606 4.77809
 4.7639 4.8147
 4.7633 4.76654
 4.75444 4.77849
 4.75262 4.80289
 4.7507 4.85183
 4.74927 4.76402
 4.74577 4.76745
 4.74546 4.77439
 4.7354 4.80759
 4.73134 4.73481
 4.72727 4.73049
 4.72643 4.7416
 4.72536 4.73663
 4.71975 4.72924
 4.7173 4.7174
 4.70638 4.72823
 4.70309 4.72011
 4.70286 4.94175
 4.70008 6.04731
 4.69509 4.89744
 4.66653 4.68001
 4.64074 4.66313
 4.63956 4.64611
 4.63926 4.64466
 4.6385 4.66835
 4.6376 7.80751
 4.62545 4.65017
 4.62454 4.6483
 4.62292 4.90116
 4.61535 5.2692
 4.60237 5.08431
 4.59381 4.61535
 4.59251 4.61422
 4.57949 4.79295
 4.57831 5.06338
 4.55653 4.64182
 4.52438 4.95213
 4.52097 4.52822
 4.51512 5.16969
 4.51257 4.88793
 4.51085 7.60014
 4.50986 4.51406
 4.50345 4.51093
 4.50262 4.50514
 4.48069 4.49646
 4.47563 4.98568
 4.47507 4.47844
 4.47491 4.83368
 4.4565 4.48475
 4.45551 4.45843
 4.44875 8.40428
 4.43945 5.27662
 4.42271 6.08405
 4.42253 6.16714
 4.35427 4.96526
 4.34902 8.65162
 4.34396 6.53373
 4.30905 6.17287
 4.3055 4.39317
 4.28639 5.15375
 4.26879 5.17112
 4.25989 4.31001
 4.245 4.24717
 4.24364 5.16411
 4.22146 4.37029
 4.21936 4.25735
 4.21777 5.08641
 4.21467 7.22529
 4.20527 6.12928
 4.205 4.41673
 4.19634 5.1963
 4.18942 4.98826
 4.16852 9.48447
 4.13946 7.08992
 4.13236 4.13779
 4.08343 4.08411
 4.06526 5.43546
 4.01929 7.41381
 4.00391 8.1165
 4.00219 4.97335
 3.99321 4.00203
 3.99284 5.9434
 3.94517 4.60543
 3.68835 8.6591
 3.28007 5.46812
