 8.50863 9.77585
 8.27684 8.51954
 8.03888 8.25427
 7.98809 8.21309
 7.76035 8.06034
 7.65429 8.20512
 7.63466 8.7336
 7.63437 8.27483
 7.61931 7.8401
 7.39809 8.03636
 7.17372 7.26277
 7.03844 7.12349
 6.77003 6.93586
 6.40968 7.09134
 6.1521 6.15849
 6.01628 6.06183
 5.7192 8.15615
 5.6708 8.33001
 5.48415 5.5063
 5.19159 8.77878
 5.00417 8.41595
 4.96182 4.96426
 4.93076 4.93259
 4.92821 4.94056
 4.91539 4.93554
 4.91187 4.9143
 4.90442 5.03793
 4.89622 4.90009
 4.89456 4.90108
 4.89221 4.90049
 4.88799 4.89078
 4.85521 4.87474
 4.85023 4.87083
 4.847 4.86911
 4.84356 4.8453
 4.83481 4.89538
 4.82337 4.83407
 4.80616 4.80857
 4.77366 4.7934
 4.76783 4.77192
 4.74818 4.96578
 4.7397 4.76649
 4.73173 4.75169
 4.7293 4.90884
 4.72883 4.7339
 4.72116 4.75606
 4.72103 4.9916
 4.71607 9.3262
 4.70288 4.71803
 4.69685 4.70534
 4.69362 4.71248
 4.68612 5.72846
 4.67605 4.67928
 4.67302 4.99207
 4.66188 4.98817
 4.65929 4.65933
 4.64804 4.65212
 4.63811 5.36575
 4.63334 4.64356
 4.63256 4.64332
 4.61695 5.04809
 4.60842 5.0751
 4.60338 4.6209
 4.58994 4.61511
 4.58049 5.05541
 4.57301 4.80129
 4.57279 7.37676
 4.57043 4.573
 4.55975 4.85186
 4.53845 4.68893
 4.5036 10.5254
 4.45442 4.55051
 4.22286 4.23408
 4.21689 9.40568
 3.86819 8.77708
 3.61796 4.78096
