 0 0.476593
 0 0.47769
 0 0.47769
 0 0.477692
 0 0.477694
 0 0.478289
 0 0.481456
 0 0.481456
 0 0.481456
 0 0.481813
 0 0.481916
 0 0.481921
 0 0.489551
 0 0.489554
 0 0.490321
 0 0.490984
 0 0.490984
 0 0.490984
 0 0.493855
 0 0.493855
 0 0.493855
 0 0.493857
 0 0.49441
 0 0.494447
 0 0.6302
 0 0.630201
 0 0.630201
 0 0.630204
 0 0.630253
 0 0.630256
 0 0.630871
 0 0.630915
 0 0.631034
 0 0.631035
 0 0.631068
 0 0.631074
 0 0.631074
 0 0.631092
 0 0.631151
 0 0.631153
 0 0.631166
 0 0.631211
 0 0.631211
 0 0.631211
 0 0.631211
 0 0.631225
 0 0.631242
 0 0.631434
 0 0.631554
 0 0.631581
 0 0.631581
 0 0.631618
 0 0.631691
 0 0.631712
 0 0.631713
 0 0.631741
 0 0.631741
 0 0.631749
 0 0.631785
 0 0.631785
 0 0.631868
 0 0.631868
 0 0.631868
 0 0.631872
 0 0.631872
 0 0.631872
 0 0.631872
 0 0.63189
 0 0.631892
 0 0.631896
 0 0.631896
 0 0.631897
 0 0.6319
 0 0.6319
 0 0.631903
 0 0.631963
 0 0.631963
 0 0.631963
 0 0.631981
 0 0.631983
 0 0.631986
 0 0.631992
 0 0.63203
 0 0.63203
 0 0.63203
 0 0.632039
 0 0.632039
 0 0.632041
 0 0.632056
 0 0.632059
 0 0.632086
 0 0.63209
 0 0.632091
 0 0.632091
 0 0.632092
 0 0.632092
 0 0.632093
 0 0.632093
 0 0.632094
 0 0.632109
 0 0.632125
 0 0.632179
 0 0.632179
 0 0.632191
 0 0.632191
 0 0.632204
 0 0.632205
 0 0.632211
 0 0.632217
 0 0.63222
 0 0.632223
 0 0.632224
 0 0.632224
 0 0.632263
 0 0.632263
 0 0.632263
 0 0.632263
 0 0.632289
 0 0.632323
 0 0.632324
 0 0.632368
 0 0.632369
 0 0.632378
 0 0.632378
 0 0.632396
 0 0.632398
 0 0.6324
 0 0.632413
 0 0.632425
 0 0.632427
 0 0.632433
 0 0.632433
 0 0.632433
 0 0.632442
 0 0.632457
 0 0.632457
 0 0.632457
 0 0.632459
 0 0.632459
 0 0.632477
 0 0.632479
 0 0.632479
 0 0.632482
 0 0.632484
 0 0.632499
 0 0.632499
 0 0.632518
 0 0.632521
 0 0.632523
 0 0.632523
 0 0.632524
 0 0.632537
 0 0.632539
 0 0.632539
 0 0.632553
 0 0.632562
 0 0.632566
 0 0.632566
 0 0.632568
 0 0.632568
 0 0.632577
 0 0.632586
 0 0.632586
 0 0.632592
 0 0.632592
 0 0.632598
 0 0.632604
 0 0.632604
 0 0.632613
 0 0.632618
 0 0.632626
 0 0.632632
 0 0.632632
 0 0.632634
 0 0.632638
 0 0.63264
 0 0.63264
 0 0.63264
 0 0.63264
 0 0.63264
 0 0.63264
 0 0.632654
 0 0.632655
 0 0.632656
 0 0.632659
 0 0.632659
 0 0.632659
 0 0.632662
 0 0.632662
 0 0.632664
 0 0.632665
 0 0.632665
 0 0.632666
 0 0.632677
 0 0.632677
 0 0.632677
 0 0.632678
 0 0.632678
 0 0.63268
 0 0.632682
 0 0.632682
 0 0.632687
 0 0.632696
 0 0.632696
 0 0.632698
 0 0.6327
 0 0.632707
 0 0.632709
 0 0.632714
 0 0.632722
 0 0.632722
 0 0.632722
 0 0.632737
 0 0.632737
 0 0.632747
 0 0.632752
 0 0.632752
 0 0.632753
 0 0.632755
 0 0.632757
 0 0.632757
 0 0.632758
 0 0.632758
 0 0.63276
 0 0.63276
 0 0.632775
 0 0.632776
 0 0.632777
 0 0.6328
 0 0.632815
 0 0.632821
 0 0.632825
 0 0.632833
 0 0.632839
 0 0.632846
 0 0.632846
 0 0.632847
 0 0.632849
 0 0.632849
 0 0.632849
 0 0.632851
 0 0.632851
 0 0.632855
 0 0.632857
 0 0.632857
 0 0.632863
 0 0.632864
 0 0.632866
 0 0.632867
 0 0.632867
 0 0.63288
 0 0.632887
 0 0.632889
 0 0.63289
 0 0.63289
 0 0.632891
 0 0.632893
 0 0.632901
 0 0.632911
 0 0.632911
 0 0.632917
 0 0.632919
 0 0.632919
 0 0.632921
 0 0.632927
 0 0.632927
 0 0.632934
 0 0.632934
 0 0.632935
 0 0.632937
 0 0.632938
 0 0.632972
 0 0.632973
 0 0.632975
 0 0.632984
 0 0.632984
 0 0.632987
 0 0.632989
 0 0.632989
 0 0.632991
 0 0.632999
 0 0.633004
 0 0.633005
 0 0.633005
 0 0.633006
 0 0.633006
 0 0.633008
 0 0.63301
 0 0.63301
 0 0.633017
 0 0.633019
 0 0.63303
 0 0.63303
 0 0.633031
 0 0.633031
 0 0.633032
 0 0.633032
 0 0.633046
 0 0.633047
 0 0.633047
 0 0.633047
 0 0.633047
 0 0.63305
 0 0.633055
 0 0.633058
 0 0.633058
 0 0.633062
 0 0.633063
 0 0.633066
 0 0.633067
 0 0.633069
 0 0.63307
 0 0.633078
 0 0.633079
 0 0.633085
 0 0.633085
 0 0.633093
 0 0.633101
 0 0.633105
 0 0.633105
 0 0.633109
 0 0.633109
 0 0.633112
 0 0.633112
 0 0.633118
 0 0.633125
 0 0.633127
 0 0.633128
 0 0.633128
 0 0.633129
 0 0.633129
 0 0.633129
 0 0.63313
 0 0.63313
 0 0.633132
 0 0.633133
 0 0.633133
 0 0.633133
 0 0.633139
 0 0.63314
 0 0.633142
 0 0.633144
 0 0.633164
 0 0.633167
 0 0.633172
 0 0.633176
 0 0.633183
 0 0.633184
 0 0.633191
 0 0.633192
 0 0.633198
 0 0.6332
 0 0.633202
 0 0.633202
 0 0.633204
 0 0.633209
 0 0.633209
 0 0.633209
 0 0.63321
 0 0.63321
 0 0.63321
 0 0.633213
 0 0.633214
 0 0.633217
 0 0.633233
 0 0.633237
 0 0.633238
 0 0.633242
 0 0.633242
 0 0.633244
 0 0.633245
 0 0.633248
 0 0.633249
 0 0.633252
 0 0.633253
 0 0.633255
 0 0.633256
 0 0.633257
 0 0.633258
 0 0.633259
 0 0.63326
 0 0.633261
 0 0.633261
 0 0.633262
 0 0.633263
 0 0.633263
 0 0.633263
 0 0.633281
 0 0.633289
 0 0.633289
 0 0.633289
 0 0.633297
 0 0.633299
 0 0.633304
 0 0.633309
 0 0.633309
 0 0.633309
 0 0.633309
 0 0.633311
 0 0.633311
 0 0.633326
 0 0.633327
 0 0.633328
 0 0.633329
 0 0.633329
 0 0.633329
 0 0.633329
 0 0.63333
 0 0.63333
 0 0.633335
 0 0.633336
 0 0.633345
 0 0.633345
 0 0.633345
 0 0.633347
 0 0.633347
 0 0.63335
 0 0.63335
 0 0.633351
 0 0.633351
 0 0.633351
 0 0.633355
 0 0.633355
 0 0.633362
 0 0.633368
 0 0.63337
 0 0.633372
 0 0.63338
 0 0.633383
 0 0.633386
 0 0.633391
 0 0.633391
 0 0.633391
 0 0.633392
 0 0.633392
 0 0.633393
 0 0.633394
 0 0.633395
 0 0.633395
 0 0.633396
 0 0.633398
 0 0.6334
 0 0.633402
 0 0.633406
 0 0.633406
 0 0.633406
 0 0.633406
 0 0.633407
 0 0.633409
 0 0.633409
 0 0.633409
 0 0.633409
 0 0.633409
 0 0.633412
 0 0.633412
 0 0.633412
 0 0.633414
 0 0.633415
 0 0.63342
 0 0.633432
 0 0.633432
 0 0.633434
 0 0.633437
 0 0.63344
 0 0.633452
 0 0.633452
 0 0.633452
 0 0.633453
 0 0.633454
 0 0.633455
 0 0.633455
 0 0.633461
 0 0.633461
 0 0.633466
 0 0.633466
 0 0.633466
 0 0.633468
 0 0.633468
 0 0.633469
 0 0.633469
 0 0.633472
 0 0.633474
 0 0.633476
 0 0.633477
 0 0.63348
 0 0.63348
 0 0.633481
 0 0.633481
 0 0.633482
 0 0.633482
 0 0.633482
 0 0.633483
 0 0.633487
 0 0.633491
 0 0.633494
 0 0.633498
 0 0.633502
 0 0.633502
 0 0.633507
 0 0.633507
 0 0.633508
 0 0.633508
 0 0.63351
 0 0.63352
 0 0.63352
 0 0.633521
 0 0.633526
 0 0.633526
 0 0.633527
 0 0.633528
 0 0.633529
 0 0.63353
 0 0.633535
 0 0.633535
 0 0.633537
 0 0.633537
 0 0.633537
 0 0.633537
 0 0.63354
 0 0.633545
 0 0.633545
 0 0.633545
 0 0.633545
 0 0.633545
 0 0.633546
 0 0.633547
 0 0.633548
 0 0.633548
 0 0.63355
 0 0.63355
 0 0.633554
 0 0.633555
 0 0.633557
 0 0.633561
 0 0.63357
 0 0.63357
 0 0.633574
 0 0.633574
 0 0.633574
 0 0.633576
 0 0.633576
 0 0.633584
 0 0.633584
 0 0.633584
 0 0.633585
 0 0.633585
 0 0.633585
 0 0.633585
 0 0.633589
 0 0.633589
 0 0.63359
 0 0.63359
 0 0.63359
 0 0.633596
 0 0.633597
 0 0.633597
 0 0.633597
 0 0.633597
 0 0.633601
 0 0.633604
 0 0.633605
 0 0.633605
 0 0.633605
 0 0.633606
 0 0.633612
 0 0.633614
 0 0.633619
 0 0.633621
 0 0.633626
 0 0.633628
 0 0.633629
 0 0.633632
 0 0.633632
 0 0.633633
 0 0.633633
 0 0.63364
 0 0.633641
 0 0.633641
 0 0.633642
 0 0.633646
 0 0.633648
 0 0.633649
 0 0.633649
 0 0.63365
 0 0.63365
 0 0.633651
 0 0.633651
 0 0.633651
 0 0.633652
 0 0.633655
 0 0.633655
 0 0.633659
 0 0.633661
 0 0.633662
 0 0.633664
 0 0.633664
 0 0.633665
 0 0.633665
 0 0.633665
 0 0.633678
 0 0.63368
 0 0.633681
 0 0.633682
 0 0.633683
 0 0.633684
 0 0.633684
 0 0.633684
 0 0.633684
 0 0.633685
 0 0.633686
 0 0.633689
 0 0.633692
 0 0.633694
 0 0.633694
 0 0.633697
 0 0.633697
 0 0.633698
 0 0.633698
 0 0.633698
 0 0.633698
 0 0.633701
 0 0.633702
 0 0.633702
 0 0.633703
 0 0.633703
 0 0.633703
 0 0.633711
 0 0.633713
 0 0.633719
 0 0.633719
 0 0.63372
 0 0.633721
 0 0.633723
 0 0.633725
 0 0.633726
 0 0.633726
 0 0.63373
 0 0.633736
 0 0.633737
 0 0.633738
 0 0.63374
 0 0.633741
 0 0.633742
 0 0.633742
 0 0.633742
 0 0.633742
 0 0.633743
 0 0.633746
 0 0.633746
 0 0.633749
 0 0.633749
 0 0.633755
 0 0.633755
 0 0.633756
 0 0.633759
 0 0.633761
 0 0.633761
 0 0.633764
 0 0.633765
 0 0.633766
 0 0.633774
 0 0.633777
 0 0.633788
 0 0.633788
 0 0.633788
 0 0.633789
 0 0.63379
 0 0.633792
 0 0.633792
 0 0.633796
 0 0.633796
 0 0.633797
 0 0.633797
 0 0.633799
 0 0.633803
 0 0.633804
 0 0.633808
 0 0.633808
 0 0.633809
 0 0.633809
 0 0.633815
 0 0.633816
 0 0.633838
 0 0.633838
 0 0.633838
 0 0.63384
 0 0.63384
 0 0.633841
 0 0.633841
 0 0.633841
 0 0.633843
 0 0.633846
 0 0.633849
 0 0.63385
 0 0.633852
 0 0.633852
 0 0.633852
 0 0.633853
 0 0.633853
 0 0.633854
 0 0.633854
 0 0.633854
 0 0.633855
 0 0.633855
 0 0.633855
 0 0.633855
 0 0.63386
 0 0.633869
 0 0.633869
 0 0.633869
 0 0.63387
 0 0.63387
 0 0.633871
 0 0.633871
 0 0.633872
 0 0.633872
 0 0.633872
 0 0.633874
 0 0.633874
 0 0.633874
 0 0.633876
 0 0.633876
 0 0.633876
 0 0.633877
 0 0.633879
 0 0.633881
 0 0.633881
 0 0.633881
 0 0.633891
 0 0.633895
 0 0.633899
 0 0.633899
 0 0.633899
 0 0.633899
 0 0.633904
 0 0.633909
 0 0.63391
 0 0.63391
 0 0.63391
 0 0.633912
 0 0.633912
 0 0.633913
 0 0.633914
 0 0.633918
 0 0.633919
 0 0.633919
 0 0.63392
 0 0.633921
 0 0.633921
 0 0.633921
 0 0.633928
 0 0.633933
 0 0.633933
 0 0.633934
 0 0.633934
 0 0.633936
 0 0.633938
 0 0.633939
 0 0.633942
 0 0.633942
 0 0.633943
 0 0.633944
 0 0.633945
 0 0.633949
 0 0.633949
 0 0.633951
 0 0.633962
 0 0.633962
 0 0.633962
 0 0.633963
 0 0.633969
 0 0.633969
 0 0.63397
 0 0.633971
 0 0.633973
 0 0.633973
 0 0.633973
 0 0.633974
 0 0.633974
 0 0.633978
 0 0.633981
 0 0.633981
 0 0.633981
 0 0.633983
 0 0.633986
 0 0.633986
 0 0.633987
 0 0.63399
 0 0.633992
 0 0.633993
 0 0.633995
 0 0.634005
 0 0.634006
 0 0.634006
 0 0.634007
 0 0.63401
 0 0.63401
 0 0.634014
 0 0.634017
 0 0.634017
 0 0.634018
 0 0.634018
 0 0.634019
 0 0.634019
 0 0.634021
 0 0.634024
 0 0.634025
 0 0.634025
 0 0.634026
 0 0.634029
 0 0.63403
 0 0.63403
 0 0.634031
 0 0.634033
 0 0.634034
 0 0.634038
 0 0.63404
 0 0.634042
 0 0.634048
 0 0.634052
 0 0.634053
 0 0.634053
 0 0.634054
 0 0.634054
 0 0.634056
 0 0.634058
 0 0.634059
 0 0.634059
 0 0.634059
 0 0.634064
 0 0.634064
 0 0.634066
 0 0.634066
 0 0.634068
 0 0.634068
 0 0.634074
 0 0.634075
 0 0.634076
 0 0.634076
 0 0.634077
 0 0.634077
 0 0.634079
 0 0.634085
 0 0.634088
 0 0.634088
 0 0.634088
 0 0.634088
 0 0.634088
 0 0.634089
 0 0.634089
 0 0.634096
 0 0.634096
 0 0.634099
 0 0.634099
 0 0.634101
 0 0.634101
 0 0.634103
 0 0.634103
 0 0.634103
 0 0.634104
 0 0.634104
 0 0.634105
 0 0.634108
 0 0.634108
 0 0.634108
 0 0.634108
 0 0.634109
 0 0.634109
 0 0.634109
 0 0.634109
 0 0.634112
 0 0.634113
 0 0.634115
 0 0.634115
 0 0.634115
 0 0.634116
 0 0.634116
 0 0.634117
 0 0.634117
 0 0.634118
 0 0.634118
 0 0.63412
 0 0.634121
 0 0.634123
 0 0.634123
 0 0.634125
 0 0.634129
 0 0.634132
 0 0.634132
 0 0.634132
 0 0.634136
 0 0.634137
 0 0.634138
 0 0.634138
 0 0.634138
 0 0.634146
 0 0.634147
 0 0.634147
 0 0.63415
 0 0.634152
 0 0.634152
 0 0.634154
 0 0.634157
 0 0.634157
 0 0.634158
 0 0.634161
 0 0.634163
 0 0.634163
 0 0.634164
 0 0.634164
 0 0.634167
 0 0.634169
 0 0.63417
 0 0.634172
 0 0.634178
 0 0.634182
 0 0.634183
 0 0.634185
 0 0.634185
 0 0.634185
 0 0.634187
 0 0.634189
 0 0.63419
 0 0.63419
 0 0.63419
 0 0.63419
 0 0.634193
 0 0.634198
 0 0.634198
 0 0.634198
 0 0.634199
 0 0.6342
 0 0.6342
 0 0.6342
 0 0.6342
 0 0.634206
 0 0.634207
 0 0.634223
 0 0.634223
 0 0.634227
 0 0.634227
 0 0.634227
 0 0.63423
 0 0.634237
 0 0.634238
 0 0.634238
 0 0.634238
 0 0.634239
 0 0.634239
 0 0.634239
 0 0.634246
 0 0.634246
 0 0.634251
 0 0.634253
 0 0.634254
 0 0.634254
 0 0.634254
 0 0.634255
 0 0.634259
 0 0.634259
 0 0.634271
 0 0.634272
 0 0.634272
 0 0.634277
 0 0.634277
 0 0.634278
 0 0.634278
 0 0.634278
 0 0.634279
 0 0.634282
 0 0.634283
 0 0.634283
 0 0.634284
 0 0.634291
 0 0.634291
 0 0.634293
 0 0.634295
 0 0.634295
 0 0.634295
 0 0.634295
 0 0.634296
 0 0.634297
 0 0.634299
 0 0.634303
 0 0.634311
 0 0.634312
 0 0.634312
 0 0.634314
 0 0.634318
 0 0.634318
 0 0.634318
 0 0.634319
 0 0.634326
 0 0.634326
 0 0.634328
 0 0.634329
 0 0.634331
 0 0.634332
 0 0.63434
 0 0.634341
 0 0.634342
 0 0.634342
 0 0.634348
 0 0.634351
 0 0.634351
 0 0.634351
 0 0.634351
 0 0.634353
 0 0.634353
 0 0.634353
 0 0.634353
 0 0.634355
 0 0.634355
 0 0.634356
 0 0.634359
 0 0.634363
 0 0.634366
 0 0.634371
 0 0.634375
 0 0.634375
 0 0.634375
 0 0.634375
 0 0.634381
 0 0.634387
 0 0.634391
 0 0.634391
 0 0.634393
 0 0.634395
 0 0.634397
 0 0.634398
 0 0.634398
 0 0.634398
 0 0.634398
 0 0.634398
 0 0.634399
 0 0.634407
 0 0.634407
 0 0.63441
 0 0.634414
 0 0.634414
 0 0.634415
 0 0.634415
 0 0.634421
 0 0.634421
 0 0.634424
 0 0.634426
 0 0.634427
 0 0.634428
 0 0.634429
 0 0.63443
 0 0.634432
 0 0.634432
 0 0.634433
 0 0.634435
 0 0.634436
 0 0.634436
 0 0.634437
 0 0.634437
 0 0.634438
 0 0.634439
 0 0.634446
 0 0.634447
 0 0.634447
 0 0.634449
 0 0.634454
 0 0.634455
 0 0.634455
 0 0.634455
 0 0.634455
 0 0.634456
 0 0.634457
 0 0.634458
 0 0.634461
 0 0.634461
 0 0.634468
 0 0.634468
 0 0.634469
 0 0.634469
 0 0.634484
 0 0.634484
 0 0.634485
 0 0.634485
 0 0.634485
 0 0.634486
 0 0.634486
 0 0.634486
 0 0.634486
 0 0.63449
 0 0.634491
 0 0.634502
 0 0.634504
 0 0.634505
 0 0.634505
 0 0.634506
 0 0.634507
 0 0.634508
 0 0.63451
 0 0.63451
 0 0.634511
 0 0.634512
 0 0.634528
 0 0.634529
 0 0.63453
 0 0.63453
 0 0.63453
 0 0.63453
 0 0.63454
 0 0.634541
 0 0.634542
 0 0.634544
 0 0.634547
 0 0.634547
 0 0.634547
 0 0.634547
 0 0.634547
 0 0.634553
 0 0.63456
 0 0.634569
 0 0.634573
 0 0.634573
 0 0.634574
 0 0.634575
 0 0.634576
 0 0.634581
 0 0.634581
 0 0.634581
 0 0.634581
 0 0.634584
 0 0.634584
 0 0.634586
 0 0.634586
 0 0.634587
 0 0.634588
 0 0.634588
 0 0.63459
 0 0.634599
 0 0.6346
 0 0.634605
 0 0.634605
 0 0.634626
 0 0.634633
 0 0.634638
 0 0.634642
 0 0.634643
 0 0.634644
 0 0.634644
 0 0.634645
 0 0.634647
 0 0.634647
 0 0.634647
 0 0.634648
 0 0.634648
 0 0.634648
 0 0.634649
 0 0.634649
 0 0.634656
 0 0.634669
 0 0.634672
 0 0.634674
 0 0.634674
 0 0.634676
 0 0.634676
 0 0.634676
 0 0.634676
 0 0.634678
 0 0.634679
 0 0.634681
 0 0.634683
 0 0.634684
 0 0.634716
 0 0.634719
 0 0.63472
 0 0.634734
 0 0.634737
 0 0.634739
 0 0.63474
 0 0.634741
 0 0.634743
 0 0.634744
 0 0.634747
 0 0.634748
 0 0.634748
 0 0.634748
 0 0.63475
 0 0.63475
 0 0.63475
 0 0.634752
 0 0.634753
 0 0.634755
 0 0.634758
 0 0.63476
 0 0.634761
 0 0.634767
 0 0.634768
 0 0.634773
 0 0.634776
 0 0.634777
 0 0.634777
 0 0.634777
 0 0.63478
 0 0.634783
 0 0.634785
 0 0.634787
 0 0.634787
 0 0.634788
 0 0.634788
 0 0.634788
 0 0.634793
 0 0.634794
 0 0.634797
 0 0.634801
 0 0.634801
 0 0.634809
 0 0.634811
 0 0.634811
 0 0.634812
 0 0.634813
 0 0.634831
 0 0.634831
 0 0.634831
 0 0.634842
 0 0.634843
 0 0.634845
 0 0.634852
 0 0.634852
 0 0.634852
 0 0.634852
 0 0.634852
 0 0.634856
 0 0.634863
 0 0.634869
 0 0.634869
 0 0.634901
 0 0.634902
 0 0.634902
 0 0.634902
 0 0.634903
 0 0.634903
 0 0.634904
 0 0.634904
 0 0.634905
 0 0.634906
 0 0.634906
 0 0.634907
 0 0.634909
 0 0.634912
 0 0.634913
 0 0.634913
 0 0.634914
 0 0.634914
 0 0.634926
 0 0.634926
 0 0.634943
 0 0.634944
 0 0.634944
 0 0.634944
 0 0.634945
 0 0.634949
 0 0.634954
 0 0.634955
 0 0.634957
 0 0.634961
 0 0.634966
 0 0.634968
 0 0.63497
 0 0.634971
 0 0.634974
 0 0.634977
 0 0.634977
 0 0.634985
 0 0.634985
 0 0.635
 0 0.635
 0 0.635
 0 0.635006
 0 0.635006
 0 0.635006
 0 0.635006
 0 0.635007
 0 0.635007
 0 0.635009
 0 0.635009
 0 0.635011
 0 0.635014
 0 0.635014
 0 0.635015
 0 0.635025
 0 0.635027
 0 0.635047
 0 0.635055
 0 0.635058
 0 0.63506
 0 0.63506
 0 0.635061
 0 0.635061
 0 0.635065
 0 0.635065
 0 0.635065
 0 0.635065
 0 0.635066
 0 0.635077
 0 0.635078
 0 0.635079
 0 0.635079
 0 0.635085
 0 0.635086
 0 0.635117
 0 0.635125
 0 0.635148
 0 0.635159
 0 0.63516
 0 0.63516
 0 0.635161
 0 0.635161
 0 0.635161
 0 0.635162
 0 0.635162
 0 0.635163
 0 0.635163
 0 0.635163
 0 0.635167
 0 0.635167
 0 0.635167
 0 0.635169
 0 0.635173
 0 0.635174
 0 0.635188
 0 0.635188
 0 0.635194
 0 0.635205
 0 0.635205
 0 0.63522
 0 0.63522
 0 0.635226
 0 0.635229
 0 0.635229
 0 0.63523
 0 0.635231
 0 0.635231
 0 0.635249
 0 0.635249
 0 0.635259
 0 0.63526
 0 0.63526
 0 0.63526
 0 0.635286
 0 0.635287
 0 0.635296
 0 0.635299
 0 0.635302
 0 0.635304
 0 0.635309
 0 0.635309
 0 0.63531
 0 0.635314
 0 0.635321
 0 0.635324
 0 0.635326
 0 0.635327
 0 0.635328
 0 0.635328
 0 0.635355
 0 0.635359
 0 0.635375
 0 0.635375
 0 0.635384
 0 0.635389
 0 0.63539
 0 0.635395
 0 0.635396
 0 0.635397
 0 0.635401
 0 0.635402
 0 0.635402
 0 0.635442
 0 0.635455
 0 0.635458
 0 0.635459
 0 0.635459
 0 0.635459
 0 0.635469
 0 0.635477
 0 0.635495
 0 0.635495
 0 0.635495
 0 0.635497
 0 0.635498
 0 0.635498
 0 0.635512
 0 0.635514
 0 0.635515
 0 0.63552
 0 0.635522
 0 0.635558
 0 0.635569
 0 0.635572
 0 0.635573
 0 0.635608
 0 0.635617
 0 0.635618
 0 0.635618
 0 0.635618
 0 0.63562
 0 0.63562
 0 0.63562
 0 0.635621
 0 0.635623
 0 0.635642
 0 0.635647
 0 0.635652
 0 0.635681
 0 0.635682
 0 0.635691
 0 0.635691
 0 0.635691
 0 0.635712
 0 0.635712
 0 0.635728
 0 0.635729
 0 0.635729
 0 0.635743
 0 0.635746
 0 0.635773
 0 0.635781
 0 0.635781
 0 0.635781
 0 0.635795
 0 0.635795
 0 0.635795
 0 0.635838
 0 0.635855
 0 0.635897
 0 0.635915
 0 0.635919
 0 0.635919
 0 0.635926
 0 0.635927
 0 0.635964
 0 0.635964
 0 0.635965
 0 0.635978
 0 0.635978
 0 0.635978
 0 0.635978
 0 0.635987
 0 0.635988
 0 0.635988
 0 0.635993
 0 0.636
 0 0.636009
 0 0.636009
 0 0.63604
 0 0.63604
 0 0.636043
 0 0.636071
 0 0.636072
 0 0.636072
 0 0.636081
 0 0.636088
 0 0.636093
 0 0.636093
 0 0.636147
 0 0.636164
 0 0.636164
 0 0.63619
 0 0.636197
 0 0.636197
 0 0.636226
 0 0.636226
 0 0.636232
 0 0.636259
 0 0.636259
 0 0.636259
 0 0.636259
 0 0.636324
 0 0.636324
 0 0.636453
 0 0.636454
 0 0.636456
 0 0.636485
 0 0.636485
 0 0.636492
 0 0.63652
 0 0.636539
 0 0.636539
 0 0.636539
 0 0.636539
 0 0.636607
 0 0.636608
 0 0.636691
 0 0.636724
 0 0.636725
 0 0.636726
 0 0.636745
 0 0.636772
 0 0.636781
 0 0.636783
 0 0.63687
 0 0.63687
 0 0.636871
 0 0.636871
 0 0.63696
 0 0.636994
 0 0.636994
 0 0.637302
 0 0.63768
 0 0.637905
 0 0.637911
 0 0.637923
 0 0.637982
 0 0.638001
 0 0.638066
 0 0.638125
 0 0.638125
 0 0.638125
 0 0.638153
 0 0.638154
 0 0.638167
 0 0.638167
 0 0.63828
 0 0.638287
 0 0.638324
 0 0.638433
 0 0.638433
 0 0.638482
 0 0.638508
 0 0.638508
 0 0.638509
 0 0.63851
 0 0.638561
 0 0.638561
 0 0.638561
 0 0.638767
 0 0.638811
 0 0.638813
 0 0.638813
 0 0.638881
 0 0.638882
 0 0.63894
 0 0.63894
 0 0.6391
 0 0.6391
 0 0.639107
 0 0.639108
 0 0.63911
 0 0.639169
 0 0.639169
 0 0.639172
 0 0.63939
 0 0.639394
 0 0.639723
 0 0.639723
 0 0.64
 0 0.64043
 0 0.64043
 0 0.64043
 0 0.64043
 0 0.640437
 0 0.640832
 0 0.641053
 0 inf
