 0 0.489433
 0 0.489866
 0 0.489866
 0 0.490112
 0 0.490112
 0 0.490112
 0 0.506237
 0 0.506237
 0 0.506237
 0 0.506238
 0 0.506285
 0 0.506286
 0 0.628537
 0 0.628537
 0 0.628552
 0 0.628753
 0 0.628753
 0 0.628818
 0 0.628857
 0 0.628872
 0 0.629064
 0 0.629168
 0 0.629168
 0 0.629286
 0 0.629286
 0 0.629286
 0 0.629313
 0 0.629357
 0 0.629359
 0 0.629359
 0 0.629359
 0 0.629359
 0 0.6294
 0 0.629461
 0 0.629474
 0 0.629475
 0 0.629557
 0 0.629557
 0 0.629557
 0 0.629557
 0 0.629617
 0 0.629618
 0 0.629619
 0 0.629619
 0 0.629635
 0 0.629637
 0 0.629702
 0 0.629711
 0 0.629713
 0 0.629713
 0 0.629726
 0 0.629729
 0 0.62975
 0 0.62975
 0 0.629782
 0 0.629782
 0 0.629852
 0 0.629853
 0 0.629889
 0 0.629906
 0 0.62993
 0 0.62993
 0 0.629959
 0 0.62996
 0 0.629966
 0 0.629966
 0 0.629966
 0 0.630014
 0 0.630019
 0 0.63002
 0 0.63002
 0 0.6301
 0 0.6301
 0 0.630144
 0 0.630154
 0 0.630163
 0 0.630164
 0 0.630194
 0 0.630194
 0 0.630195
 0 0.630201
 0 0.630212
 0 0.630221
 0 0.630221
 0 0.630233
 0 0.630259
 0 0.630259
 0 0.630259
 0 0.63026
 0 0.630266
 0 0.630267
 0 0.630271
 0 0.630293
 0 0.630293
 0 0.630301
 0 0.630301
 0 0.630302
 0 0.630309
 0 0.630309
 0 0.630309
 0 0.630311
 0 0.630316
 0 0.630341
 0 0.630356
 0 0.630361
 0 0.630362
 0 0.630372
 0 0.630388
 0 0.630388
 0 0.630389
 0 0.630397
 0 0.630397
 0 0.630426
 0 0.630436
 0 0.630436
 0 0.630483
 0 0.630484
 0 0.630484
 0 0.630496
 0 0.630496
 0 0.630496
 0 0.630496
 0 0.6305
 0 0.630577
 0 0.630577
 0 0.630577
 0 0.630577
 0 0.630592
 0 0.630592
 0 0.630627
 0 0.630627
 0 0.630627
 0 0.630628
 0 0.630628
 0 0.630632
 0 0.630649
 0 0.630649
 0 0.630689
 0 0.630689
 0 0.630689
 0 0.630689
 0 0.63069
 0 0.63069
 0 0.63069
 0 0.63069
 0 0.630692
 0 0.630705
 0 0.630712
 0 0.630714
 0 0.630724
 0 0.630729
 0 0.630729
 0 0.630782
 0 0.630811
 0 0.63082
 0 0.630892
 0 0.630936
 0 0.630937
 0 0.630962
 0 0.630963
 0 0.630976
 0 0.631
 0 0.631004
 0 0.631028
 0 0.631028
 0 0.63103
 0 0.63103
 0 0.63103
 0 0.631082
 0 0.63109
 0 0.63109
 0 0.63109
 0 0.631096
 0 0.631098
 0 0.631098
 0 0.631105
 0 0.631115
 0 0.631115
 0 0.631115
 0 0.631115
 0 0.631115
 0 0.631115
 0 0.631118
 0 0.631118
 0 0.631123
 0 0.631124
 0 0.631124
 0 0.631142
 0 0.631142
 0 0.631149
 0 0.631185
 0 0.631202
 0 0.631202
 0 0.631202
 0 0.631207
 0 0.631207
 0 0.631212
 0 0.631212
 0 0.631213
 0 0.631213
 0 0.631213
 0 0.631221
 0 0.631222
 0 0.631247
 0 0.631306
 0 0.631321
 0 0.631321
 0 0.631321
 0 0.631343
 0 0.631346
 0 0.631346
 0 0.631349
 0 0.631359
 0 0.631359
 0 0.631359
 0 0.631396
 0 0.631411
 0 0.631411
 0 0.631425
 0 0.631425
 0 0.631425
 0 0.631426
 0 0.631428
 0 0.63143
 0 0.63143
 0 0.631431
 0 0.631449
 0 0.631463
 0 0.631493
 0 0.631523
 0 0.631523
 0 0.631523
 0 0.631558
 0 0.631598
 0 0.631598
 0 0.631602
 0 0.631612
 0 0.631612
 0 0.631612
 0 0.63163
 0 0.63163
 0 0.631631
 0 0.631631
 0 0.631634
 0 0.631634
 0 0.631634
 0 0.631634
 0 0.631634
 0 0.631638
 0 0.631638
 0 0.63164
 0 0.63164
 0 0.63164
 0 0.631641
 0 0.631641
 0 0.631658
 0 0.631659
 0 0.631672
 0 0.631676
 0 0.631676
 0 0.631689
 0 0.631691
 0 0.631695
 0 0.631695
 0 0.631707
 0 0.631707
 0 0.631711
 0 0.631732
 0 0.631742
 0 0.63175
 0 0.631752
 0 0.631763
 0 0.631764
 0 0.631764
 0 0.631773
 0 0.631778
 0 0.631792
 0 0.631792
 0 0.631792
 0 0.631792
 0 0.631812
 0 0.631812
 0 0.631839
 0 0.631852
 0 0.631855
 0 0.631908
 0 0.631908
 0 0.631909
 0 0.631922
 0 0.631945
 0 0.631945
 0 0.631983
 0 0.631983
 0 0.631986
 0 0.631997
 0 0.631998
 0 0.631998
 0 0.632013
 0 0.632013
 0 0.632014
 0 0.632014
 0 0.632015
 0 0.632015
 0 0.632015
 0 0.632049
 0 0.632061
 0 0.632068
 0 0.632068
 0 0.632095
 0 0.632095
 0 0.632095
 0 0.632101
 0 0.632103
 0 0.632104
 0 0.632104
 0 0.632105
 0 0.632105
 0 0.632105
 0 0.632105
 0 0.632115
 0 0.632123
 0 0.632125
 0 0.632137
 0 0.632148
 0 0.632168
 0 0.632172
 0 0.632172
 0 0.632173
 0 0.632173
 0 0.632173
 0 0.632205
 0 0.632205
 0 0.632207
 0 0.632207
 0 0.632221
 0 0.632222
 0 0.632247
 0 0.632247
 0 0.632256
 0 0.632257
 0 0.632257
 0 0.632258
 0 0.632263
 0 0.632263
 0 0.632264
 0 0.632265
 0 0.632265
 0 0.632267
 0 0.632275
 0 0.632275
 0 0.632279
 0 0.632279
 0 0.632298
 0 0.632298
 0 0.632298
 0 0.632309
 0 0.632309
 0 0.63231
 0 0.632317
 0 0.632317
 0 0.632318
 0 0.632323
 0 0.632324
 0 0.63233
 0 0.632331
 0 0.632338
 0 0.632338
 0 0.632342
 0 0.632349
 0 0.632349
 0 0.632356
 0 0.632356
 0 0.632415
 0 0.632418
 0 0.632433
 0 0.632438
 0 0.63244
 0 0.632447
 0 0.632447
 0 0.632447
 0 0.632453
 0 0.632453
 0 0.632453
 0 0.632453
 0 0.632453
 0 0.632454
 0 0.632465
 0 0.632492
 0 0.632492
 0 0.632492
 0 0.632492
 0 0.632504
 0 0.632504
 0 0.632516
 0 0.632516
 0 0.63252
 0 0.632521
 0 0.632523
 0 0.632527
 0 0.632527
 0 0.632527
 0 0.632527
 0 0.632528
 0 0.632528
 0 0.632532
 0 0.632533
 0 0.632538
 0 0.632541
 0 0.632542
 0 0.632542
 0 0.632544
 0 0.632545
 0 0.632547
 0 0.632547
 0 0.632547
 0 0.632547
 0 0.632548
 0 0.632548
 0 0.632573
 0 0.632581
 0 0.632589
 0 0.632589
 0 0.632589
 0 0.63259
 0 0.632606
 0 0.632606
 0 0.632622
 0 0.632623
 0 0.632634
 0 0.632634
 0 0.632644
 0 0.632649
 0 0.632649
 0 0.632649
 0 0.63266
 0 0.632667
 0 0.632667
 0 0.632678
 0 0.632678
 0 0.632678
 0 0.632683
 0 0.632686
 0 0.632687
 0 0.632703
 0 0.632703
 0 0.632703
 0 0.632703
 0 0.632712
 0 0.632712
 0 0.632713
 0 0.632713
 0 0.632713
 0 0.632714
 0 0.632715
 0 0.632716
 0 0.63272
 0 0.632741
 0 0.632741
 0 0.632751
 0 0.632751
 0 0.632751
 0 0.632755
 0 0.632771
 0 0.632772
 0 0.632773
 0 0.632779
 0 0.63278
 0 0.63278
 0 0.632781
 0 0.632782
 0 0.632782
 0 0.632788
 0 0.632791
 0 0.632825
 0 0.63283
 0 0.63283
 0 0.63283
 0 0.632848
 0 0.632879
 0 0.632879
 0 0.632888
 0 0.632905
 0 0.632912
 0 0.632912
 0 0.632912
 0 0.632921
 0 0.632921
 0 0.632922
 0 0.632927
 0 0.63293
 0 0.632931
 0 0.632934
 0 0.632938
 0 0.632939
 0 0.632939
 0 0.632939
 0 0.632945
 0 0.632962
 0 0.632962
 0 0.63297
 0 0.63297
 0 0.63297
 0 0.632975
 0 0.632976
 0 0.632994
 0 0.632994
 0 0.632994
 0 0.632994
 0 0.632996
 0 0.632997
 0 0.633015
 0 0.63302
 0 0.63302
 0 0.63302
 0 0.63302
 0 0.63302
 0 0.633022
 0 0.633024
 0 0.633025
 0 0.633025
 0 0.633027
 0 0.63304
 0 0.633041
 0 0.633042
 0 0.633047
 0 0.633047
 0 0.633054
 0 0.633054
 0 0.633058
 0 0.633058
 0 0.633058
 0 0.633058
 0 0.63307
 0 0.633073
 0 0.633073
 0 0.633077
 0 0.633078
 0 0.633089
 0 0.633098
 0 0.633099
 0 0.633099
 0 0.633104
 0 0.633104
 0 0.633107
 0 0.633108
 0 0.633113
 0 0.633113
 0 0.633114
 0 0.633119
 0 0.633123
 0 0.633123
 0 0.633124
 0 0.633124
 0 0.633125
 0 0.633125
 0 0.633126
 0 0.633155
 0 0.633156
 0 0.633156
 0 0.633161
 0 0.633162
 0 0.633171
 0 0.633171
 0 0.633186
 0 0.633199
 0 0.633199
 0 0.633199
 0 0.633203
 0 0.633204
 0 0.633204
 0 0.633204
 0 0.633205
 0 0.63322
 0 0.633221
 0 0.633221
 0 0.633221
 0 0.633221
 0 0.633222
 0 0.633225
 0 0.633225
 0 0.633226
 0 0.633226
 0 0.633235
 0 0.633235
 0 0.633235
 0 0.633237
 0 0.633246
 0 0.633246
 0 0.633246
 0 0.633246
 0 0.633256
 0 0.633257
 0 0.633265
 0 0.633266
 0 0.633272
 0 0.633303
 0 0.633306
 0 0.633308
 0 0.633309
 0 0.633309
 0 0.63331
 0 0.63331
 0 0.633335
 0 0.633335
 0 0.633335
 0 0.633336
 0 0.63336
 0 0.633361
 0 0.633362
 0 0.633363
 0 0.633376
 0 0.633377
 0 0.633384
 0 0.633385
 0 0.633386
 0 0.633398
 0 0.633398
 0 0.6334
 0 0.633404
 0 0.63341
 0 0.63341
 0 0.633416
 0 0.633421
 0 0.633421
 0 0.633421
 0 0.633421
 0 0.633422
 0 0.633432
 0 0.633433
 0 0.633457
 0 0.633457
 0 0.633457
 0 0.633457
 0 0.633457
 0 0.633459
 0 0.633459
 0 0.633459
 0 0.633462
 0 0.633462
 0 0.633462
 0 0.63347
 0 0.633471
 0 0.633472
 0 0.633474
 0 0.633475
 0 0.633486
 0 0.63349
 0 0.633491
 0 0.633512
 0 0.633513
 0 0.633518
 0 0.633527
 0 0.633534
 0 0.633547
 0 0.63355
 0 0.63355
 0 0.63355
 0 0.633552
 0 0.633552
 0 0.633552
 0 0.633569
 0 0.633576
 0 0.633584
 0 0.633588
 0 0.633588
 0 0.633595
 0 0.633595
 0 0.633596
 0 0.633602
 0 0.633602
 0 0.633603
 0 0.633613
 0 0.633622
 0 0.633622
 0 0.633631
 0 0.633632
 0 0.633636
 0 0.633638
 0 0.633641
 0 0.633646
 0 0.633647
 0 0.633647
 0 0.633662
 0 0.633668
 0 0.63367
 0 0.63367
 0 0.633672
 0 0.633672
 0 0.633672
 0 0.633678
 0 0.633679
 0 0.633688
 0 0.633688
 0 0.633688
 0 0.633705
 0 0.633705
 0 0.633706
 0 0.633711
 0 0.633726
 0 0.63374
 0 0.63374
 0 0.633742
 0 0.633745
 0 0.633746
 0 0.633746
 0 0.633747
 0 0.633747
 0 0.633747
 0 0.633748
 0 0.633752
 0 0.633752
 0 0.633759
 0 0.633759
 0 0.63376
 0 0.63376
 0 0.63376
 0 0.63376
 0 0.633761
 0 0.633765
 0 0.633766
 0 0.633776
 0 0.633776
 0 0.633777
 0 0.633777
 0 0.633777
 0 0.633777
 0 0.633779
 0 0.633781
 0 0.633787
 0 0.63379
 0 0.633791
 0 0.633798
 0 0.633815
 0 0.633827
 0 0.633835
 0 0.633865
 0 0.633878
 0 0.633889
 0 0.63389
 0 0.633899
 0 0.633909
 0 0.633909
 0 0.63391
 0 0.63391
 0 0.63391
 0 0.633913
 0 0.633914
 0 0.633916
 0 0.633916
 0 0.633919
 0 0.63392
 0 0.633923
 0 0.633923
 0 0.633924
 0 0.633925
 0 0.633931
 0 0.633931
 0 0.633932
 0 0.633941
 0 0.633942
 0 0.633942
 0 0.633942
 0 0.633953
 0 0.633954
 0 0.633955
 0 0.633955
 0 0.633956
 0 0.633962
 0 0.633964
 0 0.633969
 0 0.633976
 0 0.633976
 0 0.633981
 0 0.633981
 0 0.633981
 0 0.633982
 0 0.633988
 0 0.633988
 0 0.633988
 0 0.633992
 0 0.633993
 0 0.633993
 0 0.633997
 0 0.633997
 0 0.63401
 0 0.634011
 0 0.634011
 0 0.634016
 0 0.634027
 0 0.634035
 0 0.634036
 0 0.634036
 0 0.634039
 0 0.63404
 0 0.63404
 0 0.63404
 0 0.634047
 0 0.634051
 0 0.634051
 0 0.634051
 0 0.634054
 0 0.634054
 0 0.634054
 0 0.634058
 0 0.634059
 0 0.634064
 0 0.634064
 0 0.634064
 0 0.634066
 0 0.634067
 0 0.634067
 0 0.634067
 0 0.634068
 0 0.634068
 0 0.634068
 0 0.63408
 0 0.63408
 0 0.634081
 0 0.634081
 0 0.634086
 0 0.634086
 0 0.634087
 0 0.634089
 0 0.634089
 0 0.63409
 0 0.63409
 0 0.634098
 0 0.634099
 0 0.634115
 0 0.634129
 0 0.634129
 0 0.634136
 0 0.634137
 0 0.634146
 0 0.634147
 0 0.63415
 0 0.634166
 0 0.634167
 0 0.634167
 0 0.634167
 0 0.634168
 0 0.634168
 0 0.634176
 0 0.634176
 0 0.63419
 0 0.634197
 0 0.634197
 0 0.634197
 0 0.634197
 0 0.634218
 0 0.63422
 0 0.63422
 0 0.634222
 0 0.634222
 0 0.634222
 0 0.634225
 0 0.634225
 0 0.634227
 0 0.634228
 0 0.63423
 0 0.63423
 0 0.63424
 0 0.634244
 0 0.634249
 0 0.634251
 0 0.634251
 0 0.634258
 0 0.634258
 0 0.634259
 0 0.634259
 0 0.634259
 0 0.634259
 0 0.634267
 0 0.634268
 0 0.634282
 0 0.634301
 0 0.634301
 0 0.634306
 0 0.634307
 0 0.634308
 0 0.634313
 0 0.634314
 0 0.634314
 0 0.634314
 0 0.634315
 0 0.634315
 0 0.634315
 0 0.634323
 0 0.634332
 0 0.634332
 0 0.634353
 0 0.634355
 0 0.634358
 0 0.634358
 0 0.634365
 0 0.634365
 0 0.634365
 0 0.634365
 0 0.634365
 0 0.634369
 0 0.634369
 0 0.63437
 0 0.634371
 0 0.634371
 0 0.634372
 0 0.634382
 0 0.634382
 0 0.634396
 0 0.6344
 0 0.634404
 0 0.634413
 0 0.634414
 0 0.634419
 0 0.63442
 0 0.634422
 0 0.63443
 0 0.634434
 0 0.634439
 0 0.634446
 0 0.634447
 0 0.634447
 0 0.634448
 0 0.634449
 0 0.634449
 0 0.634449
 0 0.634452
 0 0.634453
 0 0.634455
 0 0.634455
 0 0.634457
 0 0.634458
 0 0.634459
 0 0.634464
 0 0.634464
 0 0.634465
 0 0.634467
 0 0.634468
 0 0.634469
 0 0.63448
 0 0.63448
 0 0.634481
 0 0.634482
 0 0.634487
 0 0.634487
 0 0.634487
 0 0.634493
 0 0.634499
 0 0.634512
 0 0.634512
 0 0.634529
 0 0.634529
 0 0.634529
 0 0.63453
 0 0.634531
 0 0.634531
 0 0.634542
 0 0.634549
 0 0.634565
 0 0.634568
 0 0.634568
 0 0.634571
 0 0.634572
 0 0.634581
 0 0.634584
 0 0.634584
 0 0.634586
 0 0.634586
 0 0.634587
 0 0.634596
 0 0.6346
 0 0.634606
 0 0.634606
 0 0.63461
 0 0.63461
 0 0.634611
 0 0.634611
 0 0.634611
 0 0.634611
 0 0.634611
 0 0.634613
 0 0.634614
 0 0.634616
 0 0.634618
 0 0.634618
 0 0.634619
 0 0.63463
 0 0.634636
 0 0.634636
 0 0.634636
 0 0.634636
 0 0.634638
 0 0.634661
 0 0.634667
 0 0.634668
 0 0.634668
 0 0.63467
 0 0.63467
 0 0.634695
 0 0.634695
 0 0.634701
 0 0.634702
 0 0.634703
 0 0.634704
 0 0.634705
 0 0.634712
 0 0.634712
 0 0.634712
 0 0.634717
 0 0.634724
 0 0.634724
 0 0.634725
 0 0.634752
 0 0.634753
 0 0.634754
 0 0.634758
 0 0.634762
 0 0.634775
 0 0.634775
 0 0.634777
 0 0.634781
 0 0.634786
 0 0.634794
 0 0.634795
 0 0.63483
 0 0.634833
 0 0.63484
 0 0.634841
 0 0.634841
 0 0.634845
 0 0.634845
 0 0.634845
 0 0.634846
 0 0.634846
 0 0.634852
 0 0.634856
 0 0.634856
 0 0.634856
 0 0.634858
 0 0.634863
 0 0.634863
 0 0.634868
 0 0.634869
 0 0.634869
 0 0.634869
 0 0.63487
 0 0.63487
 0 0.63487
 0 0.63487
 0 0.634872
 0 0.634875
 0 0.634875
 0 0.634875
 0 0.634875
 0 0.634876
 0 0.634876
 0 0.634881
 0 0.634893
 0 0.634897
 0 0.634897
 0 0.634897
 0 0.634906
 0 0.634906
 0 0.634909
 0 0.634909
 0 0.634909
 0 0.63491
 0 0.634911
 0 0.634913
 0 0.634914
 0 0.634918
 0 0.634921
 0 0.634921
 0 0.634924
 0 0.634925
 0 0.634927
 0 0.634928
 0 0.634928
 0 0.634934
 0 0.634934
 0 0.634934
 0 0.634934
 0 0.634934
 0 0.634935
 0 0.63494
 0 0.634941
 0 0.634941
 0 0.634942
 0 0.634952
 0 0.634952
 0 0.634953
 0 0.634962
 0 0.634962
 0 0.63497
 0 0.634974
 0 0.634978
 0 0.634978
 0 0.634978
 0 0.634978
 0 0.634979
 0 0.634997
 0 0.635001
 0 0.635001
 0 0.635016
 0 0.635035
 0 0.635035
 0 0.635036
 0 0.635036
 0 0.635048
 0 0.635059
 0 0.635061
 0 0.635061
 0 0.635061
 0 0.635073
 0 0.635084
 0 0.635084
 0 0.635085
 0 0.635098
 0 0.635098
 0 0.635098
 0 0.635099
 0 0.635108
 0 0.635121
 0 0.635122
 0 0.635123
 0 0.635132
 0 0.635138
 0 0.635145
 0 0.635152
 0 0.635152
 0 0.635152
 0 0.635153
 0 0.635153
 0 0.635153
 0 0.635158
 0 0.635158
 0 0.635163
 0 0.635174
 0 0.635174
 0 0.635175
 0 0.635177
 0 0.635177
 0 0.635179
 0 0.635179
 0 0.635197
 0 0.635207
 0 0.635207
 0 0.635215
 0 0.635215
 0 0.635223
 0 0.635243
 0 0.635244
 0 0.635244
 0 0.63525
 0 0.63526
 0 0.635263
 0 0.635264
 0 0.635269
 0 0.63527
 0 0.635272
 0 0.635273
 0 0.635275
 0 0.635275
 0 0.635283
 0 0.635284
 0 0.635285
 0 0.635285
 0 0.635287
 0 0.635289
 0 0.635289
 0 0.635298
 0 0.635304
 0 0.635316
 0 0.635316
 0 0.635327
 0 0.635328
 0 0.635329
 0 0.635338
 0 0.635343
 0 0.635353
 0 0.635354
 0 0.635354
 0 0.635354
 0 0.635406
 0 0.635407
 0 0.63541
 0 0.63541
 0 0.63541
 0 0.635424
 0 0.635424
 0 0.635425
 0 0.635425
 0 0.635426
 0 0.635441
 0 0.635444
 0 0.635446
 0 0.635447
 0 0.635447
 0 0.635448
 0 0.635448
 0 0.635448
 0 0.635449
 0 0.635479
 0 0.635479
 0 0.635482
 0 0.635482
 0 0.635483
 0 0.635483
 0 0.635492
 0 0.635498
 0 0.635511
 0 0.635511
 0 0.635513
 0 0.635513
 0 0.635513
 0 0.635513
 0 0.635524
 0 0.635541
 0 0.635543
 0 0.635544
 0 0.63556
 0 0.635578
 0 0.635578
 0 0.63558
 0 0.63558
 0 0.63558
 0 0.635589
 0 0.635589
 0 0.635594
 0 0.635594
 0 0.635598
 0 0.635599
 0 0.635608
 0 0.635611
 0 0.635611
 0 0.635611
 0 0.635611
 0 0.635624
 0 0.635624
 0 0.635625
 0 0.635625
 0 0.635636
 0 0.635638
 0 0.635646
 0 0.635661
 0 0.635661
 0 0.635661
 0 0.635676
 0 0.635676
 0 0.635682
 0 0.635682
 0 0.635694
 0 0.635697
 0 0.6357
 0 0.6357
 0 0.635717
 0 0.635717
 0 0.635717
 0 0.635717
 0 0.635724
 0 0.635725
 0 0.635731
 0 0.635745
 0 0.635747
 0 0.635781
 0 0.635786
 0 0.635787
 0 0.635787
 0 0.635803
 0 0.635806
 0 0.635806
 0 0.635806
 0 0.635811
 0 0.635811
 0 0.635811
 0 0.635811
 0 0.635812
 0 0.63583
 0 0.635844
 0 0.635845
 0 0.635847
 0 0.635847
 0 0.635847
 0 0.635847
 0 0.635848
 0 0.635848
 0 0.635848
 0 0.63585
 0 0.63585
 0 0.63585
 0 0.63585
 0 0.635852
 0 0.635876
 0 0.635876
 0 0.635876
 0 0.635876
 0 0.635885
 0 0.635886
 0 0.635886
 0 0.635889
 0 0.63589
 0 0.635891
 0 0.635891
 0 0.6359
 0 0.6359
 0 0.635906
 0 0.635909
 0 0.63591
 0 0.635911
 0 0.635911
 0 0.635912
 0 0.635916
 0 0.635921
 0 0.635921
 0 0.635922
 0 0.635924
 0 0.635931
 0 0.635936
 0 0.635943
 0 0.636003
 0 0.636004
 0 0.636004
 0 0.636033
 0 0.636041
 0 0.636048
 0 0.636059
 0 0.636077
 0 0.636077
 0 0.63611
 0 0.636115
 0 0.636116
 0 0.636133
 0 0.636133
 0 0.636136
 0 0.636153
 0 0.636154
 0 0.636155
 0 0.636156
 0 0.636198
 0 0.636198
 0 0.636242
 0 0.636242
 0 0.636244
 0 0.636256
 0 0.636256
 0 0.636269
 0 0.63627
 0 0.636308
 0 0.636308
 0 0.636308
 0 0.636362
 0 0.636362
 0 0.636382
 0 0.636389
 0 0.636389
 0 0.636394
 0 0.636418
 0 0.636419
 0 0.636445
 0 0.636473
 0 0.636473
 0 0.636473
 0 0.636474
 0 0.636482
 0 0.636493
 0 0.63652
 0 0.636521
 0 0.63655
 0 0.63655
 0 0.636551
 0 0.636554
 0 0.636554
 0 0.636554
 0 0.636554
 0 0.636554
 0 0.636557
 0 0.636558
 0 0.636558
 0 0.636572
 0 0.636572
 0 0.636579
 0 0.636579
 0 0.6366
 0 0.636601
 0 0.63662
 0 0.63662
 0 0.636666
 0 0.636667
 0 0.636685
 0 0.636685
 0 0.636685
 0 0.636692
 0 0.636693
 0 0.636708
 0 0.636709
 0 0.636711
 0 0.636711
 0 0.636743
 0 0.636743
 0 0.636744
 0 0.636745
 0 0.636749
 0 0.63675
 0 0.636758
 0 0.636758
 0 0.636758
 0 0.636844
 0 0.636861
 0 0.636862
 0 0.636863
 0 0.636884
 0 0.636884
 0 0.636889
 0 0.636903
 0 0.636903
 0 0.636904
 0 0.636904
 0 0.636963
 0 0.636963
 0 0.636964
 0 0.636964
 0 0.637012
 0 0.637012
 0 0.637014
 0 0.637039
 0 0.63704
 0 0.63704
 0 0.637049
 0 0.637057
 0 0.637071
 0 0.637123
 0 0.637123
 0 0.637136
 0 0.637136
 0 0.637202
 0 0.637203
 0 0.637261
 0 0.637265
 0 0.637265
 0 0.6373
 0 0.637308
 0 0.637309
 0 0.637311
 0 0.637324
 0 0.637405
 0 0.637406
 0 0.637427
 0 0.637465
 0 0.637497
 0 0.637499
 0 0.6375
 0 0.637542
 0 0.637543
 0 0.637543
 0 0.637631
 0 0.637639
 0 0.637639
 0 0.63764
 0 0.63766
 0 0.63766
 0 0.637712
 0 0.63773
 0 0.637731
 0 0.637731
 0 0.637732
 0 0.637768
 0 0.637788
 0 0.637788
 0 0.637827
 0 0.637827
 0 0.637828
 0 0.637837
 0 0.637837
 0 0.637837
 0 0.637837
 0 0.637869
 0 0.63799
 0 0.638075
 0 0.638108
 0 0.638173
 0 0.638293
 0 0.638293
 0 0.638383
 0 0.638383
 0 0.638421
 0 0.638422
 0 0.638422
 0 0.638583
 0 0.638592
 0 0.638609
 0 0.638609
 0 0.638676
 0 0.638678
 0 0.638678
 0 0.638678
 0 0.638834
 0 0.638863
 0 0.638863
 0 0.638984
 0 0.639204
 0 0.639204
 0 0.639204
 0 0.639208
 0 0.639208
 0 0.639623
 0 0.639623
 0 0.639656
 0 0.639656
 0 0.63968
 0 0.639707
 0 0.639707
 0 0.639708
 0 0.639735
 0 0.639901
 0 0.639902
 0 0.639936
 0 0.640034
 0 0.640218
 0 0.640283
 0 0.640283
 0 0.640289
 0 0.640289
 0 0.640379
 0 0.640401
 0 0.64047
 0 0.640974
 0 0.640976
 0 0.641152
 0 0.64127
 0 0.641273
 0 0.641407
 0 0.641407
 0 0.641408
 0 0.641457
 0 0.641643
 0 0.641643
 0 0.641951
 0 inf
