 8.85405 9.10816
 8.81414 9.47133
 8.76548 9.20031
 8.62419 8.62819
 8.52373 8.54323
 8.51287 8.52996
 8.31751 8.51943
 7.79578 8.34883
 7.61483 7.80267
 7.40353 7.97256
 7.38781 8.46605
 7.26453 7.31216
 7.08237 7.10889
 6.86645 7.07427
 6.71315 6.90556
 6.53448 6.96233
 6.46868 6.86309
 6.35207 7.11219
 6.32879 7.30248
 6.27584 7.031
 6.25239 6.72346
 6.16957 7.33898
 6.08495 7.56832
 5.82158 8.61469
 5.78779 6.06789
 5.33559 5.57787
 5.32676 6.65235
 5.31437 5.37466
 5.30028 5.30364
 5.2826 5.29338
 5.22157 5.48335
 5.21497 5.8178
 5.14369 5.1502
 5.09201 5.1117
 5.06654 5.09946
 5.05844 5.38228
 5.03812 5.09477
 4.89433 4.90151
 4.88382 4.99627
 4.86612 4.86821
 4.8367 4.85063
 4.82578 4.86135
 4.82418 4.84484
 4.81196 4.87458
 4.81125 4.81747
 4.80531 4.8328
 4.80181 4.8198
 4.79949 5.01847
 4.7975 4.81032
 4.797 5.51438
 4.79699 4.80864
 4.79137 5.02566
 4.7884 5.10025
 4.77331 4.81591
 4.77175 4.7816
 4.76402 4.77613
 4.75972 4.76577
 4.75794 4.77592
 4.75155 4.77572
 4.74993 4.75415
 4.74595 4.75367
 4.73292 5.20909
 4.73116 4.76717
 4.72532 4.73893
 4.7213 4.7259
 4.69495 4.71562
 4.68949 4.79953
 4.68657 4.70531
 4.66938 4.70198
 4.66911 4.90529
 4.66718 4.68458
 4.66677 4.69783
 4.65807 4.67822
 4.63802 4.64297
 4.63784 4.66806
 4.63698 4.63828
 4.63505 5.92727
 4.62615 4.65068
 4.61076 5.26719
 4.58812 4.59606
 4.58174 4.81023
 4.5604 4.90463
 4.54542 4.56375
 4.53564 4.55266
 4.5263 4.53184
 4.51625 4.81726
 4.51602 4.51851
 4.51557 4.5157
 4.50179 4.96435
 4.50135 5.07803
 4.46386 4.67467
 4.46357 4.47244
 4.46076 7.60099
 4.45483 4.458
 4.45268 4.45444
 4.45234 5.19985
 4.44329 4.46147
 4.43765 4.95914
 4.42524 4.45308
 4.41824 6.14506
 4.41796 7.46447
 4.41628 4.89886
 4.41617 4.96462
 4.40863 5.90033
 4.39377 8.12146
 4.34697 5.26465
 4.34149 8.66637
 4.33825 6.65375
 4.32219 4.44249
 4.31318 6.08253
 4.30442 4.38063
 4.30039 4.81115
 4.29885 4.35077
 4.28836 5.31239
 4.25224 5.10184
 4.23045 5.11404
 4.21808 5.18054
 4.18636 4.19501
 4.18538 6.19501
 4.16246 5.24769
 4.16084 4.38381
 4.16063 4.21813
 4.14341 5.01083
 4.13545 5.12533
 4.09645 4.27828
 4.08255 7.01879
 4.07959 9.41738
 4.05676 5.38117
 3.9653 7.36043
 3.95442 3.95995
 3.94922 5.89222
 3.93441 4.94171
 3.92059 3.92803
 3.91418 8.14181
 3.86431 7.32853
 3.80468 4.57276
 3.66208 8.59846
 3.25404 5.46275
