 0 0.480409
 0 0.480409
 0 0.480827
 0 0.48149
 0 0.481714
 0 0.481715
 0 0.505392
 0 0.505392
 0 0.505819
 0 0.505819
 0 0.505819
 0 0.506745
 0 0.626862
 0 0.626863
 0 0.626863
 0 0.626863
 0 0.626956
 0 0.627111
 0 0.627303
 0 0.62735
 0 0.627351
 0 0.627365
 0 0.627365
 0 0.627611
 0 0.627804
 0 0.627804
 0 0.628032
 0 0.628081
 0 0.628099
 0 0.628099
 0 0.628175
 0 0.628176
 0 0.62818
 0 0.62818
 0 0.62818
 0 0.62818
 0 0.628188
 0 0.628189
 0 0.628189
 0 0.628189
 0 0.628247
 0 0.628247
 0 0.628247
 0 0.628601
 0 0.628601
 0 0.628607
 0 0.628622
 0 0.628622
 0 0.628623
 0 0.628645
 0 0.628645
 0 0.628649
 0 0.628672
 0 0.628673
 0 0.628681
 0 0.628687
 0 0.628689
 0 0.628689
 0 0.628691
 0 0.628691
 0 0.628736
 0 0.628736
 0 0.628737
 0 0.628737
 0 0.628737
 0 0.628744
 0 0.628768
 0 0.628848
 0 0.628854
 0 0.628889
 0 0.628905
 0 0.628905
 0 0.628928
 0 0.628962
 0 0.628983
 0 0.629
 0 0.629
 0 0.62902
 0 0.62902
 0 0.629051
 0 0.629084
 0 0.629084
 0 0.629086
 0 0.629087
 0 0.629143
 0 0.629242
 0 0.629242
 0 0.629269
 0 0.629269
 0 0.629285
 0 0.629286
 0 0.629287
 0 0.629291
 0 0.629291
 0 0.62936
 0 0.629364
 0 0.629365
 0 0.629375
 0 0.629382
 0 0.629382
 0 0.629382
 0 0.629383
 0 0.629385
 0 0.629397
 0 0.629397
 0 0.629408
 0 0.629432
 0 0.629433
 0 0.629461
 0 0.629461
 0 0.629461
 0 0.629461
 0 0.629473
 0 0.629499
 0 0.629499
 0 0.629499
 0 0.6295
 0 0.629509
 0 0.62951
 0 0.629512
 0 0.629524
 0 0.629524
 0 0.629525
 0 0.629594
 0 0.629594
 0 0.629595
 0 0.629607
 0 0.629642
 0 0.629642
 0 0.629643
 0 0.629643
 0 0.629655
 0 0.629655
 0 0.629655
 0 0.629683
 0 0.629727
 0 0.629833
 0 0.629833
 0 0.629834
 0 0.629849
 0 0.629849
 0 0.629849
 0 0.629865
 0 0.629897
 0 0.629899
 0 0.629901
 0 0.629902
 0 0.629921
 0 0.629922
 0 0.629923
 0 0.62993
 0 0.62993
 0 0.62993
 0 0.62993
 0 0.629941
 0 0.629957
 0 0.629992
 0 0.630061
 0 0.630061
 0 0.630061
 0 0.630062
 0 0.630065
 0 0.630065
 0 0.630147
 0 0.630147
 0 0.630148
 0 0.630169
 0 0.630181
 0 0.630238
 0 0.630239
 0 0.630239
 0 0.630239
 0 0.630247
 0 0.630287
 0 0.630291
 0 0.630291
 0 0.630297
 0 0.630299
 0 0.630299
 0 0.6303
 0 0.630321
 0 0.630322
 0 0.630322
 0 0.630322
 0 0.630322
 0 0.630334
 0 0.630335
 0 0.630335
 0 0.63035
 0 0.63035
 0 0.63035
 0 0.630357
 0 0.630382
 0 0.630391
 0 0.630391
 0 0.630391
 0 0.630392
 0 0.630392
 0 0.630392
 0 0.630433
 0 0.630438
 0 0.630445
 0 0.630458
 0 0.630487
 0 0.630494
 0 0.6305
 0 0.630516
 0 0.630547
 0 0.630547
 0 0.630547
 0 0.630547
 0 0.630547
 0 0.63055
 0 0.630601
 0 0.630601
 0 0.630601
 0 0.630601
 0 0.630601
 0 0.630621
 0 0.630638
 0 0.630639
 0 0.630639
 0 0.630646
 0 0.630647
 0 0.630647
 0 0.630653
 0 0.630654
 0 0.630654
 0 0.630687
 0 0.6307
 0 0.6307
 0 0.630706
 0 0.63073
 0 0.630731
 0 0.630731
 0 0.630737
 0 0.630737
 0 0.630742
 0 0.630744
 0 0.630749
 0 0.63075
 0 0.63075
 0 0.630759
 0 0.63076
 0 0.630765
 0 0.630765
 0 0.630768
 0 0.630768
 0 0.630775
 0 0.630776
 0 0.630786
 0 0.630786
 0 0.630788
 0 0.630789
 0 0.630826
 0 0.630826
 0 0.630827
 0 0.630835
 0 0.630835
 0 0.630865
 0 0.63087
 0 0.630877
 0 0.630877
 0 0.630877
 0 0.630877
 0 0.630892
 0 0.630908
 0 0.630909
 0 0.630909
 0 0.630925
 0 0.630935
 0 0.630936
 0 0.630943
 0 0.630943
 0 0.630943
 0 0.630944
 0 0.630944
 0 0.630944
 0 0.630944
 0 0.630946
 0 0.630946
 0 0.630953
 0 0.630983
 0 0.630984
 0 0.630991
 0 0.631001
 0 0.631001
 0 0.631001
 0 0.631025
 0 0.631074
 0 0.631097
 0 0.631098
 0 0.631103
 0 0.631103
 0 0.631107
 0 0.631123
 0 0.631146
 0 0.63116
 0 0.631176
 0 0.631177
 0 0.6312
 0 0.6312
 0 0.631201
 0 0.631222
 0 0.631222
 0 0.631239
 0 0.631275
 0 0.631276
 0 0.631319
 0 0.631323
 0 0.631323
 0 0.631324
 0 0.631359
 0 0.631359
 0 0.631365
 0 0.631374
 0 0.631384
 0 0.631384
 0 0.631385
 0 0.631392
 0 0.631393
 0 0.631393
 0 0.631434
 0 0.631457
 0 0.631457
 0 0.631462
 0 0.631462
 0 0.631507
 0 0.63154
 0 0.631541
 0 0.631547
 0 0.631551
 0 0.631551
 0 0.631563
 0 0.63157
 0 0.63157
 0 0.631573
 0 0.631599
 0 0.631601
 0 0.631602
 0 0.631602
 0 0.631602
 0 0.631612
 0 0.631612
 0 0.631622
 0 0.631627
 0 0.631628
 0 0.631628
 0 0.631628
 0 0.631628
 0 0.631629
 0 0.63164
 0 0.63164
 0 0.63164
 0 0.631645
 0 0.631649
 0 0.631649
 0 0.631651
 0 0.631674
 0 0.63168
 0 0.63169
 0 0.631699
 0 0.631719
 0 0.631738
 0 0.631749
 0 0.631749
 0 0.631756
 0 0.63176
 0 0.631761
 0 0.631799
 0 0.631799
 0 0.631813
 0 0.631823
 0 0.631824
 0 0.631827
 0 0.631828
 0 0.631828
 0 0.631841
 0 0.631855
 0 0.631879
 0 0.631879
 0 0.631882
 0 0.631882
 0 0.631896
 0 0.631897
 0 0.631909
 0 0.631925
 0 0.631925
 0 0.631926
 0 0.631926
 0 0.631947
 0 0.631956
 0 0.631957
 0 0.631966
 0 0.631967
 0 0.631969
 0 0.631977
 0 0.632035
 0 0.632035
 0 0.632036
 0 0.632036
 0 0.632041
 0 0.632041
 0 0.632049
 0 0.632049
 0 0.63205
 0 0.63205
 0 0.632055
 0 0.632056
 0 0.632069
 0 0.632069
 0 0.632079
 0 0.63208
 0 0.63208
 0 0.632084
 0 0.632095
 0 0.632142
 0 0.632142
 0 0.632147
 0 0.632147
 0 0.632169
 0 0.632197
 0 0.632198
 0 0.632198
 0 0.6322
 0 0.632207
 0 0.632207
 0 0.632207
 0 0.632242
 0 0.632242
 0 0.632243
 0 0.632243
 0 0.632262
 0 0.632277
 0 0.632285
 0 0.632285
 0 0.632286
 0 0.632293
 0 0.632301
 0 0.632302
 0 0.632302
 0 0.632302
 0 0.632302
 0 0.632302
 0 0.632302
 0 0.632304
 0 0.632304
 0 0.632315
 0 0.632315
 0 0.632317
 0 0.632317
 0 0.632317
 0 0.632317
 0 0.63233
 0 0.63233
 0 0.632331
 0 0.63234
 0 0.63234
 0 0.632344
 0 0.632352
 0 0.632352
 0 0.632367
 0 0.632367
 0 0.632367
 0 0.632393
 0 0.632395
 0 0.632395
 0 0.632398
 0 0.632409
 0 0.632409
 0 0.632416
 0 0.632416
 0 0.632416
 0 0.632426
 0 0.632444
 0 0.632444
 0 0.63245
 0 0.63245
 0 0.632456
 0 0.632456
 0 0.632456
 0 0.632457
 0 0.632458
 0 0.63246
 0 0.632475
 0 0.632492
 0 0.632492
 0 0.632509
 0 0.632509
 0 0.632516
 0 0.632517
 0 0.632517
 0 0.632525
 0 0.632525
 0 0.632525
 0 0.632545
 0 0.632545
 0 0.632547
 0 0.632566
 0 0.632568
 0 0.632568
 0 0.632568
 0 0.632585
 0 0.632589
 0 0.632589
 0 0.632593
 0 0.632599
 0 0.632599
 0 0.632604
 0 0.632625
 0 0.632636
 0 0.632636
 0 0.632646
 0 0.632647
 0 0.632656
 0 0.632656
 0 0.632656
 0 0.632677
 0 0.632677
 0 0.632683
 0 0.632684
 0 0.632685
 0 0.632692
 0 0.632692
 0 0.632692
 0 0.632693
 0 0.632693
 0 0.632693
 0 0.632704
 0 0.632709
 0 0.632713
 0 0.632713
 0 0.632713
 0 0.632716
 0 0.632716
 0 0.632722
 0 0.632723
 0 0.632732
 0 0.632733
 0 0.632733
 0 0.632749
 0 0.632779
 0 0.63278
 0 0.632789
 0 0.632807
 0 0.632814
 0 0.632814
 0 0.632816
 0 0.632817
 0 0.632838
 0 0.632838
 0 0.632839
 0 0.632841
 0 0.632844
 0 0.632884
 0 0.632908
 0 0.63291
 0 0.632919
 0 0.632919
 0 0.632932
 0 0.632932
 0 0.632934
 0 0.632938
 0 0.63294
 0 0.63294
 0 0.632943
 0 0.632945
 0 0.632952
 0 0.632953
 0 0.632957
 0 0.632963
 0 0.632963
 0 0.632964
 0 0.632979
 0 0.632996
 0 0.632996
 0 0.633004
 0 0.633019
 0 0.633025
 0 0.633025
 0 0.633038
 0 0.633038
 0 0.633041
 0 0.633046
 0 0.633051
 0 0.633051
 0 0.633051
 0 0.633051
 0 0.63306
 0 0.633061
 0 0.633121
 0 0.633121
 0 0.633121
 0 0.633123
 0 0.633123
 0 0.633123
 0 0.633123
 0 0.633146
 0 0.633146
 0 0.633146
 0 0.633147
 0 0.633147
 0 0.633159
 0 0.633175
 0 0.633196
 0 0.633197
 0 0.633202
 0 0.633202
 0 0.633209
 0 0.633209
 0 0.633209
 0 0.633209
 0 0.633209
 0 0.633221
 0 0.633222
 0 0.633233
 0 0.633244
 0 0.633244
 0 0.633249
 0 0.633249
 0 0.633282
 0 0.633282
 0 0.633282
 0 0.633286
 0 0.633286
 0 0.633288
 0 0.633288
 0 0.633323
 0 0.633325
 0 0.633325
 0 0.633325
 0 0.633325
 0 0.633326
 0 0.633326
 0 0.633328
 0 0.633329
 0 0.633329
 0 0.633332
 0 0.633338
 0 0.633338
 0 0.633343
 0 0.633343
 0 0.633343
 0 0.633347
 0 0.633364
 0 0.633367
 0 0.633367
 0 0.63337
 0 0.633371
 0 0.633393
 0 0.633394
 0 0.633394
 0 0.633394
 0 0.633421
 0 0.63344
 0 0.63344
 0 0.63344
 0 0.633442
 0 0.633443
 0 0.633443
 0 0.633452
 0 0.633465
 0 0.633465
 0 0.633466
 0 0.633468
 0 0.633469
 0 0.63347
 0 0.633471
 0 0.633471
 0 0.633479
 0 0.633479
 0 0.63348
 0 0.63348
 0 0.63348
 0 0.633481
 0 0.633481
 0 0.633481
 0 0.633481
 0 0.633487
 0 0.633496
 0 0.633512
 0 0.633518
 0 0.633531
 0 0.633531
 0 0.633532
 0 0.633536
 0 0.633536
 0 0.633536
 0 0.633536
 0 0.633536
 0 0.633537
 0 0.633541
 0 0.633544
 0 0.633544
 0 0.633545
 0 0.633545
 0 0.633556
 0 0.633556
 0 0.633557
 0 0.633558
 0 0.63357
 0 0.633571
 0 0.633572
 0 0.633572
 0 0.633572
 0 0.633572
 0 0.633594
 0 0.633596
 0 0.633608
 0 0.633608
 0 0.633613
 0 0.633613
 0 0.633613
 0 0.633613
 0 0.633614
 0 0.633614
 0 0.633616
 0 0.633633
 0 0.633637
 0 0.633637
 0 0.633637
 0 0.633637
 0 0.633639
 0 0.63364
 0 0.633641
 0 0.633643
 0 0.633644
 0 0.633653
 0 0.633653
 0 0.633653
 0 0.633666
 0 0.633666
 0 0.633666
 0 0.633672
 0 0.633673
 0 0.633689
 0 0.633696
 0 0.633697
 0 0.633697
 0 0.633698
 0 0.633699
 0 0.633699
 0 0.633701
 0 0.633701
 0 0.633707
 0 0.633707
 0 0.633707
 0 0.63371
 0 0.633714
 0 0.633742
 0 0.633743
 0 0.633744
 0 0.633752
 0 0.633752
 0 0.633754
 0 0.633754
 0 0.633756
 0 0.633759
 0 0.633759
 0 0.633759
 0 0.633759
 0 0.63376
 0 0.633774
 0 0.633788
 0 0.633788
 0 0.633788
 0 0.633788
 0 0.633789
 0 0.633799
 0 0.633799
 0 0.633803
 0 0.633809
 0 0.633824
 0 0.633828
 0 0.633854
 0 0.633855
 0 0.63386
 0 0.63386
 0 0.63386
 0 0.63386
 0 0.63386
 0 0.633873
 0 0.63388
 0 0.633881
 0 0.633881
 0 0.633884
 0 0.633885
 0 0.633885
 0 0.633886
 0 0.633888
 0 0.633888
 0 0.633895
 0 0.633897
 0 0.633913
 0 0.633913
 0 0.633916
 0 0.633916
 0 0.633916
 0 0.633922
 0 0.633939
 0 0.633942
 0 0.633972
 0 0.63398
 0 0.633984
 0 0.633985
 0 0.633987
 0 0.633988
 0 0.633988
 0 0.633988
 0 0.633989
 0 0.633989
 0 0.633989
 0 0.633989
 0 0.633989
 0 0.63399
 0 0.633991
 0 0.633991
 0 0.633992
 0 0.633995
 0 0.633997
 0 0.633997
 0 0.634
 0 0.634011
 0 0.634046
 0 0.634058
 0 0.634059
 0 0.63406
 0 0.634061
 0 0.634061
 0 0.634061
 0 0.634067
 0 0.634068
 0 0.634069
 0 0.63408
 0 0.634105
 0 0.634105
 0 0.634117
 0 0.634119
 0 0.63412
 0 0.634121
 0 0.634124
 0 0.634124
 0 0.634124
 0 0.634124
 0 0.634124
 0 0.634126
 0 0.634131
 0 0.634131
 0 0.634131
 0 0.634134
 0 0.63415
 0 0.63415
 0 0.63418
 0 0.634181
 0 0.634181
 0 0.634181
 0 0.634181
 0 0.634183
 0 0.634184
 0 0.634184
 0 0.634187
 0 0.634187
 0 0.634187
 0 0.634188
 0 0.634189
 0 0.634189
 0 0.634189
 0 0.634205
 0 0.634206
 0 0.634209
 0 0.634209
 0 0.634209
 0 0.634209
 0 0.634209
 0 0.634212
 0 0.634212
 0 0.634212
 0 0.634212
 0 0.634212
 0 0.634213
 0 0.634213
 0 0.634214
 0 0.634214
 0 0.634214
 0 0.634258
 0 0.634258
 0 0.634258
 0 0.634258
 0 0.63426
 0 0.63426
 0 0.63427
 0 0.63427
 0 0.634271
 0 0.634273
 0 0.634273
 0 0.634273
 0 0.634274
 0 0.634295
 0 0.634314
 0 0.634314
 0 0.634314
 0 0.634316
 0 0.634316
 0 0.634322
 0 0.634323
 0 0.634323
 0 0.634326
 0 0.634328
 0 0.634328
 0 0.634336
 0 0.634351
 0 0.634351
 0 0.634358
 0 0.63436
 0 0.63436
 0 0.634377
 0 0.634378
 0 0.634383
 0 0.634384
 0 0.634384
 0 0.634389
 0 0.634391
 0 0.634393
 0 0.634395
 0 0.634395
 0 0.634395
 0 0.634395
 0 0.634396
 0 0.634396
 0 0.634397
 0 0.63441
 0 0.634411
 0 0.634422
 0 0.634424
 0 0.634425
 0 0.634448
 0 0.634455
 0 0.634456
 0 0.634456
 0 0.634456
 0 0.634457
 0 0.634458
 0 0.634459
 0 0.634459
 0 0.634459
 0 0.63446
 0 0.63446
 0 0.634461
 0 0.634462
 0 0.634463
 0 0.634471
 0 0.634496
 0 0.634498
 0 0.634513
 0 0.634513
 0 0.634513
 0 0.634516
 0 0.634522
 0 0.634522
 0 0.634528
 0 0.634528
 0 0.634534
 0 0.634534
 0 0.634534
 0 0.634534
 0 0.634534
 0 0.634538
 0 0.634538
 0 0.634538
 0 0.634542
 0 0.634544
 0 0.634552
 0 0.634555
 0 0.634556
 0 0.634569
 0 0.634573
 0 0.634575
 0 0.634575
 0 0.634575
 0 0.634586
 0 0.634586
 0 0.634586
 0 0.634586
 0 0.634594
 0 0.634597
 0 0.634597
 0 0.634597
 0 0.634611
 0 0.634619
 0 0.634654
 0 0.634654
 0 0.634654
 0 0.634656
 0 0.634656
 0 0.63466
 0 0.634667
 0 0.634682
 0 0.634685
 0 0.634688
 0 0.634688
 0 0.634693
 0 0.634693
 0 0.634701
 0 0.634726
 0 0.634726
 0 0.634748
 0 0.634748
 0 0.634751
 0 0.634751
 0 0.634751
 0 0.634764
 0 0.634765
 0 0.634767
 0 0.634767
 0 0.634773
 0 0.634773
 0 0.634773
 0 0.634773
 0 0.634773
 0 0.63478
 0 0.634785
 0 0.634786
 0 0.634793
 0 0.634796
 0 0.6348
 0 0.6348
 0 0.6348
 0 0.634806
 0 0.634809
 0 0.63481
 0 0.63481
 0 0.634817
 0 0.63484
 0 0.634855
 0 0.634855
 0 0.634864
 0 0.634864
 0 0.634877
 0 0.634877
 0 0.634877
 0 0.634877
 0 0.634883
 0 0.634887
 0 0.634887
 0 0.634893
 0 0.634896
 0 0.634897
 0 0.634897
 0 0.634897
 0 0.634897
 0 0.634897
 0 0.634908
 0 0.634908
 0 0.634912
 0 0.634913
 0 0.634913
 0 0.634924
 0 0.634925
 0 0.634954
 0 0.634955
 0 0.63496
 0 0.63496
 0 0.63497
 0 0.634973
 0 0.634978
 0 0.634978
 0 0.634978
 0 0.634978
 0 0.634984
 0 0.634984
 0 0.634985
 0 0.634985
 0 0.634987
 0 0.634988
 0 0.634996
 0 0.634997
 0 0.635008
 0 0.635008
 0 0.63501
 0 0.635011
 0 0.635035
 0 0.635044
 0 0.635051
 0 0.635059
 0 0.635059
 0 0.635059
 0 0.63506
 0 0.63506
 0 0.635063
 0 0.635063
 0 0.635067
 0 0.63507
 0 0.63507
 0 0.63507
 0 0.635072
 0 0.635072
 0 0.635075
 0 0.635076
 0 0.635093
 0 0.635099
 0 0.63511
 0 0.635111
 0 0.635138
 0 0.635138
 0 0.635141
 0 0.635141
 0 0.635141
 0 0.635141
 0 0.635141
 0 0.635142
 0 0.635143
 0 0.63517
 0 0.63517
 0 0.63517
 0 0.63517
 0 0.635171
 0 0.635171
 0 0.635172
 0 0.635173
 0 0.63518
 0 0.635181
 0 0.635183
 0 0.635183
 0 0.635189
 0 0.635201
 0 0.635202
 0 0.635209
 0 0.635214
 0 0.635215
 0 0.635251
 0 0.635251
 0 0.63526
 0 0.635266
 0 0.635267
 0 0.635285
 0 0.635285
 0 0.635285
 0 0.635285
 0 0.635285
 0 0.635285
 0 0.635287
 0 0.635288
 0 0.635288
 0 0.635296
 0 0.635297
 0 0.635301
 0 0.635302
 0 0.635303
 0 0.635303
 0 0.635303
 0 0.635303
 0 0.635325
 0 0.635326
 0 0.635326
 0 0.635327
 0 0.635331
 0 0.635334
 0 0.635334
 0 0.635334
 0 0.635334
 0 0.635335
 0 0.635335
 0 0.635335
 0 0.635356
 0 0.635356
 0 0.635372
 0 0.635379
 0 0.635395
 0 0.635397
 0 0.635411
 0 0.635411
 0 0.635413
 0 0.635426
 0 0.635427
 0 0.635428
 0 0.635428
 0 0.635429
 0 0.635429
 0 0.635446
 0 0.635451
 0 0.635466
 0 0.635466
 0 0.635466
 0 0.635476
 0 0.635476
 0 0.635476
 0 0.635498
 0 0.635498
 0 0.635498
 0 0.63552
 0 0.63552
 0 0.63552
 0 0.635536
 0 0.635536
 0 0.635574
 0 0.635575
 0 0.635608
 0 0.635608
 0 0.635608
 0 0.635626
 0 0.635684
 0 0.635686
 0 0.635686
 0 0.635699
 0 0.6357
 0 0.635716
 0 0.635773
 0 0.635774
 0 0.635775
 0 0.635775
 0 0.635782
 0 0.635782
 0 0.635787
 0 0.635787
 0 0.635792
 0 0.635792
 0 0.635795
 0 0.635795
 0 0.635795
 0 0.635799
 0 0.635806
 0 0.635814
 0 0.635814
 0 0.635818
 0 0.635818
 0 0.635818
 0 0.635831
 0 0.635852
 0 0.635852
 0 0.635855
 0 0.635886
 0 0.635889
 0 0.63589
 0 0.635892
 0 0.635917
 0 0.635917
 0 0.635917
 0 0.63592
 0 0.635931
 0 0.635932
 0 0.635969
 0 0.635969
 0 0.635981
 0 0.635989
 0 0.63599
 0 0.635994
 0 0.636014
 0 0.636015
 0 0.63602
 0 0.636021
 0 0.636021
 0 0.636023
 0 0.636024
 0 0.636027
 0 0.636027
 0 0.636027
 0 0.636027
 0 0.636041
 0 0.636042
 0 0.636042
 0 0.636042
 0 0.636049
 0 0.636049
 0 0.636051
 0 0.636051
 0 0.636053
 0 0.636054
 0 0.636061
 0 0.636061
 0 0.636065
 0 0.636099
 0 0.6361
 0 0.636115
 0 0.636115
 0 0.636115
 0 0.636119
 0 0.636119
 0 0.636126
 0 0.636127
 0 0.636127
 0 0.636135
 0 0.636135
 0 0.636141
 0 0.636153
 0 0.636153
 0 0.636158
 0 0.636167
 0 0.636174
 0 0.636174
 0 0.63619
 0 0.63619
 0 0.636199
 0 0.6362
 0 0.6362
 0 0.636201
 0 0.63623
 0 0.63623
 0 0.636234
 0 0.636234
 0 0.636235
 0 0.636235
 0 0.636235
 0 0.636235
 0 0.636242
 0 0.636258
 0 0.636258
 0 0.63627
 0 0.636284
 0 0.636312
 0 0.636312
 0 0.636313
 0 0.636313
 0 0.636316
 0 0.636367
 0 0.6364
 0 0.636413
 0 0.636416
 0 0.636428
 0 0.636428
 0 0.636428
 0 0.636485
 0 0.636486
 0 0.636488
 0 0.636489
 0 0.636489
 0 0.636498
 0 0.636529
 0 0.63653
 0 0.63653
 0 0.636533
 0 0.636534
 0 0.636591
 0 0.636598
 0 0.636598
 0 0.636625
 0 0.636655
 0 0.636662
 0 0.6367
 0 0.6367
 0 0.636733
 0 0.636733
 0 0.636735
 0 0.636735
 0 0.636735
 0 0.636745
 0 0.636745
 0 0.636746
 0 0.636746
 0 0.636771
 0 0.636786
 0 0.636788
 0 0.636788
 0 0.636834
 0 0.636834
 0 0.636852
 0 0.63687
 0 0.636897
 0 0.636897
 0 0.636906
 0 0.636928
 0 0.636956
 0 0.636956
 0 0.636956
 0 0.636962
 0 0.636962
 0 0.637023
 0 0.637027
 0 0.637028
 0 0.63703
 0 0.637031
 0 0.637032
 0 0.637032
 0 0.637042
 0 0.637042
 0 0.637047
 0 0.637096
 0 0.637101
 0 0.637133
 0 0.637142
 0 0.637178
 0 0.637178
 0 0.637179
 0 0.637204
 0 0.637204
 0 0.637212
 0 0.637212
 0 0.637212
 0 0.637214
 0 0.637251
 0 0.637252
 0 0.637252
 0 0.637294
 0 0.637294
 0 0.637294
 0 0.637298
 0 0.637364
 0 0.63737
 0 0.63737
 0 0.63737
 0 0.637377
 0 0.637378
 0 0.6374
 0 0.637416
 0 0.637416
 0 0.637416
 0 0.637416
 0 0.637455
 0 0.637462
 0 0.637462
 0 0.637517
 0 0.637518
 0 0.637552
 0 0.637552
 0 0.637552
 0 0.637553
 0 0.63756
 0 0.63756
 0 0.637568
 0 0.637569
 0 0.637578
 0 0.637578
 0 0.637578
 0 0.637608
 0 0.637608
 0 0.63771
 0 0.637757
 0 0.637757
 0 0.637771
 0 0.637771
 0 0.637778
 0 0.637816
 0 0.637816
 0 0.637823
 0 0.637828
 0 0.637828
 0 0.637828
 0 0.637828
 0 0.637829
 0 0.637863
 0 0.637863
 0 0.637898
 0 0.637898
 0 0.637899
 0 0.637914
 0 0.637914
 0 0.637914
 0 0.637914
 0 0.638047
 0 0.638048
 0 0.638048
 0 0.638049
 0 0.638079
 0 0.638079
 0 0.63813
 0 0.638131
 0 0.638246
 0 0.638246
 0 0.638246
 0 0.638246
 0 0.638338
 0 0.638352
 0 0.638376
 0 0.638431
 0 0.638451
 0 0.638468
 0 0.638493
 0 0.638523
 0 0.638524
 0 0.638524
 0 0.638524
 0 0.638571
 0 0.638584
 0 0.638613
 0 0.638614
 0 0.638689
 0 0.638689
 0 0.638847
 0 0.638865
 0 0.638866
 0 0.638887
 0 0.638888
 0 0.638913
 0 0.638943
 0 0.638943
 0 0.638944
 0 0.639006
 0 0.639047
 0 0.639048
 0 0.639048
 0 0.639051
 0 0.639077
 0 0.639077
 0 0.639156
 0 0.639198
 0 0.63921
 0 0.639239
 0 0.639296
 0 0.639327
 0 0.639328
 0 0.639429
 0 0.639441
 0 0.639441
 0 0.63957
 0 0.63957
 0 0.639586
 0 0.63975
 0 0.6398
 0 0.6398
 0 0.639843
 0 0.639844
 0 0.639844
 0 0.639844
 0 0.639844
 0 0.640006
 0 0.640007
 0 0.640085
 0 0.640086
 0 0.640086
 0 0.640086
 0 0.640197
 0 0.640304
 0 0.640304
 0 0.640304
 0 0.640306
 0 0.640306
 0 0.640355
 0 0.640534
 0 0.640802
 0 0.640802
 0 0.641249
 0 0.643064
 0 0.643064
 0 0.643066
 0 0.64314
 0 0.644194
 0 0.644196
 0 0.647263
 0 0.647394
 0 0.648186
 0 0.648186
 0 0.648316
 0 0.648318
 0 inf
