 0 0.621571
 0 0.622541
 0 0.622541
 0 0.622541
 0 0.622592
 0 0.622736
 0 0.622736
 0 0.623121
 0 0.623121
 0 0.623411
 0 0.623928
 0 0.623936
 0 0.624148
 0 0.624148
 0 0.62417
 0 0.62434
 0 0.62434
 0 0.624341
 0 0.62449
 0 0.624555
 0 0.624555
 0 0.624555
 0 0.624592
 0 0.624593
 0 0.624593
 0 0.624671
 0 0.624671
 0 0.624673
 0 0.624715
 0 0.624763
 0 0.624763
 0 0.624766
 0 0.624773
 0 0.62493
 0 0.62494
 0 0.62494
 0 0.62494
 0 0.624978
 0 0.625
 0 0.625003
 0 0.625003
 0 0.625022
 0 0.625022
 0 0.625076
 0 0.625076
 0 0.62513
 0 0.62513
 0 0.625147
 0 0.625147
 0 0.62523
 0 0.625281
 0 0.625281
 0 0.625393
 0 0.625396
 0 0.625396
 0 0.625488
 0 0.625489
 0 0.625713
 0 0.625757
 0 0.625757
 0 0.625781
 0 0.625781
 0 0.626018
 0 0.626021
 0 0.626021
 0 0.626138
 0 0.626138
 0 0.626138
 0 0.626161
 0 0.626161
 0 0.626271
 0 0.626321
 0 0.626321
 0 0.626378
 0 0.626379
 0 0.626392
 0 0.626425
 0 0.626427
 0 0.626428
 0 0.626428
 0 0.626594
 0 0.626645
 0 0.626718
 0 0.626859
 0 0.626861
 0 0.626879
 0 0.626879
 0 0.62695
 0 0.626951
 0 0.626951
 0 0.627045
 0 0.627087
 0 0.627087
 0 0.627134
 0 0.627192
 0 0.627192
 0 0.627299
 0 0.627302
 0 0.627403
 0 0.627403
 0 0.627417
 0 0.627467
 0 0.62747
 0 0.627491
 0 0.627545
 0 0.627549
 0 0.627677
 0 0.627679
 0 0.62768
 0 0.627714
 0 0.627786
 0 0.62781
 0 0.627816
 0 0.627841
 0 0.627841
 0 0.627843
 0 0.627857
 0 0.627862
 0 0.62789
 0 0.627895
 0 0.627895
 0 0.627931
 0 0.627932
 0 0.627935
 0 0.627949
 0 0.628
 0 0.628033
 0 0.628033
 0 0.628094
 0 0.628094
 0 0.628098
 0 0.628213
 0 0.628215
 0 0.628215
 0 0.628255
 0 0.628256
 0 0.628264
 0 0.628264
 0 0.628299
 0 0.6283
 0 0.6283
 0 0.62832
 0 0.62832
 0 0.628334
 0 0.62834
 0 0.628342
 0 0.628405
 0 0.628405
 0 0.628406
 0 0.628406
 0 0.628406
 0 0.628407
 0 0.628408
 0 0.628411
 0 0.628411
 0 0.628412
 0 0.628466
 0 0.628477
 0 0.628477
 0 0.628478
 0 0.628481
 0 0.628564
 0 0.628564
 0 0.62859
 0 0.628591
 0 0.628632
 0 0.62865
 0 0.62865
 0 0.628727
 0 0.628834
 0 0.628903
 0 0.628907
 0 0.628907
 0 0.628923
 0 0.628924
 0 0.629014
 0 0.629016
 0 0.629016
 0 0.629016
 0 0.629058
 0 0.62906
 0 0.629098
 0 0.629101
 0 0.629103
 0 0.629104
 0 0.629106
 0 0.629113
 0 0.629142
 0 0.629142
 0 0.62919
 0 0.629192
 0 0.629194
 0 0.629198
 0 0.6292
 0 0.629365
 0 0.629365
 0 0.629382
 0 0.629403
 0 0.629405
 0 0.629444
 0 0.629444
 0 0.62948
 0 0.629549
 0 0.62955
 0 0.62955
 0 0.629642
 0 0.629642
 0 0.629642
 0 0.629642
 0 0.62967
 0 0.629679
 0 0.629732
 0 0.629733
 0 0.629742
 0 0.629745
 0 0.629745
 0 0.629804
 0 0.629804
 0 0.629851
 0 0.629851
 0 0.629851
 0 0.629851
 0 0.629896
 0 0.629896
 0 0.629896
 0 0.629898
 0 0.629982
 0 0.629992
 0 0.629993
 0 0.629993
 0 0.629993
 0 0.630009
 0 0.630009
 0 0.63001
 0 0.630011
 0 0.630103
 0 0.630128
 0 0.630207
 0 0.630229
 0 0.630242
 0 0.630242
 0 0.630263
 0 0.630309
 0 0.63031
 0 0.630403
 0 0.630405
 0 0.630405
 0 0.630407
 0 0.630408
 0 0.630409
 0 0.630433
 0 0.630437
 0 0.630544
 0 0.630547
 0 0.630547
 0 0.630547
 0 0.630547
 0 0.630597
 0 0.630597
 0 0.63062
 0 0.63062
 0 0.630655
 0 0.630655
 0 0.630658
 0 0.630658
 0 0.630684
 0 0.630689
 0 0.63069
 0 0.630691
 0 0.630694
 0 0.630707
 0 0.630708
 0 0.630711
 0 0.630711
 0 0.630732
 0 0.63075
 0 0.630824
 0 0.630828
 0 0.630897
 0 0.630898
 0 0.630924
 0 0.630924
 0 0.630924
 0 0.630924
 0 0.63093
 0 0.630932
 0 0.630933
 0 0.631004
 0 0.631004
 0 0.631005
 0 0.631005
 0 0.631005
 0 0.631039
 0 0.631039
 0 0.631039
 0 0.631041
 0 0.631069
 0 0.631073
 0 0.631098
 0 0.631098
 0 0.631104
 0 0.631124
 0 0.631128
 0 0.631128
 0 0.631136
 0 0.63114
 0 0.63119
 0 0.631212
 0 0.631214
 0 0.631218
 0 0.631219
 0 0.63122
 0 0.631237
 0 0.631297
 0 0.631298
 0 0.631299
 0 0.631301
 0 0.631402
 0 0.631446
 0 0.631478
 0 0.631524
 0 0.631525
 0 0.631525
 0 0.631528
 0 0.631529
 0 0.631544
 0 0.631614
 0 0.631643
 0 0.631676
 0 0.631676
 0 0.631743
 0 0.631769
 0 0.63177
 0 0.6318
 0 0.631825
 0 0.631828
 0 0.631829
 0 0.631829
 0 0.63183
 0 0.631846
 0 0.631847
 0 0.63189
 0 0.631913
 0 0.631954
 0 0.631954
 0 0.631954
 0 0.631956
 0 0.631958
 0 0.631958
 0 0.631958
 0 0.631958
 0 0.63196
 0 0.63196
 0 0.631962
 0 0.631962
 0 0.631964
 0 0.631964
 0 0.631975
 0 0.631996
 0 0.631996
 0 0.631996
 0 0.632002
 0 0.632034
 0 0.632134
 0 0.632214
 0 0.632214
 0 0.632214
 0 0.632225
 0 0.632225
 0 0.632229
 0 0.632229
 0 0.632269
 0 0.632271
 0 0.632271
 0 0.632276
 0 0.632278
 0 0.632278
 0 0.632316
 0 0.632316
 0 0.632317
 0 0.632329
 0 0.632344
 0 0.632372
 0 0.632383
 0 0.632387
 0 0.632388
 0 0.632425
 0 0.632425
 0 0.632425
 0 0.632425
 0 0.632448
 0 0.632449
 0 0.632449
 0 0.632456
 0 0.632457
 0 0.632468
 0 0.632475
 0 0.632494
 0 0.632525
 0 0.63256
 0 0.63256
 0 0.632589
 0 0.632589
 0 0.63259
 0 0.632612
 0 0.632679
 0 0.632704
 0 0.632713
 0 0.632713
 0 0.632713
 0 0.632749
 0 0.63275
 0 0.632753
 0 0.632792
 0 0.632792
 0 0.632818
 0 0.632822
 0 0.632843
 0 0.632845
 0 0.632857
 0 0.632858
 0 0.632871
 0 0.632876
 0 0.632889
 0 0.632893
 0 0.632925
 0 0.632943
 0 0.632943
 0 0.632943
 0 0.632979
 0 0.63298
 0 0.632981
 0 0.632982
 0 0.632986
 0 0.632989
 0 0.632989
 0 0.632997
 0 0.632997
 0 0.633052
 0 0.633053
 0 0.633054
 0 0.633054
 0 0.633054
 0 0.633082
 0 0.633083
 0 0.633097
 0 0.633097
 0 0.63311
 0 0.633114
 0 0.633129
 0 0.633132
 0 0.633141
 0 0.633143
 0 0.633157
 0 0.633166
 0 0.633167
 0 0.633169
 0 0.633183
 0 0.633187
 0 0.633187
 0 0.633195
 0 0.633198
 0 0.633206
 0 0.633208
 0 0.633229
 0 0.633229
 0 0.633229
 0 0.63323
 0 0.63323
 0 0.633232
 0 0.633277
 0 0.63328
 0 0.633282
 0 0.633285
 0 0.633285
 0 0.633285
 0 0.633312
 0 0.63334
 0 0.633361
 0 0.633361
 0 0.633362
 0 0.633398
 0 0.633401
 0 0.633401
 0 0.633406
 0 0.633407
 0 0.633428
 0 0.63344
 0 0.633451
 0 0.633452
 0 0.633452
 0 0.633454
 0 0.633476
 0 0.633476
 0 0.633488
 0 0.633505
 0 0.633505
 0 0.633505
 0 0.633509
 0 0.63354
 0 0.633562
 0 0.633564
 0 0.633564
 0 0.633564
 0 0.633565
 0 0.633582
 0 0.633582
 0 0.63359
 0 0.63359
 0 0.633591
 0 0.633591
 0 0.633592
 0 0.633592
 0 0.633604
 0 0.633631
 0 0.63364
 0 0.633661
 0 0.633671
 0 0.633671
 0 0.633672
 0 0.633765
 0 0.633787
 0 0.633788
 0 0.633805
 0 0.633809
 0 0.633812
 0 0.633812
 0 0.633817
 0 0.633825
 0 0.633858
 0 0.633877
 0 0.633878
 0 0.633896
 0 0.633903
 0 0.633904
 0 0.633912
 0 0.633912
 0 0.633913
 0 0.633987
 0 0.63399
 0 0.634053
 0 0.634053
 0 0.634053
 0 0.634053
 0 0.634061
 0 0.634062
 0 0.634062
 0 0.634062
 0 0.634067
 0 0.634094
 0 0.634096
 0 0.634175
 0 0.634176
 0 0.634176
 0 0.634181
 0 0.634181
 0 0.634181
 0 0.634182
 0 0.63419
 0 0.634208
 0 0.634233
 0 0.634284
 0 0.634284
 0 0.634293
 0 0.634302
 0 0.634303
 0 0.634303
 0 0.63435
 0 0.634352
 0 0.634352
 0 0.634436
 0 0.634436
 0 0.634455
 0 0.634455
 0 0.634455
 0 0.634464
 0 0.634465
 0 0.63451
 0 0.634511
 0 0.634516
 0 0.634516
 0 0.634525
 0 0.634525
 0 0.634525
 0 0.634526
 0 0.634541
 0 0.634576
 0 0.63459
 0 0.634597
 0 0.634619
 0 0.634621
 0 0.634621
 0 0.634622
 0 0.634663
 0 0.634664
 0 0.634701
 0 0.634701
 0 0.634716
 0 0.634716
 0 0.634717
 0 0.634718
 0 0.634718
 0 0.63474
 0 0.634749
 0 0.63475
 0 0.634756
 0 0.634771
 0 0.634776
 0 0.634776
 0 0.634784
 0 0.634792
 0 0.634792
 0 0.634799
 0 0.634817
 0 0.634817
 0 0.63482
 0 0.634828
 0 0.634828
 0 0.634832
 0 0.634834
 0 0.634837
 0 0.634862
 0 0.634863
 0 0.634874
 0 0.634877
 0 0.634877
 0 0.634879
 0 0.634892
 0 0.634893
 0 0.634894
 0 0.634896
 0 0.634896
 0 0.634897
 0 0.634911
 0 0.634953
 0 0.634954
 0 0.634986
 0 0.634986
 0 0.634989
 0 0.634989
 0 0.635029
 0 0.635029
 0 0.635029
 0 0.635039
 0 0.635066
 0 0.635083
 0 0.635127
 0 0.635128
 0 0.635159
 0 0.63516
 0 0.635164
 0 0.635205
 0 0.635216
 0 0.635218
 0 0.635238
 0 0.635238
 0 0.635238
 0 0.635239
 0 0.635239
 0 0.635266
 0 0.635284
 0 0.635286
 0 0.635288
 0 0.635321
 0 0.635322
 0 0.635326
 0 0.635338
 0 0.635355
 0 0.635358
 0 0.63539
 0 0.635392
 0 0.635392
 0 0.635402
 0 0.635402
 0 0.63541
 0 0.635411
 0 0.635416
 0 0.63543
 0 0.635432
 0 0.635441
 0 0.635442
 0 0.635445
 0 0.635445
 0 0.635445
 0 0.635455
 0 0.635458
 0 0.635458
 0 0.635477
 0 0.635477
 0 0.635477
 0 0.635491
 0 0.635491
 0 0.6355
 0 0.635559
 0 0.63556
 0 0.635561
 0 0.635563
 0 0.635578
 0 0.635588
 0 0.635614
 0 0.635615
 0 0.635616
 0 0.635635
 0 0.635636
 0 0.635638
 0 0.635639
 0 0.635647
 0 0.63565
 0 0.635653
 0 0.635653
 0 0.635667
 0 0.63567
 0 0.63567
 0 0.635684
 0 0.635684
 0 0.635696
 0 0.635696
 0 0.635697
 0 0.6357
 0 0.635703
 0 0.635703
 0 0.635704
 0 0.635755
 0 0.635782
 0 0.635787
 0 0.635789
 0 0.635789
 0 0.6358
 0 0.6358
 0 0.635834
 0 0.635834
 0 0.635901
 0 0.635903
 0 0.635903
 0 0.635903
 0 0.635905
 0 0.635908
 0 0.63591
 0 0.63591
 0 0.635928
 0 0.635929
 0 0.635947
 0 0.635949
 0 0.635959
 0 0.635967
 0 0.635968
 0 0.635968
 0 0.635969
 0 0.635969
 0 0.636022
 0 0.636023
 0 0.636023
 0 0.636024
 0 0.636039
 0 0.636039
 0 0.636052
 0 0.63607
 0 0.636118
 0 0.636161
 0 0.636178
 0 0.636185
 0 0.636185
 0 0.636186
 0 0.636192
 0 0.636202
 0 0.636203
 0 0.636211
 0 0.636242
 0 0.636305
 0 0.636305
 0 0.636315
 0 0.636315
 0 0.636315
 0 0.636315
 0 0.636331
 0 0.636335
 0 0.63636
 0 0.636361
 0 0.636361
 0 0.636362
 0 0.636373
 0 0.636373
 0 0.636385
 0 0.636428
 0 0.636428
 0 0.636431
 0 0.636431
 0 0.636431
 0 0.636431
 0 0.636433
 0 0.636435
 0 0.636445
 0 0.63645
 0 0.636454
 0 0.636455
 0 0.636494
 0 0.636499
 0 0.636499
 0 0.636499
 0 0.636499
 0 0.636499
 0 0.636499
 0 0.636503
 0 0.636508
 0 0.636509
 0 0.636514
 0 0.636531
 0 0.636532
 0 0.636533
 0 0.636534
 0 0.636537
 0 0.636567
 0 0.636578
 0 0.636578
 0 0.636624
 0 0.636628
 0 0.636671
 0 0.636672
 0 0.63669
 0 0.636692
 0 0.636692
 0 0.636693
 0 0.63672
 0 0.636721
 0 0.636723
 0 0.636743
 0 0.636743
 0 0.636795
 0 0.636818
 0 0.636845
 0 0.636845
 0 0.63685
 0 0.63685
 0 0.636857
 0 0.636877
 0 0.636877
 0 0.63688
 0 0.636888
 0 0.636906
 0 0.636932
 0 0.636933
 0 0.636972
 0 0.636973
 0 0.637047
 0 0.637047
 0 0.637047
 0 0.637047
 0 0.63705
 0 0.637052
 0 0.637052
 0 0.637076
 0 0.637076
 0 0.637076
 0 0.63708
 0 0.637101
 0 0.637113
 0 0.637142
 0 0.637186
 0 0.637187
 0 0.637188
 0 0.637202
 0 0.637202
 0 0.637206
 0 0.637213
 0 0.637214
 0 0.637214
 0 0.637214
 0 0.637224
 0 0.637224
 0 0.63723
 0 0.637234
 0 0.637235
 0 0.637239
 0 0.637254
 0 0.637255
 0 0.637255
 0 0.637257
 0 0.637274
 0 0.637274
 0 0.637275
 0 0.637278
 0 0.637358
 0 0.63738
 0 0.63738
 0 0.63739
 0 0.637391
 0 0.637392
 0 0.637393
 0 0.637394
 0 0.637416
 0 0.637416
 0 0.637416
 0 0.637434
 0 0.637435
 0 0.637437
 0 0.637465
 0 0.637465
 0 0.637465
 0 0.637488
 0 0.637489
 0 0.637489
 0 0.637489
 0 0.637501
 0 0.637502
 0 0.637502
 0 0.637503
 0 0.637542
 0 0.637544
 0 0.637555
 0 0.637558
 0 0.637566
 0 0.63758
 0 0.637606
 0 0.637623
 0 0.637624
 0 0.637624
 0 0.637626
 0 0.637639
 0 0.637668
 0 0.637668
 0 0.637675
 0 0.637712
 0 0.637712
 0 0.637721
 0 0.637721
 0 0.637743
 0 0.637749
 0 0.637749
 0 0.637752
 0 0.637779
 0 0.637782
 0 0.637783
 0 0.637885
 0 0.637886
 0 0.637886
 0 0.637982
 0 0.637989
 0 0.637991
 0 0.637991
 0 0.638024
 0 0.638027
 0 0.638027
 0 0.638027
 0 0.63803
 0 0.638103
 0 0.638216
 0 0.638257
 0 0.638257
 0 0.638307
 0 0.638307
 0 0.638308
 0 0.63831
 0 0.638346
 0 0.638346
 0 0.638372
 0 0.638374
 0 0.638375
 0 0.638375
 0 0.638389
 0 0.638395
 0 0.638473
 0 0.638475
 0 0.638494
 0 0.638507
 0 0.638524
 0 0.638532
 0 0.638532
 0 0.638533
 0 0.638556
 0 0.63857
 0 0.63857
 0 0.638571
 0 0.638577
 0 0.638578
 0 0.638578
 0 0.638581
 0 0.638713
 0 0.638714
 0 0.638738
 0 0.638741
 0 0.638794
 0 0.638815
 0 0.638817
 0 0.638817
 0 0.638827
 0 0.638829
 0 0.638836
 0 0.638846
 0 0.638847
 0 0.638857
 0 0.638857
 0 0.638945
 0 0.638951
 0 0.638955
 0 0.638957
 0 0.638957
 0 0.638969
 0 0.638969
 0 0.638973
 0 0.638975
 0 0.638979
 0 0.639033
 0 0.639033
 0 0.639036
 0 0.639042
 0 0.639106
 0 0.639115
 0 0.639115
 0 0.639116
 0 0.639124
 0 0.639124
 0 0.639125
 0 0.639125
 0 0.639187
 0 0.639188
 0 0.63919
 0 0.639207
 0 0.639207
 0 0.639221
 0 0.639255
 0 0.639282
 0 0.639282
 0 0.639282
 0 0.639285
 0 0.639288
 0 0.6393
 0 0.6393
 0 0.63932
 0 0.639344
 0 0.639353
 0 0.639353
 0 0.639355
 0 0.639421
 0 0.639423
 0 0.639444
 0 0.639542
 0 0.639551
 0 0.639555
 0 0.639564
 0 0.639564
 0 0.639568
 0 0.63957
 0 0.639571
 0 0.639573
 0 0.639584
 0 0.639584
 0 0.639584
 0 0.639605
 0 0.639613
 0 0.639614
 0 0.639626
 0 0.639626
 0 0.639626
 0 0.639626
 0 0.639627
 0 0.639774
 0 0.639778
 0 0.63978
 0 0.63978
 0 0.63978
 0 0.639819
 0 0.639822
 0 0.639832
 0 0.639835
 0 0.639835
 0 0.639835
 0 0.639838
 0 0.639942
 0 0.639942
 0 0.639942
 0 0.640104
 0 0.640104
 0 0.640114
 0 0.640123
 0 0.640123
 0 0.640125
 0 0.640188
 0 0.640188
 0 0.640193
 0 0.640196
 0 0.640202
 0 0.640203
 0 0.640224
 0 0.640227
 0 0.640227
 0 0.640227
 0 0.640228
 0 0.640248
 0 0.640265
 0 0.640265
 0 0.640267
 0 0.640276
 0 0.640316
 0 0.640316
 0 0.640317
 0 0.640317
 0 0.640317
 0 0.640323
 0 0.640365
 0 0.640365
 0 0.640369
 0 0.640386
 0 0.640404
 0 0.640422
 0 0.640422
 0 0.640423
 0 0.640423
 0 0.640504
 0 0.640505
 0 0.640533
 0 0.640541
 0 0.640589
 0 0.64061
 0 0.64061
 0 0.640743
 0 0.640765
 0 0.640809
 0 0.640848
 0 0.640867
 0 0.640869
 0 0.640871
 0 0.641073
 0 0.64109
 0 0.641221
 0 0.641221
 0 0.641259
 0 0.641264
 0 0.641319
 0 0.641319
 0 0.641319
 0 0.641319
 0 0.6414
 0 0.641425
 0 0.641425
 0 0.641445
 0 0.64145
 0 0.641452
 0 0.641457
 0 0.64149
 0 0.641491
 0 0.64159
 0 0.64159
 0 0.64159
 0 0.64159
 0 0.641591
 0 0.641598
 0 0.6416
 0 0.641635
 0 0.64164
 0 0.64164
 0 0.641722
 0 0.641755
 0 0.641763
 0 0.641767
 0 0.641807
 0 0.641814
 0 0.641814
 0 0.641816
 0 0.641928
 0 0.64206
 0 0.642062
 0 0.642062
 0 0.642124
 0 0.642259
 0 0.642259
 0 0.642374
 0 0.642374
 0 0.642423
 0 0.642424
 0 0.642469
 0 0.64248
 0 0.64248
 0 0.642483
 0 0.642483
 0 0.642487
 0 0.642489
 0 0.642489
 0 0.64249
 0 0.642578
 0 0.642852
 0 0.642853
 0 0.642915
 0 0.642934
 0 0.642943
 0 0.642943
 0 0.642943
 0 0.643028
 0 0.64303
 0 0.643038
 0 0.643094
 0 0.64323
 0 0.64323
 0 0.643264
 0 0.643266
 0 0.644102
 0 0.644661
 0 0.644926
 0 0.644967
 0 0.644968
 0 0.645025
 0 0.645025
 0 0.64507
 0 0.64507
 0 0.645314
 0 0.645544
 0 0.645548
 0 0.645563
 0 0.645784
 0 0.645819
 0 0.645822
 0 0.64585
 0 0.645852
 0 0.645856
 0 0.645886
 0 0.645887
 0 0.645887
 0 0.645947
 0 0.645947
 0 0.645947
 0 0.646018
 0 0.646018
 0 0.646019
 0 0.646209
 0 0.646209
 0 0.646218
 0 0.646218
 0 0.646234
 0 0.646235
 0 0.646241
 0 0.646241
 0 0.646468
 0 0.646469
 0 0.646704
 0 0.646734
 0 0.646837
 0 0.646949
 0 0.647352
 0 0.647568
 0 0.647574
 0 0.647603
 0 0.647897
 0 0.648119
 0 0.648444
 0 0.648542
 0 0.64855
 0 0.648706
 0 0.64871
 0 0.649257
 0 0.65047
 0 0.650756
 0 0.650759
 0 0.65078
 0 0.650847
 0 0.650847
 0 0.651218
 0 0.651377
 0 0.651398
 0 0.651595
 0 0.651597
 0 0.652163
 0 0.808929
 0 0.808929
 0 0.809026
 0 0.809026
 0 0.809904
 0 0.810001
 0 0.830311
 0 0.830311
 0 0.8307
 0 0.831481
 0 0.831481
 0 0.831968
 0 inf
