 8.45234 8.57894
 8.452 9.02419
 8.02675 8.36172
 7.89137 7.91801
 7.87249 7.89788
 7.69038 7.70102
 7.69009 7.70104
 7.14986 8.85742
 7.05338 7.96018
 7.01229 8.77987
 6.94602 7.19493
 6.92367 7.22479
 6.86423 8.07319
 6.81929 6.84674
 6.75004 6.96281
 6.70152 6.75926
 6.66088 6.893
 6.61099 6.86046
 6.43748 6.58646
 6.20273 6.80622
 6.20194 6.6397
 6.10155 6.66894
 6.07946 6.87419
 6.05027 8.5498
 6.01555 8.67884
 5.77174 5.97277
 5.70841 6.32692
 5.70218 6.65008
 5.67693 6.2025
 5.36836 7.65195
 5.2906 8.78699
 4.99735 5.00845
 4.95899 4.96869
 4.94621 4.96143
 4.92565 4.93426
 4.9076 4.92314
 4.90345 4.92375
 4.89845 4.90929
 4.87513 4.88773
 4.87203 4.87328
 4.87161 4.93938
 4.87147 4.89507
 4.86344 4.884
 4.86256 4.87853
 4.84689 4.87512
 4.83747 4.8591
 4.83515 4.85432
 4.83157 5.00975
 4.83152 4.84685
 4.82706 4.84898
 4.82418 4.8529
 4.82372 4.85692
 4.81689 5.0924
 4.81395 4.96802
 4.81114 4.8129
 4.80697 4.80957
 4.80395 4.80468
 4.79668 4.80444
 4.79488 4.81459
 4.79211 4.79224
 4.79125 4.79743
 4.79014 4.9839
 4.78507 4.96507
 4.78438 5.05005
 4.78152 5.01753
 4.76606 4.78891
 4.74454 4.76302
 4.74362 5.05578
 4.73371 4.75437
 4.71226 4.74444
 4.70804 4.85137
 4.70584 4.8999
 4.69359 5.44729
 4.66079 4.66118
 4.65848 4.68242
 4.6103 4.61668
 4.60999 4.65594
 4.60211 4.64213
 4.60167 4.61065
 4.57854 8.12569
 4.56707 4.57001
 4.5505 8.08141
 4.54976 5.03685
 4.54296 4.55679
 4.53881 7.49151
 4.49954 4.50043
 4.49299 4.55149
 4.4921 5.03833
 4.46498 7.4136
 4.45236 9.34913
 4.44824 4.52848
 4.43428 4.80268
 4.4207 4.42777
 4.39042 8.90075
 4.28652 5.01117
 4.25715 7.98848
 3.81778 8.76196
 3.67171 3.67977
 3.63335 3.6611
 3.61757 4.40986
