 0 0.494497
 0 0.494497
 0 0.494614
 0 0.494614
 0 0.495507
 0 0.495625
 0 0.507268
 0 0.507509
 0 0.507509
 0 0.507509
 0 0.507509
 0 0.507509
 0 0.623394
 0 0.623906
 0 0.623906
 0 0.62434
 0 0.62434
 0 0.62434
 0 0.624772
 0 0.624811
 0 0.624811
 0 0.624898
 0 0.62507
 0 0.625072
 0 0.625099
 0 0.625099
 0 0.625109
 0 0.625532
 0 0.625809
 0 0.625918
 0 0.625918
 0 0.625918
 0 0.626078
 0 0.626079
 0 0.626079
 0 0.626094
 0 0.626094
 0 0.626094
 0 0.626567
 0 0.626569
 0 0.626611
 0 0.626615
 0 0.626617
 0 0.626628
 0 0.626631
 0 0.626792
 0 0.626822
 0 0.626822
 0 0.626835
 0 0.626862
 0 0.626921
 0 0.627156
 0 0.627204
 0 0.627204
 0 0.627263
 0 0.627265
 0 0.627269
 0 0.627269
 0 0.627358
 0 0.627358
 0 0.627358
 0 0.627376
 0 0.62741
 0 0.62741
 0 0.62741
 0 0.627411
 0 0.627411
 0 0.627411
 0 0.627435
 0 0.627487
 0 0.627488
 0 0.627493
 0 0.627551
 0 0.627575
 0 0.627575
 0 0.627659
 0 0.627703
 0 0.627759
 0 0.62779
 0 0.62779
 0 0.627811
 0 0.627889
 0 0.627975
 0 0.627988
 0 0.628037
 0 0.628123
 0 0.628123
 0 0.628223
 0 0.628223
 0 0.628249
 0 0.628249
 0 0.628313
 0 0.628318
 0 0.628318
 0 0.628405
 0 0.628592
 0 0.628658
 0 0.62888
 0 0.628909
 0 0.628909
 0 0.628932
 0 0.628969
 0 0.629012
 0 0.629013
 0 0.629026
 0 0.629026
 0 0.629026
 0 0.629123
 0 0.629127
 0 0.629166
 0 0.629299
 0 0.6293
 0 0.6293
 0 0.6293
 0 0.629301
 0 0.629313
 0 0.629338
 0 0.629338
 0 0.629338
 0 0.629378
 0 0.629438
 0 0.629508
 0 0.629509
 0 0.629547
 0 0.629547
 0 0.629593
 0 0.629695
 0 0.629706
 0 0.629708
 0 0.629708
 0 0.629708
 0 0.62971
 0 0.629719
 0 0.629719
 0 0.629719
 0 0.629721
 0 0.629798
 0 0.629871
 0 0.629881
 0 0.629881
 0 0.629919
 0 0.629941
 0 0.629955
 0 0.629956
 0 0.629957
 0 0.630112
 0 0.630112
 0 0.630154
 0 0.630154
 0 0.630163
 0 0.630163
 0 0.630163
 0 0.630202
 0 0.630254
 0 0.630254
 0 0.63028
 0 0.63028
 0 0.630321
 0 0.630336
 0 0.63038
 0 0.630405
 0 0.630405
 0 0.630405
 0 0.630405
 0 0.630406
 0 0.63041
 0 0.630411
 0 0.630411
 0 0.630416
 0 0.630417
 0 0.630417
 0 0.630422
 0 0.630422
 0 0.63043
 0 0.630432
 0 0.630437
 0 0.630452
 0 0.630452
 0 0.630463
 0 0.630464
 0 0.630477
 0 0.630478
 0 0.630481
 0 0.630498
 0 0.630498
 0 0.630505
 0 0.630506
 0 0.630507
 0 0.630507
 0 0.630521
 0 0.630525
 0 0.630525
 0 0.630525
 0 0.630545
 0 0.630547
 0 0.630547
 0 0.630631
 0 0.630632
 0 0.630634
 0 0.630647
 0 0.630648
 0 0.630663
 0 0.63067
 0 0.630671
 0 0.630708
 0 0.630709
 0 0.630737
 0 0.630737
 0 0.630784
 0 0.630786
 0 0.630818
 0 0.630821
 0 0.630825
 0 0.630827
 0 0.630828
 0 0.630875
 0 0.630875
 0 0.630875
 0 0.630917
 0 0.630952
 0 0.630996
 0 0.630996
 0 0.63103
 0 0.631039
 0 0.631041
 0 0.631046
 0 0.631046
 0 0.631046
 0 0.631129
 0 0.631129
 0 0.631129
 0 0.631129
 0 0.631145
 0 0.631153
 0 0.631158
 0 0.631163
 0 0.631197
 0 0.631197
 0 0.631198
 0 0.631198
 0 0.631199
 0 0.631238
 0 0.631238
 0 0.631238
 0 0.631239
 0 0.631239
 0 0.631241
 0 0.631245
 0 0.631264
 0 0.631264
 0 0.631276
 0 0.631319
 0 0.631319
 0 0.63132
 0 0.63132
 0 0.631362
 0 0.631362
 0 0.631378
 0 0.631383
 0 0.631385
 0 0.631385
 0 0.631386
 0 0.631388
 0 0.631398
 0 0.63148
 0 0.6315
 0 0.6315
 0 0.6315
 0 0.6315
 0 0.631509
 0 0.631509
 0 0.631543
 0 0.631543
 0 0.631543
 0 0.631543
 0 0.631543
 0 0.631558
 0 0.631559
 0 0.63162
 0 0.63162
 0 0.631623
 0 0.631623
 0 0.631651
 0 0.631654
 0 0.631667
 0 0.631668
 0 0.631669
 0 0.631716
 0 0.631719
 0 0.631736
 0 0.631738
 0 0.63176
 0 0.63176
 0 0.631764
 0 0.631781
 0 0.631781
 0 0.631781
 0 0.631781
 0 0.631781
 0 0.631787
 0 0.631787
 0 0.631881
 0 0.631881
 0 0.63194
 0 0.631954
 0 0.632033
 0 0.632043
 0 0.632043
 0 0.632068
 0 0.632084
 0 0.632084
 0 0.63213
 0 0.632131
 0 0.632131
 0 0.632162
 0 0.632178
 0 0.632179
 0 0.632179
 0 0.632179
 0 0.632179
 0 0.63219
 0 0.632191
 0 0.632191
 0 0.632213
 0 0.632213
 0 0.632213
 0 0.632213
 0 0.632249
 0 0.632249
 0 0.63226
 0 0.632266
 0 0.632295
 0 0.632295
 0 0.632296
 0 0.632296
 0 0.632314
 0 0.632314
 0 0.632314
 0 0.632317
 0 0.63232
 0 0.632393
 0 0.632472
 0 0.632501
 0 0.632503
 0 0.632515
 0 0.632516
 0 0.632516
 0 0.632525
 0 0.632532
 0 0.63257
 0 0.63257
 0 0.63257
 0 0.63257
 0 0.632578
 0 0.632578
 0 0.632603
 0 0.632606
 0 0.632606
 0 0.632606
 0 0.632627
 0 0.63264
 0 0.632644
 0 0.632644
 0 0.63265
 0 0.63265
 0 0.63265
 0 0.632653
 0 0.632657
 0 0.632657
 0 0.632697
 0 0.632786
 0 0.632793
 0 0.632793
 0 0.632812
 0 0.632813
 0 0.632813
 0 0.632826
 0 0.632826
 0 0.632852
 0 0.632901
 0 0.632903
 0 0.632925
 0 0.632925
 0 0.632928
 0 0.632937
 0 0.632941
 0 0.632942
 0 0.632963
 0 0.632966
 0 0.632966
 0 0.632966
 0 0.63297
 0 0.632971
 0 0.632979
 0 0.632998
 0 0.633021
 0 0.633022
 0 0.633023
 0 0.633023
 0 0.633057
 0 0.633057
 0 0.633057
 0 0.633058
 0 0.633067
 0 0.633067
 0 0.633074
 0 0.633074
 0 0.633079
 0 0.633095
 0 0.633095
 0 0.633097
 0 0.633121
 0 0.633121
 0 0.633121
 0 0.63313
 0 0.63313
 0 0.63313
 0 0.633131
 0 0.633131
 0 0.633132
 0 0.633133
 0 0.633133
 0 0.633143
 0 0.633143
 0 0.633151
 0 0.633179
 0 0.63318
 0 0.633183
 0 0.633183
 0 0.633184
 0 0.633187
 0 0.633189
 0 0.633189
 0 0.633232
 0 0.633252
 0 0.633253
 0 0.633254
 0 0.633287
 0 0.633287
 0 0.633292
 0 0.633293
 0 0.633294
 0 0.633322
 0 0.633322
 0 0.633322
 0 0.633323
 0 0.63333
 0 0.633369
 0 0.633369
 0 0.633369
 0 0.63337
 0 0.63337
 0 0.63338
 0 0.63338
 0 0.633381
 0 0.633383
 0 0.633383
 0 0.633383
 0 0.633389
 0 0.63342
 0 0.633431
 0 0.63344
 0 0.63344
 0 0.633449
 0 0.633449
 0 0.633464
 0 0.633464
 0 0.63349
 0 0.633566
 0 0.633574
 0 0.633574
 0 0.633574
 0 0.633577
 0 0.633589
 0 0.633599
 0 0.633599
 0 0.633625
 0 0.633625
 0 0.633625
 0 0.633641
 0 0.633641
 0 0.633664
 0 0.633664
 0 0.633684
 0 0.633684
 0 0.633696
 0 0.633707
 0 0.633709
 0 0.633713
 0 0.633729
 0 0.633736
 0 0.633737
 0 0.633759
 0 0.63376
 0 0.633765
 0 0.633765
 0 0.633774
 0 0.633774
 0 0.633774
 0 0.633793
 0 0.633794
 0 0.633798
 0 0.63383
 0 0.633837
 0 0.633843
 0 0.633853
 0 0.633854
 0 0.633863
 0 0.633878
 0 0.633878
 0 0.633885
 0 0.633886
 0 0.633891
 0 0.633891
 0 0.633891
 0 0.633891
 0 0.633894
 0 0.633894
 0 0.633986
 0 0.634005
 0 0.634018
 0 0.634043
 0 0.634045
 0 0.634046
 0 0.634046
 0 0.634067
 0 0.634068
 0 0.63407
 0 0.634075
 0 0.634118
 0 0.634125
 0 0.63413
 0 0.634131
 0 0.634133
 0 0.634136
 0 0.634136
 0 0.634228
 0 0.634244
 0 0.634244
 0 0.634245
 0 0.634252
 0 0.634283
 0 0.634285
 0 0.634304
 0 0.634304
 0 0.63431
 0 0.63431
 0 0.634323
 0 0.634323
 0 0.634335
 0 0.634335
 0 0.634335
 0 0.63437
 0 0.634371
 0 0.634371
 0 0.634414
 0 0.634414
 0 0.634434
 0 0.634476
 0 0.634476
 0 0.634476
 0 0.634478
 0 0.63448
 0 0.634483
 0 0.634515
 0 0.634515
 0 0.634515
 0 0.634519
 0 0.634543
 0 0.63456
 0 0.634573
 0 0.634593
 0 0.634594
 0 0.634603
 0 0.634611
 0 0.634613
 0 0.634618
 0 0.634618
 0 0.63462
 0 0.634634
 0 0.634653
 0 0.634653
 0 0.634654
 0 0.634654
 0 0.634656
 0 0.634656
 0 0.634656
 0 0.63466
 0 0.63466
 0 0.63466
 0 0.634724
 0 0.634724
 0 0.634725
 0 0.634726
 0 0.634726
 0 0.634726
 0 0.634758
 0 0.634768
 0 0.634768
 0 0.634769
 0 0.634775
 0 0.634775
 0 0.634781
 0 0.634781
 0 0.634799
 0 0.634802
 0 0.634802
 0 0.634802
 0 0.634823
 0 0.634851
 0 0.634851
 0 0.634851
 0 0.634854
 0 0.634894
 0 0.634896
 0 0.634902
 0 0.634902
 0 0.634951
 0 0.634956
 0 0.634957
 0 0.634972
 0 0.635063
 0 0.635064
 0 0.635083
 0 0.635083
 0 0.635083
 0 0.635087
 0 0.635087
 0 0.635088
 0 0.635092
 0 0.635092
 0 0.635108
 0 0.635119
 0 0.635119
 0 0.635154
 0 0.635154
 0 0.635154
 0 0.635154
 0 0.635157
 0 0.635166
 0 0.635166
 0 0.635166
 0 0.635166
 0 0.635173
 0 0.635178
 0 0.635178
 0 0.635196
 0 0.635228
 0 0.635228
 0 0.635228
 0 0.635229
 0 0.635229
 0 0.635233
 0 0.635281
 0 0.635281
 0 0.635281
 0 0.635283
 0 0.635284
 0 0.6353
 0 0.6353
 0 0.635301
 0 0.635305
 0 0.635308
 0 0.635309
 0 0.63531
 0 0.63531
 0 0.635311
 0 0.635318
 0 0.635318
 0 0.635334
 0 0.635348
 0 0.635349
 0 0.635364
 0 0.635365
 0 0.635392
 0 0.635411
 0 0.63544
 0 0.63544
 0 0.63544
 0 0.635447
 0 0.635448
 0 0.635469
 0 0.635476
 0 0.635478
 0 0.63549
 0 0.635497
 0 0.635497
 0 0.635497
 0 0.635528
 0 0.635567
 0 0.635568
 0 0.635575
 0 0.635575
 0 0.635575
 0 0.635585
 0 0.635585
 0 0.635587
 0 0.635602
 0 0.635604
 0 0.635607
 0 0.63561
 0 0.63561
 0 0.635612
 0 0.635612
 0 0.635654
 0 0.635661
 0 0.635661
 0 0.635675
 0 0.635697
 0 0.635697
 0 0.635697
 0 0.6357
 0 0.635702
 0 0.635703
 0 0.635716
 0 0.635724
 0 0.635724
 0 0.635725
 0 0.635725
 0 0.635733
 0 0.635734
 0 0.635743
 0 0.635759
 0 0.635766
 0 0.635767
 0 0.635768
 0 0.635775
 0 0.635775
 0 0.635777
 0 0.635787
 0 0.635793
 0 0.635794
 0 0.635831
 0 0.635832
 0 0.635833
 0 0.635839
 0 0.635858
 0 0.635858
 0 0.635871
 0 0.635884
 0 0.635886
 0 0.635894
 0 0.635894
 0 0.635912
 0 0.635912
 0 0.635912
 0 0.635912
 0 0.635913
 0 0.635922
 0 0.635924
 0 0.635964
 0 0.635965
 0 0.635965
 0 0.635972
 0 0.63599
 0 0.63599
 0 0.635992
 0 0.635992
 0 0.635992
 0 0.636008
 0 0.636064
 0 0.636064
 0 0.636127
 0 0.636127
 0 0.636131
 0 0.636132
 0 0.636165
 0 0.636165
 0 0.636165
 0 0.636189
 0 0.636196
 0 0.636196
 0 0.636198
 0 0.6362
 0 0.636213
 0 0.636238
 0 0.63625
 0 0.636266
 0 0.636266
 0 0.636268
 0 0.636269
 0 0.636292
 0 0.636294
 0 0.636295
 0 0.636316
 0 0.636334
 0 0.636334
 0 0.636337
 0 0.636337
 0 0.636337
 0 0.636355
 0 0.636387
 0 0.636398
 0 0.636401
 0 0.636401
 0 0.636427
 0 0.636428
 0 0.636438
 0 0.636439
 0 0.636441
 0 0.636442
 0 0.63646
 0 0.63646
 0 0.63646
 0 0.63646
 0 0.636483
 0 0.636483
 0 0.636491
 0 0.636492
 0 0.636544
 0 0.636563
 0 0.636563
 0 0.636563
 0 0.636564
 0 0.636575
 0 0.636576
 0 0.636576
 0 0.636576
 0 0.636576
 0 0.636586
 0 0.636601
 0 0.636601
 0 0.636601
 0 0.636601
 0 0.636601
 0 0.636602
 0 0.636617
 0 0.636617
 0 0.636618
 0 0.636618
 0 0.636618
 0 0.63662
 0 0.636658
 0 0.636658
 0 0.636711
 0 0.636712
 0 0.636712
 0 0.63677
 0 0.636782
 0 0.636782
 0 0.636782
 0 0.636786
 0 0.636787
 0 0.63679
 0 0.636824
 0 0.636824
 0 0.636824
 0 0.636832
 0 0.63685
 0 0.636868
 0 0.636868
 0 0.636868
 0 0.636916
 0 0.636916
 0 0.636916
 0 0.636947
 0 0.636947
 0 0.636947
 0 0.63695
 0 0.636972
 0 0.636979
 0 0.63701
 0 0.637012
 0 0.637015
 0 0.637033
 0 0.637048
 0 0.637048
 0 0.637048
 0 0.637051
 0 0.637052
 0 0.637085
 0 0.637085
 0 0.637101
 0 0.637103
 0 0.637109
 0 0.637109
 0 0.637114
 0 0.637115
 0 0.637132
 0 0.637145
 0 0.637153
 0 0.637153
 0 0.637159
 0 0.637159
 0 0.637172
 0 0.637172
 0 0.637173
 0 0.637173
 0 0.637174
 0 0.637201
 0 0.637202
 0 0.637202
 0 0.637203
 0 0.637211
 0 0.637213
 0 0.637227
 0 0.637228
 0 0.637228
 0 0.637236
 0 0.637236
 0 0.637247
 0 0.637249
 0 0.637249
 0 0.637249
 0 0.637249
 0 0.637249
 0 0.637264
 0 0.63732
 0 0.637322
 0 0.637322
 0 0.637324
 0 0.637342
 0 0.637378
 0 0.637378
 0 0.637378
 0 0.63739
 0 0.63739
 0 0.637401
 0 0.637401
 0 0.637401
 0 0.637423
 0 0.637427
 0 0.637461
 0 0.637461
 0 0.637495
 0 0.6375
 0 0.63754
 0 0.637548
 0 0.637549
 0 0.637549
 0 0.637549
 0 0.63755
 0 0.637553
 0 0.637553
 0 0.637561
 0 0.637561
 0 0.637561
 0 0.637582
 0 0.63759
 0 0.637593
 0 0.637593
 0 0.637629
 0 0.637635
 0 0.63767
 0 0.637678
 0 0.637688
 0 0.637688
 0 0.637706
 0 0.637706
 0 0.637721
 0 0.637724
 0 0.63773
 0 0.637733
 0 0.637734
 0 0.637753
 0 0.637756
 0 0.637778
 0 0.637778
 0 0.637783
 0 0.637787
 0 0.637793
 0 0.637793
 0 0.6378
 0 0.637801
 0 0.637813
 0 0.637818
 0 0.637818
 0 0.637832
 0 0.637832
 0 0.637851
 0 0.637856
 0 0.637858
 0 0.637882
 0 0.637886
 0 0.637916
 0 0.637941
 0 0.63795
 0 0.637951
 0 0.637951
 0 0.637966
 0 0.637966
 0 0.637967
 0 0.638047
 0 0.638047
 0 0.638049
 0 0.638049
 0 0.638063
 0 0.638063
 0 0.638094
 0 0.638094
 0 0.638126
 0 0.638126
 0 0.638128
 0 0.638141
 0 0.638143
 0 0.638148
 0 0.638152
 0 0.63816
 0 0.63816
 0 0.63818
 0 0.63818
 0 0.63818
 0 0.638182
 0 0.638191
 0 0.638194
 0 0.638195
 0 0.638199
 0 0.638199
 0 0.638199
 0 0.6382
 0 0.638217
 0 0.638217
 0 0.638218
 0 0.638219
 0 0.63822
 0 0.63822
 0 0.638221
 0 0.63823
 0 0.63823
 0 0.63823
 0 0.638231
 0 0.638231
 0 0.638284
 0 0.63829
 0 0.638292
 0 0.63833
 0 0.638331
 0 0.638332
 0 0.638336
 0 0.638336
 0 0.638336
 0 0.638338
 0 0.638357
 0 0.638358
 0 0.638358
 0 0.63836
 0 0.638361
 0 0.638364
 0 0.638398
 0 0.6384
 0 0.638421
 0 0.638421
 0 0.638434
 0 0.63852
 0 0.638523
 0 0.638523
 0 0.638542
 0 0.638564
 0 0.638565
 0 0.638578
 0 0.638579
 0 0.638587
 0 0.638597
 0 0.638597
 0 0.638597
 0 0.638597
 0 0.638597
 0 0.6386
 0 0.638602
 0 0.638607
 0 0.638642
 0 0.638642
 0 0.638644
 0 0.638668
 0 0.638671
 0 0.638671
 0 0.638672
 0 0.638672
 0 0.638672
 0 0.638674
 0 0.638678
 0 0.63868
 0 0.63868
 0 0.638681
 0 0.638772
 0 0.638772
 0 0.638782
 0 0.638782
 0 0.638789
 0 0.638789
 0 0.638789
 0 0.638789
 0 0.638802
 0 0.638804
 0 0.638869
 0 0.638869
 0 0.63887
 0 0.63887
 0 0.638901
 0 0.638909
 0 0.63896
 0 0.639047
 0 0.639047
 0 0.639082
 0 0.639103
 0 0.639126
 0 0.63914
 0 0.63914
 0 0.639141
 0 0.639154
 0 0.639154
 0 0.639158
 0 0.639158
 0 0.639158
 0 0.63916
 0 0.63916
 0 0.639266
 0 0.639267
 0 0.639268
 0 0.639306
 0 0.639317
 0 0.639319
 0 0.639353
 0 0.639353
 0 0.639354
 0 0.639378
 0 0.63938
 0 0.639381
 0 0.639396
 0 0.639396
 0 0.639396
 0 0.639425
 0 0.639427
 0 0.639427
 0 0.639432
 0 0.639466
 0 0.639466
 0 0.639488
 0 0.639488
 0 0.639488
 0 0.639488
 0 0.639491
 0 0.639491
 0 0.639526
 0 0.639536
 0 0.639542
 0 0.639558
 0 0.639558
 0 0.639572
 0 0.639572
 0 0.639572
 0 0.639572
 0 0.639575
 0 0.639586
 0 0.639594
 0 0.639611
 0 0.639614
 0 0.639614
 0 0.639722
 0 0.639723
 0 0.639724
 0 0.639817
 0 0.639831
 0 0.639851
 0 0.639867
 0 0.639867
 0 0.639869
 0 0.639891
 0 0.639907
 0 0.639998
 0 0.639998
 0 0.639998
 0 0.639999
 0 0.64004
 0 0.640042
 0 0.640042
 0 0.640103
 0 0.640128
 0 0.640133
 0 0.640134
 0 0.640166
 0 0.640167
 0 0.640167
 0 0.64017
 0 0.64018
 0 0.64018
 0 0.64018
 0 0.640183
 0 0.640183
 0 0.640183
 0 0.640183
 0 0.64019
 0 0.64019
 0 0.640276
 0 0.640277
 0 0.64029
 0 0.640291
 0 0.64032
 0 0.64032
 0 0.640321
 0 0.640325
 0 0.640327
 0 0.64037
 0 0.640479
 0 0.640479
 0 0.640498
 0 0.640498
 0 0.640501
 0 0.640519
 0 0.64059
 0 0.64059
 0 0.64061
 0 0.64061
 0 0.64061
 0 0.64061
 0 0.640638
 0 0.640639
 0 0.64075
 0 0.640752
 0 0.64078
 0 0.640795
 0 0.640795
 0 0.640796
 0 0.640802
 0 0.640809
 0 0.640826
 0 0.640872
 0 0.640888
 0 0.640905
 0 0.640905
 0 0.640938
 0 0.640969
 0 0.64097
 0 0.641047
 0 0.641048
 0 0.641048
 0 0.641048
 0 0.641048
 0 0.641103
 0 0.641103
 0 0.641103
 0 0.641103
 0 0.641104
 0 0.641243
 0 0.641244
 0 0.641244
 0 0.641245
 0 0.641362
 0 0.641362
 0 0.641369
 0 0.641369
 0 0.641369
 0 0.64139
 0 0.64139
 0 0.641403
 0 0.641406
 0 0.641418
 0 0.641428
 0 0.641428
 0 0.641537
 0 0.641574
 0 0.641577
 0 0.641577
 0 0.641578
 0 0.641578
 0 0.641695
 0 0.641695
 0 0.641724
 0 0.641725
 0 0.641727
 0 0.641727
 0 0.641736
 0 0.641799
 0 0.641812
 0 0.641857
 0 0.641857
 0 0.641903
 0 0.641904
 0 0.64196
 0 0.641961
 0 0.64205
 0 0.642059
 0 0.642126
 0 0.642165
 0 0.642166
 0 0.642166
 0 0.642223
 0 0.642223
 0 0.642224
 0 0.642247
 0 0.642247
 0 0.642247
 0 0.642292
 0 0.642603
 0 0.642646
 0 0.642646
 0 0.642649
 0 0.642688
 0 0.64269
 0 0.642746
 0 0.642939
 0 0.643643
 0 0.643643
 0 0.643645
 0 0.643645
 0 0.643708
 0 0.643907
 0 0.643907
 0 0.643907
 0 0.644059
 0 0.644122
 0 0.644131
 0 0.644131
 0 0.644131
 0 0.644161
 0 0.644337
 0 0.644594
 0 0.644594
 0 0.64477
 0 0.64479
 0 0.644795
 0 0.644881
 0 0.644882
 0 0.644882
 0 0.644883
 0 0.644971
 0 0.645046
 0 0.645047
 0 0.645121
 0 0.645303
 0 0.645304
 0 0.645376
 0 0.645376
 0 0.645376
 0 0.645494
 0 0.645495
 0 0.645495
 0 0.645497
 0 0.645796
 0 0.645797
 0 0.646024
 0 0.646027
 0 0.871029
 0 0.871029
 0 0.87111
 0 0.87111
 0 0.87111
 0 0.871545
 0 inf
