 0 0.489892
 0 0.489892
 0 0.489892
 0 0.489892
 0 0.49124
 0 0.49124
 0 0.492481
 0 0.492482
 0 0.492703
 0 0.492703
 0 0.492703
 0 0.492703
 0 0.625109
 0 0.625109
 0 0.625206
 0 0.625751
 0 0.625751
 0 0.626004
 0 0.626004
 0 0.626005
 0 0.626052
 0 0.626052
 0 0.626052
 0 0.626382
 0 0.626824
 0 0.626824
 0 0.626824
 0 0.626825
 0 0.626988
 0 0.626988
 0 0.627007
 0 0.627008
 0 0.627008
 0 0.627013
 0 0.627014
 0 0.627135
 0 0.627136
 0 0.627599
 0 0.6276
 0 0.62761
 0 0.627688
 0 0.627689
 0 0.627699
 0 0.627887
 0 0.627947
 0 0.627948
 0 0.627951
 0 0.627994
 0 0.627994
 0 0.628034
 0 0.628034
 0 0.628034
 0 0.628034
 0 0.628119
 0 0.628199
 0 0.628199
 0 0.628199
 0 0.628199
 0 0.6282
 0 0.628259
 0 0.628263
 0 0.628263
 0 0.628263
 0 0.628263
 0 0.628309
 0 0.628379
 0 0.62849
 0 0.628492
 0 0.628492
 0 0.628625
 0 0.628625
 0 0.628669
 0 0.628669
 0 0.628669
 0 0.628698
 0 0.628718
 0 0.628782
 0 0.628783
 0 0.628812
 0 0.628848
 0 0.628848
 0 0.628927
 0 0.628928
 0 0.628969
 0 0.628978
 0 0.628984
 0 0.628994
 0 0.628994
 0 0.629033
 0 0.629034
 0 0.629035
 0 0.629035
 0 0.629035
 0 0.629035
 0 0.629035
 0 0.629088
 0 0.629088
 0 0.629111
 0 0.629112
 0 0.629214
 0 0.629311
 0 0.629311
 0 0.629311
 0 0.629311
 0 0.629312
 0 0.62934
 0 0.62934
 0 0.62934
 0 0.629363
 0 0.629363
 0 0.629363
 0 0.629389
 0 0.629389
 0 0.629389
 0 0.629407
 0 0.629408
 0 0.629408
 0 0.629419
 0 0.629421
 0 0.629423
 0 0.629423
 0 0.629493
 0 0.629493
 0 0.629538
 0 0.629541
 0 0.629541
 0 0.629581
 0 0.62961
 0 0.62961
 0 0.629641
 0 0.629642
 0 0.629658
 0 0.629706
 0 0.629825
 0 0.629852
 0 0.62986
 0 0.629862
 0 0.62988
 0 0.629955
 0 0.629985
 0 0.629985
 0 0.629985
 0 0.630007
 0 0.630007
 0 0.630046
 0 0.63005
 0 0.63005
 0 0.630051
 0 0.630076
 0 0.630102
 0 0.630118
 0 0.630119
 0 0.630134
 0 0.630175
 0 0.630175
 0 0.630184
 0 0.630185
 0 0.630185
 0 0.630186
 0 0.630188
 0 0.630188
 0 0.630188
 0 0.630192
 0 0.6302
 0 0.630201
 0 0.63021
 0 0.630213
 0 0.630213
 0 0.630213
 0 0.630246
 0 0.63025
 0 0.63025
 0 0.630255
 0 0.630257
 0 0.630257
 0 0.630258
 0 0.630278
 0 0.630278
 0 0.630301
 0 0.630303
 0 0.63031
 0 0.630354
 0 0.630354
 0 0.630357
 0 0.630477
 0 0.630478
 0 0.630488
 0 0.630495
 0 0.630527
 0 0.630527
 0 0.630528
 0 0.630534
 0 0.630534
 0 0.630538
 0 0.630539
 0 0.630539
 0 0.630539
 0 0.630548
 0 0.630549
 0 0.630564
 0 0.630564
 0 0.630572
 0 0.630573
 0 0.630579
 0 0.6306
 0 0.630626
 0 0.630627
 0 0.630643
 0 0.630666
 0 0.630666
 0 0.630667
 0 0.630674
 0 0.630685
 0 0.630686
 0 0.630696
 0 0.630701
 0 0.630701
 0 0.630734
 0 0.630734
 0 0.63078
 0 0.630794
 0 0.630797
 0 0.630798
 0 0.630803
 0 0.630804
 0 0.630836
 0 0.630845
 0 0.630846
 0 0.630852
 0 0.630852
 0 0.630867
 0 0.630867
 0 0.630869
 0 0.630876
 0 0.630898
 0 0.630898
 0 0.630899
 0 0.630899
 0 0.630899
 0 0.630908
 0 0.630908
 0 0.630909
 0 0.630915
 0 0.630915
 0 0.630915
 0 0.630921
 0 0.630924
 0 0.630941
 0 0.630955
 0 0.630957
 0 0.630958
 0 0.630964
 0 0.63097
 0 0.630971
 0 0.630972
 0 0.631015
 0 0.631015
 0 0.631048
 0 0.631049
 0 0.631067
 0 0.631067
 0 0.631067
 0 0.631068
 0 0.631068
 0 0.63107
 0 0.631073
 0 0.631101
 0 0.631104
 0 0.631109
 0 0.631139
 0 0.63114
 0 0.631141
 0 0.631142
 0 0.631142
 0 0.631144
 0 0.631144
 0 0.631144
 0 0.631146
 0 0.631206
 0 0.631206
 0 0.631218
 0 0.631226
 0 0.631227
 0 0.63123
 0 0.631254
 0 0.631254
 0 0.631281
 0 0.631281
 0 0.631281
 0 0.631281
 0 0.631282
 0 0.631316
 0 0.631318
 0 0.631323
 0 0.631324
 0 0.631333
 0 0.631338
 0 0.63136
 0 0.63136
 0 0.631362
 0 0.631363
 0 0.63138
 0 0.631383
 0 0.631384
 0 0.631397
 0 0.631419
 0 0.63143
 0 0.63143
 0 0.63143
 0 0.631431
 0 0.631432
 0 0.631432
 0 0.631432
 0 0.631445
 0 0.631454
 0 0.631459
 0 0.631459
 0 0.631466
 0 0.631466
 0 0.631476
 0 0.631476
 0 0.631476
 0 0.631478
 0 0.631482
 0 0.631504
 0 0.631523
 0 0.631523
 0 0.631526
 0 0.631543
 0 0.631555
 0 0.631555
 0 0.631572
 0 0.631572
 0 0.631577
 0 0.631597
 0 0.631602
 0 0.631603
 0 0.631603
 0 0.631621
 0 0.631621
 0 0.631623
 0 0.631628
 0 0.63163
 0 0.63163
 0 0.63164
 0 0.63164
 0 0.631641
 0 0.63166
 0 0.631661
 0 0.631662
 0 0.631662
 0 0.631679
 0 0.631679
 0 0.631697
 0 0.631703
 0 0.631714
 0 0.631717
 0 0.631735
 0 0.631735
 0 0.631735
 0 0.631735
 0 0.631737
 0 0.631737
 0 0.631757
 0 0.631777
 0 0.631777
 0 0.63178
 0 0.631785
 0 0.631791
 0 0.631792
 0 0.631796
 0 0.631796
 0 0.631818
 0 0.631818
 0 0.631818
 0 0.631827
 0 0.631827
 0 0.631857
 0 0.631857
 0 0.631866
 0 0.631867
 0 0.631868
 0 0.631868
 0 0.631884
 0 0.631885
 0 0.631885
 0 0.631885
 0 0.631887
 0 0.631887
 0 0.631903
 0 0.631903
 0 0.631908
 0 0.631912
 0 0.631913
 0 0.631914
 0 0.631925
 0 0.631925
 0 0.631925
 0 0.631925
 0 0.631926
 0 0.631932
 0 0.631932
 0 0.631932
 0 0.631961
 0 0.631961
 0 0.631961
 0 0.631966
 0 0.631966
 0 0.631966
 0 0.631968
 0 0.631969
 0 0.631975
 0 0.63199
 0 0.63199
 0 0.63199
 0 0.631993
 0 0.632001
 0 0.632002
 0 0.632021
 0 0.632026
 0 0.632028
 0 0.632029
 0 0.632029
 0 0.632034
 0 0.632034
 0 0.632041
 0 0.632042
 0 0.632042
 0 0.632061
 0 0.632063
 0 0.632064
 0 0.632074
 0 0.632074
 0 0.632084
 0 0.63211
 0 0.63211
 0 0.632111
 0 0.632111
 0 0.632112
 0 0.632112
 0 0.632119
 0 0.63212
 0 0.632141
 0 0.632141
 0 0.632142
 0 0.632147
 0 0.632148
 0 0.632153
 0 0.632154
 0 0.632154
 0 0.632154
 0 0.632172
 0 0.632174
 0 0.632192
 0 0.632193
 0 0.632194
 0 0.632196
 0 0.632197
 0 0.632207
 0 0.632207
 0 0.632207
 0 0.632208
 0 0.632217
 0 0.632217
 0 0.632221
 0 0.632221
 0 0.632221
 0 0.632243
 0 0.632251
 0 0.632255
 0 0.632256
 0 0.632263
 0 0.632263
 0 0.632263
 0 0.632265
 0 0.632265
 0 0.632306
 0 0.632307
 0 0.632307
 0 0.632311
 0 0.632312
 0 0.632312
 0 0.632317
 0 0.632339
 0 0.632343
 0 0.632344
 0 0.632354
 0 0.632369
 0 0.632369
 0 0.632372
 0 0.632372
 0 0.632372
 0 0.632372
 0 0.63239
 0 0.632409
 0 0.632409
 0 0.63241
 0 0.632425
 0 0.632434
 0 0.632434
 0 0.632434
 0 0.632434
 0 0.632437
 0 0.632439
 0 0.632439
 0 0.632446
 0 0.632449
 0 0.63245
 0 0.632451
 0 0.632451
 0 0.632456
 0 0.632457
 0 0.632472
 0 0.632472
 0 0.632473
 0 0.632478
 0 0.632479
 0 0.632479
 0 0.632481
 0 0.632481
 0 0.632481
 0 0.632481
 0 0.632488
 0 0.632488
 0 0.632489
 0 0.632494
 0 0.632495
 0 0.6325
 0 0.632504
 0 0.632511
 0 0.632511
 0 0.632511
 0 0.632514
 0 0.632515
 0 0.632515
 0 0.632516
 0 0.63252
 0 0.63252
 0 0.632527
 0 0.632549
 0 0.632559
 0 0.63257
 0 0.632572
 0 0.632572
 0 0.632573
 0 0.632574
 0 0.632574
 0 0.632577
 0 0.632586
 0 0.632587
 0 0.632587
 0 0.63259
 0 0.63261
 0 0.632612
 0 0.632612
 0 0.63262
 0 0.632621
 0 0.632621
 0 0.63263
 0 0.63263
 0 0.632633
 0 0.632634
 0 0.632634
 0 0.63264
 0 0.63265
 0 0.63265
 0 0.63265
 0 0.632651
 0 0.632658
 0 0.632658
 0 0.632658
 0 0.632674
 0 0.632674
 0 0.632674
 0 0.632676
 0 0.632676
 0 0.632676
 0 0.632677
 0 0.632683
 0 0.632687
 0 0.632717
 0 0.632717
 0 0.63272
 0 0.632732
 0 0.632735
 0 0.632737
 0 0.632739
 0 0.632742
 0 0.632744
 0 0.632748
 0 0.632779
 0 0.632795
 0 0.632795
 0 0.632814
 0 0.632814
 0 0.632814
 0 0.632815
 0 0.63282
 0 0.632824
 0 0.632833
 0 0.632833
 0 0.632835
 0 0.632842
 0 0.632843
 0 0.632843
 0 0.632861
 0 0.632862
 0 0.632866
 0 0.632866
 0 0.632881
 0 0.632886
 0 0.632887
 0 0.632888
 0 0.632891
 0 0.632892
 0 0.632893
 0 0.632894
 0 0.632908
 0 0.632921
 0 0.632921
 0 0.632943
 0 0.632944
 0 0.63295
 0 0.632974
 0 0.632974
 0 0.632974
 0 0.632975
 0 0.632975
 0 0.633012
 0 0.633013
 0 0.633014
 0 0.633014
 0 0.633015
 0 0.633016
 0 0.633016
 0 0.633016
 0 0.633016
 0 0.633017
 0 0.633018
 0 0.633021
 0 0.633021
 0 0.633036
 0 0.633051
 0 0.633051
 0 0.633051
 0 0.633053
 0 0.633054
 0 0.633057
 0 0.633057
 0 0.633057
 0 0.633059
 0 0.633059
 0 0.633123
 0 0.633141
 0 0.633142
 0 0.633142
 0 0.633151
 0 0.633152
 0 0.633152
 0 0.633154
 0 0.633156
 0 0.633156
 0 0.633156
 0 0.63317
 0 0.633195
 0 0.633197
 0 0.633197
 0 0.633197
 0 0.633197
 0 0.633222
 0 0.633241
 0 0.633257
 0 0.63326
 0 0.63326
 0 0.63326
 0 0.63326
 0 0.633261
 0 0.633261
 0 0.633261
 0 0.633263
 0 0.633281
 0 0.633281
 0 0.633284
 0 0.633291
 0 0.633292
 0 0.633292
 0 0.633292
 0 0.633303
 0 0.633304
 0 0.633316
 0 0.633316
 0 0.633319
 0 0.633323
 0 0.633323
 0 0.633326
 0 0.633327
 0 0.633329
 0 0.633329
 0 0.633329
 0 0.633343
 0 0.633349
 0 0.633349
 0 0.633351
 0 0.633369
 0 0.63337
 0 0.633372
 0 0.633384
 0 0.633385
 0 0.633385
 0 0.633393
 0 0.633394
 0 0.633395
 0 0.633395
 0 0.633401
 0 0.633413
 0 0.633413
 0 0.633415
 0 0.633457
 0 0.633464
 0 0.633464
 0 0.633468
 0 0.633476
 0 0.633484
 0 0.633485
 0 0.633494
 0 0.633497
 0 0.633497
 0 0.633499
 0 0.633499
 0 0.633499
 0 0.6335
 0 0.6335
 0 0.633503
 0 0.633506
 0 0.633514
 0 0.633526
 0 0.633526
 0 0.633526
 0 0.633526
 0 0.633528
 0 0.633529
 0 0.63353
 0 0.633532
 0 0.633539
 0 0.633539
 0 0.63356
 0 0.63356
 0 0.63356
 0 0.633584
 0 0.633584
 0 0.633603
 0 0.633603
 0 0.633609
 0 0.633613
 0 0.633653
 0 0.633676
 0 0.633677
 0 0.633695
 0 0.633696
 0 0.633698
 0 0.633698
 0 0.633698
 0 0.633698
 0 0.633699
 0 0.6337
 0 0.633736
 0 0.63376
 0 0.633778
 0 0.633779
 0 0.633779
 0 0.633781
 0 0.633783
 0 0.633783
 0 0.633784
 0 0.633785
 0 0.633785
 0 0.633786
 0 0.633799
 0 0.633801
 0 0.633802
 0 0.633802
 0 0.633802
 0 0.633811
 0 0.633813
 0 0.633815
 0 0.63382
 0 0.633821
 0 0.633833
 0 0.633834
 0 0.633835
 0 0.633843
 0 0.633843
 0 0.633844
 0 0.633844
 0 0.633847
 0 0.633868
 0 0.633869
 0 0.63387
 0 0.633881
 0 0.633881
 0 0.633882
 0 0.633882
 0 0.633898
 0 0.633898
 0 0.6339
 0 0.633903
 0 0.633907
 0 0.633911
 0 0.633912
 0 0.633913
 0 0.633915
 0 0.633915
 0 0.633916
 0 0.633923
 0 0.633923
 0 0.633935
 0 0.633943
 0 0.633943
 0 0.63401
 0 0.634027
 0 0.634028
 0 0.634031
 0 0.634046
 0 0.634046
 0 0.634048
 0 0.634048
 0 0.634048
 0 0.634051
 0 0.634052
 0 0.634058
 0 0.634067
 0 0.634067
 0 0.634068
 0 0.634086
 0 0.634086
 0 0.634131
 0 0.634132
 0 0.634133
 0 0.634133
 0 0.634142
 0 0.634142
 0 0.634143
 0 0.634144
 0 0.634144
 0 0.634144
 0 0.634144
 0 0.634144
 0 0.634152
 0 0.634158
 0 0.634164
 0 0.634164
 0 0.634174
 0 0.634174
 0 0.634175
 0 0.634175
 0 0.634185
 0 0.634189
 0 0.634189
 0 0.634189
 0 0.634199
 0 0.6342
 0 0.6342
 0 0.634223
 0 0.634223
 0 0.634226
 0 0.634226
 0 0.634227
 0 0.634228
 0 0.634238
 0 0.634244
 0 0.634244
 0 0.634245
 0 0.634256
 0 0.634279
 0 0.634281
 0 0.634297
 0 0.634299
 0 0.634301
 0 0.634304
 0 0.634304
 0 0.634304
 0 0.634304
 0 0.634308
 0 0.634308
 0 0.634308
 0 0.634308
 0 0.634309
 0 0.634311
 0 0.634319
 0 0.634319
 0 0.63432
 0 0.63432
 0 0.63432
 0 0.634325
 0 0.634326
 0 0.634326
 0 0.634338
 0 0.634338
 0 0.634339
 0 0.634341
 0 0.634342
 0 0.634344
 0 0.63435
 0 0.63435
 0 0.634365
 0 0.63437
 0 0.63437
 0 0.634371
 0 0.634378
 0 0.634388
 0 0.634389
 0 0.634394
 0 0.634405
 0 0.634423
 0 0.634424
 0 0.634426
 0 0.634427
 0 0.634457
 0 0.634457
 0 0.634458
 0 0.634458
 0 0.634467
 0 0.634467
 0 0.634467
 0 0.634477
 0 0.634488
 0 0.634488
 0 0.634491
 0 0.634491
 0 0.634497
 0 0.634497
 0 0.634497
 0 0.634498
 0 0.634513
 0 0.634513
 0 0.634528
 0 0.63453
 0 0.63453
 0 0.634539
 0 0.634539
 0 0.634543
 0 0.634543
 0 0.634544
 0 0.634546
 0 0.634575
 0 0.634575
 0 0.634576
 0 0.634576
 0 0.634579
 0 0.634581
 0 0.634587
 0 0.634588
 0 0.634592
 0 0.634593
 0 0.634593
 0 0.634594
 0 0.634594
 0 0.634594
 0 0.634604
 0 0.634604
 0 0.634609
 0 0.634609
 0 0.634609
 0 0.63461
 0 0.634616
 0 0.634617
 0 0.634617
 0 0.634617
 0 0.634619
 0 0.634623
 0 0.634624
 0 0.634625
 0 0.634626
 0 0.634626
 0 0.634626
 0 0.634626
 0 0.634627
 0 0.634661
 0 0.634667
 0 0.634667
 0 0.634674
 0 0.634676
 0 0.634679
 0 0.63468
 0 0.634686
 0 0.634704
 0 0.634721
 0 0.634722
 0 0.634725
 0 0.634725
 0 0.634725
 0 0.634729
 0 0.634736
 0 0.634737
 0 0.634758
 0 0.634758
 0 0.634765
 0 0.634767
 0 0.634768
 0 0.634772
 0 0.634772
 0 0.634772
 0 0.634772
 0 0.634775
 0 0.634775
 0 0.634776
 0 0.634782
 0 0.634783
 0 0.634786
 0 0.634793
 0 0.634793
 0 0.634793
 0 0.6348
 0 0.6348
 0 0.634806
 0 0.634806
 0 0.634811
 0 0.634811
 0 0.634811
 0 0.634822
 0 0.634822
 0 0.634824
 0 0.634824
 0 0.634824
 0 0.634826
 0 0.634826
 0 0.634826
 0 0.63483
 0 0.63483
 0 0.634852
 0 0.634859
 0 0.63486
 0 0.634862
 0 0.634868
 0 0.634872
 0 0.634874
 0 0.634875
 0 0.634875
 0 0.63488
 0 0.63488
 0 0.634897
 0 0.634914
 0 0.634926
 0 0.634946
 0 0.634946
 0 0.634946
 0 0.634947
 0 0.634952
 0 0.634953
 0 0.634953
 0 0.634957
 0 0.63496
 0 0.63496
 0 0.63496
 0 0.634979
 0 0.634979
 0 0.634981
 0 0.634982
 0 0.635007
 0 0.63501
 0 0.635014
 0 0.635014
 0 0.635024
 0 0.635049
 0 0.635049
 0 0.63505
 0 0.635051
 0 0.635051
 0 0.635051
 0 0.635056
 0 0.63507
 0 0.63507
 0 0.63507
 0 0.635078
 0 0.635078
 0 0.635078
 0 0.63508
 0 0.635088
 0 0.635088
 0 0.635089
 0 0.635094
 0 0.635095
 0 0.635107
 0 0.635111
 0 0.635111
 0 0.635113
 0 0.635113
 0 0.635115
 0 0.635126
 0 0.635126
 0 0.635132
 0 0.635132
 0 0.635132
 0 0.635139
 0 0.635139
 0 0.635139
 0 0.635143
 0 0.635143
 0 0.635143
 0 0.635145
 0 0.635145
 0 0.635157
 0 0.635158
 0 0.63517
 0 0.635171
 0 0.635177
 0 0.635189
 0 0.635197
 0 0.635198
 0 0.635201
 0 0.635201
 0 0.635201
 0 0.635206
 0 0.635217
 0 0.635239
 0 0.635239
 0 0.63524
 0 0.635243
 0 0.635273
 0 0.635273
 0 0.635295
 0 0.635296
 0 0.635297
 0 0.635312
 0 0.635323
 0 0.635323
 0 0.635328
 0 0.635332
 0 0.635332
 0 0.635332
 0 0.63534
 0 0.635342
 0 0.635342
 0 0.635345
 0 0.635356
 0 0.635364
 0 0.635381
 0 0.635386
 0 0.635386
 0 0.63539
 0 0.635398
 0 0.635403
 0 0.635403
 0 0.635407
 0 0.635426
 0 0.635427
 0 0.635428
 0 0.635428
 0 0.635464
 0 0.635464
 0 0.635464
 0 0.635469
 0 0.635469
 0 0.635473
 0 0.635473
 0 0.635473
 0 0.635486
 0 0.635488
 0 0.635489
 0 0.635489
 0 0.635493
 0 0.635495
 0 0.635495
 0 0.635496
 0 0.635497
 0 0.635497
 0 0.635499
 0 0.635499
 0 0.635499
 0 0.635536
 0 0.635537
 0 0.635542
 0 0.63555
 0 0.635551
 0 0.635563
 0 0.635566
 0 0.635567
 0 0.635567
 0 0.635573
 0 0.635573
 0 0.635576
 0 0.635583
 0 0.63562
 0 0.63562
 0 0.63562
 0 0.63562
 0 0.635634
 0 0.635637
 0 0.635637
 0 0.635637
 0 0.635638
 0 0.635638
 0 0.635638
 0 0.635639
 0 0.635639
 0 0.635655
 0 0.635655
 0 0.635658
 0 0.635658
 0 0.635673
 0 0.635702
 0 0.635702
 0 0.635704
 0 0.635704
 0 0.635704
 0 0.635711
 0 0.635711
 0 0.635711
 0 0.635711
 0 0.635711
 0 0.635718
 0 0.635728
 0 0.635728
 0 0.635744
 0 0.635744
 0 0.635744
 0 0.635747
 0 0.635762
 0 0.635763
 0 0.635771
 0 0.635771
 0 0.635789
 0 0.63579
 0 0.63579
 0 0.635807
 0 0.635807
 0 0.635809
 0 0.635809
 0 0.635809
 0 0.635809
 0 0.635811
 0 0.635825
 0 0.635826
 0 0.635827
 0 0.635827
 0 0.635827
 0 0.635827
 0 0.635831
 0 0.635831
 0 0.635833
 0 0.635834
 0 0.635836
 0 0.635843
 0 0.635843
 0 0.635843
 0 0.635844
 0 0.635847
 0 0.635847
 0 0.635871
 0 0.635872
 0 0.635882
 0 0.635898
 0 0.635898
 0 0.635901
 0 0.635902
 0 0.635933
 0 0.635935
 0 0.635935
 0 0.635935
 0 0.635936
 0 0.635957
 0 0.635957
 0 0.635957
 0 0.635959
 0 0.635972
 0 0.635972
 0 0.635972
 0 0.635973
 0 0.635973
 0 0.635973
 0 0.635974
 0 0.635984
 0 0.636
 0 0.636
 0 0.636022
 0 0.636028
 0 0.636028
 0 0.63603
 0 0.63603
 0 0.636064
 0 0.636068
 0 0.636068
 0 0.636069
 0 0.636069
 0 0.63607
 0 0.636071
 0 0.636072
 0 0.636073
 0 0.636073
 0 0.636082
 0 0.636084
 0 0.636114
 0 0.636115
 0 0.636124
 0 0.636148
 0 0.63616
 0 0.63616
 0 0.636162
 0 0.636162
 0 0.636169
 0 0.636174
 0 0.636182
 0 0.636183
 0 0.636183
 0 0.636209
 0 0.636209
 0 0.636209
 0 0.636231
 0 0.636237
 0 0.636249
 0 0.636256
 0 0.636256
 0 0.636262
 0 0.636262
 0 0.636262
 0 0.636263
 0 0.636263
 0 0.636264
 0 0.636265
 0 0.636265
 0 0.63627
 0 0.63628
 0 0.63628
 0 0.636287
 0 0.636287
 0 0.63629
 0 0.63629
 0 0.636303
 0 0.636303
 0 0.636312
 0 0.636314
 0 0.636318
 0 0.63632
 0 0.636324
 0 0.636324
 0 0.636334
 0 0.636334
 0 0.636334
 0 0.636341
 0 0.636341
 0 0.636346
 0 0.636383
 0 0.636391
 0 0.636397
 0 0.636397
 0 0.636404
 0 0.63641
 0 0.63641
 0 0.63641
 0 0.63641
 0 0.63641
 0 0.636431
 0 0.636431
 0 0.636431
 0 0.636454
 0 0.636459
 0 0.636459
 0 0.636459
 0 0.636461
 0 0.636461
 0 0.636467
 0 0.636468
 0 0.636468
 0 0.636468
 0 0.636472
 0 0.636484
 0 0.636484
 0 0.636517
 0 0.636549
 0 0.636549
 0 0.63655
 0 0.63655
 0 0.63655
 0 0.636569
 0 0.636569
 0 0.636569
 0 0.636569
 0 0.636579
 0 0.636579
 0 0.636579
 0 0.636581
 0 0.636588
 0 0.636589
 0 0.636629
 0 0.636629
 0 0.636629
 0 0.636634
 0 0.636635
 0 0.636638
 0 0.636639
 0 0.636639
 0 0.63664
 0 0.63664
 0 0.63665
 0 0.63665
 0 0.636669
 0 0.636669
 0 0.636669
 0 0.636669
 0 0.63668
 0 0.636681
 0 0.636682
 0 0.636695
 0 0.636737
 0 0.636747
 0 0.636757
 0 0.636771
 0 0.636771
 0 0.636774
 0 0.636775
 0 0.636776
 0 0.6368
 0 0.6368
 0 0.636802
 0 0.636802
 0 0.636802
 0 0.636805
 0 0.636808
 0 0.636808
 0 0.636808
 0 0.636808
 0 0.63682
 0 0.63682
 0 0.63682
 0 0.636837
 0 0.636845
 0 0.636871
 0 0.6369
 0 0.636918
 0 0.636918
 0 0.63692
 0 0.636932
 0 0.636932
 0 0.636937
 0 0.637039
 0 0.637039
 0 0.63707
 0 0.63707
 0 0.63707
 0 0.63707
 0 0.637085
 0 0.637113
 0 0.637134
 0 0.637134
 0 0.637146
 0 0.637146
 0 0.637147
 0 0.637147
 0 0.637147
 0 0.637175
 0 0.637177
 0 0.637177
 0 0.637178
 0 0.637178
 0 0.637183
 0 0.637183
 0 0.637183
 0 0.637259
 0 0.637259
 0 0.637259
 0 0.63726
 0 0.637262
 0 0.637264
 0 0.637266
 0 0.637311
 0 0.637335
 0 0.637335
 0 0.637336
 0 0.637336
 0 0.637336
 0 0.637406
 0 0.637406
 0 0.637406
 0 0.637408
 0 0.637408
 0 0.637448
 0 0.637448
 0 0.637448
 0 0.63746
 0 0.637461
 0 0.637462
 0 0.637492
 0 0.63751
 0 0.63751
 0 0.63751
 0 0.637516
 0 0.637531
 0 0.637543
 0 0.637543
 0 0.63755
 0 0.637552
 0 0.637554
 0 0.637573
 0 0.63758
 0 0.637581
 0 0.637595
 0 0.637596
 0 0.637598
 0 0.637617
 0 0.637675
 0 0.637675
 0 0.637675
 0 0.637703
 0 0.637768
 0 0.637768
 0 0.637769
 0 0.637769
 0 0.637769
 0 0.637783
 0 0.637818
 0 0.637819
 0 0.637819
 0 0.637982
 0 0.637983
 0 0.637986
 0 0.637987
 0 0.637988
 0 0.637988
 0 0.638029
 0 0.638029
 0 0.638047
 0 0.638048
 0 0.638121
 0 0.638144
 0 0.638146
 0 0.638146
 0 0.638163
 0 0.638164
 0 0.638326
 0 0.638326
 0 0.638327
 0 0.638327
 0 0.638351
 0 0.638354
 0 0.638358
 0 0.638377
 0 0.638378
 0 0.638378
 0 0.638388
 0 0.638509
 0 0.638509
 0 0.638513
 0 0.638513
 0 0.638528
 0 0.638548
 0 0.63855
 0 0.63855
 0 0.63855
 0 0.638558
 0 0.638558
 0 0.638558
 0 0.638643
 0 0.638713
 0 0.638719
 0 0.638719
 0 0.638719
 0 0.638722
 0 0.63873
 0 0.638733
 0 0.63878
 0 0.638858
 0 0.638862
 0 0.638863
 0 0.639037
 0 0.639106
 0 0.639108
 0 0.639118
 0 0.63912
 0 0.639171
 0 0.639172
 0 0.63926
 0 0.63931
 0 0.63931
 0 0.639346
 0 0.639491
 0 0.639604
 0 0.639614
 0 0.639713
 0 0.639782
 0 0.639873
 0 0.639883
 0 0.639883
 0 0.639955
 0 0.64046
 0 0.64127
 0 0.641302
 0 0.641302
 0 0.641962
 0 0.641988
 0 0.64223
 0 0.642263
 0 0.642289
 0 0.642315
 0 0.642666
 0 0.642666
 0 0.642899
 0 0.643246
 0 0.643248
 0 0.64333
 0 0.64333
 0 0.64333
 0 0.64333
 0 inf
