 9.10336 9.39214
 8.58191 8.6629
 7.73716 9.12504
 7.72425 9.15796
 7.64104 7.87017
 7.62608 8.05723
 7.58622 8.42917
 7.46883 7.5137
 7.42929 7.94419
 7.39116 7.45745
 7.04368 7.14726
 6.6997 6.89291
 6.50674 6.91615
 6.49337 7.1159
 6.44402 6.52467
 6.42086 8.17873
 6.40647 7.02741
 6.26774 6.38363
 6.25919 7.023
 5.95018 7.34447
 5.90704 7.4918
 5.82956 6.60985
 5.78562 6.03407
 5.73295 8.51673
 5.70809 5.75241
 5.57744 5.79164
 5.4951 6.74642
 5.43899 6.11795
 5.36226 5.36403
 5.30948 5.31047
 5.29873 5.30084
 5.2904 5.30141
 5.28484 5.28751
 5.26551 6.63383
 5.24539 5.37472
 5.23855 5.24897
 5.19323 5.25324
 5.03108 5.04862
 5.00403 5.12555
 4.97718 5.02395
 4.94723 4.95532
 4.94673 7.06065
 4.9369 4.94212
 4.93424 4.9414
 4.92275 5.02032
 4.91723 4.91962
 4.91283 4.93544
 4.90925 4.91187
 4.90238 4.96445
 4.90029 4.92867
 4.89857 4.90678
 4.89574 4.94524
 4.89447 4.91808
 4.89141 4.91733
 4.89078 4.89265
 4.88957 5.42966
 4.88892 4.92033
 4.88468 4.91361
 4.88465 4.92669
 4.87938 4.89751
 4.8756 4.88948
 4.87164 4.87839
 4.8669 4.88176
 4.86147 5.16995
 4.8495 4.86017
 4.84734 4.8672
 4.83916 4.86331
 4.83908 4.92985
 4.83208 5.05617
 4.82952 4.86008
 4.8291 4.83142
 4.82331 4.9356
 4.81899 4.83131
 4.81351 7.21285
 4.8098 4.82528
 4.80912 5.34014
 4.80274 4.81392
 4.8013 4.82892
 4.80083 4.80332
 4.79809 4.93055
 4.78942 4.84178
 4.78898 4.81554
 4.78762 4.82588
 4.78463 4.79397
 4.76577 4.76636
 4.7579 4.95758
 4.75679 4.76908
 4.75455 4.75627
 4.74965 4.75443
 4.74004 5.05684
 4.73464 4.78229
 4.73149 5.12693
 4.73044 4.76402
 4.72994 4.74739
 4.72501 5.03117
 4.71072 4.71408
 4.71069 4.71518
 4.70423 4.70663
 4.70408 4.71319
 4.70021 4.71751
 4.69958 5.23164
 4.69536 4.69976
 4.69521 4.71342
 4.69505 5.51415
 4.68117 4.68674
 4.66867 4.68528
 4.66691 4.67998
 4.66097 4.67993
 4.65503 4.69826
 4.64953 4.92936
 4.63883 4.80546
 4.6337 7.33996
 4.63081 4.63375
 4.63066 4.66466
 4.62823 4.94836
 4.62273 4.63928
 4.61599 7.34592
 4.61478 4.62909
 4.6115 4.61243
 4.60338 6.61746
 4.60092 4.61352
 4.60062 4.61369
 4.59788 4.99942
 4.59642 4.60155
 4.59428 4.61029
 4.58788 4.59522
 4.58755 4.595
 4.58471 6.33132
 4.58139 4.63788
 4.58064 4.60093
 4.57842 4.6002
 4.57457 4.6322
 4.55723 4.84945
 4.55602 4.59032
 4.5523 6.78129
 4.50036 4.55277
 4.49218 7.64092
 4.48059 4.49834
 4.44548 4.47155
 4.43581 6.6593
 4.42904 4.44056
 4.4286 5.05208
 4.42802 4.54275
 4.42763 4.93079
 4.42386 4.42845
 4.40952 4.60579
 4.39913 8.28691
 4.3774 4.3812
 4.3704 4.38644
 4.36412 4.59529
 4.36231 5.05647
 4.35816 4.37004
 4.35582 5.01479
 4.3494 8.38324
 4.34873 5.11365
 4.3465 8.734
 4.34446 4.67385
 4.34198 4.35369
 4.30642 7.59559
 4.30117 8.10908
 4.29939 9.30938
 4.29817 6.01748
 4.29001 4.29282
 4.28838 4.29336
 4.25954 4.29796
 4.24488 5.31185
 4.22317 4.44597
 4.14421 5.88079
 4.11903 8.99095
 4.11902 5.27257
 4.04475 5.024
 3.95692 4.93086
 3.8728 4.30845
 3.39451 5.47022
