 0 0.487216
 0 0.487218
 0 0.488338
 0 0.488419
 0 0.488419
 0 0.48842
 0 0.619521
 0 0.619641
 0 0.619642
 0 0.619784
 0 0.619784
 0 0.619785
 0 0.62102
 0 0.62102
 0 0.621022
 0 0.621406
 0 0.621409
 0 0.621625
 0 0.621627
 0 0.621627
 0 0.621627
 0 0.621627
 0 0.621629
 0 0.621819
 0 0.622355
 0 0.622921
 0 0.622923
 0 0.622928
 0 0.622928
 0 0.623059
 0 0.623062
 0 0.623063
 0 0.623063
 0 0.623078
 0 0.623079
 0 0.623087
 0 0.623196
 0 0.623326
 0 0.623326
 0 0.623475
 0 0.624071
 0 0.624071
 0 0.624126
 0 0.624128
 0 0.624129
 0 0.624208
 0 0.624211
 0 0.624211
 0 0.624213
 0 0.624215
 0 0.62532
 0 0.62532
 0 0.625322
 0 0.625322
 0 0.625384
 0 0.625384
 0 0.625441
 0 0.625443
 0 0.625548
 0 0.625548
 0 0.625662
 0 0.625662
 0 0.625743
 0 0.625743
 0 0.625846
 0 0.625933
 0 0.625934
 0 0.625934
 0 0.625935
 0 0.626032
 0 0.626068
 0 0.626068
 0 0.626089
 0 0.626091
 0 0.626144
 0 0.626147
 0 0.626313
 0 0.62632
 0 0.626374
 0 0.62677
 0 0.626811
 0 0.626921
 0 0.627035
 0 0.627038
 0 0.627067
 0 0.627072
 0 0.627144
 0 0.627221
 0 0.627224
 0 0.627259
 0 0.627261
 0 0.627293
 0 0.627375
 0 0.627376
 0 0.627433
 0 0.627491
 0 0.627491
 0 0.627514
 0 0.627515
 0 0.627549
 0 0.627551
 0 0.627638
 0 0.627638
 0 0.627723
 0 0.627768
 0 0.627768
 0 0.6278
 0 0.627822
 0 0.627825
 0 0.627826
 0 0.627838
 0 0.627838
 0 0.62795
 0 0.627956
 0 0.628015
 0 0.628075
 0 0.628076
 0 0.628126
 0 0.62813
 0 0.628133
 0 0.628138
 0 0.628139
 0 0.628197
 0 0.628213
 0 0.628228
 0 0.628235
 0 0.628237
 0 0.628238
 0 0.628241
 0 0.628243
 0 0.628363
 0 0.628389
 0 0.628392
 0 0.628394
 0 0.628394
 0 0.628407
 0 0.628417
 0 0.628426
 0 0.628426
 0 0.628428
 0 0.62843
 0 0.62844
 0 0.628442
 0 0.628442
 0 0.628442
 0 0.628466
 0 0.628539
 0 0.628541
 0 0.628544
 0 0.628557
 0 0.628594
 0 0.628594
 0 0.62861
 0 0.628611
 0 0.628611
 0 0.628677
 0 0.628677
 0 0.62868
 0 0.628681
 0 0.628681
 0 0.628702
 0 0.628704
 0 0.628707
 0 0.628752
 0 0.628752
 0 0.628754
 0 0.628789
 0 0.6288
 0 0.628843
 0 0.628868
 0 0.628869
 0 0.628883
 0 0.628963
 0 0.628963
 0 0.628963
 0 0.628965
 0 0.628988
 0 0.629005
 0 0.629005
 0 0.629016
 0 0.629059
 0 0.629066
 0 0.629066
 0 0.629079
 0 0.629079
 0 0.629083
 0 0.629083
 0 0.629083
 0 0.629086
 0 0.629086
 0 0.629091
 0 0.629105
 0 0.629109
 0 0.62911
 0 0.62916
 0 0.62916
 0 0.629192
 0 0.629195
 0 0.629196
 0 0.629201
 0 0.629205
 0 0.629258
 0 0.629259
 0 0.629264
 0 0.629271
 0 0.629278
 0 0.629287
 0 0.62929
 0 0.629293
 0 0.629312
 0 0.629319
 0 0.629319
 0 0.629319
 0 0.629319
 0 0.629319
 0 0.629319
 0 0.629319
 0 0.629321
 0 0.629322
 0 0.629325
 0 0.629327
 0 0.629347
 0 0.629411
 0 0.629412
 0 0.629437
 0 0.629451
 0 0.629511
 0 0.629512
 0 0.629537
 0 0.629545
 0 0.629545
 0 0.629565
 0 0.629566
 0 0.629603
 0 0.629643
 0 0.629646
 0 0.629677
 0 0.629679
 0 0.629682
 0 0.629682
 0 0.629688
 0 0.629688
 0 0.629733
 0 0.629733
 0 0.629734
 0 0.629738
 0 0.629738
 0 0.629738
 0 0.629743
 0 0.629799
 0 0.629801
 0 0.629807
 0 0.629815
 0 0.62983
 0 0.629831
 0 0.629839
 0 0.62984
 0 0.62984
 0 0.62984
 0 0.62984
 0 0.62984
 0 0.629841
 0 0.629846
 0 0.629846
 0 0.629853
 0 0.629867
 0 0.629873
 0 0.629896
 0 0.629945
 0 0.629945
 0 0.629955
 0 0.629955
 0 0.629963
 0 0.629964
 0 0.629966
 0 0.629992
 0 0.629992
 0 0.630002
 0 0.630005
 0 0.630006
 0 0.63001
 0 0.630022
 0 0.630073
 0 0.630078
 0 0.630127
 0 0.63013
 0 0.630137
 0 0.630137
 0 0.630174
 0 0.630177
 0 0.6302
 0 0.630227
 0 0.630227
 0 0.630229
 0 0.630233
 0 0.630234
 0 0.630271
 0 0.630272
 0 0.630274
 0 0.630288
 0 0.63031
 0 0.63034
 0 0.630386
 0 0.630431
 0 0.630432
 0 0.630432
 0 0.630436
 0 0.630443
 0 0.630445
 0 0.630471
 0 0.630474
 0 0.630474
 0 0.630475
 0 0.630478
 0 0.630479
 0 0.630481
 0 0.630481
 0 0.630495
 0 0.630497
 0 0.630499
 0 0.630499
 0 0.630501
 0 0.630581
 0 0.630581
 0 0.630584
 0 0.630584
 0 0.630586
 0 0.630604
 0 0.630685
 0 0.630688
 0 0.630733
 0 0.630735
 0 0.630736
 0 0.630737
 0 0.630741
 0 0.630741
 0 0.630741
 0 0.630741
 0 0.630743
 0 0.630754
 0 0.630761
 0 0.630768
 0 0.630789
 0 0.630842
 0 0.630857
 0 0.630871
 0 0.63088
 0 0.630885
 0 0.630976
 0 0.630976
 0 0.630976
 0 0.630983
 0 0.630985
 0 0.630989
 0 0.631004
 0 0.631004
 0 0.631006
 0 0.631006
 0 0.631007
 0 0.631028
 0 0.631104
 0 0.631109
 0 0.63111
 0 0.631111
 0 0.631118
 0 0.631118
 0 0.631119
 0 0.631119
 0 0.631119
 0 0.631119
 0 0.631122
 0 0.631122
 0 0.631123
 0 0.631127
 0 0.631159
 0 0.631159
 0 0.631162
 0 0.631177
 0 0.63118
 0 0.631214
 0 0.631219
 0 0.631269
 0 0.631272
 0 0.631272
 0 0.631278
 0 0.631279
 0 0.631284
 0 0.631284
 0 0.631303
 0 0.631306
 0 0.631311
 0 0.631312
 0 0.631325
 0 0.631326
 0 0.631326
 0 0.631328
 0 0.631329
 0 0.631334
 0 0.631343
 0 0.631343
 0 0.63136
 0 0.63136
 0 0.631386
 0 0.631386
 0 0.631388
 0 0.631395
 0 0.631415
 0 0.631461
 0 0.631468
 0 0.631468
 0 0.631483
 0 0.631509
 0 0.631519
 0 0.631519
 0 0.631522
 0 0.631544
 0 0.631555
 0 0.631559
 0 0.631559
 0 0.631559
 0 0.631581
 0 0.631596
 0 0.631597
 0 0.631604
 0 0.631611
 0 0.631616
 0 0.631616
 0 0.631625
 0 0.631626
 0 0.631661
 0 0.631665
 0 0.631668
 0 0.631671
 0 0.631689
 0 0.631691
 0 0.631693
 0 0.631693
 0 0.631703
 0 0.631705
 0 0.631721
 0 0.631726
 0 0.631727
 0 0.631749
 0 0.631799
 0 0.631799
 0 0.631803
 0 0.631807
 0 0.631807
 0 0.631809
 0 0.63182
 0 0.631822
 0 0.631827
 0 0.631864
 0 0.631906
 0 0.631921
 0 0.631922
 0 0.631923
 0 0.631939
 0 0.631952
 0 0.631955
 0 0.63197
 0 0.631973
 0 0.631973
 0 0.631974
 0 0.631976
 0 0.631978
 0 0.63198
 0 0.631981
 0 0.632062
 0 0.632064
 0 0.632064
 0 0.632065
 0 0.632073
 0 0.63208
 0 0.63208
 0 0.632085
 0 0.632086
 0 0.632089
 0 0.632096
 0 0.63212
 0 0.632126
 0 0.632126
 0 0.632155
 0 0.632155
 0 0.632161
 0 0.632161
 0 0.632209
 0 0.632209
 0 0.632209
 0 0.632216
 0 0.632219
 0 0.632226
 0 0.63223
 0 0.632244
 0 0.632244
 0 0.632246
 0 0.632248
 0 0.632249
 0 0.632249
 0 0.632249
 0 0.632256
 0 0.632259
 0 0.632288
 0 0.632291
 0 0.632291
 0 0.6323
 0 0.6323
 0 0.63232
 0 0.63232
 0 0.632327
 0 0.632331
 0 0.632356
 0 0.632362
 0 0.632372
 0 0.632377
 0 0.63239
 0 0.632394
 0 0.632411
 0 0.632423
 0 0.63248
 0 0.632524
 0 0.632524
 0 0.632524
 0 0.632525
 0 0.632526
 0 0.632557
 0 0.63256
 0 0.632602
 0 0.632602
 0 0.632613
 0 0.632613
 0 0.632619
 0 0.632635
 0 0.632662
 0 0.632671
 0 0.632673
 0 0.632692
 0 0.632695
 0 0.632695
 0 0.632701
 0 0.632701
 0 0.632701
 0 0.632724
 0 0.632749
 0 0.63277
 0 0.632777
 0 0.632798
 0 0.6328
 0 0.632801
 0 0.632801
 0 0.632801
 0 0.632828
 0 0.63283
 0 0.632831
 0 0.632832
 0 0.632848
 0 0.632881
 0 0.632881
 0 0.632944
 0 0.632948
 0 0.63295
 0 0.63295
 0 0.63295
 0 0.63295
 0 0.632965
 0 0.632967
 0 0.632984
 0 0.632984
 0 0.633029
 0 0.633031
 0 0.633065
 0 0.633067
 0 0.633068
 0 0.633102
 0 0.633102
 0 0.633102
 0 0.633111
 0 0.633116
 0 0.633116
 0 0.633141
 0 0.633144
 0 0.633163
 0 0.633163
 0 0.633168
 0 0.633168
 0 0.633168
 0 0.633168
 0 0.633201
 0 0.633201
 0 0.633208
 0 0.633234
 0 0.633234
 0 0.633253
 0 0.633285
 0 0.633327
 0 0.633341
 0 0.633341
 0 0.633341
 0 0.633342
 0 0.633342
 0 0.633354
 0 0.633354
 0 0.633385
 0 0.633385
 0 0.6334
 0 0.6334
 0 0.633413
 0 0.633425
 0 0.633441
 0 0.633458
 0 0.633462
 0 0.633465
 0 0.633465
 0 0.633595
 0 0.633649
 0 0.633664
 0 0.633705
 0 0.633706
 0 0.633706
 0 0.633706
 0 0.633726
 0 0.633726
 0 0.633726
 0 0.633728
 0 0.633728
 0 0.63374
 0 0.633756
 0 0.633756
 0 0.633784
 0 0.633785
 0 0.633812
 0 0.633816
 0 0.633816
 0 0.633823
 0 0.633834
 0 0.633855
 0 0.633855
 0 0.633858
 0 0.63387
 0 0.633875
 0 0.633893
 0 0.633894
 0 0.633904
 0 0.633905
 0 0.633907
 0 0.633912
 0 0.633912
 0 0.633916
 0 0.633929
 0 0.633939
 0 0.633954
 0 0.633954
 0 0.633961
 0 0.633966
 0 0.633974
 0 0.634021
 0 0.634021
 0 0.634026
 0 0.634027
 0 0.634028
 0 0.634028
 0 0.634028
 0 0.634044
 0 0.63405
 0 0.634067
 0 0.634069
 0 0.634106
 0 0.634132
 0 0.634134
 0 0.634134
 0 0.634137
 0 0.634137
 0 0.634137
 0 0.634144
 0 0.634194
 0 0.634196
 0 0.6342
 0 0.634207
 0 0.634207
 0 0.634221
 0 0.63423
 0 0.63423
 0 0.634256
 0 0.634256
 0 0.634272
 0 0.634323
 0 0.634324
 0 0.634329
 0 0.634329
 0 0.63433
 0 0.634333
 0 0.634335
 0 0.634338
 0 0.634338
 0 0.634362
 0 0.634368
 0 0.634417
 0 0.63442
 0 0.63442
 0 0.63442
 0 0.634422
 0 0.634422
 0 0.634422
 0 0.634432
 0 0.634439
 0 0.634439
 0 0.63444
 0 0.634448
 0 0.634477
 0 0.634478
 0 0.634478
 0 0.634493
 0 0.634494
 0 0.634515
 0 0.634523
 0 0.634523
 0 0.634547
 0 0.634547
 0 0.634554
 0 0.634559
 0 0.634559
 0 0.634564
 0 0.634591
 0 0.634619
 0 0.634626
 0 0.634629
 0 0.634667
 0 0.634701
 0 0.634701
 0 0.634701
 0 0.634701
 0 0.634736
 0 0.634747
 0 0.634759
 0 0.634759
 0 0.634802
 0 0.634802
 0 0.634804
 0 0.634804
 0 0.634805
 0 0.634812
 0 0.634814
 0 0.634814
 0 0.634816
 0 0.634816
 0 0.634816
 0 0.634839
 0 0.634842
 0 0.634845
 0 0.634845
 0 0.634856
 0 0.634856
 0 0.634859
 0 0.634892
 0 0.634944
 0 0.634947
 0 0.634947
 0 0.634947
 0 0.634951
 0 0.634963
 0 0.634967
 0 0.634969
 0 0.634969
 0 0.63497
 0 0.634989
 0 0.634995
 0 0.634995
 0 0.635029
 0 0.635035
 0 0.635038
 0 0.635044
 0 0.635044
 0 0.635047
 0 0.635047
 0 0.635047
 0 0.635051
 0 0.635083
 0 0.635113
 0 0.635116
 0 0.63512
 0 0.635123
 0 0.635123
 0 0.635124
 0 0.635127
 0 0.635128
 0 0.635156
 0 0.635164
 0 0.635173
 0 0.635173
 0 0.635174
 0 0.635175
 0 0.635176
 0 0.635176
 0 0.63518
 0 0.635212
 0 0.635212
 0 0.635216
 0 0.63522
 0 0.635235
 0 0.635239
 0 0.635244
 0 0.635245
 0 0.63525
 0 0.635275
 0 0.635288
 0 0.635342
 0 0.635342
 0 0.635344
 0 0.63535
 0 0.63535
 0 0.635379
 0 0.63538
 0 0.635386
 0 0.63541
 0 0.635412
 0 0.635415
 0 0.635422
 0 0.635424
 0 0.635424
 0 0.635463
 0 0.635463
 0 0.635463
 0 0.635463
 0 0.635498
 0 0.635498
 0 0.635516
 0 0.635564
 0 0.635564
 0 0.635594
 0 0.635596
 0 0.635602
 0 0.635605
 0 0.635605
 0 0.635629
 0 0.63563
 0 0.635635
 0 0.635642
 0 0.635645
 0 0.635649
 0 0.635649
 0 0.635652
 0 0.635654
 0 0.635657
 0 0.635661
 0 0.635661
 0 0.635665
 0 0.635679
 0 0.635698
 0 0.63572
 0 0.63572
 0 0.63572
 0 0.635724
 0 0.635728
 0 0.63573
 0 0.63573
 0 0.635747
 0 0.635753
 0 0.635754
 0 0.635765
 0 0.635782
 0 0.635782
 0 0.635784
 0 0.635784
 0 0.635785
 0 0.635786
 0 0.635786
 0 0.635795
 0 0.635795
 0 0.635795
 0 0.635795
 0 0.635796
 0 0.635802
 0 0.635805
 0 0.635808
 0 0.635811
 0 0.635811
 0 0.635817
 0 0.635824
 0 0.635826
 0 0.635846
 0 0.635846
 0 0.635852
 0 0.635855
 0 0.635855
 0 0.635858
 0 0.635884
 0 0.635889
 0 0.635889
 0 0.635891
 0 0.635892
 0 0.635893
 0 0.635895
 0 0.635904
 0 0.635909
 0 0.635948
 0 0.635964
 0 0.635974
 0 0.635989
 0 0.636002
 0 0.636004
 0 0.636005
 0 0.636005
 0 0.636031
 0 0.636031
 0 0.636032
 0 0.636042
 0 0.636066
 0 0.636066
 0 0.636089
 0 0.636104
 0 0.636117
 0 0.636117
 0 0.636117
 0 0.636119
 0 0.636126
 0 0.636126
 0 0.636137
 0 0.63614
 0 0.636144
 0 0.636166
 0 0.636168
 0 0.636171
 0 0.636172
 0 0.636176
 0 0.636179
 0 0.636179
 0 0.636205
 0 0.636222
 0 0.636237
 0 0.636254
 0 0.636256
 0 0.63629
 0 0.63629
 0 0.63629
 0 0.636292
 0 0.636292
 0 0.6363
 0 0.636302
 0 0.636302
 0 0.636347
 0 0.63635
 0 0.636351
 0 0.63637
 0 0.636416
 0 0.636418
 0 0.636422
 0 0.636431
 0 0.636434
 0 0.636434
 0 0.636447
 0 0.636447
 0 0.636449
 0 0.63645
 0 0.636453
 0 0.636529
 0 0.636529
 0 0.63653
 0 0.636545
 0 0.636552
 0 0.636557
 0 0.636568
 0 0.63657
 0 0.63657
 0 0.636598
 0 0.636601
 0 0.636605
 0 0.636605
 0 0.636618
 0 0.636622
 0 0.636624
 0 0.636624
 0 0.636625
 0 0.636625
 0 0.636626
 0 0.636627
 0 0.636627
 0 0.636628
 0 0.636669
 0 0.636703
 0 0.636718
 0 0.636718
 0 0.636725
 0 0.636732
 0 0.636737
 0 0.636737
 0 0.636744
 0 0.6368
 0 0.6368
 0 0.6368
 0 0.6368
 0 0.636802
 0 0.63681
 0 0.636814
 0 0.636833
 0 0.636873
 0 0.636874
 0 0.636875
 0 0.63688
 0 0.636889
 0 0.636889
 0 0.636899
 0 0.636899
 0 0.636915
 0 0.636915
 0 0.636924
 0 0.636928
 0 0.636928
 0 0.636947
 0 0.636948
 0 0.636957
 0 0.636985
 0 0.636989
 0 0.636989
 0 0.637028
 0 0.637054
 0 0.637056
 0 0.637064
 0 0.637072
 0 0.637109
 0 0.63711
 0 0.637121
 0 0.637125
 0 0.637129
 0 0.637131
 0 0.637131
 0 0.637133
 0 0.637134
 0 0.637135
 0 0.637142
 0 0.63715
 0 0.637152
 0 0.637157
 0 0.63716
 0 0.63716
 0 0.637161
 0 0.637178
 0 0.637183
 0 0.637187
 0 0.637195
 0 0.637213
 0 0.637213
 0 0.637216
 0 0.637226
 0 0.637226
 0 0.637268
 0 0.637276
 0 0.637276
 0 0.637306
 0 0.637344
 0 0.637347
 0 0.637347
 0 0.637347
 0 0.637352
 0 0.637352
 0 0.637352
 0 0.637352
 0 0.637353
 0 0.637356
 0 0.63737
 0 0.637377
 0 0.637379
 0 0.637381
 0 0.637391
 0 0.637402
 0 0.637402
 0 0.637405
 0 0.637438
 0 0.637439
 0 0.63744
 0 0.63745
 0 0.637494
 0 0.637494
 0 0.637545
 0 0.637545
 0 0.637549
 0 0.63755
 0 0.637581
 0 0.637582
 0 0.6376
 0 0.637601
 0 0.637601
 0 0.637602
 0 0.637602
 0 0.637603
 0 0.637606
 0 0.637607
 0 0.637607
 0 0.637609
 0 0.637661
 0 0.637735
 0 0.637744
 0 0.637749
 0 0.637751
 0 0.637753
 0 0.637755
 0 0.637759
 0 0.637762
 0 0.637765
 0 0.637768
 0 0.637786
 0 0.637786
 0 0.637789
 0 0.637801
 0 0.637805
 0 0.637816
 0 0.637816
 0 0.637837
 0 0.637856
 0 0.637859
 0 0.637864
 0 0.637866
 0 0.637873
 0 0.637903
 0 0.637905
 0 0.637907
 0 0.637908
 0 0.637908
 0 0.637914
 0 0.637914
 0 0.637917
 0 0.637956
 0 0.637957
 0 0.637959
 0 0.638015
 0 0.638019
 0 0.638024
 0 0.638024
 0 0.638025
 0 0.638029
 0 0.638031
 0 0.638038
 0 0.638049
 0 0.63805
 0 0.638073
 0 0.638076
 0 0.63811
 0 0.63811
 0 0.63811
 0 0.638119
 0 0.638139
 0 0.63814
 0 0.638169
 0 0.638169
 0 0.638173
 0 0.638213
 0 0.638214
 0 0.638219
 0 0.638291
 0 0.638291
 0 0.638295
 0 0.638299
 0 0.63843
 0 0.638433
 0 0.638456
 0 0.638457
 0 0.638457
 0 0.638476
 0 0.638501
 0 0.638524
 0 0.638541
 0 0.638542
 0 0.638543
 0 0.638546
 0 0.63857
 0 0.63858
 0 0.63858
 0 0.638581
 0 0.638592
 0 0.638592
 0 0.638595
 0 0.638599
 0 0.6386
 0 0.638608
 0 0.638613
 0 0.638614
 0 0.638624
 0 0.638625
 0 0.638641
 0 0.638648
 0 0.63865
 0 0.638723
 0 0.638726
 0 0.638727
 0 0.638737
 0 0.638738
 0 0.638747
 0 0.638748
 0 0.63875
 0 0.638754
 0 0.638775
 0 0.638791
 0 0.638833
 0 0.638836
 0 0.638853
 0 0.638855
 0 0.638855
 0 0.638868
 0 0.638883
 0 0.638899
 0 0.638903
 0 0.638904
 0 0.638933
 0 0.638941
 0 0.638955
 0 0.638971
 0 0.638974
 0 0.638974
 0 0.638979
 0 0.638998
 0 0.639008
 0 0.639042
 0 0.639043
 0 0.639046
 0 0.639048
 0 0.63913
 0 0.639132
 0 0.639167
 0 0.639168
 0 0.639169
 0 0.639173
 0 0.639181
 0 0.639248
 0 0.639252
 0 0.639252
 0 0.639252
 0 0.639253
 0 0.639301
 0 0.639304
 0 0.639316
 0 0.639317
 0 0.63934
 0 0.63934
 0 0.639348
 0 0.63935
 0 0.639389
 0 0.639392
 0 0.639403
 0 0.639423
 0 0.639426
 0 0.639469
 0 0.639496
 0 0.639521
 0 0.639526
 0 0.639526
 0 0.639529
 0 0.639529
 0 0.63953
 0 0.639574
 0 0.639578
 0 0.639602
 0 0.639636
 0 0.639637
 0 0.639683
 0 0.639694
 0 0.639695
 0 0.639698
 0 0.639709
 0 0.639716
 0 0.63972
 0 0.639745
 0 0.63975
 0 0.639751
 0 0.639754
 0 0.639754
 0 0.639831
 0 0.639833
 0 0.639878
 0 0.639926
 0 0.639926
 0 0.639926
 0 0.639962
 0 0.639962
 0 0.639964
 0 0.639964
 0 0.63997
 0 0.640002
 0 0.640004
 0 0.64009
 0 0.640167
 0 0.64018
 0 0.640221
 0 0.640223
 0 0.64027
 0 0.64027
 0 0.640271
 0 0.640327
 0 0.640338
 0 0.640436
 0 0.640458
 0 0.640458
 0 0.640458
 0 0.640659
 0 0.640659
 0 0.640659
 0 0.640691
 0 0.640699
 0 0.640765
 0 0.640853
 0 0.640857
 0 0.640864
 0 0.640866
 0 0.640882
 0 0.640913
 0 0.640915
 0 0.640918
 0 0.640918
 0 0.640918
 0 0.641071
 0 0.641113
 0 0.641115
 0 0.641169
 0 0.641169
 0 0.641175
 0 0.641267
 0 0.641311
 0 0.641314
 0 0.641345
 0 0.64135
 0 0.641526
 0 0.641526
 0 0.641691
 0 0.641876
 0 0.641879
 0 0.641882
 0 0.641989
 0 0.641992
 0 0.642415
 0 0.642417
 0 0.642418
 0 0.642665
 0 0.642668
 0 0.642709
 0 0.642808
 0 0.642814
 0 0.642877
 0 0.642877
 0 0.643163
 0 0.64317
 0 0.64317
 0 0.643258
 0 0.643325
 0 0.643598
 0 0.643698
 0 0.643786
 0 0.645746
 0 0.646728
 0 0.646728
 0 0.646732
 0 0.646878
 0 0.646882
 0 0.647842
 0 0.647869
 0 0.647869
 0 0.647869
 0 0.649177
 0 0.64918
 0 0.868044
 0 0.868044
 0 0.868046
 0 0.868541
 0 0.868654
 0 0.868657
 0 3.61783
 0 3.71945
 0 3.71945
 0 3.71988
 0 3.71995
 0 3.72003
 0 inf
