 9.69708 9.72186
 8.72299 9.61094
 8.51182 8.86796
 8.32594 8.53933
 8.02761 8.03329
 7.90576 8.30608
 7.60879 7.72646
 7.57101 7.93655
 7.51916 8.01724
 7.43741 7.6766
 7.43116 7.86075
 7.40351 7.4081
 7.39462 7.92394
 7.36783 7.75538
 7.23511 7.6071
 7.21753 8.4205
 7.03898 7.30236
 6.93866 7.18686
 6.93089 7.9719
 6.90271 7.4972
 6.85181 7.13096
 6.74478 6.79755
 6.73535 6.94285
 6.73273 7.20478
 6.65039 6.73868
 6.64007 6.75028
 6.53357 6.86185
 6.42081 6.77884
 6.3313 6.46208
 6.28941 8.57229
 6.26584 7.5711
 5.98049 6.65154
 5.86608 8.26196
 5.77711 5.97935
 5.73508 6.88216
 5.5508 6.07346
 5.54129 5.63003
 5.4359 5.57883
 5.31983 5.32359
 5.29039 5.45172
 5.25055 5.63277
 5.24388 6.57186
 5.13529 5.6988
 5.1311 6.63497
 5.12413 5.40357
 5.08211 5.13829
 5.04851 8.06484
 5.02755 5.03748
 5.02556 5.04347
 5.02507 5.21545
 5.01101 5.01699
 4.98162 4.99273
 4.97307 4.9861
 4.95658 4.97824
 4.95069 4.98806
 4.94355 4.975
 4.93513 5.09649
 4.93512 4.94945
 4.9307 4.94247
 4.92974 4.96108
 4.92443 4.93551
 4.91876 4.93815
 4.91694 4.91797
 4.916 4.94728
 4.90887 4.91932
 4.90324 4.95083
 4.89347 4.90363
 4.88162 4.8947
 4.87956 4.88111
 4.87894 4.88826
 4.87621 4.88378
 4.86348 4.87152
 4.84874 4.85302
 4.8457 4.85051
 4.84241 4.84495
 4.84124 4.84177
 4.83968 4.84206
 4.83683 4.84116
 4.83574 4.84904
 4.83508 4.83638
 4.83292 4.84846
 4.82436 4.84331
 4.82321 4.82901
 4.82042 4.823
 4.81897 4.83193
 4.81368 4.83201
 4.81366 4.81526
 4.81126 4.82845
 4.81057 4.81222
 4.81049 4.81537
 4.80825 5.02449
 4.80741 4.8397
 4.80486 4.82181
 4.80456 4.8102
 4.80413 4.81602
 4.80239 4.81167
 4.80142 4.81377
 4.79785 4.80315
 4.79511 4.81816
 4.7949 4.82533
 4.79392 4.80219
 4.7929 4.99663
 4.7924 4.83286
 4.7898 4.81603
 4.78909 4.91832
 4.78752 4.79814
 4.78681 4.82516
 4.78674 4.95203
 4.78629 4.85475
 4.77988 4.8027
 4.77973 4.79472
 4.77861 8.54772
 4.77344 4.8855
 4.77235 4.7747
 4.76106 4.76935
 4.75337 4.76534
 4.75287 5.2732
 4.7509 4.77441
 4.74726 4.75417
 4.74498 4.8775
 4.74095 8.29536
 4.73644 4.74176
 4.73132 4.76557
 4.73074 4.74681
 4.72736 4.82758
 4.72318 4.75936
 4.71795 4.75649
 4.71702 6.05774
 4.7144 4.75364
 4.70611 4.98216
 4.70526 4.77415
 4.70493 4.71084
 4.70115 4.71836
 4.69063 4.69728
 4.6822 4.68511
 4.67645 4.69642
 4.66701 4.6815
 4.66508 4.68148
 4.65819 5.06991
 4.65804 4.68151
 4.6542 6.38004
 4.64665 4.67111
 4.64653 4.67292
 4.63398 5.19984
 4.63108 4.65032
 4.62952 4.65896
 4.62816 4.63098
 4.61785 4.65035
 4.6168 4.69388
 4.61126 4.64561
 4.60172 8.43928
 4.59482 4.59777
 4.59075 4.61655
 4.58951 4.59053
 4.58548 4.5891
 4.57637 4.5782
 4.57264 8.7786
 4.56799 4.58031
 4.56779 5.00396
 4.55485 4.55814
 4.55264 4.59454
 4.54943 4.56274
 4.5413 4.95481
 4.5397 4.55075
 4.52119 4.89841
 4.50935 6.82643
 4.50801 8.04109
 4.49932 4.51781
 4.48086 8.04647
 4.47999 4.95077
 4.4772 4.49625
 4.4725 4.4971
 4.45789 8.71277
 4.44999 4.99389
 4.44874 8.76728
 4.41707 9.86077
 4.4066 4.85347
 4.40592 8.05963
 4.39632 4.75202
 4.33319 4.33573
 4.3195 6.7401
 4.31584 4.32849
 4.28752 4.30351
 4.27989 4.30056
 4.27116 4.34374
 4.27072 4.78835
 4.26986 4.36241
 4.26304 4.6248
 4.14037 9.02601
 4.13084 4.13846
 4.12114 4.54789
 4.09528 4.82213
 3.99623 7.57854
 3.92159 8.40445
 3.84614 3.8546
 3.82745 3.84607
 3.81127 8.29789
 3.80106 8.77426
 3.78611 8.73404
