 0 0.49881
 0 0.498814
 0 0.499148
 0 0.499148
 0 0.499154
 0 0.500083
 0 0.628063
 0 0.628063
 0 0.62826
 0 0.628715
 0 0.628788
 0 0.628789
 0 0.629251
 0 0.629251
 0 0.629397
 0 0.629397
 0 0.629428
 0 0.629493
 0 0.629498
 0 0.630053
 0 0.630057
 0 0.630057
 0 0.630058
 0 0.630149
 0 0.630152
 0 0.630152
 0 0.630152
 0 0.630179
 0 0.630179
 0 0.630185
 0 0.630388
 0 0.63039
 0 0.630391
 0 0.630393
 0 0.630396
 0 0.630579
 0 0.630587
 0 0.630656
 0 0.630664
 0 0.630664
 0 0.630742
 0 0.630743
 0 0.630747
 0 0.630747
 0 0.630748
 0 0.630778
 0 0.630783
 0 0.630845
 0 0.630845
 0 0.630851
 0 0.630853
 0 0.63092
 0 0.630921
 0 0.631012
 0 0.631025
 0 0.631047
 0 0.631054
 0 0.631112
 0 0.631115
 0 0.631115
 0 0.631117
 0 0.631128
 0 0.631131
 0 0.631131
 0 0.631146
 0 0.631153
 0 0.631173
 0 0.631205
 0 0.631222
 0 0.631227
 0 0.631236
 0 0.631237
 0 0.631237
 0 0.631239
 0 0.63124
 0 0.63124
 0 0.63124
 0 0.631241
 0 0.631241
 0 0.631242
 0 0.631243
 0 0.631251
 0 0.631257
 0 0.631281
 0 0.631281
 0 0.631283
 0 0.631287
 0 0.631291
 0 0.631336
 0 0.631388
 0 0.631452
 0 0.631468
 0 0.631468
 0 0.631473
 0 0.631476
 0 0.631499
 0 0.631499
 0 0.63152
 0 0.631526
 0 0.631562
 0 0.631562
 0 0.631563
 0 0.631563
 0 0.631564
 0 0.631567
 0 0.631571
 0 0.631592
 0 0.631594
 0 0.631598
 0 0.631618
 0 0.631626
 0 0.631635
 0 0.631679
 0 0.631683
 0 0.631683
 0 0.631686
 0 0.631686
 0 0.631687
 0 0.631689
 0 0.63169
 0 0.63169
 0 0.631719
 0 0.63172
 0 0.631735
 0 0.631739
 0 0.631739
 0 0.631754
 0 0.631755
 0 0.631757
 0 0.631761
 0 0.631765
 0 0.631779
 0 0.63178
 0 0.631783
 0 0.631785
 0 0.631807
 0 0.631807
 0 0.631818
 0 0.631818
 0 0.631819
 0 0.631824
 0 0.631825
 0 0.63183
 0 0.631846
 0 0.631847
 0 0.631852
 0 0.631856
 0 0.631866
 0 0.63188
 0 0.63188
 0 0.63188
 0 0.63188
 0 0.63188
 0 0.631888
 0 0.631892
 0 0.631903
 0 0.631911
 0 0.631923
 0 0.631925
 0 0.631931
 0 0.631957
 0 0.631958
 0 0.631958
 0 0.63196
 0 0.63196
 0 0.63196
 0 0.63196
 0 0.631971
 0 0.631975
 0 0.631975
 0 0.631977
 0 0.631977
 0 0.631979
 0 0.631987
 0 0.631993
 0 0.632033
 0 0.632033
 0 0.632086
 0 0.632086
 0 0.632087
 0 0.632089
 0 0.63209
 0 0.632091
 0 0.632095
 0 0.632096
 0 0.632119
 0 0.632125
 0 0.632128
 0 0.632134
 0 0.632137
 0 0.632137
 0 0.632144
 0 0.632144
 0 0.63215
 0 0.63215
 0 0.63215
 0 0.632152
 0 0.632152
 0 0.632172
 0 0.632172
 0 0.632178
 0 0.632179
 0 0.632179
 0 0.632186
 0 0.63219
 0 0.632192
 0 0.632192
 0 0.632192
 0 0.632198
 0 0.632204
 0 0.632204
 0 0.632211
 0 0.632218
 0 0.632218
 0 0.632222
 0 0.632224
 0 0.632234
 0 0.632254
 0 0.632272
 0 0.632277
 0 0.632277
 0 0.632278
 0 0.632278
 0 0.632279
 0 0.632281
 0 0.632281
 0 0.632283
 0 0.632289
 0 0.632354
 0 0.632362
 0 0.632363
 0 0.632369
 0 0.632383
 0 0.632383
 0 0.632385
 0 0.632385
 0 0.632385
 0 0.632386
 0 0.632388
 0 0.632401
 0 0.632406
 0 0.632406
 0 0.632406
 0 0.632409
 0 0.63241
 0 0.632411
 0 0.632424
 0 0.632424
 0 0.632427
 0 0.632429
 0 0.632433
 0 0.632434
 0 0.632438
 0 0.632438
 0 0.632442
 0 0.632454
 0 0.632458
 0 0.632458
 0 0.632464
 0 0.632464
 0 0.632476
 0 0.632479
 0 0.632481
 0 0.632485
 0 0.632485
 0 0.632488
 0 0.632488
 0 0.632505
 0 0.632505
 0 0.632509
 0 0.632509
 0 0.632511
 0 0.632513
 0 0.632517
 0 0.632527
 0 0.63253
 0 0.63253
 0 0.632537
 0 0.632543
 0 0.632544
 0 0.632568
 0 0.632576
 0 0.632576
 0 0.632576
 0 0.63258
 0 0.632584
 0 0.632586
 0 0.632592
 0 0.632594
 0 0.632595
 0 0.632595
 0 0.632595
 0 0.632597
 0 0.632602
 0 0.632609
 0 0.632622
 0 0.632623
 0 0.632623
 0 0.632624
 0 0.632627
 0 0.632649
 0 0.632661
 0 0.632661
 0 0.632662
 0 0.632667
 0 0.632671
 0 0.632672
 0 0.632673
 0 0.63268
 0 0.632682
 0 0.632684
 0 0.632686
 0 0.632688
 0 0.632718
 0 0.632719
 0 0.63272
 0 0.632722
 0 0.632723
 0 0.632725
 0 0.632728
 0 0.632736
 0 0.632742
 0 0.632748
 0 0.632748
 0 0.632751
 0 0.632752
 0 0.632752
 0 0.632752
 0 0.632754
 0 0.632754
 0 0.632763
 0 0.632775
 0 0.632782
 0 0.63279
 0 0.632793
 0 0.632794
 0 0.632797
 0 0.632798
 0 0.632798
 0 0.6328
 0 0.6328
 0 0.632819
 0 0.632819
 0 0.632821
 0 0.632823
 0 0.632824
 0 0.632824
 0 0.632824
 0 0.632827
 0 0.632828
 0 0.63283
 0 0.632838
 0 0.632838
 0 0.632838
 0 0.632838
 0 0.632839
 0 0.632839
 0 0.632847
 0 0.632861
 0 0.63287
 0 0.632872
 0 0.632873
 0 0.632873
 0 0.632876
 0 0.632876
 0 0.632877
 0 0.63288
 0 0.63288
 0 0.632882
 0 0.632884
 0 0.632898
 0 0.632898
 0 0.632899
 0 0.632901
 0 0.632902
 0 0.632903
 0 0.632903
 0 0.632905
 0 0.632906
 0 0.632906
 0 0.632906
 0 0.632911
 0 0.632911
 0 0.632913
 0 0.632915
 0 0.632931
 0 0.632937
 0 0.632937
 0 0.632938
 0 0.632939
 0 0.632939
 0 0.632948
 0 0.632949
 0 0.632951
 0 0.632952
 0 0.632952
 0 0.632955
 0 0.632959
 0 0.632962
 0 0.632963
 0 0.63297
 0 0.632973
 0 0.632974
 0 0.632978
 0 0.632984
 0 0.632984
 0 0.632984
 0 0.632985
 0 0.632985
 0 0.63299
 0 0.63299
 0 0.63299
 0 0.632999
 0 0.633002
 0 0.633003
 0 0.633003
 0 0.633005
 0 0.63301
 0 0.633011
 0 0.633015
 0 0.633016
 0 0.633022
 0 0.633024
 0 0.633025
 0 0.633026
 0 0.633028
 0 0.633028
 0 0.633028
 0 0.633033
 0 0.633033
 0 0.633033
 0 0.633033
 0 0.633034
 0 0.633034
 0 0.633042
 0 0.633044
 0 0.633046
 0 0.633047
 0 0.633048
 0 0.633054
 0 0.633057
 0 0.63306
 0 0.63306
 0 0.63306
 0 0.63306
 0 0.633062
 0 0.633062
 0 0.633062
 0 0.633065
 0 0.633065
 0 0.633066
 0 0.633066
 0 0.633071
 0 0.633084
 0 0.633084
 0 0.633088
 0 0.633089
 0 0.633091
 0 0.633091
 0 0.633091
 0 0.6331
 0 0.633104
 0 0.633109
 0 0.633109
 0 0.633118
 0 0.633118
 0 0.633118
 0 0.63312
 0 0.633121
 0 0.633121
 0 0.633121
 0 0.633122
 0 0.633129
 0 0.633132
 0 0.633132
 0 0.633133
 0 0.633137
 0 0.633138
 0 0.633144
 0 0.633152
 0 0.633156
 0 0.63316
 0 0.633179
 0 0.633182
 0 0.633185
 0 0.633187
 0 0.633195
 0 0.633198
 0 0.633201
 0 0.633202
 0 0.633204
 0 0.633205
 0 0.633205
 0 0.633208
 0 0.633208
 0 0.633219
 0 0.633237
 0 0.633248
 0 0.633252
 0 0.633252
 0 0.633252
 0 0.633252
 0 0.633252
 0 0.633253
 0 0.633253
 0 0.633255
 0 0.633255
 0 0.633255
 0 0.633258
 0 0.633258
 0 0.633259
 0 0.633264
 0 0.633264
 0 0.633265
 0 0.633265
 0 0.633268
 0 0.633271
 0 0.633272
 0 0.633272
 0 0.633277
 0 0.63328
 0 0.633281
 0 0.633284
 0 0.633301
 0 0.633302
 0 0.633304
 0 0.633305
 0 0.633308
 0 0.633308
 0 0.63331
 0 0.633316
 0 0.633317
 0 0.633321
 0 0.63333
 0 0.633332
 0 0.633334
 0 0.633337
 0 0.633338
 0 0.633339
 0 0.633345
 0 0.633345
 0 0.633345
 0 0.633345
 0 0.633352
 0 0.633359
 0 0.633359
 0 0.633359
 0 0.633365
 0 0.633369
 0 0.63338
 0 0.633387
 0 0.633387
 0 0.633394
 0 0.633394
 0 0.633394
 0 0.633399
 0 0.633399
 0 0.6334
 0 0.633401
 0 0.633405
 0 0.633406
 0 0.633407
 0 0.633409
 0 0.633409
 0 0.633409
 0 0.633415
 0 0.633426
 0 0.633426
 0 0.633428
 0 0.633434
 0 0.633441
 0 0.633441
 0 0.633442
 0 0.633445
 0 0.633465
 0 0.633466
 0 0.633466
 0 0.633468
 0 0.633477
 0 0.633477
 0 0.63349
 0 0.633497
 0 0.633498
 0 0.633501
 0 0.633503
 0 0.633505
 0 0.633507
 0 0.633507
 0 0.633517
 0 0.633517
 0 0.633517
 0 0.63352
 0 0.633522
 0 0.633526
 0 0.633537
 0 0.633537
 0 0.633537
 0 0.633543
 0 0.633544
 0 0.633544
 0 0.633544
 0 0.633546
 0 0.633551
 0 0.633554
 0 0.633554
 0 0.633555
 0 0.633562
 0 0.63357
 0 0.63357
 0 0.633574
 0 0.633577
 0 0.633577
 0 0.633579
 0 0.63358
 0 0.633582
 0 0.633585
 0 0.633598
 0 0.633599
 0 0.633602
 0 0.633602
 0 0.633602
 0 0.633606
 0 0.633606
 0 0.633612
 0 0.633615
 0 0.633615
 0 0.633615
 0 0.633616
 0 0.633618
 0 0.633622
 0 0.633633
 0 0.633636
 0 0.63364
 0 0.633649
 0 0.633652
 0 0.633665
 0 0.633673
 0 0.633673
 0 0.633673
 0 0.633678
 0 0.633681
 0 0.633683
 0 0.633686
 0 0.633687
 0 0.633693
 0 0.633709
 0 0.633709
 0 0.63371
 0 0.633714
 0 0.633717
 0 0.633717
 0 0.633718
 0 0.633723
 0 0.633723
 0 0.633724
 0 0.633724
 0 0.633724
 0 0.633726
 0 0.633726
 0 0.63373
 0 0.633734
 0 0.633741
 0 0.633744
 0 0.633757
 0 0.633757
 0 0.63376
 0 0.633761
 0 0.633761
 0 0.633762
 0 0.633762
 0 0.633762
 0 0.633763
 0 0.633764
 0 0.633771
 0 0.633772
 0 0.633772
 0 0.633773
 0 0.633775
 0 0.633776
 0 0.633778
 0 0.633778
 0 0.633793
 0 0.633794
 0 0.633795
 0 0.633796
 0 0.633797
 0 0.633798
 0 0.633798
 0 0.633798
 0 0.633801
 0 0.633803
 0 0.633809
 0 0.633812
 0 0.633813
 0 0.633814
 0 0.633814
 0 0.633818
 0 0.633818
 0 0.633818
 0 0.63382
 0 0.633821
 0 0.633823
 0 0.633843
 0 0.633843
 0 0.633843
 0 0.633845
 0 0.633845
 0 0.633845
 0 0.633845
 0 0.633845
 0 0.633846
 0 0.633847
 0 0.633847
 0 0.633847
 0 0.633847
 0 0.633848
 0 0.63385
 0 0.633851
 0 0.633851
 0 0.633852
 0 0.633852
 0 0.633852
 0 0.633852
 0 0.633852
 0 0.633857
 0 0.633859
 0 0.633869
 0 0.633878
 0 0.63388
 0 0.633882
 0 0.633882
 0 0.633891
 0 0.633894
 0 0.633895
 0 0.633897
 0 0.633899
 0 0.633902
 0 0.633904
 0 0.633904
 0 0.633904
 0 0.633904
 0 0.633919
 0 0.633921
 0 0.633922
 0 0.633927
 0 0.633929
 0 0.633929
 0 0.633929
 0 0.63393
 0 0.633931
 0 0.633931
 0 0.633931
 0 0.633933
 0 0.633933
 0 0.633937
 0 0.633939
 0 0.633941
 0 0.633941
 0 0.633941
 0 0.633941
 0 0.633946
 0 0.633947
 0 0.633955
 0 0.633962
 0 0.633963
 0 0.633964
 0 0.633965
 0 0.633973
 0 0.633982
 0 0.633983
 0 0.633985
 0 0.633985
 0 0.633992
 0 0.633995
 0 0.633997
 0 0.633999
 0 0.634
 0 0.634
 0 0.634003
 0 0.634004
 0 0.634006
 0 0.634008
 0 0.63401
 0 0.634012
 0 0.634012
 0 0.634013
 0 0.634013
 0 0.634013
 0 0.63403
 0 0.634035
 0 0.634036
 0 0.634038
 0 0.634041
 0 0.634043
 0 0.634043
 0 0.634046
 0 0.634047
 0 0.634048
 0 0.63405
 0 0.634053
 0 0.634061
 0 0.634062
 0 0.634064
 0 0.634065
 0 0.634068
 0 0.634068
 0 0.63408
 0 0.63408
 0 0.634081
 0 0.634082
 0 0.634084
 0 0.634084
 0 0.634084
 0 0.634084
 0 0.634086
 0 0.634095
 0 0.63411
 0 0.63411
 0 0.634114
 0 0.634115
 0 0.634116
 0 0.634117
 0 0.634128
 0 0.634128
 0 0.634128
 0 0.634129
 0 0.634137
 0 0.63415
 0 0.63415
 0 0.634151
 0 0.634151
 0 0.634153
 0 0.634153
 0 0.634159
 0 0.634173
 0 0.634176
 0 0.634176
 0 0.63418
 0 0.634181
 0 0.634181
 0 0.634185
 0 0.634188
 0 0.634188
 0 0.634194
 0 0.634196
 0 0.634197
 0 0.634198
 0 0.634199
 0 0.634199
 0 0.6342
 0 0.634203
 0 0.634206
 0 0.634206
 0 0.634207
 0 0.634209
 0 0.634209
 0 0.634209
 0 0.63421
 0 0.634212
 0 0.634213
 0 0.634213
 0 0.634214
 0 0.634215
 0 0.634215
 0 0.634223
 0 0.634226
 0 0.634226
 0 0.634226
 0 0.634227
 0 0.634232
 0 0.634233
 0 0.634234
 0 0.634236
 0 0.634237
 0 0.634237
 0 0.634238
 0 0.634238
 0 0.634238
 0 0.63424
 0 0.634264
 0 0.634266
 0 0.63427
 0 0.634272
 0 0.634273
 0 0.634275
 0 0.634278
 0 0.634282
 0 0.634287
 0 0.634287
 0 0.634287
 0 0.634287
 0 0.634287
 0 0.634289
 0 0.634293
 0 0.634296
 0 0.634299
 0 0.634299
 0 0.634299
 0 0.6343
 0 0.6343
 0 0.634301
 0 0.63431
 0 0.63431
 0 0.63431
 0 0.634312
 0 0.634313
 0 0.634315
 0 0.634317
 0 0.634319
 0 0.634319
 0 0.634319
 0 0.634325
 0 0.634331
 0 0.634331
 0 0.634331
 0 0.634332
 0 0.634336
 0 0.634336
 0 0.63434
 0 0.634341
 0 0.634344
 0 0.634344
 0 0.634344
 0 0.634344
 0 0.634344
 0 0.634345
 0 0.634346
 0 0.634347
 0 0.634347
 0 0.63435
 0 0.634352
 0 0.634352
 0 0.634358
 0 0.634358
 0 0.63436
 0 0.634371
 0 0.634371
 0 0.634371
 0 0.634371
 0 0.634372
 0 0.634377
 0 0.634377
 0 0.634377
 0 0.634383
 0 0.634387
 0 0.634393
 0 0.634405
 0 0.634405
 0 0.634409
 0 0.634409
 0 0.634411
 0 0.634411
 0 0.634413
 0 0.634413
 0 0.634413
 0 0.634413
 0 0.634413
 0 0.634421
 0 0.634428
 0 0.634429
 0 0.634429
 0 0.63443
 0 0.634434
 0 0.634435
 0 0.634435
 0 0.634436
 0 0.634441
 0 0.634443
 0 0.634443
 0 0.634447
 0 0.634447
 0 0.634448
 0 0.634449
 0 0.634455
 0 0.634455
 0 0.634455
 0 0.634455
 0 0.634456
 0 0.634464
 0 0.634464
 0 0.634465
 0 0.634465
 0 0.634465
 0 0.634465
 0 0.634468
 0 0.634478
 0 0.634478
 0 0.634478
 0 0.634481
 0 0.634484
 0 0.634489
 0 0.634491
 0 0.634491
 0 0.634494
 0 0.634494
 0 0.634494
 0 0.634495
 0 0.634495
 0 0.634496
 0 0.634498
 0 0.6345
 0 0.634504
 0 0.634506
 0 0.634508
 0 0.634508
 0 0.634509
 0 0.634516
 0 0.634522
 0 0.634524
 0 0.634525
 0 0.63453
 0 0.634534
 0 0.634534
 0 0.634545
 0 0.634549
 0 0.634549
 0 0.634555
 0 0.634555
 0 0.634557
 0 0.634559
 0 0.634559
 0 0.634562
 0 0.634562
 0 0.634567
 0 0.634567
 0 0.634573
 0 0.634575
 0 0.634576
 0 0.634583
 0 0.634584
 0 0.634584
 0 0.634584
 0 0.634585
 0 0.634587
 0 0.634587
 0 0.634588
 0 0.63459
 0 0.634592
 0 0.634592
 0 0.634597
 0 0.634606
 0 0.634607
 0 0.634607
 0 0.63461
 0 0.63461
 0 0.634614
 0 0.634614
 0 0.634614
 0 0.634615
 0 0.634618
 0 0.634619
 0 0.63462
 0 0.634621
 0 0.634621
 0 0.634621
 0 0.634621
 0 0.634621
 0 0.634622
 0 0.634622
 0 0.634623
 0 0.634624
 0 0.634624
 0 0.634625
 0 0.634628
 0 0.634628
 0 0.634632
 0 0.634635
 0 0.634637
 0 0.634641
 0 0.634641
 0 0.634643
 0 0.634643
 0 0.634647
 0 0.634648
 0 0.63465
 0 0.634653
 0 0.634653
 0 0.634655
 0 0.634669
 0 0.634672
 0 0.634673
 0 0.634673
 0 0.634673
 0 0.634678
 0 0.634688
 0 0.634692
 0 0.634693
 0 0.634694
 0 0.634694
 0 0.634694
 0 0.634694
 0 0.6347
 0 0.6347
 0 0.634711
 0 0.634712
 0 0.634712
 0 0.634712
 0 0.634713
 0 0.634715
 0 0.634717
 0 0.634717
 0 0.634722
 0 0.634726
 0 0.634726
 0 0.634731
 0 0.634732
 0 0.634732
 0 0.634747
 0 0.634747
 0 0.634748
 0 0.634754
 0 0.634755
 0 0.634758
 0 0.634759
 0 0.634759
 0 0.634761
 0 0.634762
 0 0.634765
 0 0.634766
 0 0.634766
 0 0.634768
 0 0.634768
 0 0.634769
 0 0.634781
 0 0.634785
 0 0.634786
 0 0.634787
 0 0.634789
 0 0.634789
 0 0.634792
 0 0.634795
 0 0.634798
 0 0.634798
 0 0.6348
 0 0.6348
 0 0.634805
 0 0.634824
 0 0.634827
 0 0.634827
 0 0.634828
 0 0.63483
 0 0.634831
 0 0.634831
 0 0.634833
 0 0.634834
 0 0.634834
 0 0.634834
 0 0.634835
 0 0.634835
 0 0.634835
 0 0.634835
 0 0.634837
 0 0.634858
 0 0.634863
 0 0.634863
 0 0.634866
 0 0.634868
 0 0.63487
 0 0.634878
 0 0.634879
 0 0.634882
 0 0.634885
 0 0.634889
 0 0.634895
 0 0.634895
 0 0.634898
 0 0.634901
 0 0.634901
 0 0.634903
 0 0.634903
 0 0.634907
 0 0.634912
 0 0.634913
 0 0.634917
 0 0.634917
 0 0.634919
 0 0.634921
 0 0.634922
 0 0.634925
 0 0.634927
 0 0.634931
 0 0.634935
 0 0.634941
 0 0.634941
 0 0.634945
 0 0.63495
 0 0.634951
 0 0.634952
 0 0.634952
 0 0.634955
 0 0.634958
 0 0.634959
 0 0.634964
 0 0.634964
 0 0.634983
 0 0.634994
 0 0.635023
 0 0.635023
 0 0.635023
 0 0.635024
 0 0.635024
 0 0.635026
 0 0.635027
 0 0.635028
 0 0.635028
 0 0.635028
 0 0.635031
 0 0.635032
 0 0.635035
 0 0.635035
 0 0.635038
 0 0.635038
 0 0.635038
 0 0.635039
 0 0.635039
 0 0.63504
 0 0.635042
 0 0.635042
 0 0.635043
 0 0.635043
 0 0.635045
 0 0.635045
 0 0.63505
 0 0.635051
 0 0.635051
 0 0.635053
 0 0.635056
 0 0.635056
 0 0.635056
 0 0.635066
 0 0.63507
 0 0.635072
 0 0.635079
 0 0.63508
 0 0.635081
 0 0.635081
 0 0.635081
 0 0.635081
 0 0.635084
 0 0.635084
 0 0.63509
 0 0.63509
 0 0.63509
 0 0.635109
 0 0.635109
 0 0.635109
 0 0.63511
 0 0.635122
 0 0.635123
 0 0.635125
 0 0.635125
 0 0.635131
 0 0.635132
 0 0.635132
 0 0.635141
 0 0.635144
 0 0.635148
 0 0.635149
 0 0.635154
 0 0.635156
 0 0.635163
 0 0.635163
 0 0.635172
 0 0.635172
 0 0.635176
 0 0.635178
 0 0.635178
 0 0.635178
 0 0.63518
 0 0.635183
 0 0.63519
 0 0.635193
 0 0.635195
 0 0.635198
 0 0.635199
 0 0.635199
 0 0.635202
 0 0.635204
 0 0.635206
 0 0.635207
 0 0.63521
 0 0.635217
 0 0.635221
 0 0.635222
 0 0.635223
 0 0.635223
 0 0.635224
 0 0.635224
 0 0.635226
 0 0.635229
 0 0.63523
 0 0.635231
 0 0.635235
 0 0.635237
 0 0.635237
 0 0.635241
 0 0.635241
 0 0.635242
 0 0.635243
 0 0.635248
 0 0.635251
 0 0.635251
 0 0.635253
 0 0.635254
 0 0.635255
 0 0.635257
 0 0.635257
 0 0.635266
 0 0.635267
 0 0.635268
 0 0.635268
 0 0.635268
 0 0.635268
 0 0.635277
 0 0.635279
 0 0.63528
 0 0.635282
 0 0.635282
 0 0.635283
 0 0.635283
 0 0.635285
 0 0.635287
 0 0.635287
 0 0.635287
 0 0.635287
 0 0.635289
 0 0.635294
 0 0.635294
 0 0.635294
 0 0.635296
 0 0.6353
 0 0.63531
 0 0.635314
 0 0.635315
 0 0.635319
 0 0.63532
 0 0.635322
 0 0.635323
 0 0.635323
 0 0.635324
 0 0.635327
 0 0.635327
 0 0.635328
 0 0.635331
 0 0.635333
 0 0.635339
 0 0.635339
 0 0.635352
 0 0.635356
 0 0.635359
 0 0.63536
 0 0.635365
 0 0.635365
 0 0.635366
 0 0.635367
 0 0.63537
 0 0.635373
 0 0.635378
 0 0.635387
 0 0.635387
 0 0.63539
 0 0.63539
 0 0.635391
 0 0.635393
 0 0.635394
 0 0.635394
 0 0.635396
 0 0.635397
 0 0.635397
 0 0.635399
 0 0.6354
 0 0.635406
 0 0.635413
 0 0.635413
 0 0.635415
 0 0.635423
 0 0.635425
 0 0.635426
 0 0.635428
 0 0.635428
 0 0.635429
 0 0.635429
 0 0.635431
 0 0.635436
 0 0.635445
 0 0.635445
 0 0.635445
 0 0.635454
 0 0.635455
 0 0.635464
 0 0.635465
 0 0.635481
 0 0.635483
 0 0.635483
 0 0.635484
 0 0.635485
 0 0.635486
 0 0.635486
 0 0.635486
 0 0.635486
 0 0.635486
 0 0.635486
 0 0.635488
 0 0.635488
 0 0.635489
 0 0.635491
 0 0.635492
 0 0.635493
 0 0.635493
 0 0.635494
 0 0.635495
 0 0.635496
 0 0.635496
 0 0.635498
 0 0.635506
 0 0.635513
 0 0.635513
 0 0.635514
 0 0.635514
 0 0.635514
 0 0.635516
 0 0.63552
 0 0.63552
 0 0.635522
 0 0.635524
 0 0.635526
 0 0.635526
 0 0.635531
 0 0.635531
 0 0.635537
 0 0.635542
 0 0.635544
 0 0.63555
 0 0.635553
 0 0.635553
 0 0.63556
 0 0.63556
 0 0.635563
 0 0.635563
 0 0.635563
 0 0.635573
 0 0.635576
 0 0.635587
 0 0.635588
 0 0.635591
 0 0.635592
 0 0.635593
 0 0.635594
 0 0.635596
 0 0.635597
 0 0.635598
 0 0.635598
 0 0.635609
 0 0.635611
 0 0.635619
 0 0.635623
 0 0.635623
 0 0.635623
 0 0.635633
 0 0.635653
 0 0.635656
 0 0.63566
 0 0.63566
 0 0.635678
 0 0.63568
 0 0.63568
 0 0.635683
 0 0.635691
 0 0.635693
 0 0.635693
 0 0.635694
 0 0.635694
 0 0.635694
 0 0.635695
 0 0.6357
 0 0.635704
 0 0.635705
 0 0.635705
 0 0.635705
 0 0.635711
 0 0.635725
 0 0.63574
 0 0.635744
 0 0.635744
 0 0.635756
 0 0.635757
 0 0.63577
 0 0.635775
 0 0.635785
 0 0.635785
 0 0.635789
 0 0.635793
 0 0.635793
 0 0.635794
 0 0.635795
 0 0.635795
 0 0.635798
 0 0.635802
 0 0.635805
 0 0.635805
 0 0.63581
 0 0.635812
 0 0.635812
 0 0.635817
 0 0.635819
 0 0.635819
 0 0.63582
 0 0.635825
 0 0.635826
 0 0.635832
 0 0.635842
 0 0.635852
 0 0.635854
 0 0.635858
 0 0.635858
 0 0.635876
 0 0.635881
 0 0.635884
 0 0.635886
 0 0.635887
 0 0.635891
 0 0.635893
 0 0.635903
 0 0.635905
 0 0.635905
 0 0.63591
 0 0.635911
 0 0.635911
 0 0.635915
 0 0.635919
 0 0.63592
 0 0.63593
 0 0.63593
 0 0.635931
 0 0.635933
 0 0.635934
 0 0.635934
 0 0.63594
 0 0.635941
 0 0.635945
 0 0.636006
 0 0.636028
 0 0.636028
 0 0.636034
 0 0.636038
 0 0.636039
 0 0.636044
 0 0.636044
 0 0.636045
 0 0.636053
 0 0.636054
 0 0.636078
 0 0.636081
 0 0.636081
 0 0.636083
 0 0.636086
 0 0.636087
 0 0.636087
 0 0.636089
 0 0.636092
 0 0.636102
 0 0.636107
 0 0.636107
 0 0.636109
 0 0.636123
 0 0.636131
 0 0.636131
 0 0.636131
 0 0.636132
 0 0.636135
 0 0.636138
 0 0.636139
 0 0.636139
 0 0.636141
 0 0.636141
 0 0.636143
 0 0.636143
 0 0.636144
 0 0.636145
 0 0.636155
 0 0.636158
 0 0.636163
 0 0.636163
 0 0.636165
 0 0.636168
 0 0.63618
 0 0.636182
 0 0.636183
 0 0.636188
 0 0.636188
 0 0.636198
 0 0.6362
 0 0.636211
 0 0.636216
 0 0.636223
 0 0.636224
 0 0.636237
 0 0.636241
 0 0.636241
 0 0.636241
 0 0.636241
 0 0.636249
 0 0.636249
 0 0.636254
 0 0.636254
 0 0.636268
 0 0.636268
 0 0.636268
 0 0.636269
 0 0.636269
 0 0.636277
 0 0.636279
 0 0.636282
 0 0.636282
 0 0.636283
 0 0.636283
 0 0.636284
 0 0.636285
 0 0.63629
 0 0.636291
 0 0.636293
 0 0.636293
 0 0.636293
 0 0.636295
 0 0.636306
 0 0.636316
 0 0.636317
 0 0.636322
 0 0.636333
 0 0.636333
 0 0.636333
 0 0.636333
 0 0.636334
 0 0.636334
 0 0.636334
 0 0.636334
 0 0.636351
 0 0.636364
 0 0.636365
 0 0.636381
 0 0.636385
 0 0.636385
 0 0.636385
 0 0.636385
 0 0.636387
 0 0.636404
 0 0.636406
 0 0.636408
 0 0.63641
 0 0.63641
 0 0.636413
 0 0.636413
 0 0.63642
 0 0.63642
 0 0.63642
 0 0.636421
 0 0.63643
 0 0.636431
 0 0.636431
 0 0.636431
 0 0.636447
 0 0.63645
 0 0.636453
 0 0.636456
 0 0.636456
 0 0.636461
 0 0.636463
 0 0.636469
 0 0.636477
 0 0.636478
 0 0.636482
 0 0.636482
 0 0.63649
 0 0.636507
 0 0.636509
 0 0.636514
 0 0.636514
 0 0.636514
 0 0.636515
 0 0.636517
 0 0.636522
 0 0.636543
 0 0.636543
 0 0.636543
 0 0.636546
 0 0.636572
 0 0.636578
 0 0.63658
 0 0.63658
 0 0.63658
 0 0.636581
 0 0.636586
 0 0.636588
 0 0.636611
 0 0.636629
 0 0.63663
 0 0.63663
 0 0.636632
 0 0.636636
 0 0.636642
 0 0.636642
 0 0.636648
 0 0.63665
 0 0.636653
 0 0.636655
 0 0.636658
 0 0.636663
 0 0.636665
 0 0.636665
 0 0.636666
 0 0.636669
 0 0.636695
 0 0.636696
 0 0.636697
 0 0.636699
 0 0.636717
 0 0.636717
 0 0.636728
 0 0.636728
 0 0.636739
 0 0.636742
 0 0.636751
 0 0.636799
 0 0.636799
 0 0.636803
 0 0.636807
 0 0.636815
 0 0.636815
 0 0.636815
 0 0.636818
 0 0.636819
 0 0.63682
 0 0.636859
 0 0.636862
 0 0.636862
 0 0.636862
 0 0.636865
 0 0.636868
 0 0.636869
 0 0.636876
 0 0.636878
 0 0.636879
 0 0.636881
 0 0.63689
 0 0.636928
 0 0.636932
 0 0.636932
 0 0.636932
 0 0.636939
 0 0.636939
 0 0.636999
 0 0.636999
 0 0.637014
 0 0.637019
 0 0.637019
 0 0.637022
 0 0.637025
 0 0.637031
 0 0.637034
 0 0.637041
 0 0.637041
 0 0.637103
 0 0.637116
 0 0.637117
 0 0.63712
 0 0.637121
 0 0.637127
 0 0.637172
 0 0.637178
 0 0.637178
 0 0.637181
 0 0.637181
 0 0.637213
 0 0.637213
 0 0.637239
 0 0.637248
 0 0.637248
 0 0.637269
 0 0.637283
 0 0.637283
 0 0.637283
 0 0.637295
 0 0.637358
 0 0.637358
 0 0.637389
 0 0.637417
 0 0.637417
 0 0.637431
 0 0.637453
 0 0.637453
 0 0.637453
 0 0.637463
 0 0.637467
 0 0.637467
 0 0.637478
 0 0.637484
 0 0.637491
 0 0.637491
 0 0.637492
 0 0.637492
 0 0.6375
 0 0.637502
 0 0.637503
 0 0.637514
 0 0.637521
 0 0.637526
 0 0.637562
 0 0.637565
 0 0.637593
 0 0.637597
 0 0.637599
 0 0.637599
 0 0.637602
 0 0.637613
 0 0.637619
 0 0.637625
 0 0.637631
 0 0.63765
 0 0.637653
 0 0.637665
 0 0.637683
 0 0.637688
 0 0.637688
 0 0.637689
 0 0.637689
 0 0.63773
 0 0.637755
 0 0.637757
 0 0.637757
 0 0.637782
 0 0.637806
 0 0.637807
 0 0.637871
 0 0.637917
 0 0.637975
 0 0.638009
 0 0.638009
 0 0.638012
 0 0.638055
 0 0.638063
 0 0.638069
 0 0.638074
 0 0.638074
 0 0.638077
 0 0.638077
 0 0.638077
 0 0.638092
 0 0.638093
 0 0.638095
 0 0.638117
 0 0.63812
 0 0.638156
 0 0.638156
 0 0.638162
 0 0.638162
 0 0.638213
 0 0.638216
 0 0.638251
 0 0.638255
 0 0.638255
 0 0.638264
 0 0.638265
 0 0.638275
 0 0.6383
 0 0.6383
 0 0.638316
 0 0.638319
 0 0.638319
 0 0.638322
 0 0.638324
 0 0.638374
 0 0.638384
 0 0.638393
 0 0.638393
 0 0.638393
 0 0.638424
 0 0.638425
 0 0.638454
 0 0.638485
 0 0.638486
 0 0.638535
 0 0.638622
 0 0.638631
 0 0.638633
 0 0.638634
 0 0.638687
 0 0.638687
 0 0.638697
 0 0.638697
 0 0.638756
 0 0.638758
 0 0.638779
 0 0.638805
 0 0.638809
 0 0.638809
 0 0.638809
 0 0.638819
 0 0.638829
 0 0.638836
 0 0.638839
 0 0.638896
 0 0.639059
 0 0.639059
 0 0.639089
 0 0.639203
 0 0.639204
 0 0.639209
 0 0.639274
 0 0.639276
 0 0.639276
 0 0.639335
 0 0.639337
 0 0.639337
 0 0.639337
 0 0.639353
 0 0.639466
 0 0.639466
 0 0.639543
 0 0.639551
 0 0.639583
 0 0.639639
 0 0.639645
 0 0.639798
 0 0.639803
 0 0.639803
 0 0.639804
 0 0.639806
 0 0.63989
 0 0.639896
 0 0.639898
 0 0.639904
 0 0.639984
 0 0.639986
 0 0.63999
 0 0.640038
 0 0.640039
 0 0.640062
 0 0.640141
 0 0.64015
 0 0.6403
 0 0.6403
 0 0.640314
 0 0.640325
 0 0.640391
 0 0.640437
 0 0.640438
 0 0.640438
 0 0.640517
 0 0.640522
 0 0.640586
 0 0.640586
 0 0.640587
 0 0.640592
 0 0.640592
 0 0.640645
 0 0.6408
 0 0.6408
 0 0.640802
 0 0.64083
 0 0.640896
 0 0.640948
 0 0.641046
 0 0.641073
 0 0.641074
 0 0.641081
 0 0.641081
 0 0.64112
 0 0.641142
 0 0.641148
 0 0.641204
 0 0.641207
 0 0.641266
 0 0.641484
 0 0.641484
 0 0.641981
 0 0.642615
 0 0.642617
 0 0.643366
 0 0.643551
 0 0.643553
 0 0.643939
 0 0.643946
 0 0.644077
 0 0.644083
 0 0.64529
 0 0.645438
 0 inf
