 0 0.499841
 0 0.499841
 0 0.499841
 0 0.499916
 0 0.499916
 0 0.500751
 0 0.629008
 0 0.629012
 0 0.629324
 0 0.629325
 0 0.629348
 0 0.62938
 0 0.62946
 0 0.629468
 0 0.629502
 0 0.629505
 0 0.629505
 0 0.629625
 0 0.629756
 0 0.629757
 0 0.629779
 0 0.629781
 0 0.629781
 0 0.629782
 0 0.629792
 0 0.629857
 0 0.629861
 0 0.629982
 0 0.630061
 0 0.630066
 0 0.630074
 0 0.630079
 0 0.630108
 0 0.630164
 0 0.630175
 0 0.63018
 0 0.630207
 0 0.630376
 0 0.630377
 0 0.630416
 0 0.630453
 0 0.630481
 0 0.630482
 0 0.630482
 0 0.630482
 0 0.630482
 0 0.630483
 0 0.630551
 0 0.630553
 0 0.630553
 0 0.630587
 0 0.630588
 0 0.630611
 0 0.630683
 0 0.630692
 0 0.630698
 0 0.6307
 0 0.630701
 0 0.630712
 0 0.630781
 0 0.630789
 0 0.630797
 0 0.630841
 0 0.630845
 0 0.630847
 0 0.630847
 0 0.630872
 0 0.630901
 0 0.630924
 0 0.630924
 0 0.63093
 0 0.630966
 0 0.630971
 0 0.630998
 0 0.630999
 0 0.631005
 0 0.631005
 0 0.631042
 0 0.631048
 0 0.631081
 0 0.631116
 0 0.631122
 0 0.631157
 0 0.631159
 0 0.631164
 0 0.631167
 0 0.631209
 0 0.631209
 0 0.631209
 0 0.631228
 0 0.631229
 0 0.631229
 0 0.631231
 0 0.631231
 0 0.631239
 0 0.631244
 0 0.631251
 0 0.631283
 0 0.631314
 0 0.631326
 0 0.631336
 0 0.631349
 0 0.631349
 0 0.631369
 0 0.631386
 0 0.631402
 0 0.631402
 0 0.631416
 0 0.631416
 0 0.63144
 0 0.63144
 0 0.63144
 0 0.631441
 0 0.63145
 0 0.631472
 0 0.631472
 0 0.631478
 0 0.631481
 0 0.631481
 0 0.631483
 0 0.631496
 0 0.631498
 0 0.6315
 0 0.631503
 0 0.631503
 0 0.631507
 0 0.631507
 0 0.631533
 0 0.631543
 0 0.631543
 0 0.631544
 0 0.631567
 0 0.631604
 0 0.631606
 0 0.631606
 0 0.631606
 0 0.631608
 0 0.631625
 0 0.631625
 0 0.631628
 0 0.631628
 0 0.631629
 0 0.631629
 0 0.631631
 0 0.631631
 0 0.631639
 0 0.631644
 0 0.631731
 0 0.63174
 0 0.631756
 0 0.631756
 0 0.631759
 0 0.63176
 0 0.63176
 0 0.631764
 0 0.631766
 0 0.631766
 0 0.631767
 0 0.631805
 0 0.631807
 0 0.631809
 0 0.631809
 0 0.63181
 0 0.631834
 0 0.631835
 0 0.631841
 0 0.631857
 0 0.631861
 0 0.631862
 0 0.631868
 0 0.631879
 0 0.631881
 0 0.631883
 0 0.631884
 0 0.631887
 0 0.631887
 0 0.631888
 0 0.6319
 0 0.6319
 0 0.631905
 0 0.631919
 0 0.631927
 0 0.631927
 0 0.631934
 0 0.631934
 0 0.631943
 0 0.631952
 0 0.63196
 0 0.632006
 0 0.632006
 0 0.632023
 0 0.632024
 0 0.632025
 0 0.632025
 0 0.632026
 0 0.632028
 0 0.632029
 0 0.632032
 0 0.632033
 0 0.632033
 0 0.632043
 0 0.63205
 0 0.632059
 0 0.632059
 0 0.632062
 0 0.632074
 0 0.632079
 0 0.632079
 0 0.632081
 0 0.632101
 0 0.632101
 0 0.632101
 0 0.632104
 0 0.632107
 0 0.632107
 0 0.63211
 0 0.63211
 0 0.632119
 0 0.632135
 0 0.632146
 0 0.632156
 0 0.632157
 0 0.632161
 0 0.632162
 0 0.632162
 0 0.632163
 0 0.632165
 0 0.632173
 0 0.632173
 0 0.632175
 0 0.632178
 0 0.632181
 0 0.632182
 0 0.632184
 0 0.632193
 0 0.632193
 0 0.632196
 0 0.632196
 0 0.632197
 0 0.632199
 0 0.632202
 0 0.632208
 0 0.632212
 0 0.632212
 0 0.632214
 0 0.632218
 0 0.63222
 0 0.632225
 0 0.632229
 0 0.63223
 0 0.632238
 0 0.632238
 0 0.632241
 0 0.632247
 0 0.632248
 0 0.632249
 0 0.632251
 0 0.632251
 0 0.632255
 0 0.632255
 0 0.632258
 0 0.632272
 0 0.632274
 0 0.632276
 0 0.632285
 0 0.632285
 0 0.632289
 0 0.632289
 0 0.632289
 0 0.632293
 0 0.632302
 0 0.632355
 0 0.632357
 0 0.632359
 0 0.632361
 0 0.632365
 0 0.63237
 0 0.632379
 0 0.632379
 0 0.632384
 0 0.63239
 0 0.632422
 0 0.632423
 0 0.632429
 0 0.632436
 0 0.632437
 0 0.632437
 0 0.632437
 0 0.632437
 0 0.632451
 0 0.632469
 0 0.632472
 0 0.632472
 0 0.63249
 0 0.63249
 0 0.632496
 0 0.632512
 0 0.632512
 0 0.632518
 0 0.632524
 0 0.632524
 0 0.632531
 0 0.632531
 0 0.632532
 0 0.632537
 0 0.632539
 0 0.632545
 0 0.632552
 0 0.632569
 0 0.632573
 0 0.632574
 0 0.632575
 0 0.632577
 0 0.632579
 0 0.63258
 0 0.632582
 0 0.632582
 0 0.632594
 0 0.632594
 0 0.632597
 0 0.632625
 0 0.632625
 0 0.632641
 0 0.632641
 0 0.632643
 0 0.632645
 0 0.632649
 0 0.632653
 0 0.632659
 0 0.63266
 0 0.632664
 0 0.632664
 0 0.632664
 0 0.632664
 0 0.632669
 0 0.632669
 0 0.632672
 0 0.632683
 0 0.632683
 0 0.632687
 0 0.632689
 0 0.632689
 0 0.632693
 0 0.632694
 0 0.632695
 0 0.632697
 0 0.632697
 0 0.6327
 0 0.6327
 0 0.632706
 0 0.63271
 0 0.632719
 0 0.632739
 0 0.63274
 0 0.632747
 0 0.632753
 0 0.632754
 0 0.632754
 0 0.632764
 0 0.632767
 0 0.632767
 0 0.632767
 0 0.632767
 0 0.632773
 0 0.632776
 0 0.632778
 0 0.632781
 0 0.632783
 0 0.632785
 0 0.632786
 0 0.632787
 0 0.632789
 0 0.63279
 0 0.632792
 0 0.632799
 0 0.632806
 0 0.63281
 0 0.63281
 0 0.632819
 0 0.632819
 0 0.632821
 0 0.632824
 0 0.632824
 0 0.632825
 0 0.632825
 0 0.632825
 0 0.632825
 0 0.632826
 0 0.632828
 0 0.632829
 0 0.632834
 0 0.632835
 0 0.632836
 0 0.632839
 0 0.632839
 0 0.632841
 0 0.632841
 0 0.632842
 0 0.632869
 0 0.632873
 0 0.632878
 0 0.63288
 0 0.632883
 0 0.632886
 0 0.632886
 0 0.632886
 0 0.632892
 0 0.632893
 0 0.632899
 0 0.6329
 0 0.632903
 0 0.632905
 0 0.632923
 0 0.632925
 0 0.632925
 0 0.632925
 0 0.632938
 0 0.632938
 0 0.632938
 0 0.632939
 0 0.632943
 0 0.632945
 0 0.632946
 0 0.632951
 0 0.632962
 0 0.632964
 0 0.632968
 0 0.632976
 0 0.632978
 0 0.632987
 0 0.632989
 0 0.632989
 0 0.632993
 0 0.632999
 0 0.632999
 0 0.633001
 0 0.633001
 0 0.633002
 0 0.633008
 0 0.63301
 0 0.63301
 0 0.63301
 0 0.633011
 0 0.633013
 0 0.633014
 0 0.633021
 0 0.633023
 0 0.633034
 0 0.633035
 0 0.633036
 0 0.633036
 0 0.633036
 0 0.633037
 0 0.633037
 0 0.633037
 0 0.633041
 0 0.633041
 0 0.633041
 0 0.633044
 0 0.633051
 0 0.633052
 0 0.633054
 0 0.633057
 0 0.633072
 0 0.633072
 0 0.633075
 0 0.633075
 0 0.63308
 0 0.633081
 0 0.633082
 0 0.633082
 0 0.633085
 0 0.633086
 0 0.633087
 0 0.633087
 0 0.633087
 0 0.633089
 0 0.633089
 0 0.63309
 0 0.633091
 0 0.633091
 0 0.633095
 0 0.633101
 0 0.633101
 0 0.63311
 0 0.633111
 0 0.633122
 0 0.633123
 0 0.633124
 0 0.633124
 0 0.633124
 0 0.63313
 0 0.633133
 0 0.633139
 0 0.63314
 0 0.633148
 0 0.633156
 0 0.633156
 0 0.633156
 0 0.633165
 0 0.633166
 0 0.633168
 0 0.633169
 0 0.633177
 0 0.633187
 0 0.633194
 0 0.633196
 0 0.633196
 0 0.633197
 0 0.633204
 0 0.633206
 0 0.633206
 0 0.633218
 0 0.633223
 0 0.633231
 0 0.633231
 0 0.633234
 0 0.633235
 0 0.633235
 0 0.633238
 0 0.633242
 0 0.633251
 0 0.633251
 0 0.633267
 0 0.633267
 0 0.633271
 0 0.633271
 0 0.633282
 0 0.633283
 0 0.633283
 0 0.633283
 0 0.633283
 0 0.633283
 0 0.633291
 0 0.633291
 0 0.633294
 0 0.633297
 0 0.633297
 0 0.633299
 0 0.633299
 0 0.633304
 0 0.633304
 0 0.633329
 0 0.633332
 0 0.633356
 0 0.633357
 0 0.633358
 0 0.633358
 0 0.633358
 0 0.633361
 0 0.633361
 0 0.633362
 0 0.633365
 0 0.633365
 0 0.633365
 0 0.633365
 0 0.633365
 0 0.633371
 0 0.633376
 0 0.633376
 0 0.633381
 0 0.633383
 0 0.633384
 0 0.633384
 0 0.633387
 0 0.633388
 0 0.633388
 0 0.633389
 0 0.633402
 0 0.633407
 0 0.633417
 0 0.633419
 0 0.63342
 0 0.633424
 0 0.633424
 0 0.633424
 0 0.633425
 0 0.633425
 0 0.633428
 0 0.63343
 0 0.633431
 0 0.633432
 0 0.633439
 0 0.633439
 0 0.633441
 0 0.633446
 0 0.633446
 0 0.633453
 0 0.633456
 0 0.633456
 0 0.633459
 0 0.63346
 0 0.633462
 0 0.633462
 0 0.633466
 0 0.633477
 0 0.633477
 0 0.633478
 0 0.633481
 0 0.633486
 0 0.633486
 0 0.633486
 0 0.633487
 0 0.633494
 0 0.633496
 0 0.633496
 0 0.633503
 0 0.633506
 0 0.633506
 0 0.633515
 0 0.633518
 0 0.633519
 0 0.633519
 0 0.633519
 0 0.63352
 0 0.633524
 0 0.633537
 0 0.633546
 0 0.633546
 0 0.633547
 0 0.633548
 0 0.633548
 0 0.633553
 0 0.633561
 0 0.633563
 0 0.633566
 0 0.633566
 0 0.633568
 0 0.633568
 0 0.633568
 0 0.633568
 0 0.633569
 0 0.63357
 0 0.63357
 0 0.633571
 0 0.633571
 0 0.633574
 0 0.633574
 0 0.633574
 0 0.633578
 0 0.633578
 0 0.633581
 0 0.633582
 0 0.633582
 0 0.633582
 0 0.633583
 0 0.633584
 0 0.633588
 0 0.633594
 0 0.633596
 0 0.633598
 0 0.633602
 0 0.633608
 0 0.633608
 0 0.633608
 0 0.63361
 0 0.633613
 0 0.633613
 0 0.633615
 0 0.633621
 0 0.633622
 0 0.633623
 0 0.633627
 0 0.633628
 0 0.633628
 0 0.633628
 0 0.63363
 0 0.63363
 0 0.633636
 0 0.633636
 0 0.633636
 0 0.633636
 0 0.633636
 0 0.633648
 0 0.633648
 0 0.633653
 0 0.633653
 0 0.633653
 0 0.633656
 0 0.633662
 0 0.633676
 0 0.633683
 0 0.633683
 0 0.633683
 0 0.633684
 0 0.633687
 0 0.633689
 0 0.633689
 0 0.633689
 0 0.633689
 0 0.63369
 0 0.633692
 0 0.633692
 0 0.633694
 0 0.633694
 0 0.633695
 0 0.633696
 0 0.633704
 0 0.633705
 0 0.633709
 0 0.633711
 0 0.633712
 0 0.633714
 0 0.633717
 0 0.63372
 0 0.633721
 0 0.633721
 0 0.633721
 0 0.633722
 0 0.633729
 0 0.633729
 0 0.633729
 0 0.633731
 0 0.633733
 0 0.633737
 0 0.633737
 0 0.633737
 0 0.633739
 0 0.63374
 0 0.633741
 0 0.633741
 0 0.633755
 0 0.633756
 0 0.633756
 0 0.633756
 0 0.633763
 0 0.633768
 0 0.633768
 0 0.633771
 0 0.633772
 0 0.633772
 0 0.633774
 0 0.633774
 0 0.633775
 0 0.633775
 0 0.633775
 0 0.633776
 0 0.633776
 0 0.633778
 0 0.633779
 0 0.63378
 0 0.633781
 0 0.633781
 0 0.633782
 0 0.633786
 0 0.633788
 0 0.633792
 0 0.633792
 0 0.633792
 0 0.633795
 0 0.633795
 0 0.633797
 0 0.633801
 0 0.633806
 0 0.633806
 0 0.633806
 0 0.633809
 0 0.633809
 0 0.633813
 0 0.633814
 0 0.633818
 0 0.633819
 0 0.633821
 0 0.633823
 0 0.633824
 0 0.633825
 0 0.633826
 0 0.633827
 0 0.633828
 0 0.63383
 0 0.633832
 0 0.633833
 0 0.633833
 0 0.633834
 0 0.633835
 0 0.633837
 0 0.633846
 0 0.633847
 0 0.633847
 0 0.633848
 0 0.63385
 0 0.633855
 0 0.633856
 0 0.633858
 0 0.633858
 0 0.633858
 0 0.633859
 0 0.633859
 0 0.633863
 0 0.633868
 0 0.633868
 0 0.633869
 0 0.633871
 0 0.633875
 0 0.633875
 0 0.633884
 0 0.633884
 0 0.633894
 0 0.633895
 0 0.633895
 0 0.633896
 0 0.633896
 0 0.633902
 0 0.633906
 0 0.633907
 0 0.633907
 0 0.63391
 0 0.633912
 0 0.633918
 0 0.63392
 0 0.633921
 0 0.633931
 0 0.633933
 0 0.633934
 0 0.633935
 0 0.633943
 0 0.633943
 0 0.633945
 0 0.633945
 0 0.633945
 0 0.633949
 0 0.63395
 0 0.633953
 0 0.633964
 0 0.633967
 0 0.633967
 0 0.633967
 0 0.633973
 0 0.633975
 0 0.633975
 0 0.633977
 0 0.633977
 0 0.633978
 0 0.633978
 0 0.633978
 0 0.633981
 0 0.633981
 0 0.633981
 0 0.633983
 0 0.633983
 0 0.633985
 0 0.633988
 0 0.633989
 0 0.63399
 0 0.633991
 0 0.633991
 0 0.633991
 0 0.633991
 0 0.633993
 0 0.633993
 0 0.633994
 0 0.634021
 0 0.634023
 0 0.634033
 0 0.634036
 0 0.634037
 0 0.634037
 0 0.63404
 0 0.63404
 0 0.634041
 0 0.634041
 0 0.634044
 0 0.634045
 0 0.634054
 0 0.634056
 0 0.634059
 0 0.634061
 0 0.634061
 0 0.634063
 0 0.634064
 0 0.634071
 0 0.634073
 0 0.634075
 0 0.634078
 0 0.634078
 0 0.634079
 0 0.634083
 0 0.634085
 0 0.634086
 0 0.634093
 0 0.634094
 0 0.634098
 0 0.634112
 0 0.634122
 0 0.634122
 0 0.634126
 0 0.634126
 0 0.634128
 0 0.634129
 0 0.634129
 0 0.634129
 0 0.63413
 0 0.63413
 0 0.63413
 0 0.634131
 0 0.634132
 0 0.634134
 0 0.634136
 0 0.634138
 0 0.634142
 0 0.634143
 0 0.634162
 0 0.634167
 0 0.634168
 0 0.634169
 0 0.634169
 0 0.63417
 0 0.634171
 0 0.634174
 0 0.634174
 0 0.634175
 0 0.634176
 0 0.634176
 0 0.634176
 0 0.634176
 0 0.634176
 0 0.634179
 0 0.634179
 0 0.634182
 0 0.634182
 0 0.634188
 0 0.634189
 0 0.634193
 0 0.634197
 0 0.634199
 0 0.634201
 0 0.634202
 0 0.634204
 0 0.634204
 0 0.634204
 0 0.634205
 0 0.634206
 0 0.634207
 0 0.634214
 0 0.634219
 0 0.634219
 0 0.63422
 0 0.634221
 0 0.634222
 0 0.634222
 0 0.634224
 0 0.634224
 0 0.634224
 0 0.634225
 0 0.634225
 0 0.634227
 0 0.634228
 0 0.634228
 0 0.634228
 0 0.63423
 0 0.63423
 0 0.634231
 0 0.634233
 0 0.634235
 0 0.634237
 0 0.634238
 0 0.634239
 0 0.634241
 0 0.634241
 0 0.634241
 0 0.634242
 0 0.634244
 0 0.634246
 0 0.634246
 0 0.634248
 0 0.634248
 0 0.634253
 0 0.634263
 0 0.634264
 0 0.634265
 0 0.634267
 0 0.63427
 0 0.63427
 0 0.634282
 0 0.634288
 0 0.63429
 0 0.634292
 0 0.634292
 0 0.634297
 0 0.634299
 0 0.634299
 0 0.6343
 0 0.634302
 0 0.634303
 0 0.634303
 0 0.634305
 0 0.634306
 0 0.634308
 0 0.634309
 0 0.634309
 0 0.634309
 0 0.63431
 0 0.634316
 0 0.634318
 0 0.634318
 0 0.634325
 0 0.634325
 0 0.634328
 0 0.634331
 0 0.634332
 0 0.634335
 0 0.634337
 0 0.634337
 0 0.634341
 0 0.634343
 0 0.634344
 0 0.634347
 0 0.634348
 0 0.634348
 0 0.634351
 0 0.634352
 0 0.634354
 0 0.634364
 0 0.634375
 0 0.634391
 0 0.634391
 0 0.634391
 0 0.634394
 0 0.634397
 0 0.634397
 0 0.634397
 0 0.634403
 0 0.634405
 0 0.634405
 0 0.634406
 0 0.634407
 0 0.634409
 0 0.634409
 0 0.634411
 0 0.634413
 0 0.634415
 0 0.634415
 0 0.634418
 0 0.634423
 0 0.634435
 0 0.63444
 0 0.63444
 0 0.63444
 0 0.634441
 0 0.634441
 0 0.634441
 0 0.634442
 0 0.634442
 0 0.634443
 0 0.634445
 0 0.634446
 0 0.634447
 0 0.634452
 0 0.634453
 0 0.634455
 0 0.634456
 0 0.634456
 0 0.634456
 0 0.634457
 0 0.634462
 0 0.634465
 0 0.634465
 0 0.634465
 0 0.634469
 0 0.634475
 0 0.634477
 0 0.634477
 0 0.634479
 0 0.634487
 0 0.634487
 0 0.63449
 0 0.634491
 0 0.634492
 0 0.634493
 0 0.634495
 0 0.634495
 0 0.634495
 0 0.634496
 0 0.634496
 0 0.634496
 0 0.634496
 0 0.634496
 0 0.634497
 0 0.634497
 0 0.634498
 0 0.634502
 0 0.634502
 0 0.634505
 0 0.634505
 0 0.634506
 0 0.634508
 0 0.634508
 0 0.634508
 0 0.634515
 0 0.634516
 0 0.634517
 0 0.634517
 0 0.634522
 0 0.634522
 0 0.634524
 0 0.634528
 0 0.634529
 0 0.634537
 0 0.634543
 0 0.63455
 0 0.634554
 0 0.634555
 0 0.634556
 0 0.634557
 0 0.634562
 0 0.634562
 0 0.634563
 0 0.634563
 0 0.634565
 0 0.634567
 0 0.634567
 0 0.634573
 0 0.634574
 0 0.634577
 0 0.634577
 0 0.634578
 0 0.634578
 0 0.63458
 0 0.634587
 0 0.634588
 0 0.634588
 0 0.634593
 0 0.634603
 0 0.634604
 0 0.634605
 0 0.634605
 0 0.634605
 0 0.634606
 0 0.634606
 0 0.634608
 0 0.634608
 0 0.634609
 0 0.634609
 0 0.634609
 0 0.634612
 0 0.634613
 0 0.634617
 0 0.634619
 0 0.634621
 0 0.634621
 0 0.634621
 0 0.634626
 0 0.634626
 0 0.634627
 0 0.634627
 0 0.634628
 0 0.634628
 0 0.634631
 0 0.634634
 0 0.634634
 0 0.634634
 0 0.634636
 0 0.634636
 0 0.634637
 0 0.63464
 0 0.634642
 0 0.634642
 0 0.634643
 0 0.634643
 0 0.634643
 0 0.634645
 0 0.634646
 0 0.634652
 0 0.634652
 0 0.634656
 0 0.634664
 0 0.634664
 0 0.634664
 0 0.634667
 0 0.634673
 0 0.634676
 0 0.63469
 0 0.63469
 0 0.634691
 0 0.634696
 0 0.634696
 0 0.634699
 0 0.634702
 0 0.634707
 0 0.634713
 0 0.634714
 0 0.634717
 0 0.634718
 0 0.63472
 0 0.634721
 0 0.634723
 0 0.634724
 0 0.634724
 0 0.634725
 0 0.634726
 0 0.634726
 0 0.63473
 0 0.634731
 0 0.634732
 0 0.634732
 0 0.634733
 0 0.634734
 0 0.634734
 0 0.634738
 0 0.63474
 0 0.634742
 0 0.634742
 0 0.634742
 0 0.634744
 0 0.634744
 0 0.634744
 0 0.634746
 0 0.634746
 0 0.634746
 0 0.634747
 0 0.634747
 0 0.634752
 0 0.634755
 0 0.634757
 0 0.634757
 0 0.634761
 0 0.634761
 0 0.634763
 0 0.634763
 0 0.634763
 0 0.634763
 0 0.634763
 0 0.634763
 0 0.634765
 0 0.634766
 0 0.634766
 0 0.634766
 0 0.634766
 0 0.634766
 0 0.634766
 0 0.634767
 0 0.634767
 0 0.634771
 0 0.634771
 0 0.634771
 0 0.634773
 0 0.634792
 0 0.634794
 0 0.634795
 0 0.6348
 0 0.634802
 0 0.634803
 0 0.634803
 0 0.634803
 0 0.634807
 0 0.634808
 0 0.634812
 0 0.634813
 0 0.634813
 0 0.634814
 0 0.634814
 0 0.634817
 0 0.634818
 0 0.634818
 0 0.634821
 0 0.634823
 0 0.634824
 0 0.634824
 0 0.634826
 0 0.634827
 0 0.634831
 0 0.634837
 0 0.634838
 0 0.634847
 0 0.634849
 0 0.634849
 0 0.634852
 0 0.634852
 0 0.634853
 0 0.634854
 0 0.634855
 0 0.634857
 0 0.634857
 0 0.634859
 0 0.634859
 0 0.634863
 0 0.634865
 0 0.634865
 0 0.634873
 0 0.634874
 0 0.634874
 0 0.634876
 0 0.634879
 0 0.634881
 0 0.634887
 0 0.634887
 0 0.634888
 0 0.63489
 0 0.634893
 0 0.634893
 0 0.634895
 0 0.634895
 0 0.634896
 0 0.634906
 0 0.634909
 0 0.634915
 0 0.634915
 0 0.634919
 0 0.63492
 0 0.63492
 0 0.634923
 0 0.634929
 0 0.634943
 0 0.634943
 0 0.634949
 0 0.634949
 0 0.63495
 0 0.63495
 0 0.634953
 0 0.634973
 0 0.634974
 0 0.634975
 0 0.634975
 0 0.634975
 0 0.634975
 0 0.634976
 0 0.634977
 0 0.634979
 0 0.634979
 0 0.63498
 0 0.634981
 0 0.634981
 0 0.634994
 0 0.634996
 0 0.634998
 0 0.634998
 0 0.635001
 0 0.635001
 0 0.635014
 0 0.635015
 0 0.635016
 0 0.635036
 0 0.635036
 0 0.635039
 0 0.635041
 0 0.635042
 0 0.635042
 0 0.635048
 0 0.635048
 0 0.635048
 0 0.635049
 0 0.635049
 0 0.635049
 0 0.63505
 0 0.635058
 0 0.635058
 0 0.635059
 0 0.635063
 0 0.635073
 0 0.635073
 0 0.635075
 0 0.635077
 0 0.635079
 0 0.635081
 0 0.635081
 0 0.635082
 0 0.635091
 0 0.635092
 0 0.635092
 0 0.635094
 0 0.635096
 0 0.635097
 0 0.635103
 0 0.635108
 0 0.635113
 0 0.635117
 0 0.635118
 0 0.635119
 0 0.635121
 0 0.635122
 0 0.635127
 0 0.63513
 0 0.63513
 0 0.63513
 0 0.635131
 0 0.635132
 0 0.635138
 0 0.635141
 0 0.635141
 0 0.63515
 0 0.635155
 0 0.63517
 0 0.635172
 0 0.635172
 0 0.635173
 0 0.635175
 0 0.635178
 0 0.63518
 0 0.63518
 0 0.635184
 0 0.635184
 0 0.635193
 0 0.635195
 0 0.6352
 0 0.635201
 0 0.635202
 0 0.635202
 0 0.635203
 0 0.635204
 0 0.635204
 0 0.635211
 0 0.635212
 0 0.635212
 0 0.635214
 0 0.635215
 0 0.635215
 0 0.635217
 0 0.635219
 0 0.635228
 0 0.63523
 0 0.635233
 0 0.635235
 0 0.635235
 0 0.63524
 0 0.63524
 0 0.63524
 0 0.635243
 0 0.635243
 0 0.635244
 0 0.635244
 0 0.635244
 0 0.635254
 0 0.635257
 0 0.635257
 0 0.635258
 0 0.635258
 0 0.63526
 0 0.635263
 0 0.635266
 0 0.635266
 0 0.635274
 0 0.635284
 0 0.635284
 0 0.63529
 0 0.63529
 0 0.635294
 0 0.635295
 0 0.635295
 0 0.635297
 0 0.635302
 0 0.635302
 0 0.635302
 0 0.635304
 0 0.635305
 0 0.635312
 0 0.635313
 0 0.635315
 0 0.635315
 0 0.635315
 0 0.635317
 0 0.635322
 0 0.635325
 0 0.635328
 0 0.635332
 0 0.635333
 0 0.635354
 0 0.635354
 0 0.635355
 0 0.635358
 0 0.635361
 0 0.635362
 0 0.635362
 0 0.635365
 0 0.635365
 0 0.635366
 0 0.635369
 0 0.635381
 0 0.635383
 0 0.635384
 0 0.635386
 0 0.635388
 0 0.635398
 0 0.635402
 0 0.635406
 0 0.635406
 0 0.635407
 0 0.635411
 0 0.635415
 0 0.635415
 0 0.635424
 0 0.635428
 0 0.635428
 0 0.635428
 0 0.635438
 0 0.635443
 0 0.635457
 0 0.635462
 0 0.635463
 0 0.63547
 0 0.635473
 0 0.635491
 0 0.635493
 0 0.635498
 0 0.635498
 0 0.635504
 0 0.635517
 0 0.635518
 0 0.635521
 0 0.635524
 0 0.635526
 0 0.635537
 0 0.635537
 0 0.635537
 0 0.635537
 0 0.635538
 0 0.635538
 0 0.635538
 0 0.635538
 0 0.63554
 0 0.635541
 0 0.635543
 0 0.635543
 0 0.635545
 0 0.635545
 0 0.635549
 0 0.635551
 0 0.635552
 0 0.635554
 0 0.635556
 0 0.635557
 0 0.635557
 0 0.63556
 0 0.635577
 0 0.635579
 0 0.635579
 0 0.635583
 0 0.635583
 0 0.635585
 0 0.635586
 0 0.635586
 0 0.635586
 0 0.63559
 0 0.635591
 0 0.635592
 0 0.635598
 0 0.635598
 0 0.635601
 0 0.635601
 0 0.635601
 0 0.635603
 0 0.635603
 0 0.635605
 0 0.635605
 0 0.63561
 0 0.635616
 0 0.635616
 0 0.635621
 0 0.635649
 0 0.63566
 0 0.635664
 0 0.635679
 0 0.635682
 0 0.635692
 0 0.635696
 0 0.635696
 0 0.635696
 0 0.635706
 0 0.635711
 0 0.635712
 0 0.635717
 0 0.635722
 0 0.635724
 0 0.635725
 0 0.635728
 0 0.635728
 0 0.635729
 0 0.635729
 0 0.635732
 0 0.635733
 0 0.635733
 0 0.635745
 0 0.635746
 0 0.635759
 0 0.635762
 0 0.635764
 0 0.635764
 0 0.635766
 0 0.635768
 0 0.635793
 0 0.635793
 0 0.635794
 0 0.6358
 0 0.635801
 0 0.635816
 0 0.635817
 0 0.635823
 0 0.635828
 0 0.63583
 0 0.635831
 0 0.635833
 0 0.635833
 0 0.635833
 0 0.635838
 0 0.635842
 0 0.635842
 0 0.635842
 0 0.635854
 0 0.635867
 0 0.635867
 0 0.635867
 0 0.635869
 0 0.635871
 0 0.635871
 0 0.635875
 0 0.635875
 0 0.635879
 0 0.635884
 0 0.635885
 0 0.635886
 0 0.635897
 0 0.635903
 0 0.635907
 0 0.635916
 0 0.635924
 0 0.635927
 0 0.635931
 0 0.635935
 0 0.635939
 0 0.635944
 0 0.635944
 0 0.635944
 0 0.635944
 0 0.635946
 0 0.635949
 0 0.63596
 0 0.635962
 0 0.635973
 0 0.635974
 0 0.635981
 0 0.63599
 0 0.63599
 0 0.635993
 0 0.635993
 0 0.63602
 0 0.636034
 0 0.636037
 0 0.636038
 0 0.636039
 0 0.636039
 0 0.636039
 0 0.636042
 0 0.636042
 0 0.636043
 0 0.636044
 0 0.636045
 0 0.63607
 0 0.636071
 0 0.636072
 0 0.636072
 0 0.636075
 0 0.636076
 0 0.636082
 0 0.636082
 0 0.636109
 0 0.636144
 0 0.636156
 0 0.636159
 0 0.63616
 0 0.636162
 0 0.636162
 0 0.636163
 0 0.636163
 0 0.636164
 0 0.636165
 0 0.636168
 0 0.636168
 0 0.636176
 0 0.636176
 0 0.636177
 0 0.636179
 0 0.636179
 0 0.63619
 0 0.636193
 0 0.636199
 0 0.636222
 0 0.636222
 0 0.636222
 0 0.636222
 0 0.636222
 0 0.636228
 0 0.636229
 0 0.636229
 0 0.636229
 0 0.636232
 0 0.636232
 0 0.636249
 0 0.636254
 0 0.636255
 0 0.636257
 0 0.63626
 0 0.636273
 0 0.636278
 0 0.63628
 0 0.636305
 0 0.636307
 0 0.636315
 0 0.636316
 0 0.636319
 0 0.636321
 0 0.636322
 0 0.636322
 0 0.636325
 0 0.636325
 0 0.636326
 0 0.636327
 0 0.636327
 0 0.636357
 0 0.636357
 0 0.636366
 0 0.636375
 0 0.636377
 0 0.636383
 0 0.636385
 0 0.636394
 0 0.636394
 0 0.636401
 0 0.636408
 0 0.636412
 0 0.636419
 0 0.63642
 0 0.636422
 0 0.636428
 0 0.636431
 0 0.636431
 0 0.636432
 0 0.636434
 0 0.636447
 0 0.636447
 0 0.636451
 0 0.636451
 0 0.636452
 0 0.636454
 0 0.636461
 0 0.636469
 0 0.636472
 0 0.636472
 0 0.636472
 0 0.636479
 0 0.636481
 0 0.636519
 0 0.636524
 0 0.636527
 0 0.636532
 0 0.636532
 0 0.636532
 0 0.636535
 0 0.636535
 0 0.636536
 0 0.636541
 0 0.636555
 0 0.636559
 0 0.636568
 0 0.636577
 0 0.636577
 0 0.636595
 0 0.6366
 0 0.636602
 0 0.636602
 0 0.636606
 0 0.636606
 0 0.636617
 0 0.63663
 0 0.636641
 0 0.636648
 0 0.63665
 0 0.636652
 0 0.636652
 0 0.636654
 0 0.636691
 0 0.636695
 0 0.636695
 0 0.636707
 0 0.636707
 0 0.636708
 0 0.636709
 0 0.63671
 0 0.63671
 0 0.636711
 0 0.636713
 0 0.636717
 0 0.636719
 0 0.636728
 0 0.63673
 0 0.63674
 0 0.636741
 0 0.636743
 0 0.636759
 0 0.636787
 0 0.636795
 0 0.6368
 0 0.636808
 0 0.636817
 0 0.636825
 0 0.636838
 0 0.636842
 0 0.636843
 0 0.636847
 0 0.63686
 0 0.636871
 0 0.636871
 0 0.63688
 0 0.636884
 0 0.636902
 0 0.636905
 0 0.636905
 0 0.636923
 0 0.636924
 0 0.636928
 0 0.636928
 0 0.636928
 0 0.636933
 0 0.636934
 0 0.636941
 0 0.636941
 0 0.636941
 0 0.636954
 0 0.636955
 0 0.636965
 0 0.636969
 0 0.636997
 0 0.636999
 0 0.637002
 0 0.637002
 0 0.637053
 0 0.637056
 0 0.637057
 0 0.637058
 0 0.63706
 0 0.63706
 0 0.637063
 0 0.637068
 0 0.637106
 0 0.637106
 0 0.637115
 0 0.637116
 0 0.637155
 0 0.63716
 0 0.637166
 0 0.637212
 0 0.637215
 0 0.637219
 0 0.637225
 0 0.637225
 0 0.637225
 0 0.637231
 0 0.637248
 0 0.63725
 0 0.63725
 0 0.63725
 0 0.637369
 0 0.637372
 0 0.637372
 0 0.637376
 0 0.637378
 0 0.6374
 0 0.637432
 0 0.637438
 0 0.637473
 0 0.637473
 0 0.637474
 0 0.637531
 0 0.637531
 0 0.637534
 0 0.637539
 0 0.637539
 0 0.637543
 0 0.637544
 0 0.637544
 0 0.637554
 0 0.637556
 0 0.637561
 0 0.637561
 0 0.637584
 0 0.637589
 0 0.637603
 0 0.637607
 0 0.637632
 0 0.637632
 0 0.637649
 0 0.637652
 0 0.637688
 0 0.637688
 0 0.637693
 0 0.637693
 0 0.637727
 0 0.637738
 0 0.637772
 0 0.637779
 0 0.6378
 0 0.637804
 0 0.637808
 0 0.637847
 0 0.637861
 0 0.637865
 0 0.637876
 0 0.637896
 0 0.637925
 0 0.637953
 0 0.638026
 0 0.638028
 0 0.638029
 0 0.63803
 0 0.63803
 0 0.638088
 0 0.638088
 0 0.638157
 0 0.63829
 0 0.638375
 0 0.638391
 0 0.638391
 0 0.638452
 0 0.638502
 0 0.638503
 0 0.638503
 0 0.638505
 0 0.638507
 0 0.638508
 0 0.638514
 0 0.638523
 0 0.638526
 0 0.638526
 0 0.63859
 0 0.63859
 0 0.638594
 0 0.638661
 0 0.638662
 0 0.638662
 0 0.638784
 0 0.638995
 0 0.639097
 0 0.639192
 0 0.639206
 0 0.639211
 0 0.639248
 0 0.639248
 0 0.639276
 0 0.639301
 0 0.639302
 0 0.639302
 0 0.639302
 0 0.639302
 0 0.639312
 0 0.639338
 0 0.639343
 0 0.639343
 0 0.639414
 0 0.639418
 0 0.639493
 0 0.639578
 0 0.639579
 0 0.639579
 0 0.639585
 0 0.639962
 0 0.640364
 0 0.64037
 0 0.640547
 0 0.640547
 0 0.641242
 0 0.641597
 0 0.641604
 0 0.641802
 0 0.641803
 0 0.641805
 0 0.641836
 0 0.64195
 0 0.641956
 0 0.641956
 0 0.641956
 0 0.642534
 0 0.642802
 0 0.642809
 0 0.642809
 0 0.642809
 0 0.642954
 0 0.643397
 0 0.643699
 0 0.643699
 0 0.644044
 0 0.644049
 0 0.644049
 0 0.645148
 0 0.645148
 0 0.645492
 0 0.645494
 0 0.645494
 0 0.646328
 0 inf
