 0 0.500851
 0 0.500947
 0 0.501181
 0 0.501886
 0 0.502121
 0 0.502213
 0 0.628959
 0 0.629017
 0 0.629317
 0 0.629601
 0 0.629602
 0 0.629602
 0 0.629602
 0 0.629676
 0 0.629709
 0 0.629709
 0 0.629781
 0 0.629786
 0 0.629802
 0 0.629805
 0 0.629879
 0 0.629882
 0 0.630018
 0 0.630023
 0 0.630026
 0 0.630085
 0 0.630087
 0 0.630224
 0 0.630226
 0 0.630243
 0 0.630243
 0 0.63028
 0 0.630342
 0 0.630393
 0 0.630399
 0 0.630407
 0 0.630407
 0 0.630437
 0 0.630437
 0 0.630439
 0 0.630502
 0 0.630503
 0 0.630549
 0 0.630555
 0 0.630555
 0 0.630559
 0 0.630561
 0 0.630646
 0 0.630647
 0 0.630658
 0 0.630658
 0 0.630659
 0 0.630665
 0 0.630665
 0 0.63069
 0 0.630695
 0 0.6307
 0 0.630703
 0 0.630709
 0 0.630712
 0 0.630718
 0 0.630731
 0 0.630733
 0 0.630739
 0 0.630741
 0 0.630747
 0 0.630755
 0 0.630757
 0 0.630853
 0 0.630858
 0 0.630892
 0 0.630894
 0 0.630894
 0 0.63092
 0 0.63092
 0 0.63092
 0 0.630941
 0 0.630944
 0 0.63097
 0 0.630973
 0 0.630979
 0 0.630979
 0 0.63103
 0 0.631046
 0 0.631052
 0 0.631053
 0 0.631067
 0 0.631067
 0 0.631074
 0 0.631074
 0 0.631152
 0 0.631162
 0 0.631163
 0 0.631166
 0 0.631166
 0 0.631227
 0 0.631227
 0 0.631269
 0 0.631297
 0 0.631329
 0 0.631335
 0 0.631351
 0 0.631352
 0 0.631382
 0 0.631382
 0 0.631388
 0 0.6314
 0 0.631433
 0 0.631434
 0 0.631434
 0 0.631497
 0 0.631497
 0 0.631518
 0 0.631518
 0 0.631525
 0 0.631525
 0 0.631554
 0 0.631557
 0 0.631597
 0 0.631602
 0 0.631605
 0 0.631605
 0 0.63161
 0 0.631616
 0 0.631619
 0 0.631636
 0 0.63166
 0 0.63166
 0 0.63168
 0 0.631683
 0 0.631685
 0 0.631693
 0 0.63171
 0 0.63171
 0 0.631714
 0 0.631715
 0 0.631716
 0 0.631726
 0 0.63175
 0 0.63175
 0 0.63175
 0 0.631751
 0 0.631757
 0 0.631757
 0 0.631757
 0 0.631757
 0 0.631782
 0 0.631821
 0 0.631827
 0 0.631834
 0 0.631863
 0 0.631869
 0 0.631869
 0 0.631869
 0 0.631872
 0 0.631883
 0 0.631886
 0 0.631892
 0 0.631892
 0 0.631896
 0 0.631937
 0 0.631958
 0 0.63197
 0 0.631972
 0 0.631977
 0 0.631981
 0 0.631981
 0 0.631986
 0 0.631988
 0 0.631993
 0 0.631994
 0 0.631995
 0 0.631999
 0 0.632001
 0 0.632003
 0 0.632006
 0 0.632006
 0 0.632033
 0 0.632035
 0 0.632038
 0 0.632043
 0 0.632044
 0 0.632066
 0 0.632066
 0 0.632076
 0 0.632081
 0 0.632082
 0 0.632086
 0 0.632087
 0 0.632088
 0 0.632088
 0 0.632089
 0 0.632089
 0 0.632089
 0 0.63209
 0 0.632093
 0 0.632094
 0 0.632098
 0 0.632099
 0 0.63213
 0 0.632132
 0 0.632136
 0 0.632138
 0 0.632138
 0 0.63214
 0 0.63214
 0 0.632143
 0 0.63215
 0 0.632161
 0 0.632161
 0 0.632166
 0 0.632168
 0 0.632168
 0 0.632174
 0 0.632174
 0 0.632183
 0 0.632187
 0 0.632188
 0 0.632189
 0 0.63219
 0 0.632195
 0 0.632196
 0 0.632196
 0 0.6322
 0 0.632205
 0 0.632208
 0 0.632211
 0 0.632211
 0 0.632217
 0 0.632224
 0 0.632227
 0 0.632227
 0 0.63223
 0 0.632233
 0 0.632242
 0 0.632248
 0 0.632249
 0 0.632252
 0 0.632262
 0 0.632265
 0 0.632269
 0 0.632269
 0 0.63227
 0 0.632324
 0 0.632328
 0 0.632329
 0 0.63233
 0 0.632334
 0 0.632334
 0 0.632335
 0 0.632338
 0 0.632338
 0 0.632338
 0 0.632339
 0 0.63234
 0 0.63234
 0 0.632343
 0 0.632347
 0 0.632348
 0 0.632378
 0 0.632378
 0 0.63238
 0 0.632382
 0 0.632382
 0 0.632388
 0 0.632392
 0 0.632392
 0 0.632392
 0 0.632393
 0 0.632408
 0 0.632409
 0 0.632409
 0 0.632409
 0 0.632411
 0 0.632415
 0 0.632416
 0 0.632433
 0 0.632434
 0 0.632435
 0 0.632439
 0 0.632448
 0 0.63245
 0 0.632456
 0 0.632459
 0 0.632462
 0 0.632462
 0 0.632465
 0 0.632525
 0 0.632529
 0 0.632537
 0 0.632537
 0 0.632537
 0 0.632545
 0 0.632545
 0 0.632545
 0 0.632559
 0 0.632559
 0 0.63256
 0 0.63256
 0 0.632566
 0 0.63257
 0 0.632574
 0 0.632601
 0 0.632605
 0 0.632608
 0 0.632621
 0 0.632624
 0 0.632625
 0 0.632626
 0 0.632628
 0 0.632629
 0 0.632642
 0 0.632643
 0 0.632649
 0 0.632652
 0 0.632653
 0 0.632653
 0 0.632654
 0 0.63266
 0 0.632661
 0 0.632665
 0 0.632666
 0 0.632667
 0 0.632669
 0 0.63267
 0 0.632672
 0 0.632672
 0 0.632672
 0 0.632676
 0 0.632679
 0 0.632684
 0 0.632684
 0 0.632689
 0 0.632697
 0 0.632698
 0 0.632699
 0 0.632699
 0 0.6327
 0 0.6327
 0 0.63271
 0 0.632713
 0 0.632716
 0 0.632716
 0 0.632722
 0 0.632722
 0 0.632753
 0 0.632756
 0 0.632756
 0 0.632757
 0 0.632759
 0 0.632759
 0 0.632763
 0 0.632773
 0 0.632775
 0 0.632775
 0 0.632779
 0 0.632785
 0 0.632787
 0 0.632792
 0 0.632802
 0 0.632803
 0 0.632804
 0 0.632804
 0 0.632809
 0 0.63283
 0 0.63283
 0 0.632831
 0 0.632843
 0 0.632872
 0 0.63288
 0 0.632882
 0 0.632885
 0 0.632885
 0 0.632885
 0 0.632888
 0 0.632891
 0 0.632893
 0 0.632905
 0 0.632908
 0 0.632911
 0 0.632912
 0 0.632923
 0 0.63293
 0 0.632931
 0 0.632935
 0 0.632938
 0 0.632938
 0 0.632938
 0 0.632938
 0 0.632938
 0 0.63294
 0 0.632945
 0 0.632947
 0 0.632948
 0 0.63295
 0 0.632956
 0 0.632978
 0 0.632978
 0 0.632998
 0 0.633002
 0 0.633003
 0 0.633003
 0 0.633003
 0 0.633005
 0 0.633006
 0 0.633007
 0 0.633014
 0 0.633015
 0 0.633015
 0 0.633016
 0 0.633016
 0 0.633019
 0 0.633019
 0 0.633019
 0 0.633022
 0 0.633022
 0 0.633043
 0 0.633043
 0 0.633051
 0 0.633066
 0 0.633067
 0 0.633067
 0 0.633073
 0 0.633074
 0 0.633075
 0 0.633079
 0 0.633081
 0 0.633087
 0 0.633088
 0 0.633093
 0 0.633093
 0 0.633093
 0 0.633094
 0 0.633099
 0 0.633099
 0 0.633103
 0 0.633106
 0 0.63311
 0 0.63311
 0 0.63311
 0 0.633121
 0 0.633121
 0 0.633121
 0 0.633121
 0 0.633121
 0 0.633126
 0 0.633127
 0 0.633127
 0 0.633147
 0 0.633147
 0 0.633151
 0 0.633151
 0 0.633151
 0 0.633151
 0 0.633151
 0 0.633151
 0 0.633151
 0 0.633152
 0 0.633152
 0 0.633157
 0 0.633157
 0 0.633158
 0 0.633159
 0 0.633159
 0 0.633159
 0 0.633159
 0 0.633159
 0 0.633166
 0 0.633173
 0 0.63318
 0 0.633183
 0 0.633188
 0 0.633194
 0 0.633195
 0 0.633195
 0 0.633196
 0 0.633204
 0 0.633205
 0 0.633205
 0 0.633205
 0 0.633221
 0 0.633223
 0 0.63323
 0 0.63323
 0 0.633233
 0 0.633233
 0 0.633236
 0 0.633245
 0 0.633248
 0 0.63325
 0 0.633253
 0 0.633253
 0 0.633259
 0 0.633263
 0 0.633266
 0 0.633266
 0 0.633266
 0 0.633273
 0 0.633296
 0 0.633303
 0 0.633309
 0 0.63331
 0 0.633316
 0 0.633319
 0 0.633321
 0 0.633322
 0 0.633326
 0 0.633326
 0 0.633329
 0 0.63333
 0 0.63333
 0 0.63333
 0 0.633332
 0 0.633335
 0 0.633336
 0 0.633341
 0 0.633341
 0 0.633344
 0 0.633355
 0 0.633359
 0 0.633359
 0 0.633361
 0 0.633361
 0 0.633361
 0 0.633365
 0 0.633365
 0 0.633367
 0 0.63337
 0 0.633371
 0 0.633371
 0 0.633371
 0 0.633373
 0 0.633374
 0 0.633374
 0 0.633374
 0 0.633375
 0 0.633375
 0 0.633375
 0 0.633376
 0 0.633379
 0 0.633379
 0 0.633383
 0 0.633385
 0 0.633389
 0 0.633392
 0 0.633392
 0 0.633399
 0 0.633401
 0 0.633403
 0 0.633406
 0 0.63341
 0 0.63341
 0 0.633411
 0 0.633415
 0 0.633419
 0 0.633423
 0 0.633423
 0 0.633423
 0 0.63343
 0 0.633431
 0 0.633433
 0 0.633433
 0 0.633433
 0 0.633433
 0 0.633435
 0 0.633441
 0 0.633441
 0 0.633444
 0 0.633444
 0 0.633444
 0 0.633446
 0 0.633446
 0 0.633449
 0 0.633451
 0 0.633453
 0 0.633453
 0 0.633453
 0 0.633455
 0 0.633455
 0 0.633459
 0 0.633463
 0 0.633474
 0 0.633477
 0 0.633477
 0 0.63348
 0 0.63348
 0 0.633482
 0 0.633484
 0 0.633484
 0 0.633487
 0 0.633489
 0 0.633491
 0 0.633493
 0 0.633495
 0 0.633495
 0 0.633495
 0 0.633498
 0 0.6335
 0 0.6335
 0 0.633513
 0 0.633514
 0 0.633514
 0 0.633517
 0 0.633517
 0 0.633521
 0 0.633521
 0 0.633522
 0 0.633522
 0 0.633528
 0 0.633532
 0 0.633533
 0 0.633534
 0 0.633535
 0 0.633537
 0 0.633538
 0 0.633538
 0 0.633539
 0 0.63354
 0 0.633546
 0 0.633546
 0 0.633546
 0 0.633546
 0 0.633546
 0 0.633554
 0 0.633554
 0 0.633557
 0 0.633557
 0 0.633559
 0 0.633559
 0 0.63356
 0 0.633577
 0 0.633586
 0 0.633586
 0 0.633587
 0 0.633588
 0 0.633593
 0 0.633598
 0 0.633599
 0 0.633601
 0 0.633601
 0 0.633604
 0 0.633606
 0 0.633609
 0 0.633612
 0 0.633614
 0 0.633619
 0 0.633619
 0 0.633621
 0 0.633621
 0 0.633622
 0 0.633623
 0 0.633623
 0 0.633623
 0 0.633623
 0 0.633625
 0 0.633626
 0 0.633628
 0 0.633629
 0 0.633642
 0 0.633649
 0 0.633649
 0 0.633649
 0 0.633651
 0 0.633667
 0 0.633667
 0 0.633668
 0 0.63367
 0 0.633671
 0 0.633673
 0 0.633673
 0 0.633675
 0 0.633685
 0 0.63369
 0 0.633691
 0 0.633694
 0 0.633694
 0 0.633696
 0 0.633696
 0 0.633697
 0 0.633699
 0 0.6337
 0 0.633701
 0 0.633701
 0 0.633707
 0 0.633708
 0 0.63371
 0 0.63371
 0 0.63371
 0 0.63372
 0 0.633721
 0 0.633724
 0 0.633727
 0 0.633727
 0 0.633728
 0 0.633728
 0 0.633728
 0 0.633734
 0 0.633744
 0 0.633747
 0 0.633747
 0 0.633755
 0 0.633756
 0 0.633756
 0 0.633756
 0 0.633759
 0 0.63376
 0 0.63376
 0 0.63376
 0 0.633764
 0 0.633767
 0 0.633767
 0 0.633767
 0 0.633768
 0 0.633769
 0 0.633774
 0 0.633774
 0 0.633775
 0 0.633776
 0 0.633776
 0 0.633776
 0 0.633783
 0 0.63381
 0 0.633819
 0 0.63382
 0 0.633833
 0 0.633833
 0 0.633837
 0 0.633841
 0 0.633842
 0 0.633845
 0 0.633845
 0 0.633851
 0 0.633852
 0 0.633852
 0 0.633852
 0 0.633858
 0 0.633858
 0 0.633858
 0 0.633858
 0 0.633858
 0 0.63386
 0 0.633867
 0 0.633875
 0 0.633881
 0 0.633883
 0 0.633883
 0 0.633883
 0 0.63389
 0 0.633895
 0 0.633895
 0 0.633897
 0 0.633898
 0 0.6339
 0 0.6339
 0 0.633902
 0 0.633903
 0 0.633903
 0 0.633918
 0 0.633918
 0 0.633932
 0 0.633933
 0 0.633934
 0 0.633936
 0 0.633937
 0 0.633938
 0 0.633941
 0 0.633948
 0 0.633955
 0 0.633956
 0 0.633956
 0 0.633958
 0 0.633959
 0 0.633962
 0 0.633962
 0 0.633963
 0 0.633965
 0 0.633967
 0 0.633967
 0 0.633968
 0 0.633968
 0 0.633968
 0 0.633968
 0 0.633973
 0 0.633976
 0 0.633978
 0 0.633978
 0 0.633989
 0 0.633989
 0 0.633989
 0 0.633989
 0 0.63399
 0 0.633991
 0 0.633991
 0 0.633991
 0 0.633992
 0 0.633994
 0 0.633995
 0 0.633998
 0 0.633998
 0 0.634001
 0 0.634002
 0 0.634009
 0 0.63401
 0 0.634011
 0 0.634011
 0 0.634012
 0 0.634014
 0 0.634014
 0 0.634014
 0 0.634015
 0 0.634015
 0 0.634018
 0 0.634018
 0 0.634024
 0 0.634024
 0 0.634025
 0 0.634032
 0 0.634035
 0 0.634035
 0 0.634035
 0 0.634035
 0 0.634036
 0 0.634038
 0 0.634042
 0 0.634046
 0 0.634046
 0 0.634046
 0 0.634048
 0 0.634048
 0 0.634048
 0 0.63405
 0 0.63405
 0 0.634051
 0 0.634052
 0 0.634052
 0 0.634058
 0 0.634058
 0 0.634058
 0 0.634058
 0 0.634059
 0 0.634059
 0 0.63406
 0 0.634062
 0 0.634064
 0 0.634065
 0 0.634066
 0 0.634066
 0 0.634067
 0 0.634076
 0 0.634077
 0 0.634078
 0 0.634078
 0 0.634079
 0 0.63408
 0 0.63408
 0 0.634081
 0 0.634082
 0 0.634085
 0 0.634099
 0 0.634099
 0 0.63411
 0 0.634115
 0 0.634119
 0 0.634123
 0 0.634125
 0 0.634125
 0 0.634125
 0 0.634126
 0 0.634129
 0 0.63413
 0 0.63413
 0 0.634132
 0 0.634134
 0 0.634135
 0 0.634135
 0 0.634138
 0 0.634143
 0 0.634144
 0 0.634146
 0 0.634146
 0 0.634146
 0 0.634146
 0 0.634147
 0 0.634147
 0 0.63415
 0 0.634151
 0 0.634154
 0 0.634156
 0 0.634162
 0 0.634163
 0 0.634165
 0 0.634168
 0 0.634168
 0 0.634173
 0 0.634173
 0 0.634174
 0 0.634184
 0 0.634189
 0 0.634197
 0 0.634197
 0 0.634198
 0 0.634198
 0 0.63421
 0 0.63421
 0 0.634211
 0 0.634211
 0 0.634214
 0 0.634217
 0 0.634219
 0 0.634219
 0 0.634219
 0 0.634221
 0 0.634225
 0 0.634225
 0 0.63423
 0 0.634233
 0 0.634233
 0 0.634234
 0 0.634234
 0 0.634236
 0 0.63424
 0 0.63424
 0 0.634242
 0 0.634243
 0 0.634244
 0 0.634245
 0 0.634245
 0 0.634249
 0 0.634249
 0 0.63425
 0 0.634255
 0 0.634256
 0 0.634259
 0 0.634261
 0 0.634261
 0 0.634261
 0 0.634269
 0 0.634269
 0 0.63427
 0 0.63427
 0 0.634275
 0 0.634278
 0 0.634281
 0 0.634281
 0 0.634282
 0 0.634283
 0 0.634288
 0 0.63429
 0 0.63429
 0 0.634291
 0 0.634293
 0 0.6343
 0 0.634302
 0 0.634302
 0 0.634302
 0 0.634306
 0 0.634307
 0 0.634312
 0 0.634313
 0 0.634314
 0 0.63432
 0 0.634327
 0 0.634327
 0 0.634336
 0 0.634336
 0 0.634338
 0 0.634338
 0 0.63434
 0 0.63434
 0 0.634343
 0 0.634349
 0 0.634359
 0 0.634363
 0 0.634365
 0 0.634369
 0 0.634373
 0 0.634373
 0 0.634373
 0 0.634376
 0 0.634382
 0 0.634382
 0 0.634385
 0 0.634409
 0 0.634409
 0 0.634416
 0 0.634418
 0 0.634418
 0 0.634418
 0 0.63442
 0 0.63442
 0 0.634425
 0 0.634426
 0 0.634426
 0 0.634427
 0 0.634428
 0 0.634432
 0 0.634437
 0 0.634438
 0 0.634443
 0 0.634443
 0 0.634448
 0 0.634452
 0 0.634452
 0 0.634452
 0 0.634452
 0 0.634454
 0 0.634455
 0 0.634455
 0 0.634457
 0 0.634457
 0 0.634457
 0 0.634457
 0 0.634458
 0 0.634462
 0 0.634463
 0 0.634463
 0 0.634464
 0 0.634464
 0 0.634465
 0 0.634465
 0 0.634465
 0 0.634465
 0 0.634465
 0 0.634465
 0 0.634465
 0 0.634467
 0 0.634467
 0 0.634468
 0 0.634469
 0 0.634471
 0 0.634472
 0 0.634478
 0 0.634478
 0 0.63448
 0 0.634481
 0 0.634482
 0 0.634484
 0 0.634484
 0 0.634488
 0 0.634493
 0 0.634493
 0 0.6345
 0 0.6345
 0 0.6345
 0 0.634502
 0 0.634502
 0 0.634503
 0 0.634504
 0 0.634504
 0 0.634504
 0 0.634511
 0 0.634511
 0 0.634514
 0 0.634517
 0 0.634525
 0 0.634528
 0 0.634529
 0 0.634529
 0 0.634529
 0 0.634531
 0 0.634531
 0 0.634531
 0 0.634532
 0 0.634533
 0 0.634535
 0 0.634535
 0 0.634536
 0 0.634537
 0 0.634539
 0 0.634539
 0 0.63454
 0 0.63454
 0 0.63454
 0 0.634541
 0 0.634543
 0 0.634543
 0 0.634545
 0 0.634545
 0 0.634547
 0 0.634547
 0 0.634547
 0 0.634548
 0 0.63455
 0 0.634551
 0 0.634552
 0 0.634553
 0 0.634555
 0 0.634557
 0 0.63456
 0 0.634576
 0 0.634577
 0 0.63458
 0 0.634585
 0 0.634593
 0 0.634594
 0 0.634598
 0 0.634607
 0 0.63461
 0 0.634611
 0 0.634611
 0 0.634611
 0 0.634614
 0 0.634615
 0 0.634618
 0 0.634619
 0 0.634621
 0 0.634622
 0 0.634622
 0 0.634624
 0 0.634624
 0 0.634625
 0 0.634629
 0 0.634629
 0 0.634629
 0 0.634629
 0 0.634631
 0 0.634634
 0 0.634634
 0 0.634643
 0 0.634645
 0 0.634649
 0 0.634649
 0 0.634652
 0 0.634653
 0 0.634653
 0 0.634653
 0 0.634655
 0 0.634655
 0 0.634656
 0 0.634656
 0 0.634661
 0 0.634664
 0 0.634668
 0 0.634669
 0 0.634669
 0 0.634669
 0 0.63467
 0 0.634673
 0 0.6347
 0 0.634704
 0 0.634704
 0 0.634705
 0 0.634707
 0 0.634707
 0 0.634707
 0 0.634707
 0 0.634708
 0 0.634709
 0 0.634711
 0 0.634719
 0 0.634719
 0 0.634722
 0 0.634725
 0 0.634727
 0 0.63473
 0 0.634741
 0 0.634742
 0 0.634742
 0 0.634745
 0 0.634748
 0 0.634748
 0 0.634749
 0 0.634749
 0 0.634749
 0 0.634751
 0 0.634751
 0 0.634752
 0 0.634752
 0 0.634753
 0 0.634755
 0 0.634762
 0 0.634762
 0 0.634763
 0 0.634766
 0 0.634805
 0 0.634819
 0 0.634822
 0 0.634822
 0 0.634823
 0 0.634824
 0 0.634826
 0 0.634835
 0 0.634836
 0 0.634836
 0 0.634842
 0 0.634843
 0 0.634851
 0 0.634851
 0 0.634856
 0 0.634856
 0 0.63486
 0 0.634862
 0 0.634863
 0 0.634866
 0 0.634868
 0 0.634872
 0 0.634872
 0 0.634874
 0 0.634875
 0 0.634877
 0 0.634877
 0 0.634877
 0 0.634881
 0 0.634885
 0 0.634885
 0 0.634885
 0 0.634887
 0 0.634888
 0 0.634891
 0 0.634891
 0 0.634892
 0 0.634894
 0 0.634896
 0 0.634899
 0 0.634918
 0 0.634925
 0 0.634926
 0 0.63493
 0 0.63493
 0 0.634932
 0 0.634932
 0 0.634932
 0 0.634932
 0 0.634934
 0 0.634934
 0 0.634935
 0 0.634938
 0 0.634939
 0 0.634941
 0 0.634941
 0 0.634943
 0 0.634944
 0 0.634951
 0 0.634951
 0 0.634951
 0 0.634952
 0 0.634952
 0 0.634954
 0 0.634956
 0 0.634958
 0 0.634959
 0 0.63496
 0 0.634962
 0 0.634966
 0 0.634967
 0 0.634969
 0 0.634969
 0 0.634972
 0 0.634973
 0 0.634975
 0 0.634976
 0 0.634976
 0 0.63498
 0 0.634981
 0 0.634983
 0 0.634984
 0 0.634984
 0 0.634985
 0 0.634985
 0 0.634992
 0 0.634996
 0 0.634997
 0 0.634997
 0 0.634997
 0 0.634998
 0 0.635005
 0 0.635007
 0 0.635014
 0 0.635018
 0 0.63502
 0 0.635021
 0 0.635022
 0 0.635025
 0 0.635029
 0 0.635031
 0 0.635034
 0 0.635034
 0 0.635034
 0 0.635042
 0 0.635049
 0 0.635053
 0 0.635056
 0 0.635063
 0 0.635063
 0 0.635065
 0 0.635065
 0 0.635065
 0 0.635076
 0 0.635081
 0 0.635082
 0 0.635083
 0 0.635089
 0 0.635089
 0 0.635089
 0 0.635092
 0 0.635093
 0 0.635096
 0 0.635096
 0 0.635098
 0 0.6351
 0 0.635103
 0 0.635104
 0 0.635105
 0 0.635106
 0 0.635108
 0 0.635112
 0 0.635132
 0 0.635134
 0 0.635134
 0 0.635135
 0 0.635135
 0 0.635144
 0 0.635154
 0 0.635167
 0 0.635167
 0 0.635168
 0 0.635185
 0 0.635186
 0 0.635186
 0 0.635188
 0 0.635188
 0 0.635188
 0 0.635189
 0 0.635189
 0 0.63519
 0 0.635191
 0 0.635193
 0 0.635194
 0 0.635194
 0 0.635194
 0 0.635199
 0 0.635201
 0 0.635201
 0 0.635201
 0 0.635206
 0 0.635206
 0 0.635207
 0 0.635211
 0 0.635212
 0 0.635212
 0 0.635212
 0 0.635212
 0 0.635212
 0 0.635213
 0 0.635213
 0 0.635217
 0 0.635217
 0 0.635218
 0 0.635219
 0 0.635219
 0 0.635221
 0 0.635226
 0 0.635232
 0 0.635234
 0 0.635234
 0 0.635236
 0 0.635236
 0 0.635238
 0 0.635239
 0 0.635245
 0 0.635246
 0 0.63525
 0 0.635258
 0 0.63526
 0 0.635264
 0 0.635264
 0 0.635264
 0 0.635264
 0 0.635265
 0 0.635268
 0 0.635272
 0 0.635273
 0 0.635273
 0 0.635274
 0 0.635277
 0 0.635279
 0 0.63528
 0 0.63528
 0 0.635285
 0 0.635285
 0 0.635292
 0 0.635292
 0 0.635294
 0 0.635295
 0 0.635299
 0 0.6353
 0 0.635303
 0 0.635305
 0 0.635305
 0 0.635306
 0 0.635307
 0 0.635309
 0 0.635312
 0 0.635313
 0 0.635314
 0 0.635316
 0 0.63532
 0 0.63532
 0 0.635323
 0 0.635324
 0 0.635325
 0 0.635329
 0 0.635332
 0 0.635334
 0 0.635336
 0 0.635338
 0 0.635338
 0 0.635339
 0 0.635344
 0 0.635345
 0 0.635345
 0 0.635348
 0 0.635353
 0 0.635361
 0 0.635363
 0 0.635365
 0 0.635368
 0 0.63537
 0 0.635372
 0 0.63538
 0 0.63538
 0 0.635389
 0 0.635394
 0 0.635412
 0 0.635416
 0 0.63542
 0 0.635422
 0 0.635427
 0 0.63543
 0 0.635432
 0 0.635432
 0 0.635434
 0 0.635434
 0 0.635437
 0 0.635439
 0 0.635439
 0 0.635448
 0 0.635449
 0 0.63546
 0 0.635475
 0 0.63548
 0 0.635483
 0 0.635483
 0 0.635483
 0 0.635484
 0 0.635486
 0 0.635488
 0 0.63549
 0 0.635501
 0 0.635504
 0 0.635504
 0 0.635508
 0 0.635509
 0 0.635511
 0 0.635513
 0 0.635514
 0 0.635514
 0 0.635514
 0 0.635514
 0 0.635515
 0 0.635515
 0 0.635525
 0 0.635527
 0 0.635539
 0 0.635542
 0 0.635543
 0 0.635544
 0 0.635549
 0 0.635552
 0 0.635552
 0 0.635553
 0 0.635554
 0 0.635554
 0 0.635554
 0 0.635555
 0 0.635556
 0 0.635558
 0 0.63556
 0 0.63556
 0 0.63556
 0 0.635561
 0 0.635561
 0 0.635561
 0 0.635561
 0 0.635577
 0 0.635588
 0 0.63559
 0 0.63559
 0 0.635591
 0 0.635594
 0 0.635595
 0 0.635595
 0 0.635597
 0 0.635601
 0 0.635601
 0 0.635609
 0 0.635613
 0 0.635613
 0 0.635614
 0 0.635616
 0 0.635616
 0 0.635617
 0 0.635617
 0 0.635621
 0 0.635638
 0 0.63564
 0 0.635641
 0 0.635642
 0 0.635644
 0 0.635645
 0 0.635646
 0 0.635647
 0 0.635647
 0 0.635648
 0 0.635648
 0 0.635648
 0 0.635672
 0 0.635672
 0 0.635676
 0 0.635678
 0 0.635678
 0 0.635678
 0 0.635678
 0 0.635679
 0 0.635681
 0 0.635683
 0 0.635683
 0 0.635685
 0 0.635692
 0 0.635696
 0 0.635707
 0 0.635709
 0 0.63571
 0 0.635713
 0 0.635714
 0 0.635732
 0 0.635732
 0 0.635743
 0 0.635751
 0 0.635755
 0 0.635755
 0 0.635769
 0 0.635784
 0 0.635784
 0 0.635784
 0 0.635796
 0 0.635807
 0 0.635808
 0 0.635811
 0 0.635816
 0 0.635816
 0 0.635818
 0 0.63582
 0 0.635832
 0 0.635835
 0 0.635835
 0 0.635836
 0 0.635846
 0 0.635848
 0 0.635849
 0 0.63585
 0 0.635852
 0 0.635854
 0 0.635855
 0 0.635872
 0 0.635889
 0 0.635912
 0 0.635913
 0 0.635917
 0 0.635918
 0 0.635951
 0 0.635958
 0 0.63597
 0 0.635971
 0 0.635977
 0 0.635977
 0 0.635977
 0 0.635977
 0 0.635987
 0 0.635993
 0 0.636002
 0 0.636004
 0 0.636008
 0 0.636009
 0 0.636012
 0 0.636013
 0 0.636016
 0 0.636019
 0 0.636024
 0 0.636025
 0 0.636028
 0 0.63603
 0 0.636032
 0 0.636032
 0 0.636037
 0 0.636037
 0 0.636037
 0 0.636041
 0 0.636044
 0 0.636044
 0 0.636055
 0 0.636055
 0 0.636058
 0 0.636058
 0 0.636063
 0 0.636064
 0 0.636073
 0 0.636079
 0 0.636079
 0 0.636079
 0 0.636079
 0 0.636079
 0 0.636099
 0 0.636102
 0 0.636102
 0 0.636102
 0 0.636104
 0 0.636104
 0 0.636106
 0 0.636106
 0 0.636108
 0 0.63611
 0 0.63611
 0 0.636111
 0 0.636111
 0 0.636119
 0 0.636121
 0 0.636122
 0 0.636124
 0 0.636127
 0 0.636127
 0 0.636128
 0 0.636132
 0 0.636139
 0 0.636139
 0 0.63614
 0 0.636141
 0 0.636142
 0 0.636145
 0 0.636149
 0 0.636153
 0 0.636159
 0 0.636166
 0 0.636181
 0 0.636184
 0 0.636184
 0 0.63622
 0 0.63622
 0 0.636221
 0 0.636222
 0 0.636225
 0 0.636225
 0 0.636226
 0 0.636233
 0 0.636234
 0 0.63624
 0 0.636248
 0 0.636253
 0 0.636256
 0 0.636256
 0 0.636261
 0 0.636265
 0 0.636265
 0 0.636266
 0 0.636266
 0 0.63627
 0 0.63627
 0 0.636276
 0 0.63628
 0 0.636311
 0 0.636328
 0 0.636332
 0 0.636332
 0 0.636333
 0 0.636356
 0 0.636356
 0 0.636357
 0 0.636362
 0 0.636362
 0 0.636366
 0 0.636371
 0 0.636371
 0 0.636383
 0 0.636386
 0 0.636388
 0 0.636388
 0 0.63639
 0 0.63639
 0 0.636394
 0 0.636399
 0 0.6364
 0 0.636413
 0 0.636418
 0 0.636435
 0 0.636437
 0 0.63644
 0 0.636442
 0 0.636443
 0 0.636443
 0 0.636447
 0 0.636458
 0 0.636458
 0 0.636458
 0 0.63646
 0 0.636466
 0 0.636467
 0 0.636467
 0 0.636467
 0 0.636475
 0 0.636486
 0 0.636488
 0 0.636502
 0 0.636503
 0 0.636503
 0 0.636503
 0 0.636505
 0 0.636507
 0 0.636519
 0 0.636533
 0 0.636533
 0 0.636536
 0 0.636536
 0 0.636536
 0 0.636542
 0 0.636546
 0 0.636577
 0 0.636582
 0 0.636584
 0 0.636598
 0 0.636599
 0 0.636604
 0 0.636625
 0 0.636631
 0 0.636631
 0 0.636633
 0 0.636667
 0 0.636669
 0 0.636673
 0 0.636682
 0 0.636682
 0 0.636687
 0 0.636692
 0 0.636692
 0 0.636697
 0 0.63672
 0 0.636725
 0 0.636752
 0 0.636752
 0 0.636757
 0 0.636761
 0 0.636761
 0 0.636761
 0 0.636763
 0 0.636765
 0 0.636765
 0 0.636772
 0 0.63679
 0 0.63679
 0 0.636791
 0 0.636792
 0 0.636792
 0 0.636798
 0 0.636804
 0 0.636842
 0 0.636846
 0 0.636851
 0 0.636851
 0 0.636852
 0 0.636855
 0 0.636855
 0 0.636859
 0 0.636863
 0 0.636863
 0 0.636863
 0 0.636925
 0 0.636955
 0 0.636958
 0 0.636958
 0 0.636958
 0 0.636967
 0 0.636969
 0 0.636969
 0 0.636976
 0 0.636985
 0 0.636994
 0 0.637023
 0 0.637023
 0 0.637029
 0 0.637031
 0 0.637037
 0 0.637038
 0 0.637041
 0 0.637046
 0 0.637056
 0 0.637056
 0 0.637057
 0 0.637057
 0 0.637058
 0 0.637058
 0 0.637095
 0 0.6371
 0 0.6371
 0 0.637107
 0 0.637113
 0 0.637115
 0 0.637117
 0 0.637163
 0 0.637184
 0 0.637184
 0 0.637188
 0 0.637203
 0 0.637207
 0 0.637305
 0 0.637372
 0 0.637375
 0 0.637386
 0 0.637392
 0 0.637442
 0 0.637444
 0 0.637448
 0 0.637451
 0 0.637454
 0 0.637454
 0 0.637457
 0 0.63749
 0 0.637491
 0 0.637495
 0 0.637499
 0 0.637506
 0 0.637506
 0 0.637594
 0 0.637596
 0 0.637597
 0 0.6376
 0 0.637601
 0 0.637622
 0 0.637628
 0 0.637635
 0 0.637637
 0 0.637644
 0 0.637644
 0 0.637644
 0 0.637653
 0 0.637668
 0 0.63767
 0 0.637672
 0 0.637675
 0 0.637676
 0 0.637679
 0 0.637679
 0 0.637681
 0 0.637685
 0 0.637686
 0 0.637716
 0 0.637769
 0 0.63777
 0 0.637775
 0 0.637777
 0 0.637777
 0 0.637822
 0 0.637823
 0 0.637825
 0 0.637847
 0 0.637848
 0 0.637848
 0 0.637851
 0 0.637859
 0 0.637885
 0 0.637907
 0 0.637923
 0 0.63793
 0 0.637961
 0 0.638007
 0 0.638036
 0 0.638036
 0 0.638071
 0 0.638075
 0 0.638076
 0 0.63808
 0 0.63808
 0 0.63809
 0 0.638121
 0 0.638226
 0 0.638226
 0 0.63823
 0 0.638237
 0 0.638243
 0 0.638249
 0 0.638254
 0 0.638257
 0 0.638257
 0 0.638257
 0 0.638283
 0 0.638284
 0 0.638291
 0 0.638332
 0 0.638345
 0 0.638392
 0 0.6384
 0 0.638451
 0 0.638458
 0 0.638461
 0 0.638509
 0 0.638509
 0 0.63851
 0 0.638522
 0 0.638529
 0 0.638536
 0 0.63854
 0 0.638583
 0 0.638605
 0 0.638632
 0 0.638632
 0 0.638704
 0 0.638705
 0 0.638705
 0 0.638805
 0 0.638805
 0 0.63882
 0 0.63882
 0 0.638979
 0 0.638979
 0 0.638979
 0 0.638987
 0 0.639035
 0 0.639045
 0 0.639066
 0 0.639091
 0 0.639095
 0 0.639104
 0 0.639104
 0 0.639105
 0 0.639147
 0 0.639223
 0 0.639229
 0 0.639273
 0 0.639283
 0 0.639342
 0 0.639343
 0 0.639343
 0 0.639343
 0 0.639346
 0 0.639346
 0 0.639389
 0 0.639393
 0 0.639393
 0 0.639451
 0 0.639463
 0 0.639463
 0 0.639501
 0 0.639515
 0 0.639582
 0 0.639872
 0 0.639883
 0 0.639883
 0 0.639921
 0 0.639923
 0 0.640097
 0 0.640175
 0 0.640182
 0 0.640441
 0 0.640701
 0 0.640708
 0 0.641118
 0 0.641118
 0 0.641368
 0 0.641623
 0 0.641637
 0 0.641971
 0 0.64216
 0 0.64216
 0 0.642167
 0 0.642385
 0 0.642385
 0 0.642385
 0 0.642388
 0 0.64239
 0 0.642999
 0 0.642999
 0 0.64323
 0 0.646368
 0 0.646735
 0 0.646916
 0 0.647181
 0 0.647728
 0 0.647728
 0 inf
