 0 0.480344
 0 0.480471
 0 0.480471
 0 0.480514
 0 0.480514
 0 0.481499
 0 0.620433
 0 0.620492
 0 0.620893
 0 0.620893
 0 0.620893
 0 0.620893
 0 0.620893
 0 0.62091
 0 0.621721
 0 0.621721
 0 0.62178
 0 0.62178
 0 0.623418
 0 0.623418
 0 0.624056
 0 0.624056
 0 0.624056
 0 0.62434
 0 0.625987
 0 0.625988
 0 0.626087
 0 0.626182
 0 0.626197
 0 0.626322
 0 0.626323
 0 0.62636
 0 0.626538
 0 0.626538
 0 0.626538
 0 0.626698
 0 0.626699
 0 0.62683
 0 0.626874
 0 0.626958
 0 0.626971
 0 0.627178
 0 0.627179
 0 0.627179
 0 0.627247
 0 0.627416
 0 0.62759
 0 0.627619
 0 0.627934
 0 0.628129
 0 0.628129
 0 0.628172
 0 0.628172
 0 0.628172
 0 0.628402
 0 0.628402
 0 0.628402
 0 0.628402
 0 0.628402
 0 0.628531
 0 0.628549
 0 0.628774
 0 0.628774
 0 0.628774
 0 0.628953
 0 0.628953
 0 0.629051
 0 0.629051
 0 0.629051
 0 0.629051
 0 0.629309
 0 0.629309
 0 0.629367
 0 0.629388
 0 0.629389
 0 0.629411
 0 0.629864
 0 0.629864
 0 0.630061
 0 0.630257
 0 0.630258
 0 0.630258
 0 0.630259
 0 0.630266
 0 0.630266
 0 0.630266
 0 0.63036
 0 0.630627
 0 0.630627
 0 0.630687
 0 0.63076
 0 0.63076
 0 0.63078
 0 0.630781
 0 0.630782
 0 0.630836
 0 0.630837
 0 0.630873
 0 0.630873
 0 0.630876
 0 0.630881
 0 0.630881
 0 0.631003
 0 0.631026
 0 0.631165
 0 0.631218
 0 0.631311
 0 0.631349
 0 0.631405
 0 0.63145
 0 0.63145
 0 0.63145
 0 0.631488
 0 0.631489
 0 0.631489
 0 0.631496
 0 0.631497
 0 0.631535
 0 0.631536
 0 0.631536
 0 0.631555
 0 0.631555
 0 0.631555
 0 0.631555
 0 0.631556
 0 0.631669
 0 0.631669
 0 0.631669
 0 0.631737
 0 0.631739
 0 0.631766
 0 0.631773
 0 0.631775
 0 0.631775
 0 0.631804
 0 0.631804
 0 0.631817
 0 0.631831
 0 0.631832
 0 0.631832
 0 0.631832
 0 0.631872
 0 0.631931
 0 0.631937
 0 0.631937
 0 0.631938
 0 0.631991
 0 0.631991
 0 0.632001
 0 0.632001
 0 0.632007
 0 0.632008
 0 0.632008
 0 0.632008
 0 0.632009
 0 0.632143
 0 0.632145
 0 0.632242
 0 0.632299
 0 0.6323
 0 0.6323
 0 0.6323
 0 0.6323
 0 0.632309
 0 0.63231
 0 0.632313
 0 0.632314
 0 0.632315
 0 0.63237
 0 0.632371
 0 0.632371
 0 0.632371
 0 0.632381
 0 0.632381
 0 0.632414
 0 0.632415
 0 0.632435
 0 0.632439
 0 0.63244
 0 0.63244
 0 0.632443
 0 0.632447
 0 0.632447
 0 0.632453
 0 0.63247
 0 0.632475
 0 0.632475
 0 0.632476
 0 0.6325
 0 0.63258
 0 0.632599
 0 0.632626
 0 0.632627
 0 0.632627
 0 0.632683
 0 0.632684
 0 0.632684
 0 0.632692
 0 0.632713
 0 0.632738
 0 0.632779
 0 0.632807
 0 0.632807
 0 0.632826
 0 0.632826
 0 0.632843
 0 0.632852
 0 0.632873
 0 0.632873
 0 0.632873
 0 0.632873
 0 0.632874
 0 0.632877
 0 0.632877
 0 0.632883
 0 0.632883
 0 0.632902
 0 0.632902
 0 0.632902
 0 0.632904
 0 0.632956
 0 0.633003
 0 0.633004
 0 0.633004
 0 0.633004
 0 0.63302
 0 0.633096
 0 0.63313
 0 0.63313
 0 0.633131
 0 0.633152
 0 0.633152
 0 0.633234
 0 0.633235
 0 0.633236
 0 0.633236
 0 0.633262
 0 0.633263
 0 0.633276
 0 0.633276
 0 0.633286
 0 0.633291
 0 0.633373
 0 0.633374
 0 0.633394
 0 0.633395
 0 0.633432
 0 0.633433
 0 0.633544
 0 0.633544
 0 0.633544
 0 0.63355
 0 0.633555
 0 0.633555
 0 0.633555
 0 0.633572
 0 0.633572
 0 0.633582
 0 0.633582
 0 0.633582
 0 0.633582
 0 0.633582
 0 0.633584
 0 0.633663
 0 0.6337
 0 0.633724
 0 0.633724
 0 0.633726
 0 0.633726
 0 0.633767
 0 0.633767
 0 0.633768
 0 0.633768
 0 0.633775
 0 0.633814
 0 0.633814
 0 0.633814
 0 0.633847
 0 0.633848
 0 0.633851
 0 0.63386
 0 0.63386
 0 0.633915
 0 0.633915
 0 0.633915
 0 0.633915
 0 0.633915
 0 0.633915
 0 0.633916
 0 0.633928
 0 0.633929
 0 0.633931
 0 0.633998
 0 0.634007
 0 0.634008
 0 0.634055
 0 0.634057
 0 0.634065
 0 0.634065
 0 0.634065
 0 0.634065
 0 0.634065
 0 0.634102
 0 0.634102
 0 0.634102
 0 0.634105
 0 0.634112
 0 0.634112
 0 0.63412
 0 0.634122
 0 0.634125
 0 0.634126
 0 0.634126
 0 0.634134
 0 0.634134
 0 0.634134
 0 0.634136
 0 0.634137
 0 0.634137
 0 0.634172
 0 0.634172
 0 0.634172
 0 0.634177
 0 0.634178
 0 0.634183
 0 0.634219
 0 0.634301
 0 0.634301
 0 0.634335
 0 0.634335
 0 0.634335
 0 0.634336
 0 0.634391
 0 0.634391
 0 0.634408
 0 0.634408
 0 0.634428
 0 0.634428
 0 0.634428
 0 0.634428
 0 0.63443
 0 0.634465
 0 0.634465
 0 0.634465
 0 0.634609
 0 0.63467
 0 0.634672
 0 0.634672
 0 0.634717
 0 0.634729
 0 0.63474
 0 0.634747
 0 0.634755
 0 0.634756
 0 0.634756
 0 0.634819
 0 0.63482
 0 0.634949
 0 0.634949
 0 0.634949
 0 0.634953
 0 0.634983
 0 0.634985
 0 0.634986
 0 0.634986
 0 0.63499
 0 0.63499
 0 0.63499
 0 0.635008
 0 0.635009
 0 0.635012
 0 0.635044
 0 0.635044
 0 0.635045
 0 0.635046
 0 0.635049
 0 0.63505
 0 0.635051
 0 0.635051
 0 0.635121
 0 0.635137
 0 0.635138
 0 0.635139
 0 0.635139
 0 0.635192
 0 0.635277
 0 0.635281
 0 0.635281
 0 0.635281
 0 0.635302
 0 0.635302
 0 0.635328
 0 0.635328
 0 0.635328
 0 0.635328
 0 0.635331
 0 0.635378
 0 0.635379
 0 0.635379
 0 0.635385
 0 0.635385
 0 0.635387
 0 0.635391
 0 0.6354
 0 0.635444
 0 0.635445
 0 0.635445
 0 0.635469
 0 0.635469
 0 0.63547
 0 0.63547
 0 0.6355
 0 0.6355
 0 0.6355
 0 0.635501
 0 0.635507
 0 0.635525
 0 0.635525
 0 0.635525
 0 0.635596
 0 0.635596
 0 0.635621
 0 0.635621
 0 0.63564
 0 0.635646
 0 0.635653
 0 0.635663
 0 0.635663
 0 0.635791
 0 0.635791
 0 0.635796
 0 0.635796
 0 0.635801
 0 0.635801
 0 0.635801
 0 0.635855
 0 0.635855
 0 0.635875
 0 0.635878
 0 0.635878
 0 0.635879
 0 0.635879
 0 0.635879
 0 0.635902
 0 0.635935
 0 0.636028
 0 0.636028
 0 0.63603
 0 0.636048
 0 0.636048
 0 0.636049
 0 0.636127
 0 0.636243
 0 0.636245
 0 0.636279
 0 0.636283
 0 0.636283
 0 0.63631
 0 0.63631
 0 0.63631
 0 0.63635
 0 0.636353
 0 0.636354
 0 0.636373
 0 0.636441
 0 0.636441
 0 0.636495
 0 0.636495
 0 0.636496
 0 0.636496
 0 0.636543
 0 0.636551
 0 0.636552
 0 0.636552
 0 0.636576
 0 0.636636
 0 0.636636
 0 0.636636
 0 0.636636
 0 0.636724
 0 0.636737
 0 0.636768
 0 0.636775
 0 0.636793
 0 0.636793
 0 0.636793
 0 0.636812
 0 0.63683
 0 0.636832
 0 0.636846
 0 0.636846
 0 0.636854
 0 0.636854
 0 0.636926
 0 0.636986
 0 0.636986
 0 0.636987
 0 0.637008
 0 0.63701
 0 0.63701
 0 0.637065
 0 0.637126
 0 0.637127
 0 0.637127
 0 0.63717
 0 0.637171
 0 0.637191
 0 0.637233
 0 0.637234
 0 0.637242
 0 0.637243
 0 0.637243
 0 0.63726
 0 0.63726
 0 0.637267
 0 0.637267
 0 0.637268
 0 0.637324
 0 0.637333
 0 0.637334
 0 0.637353
 0 0.637353
 0 0.637387
 0 0.637416
 0 0.637479
 0 0.63748
 0 0.63748
 0 0.637483
 0 0.637484
 0 0.637485
 0 0.637554
 0 0.637555
 0 0.637627
 0 0.637628
 0 0.637659
 0 0.63766
 0 0.63766
 0 0.63766
 0 0.637661
 0 0.637685
 0 0.637694
 0 0.637719
 0 0.637737
 0 0.637778
 0 0.637778
 0 0.637794
 0 0.637804
 0 0.637853
 0 0.637853
 0 0.637853
 0 0.637854
 0 0.63787
 0 0.637886
 0 0.637887
 0 0.637887
 0 0.637889
 0 0.637957
 0 0.637957
 0 0.637957
 0 0.637957
 0 0.63797
 0 0.637971
 0 0.637976
 0 0.637976
 0 0.637976
 0 0.638
 0 0.638001
 0 0.63805
 0 0.63805
 0 0.638051
 0 0.638091
 0 0.638113
 0 0.638114
 0 0.638114
 0 0.638164
 0 0.638194
 0 0.638201
 0 0.638201
 0 0.638203
 0 0.638203
 0 0.638205
 0 0.638337
 0 0.638338
 0 0.638338
 0 0.638338
 0 0.638356
 0 0.638356
 0 0.638356
 0 0.638356
 0 0.638356
 0 0.638357
 0 0.638373
 0 0.638374
 0 0.638377
 0 0.638396
 0 0.638452
 0 0.638456
 0 0.638456
 0 0.638496
 0 0.638496
 0 0.638513
 0 0.638521
 0 0.638522
 0 0.638522
 0 0.638522
 0 0.638529
 0 0.638529
 0 0.63853
 0 0.638577
 0 0.638669
 0 0.638669
 0 0.638722
 0 0.638722
 0 0.638722
 0 0.638722
 0 0.638722
 0 0.638722
 0 0.638757
 0 0.638757
 0 0.638794
 0 0.638813
 0 0.638813
 0 0.638829
 0 0.638829
 0 0.638874
 0 0.638912
 0 0.638913
 0 0.638931
 0 0.638937
 0 0.638938
 0 0.639016
 0 0.639035
 0 0.639035
 0 0.639035
 0 0.639045
 0 0.639144
 0 0.639176
 0 0.639176
 0 0.639199
 0 0.639201
 0 0.639233
 0 0.639235
 0 0.639235
 0 0.639254
 0 0.639254
 0 0.639254
 0 0.639254
 0 0.639254
 0 0.639297
 0 0.639332
 0 0.639333
 0 0.639366
 0 0.639367
 0 0.6394
 0 0.639404
 0 0.639425
 0 0.639426
 0 0.639457
 0 0.639463
 0 0.639464
 0 0.639464
 0 0.639464
 0 0.639465
 0 0.639468
 0 0.639468
 0 0.639504
 0 0.639506
 0 0.639507
 0 0.639507
 0 0.639511
 0 0.639511
 0 0.639538
 0 0.639566
 0 0.639566
 0 0.639567
 0 0.639635
 0 0.639635
 0 0.639652
 0 0.639652
 0 0.639676
 0 0.639676
 0 0.639676
 0 0.639736
 0 0.639736
 0 0.639839
 0 0.639839
 0 0.639858
 0 0.639968
 0 0.639973
 0 0.640008
 0 0.640008
 0 0.640063
 0 0.640144
 0 0.640144
 0 0.640144
 0 0.640203
 0 0.640204
 0 0.640214
 0 0.640215
 0 0.640215
 0 0.640254
 0 0.64031
 0 0.64031
 0 0.640321
 0 0.640331
 0 0.640345
 0 0.64037
 0 0.640381
 0 0.640419
 0 0.64042
 0 0.640426
 0 0.640426
 0 0.640495
 0 0.640495
 0 0.640495
 0 0.640591
 0 0.640591
 0 0.640591
 0 0.640591
 0 0.640645
 0 0.640691
 0 0.640691
 0 0.640691
 0 0.640692
 0 0.640692
 0 0.640692
 0 0.640693
 0 0.640693
 0 0.640703
 0 0.640794
 0 0.640795
 0 0.640799
 0 0.6408
 0 0.640823
 0 0.640869
 0 0.640869
 0 0.641024
 0 0.641025
 0 0.641025
 0 0.641088
 0 0.641088
 0 0.641375
 0 0.6414
 0 0.641404
 0 0.641405
 0 0.641426
 0 0.64145
 0 0.64145
 0 0.641451
 0 0.641451
 0 0.641536
 0 0.641536
 0 0.641536
 0 0.641549
 0 0.64155
 0 0.64155
 0 0.64155
 0 0.641614
 0 0.641696
 0 0.641725
 0 0.641726
 0 0.641762
 0 0.641762
 0 0.641855
 0 0.641855
 0 0.641893
 0 0.641893
 0 0.641893
 0 0.64193
 0 0.64193
 0 0.641957
 0 0.641958
 0 0.641973
 0 0.642022
 0 0.642023
 0 0.642024
 0 0.642132
 0 0.642133
 0 0.642221
 0 0.642222
 0 0.642229
 0 0.64228
 0 0.64228
 0 0.642291
 0 0.642291
 0 0.642296
 0 0.642296
 0 0.642348
 0 0.642349
 0 0.642349
 0 0.64235
 0 0.642373
 0 0.64243
 0 0.642471
 0 0.642529
 0 0.642534
 0 0.642695
 0 0.642696
 0 0.642696
 0 0.64274
 0 0.642773
 0 0.642773
 0 0.642775
 0 0.642784
 0 0.642824
 0 0.642824
 0 0.642911
 0 0.642946
 0 0.642947
 0 0.642947
 0 0.64295
 0 0.642969
 0 0.642969
 0 0.643019
 0 0.643019
 0 0.643047
 0 0.643048
 0 0.643048
 0 0.64305
 0 0.643183
 0 0.643183
 0 0.643183
 0 0.643183
 0 0.643197
 0 0.643202
 0 0.643202
 0 0.643202
 0 0.643236
 0 0.643236
 0 0.643236
 0 0.643237
 0 0.643408
 0 0.643408
 0 0.643425
 0 0.643494
 0 0.643494
 0 0.64352
 0 0.64352
 0 0.64352
 0 0.643633
 0 0.643633
 0 0.643634
 0 0.643644
 0 0.643646
 0 0.643646
 0 0.643828
 0 0.643911
 0 0.643977
 0 0.644081
 0 0.644081
 0 0.644114
 0 0.644125
 0 0.644126
 0 0.644175
 0 0.644289
 0 0.644498
 0 0.644498
 0 0.644519
 0 0.644725
 0 0.644726
 0 0.644726
 0 0.64483
 0 0.64483
 0 0.645065
 0 0.645424
 0 0.645425
 0 0.645471
 0 0.645471
 0 0.645472
 0 0.645497
 0 0.645497
 0 0.645497
 0 0.645516
 0 0.645517
 0 0.645639
 0 0.645639
 0 0.645815
 0 0.646332
 0 0.646332
 0 0.646463
 0 0.646463
 0 0.646463
 0 0.646731
 0 0.647174
 0 0.647174
 0 0.647174
 0 0.647487
 0 0.647487
 0 0.650099
 0 0.650288
 0 0.650288
 0 0.650288
 0 0.651224
 0 0.651224
 0 0.651343
 0 0.651401
 0 0.651403
 0 0.651403
 0 0.651403
 0 0.651403
 0 0.652635
 0 0.652777
 0 0.652777
 0 0.653676
 0 0.653678
 0 0.653678
 0 0.835728
 0 0.835728
 0 0.837174
 0 0.837174
 0 0.837175
 0 0.837175
 0 1.15613
 0 1.15613
 0 1.1565
 0 1.15699
 0 1.15699
 0 1.15699
 0 inf
