 0 0.493944
 0 0.493944
 0 0.494162
 0 0.494162
 0 0.494162
 0 0.495044
 0 0.506656
 0 0.506657
 0 0.506657
 0 0.506685
 0 0.506685
 0 0.507087
 0 0.614262
 0 0.615365
 0 0.615365
 0 0.615365
 0 0.615365
 0 0.615906
 0 0.616251
 0 0.616663
 0 0.616663
 0 0.616894
 0 0.616894
 0 0.616894
 0 0.617816
 0 0.618152
 0 0.618152
 0 0.618152
 0 0.618153
 0 0.619078
 0 0.61988
 0 0.620059
 0 0.620059
 0 0.62006
 0 0.620505
 0 0.62073
 0 0.62073
 0 0.62073
 0 0.62073
 0 0.62073
 0 0.620955
 0 0.620955
 0 0.621244
 0 0.621262
 0 0.621262
 0 0.621913
 0 0.621914
 0 0.62193
 0 0.622158
 0 0.622159
 0 0.622178
 0 0.622392
 0 0.622392
 0 0.622393
 0 0.62301
 0 0.623011
 0 0.623011
 0 0.623104
 0 0.623453
 0 0.623498
 0 0.623498
 0 0.623527
 0 0.623527
 0 0.623527
 0 0.623763
 0 0.624021
 0 0.624021
 0 0.624353
 0 0.624353
 0 0.62437
 0 0.62437
 0 0.624655
 0 0.624655
 0 0.624715
 0 0.624715
 0 0.624715
 0 0.624982
 0 0.624983
 0 0.625214
 0 0.625214
 0 0.625241
 0 0.625242
 0 0.625243
 0 0.625477
 0 0.625499
 0 0.625618
 0 0.625682
 0 0.625723
 0 0.625761
 0 0.625761
 0 0.625774
 0 0.625788
 0 0.625816
 0 0.625817
 0 0.625965
 0 0.625966
 0 0.62603
 0 0.62605
 0 0.626097
 0 0.62614
 0 0.62614
 0 0.626148
 0 0.626148
 0 0.626148
 0 0.626148
 0 0.626209
 0 0.62621
 0 0.626348
 0 0.626348
 0 0.62635
 0 0.626378
 0 0.626379
 0 0.626413
 0 0.626436
 0 0.626436
 0 0.626461
 0 0.626461
 0 0.626697
 0 0.626706
 0 0.626707
 0 0.626736
 0 0.626736
 0 0.626736
 0 0.627025
 0 0.627044
 0 0.627076
 0 0.627153
 0 0.627153
 0 0.627153
 0 0.627153
 0 0.627256
 0 0.62727
 0 0.627328
 0 0.627329
 0 0.627329
 0 0.627329
 0 0.627366
 0 0.627367
 0 0.627367
 0 0.627449
 0 0.627497
 0 0.627497
 0 0.627498
 0 0.627499
 0 0.627631
 0 0.627685
 0 0.627685
 0 0.627685
 0 0.627786
 0 0.627786
 0 0.627786
 0 0.627816
 0 0.627854
 0 0.62786
 0 0.627874
 0 0.627874
 0 0.627962
 0 0.627963
 0 0.627966
 0 0.628055
 0 0.628064
 0 0.628066
 0 0.62808
 0 0.628126
 0 0.628126
 0 0.628289
 0 0.628301
 0 0.628302
 0 0.62841
 0 0.62841
 0 0.628435
 0 0.628435
 0 0.628446
 0 0.628446
 0 0.628454
 0 0.628454
 0 0.628459
 0 0.628459
 0 0.628473
 0 0.628473
 0 0.628486
 0 0.628507
 0 0.628558
 0 0.628558
 0 0.628559
 0 0.628597
 0 0.628597
 0 0.628632
 0 0.628632
 0 0.628633
 0 0.628742
 0 0.628742
 0 0.628753
 0 0.628753
 0 0.628754
 0 0.628762
 0 0.628764
 0 0.628783
 0 0.628784
 0 0.628784
 0 0.628796
 0 0.628823
 0 0.628823
 0 0.628831
 0 0.628915
 0 0.628915
 0 0.628915
 0 0.628917
 0 0.628918
 0 0.628928
 0 0.628934
 0 0.628949
 0 0.628958
 0 0.628958
 0 0.628987
 0 0.628987
 0 0.628987
 0 0.628987
 0 0.629001
 0 0.629001
 0 0.629008
 0 0.629008
 0 0.629008
 0 0.629012
 0 0.629012
 0 0.629016
 0 0.629016
 0 0.629016
 0 0.629034
 0 0.629034
 0 0.629034
 0 0.629116
 0 0.629166
 0 0.629183
 0 0.629185
 0 0.629213
 0 0.629233
 0 0.62926
 0 0.6293
 0 0.6293
 0 0.629334
 0 0.629334
 0 0.629344
 0 0.629344
 0 0.629344
 0 0.629344
 0 0.629349
 0 0.629349
 0 0.629351
 0 0.629353
 0 0.629366
 0 0.629366
 0 0.629408
 0 0.629421
 0 0.629422
 0 0.629452
 0 0.629453
 0 0.629479
 0 0.629492
 0 0.629492
 0 0.62953
 0 0.629544
 0 0.629557
 0 0.62963
 0 0.629642
 0 0.629709
 0 0.629717
 0 0.629717
 0 0.629732
 0 0.629791
 0 0.629869
 0 0.629882
 0 0.629887
 0 0.629887
 0 0.629889
 0 0.629889
 0 0.629889
 0 0.629889
 0 0.629911
 0 0.629911
 0 0.62992
 0 0.629922
 0 0.629935
 0 0.629973
 0 0.629973
 0 0.629973
 0 0.629973
 0 0.629973
 0 0.629995
 0 0.630071
 0 0.630071
 0 0.630115
 0 0.630131
 0 0.630158
 0 0.630158
 0 0.630158
 0 0.630273
 0 0.630273
 0 0.630275
 0 0.630321
 0 0.630322
 0 0.630322
 0 0.630322
 0 0.630322
 0 0.630322
 0 0.630341
 0 0.630341
 0 0.630351
 0 0.630376
 0 0.630376
 0 0.630398
 0 0.630398
 0 0.630412
 0 0.630412
 0 0.630524
 0 0.630524
 0 0.630524
 0 0.630525
 0 0.630525
 0 0.630547
 0 0.630547
 0 0.630547
 0 0.630547
 0 0.630624
 0 0.630624
 0 0.630733
 0 0.630746
 0 0.630746
 0 0.630756
 0 0.630758
 0 0.630758
 0 0.630812
 0 0.630812
 0 0.630846
 0 0.630854
 0 0.630854
 0 0.630854
 0 0.630887
 0 0.630887
 0 0.630888
 0 0.630888
 0 0.630899
 0 0.630899
 0 0.630899
 0 0.630904
 0 0.630904
 0 0.630905
 0 0.630946
 0 0.630971
 0 0.630972
 0 0.631013
 0 0.631077
 0 0.631077
 0 0.631085
 0 0.631086
 0 0.631103
 0 0.631164
 0 0.631198
 0 0.631208
 0 0.631264
 0 0.631295
 0 0.631295
 0 0.631307
 0 0.631361
 0 0.631361
 0 0.631362
 0 0.631362
 0 0.631373
 0 0.631427
 0 0.631478
 0 0.631498
 0 0.631498
 0 0.63151
 0 0.63151
 0 0.631526
 0 0.631527
 0 0.631527
 0 0.631573
 0 0.631618
 0 0.631618
 0 0.631619
 0 0.631655
 0 0.631681
 0 0.631681
 0 0.631681
 0 0.631681
 0 0.631742
 0 0.631801
 0 0.631801
 0 0.631801
 0 0.631801
 0 0.631811
 0 0.631812
 0 0.631812
 0 0.631837
 0 0.631867
 0 0.631891
 0 0.631891
 0 0.63193
 0 0.631953
 0 0.631953
 0 0.631953
 0 0.631953
 0 0.631953
 0 0.631978
 0 0.631978
 0 0.631994
 0 0.632061
 0 0.632061
 0 0.632064
 0 0.632125
 0 0.632142
 0 0.63221
 0 0.63221
 0 0.632238
 0 0.632238
 0 0.632259
 0 0.632274
 0 0.632274
 0 0.632274
 0 0.632274
 0 0.632333
 0 0.632378
 0 0.632388
 0 0.632388
 0 0.632388
 0 0.632389
 0 0.632389
 0 0.632402
 0 0.632403
 0 0.632403
 0 0.632416
 0 0.632425
 0 0.632425
 0 0.632446
 0 0.632446
 0 0.632447
 0 0.632448
 0 0.632458
 0 0.632461
 0 0.632484
 0 0.632488
 0 0.632489
 0 0.632523
 0 0.632523
 0 0.632534
 0 0.632549
 0 0.632549
 0 0.632549
 0 0.632557
 0 0.632582
 0 0.632584
 0 0.632587
 0 0.632654
 0 0.632656
 0 0.632666
 0 0.632667
 0 0.632681
 0 0.632682
 0 0.632742
 0 0.632791
 0 0.632797
 0 0.632799
 0 0.632799
 0 0.632799
 0 0.632807
 0 0.632812
 0 0.632829
 0 0.632832
 0 0.632848
 0 0.632867
 0 0.632869
 0 0.632887
 0 0.632887
 0 0.632892
 0 0.632892
 0 0.632893
 0 0.632894
 0 0.632894
 0 0.632938
 0 0.632938
 0 0.632953
 0 0.632954
 0 0.632979
 0 0.632979
 0 0.632979
 0 0.632979
 0 0.632987
 0 0.633007
 0 0.633007
 0 0.633008
 0 0.63302
 0 0.633027
 0 0.633027
 0 0.633027
 0 0.633027
 0 0.63306
 0 0.633061
 0 0.633072
 0 0.633072
 0 0.633106
 0 0.633108
 0 0.633108
 0 0.633108
 0 0.633108
 0 0.633108
 0 0.633132
 0 0.633136
 0 0.633137
 0 0.633137
 0 0.633137
 0 0.633137
 0 0.633157
 0 0.633158
 0 0.633195
 0 0.633195
 0 0.633199
 0 0.633199
 0 0.633217
 0 0.633217
 0 0.633217
 0 0.633218
 0 0.633259
 0 0.633278
 0 0.633279
 0 0.633279
 0 0.633335
 0 0.633335
 0 0.633348
 0 0.633349
 0 0.633406
 0 0.633425
 0 0.633433
 0 0.633449
 0 0.633449
 0 0.633451
 0 0.633451
 0 0.633452
 0 0.633463
 0 0.633463
 0 0.633478
 0 0.633496
 0 0.633496
 0 0.633502
 0 0.633505
 0 0.633506
 0 0.633541
 0 0.633541
 0 0.633541
 0 0.633541
 0 0.633593
 0 0.633594
 0 0.633594
 0 0.633699
 0 0.63371
 0 0.633711
 0 0.633712
 0 0.633722
 0 0.633722
 0 0.633723
 0 0.633725
 0 0.633725
 0 0.633726
 0 0.633726
 0 0.63373
 0 0.633738
 0 0.633739
 0 0.633739
 0 0.633746
 0 0.633746
 0 0.633746
 0 0.633758
 0 0.633758
 0 0.633776
 0 0.633784
 0 0.633792
 0 0.633792
 0 0.633796
 0 0.633799
 0 0.633799
 0 0.633821
 0 0.633828
 0 0.633854
 0 0.633854
 0 0.633864
 0 0.633864
 0 0.633877
 0 0.633877
 0 0.633924
 0 0.633925
 0 0.633931
 0 0.633931
 0 0.633932
 0 0.633932
 0 0.633947
 0 0.633947
 0 0.633947
 0 0.633947
 0 0.633989
 0 0.633989
 0 0.634062
 0 0.634145
 0 0.634166
 0 0.634166
 0 0.634166
 0 0.634202
 0 0.634202
 0 0.634202
 0 0.634202
 0 0.634203
 0 0.634228
 0 0.634228
 0 0.634229
 0 0.634258
 0 0.634258
 0 0.634311
 0 0.634325
 0 0.634326
 0 0.634332
 0 0.634332
 0 0.634332
 0 0.634332
 0 0.634333
 0 0.634356
 0 0.634356
 0 0.634357
 0 0.634381
 0 0.6344
 0 0.634401
 0 0.634408
 0 0.634414
 0 0.63442
 0 0.634427
 0 0.63443
 0 0.634449
 0 0.634497
 0 0.634521
 0 0.634558
 0 0.634558
 0 0.634559
 0 0.634559
 0 0.634559
 0 0.634559
 0 0.634577
 0 0.634578
 0 0.634578
 0 0.634591
 0 0.634593
 0 0.634593
 0 0.634594
 0 0.634609
 0 0.63461
 0 0.63461
 0 0.634626
 0 0.634631
 0 0.634698
 0 0.634724
 0 0.63473
 0 0.63473
 0 0.63473
 0 0.634731
 0 0.634738
 0 0.634739
 0 0.634751
 0 0.634751
 0 0.634757
 0 0.634758
 0 0.634782
 0 0.634782
 0 0.634809
 0 0.634811
 0 0.634812
 0 0.634813
 0 0.634853
 0 0.634853
 0 0.634853
 0 0.634871
 0 0.634877
 0 0.634877
 0 0.634877
 0 0.634878
 0 0.634878
 0 0.634881
 0 0.634884
 0 0.634887
 0 0.634893
 0 0.634893
 0 0.634894
 0 0.634959
 0 0.634975
 0 0.634989
 0 0.634996
 0 0.635015
 0 0.635015
 0 0.635015
 0 0.635015
 0 0.63504
 0 0.635063
 0 0.635063
 0 0.635063
 0 0.635063
 0 0.635063
 0 0.635201
 0 0.635202
 0 0.635213
 0 0.63523
 0 0.635231
 0 0.635232
 0 0.635232
 0 0.635315
 0 0.635316
 0 0.635331
 0 0.635331
 0 0.635334
 0 0.635334
 0 0.635334
 0 0.635346
 0 0.635347
 0 0.635359
 0 0.635359
 0 0.63536
 0 0.635391
 0 0.635393
 0 0.63544
 0 0.635475
 0 0.635489
 0 0.635489
 0 0.635549
 0 0.635549
 0 0.635591
 0 0.635597
 0 0.635598
 0 0.635598
 0 0.635599
 0 0.635599
 0 0.635599
 0 0.6356
 0 0.635625
 0 0.635625
 0 0.635643
 0 0.635658
 0 0.635685
 0 0.635707
 0 0.635709
 0 0.635709
 0 0.635737
 0 0.635738
 0 0.635742
 0 0.635742
 0 0.635742
 0 0.635759
 0 0.635776
 0 0.635806
 0 0.635806
 0 0.635807
 0 0.63582
 0 0.63582
 0 0.635856
 0 0.635856
 0 0.635875
 0 0.635876
 0 0.635877
 0 0.635877
 0 0.63592
 0 0.635991
 0 0.635991
 0 0.635992
 0 0.635992
 0 0.635992
 0 0.636046
 0 0.636057
 0 0.636111
 0 0.636149
 0 0.63615
 0 0.636203
 0 0.636263
 0 0.636265
 0 0.636266
 0 0.636325
 0 0.636325
 0 0.636325
 0 0.636326
 0 0.636354
 0 0.636354
 0 0.636354
 0 0.636375
 0 0.636378
 0 0.636379
 0 0.63638
 0 0.63638
 0 0.63638
 0 0.63638
 0 0.636407
 0 0.636417
 0 0.636417
 0 0.636418
 0 0.636448
 0 0.636488
 0 0.636489
 0 0.636489
 0 0.636491
 0 0.636491
 0 0.636491
 0 0.636491
 0 0.636492
 0 0.636567
 0 0.636569
 0 0.63657
 0 0.636582
 0 0.636582
 0 0.636582
 0 0.636583
 0 0.636583
 0 0.636607
 0 0.636647
 0 0.636647
 0 0.636648
 0 0.636677
 0 0.636677
 0 0.636689
 0 0.63669
 0 0.636717
 0 0.636717
 0 0.636718
 0 0.636718
 0 0.636718
 0 0.636796
 0 0.636819
 0 0.636834
 0 0.636834
 0 0.636834
 0 0.636835
 0 0.63685
 0 0.636855
 0 0.636894
 0 0.636896
 0 0.636906
 0 0.636912
 0 0.636922
 0 0.636922
 0 0.636922
 0 0.636922
 0 0.636925
 0 0.636925
 0 0.636926
 0 0.636926
 0 0.636956
 0 0.636978
 0 0.636978
 0 0.637012
 0 0.637013
 0 0.637013
 0 0.637013
 0 0.637014
 0 0.637014
 0 0.637123
 0 0.637123
 0 0.637123
 0 0.637124
 0 0.637131
 0 0.637131
 0 0.637131
 0 0.637132
 0 0.637171
 0 0.637173
 0 0.63726
 0 0.637288
 0 0.637288
 0 0.637363
 0 0.637365
 0 0.637365
 0 0.637365
 0 0.637372
 0 0.637379
 0 0.63738
 0 0.637428
 0 0.637452
 0 0.637458
 0 0.637458
 0 0.63746
 0 0.637461
 0 0.637502
 0 0.637502
 0 0.637509
 0 0.637536
 0 0.637536
 0 0.637536
 0 0.637547
 0 0.637547
 0 0.63757
 0 0.637622
 0 0.637634
 0 0.637673
 0 0.637673
 0 0.637711
 0 0.637711
 0 0.637712
 0 0.637712
 0 0.637719
 0 0.637719
 0 0.637747
 0 0.637792
 0 0.637813
 0 0.637813
 0 0.637851
 0 0.637851
 0 0.637851
 0 0.637856
 0 0.637856
 0 0.637867
 0 0.637867
 0 0.637881
 0 0.637881
 0 0.637909
 0 0.638
 0 0.638001
 0 0.638013
 0 0.638013
 0 0.638035
 0 0.638036
 0 0.63805
 0 0.638051
 0 0.638097
 0 0.638099
 0 0.638099
 0 0.6381
 0 0.638145
 0 0.638145
 0 0.63822
 0 0.63822
 0 0.638221
 0 0.638221
 0 0.638227
 0 0.638227
 0 0.638227
 0 0.638227
 0 0.638252
 0 0.638252
 0 0.638253
 0 0.638276
 0 0.638276
 0 0.638276
 0 0.638281
 0 0.638283
 0 0.638283
 0 0.638286
 0 0.638286
 0 0.638321
 0 0.63838
 0 0.638381
 0 0.638382
 0 0.638389
 0 0.638389
 0 0.638389
 0 0.638413
 0 0.638413
 0 0.638455
 0 0.638463
 0 0.638463
 0 0.638544
 0 0.638544
 0 0.638545
 0 0.638569
 0 0.63857
 0 0.638577
 0 0.638588
 0 0.638591
 0 0.638592
 0 0.638632
 0 0.638632
 0 0.638632
 0 0.638632
 0 0.638632
 0 0.638632
 0 0.638637
 0 0.638647
 0 0.63867
 0 0.638671
 0 0.638707
 0 0.638707
 0 0.638707
 0 0.638707
 0 0.638738
 0 0.638739
 0 0.638791
 0 0.638857
 0 0.638858
 0 0.638872
 0 0.638872
 0 0.638906
 0 0.638907
 0 0.638947
 0 0.638947
 0 0.638947
 0 0.638969
 0 0.63897
 0 0.63897
 0 0.639007
 0 0.639064
 0 0.639066
 0 0.639141
 0 0.63915
 0 0.639178
 0 0.63918
 0 0.63918
 0 0.63918
 0 0.639192
 0 0.639257
 0 0.639258
 0 0.639277
 0 0.639285
 0 0.639287
 0 0.639309
 0 0.63932
 0 0.639325
 0 0.639326
 0 0.639356
 0 0.639357
 0 0.639357
 0 0.639407
 0 0.639421
 0 0.639421
 0 0.639445
 0 0.639446
 0 0.639471
 0 0.639471
 0 0.639476
 0 0.639477
 0 0.639477
 0 0.639511
 0 0.639511
 0 0.639511
 0 0.63952
 0 0.639624
 0 0.639624
 0 0.639708
 0 0.639719
 0 0.63972
 0 0.639734
 0 0.639734
 0 0.639734
 0 0.639735
 0 0.639744
 0 0.639744
 0 0.639746
 0 0.639766
 0 0.639767
 0 0.639792
 0 0.639792
 0 0.63982
 0 0.639832
 0 0.639832
 0 0.639853
 0 0.639855
 0 0.639866
 0 0.639892
 0 0.639895
 0 0.639896
 0 0.639921
 0 0.639923
 0 0.639923
 0 0.639954
 0 0.639954
 0 0.639954
 0 0.639964
 0 0.639964
 0 0.640001
 0 0.640002
 0 0.640059
 0 0.64006
 0 0.640067
 0 0.640069
 0 0.640069
 0 0.64007
 0 0.640114
 0 0.640114
 0 0.640116
 0 0.640116
 0 0.640179
 0 0.640197
 0 0.640198
 0 0.640198
 0 0.640212
 0 0.640213
 0 0.64027
 0 0.640324
 0 0.640329
 0 0.64033
 0 0.64033
 0 0.640345
 0 0.640364
 0 0.640366
 0 0.640366
 0 0.640366
 0 0.640435
 0 0.640435
 0 0.640464
 0 0.640464
 0 0.640465
 0 0.640507
 0 0.640507
 0 0.640507
 0 0.640509
 0 0.640509
 0 0.640509
 0 0.640509
 0 0.640509
 0 0.640553
 0 0.640554
 0 0.640554
 0 0.640554
 0 0.640577
 0 0.640577
 0 0.640577
 0 0.640577
 0 0.640577
 0 0.640577
 0 0.640577
 0 0.640595
 0 0.640652
 0 0.640655
 0 0.640664
 0 0.640664
 0 0.640676
 0 0.640723
 0 0.640723
 0 0.640724
 0 0.640789
 0 0.640789
 0 0.640789
 0 0.640816
 0 0.640818
 0 0.640834
 0 0.640845
 0 0.640902
 0 0.640906
 0 0.640906
 0 0.640906
 0 0.640906
 0 0.640906
 0 0.640929
 0 0.640929
 0 0.640975
 0 0.640975
 0 0.641013
 0 0.641013
 0 0.641057
 0 0.641057
 0 0.641059
 0 0.641062
 0 0.641062
 0 0.641062
 0 0.641062
 0 0.641063
 0 0.641064
 0 0.641064
 0 0.641068
 0 0.641068
 0 0.641068
 0 0.641068
 0 0.641068
 0 0.641069
 0 0.641069
 0 0.641116
 0 0.641143
 0 0.641143
 0 0.641165
 0 0.641165
 0 0.641165
 0 0.641166
 0 0.641166
 0 0.641166
 0 0.641167
 0 0.641175
 0 0.641176
 0 0.641214
 0 0.641215
 0 0.641325
 0 0.641325
 0 0.641356
 0 0.641357
 0 0.641363
 0 0.641395
 0 0.641416
 0 0.641462
 0 0.641462
 0 0.641463
 0 0.641537
 0 0.641543
 0 0.641545
 0 0.641592
 0 0.641639
 0 0.641645
 0 0.641647
 0 0.641651
 0 0.641705
 0 0.641721
 0 0.641721
 0 0.641722
 0 0.641836
 0 0.641837
 0 0.641838
 0 0.641839
 0 0.641845
 0 0.641845
 0 0.641845
 0 0.641845
 0 0.641845
 0 0.641864
 0 0.641864
 0 0.641873
 0 0.641874
 0 0.641876
 0 0.641876
 0 0.641876
 0 0.641919
 0 0.641927
 0 0.641927
 0 0.641927
 0 0.642031
 0 0.642163
 0 0.642163
 0 0.642164
 0 0.642199
 0 0.642223
 0 0.642223
 0 0.64225
 0 0.642268
 0 0.642269
 0 0.642269
 0 0.642312
 0 0.642312
 0 0.642312
 0 0.642312
 0 0.642365
 0 0.642366
 0 0.642372
 0 0.642441
 0 0.642449
 0 0.64245
 0 0.642452
 0 0.642509
 0 0.642586
 0 0.642586
 0 0.642634
 0 0.642634
 0 0.642634
 0 0.642647
 0 0.642703
 0 0.642703
 0 0.642703
 0 0.642703
 0 0.642821
 0 0.642821
 0 0.642825
 0 0.642845
 0 0.642845
 0 0.642895
 0 0.642895
 0 0.642895
 0 0.642895
 0 0.642949
 0 0.64305
 0 0.64305
 0 0.643051
 0 0.643052
 0 0.643056
 0 0.643056
 0 0.643056
 0 0.643057
 0 0.643059
 0 0.64306
 0 0.64306
 0 0.643127
 0 0.643152
 0 0.643153
 0 0.643153
 0 0.643175
 0 0.643226
 0 0.643261
 0 0.643295
 0 0.643295
 0 0.643295
 0 0.64331
 0 0.643321
 0 0.643321
 0 0.643365
 0 0.643368
 0 0.643368
 0 0.643442
 0 0.643498
 0 0.643499
 0 0.643525
 0 0.643526
 0 0.64353
 0 0.643547
 0 0.643547
 0 0.64358
 0 0.643582
 0 0.643582
 0 0.643591
 0 0.643591
 0 0.643638
 0 0.643719
 0 0.643721
 0 0.643768
 0 0.64377
 0 0.64377
 0 0.643829
 0 0.643829
 0 0.643843
 0 0.643864
 0 0.643905
 0 0.643905
 0 0.643942
 0 0.643942
 0 0.643944
 0 0.644052
 0 0.644052
 0 0.644052
 0 0.644052
 0 0.64408
 0 0.64408
 0 0.644082
 0 0.644116
 0 0.644165
 0 0.644178
 0 0.64419
 0 0.64419
 0 0.644253
 0 0.644335
 0 0.64435
 0 0.644406
 0 0.644406
 0 0.644406
 0 0.644464
 0 0.644464
 0 0.644489
 0 0.644778
 0 0.644778
 0 0.644778
 0 0.644802
 0 0.644802
 0 0.644804
 0 0.644805
 0 0.644805
 0 0.644877
 0 0.644904
 0 0.644904
 0 0.644967
 0 0.644967
 0 0.645044
 0 0.645238
 0 0.645241
 0 0.645242
 0 0.645242
 0 0.645366
 0 0.645367
 0 0.645369
 0 0.645513
 0 0.645514
 0 0.645522
 0 0.645572
 0 0.645572
 0 0.645609
 0 0.645611
 0 0.64562
 0 0.64562
 0 0.64562
 0 0.645624
 0 0.645624
 0 0.645658
 0 0.645658
 0 0.645709
 0 0.645709
 0 0.645712
 0 0.645714
 0 0.645714
 0 0.645753
 0 0.645753
 0 0.645753
 0 0.645754
 0 0.645788
 0 0.645857
 0 0.645893
 0 0.645894
 0 0.645894
 0 0.646124
 0 0.646164
 0 0.646165
 0 0.646165
 0 0.646501
 0 0.646501
 0 0.646502
 0 0.646502
 0 0.64656
 0 0.64656
 0 0.646564
 0 0.646564
 0 0.646565
 0 0.646565
 0 0.646667
 0 0.646667
 0 0.646668
 0 0.646668
 0 0.646668
 0 0.646668
 0 0.646707
 0 0.646708
 0 0.646736
 0 0.646736
 0 0.646737
 0 0.646862
 0 0.64704
 0 0.64704
 0 0.64704
 0 0.647049
 0 0.647049
 0 0.647057
 0 0.647057
 0 0.647195
 0 0.647195
 0 0.6473
 0 0.6473
 0 0.647396
 0 0.647411
 0 0.64742
 0 0.64742
 0 0.64742
 0 0.647423
 0 0.647451
 0 0.64748
 0 0.64748
 0 0.64748
 0 0.647539
 0 0.647592
 0 0.647644
 0 0.647644
 0 0.647655
 0 0.647655
 0 0.647655
 0 0.647657
 0 0.647657
 0 0.647658
 0 0.647664
 0 0.647665
 0 0.647665
 0 0.647674
 0 0.647792
 0 0.647811
 0 0.647811
 0 0.647819
 0 0.647912
 0 0.647912
 0 0.64797
 0 0.64797
 0 0.648136
 0 0.648137
 0 0.648137
 0 0.648193
 0 0.648193
 0 0.648216
 0 0.648217
 0 0.648273
 0 0.648273
 0 0.648362
 0 0.648363
 0 0.648491
 0 0.648492
 0 0.648598
 0 0.648598
 0 0.648599
 0 0.648655
 0 0.648765
 0 0.648767
 0 0.648854
 0 0.648855
 0 0.648855
 0 0.648857
 0 0.649013
 0 0.649013
 0 0.649014
 0 0.649059
 0 0.649414
 0 0.649651
 0 0.649848
 0 0.650007
 0 0.650007
 0 0.650192
 0 0.650305
 0 0.650305
 0 0.650311
 0 0.650335
 0 0.650432
 0 0.650432
 0 0.650432
 0 0.650433
 0 0.650579
 0 0.650579
 0 0.650579
 0 0.65058
 0 0.650597
 0 0.650616
 0 0.650617
 0 0.650617
 0 0.650679
 0 0.65068
 0 0.650874
 0 0.650874
 0 0.650875
 0 0.651146
 0 0.651378
 0 0.651685
 0 0.651813
 0 0.651815
 0 0.652299
 0 0.652436
 0 0.652456
 0 0.652456
 0 0.652456
 0 0.652591
 0 0.652795
 0 0.652795
 0 0.652796
 0 0.652796
 0 0.652796
 0 0.652922
 0 0.653043
 0 0.653044
 0 0.653144
 0 0.653144
 0 0.653205
 0 0.654238
 0 0.654238
 0 0.654238
 0 0.654238
 0 0.655302
 0 0.655794
 0 0.655795
 0 0.655795
 0 0.656033
 0 0.656033
 0 inf
