 0 0.491746
 0 0.491746
 0 0.492182
 0 0.492378
 0 0.492614
 0 0.492614
 0 0.494988
 0 0.494988
 0 0.494988
 0 0.495911
 0 0.495911
 0 0.495911
 0 0.617504
 0 0.617707
 0 0.617709
 0 0.617947
 0 0.617949
 0 0.618266
 0 0.618444
 0 0.618444
 0 0.61851
 0 0.619036
 0 0.619052
 0 0.619052
 0 0.619411
 0 0.619411
 0 0.61948
 0 0.61948
 0 0.620226
 0 0.620294
 0 0.62042
 0 0.620479
 0 0.62048
 0 0.62048
 0 0.62048
 0 0.620733
 0 0.620733
 0 0.620733
 0 0.621161
 0 0.621352
 0 0.621684
 0 0.621684
 0 0.621724
 0 0.621724
 0 0.622166
 0 0.622166
 0 0.622166
 0 0.623019
 0 0.624193
 0 0.624216
 0 0.624216
 0 0.624216
 0 0.624312
 0 0.624477
 0 0.62462
 0 0.624628
 0 0.624629
 0 0.624799
 0 0.624799
 0 0.624799
 0 0.624849
 0 0.62485
 0 0.624877
 0 0.624951
 0 0.625084
 0 0.625123
 0 0.625125
 0 0.625126
 0 0.625171
 0 0.625191
 0 0.625191
 0 0.625256
 0 0.625256
 0 0.625256
 0 0.625298
 0 0.625298
 0 0.625348
 0 0.625349
 0 0.625356
 0 0.625393
 0 0.625395
 0 0.625453
 0 0.625455
 0 0.625473
 0 0.625558
 0 0.625568
 0 0.625569
 0 0.625579
 0 0.625579
 0 0.625581
 0 0.625588
 0 0.625607
 0 0.625607
 0 0.625609
 0 0.625662
 0 0.625663
 0 0.625692
 0 0.625693
 0 0.625812
 0 0.625812
 0 0.625819
 0 0.625819
 0 0.625845
 0 0.625845
 0 0.626075
 0 0.626113
 0 0.626116
 0 0.626146
 0 0.626161
 0 0.626162
 0 0.626189
 0 0.626195
 0 0.626198
 0 0.626198
 0 0.626282
 0 0.626282
 0 0.626339
 0 0.626356
 0 0.626356
 0 0.626643
 0 0.626643
 0 0.626643
 0 0.626643
 0 0.626891
 0 0.626892
 0 0.62701
 0 0.627068
 0 0.627077
 0 0.627078
 0 0.627078
 0 0.627124
 0 0.627251
 0 0.627324
 0 0.627325
 0 0.627326
 0 0.627366
 0 0.627367
 0 0.627367
 0 0.627606
 0 0.627606
 0 0.62761
 0 0.62761
 0 0.627611
 0 0.627613
 0 0.627614
 0 0.627841
 0 0.627841
 0 0.627841
 0 0.627842
 0 0.627861
 0 0.627881
 0 0.627882
 0 0.627882
 0 0.628084
 0 0.628085
 0 0.628093
 0 0.628093
 0 0.628094
 0 0.628094
 0 0.628144
 0 0.628153
 0 0.628278
 0 0.628452
 0 0.628452
 0 0.628486
 0 0.628524
 0 0.628641
 0 0.628641
 0 0.628641
 0 0.628642
 0 0.628663
 0 0.628666
 0 0.628808
 0 0.62881
 0 0.62881
 0 0.62881
 0 0.628816
 0 0.628816
 0 0.628823
 0 0.628823
 0 0.628823
 0 0.628823
 0 0.628823
 0 0.628823
 0 0.628824
 0 0.629006
 0 0.629007
 0 0.62902
 0 0.62902
 0 0.629097
 0 0.629098
 0 0.629099
 0 0.629139
 0 0.62914
 0 0.629142
 0 0.629267
 0 0.629304
 0 0.629306
 0 0.629319
 0 0.629319
 0 0.629319
 0 0.629345
 0 0.62935
 0 0.62935
 0 0.629385
 0 0.629385
 0 0.629386
 0 0.629386
 0 0.629386
 0 0.629471
 0 0.629487
 0 0.629488
 0 0.629593
 0 0.629614
 0 0.629615
 0 0.629671
 0 0.629671
 0 0.629672
 0 0.629673
 0 0.629677
 0 0.629678
 0 0.629678
 0 0.629678
 0 0.629753
 0 0.62977
 0 0.629771
 0 0.629785
 0 0.629786
 0 0.629787
 0 0.629815
 0 0.629883
 0 0.629884
 0 0.629913
 0 0.629913
 0 0.629924
 0 0.629925
 0 0.629929
 0 0.629992
 0 0.630005
 0 0.630005
 0 0.630031
 0 0.630138
 0 0.630138
 0 0.630182
 0 0.630183
 0 0.630183
 0 0.630197
 0 0.630197
 0 0.630198
 0 0.630207
 0 0.63021
 0 0.630245
 0 0.630246
 0 0.630246
 0 0.630246
 0 0.630253
 0 0.630253
 0 0.630261
 0 0.630261
 0 0.630261
 0 0.630335
 0 0.630335
 0 0.630335
 0 0.630335
 0 0.630336
 0 0.630341
 0 0.630347
 0 0.630347
 0 0.63041
 0 0.63041
 0 0.63041
 0 0.630411
 0 0.630435
 0 0.630435
 0 0.630462
 0 0.630464
 0 0.630481
 0 0.630481
 0 0.630481
 0 0.630497
 0 0.630512
 0 0.630512
 0 0.630512
 0 0.630521
 0 0.630592
 0 0.630592
 0 0.630661
 0 0.63067
 0 0.630671
 0 0.630671
 0 0.630679
 0 0.630679
 0 0.630681
 0 0.630724
 0 0.630724
 0 0.630759
 0 0.630761
 0 0.630761
 0 0.630788
 0 0.630788
 0 0.630788
 0 0.630793
 0 0.630889
 0 0.630889
 0 0.630901
 0 0.630901
 0 0.630917
 0 0.630918
 0 0.630919
 0 0.63092
 0 0.63092
 0 0.630921
 0 0.630921
 0 0.630924
 0 0.630924
 0 0.630925
 0 0.630925
 0 0.630925
 0 0.631011
 0 0.631011
 0 0.631033
 0 0.631033
 0 0.631111
 0 0.631111
 0 0.631111
 0 0.631113
 0 0.631114
 0 0.631147
 0 0.631148
 0 0.631159
 0 0.631203
 0 0.631207
 0 0.631207
 0 0.631277
 0 0.631278
 0 0.631279
 0 0.631279
 0 0.631296
 0 0.63132
 0 0.63132
 0 0.63132
 0 0.63132
 0 0.631353
 0 0.631353
 0 0.631356
 0 0.631357
 0 0.631357
 0 0.631358
 0 0.631358
 0 0.631383
 0 0.631384
 0 0.631422
 0 0.631422
 0 0.631422
 0 0.631485
 0 0.6316
 0 0.631609
 0 0.631654
 0 0.631654
 0 0.631673
 0 0.631673
 0 0.631674
 0 0.631702
 0 0.631702
 0 0.631705
 0 0.631705
 0 0.631705
 0 0.631705
 0 0.631731
 0 0.631732
 0 0.631733
 0 0.631733
 0 0.631733
 0 0.631786
 0 0.631786
 0 0.631798
 0 0.631799
 0 0.631816
 0 0.631826
 0 0.631831
 0 0.631846
 0 0.631862
 0 0.631862
 0 0.631867
 0 0.63189
 0 0.631913
 0 0.631914
 0 0.631928
 0 0.631934
 0 0.632003
 0 0.632003
 0 0.632003
 0 0.632004
 0 0.632011
 0 0.632017
 0 0.632017
 0 0.632017
 0 0.632017
 0 0.632017
 0 0.632017
 0 0.632018
 0 0.632045
 0 0.632045
 0 0.632046
 0 0.632046
 0 0.63206
 0 0.63206
 0 0.632077
 0 0.632077
 0 0.632084
 0 0.632084
 0 0.632086
 0 0.632105
 0 0.632105
 0 0.632106
 0 0.632106
 0 0.632156
 0 0.632185
 0 0.632288
 0 0.632368
 0 0.632368
 0 0.632372
 0 0.632373
 0 0.632422
 0 0.63245
 0 0.632498
 0 0.632526
 0 0.632535
 0 0.63258
 0 0.63258
 0 0.632595
 0 0.632595
 0 0.632597
 0 0.632597
 0 0.6326
 0 0.6326
 0 0.632605
 0 0.632606
 0 0.632639
 0 0.632639
 0 0.632663
 0 0.632663
 0 0.632706
 0 0.632706
 0 0.63271
 0 0.632715
 0 0.632716
 0 0.632761
 0 0.632779
 0 0.632781
 0 0.632794
 0 0.632803
 0 0.632828
 0 0.632829
 0 0.63287
 0 0.63287
 0 0.632871
 0 0.632882
 0 0.632892
 0 0.632893
 0 0.632893
 0 0.632893
 0 0.63296
 0 0.632984
 0 0.632985
 0 0.632986
 0 0.632986
 0 0.633009
 0 0.633095
 0 0.63312
 0 0.63312
 0 0.63312
 0 0.63312
 0 0.633127
 0 0.633128
 0 0.633128
 0 0.633151
 0 0.633152
 0 0.633155
 0 0.633156
 0 0.633156
 0 0.633159
 0 0.633178
 0 0.633181
 0 0.633192
 0 0.633207
 0 0.633207
 0 0.633275
 0 0.633279
 0 0.63328
 0 0.633286
 0 0.633286
 0 0.633304
 0 0.633304
 0 0.633332
 0 0.633332
 0 0.63336
 0 0.63337
 0 0.633394
 0 0.633395
 0 0.633412
 0 0.633412
 0 0.633432
 0 0.633433
 0 0.633435
 0 0.633437
 0 0.633496
 0 0.633496
 0 0.633498
 0 0.633511
 0 0.633512
 0 0.633512
 0 0.633584
 0 0.633596
 0 0.633596
 0 0.633597
 0 0.633598
 0 0.633598
 0 0.633678
 0 0.63368
 0 0.633698
 0 0.633699
 0 0.633715
 0 0.633716
 0 0.633716
 0 0.633716
 0 0.633716
 0 0.633732
 0 0.633732
 0 0.633739
 0 0.633739
 0 0.633739
 0 0.633742
 0 0.633775
 0 0.633814
 0 0.633814
 0 0.633814
 0 0.633814
 0 0.633865
 0 0.6339
 0 0.633909
 0 0.633909
 0 0.633912
 0 0.633925
 0 0.633925
 0 0.633934
 0 0.633935
 0 0.633941
 0 0.633942
 0 0.633942
 0 0.633943
 0 0.633949
 0 0.633988
 0 0.633988
 0 0.633988
 0 0.634022
 0 0.634039
 0 0.634039
 0 0.634039
 0 0.634046
 0 0.634046
 0 0.634046
 0 0.634046
 0 0.63405
 0 0.634051
 0 0.634062
 0 0.634064
 0 0.634064
 0 0.634088
 0 0.634089
 0 0.634089
 0 0.63409
 0 0.634106
 0 0.634106
 0 0.634108
 0 0.634165
 0 0.634166
 0 0.634184
 0 0.634184
 0 0.634196
 0 0.634214
 0 0.634252
 0 0.634271
 0 0.634323
 0 0.634323
 0 0.634323
 0 0.634323
 0 0.634325
 0 0.634325
 0 0.634326
 0 0.63436
 0 0.63436
 0 0.63436
 0 0.634361
 0 0.634435
 0 0.634435
 0 0.634452
 0 0.634453
 0 0.634454
 0 0.634455
 0 0.63446
 0 0.634465
 0 0.634465
 0 0.634466
 0 0.634495
 0 0.634504
 0 0.634504
 0 0.634505
 0 0.634531
 0 0.634531
 0 0.634566
 0 0.634568
 0 0.63457
 0 0.634578
 0 0.634578
 0 0.634578
 0 0.634593
 0 0.634593
 0 0.634594
 0 0.634598
 0 0.634598
 0 0.634598
 0 0.634598
 0 0.6346
 0 0.6346
 0 0.634602
 0 0.63463
 0 0.634636
 0 0.634721
 0 0.634721
 0 0.634748
 0 0.634763
 0 0.634769
 0 0.634774
 0 0.634774
 0 0.634781
 0 0.634787
 0 0.634787
 0 0.634807
 0 0.634807
 0 0.634807
 0 0.634807
 0 0.634813
 0 0.634814
 0 0.63483
 0 0.63483
 0 0.63483
 0 0.634836
 0 0.63485
 0 0.63485
 0 0.634851
 0 0.634852
 0 0.634852
 0 0.634852
 0 0.634853
 0 0.634853
 0 0.634883
 0 0.634883
 0 0.634884
 0 0.634893
 0 0.634893
 0 0.634894
 0 0.634908
 0 0.634909
 0 0.63491
 0 0.634924
 0 0.634924
 0 0.634925
 0 0.634925
 0 0.634925
 0 0.634944
 0 0.634945
 0 0.63496
 0 0.63499
 0 0.63499
 0 0.63499
 0 0.63499
 0 0.635001
 0 0.635026
 0 0.635029
 0 0.635062
 0 0.635063
 0 0.635064
 0 0.635064
 0 0.635102
 0 0.635103
 0 0.635111
 0 0.635114
 0 0.635117
 0 0.635117
 0 0.63512
 0 0.635126
 0 0.635128
 0 0.635133
 0 0.635133
 0 0.635143
 0 0.635143
 0 0.635146
 0 0.635147
 0 0.635164
 0 0.635165
 0 0.635165
 0 0.635186
 0 0.635187
 0 0.635246
 0 0.635264
 0 0.635264
 0 0.63527
 0 0.635271
 0 0.635306
 0 0.635346
 0 0.635346
 0 0.635387
 0 0.635387
 0 0.635394
 0 0.635394
 0 0.635394
 0 0.63544
 0 0.63544
 0 0.635464
 0 0.635464
 0 0.635489
 0 0.635489
 0 0.635518
 0 0.635525
 0 0.635525
 0 0.635529
 0 0.635529
 0 0.635536
 0 0.635537
 0 0.635604
 0 0.635604
 0 0.635606
 0 0.635617
 0 0.635627
 0 0.635645
 0 0.635661
 0 0.635662
 0 0.635662
 0 0.635664
 0 0.635665
 0 0.635668
 0 0.635692
 0 0.635711
 0 0.635711
 0 0.635711
 0 0.635711
 0 0.635712
 0 0.635717
 0 0.635728
 0 0.635728
 0 0.635729
 0 0.635749
 0 0.635749
 0 0.635783
 0 0.635783
 0 0.635795
 0 0.635795
 0 0.635796
 0 0.635807
 0 0.635825
 0 0.635825
 0 0.63583
 0 0.635836
 0 0.635851
 0 0.635855
 0 0.635855
 0 0.635855
 0 0.63589
 0 0.635896
 0 0.635896
 0 0.635897
 0 0.635898
 0 0.635898
 0 0.635898
 0 0.635903
 0 0.635903
 0 0.635904
 0 0.63592
 0 0.635921
 0 0.635921
 0 0.635948
 0 0.635948
 0 0.63595
 0 0.635951
 0 0.635951
 0 0.635969
 0 0.635969
 0 0.63597
 0 0.635974
 0 0.63598
 0 0.635981
 0 0.635992
 0 0.635992
 0 0.63602
 0 0.636024
 0 0.636025
 0 0.636027
 0 0.636027
 0 0.636038
 0 0.636038
 0 0.636039
 0 0.636039
 0 0.636068
 0 0.636096
 0 0.636096
 0 0.636132
 0 0.636133
 0 0.636134
 0 0.636134
 0 0.636134
 0 0.636139
 0 0.636139
 0 0.63614
 0 0.63614
 0 0.63615
 0 0.636181
 0 0.636181
 0 0.636182
 0 0.636205
 0 0.636205
 0 0.636205
 0 0.636206
 0 0.636206
 0 0.636219
 0 0.636237
 0 0.636259
 0 0.636271
 0 0.636271
 0 0.636271
 0 0.636292
 0 0.636297
 0 0.636315
 0 0.636316
 0 0.636322
 0 0.636326
 0 0.636327
 0 0.636328
 0 0.636328
 0 0.636332
 0 0.636335
 0 0.636335
 0 0.636335
 0 0.636341
 0 0.636341
 0 0.636341
 0 0.636342
 0 0.636343
 0 0.636343
 0 0.636343
 0 0.636344
 0 0.636345
 0 0.636346
 0 0.636354
 0 0.636359
 0 0.636411
 0 0.636417
 0 0.636436
 0 0.636442
 0 0.636443
 0 0.636453
 0 0.636454
 0 0.636454
 0 0.636492
 0 0.636515
 0 0.636515
 0 0.63652
 0 0.63652
 0 0.636528
 0 0.636535
 0 0.63656
 0 0.636592
 0 0.636592
 0 0.636598
 0 0.636606
 0 0.636629
 0 0.63663
 0 0.636671
 0 0.63668
 0 0.63668
 0 0.636684
 0 0.636684
 0 0.636684
 0 0.636685
 0 0.636685
 0 0.636698
 0 0.636698
 0 0.6367
 0 0.636739
 0 0.63674
 0 0.636775
 0 0.636775
 0 0.636783
 0 0.636783
 0 0.63682
 0 0.63682
 0 0.636831
 0 0.636831
 0 0.636833
 0 0.636909
 0 0.636909
 0 0.636922
 0 0.636922
 0 0.636944
 0 0.636999
 0 0.637004
 0 0.637008
 0 0.637039
 0 0.637039
 0 0.63704
 0 0.637054
 0 0.637061
 0 0.637074
 0 0.637074
 0 0.637076
 0 0.637076
 0 0.637089
 0 0.637098
 0 0.637098
 0 0.637125
 0 0.637126
 0 0.637221
 0 0.637245
 0 0.637245
 0 0.637272
 0 0.637273
 0 0.637289
 0 0.637291
 0 0.637291
 0 0.637346
 0 0.637346
 0 0.637347
 0 0.637347
 0 0.637362
 0 0.637376
 0 0.637376
 0 0.637376
 0 0.637378
 0 0.63738
 0 0.63738
 0 0.637409
 0 0.637414
 0 0.63742
 0 0.63742
 0 0.637423
 0 0.637423
 0 0.637486
 0 0.637498
 0 0.637515
 0 0.637516
 0 0.637527
 0 0.637527
 0 0.637527
 0 0.637535
 0 0.637536
 0 0.63756
 0 0.63756
 0 0.63756
 0 0.63756
 0 0.637591
 0 0.637591
 0 0.637591
 0 0.637594
 0 0.637594
 0 0.637604
 0 0.637604
 0 0.637604
 0 0.637604
 0 0.637629
 0 0.637629
 0 0.637663
 0 0.637663
 0 0.637663
 0 0.63767
 0 0.63767
 0 0.637696
 0 0.637697
 0 0.637697
 0 0.637697
 0 0.637697
 0 0.637708
 0 0.63771
 0 0.63771
 0 0.637738
 0 0.63775
 0 0.63775
 0 0.637851
 0 0.637851
 0 0.637851
 0 0.637851
 0 0.637872
 0 0.637872
 0 0.637889
 0 0.63789
 0 0.637895
 0 0.637903
 0 0.637956
 0 0.637956
 0 0.637964
 0 0.637964
 0 0.638029
 0 0.638083
 0 0.638083
 0 0.638119
 0 0.638135
 0 0.638135
 0 0.638153
 0 0.638153
 0 0.638155
 0 0.638162
 0 0.638165
 0 0.638217
 0 0.638218
 0 0.63822
 0 0.638229
 0 0.638229
 0 0.63823
 0 0.638233
 0 0.63827
 0 0.638271
 0 0.638271
 0 0.638271
 0 0.638349
 0 0.638367
 0 0.638368
 0 0.638368
 0 0.638368
 0 0.638368
 0 0.638431
 0 0.638431
 0 0.638449
 0 0.638449
 0 0.638462
 0 0.638462
 0 0.638462
 0 0.638462
 0 0.638462
 0 0.638506
 0 0.638646
 0 0.638652
 0 0.638652
 0 0.638689
 0 0.638756
 0 0.638782
 0 0.638782
 0 0.638784
 0 0.638828
 0 0.638887
 0 0.638937
 0 0.638938
 0 0.638939
 0 0.63895
 0 0.638951
 0 0.638962
 0 0.638962
 0 0.639011
 0 0.639013
 0 0.639027
 0 0.639028
 0 0.639064
 0 0.639065
 0 0.639066
 0 0.639071
 0 0.639082
 0 0.63912
 0 0.639157
 0 0.639158
 0 0.639159
 0 0.639159
 0 0.639174
 0 0.639177
 0 0.639177
 0 0.639297
 0 0.639297
 0 0.639319
 0 0.63932
 0 0.639323
 0 0.639328
 0 0.639389
 0 0.639401
 0 0.63941
 0 0.63941
 0 0.639422
 0 0.639422
 0 0.639422
 0 0.639428
 0 0.639428
 0 0.639438
 0 0.639439
 0 0.639454
 0 0.639454
 0 0.639454
 0 0.639455
 0 0.639464
 0 0.639464
 0 0.639464
 0 0.639464
 0 0.639466
 0 0.639473
 0 0.639473
 0 0.639475
 0 0.639481
 0 0.639485
 0 0.639486
 0 0.639486
 0 0.639513
 0 0.639513
 0 0.639533
 0 0.639534
 0 0.639535
 0 0.639535
 0 0.639552
 0 0.639603
 0 0.639636
 0 0.639695
 0 0.639701
 0 0.639701
 0 0.639701
 0 0.63972
 0 0.63972
 0 0.639721
 0 0.639728
 0 0.639728
 0 0.639729
 0 0.639729
 0 0.63973
 0 0.639738
 0 0.639751
 0 0.639751
 0 0.639773
 0 0.639773
 0 0.639773
 0 0.639773
 0 0.63979
 0 0.639827
 0 0.639827
 0 0.639833
 0 0.639833
 0 0.639836
 0 0.639836
 0 0.639836
 0 0.639836
 0 0.639851
 0 0.639867
 0 0.639867
 0 0.639881
 0 0.639881
 0 0.639886
 0 0.639886
 0 0.63991
 0 0.639942
 0 0.639943
 0 0.639947
 0 0.639947
 0 0.639954
 0 0.639976
 0 0.640033
 0 0.640045
 0 0.640091
 0 0.640091
 0 0.640091
 0 0.640102
 0 0.640103
 0 0.64012
 0 0.64012
 0 0.64012
 0 0.640125
 0 0.640126
 0 0.640186
 0 0.640186
 0 0.640186
 0 0.640186
 0 0.64019
 0 0.640195
 0 0.640195
 0 0.64024
 0 0.640258
 0 0.640265
 0 0.640265
 0 0.640293
 0 0.640293
 0 0.640312
 0 0.640312
 0 0.640312
 0 0.640312
 0 0.640313
 0 0.640364
 0 0.640375
 0 0.640392
 0 0.640393
 0 0.640409
 0 0.640409
 0 0.64041
 0 0.64044
 0 0.640481
 0 0.640481
 0 0.640482
 0 0.640514
 0 0.640514
 0 0.640519
 0 0.640533
 0 0.640533
 0 0.640533
 0 0.640535
 0 0.640542
 0 0.640542
 0 0.640547
 0 0.640548
 0 0.640548
 0 0.640681
 0 0.640697
 0 0.640697
 0 0.640719
 0 0.640719
 0 0.640719
 0 0.640719
 0 0.640719
 0 0.640757
 0 0.640757
 0 0.640758
 0 0.640763
 0 0.640764
 0 0.64078
 0 0.640782
 0 0.640785
 0 0.640785
 0 0.640785
 0 0.640786
 0 0.640786
 0 0.640813
 0 0.640813
 0 0.640814
 0 0.640826
 0 0.640906
 0 0.640907
 0 0.640907
 0 0.640909
 0 0.640909
 0 0.640911
 0 0.640914
 0 0.640914
 0 0.640914
 0 0.640914
 0 0.640915
 0 0.640915
 0 0.640983
 0 0.640984
 0 0.640987
 0 0.64102
 0 0.641023
 0 0.641023
 0 0.641077
 0 0.64108
 0 0.64108
 0 0.641113
 0 0.641128
 0 0.641206
 0 0.641206
 0 0.641206
 0 0.641237
 0 0.641293
 0 0.641302
 0 0.641304
 0 0.641304
 0 0.641324
 0 0.641327
 0 0.641327
 0 0.641385
 0 0.641406
 0 0.641412
 0 0.641413
 0 0.641413
 0 0.641418
 0 0.641418
 0 0.641425
 0 0.641428
 0 0.641525
 0 0.641592
 0 0.641593
 0 0.641625
 0 0.641626
 0 0.641627
 0 0.641627
 0 0.641627
 0 0.64165
 0 0.64165
 0 0.641685
 0 0.641687
 0 0.641687
 0 0.641755
 0 0.641816
 0 0.641817
 0 0.641835
 0 0.641837
 0 0.641849
 0 0.641872
 0 0.641873
 0 0.641932
 0 0.641934
 0 0.641939
 0 0.641939
 0 0.641962
 0 0.642023
 0 0.642088
 0 0.642115
 0 0.642125
 0 0.642125
 0 0.642125
 0 0.642126
 0 0.64213
 0 0.64213
 0 0.642161
 0 0.642161
 0 0.642161
 0 0.642175
 0 0.642176
 0 0.642198
 0 0.642223
 0 0.642227
 0 0.642249
 0 0.642367
 0 0.642368
 0 0.642421
 0 0.642421
 0 0.642422
 0 0.642448
 0 0.642448
 0 0.642448
 0 0.642448
 0 0.642448
 0 0.642574
 0 0.642574
 0 0.642599
 0 0.6426
 0 0.64263
 0 0.64263
 0 0.642642
 0 0.642643
 0 0.642671
 0 0.642922
 0 0.643028
 0 0.643031
 0 0.643031
 0 0.643031
 0 0.643039
 0 0.643039
 0 0.643085
 0 0.643089
 0 0.643112
 0 0.643112
 0 0.64312
 0 0.64312
 0 0.64312
 0 0.643162
 0 0.643162
 0 0.643194
 0 0.643195
 0 0.643207
 0 0.643208
 0 0.643212
 0 0.643212
 0 0.643213
 0 0.643234
 0 0.643273
 0 0.643302
 0 0.643303
 0 0.643303
 0 0.643319
 0 0.64332
 0 0.643321
 0 0.643393
 0 0.643393
 0 0.643398
 0 0.643398
 0 0.643398
 0 0.643557
 0 0.643575
 0 0.643576
 0 0.643668
 0 0.643683
 0 0.643683
 0 0.643701
 0 0.643736
 0 0.643736
 0 0.643736
 0 0.643738
 0 0.64375
 0 0.64375
 0 0.643768
 0 0.643769
 0 0.643786
 0 0.643786
 0 0.643786
 0 0.643794
 0 0.643794
 0 0.643796
 0 0.643828
 0 0.643879
 0 0.64388
 0 0.643956
 0 0.644022
 0 0.644026
 0 0.644026
 0 0.644027
 0 0.644087
 0 0.644116
 0 0.644118
 0 0.644118
 0 0.644156
 0 0.644156
 0 0.644156
 0 0.644177
 0 0.644177
 0 0.644177
 0 0.644178
 0 0.644241
 0 0.644241
 0 0.644241
 0 0.644307
 0 0.644307
 0 0.644313
 0 0.644353
 0 0.644372
 0 0.644407
 0 0.644464
 0 0.644464
 0 0.644464
 0 0.644464
 0 0.644464
 0 0.644494
 0 0.644497
 0 0.644568
 0 0.644568
 0 0.644568
 0 0.644576
 0 0.644631
 0 0.644631
 0 0.644631
 0 0.644649
 0 0.644871
 0 0.644871
 0 0.64489
 0 0.64489
 0 0.64489
 0 0.64489
 0 0.644891
 0 0.644958
 0 0.64496
 0 0.645012
 0 0.645012
 0 0.645133
 0 0.645133
 0 0.645136
 0 0.645136
 0 0.645285
 0 0.645307
 0 0.645334
 0 0.64538
 0 0.64538
 0 0.645495
 0 0.645578
 0 0.645579
 0 0.645615
 0 0.645616
 0 0.645632
 0 0.645632
 0 0.645632
 0 0.645651
 0 0.645671
 0 0.645671
 0 0.645672
 0 0.645784
 0 0.645828
 0 0.645828
 0 0.645828
 0 0.645829
 0 0.645946
 0 0.646072
 0 0.646074
 0 0.646104
 0 0.646525
 0 0.646526
 0 0.646981
 0 0.646982
 0 0.646982
 0 0.647056
 0 0.64713
 0 0.647699
 0 0.647803
 0 0.647803
 0 0.648013
 0 0.648013
 0 0.648013
 0 0.648058
 0 0.64809
 0 0.648091
 0 0.648152
 0 0.648152
 0 0.648175
 0 0.648308
 0 0.648309
 0 0.648522
 0 0.648532
 0 0.648533
 0 0.648591
 0 0.648591
 0 0.648591
 0 0.648624
 0 0.648624
 0 0.648625
 0 0.648814
 0 0.648814
 0 0.648978
 0 0.648979
 0 0.648988
 0 0.649194
 0 0.649302
 0 0.649302
 0 0.649302
 0 0.649609
 0 0.649609
 0 0.649609
 0 0.649841
 0 0.649841
 0 0.651568
 0 0.651569
 0 0.651721
 0 0.651721
 0 0.651721
 0 0.651827
 0 0.651827
 0 0.651828
 0 0.651985
 0 0.651985
 0 0.652218
 0 0.652306
 0 0.653192
 0 0.653192
 0 0.653529
 0 0.65353
 0 0.65353
 0 0.65353
 0 inf
