 0 0.486283
 0 0.486286
 0 0.48636
 0 0.486583
 0 0.48724
 0 0.48724
 0 0.626645
 0 0.626733
 0 0.626733
 0 0.626737
 0 0.62674
 0 0.62674
 0 0.627695
 0 0.627696
 0 0.627703
 0 0.627726
 0 0.628675
 0 0.628675
 0 0.629227
 0 0.629349
 0 0.629392
 0 0.629392
 0 0.629396
 0 0.629396
 0 0.629477
 0 0.62948
 0 0.629482
 0 0.629482
 0 0.629486
 0 0.629486
 0 0.629492
 0 0.629514
 0 0.629514
 0 0.629565
 0 0.629565
 0 0.629761
 0 0.629764
 0 0.629788
 0 0.629853
 0 0.629989
 0 0.629993
 0 0.630034
 0 0.630034
 0 0.630037
 0 0.630039
 0 0.63004
 0 0.630051
 0 0.630057
 0 0.630085
 0 0.63009
 0 0.630112
 0 0.630118
 0 0.630123
 0 0.630194
 0 0.630232
 0 0.630247
 0 0.630247
 0 0.630248
 0 0.630258
 0 0.630264
 0 0.63027
 0 0.630271
 0 0.630271
 0 0.630272
 0 0.630285
 0 0.630285
 0 0.630287
 0 0.630287
 0 0.630344
 0 0.630345
 0 0.630359
 0 0.630364
 0 0.630381
 0 0.630381
 0 0.630386
 0 0.630386
 0 0.630405
 0 0.630405
 0 0.630408
 0 0.630416
 0 0.630432
 0 0.63044
 0 0.63044
 0 0.63044
 0 0.630446
 0 0.630495
 0 0.630499
 0 0.630503
 0 0.630503
 0 0.630504
 0 0.63052
 0 0.630551
 0 0.630554
 0 0.630586
 0 0.630612
 0 0.630642
 0 0.630642
 0 0.630645
 0 0.630715
 0 0.630718
 0 0.63072
 0 0.630852
 0 0.630856
 0 0.63086
 0 0.630862
 0 0.630863
 0 0.630867
 0 0.63087
 0 0.63087
 0 0.63087
 0 0.630882
 0 0.630906
 0 0.630946
 0 0.630946
 0 0.630966
 0 0.630966
 0 0.63097
 0 0.63097
 0 0.630982
 0 0.630996
 0 0.631004
 0 0.631023
 0 0.631023
 0 0.631024
 0 0.631026
 0 0.631026
 0 0.631026
 0 0.631026
 0 0.631029
 0 0.631033
 0 0.631093
 0 0.631098
 0 0.631109
 0 0.631112
 0 0.631113
 0 0.631113
 0 0.631118
 0 0.631118
 0 0.631119
 0 0.631141
 0 0.631155
 0 0.631175
 0 0.631175
 0 0.631175
 0 0.631176
 0 0.631184
 0 0.631184
 0 0.631187
 0 0.631187
 0 0.631195
 0 0.631223
 0 0.631235
 0 0.631235
 0 0.631238
 0 0.631238
 0 0.63124
 0 0.631246
 0 0.631251
 0 0.631254
 0 0.631254
 0 0.631286
 0 0.631293
 0 0.631298
 0 0.631303
 0 0.63133
 0 0.631354
 0 0.631354
 0 0.631365
 0 0.631381
 0 0.631386
 0 0.631387
 0 0.631387
 0 0.631387
 0 0.631392
 0 0.631392
 0 0.6314
 0 0.631401
 0 0.631408
 0 0.63141
 0 0.631411
 0 0.631411
 0 0.631416
 0 0.631418
 0 0.631419
 0 0.63142
 0 0.63142
 0 0.631421
 0 0.631421
 0 0.631421
 0 0.631438
 0 0.63146
 0 0.631472
 0 0.631504
 0 0.631504
 0 0.631504
 0 0.631526
 0 0.63153
 0 0.631532
 0 0.631543
 0 0.63156
 0 0.63156
 0 0.631561
 0 0.631564
 0 0.631568
 0 0.631595
 0 0.631597
 0 0.631598
 0 0.631599
 0 0.631614
 0 0.631617
 0 0.631625
 0 0.631626
 0 0.631628
 0 0.631628
 0 0.63163
 0 0.631633
 0 0.631648
 0 0.631672
 0 0.631675
 0 0.631676
 0 0.631676
 0 0.631678
 0 0.631688
 0 0.631693
 0 0.631696
 0 0.631708
 0 0.631712
 0 0.631713
 0 0.631713
 0 0.631714
 0 0.631727
 0 0.63173
 0 0.631731
 0 0.631733
 0 0.631736
 0 0.631745
 0 0.63175
 0 0.631753
 0 0.631756
 0 0.631765
 0 0.631774
 0 0.631775
 0 0.631782
 0 0.631793
 0 0.631793
 0 0.631793
 0 0.631794
 0 0.631811
 0 0.631824
 0 0.631824
 0 0.631824
 0 0.631829
 0 0.631831
 0 0.631856
 0 0.631876
 0 0.631896
 0 0.631896
 0 0.631902
 0 0.631906
 0 0.631906
 0 0.631907
 0 0.631907
 0 0.631907
 0 0.631907
 0 0.631907
 0 0.631908
 0 0.63191
 0 0.631911
 0 0.631912
 0 0.631914
 0 0.631936
 0 0.631938
 0 0.631946
 0 0.63195
 0 0.631953
 0 0.631954
 0 0.631954
 0 0.631954
 0 0.631954
 0 0.631959
 0 0.631964
 0 0.631965
 0 0.631966
 0 0.631966
 0 0.631967
 0 0.63197
 0 0.63197
 0 0.63197
 0 0.63197
 0 0.631971
 0 0.631974
 0 0.631987
 0 0.631988
 0 0.631992
 0 0.631996
 0 0.631999
 0 0.632
 0 0.632001
 0 0.632004
 0 0.63201
 0 0.632011
 0 0.63202
 0 0.63202
 0 0.632029
 0 0.632038
 0 0.632041
 0 0.632044
 0 0.632045
 0 0.632047
 0 0.632047
 0 0.632047
 0 0.632068
 0 0.63207
 0 0.632073
 0 0.632076
 0 0.632076
 0 0.632082
 0 0.632094
 0 0.632095
 0 0.632095
 0 0.632104
 0 0.632107
 0 0.632111
 0 0.63212
 0 0.632124
 0 0.632127
 0 0.63213
 0 0.63214
 0 0.63214
 0 0.632145
 0 0.632145
 0 0.632146
 0 0.632148
 0 0.63215
 0 0.632154
 0 0.632155
 0 0.63218
 0 0.632185
 0 0.632197
 0 0.632197
 0 0.632202
 0 0.632202
 0 0.632207
 0 0.632207
 0 0.632233
 0 0.632235
 0 0.632235
 0 0.63224
 0 0.632242
 0 0.632245
 0 0.632245
 0 0.632253
 0 0.632253
 0 0.632268
 0 0.632268
 0 0.632277
 0 0.632293
 0 0.632293
 0 0.632294
 0 0.6323
 0 0.632312
 0 0.632313
 0 0.632315
 0 0.632316
 0 0.632336
 0 0.632339
 0 0.63237
 0 0.632379
 0 0.632381
 0 0.632382
 0 0.632384
 0 0.632389
 0 0.63239
 0 0.632391
 0 0.632391
 0 0.632394
 0 0.632394
 0 0.6324
 0 0.63241
 0 0.632412
 0 0.632416
 0 0.632416
 0 0.632416
 0 0.632417
 0 0.632424
 0 0.632425
 0 0.632426
 0 0.632426
 0 0.632427
 0 0.632432
 0 0.632434
 0 0.632437
 0 0.632437
 0 0.632438
 0 0.63245
 0 0.63245
 0 0.632453
 0 0.632457
 0 0.632473
 0 0.632479
 0 0.632479
 0 0.632479
 0 0.63248
 0 0.632483
 0 0.632484
 0 0.632486
 0 0.632491
 0 0.632491
 0 0.632493
 0 0.632504
 0 0.632509
 0 0.632511
 0 0.632511
 0 0.632513
 0 0.632523
 0 0.63253
 0 0.63253
 0 0.632531
 0 0.632538
 0 0.63254
 0 0.632541
 0 0.632543
 0 0.632543
 0 0.632556
 0 0.632563
 0 0.632567
 0 0.63257
 0 0.632583
 0 0.632586
 0 0.6326
 0 0.6326
 0 0.6326
 0 0.6326
 0 0.632621
 0 0.632642
 0 0.632644
 0 0.632644
 0 0.632646
 0 0.632646
 0 0.632672
 0 0.632673
 0 0.632673
 0 0.632673
 0 0.632676
 0 0.632679
 0 0.632679
 0 0.632689
 0 0.632689
 0 0.632695
 0 0.632703
 0 0.632709
 0 0.632713
 0 0.632714
 0 0.632715
 0 0.632716
 0 0.632718
 0 0.63272
 0 0.632721
 0 0.632736
 0 0.632736
 0 0.632736
 0 0.632736
 0 0.632747
 0 0.632768
 0 0.632772
 0 0.632773
 0 0.632774
 0 0.632774
 0 0.632774
 0 0.632778
 0 0.63278
 0 0.632782
 0 0.632793
 0 0.632794
 0 0.632811
 0 0.632812
 0 0.632816
 0 0.632816
 0 0.632824
 0 0.632839
 0 0.63284
 0 0.63284
 0 0.632857
 0 0.632861
 0 0.632861
 0 0.632863
 0 0.632863
 0 0.632863
 0 0.632866
 0 0.632872
 0 0.632872
 0 0.632873
 0 0.632873
 0 0.632874
 0 0.632874
 0 0.632874
 0 0.632875
 0 0.632876
 0 0.632876
 0 0.632877
 0 0.632879
 0 0.632879
 0 0.632882
 0 0.632883
 0 0.632885
 0 0.632887
 0 0.632887
 0 0.632889
 0 0.632892
 0 0.632899
 0 0.632902
 0 0.632905
 0 0.632907
 0 0.632907
 0 0.632909
 0 0.632914
 0 0.632915
 0 0.632921
 0 0.632924
 0 0.632925
 0 0.632926
 0 0.632934
 0 0.632955
 0 0.632957
 0 0.632959
 0 0.632963
 0 0.632966
 0 0.632973
 0 0.632976
 0 0.632996
 0 0.632996
 0 0.633008
 0 0.633008
 0 0.633012
 0 0.633012
 0 0.633012
 0 0.633013
 0 0.633015
 0 0.633015
 0 0.633016
 0 0.633019
 0 0.63302
 0 0.633023
 0 0.633025
 0 0.63303
 0 0.633034
 0 0.633037
 0 0.63305
 0 0.633054
 0 0.633055
 0 0.633058
 0 0.633058
 0 0.633058
 0 0.633074
 0 0.633078
 0 0.633082
 0 0.633083
 0 0.633083
 0 0.633088
 0 0.633088
 0 0.633088
 0 0.633089
 0 0.633089
 0 0.633091
 0 0.633092
 0 0.633122
 0 0.633123
 0 0.633123
 0 0.63313
 0 0.633132
 0 0.633132
 0 0.633132
 0 0.633132
 0 0.633134
 0 0.633134
 0 0.633134
 0 0.633136
 0 0.633137
 0 0.63314
 0 0.633169
 0 0.633181
 0 0.633184
 0 0.633191
 0 0.633191
 0 0.633194
 0 0.633194
 0 0.633197
 0 0.633198
 0 0.633198
 0 0.633198
 0 0.633198
 0 0.633202
 0 0.633202
 0 0.633202
 0 0.633205
 0 0.633206
 0 0.633206
 0 0.633206
 0 0.633216
 0 0.633221
 0 0.633231
 0 0.633237
 0 0.633241
 0 0.633241
 0 0.633251
 0 0.633256
 0 0.633256
 0 0.633259
 0 0.633261
 0 0.633262
 0 0.633262
 0 0.633263
 0 0.633263
 0 0.633263
 0 0.633264
 0 0.633266
 0 0.633266
 0 0.633269
 0 0.633272
 0 0.633272
 0 0.633288
 0 0.633288
 0 0.633288
 0 0.633296
 0 0.633296
 0 0.633297
 0 0.633298
 0 0.633298
 0 0.633306
 0 0.633307
 0 0.633308
 0 0.633308
 0 0.633308
 0 0.633309
 0 0.633315
 0 0.633318
 0 0.633324
 0 0.633333
 0 0.63334
 0 0.633351
 0 0.633351
 0 0.633353
 0 0.633354
 0 0.633356
 0 0.63336
 0 0.63336
 0 0.633361
 0 0.633367
 0 0.63337
 0 0.633383
 0 0.633383
 0 0.633388
 0 0.633399
 0 0.633402
 0 0.633404
 0 0.633414
 0 0.633415
 0 0.633418
 0 0.63342
 0 0.633432
 0 0.633439
 0 0.633449
 0 0.63345
 0 0.633455
 0 0.633455
 0 0.633457
 0 0.633461
 0 0.633469
 0 0.633469
 0 0.633476
 0 0.633477
 0 0.633484
 0 0.633489
 0 0.633494
 0 0.633495
 0 0.633495
 0 0.633495
 0 0.633495
 0 0.633496
 0 0.6335
 0 0.633504
 0 0.633505
 0 0.633506
 0 0.633506
 0 0.633507
 0 0.633507
 0 0.633507
 0 0.633523
 0 0.633524
 0 0.633528
 0 0.63353
 0 0.633538
 0 0.633541
 0 0.633543
 0 0.633547
 0 0.633557
 0 0.633557
 0 0.633558
 0 0.633561
 0 0.633562
 0 0.633563
 0 0.633563
 0 0.633563
 0 0.633566
 0 0.633568
 0 0.63357
 0 0.633571
 0 0.633576
 0 0.633576
 0 0.633577
 0 0.633582
 0 0.633583
 0 0.633584
 0 0.633586
 0 0.633586
 0 0.633587
 0 0.633587
 0 0.633587
 0 0.633588
 0 0.63359
 0 0.63359
 0 0.633591
 0 0.633591
 0 0.633593
 0 0.6336
 0 0.6336
 0 0.633605
 0 0.633609
 0 0.633609
 0 0.633616
 0 0.633616
 0 0.633619
 0 0.633621
 0 0.633621
 0 0.633625
 0 0.633627
 0 0.633632
 0 0.633634
 0 0.633634
 0 0.633648
 0 0.633653
 0 0.633659
 0 0.633664
 0 0.633676
 0 0.633676
 0 0.633677
 0 0.633677
 0 0.633678
 0 0.63368
 0 0.63368
 0 0.63368
 0 0.63368
 0 0.633681
 0 0.633681
 0 0.633681
 0 0.63369
 0 0.633691
 0 0.633699
 0 0.633699
 0 0.6337
 0 0.633705
 0 0.633711
 0 0.633718
 0 0.633719
 0 0.633724
 0 0.633725
 0 0.633725
 0 0.633726
 0 0.633737
 0 0.633742
 0 0.633744
 0 0.633745
 0 0.633748
 0 0.633749
 0 0.63375
 0 0.633751
 0 0.633751
 0 0.633755
 0 0.633755
 0 0.633755
 0 0.633764
 0 0.633764
 0 0.633764
 0 0.633769
 0 0.63377
 0 0.63377
 0 0.633771
 0 0.633781
 0 0.633781
 0 0.63379
 0 0.633791
 0 0.633797
 0 0.633799
 0 0.633801
 0 0.633804
 0 0.633804
 0 0.633804
 0 0.633806
 0 0.633807
 0 0.633807
 0 0.633808
 0 0.633808
 0 0.633808
 0 0.63381
 0 0.63381
 0 0.63381
 0 0.633811
 0 0.63383
 0 0.63383
 0 0.633834
 0 0.633836
 0 0.633839
 0 0.633842
 0 0.633843
 0 0.633847
 0 0.633847
 0 0.633854
 0 0.633854
 0 0.633855
 0 0.633857
 0 0.633857
 0 0.633862
 0 0.633862
 0 0.633867
 0 0.633868
 0 0.633871
 0 0.633873
 0 0.63388
 0 0.633884
 0 0.633884
 0 0.633886
 0 0.633889
 0 0.633892
 0 0.633896
 0 0.633896
 0 0.633902
 0 0.633909
 0 0.633915
 0 0.633915
 0 0.633917
 0 0.633917
 0 0.633917
 0 0.633918
 0 0.633918
 0 0.633921
 0 0.633929
 0 0.633931
 0 0.633935
 0 0.633936
 0 0.633945
 0 0.633947
 0 0.633948
 0 0.63395
 0 0.63395
 0 0.633956
 0 0.633956
 0 0.633958
 0 0.633959
 0 0.633979
 0 0.633979
 0 0.633981
 0 0.633982
 0 0.633982
 0 0.633983
 0 0.633984
 0 0.633992
 0 0.633992
 0 0.633992
 0 0.633993
 0 0.633998
 0 0.634
 0 0.634004
 0 0.634004
 0 0.634006
 0 0.634008
 0 0.634009
 0 0.634011
 0 0.634017
 0 0.634017
 0 0.63402
 0 0.63402
 0 0.63402
 0 0.634023
 0 0.634024
 0 0.634027
 0 0.634028
 0 0.63403
 0 0.634033
 0 0.634034
 0 0.634034
 0 0.634038
 0 0.63404
 0 0.63404
 0 0.63404
 0 0.63404
 0 0.63404
 0 0.634042
 0 0.634044
 0 0.634046
 0 0.634048
 0 0.634049
 0 0.634049
 0 0.634052
 0 0.634054
 0 0.634054
 0 0.634062
 0 0.634063
 0 0.634065
 0 0.634065
 0 0.634067
 0 0.634068
 0 0.63407
 0 0.63407
 0 0.634074
 0 0.634074
 0 0.634074
 0 0.634079
 0 0.634081
 0 0.634082
 0 0.634082
 0 0.634086
 0 0.634088
 0 0.634093
 0 0.634093
 0 0.634095
 0 0.634095
 0 0.6341
 0 0.6341
 0 0.634101
 0 0.634101
 0 0.634102
 0 0.634102
 0 0.634102
 0 0.634102
 0 0.634104
 0 0.634104
 0 0.634105
 0 0.634105
 0 0.634105
 0 0.634106
 0 0.634109
 0 0.63411
 0 0.634112
 0 0.634112
 0 0.634113
 0 0.634114
 0 0.634115
 0 0.634127
 0 0.63413
 0 0.634135
 0 0.634135
 0 0.634136
 0 0.634136
 0 0.634142
 0 0.634149
 0 0.63416
 0 0.63416
 0 0.634162
 0 0.634176
 0 0.634176
 0 0.634181
 0 0.634187
 0 0.634188
 0 0.634195
 0 0.634201
 0 0.634208
 0 0.634208
 0 0.634209
 0 0.634212
 0 0.634215
 0 0.63422
 0 0.63422
 0 0.63422
 0 0.634222
 0 0.634226
 0 0.634226
 0 0.634228
 0 0.634233
 0 0.634234
 0 0.634235
 0 0.634236
 0 0.634241
 0 0.634241
 0 0.634245
 0 0.634245
 0 0.634245
 0 0.634248
 0 0.634249
 0 0.63425
 0 0.634265
 0 0.634265
 0 0.634268
 0 0.634268
 0 0.634268
 0 0.63427
 0 0.634273
 0 0.634276
 0 0.634277
 0 0.634277
 0 0.634282
 0 0.634284
 0 0.634284
 0 0.634284
 0 0.634284
 0 0.634294
 0 0.634297
 0 0.634297
 0 0.634301
 0 0.634302
 0 0.634302
 0 0.634304
 0 0.634305
 0 0.634305
 0 0.634305
 0 0.634305
 0 0.634305
 0 0.634305
 0 0.634307
 0 0.634308
 0 0.634311
 0 0.634313
 0 0.634313
 0 0.634314
 0 0.634315
 0 0.634319
 0 0.634319
 0 0.634323
 0 0.634325
 0 0.634328
 0 0.634329
 0 0.634329
 0 0.634329
 0 0.634329
 0 0.634332
 0 0.634336
 0 0.634336
 0 0.634337
 0 0.634337
 0 0.634338
 0 0.634339
 0 0.634339
 0 0.63434
 0 0.634341
 0 0.634341
 0 0.634342
 0 0.634343
 0 0.634344
 0 0.634345
 0 0.634345
 0 0.634349
 0 0.634349
 0 0.63435
 0 0.634352
 0 0.634352
 0 0.634352
 0 0.634358
 0 0.634358
 0 0.634369
 0 0.634377
 0 0.634382
 0 0.634382
 0 0.634383
 0 0.634383
 0 0.634386
 0 0.634386
 0 0.634391
 0 0.634391
 0 0.634391
 0 0.634391
 0 0.634391
 0 0.634392
 0 0.634394
 0 0.634394
 0 0.6344
 0 0.6344
 0 0.634403
 0 0.634404
 0 0.634405
 0 0.634407
 0 0.634411
 0 0.634416
 0 0.634422
 0 0.634424
 0 0.634427
 0 0.634444
 0 0.634444
 0 0.634447
 0 0.634447
 0 0.634448
 0 0.634452
 0 0.634453
 0 0.634454
 0 0.634468
 0 0.63447
 0 0.63447
 0 0.634472
 0 0.634476
 0 0.634481
 0 0.634481
 0 0.634482
 0 0.634483
 0 0.634486
 0 0.634486
 0 0.634486
 0 0.634488
 0 0.63449
 0 0.634491
 0 0.634495
 0 0.634495
 0 0.634496
 0 0.634514
 0 0.634514
 0 0.634518
 0 0.634531
 0 0.634537
 0 0.634538
 0 0.634538
 0 0.634539
 0 0.634543
 0 0.634543
 0 0.634546
 0 0.634548
 0 0.63455
 0 0.634551
 0 0.634553
 0 0.634553
 0 0.634555
 0 0.634555
 0 0.634556
 0 0.634564
 0 0.634566
 0 0.634566
 0 0.634566
 0 0.634566
 0 0.634567
 0 0.634571
 0 0.63458
 0 0.634581
 0 0.634586
 0 0.634587
 0 0.634588
 0 0.634588
 0 0.634588
 0 0.634589
 0 0.63459
 0 0.63459
 0 0.634596
 0 0.634597
 0 0.634599
 0 0.6346
 0 0.634602
 0 0.634604
 0 0.634605
 0 0.634605
 0 0.634607
 0 0.634607
 0 0.634613
 0 0.634613
 0 0.634613
 0 0.634615
 0 0.634616
 0 0.634618
 0 0.634618
 0 0.634618
 0 0.634618
 0 0.634622
 0 0.634623
 0 0.634624
 0 0.634625
 0 0.634625
 0 0.634626
 0 0.634627
 0 0.634628
 0 0.634629
 0 0.63463
 0 0.634633
 0 0.634633
 0 0.634633
 0 0.634633
 0 0.634633
 0 0.634633
 0 0.634634
 0 0.634634
 0 0.634634
 0 0.63464
 0 0.634643
 0 0.634644
 0 0.634645
 0 0.634646
 0 0.634646
 0 0.634652
 0 0.634652
 0 0.634654
 0 0.634656
 0 0.634659
 0 0.63466
 0 0.634667
 0 0.634667
 0 0.634671
 0 0.634671
 0 0.634671
 0 0.634677
 0 0.634679
 0 0.634685
 0 0.634685
 0 0.634686
 0 0.634688
 0 0.63469
 0 0.63469
 0 0.63469
 0 0.634692
 0 0.634694
 0 0.634695
 0 0.634696
 0 0.634696
 0 0.634699
 0 0.634699
 0 0.634699
 0 0.634707
 0 0.634707
 0 0.634708
 0 0.63471
 0 0.634714
 0 0.634717
 0 0.634718
 0 0.63472
 0 0.63472
 0 0.63472
 0 0.63472
 0 0.634732
 0 0.634734
 0 0.634734
 0 0.634735
 0 0.634735
 0 0.634736
 0 0.634741
 0 0.634743
 0 0.634743
 0 0.634743
 0 0.634746
 0 0.634749
 0 0.634753
 0 0.634757
 0 0.634757
 0 0.634761
 0 0.634765
 0 0.634765
 0 0.634779
 0 0.634779
 0 0.634782
 0 0.634787
 0 0.634787
 0 0.634788
 0 0.634789
 0 0.634792
 0 0.6348
 0 0.6348
 0 0.634802
 0 0.634806
 0 0.634809
 0 0.634809
 0 0.634828
 0 0.634829
 0 0.634829
 0 0.634829
 0 0.63483
 0 0.63483
 0 0.634853
 0 0.634862
 0 0.634867
 0 0.634874
 0 0.634878
 0 0.634881
 0 0.634882
 0 0.634885
 0 0.634886
 0 0.63489
 0 0.634892
 0 0.634894
 0 0.634896
 0 0.634901
 0 0.634903
 0 0.634904
 0 0.634904
 0 0.634905
 0 0.634905
 0 0.634907
 0 0.634908
 0 0.634908
 0 0.63491
 0 0.634911
 0 0.634915
 0 0.634921
 0 0.634923
 0 0.634923
 0 0.63493
 0 0.63493
 0 0.634931
 0 0.634931
 0 0.634933
 0 0.634935
 0 0.634938
 0 0.634941
 0 0.634941
 0 0.634942
 0 0.634942
 0 0.634942
 0 0.634942
 0 0.634943
 0 0.634946
 0 0.634947
 0 0.634948
 0 0.63495
 0 0.634952
 0 0.634952
 0 0.634954
 0 0.634957
 0 0.634957
 0 0.634958
 0 0.634959
 0 0.634959
 0 0.634959
 0 0.63496
 0 0.634962
 0 0.634964
 0 0.634965
 0 0.634968
 0 0.634973
 0 0.634975
 0 0.634975
 0 0.634979
 0 0.63498
 0 0.634981
 0 0.634987
 0 0.634987
 0 0.634995
 0 0.635
 0 0.635
 0 0.635002
 0 0.635016
 0 0.635017
 0 0.635021
 0 0.635023
 0 0.635033
 0 0.635034
 0 0.635034
 0 0.635034
 0 0.635035
 0 0.635038
 0 0.635041
 0 0.635045
 0 0.635048
 0 0.635048
 0 0.635048
 0 0.635049
 0 0.635049
 0 0.635051
 0 0.635051
 0 0.635053
 0 0.635053
 0 0.635053
 0 0.635054
 0 0.63506
 0 0.635061
 0 0.635064
 0 0.635066
 0 0.635073
 0 0.635076
 0 0.635077
 0 0.635079
 0 0.63508
 0 0.635081
 0 0.635081
 0 0.635083
 0 0.635086
 0 0.635094
 0 0.635095
 0 0.635095
 0 0.635096
 0 0.635096
 0 0.635096
 0 0.635097
 0 0.635099
 0 0.635101
 0 0.635101
 0 0.635103
 0 0.635123
 0 0.635137
 0 0.635138
 0 0.63514
 0 0.63514
 0 0.635145
 0 0.635145
 0 0.635145
 0 0.635147
 0 0.635148
 0 0.635148
 0 0.635153
 0 0.635158
 0 0.635164
 0 0.635169
 0 0.635171
 0 0.635176
 0 0.635178
 0 0.635186
 0 0.635192
 0 0.635192
 0 0.635195
 0 0.635195
 0 0.635201
 0 0.635207
 0 0.635207
 0 0.635208
 0 0.635208
 0 0.63521
 0 0.635214
 0 0.635224
 0 0.635236
 0 0.635237
 0 0.635245
 0 0.635246
 0 0.635252
 0 0.635267
 0 0.635267
 0 0.635267
 0 0.635273
 0 0.635282
 0 0.635288
 0 0.635298
 0 0.635298
 0 0.635305
 0 0.635305
 0 0.635305
 0 0.635329
 0 0.635342
 0 0.635349
 0 0.635351
 0 0.635363
 0 0.635363
 0 0.635366
 0 0.635367
 0 0.635376
 0 0.635376
 0 0.635401
 0 0.635401
 0 0.635401
 0 0.635405
 0 0.635406
 0 0.635407
 0 0.635412
 0 0.635423
 0 0.635426
 0 0.63543
 0 0.635431
 0 0.635432
 0 0.635434
 0 0.635438
 0 0.635439
 0 0.635441
 0 0.635446
 0 0.635451
 0 0.635451
 0 0.635452
 0 0.635458
 0 0.635458
 0 0.635459
 0 0.635459
 0 0.635461
 0 0.635461
 0 0.635462
 0 0.635462
 0 0.635472
 0 0.635474
 0 0.635475
 0 0.635475
 0 0.635481
 0 0.635485
 0 0.635489
 0 0.635491
 0 0.635491
 0 0.635491
 0 0.635492
 0 0.635494
 0 0.635494
 0 0.635496
 0 0.635496
 0 0.635503
 0 0.635505
 0 0.635507
 0 0.635508
 0 0.635508
 0 0.63551
 0 0.63552
 0 0.63552
 0 0.635525
 0 0.635525
 0 0.635527
 0 0.635527
 0 0.635534
 0 0.635536
 0 0.635536
 0 0.635538
 0 0.635538
 0 0.635546
 0 0.635546
 0 0.635546
 0 0.635549
 0 0.635549
 0 0.635549
 0 0.635551
 0 0.635554
 0 0.635556
 0 0.635558
 0 0.635559
 0 0.635563
 0 0.635567
 0 0.635567
 0 0.635567
 0 0.635569
 0 0.63557
 0 0.635573
 0 0.635605
 0 0.63561
 0 0.635611
 0 0.635611
 0 0.635616
 0 0.635623
 0 0.635623
 0 0.635623
 0 0.635624
 0 0.635625
 0 0.635629
 0 0.635629
 0 0.635629
 0 0.63563
 0 0.635631
 0 0.635631
 0 0.635632
 0 0.635633
 0 0.635634
 0 0.635635
 0 0.635635
 0 0.635636
 0 0.635638
 0 0.63564
 0 0.635641
 0 0.635654
 0 0.635657
 0 0.635661
 0 0.635662
 0 0.635663
 0 0.635665
 0 0.635669
 0 0.635672
 0 0.635673
 0 0.635676
 0 0.635678
 0 0.635681
 0 0.635681
 0 0.635681
 0 0.635682
 0 0.635682
 0 0.635683
 0 0.635688
 0 0.635689
 0 0.635693
 0 0.635693
 0 0.635708
 0 0.635712
 0 0.635726
 0 0.635726
 0 0.635727
 0 0.63573
 0 0.635733
 0 0.635736
 0 0.635754
 0 0.635754
 0 0.635757
 0 0.635758
 0 0.635759
 0 0.635771
 0 0.635788
 0 0.635788
 0 0.635788
 0 0.635792
 0 0.635793
 0 0.635793
 0 0.635795
 0 0.635795
 0 0.635796
 0 0.635797
 0 0.635797
 0 0.635797
 0 0.635804
 0 0.635806
 0 0.635812
 0 0.635812
 0 0.635813
 0 0.635814
 0 0.635815
 0 0.635815
 0 0.635815
 0 0.635818
 0 0.635819
 0 0.635819
 0 0.635823
 0 0.635832
 0 0.635835
 0 0.635838
 0 0.635838
 0 0.635838
 0 0.63584
 0 0.635842
 0 0.635842
 0 0.635844
 0 0.635847
 0 0.63589
 0 0.63589
 0 0.63589
 0 0.635903
 0 0.635905
 0 0.635913
 0 0.635928
 0 0.635941
 0 0.635945
 0 0.635947
 0 0.635949
 0 0.635949
 0 0.635957
 0 0.635961
 0 0.635961
 0 0.635963
 0 0.635963
 0 0.635966
 0 0.635966
 0 0.635966
 0 0.635966
 0 0.63597
 0 0.635975
 0 0.635978
 0 0.635993
 0 0.635994
 0 0.635994
 0 0.635996
 0 0.63604
 0 0.63604
 0 0.636041
 0 0.636044
 0 0.636045
 0 0.63605
 0 0.636087
 0 0.63609
 0 0.636095
 0 0.636096
 0 0.636107
 0 0.636109
 0 0.636111
 0 0.636113
 0 0.636113
 0 0.636118
 0 0.636121
 0 0.636129
 0 0.636134
 0 0.636137
 0 0.636137
 0 0.63614
 0 0.636145
 0 0.636155
 0 0.636163
 0 0.636168
 0 0.636175
 0 0.636175
 0 0.636175
 0 0.636181
 0 0.636189
 0 0.636217
 0 0.636222
 0 0.636226
 0 0.636226
 0 0.636238
 0 0.636253
 0 0.636255
 0 0.636259
 0 0.636264
 0 0.636264
 0 0.636282
 0 0.636282
 0 0.636283
 0 0.636299
 0 0.636303
 0 0.636304
 0 0.636306
 0 0.636307
 0 0.636311
 0 0.636311
 0 0.636313
 0 0.636316
 0 0.636317
 0 0.636318
 0 0.636318
 0 0.63632
 0 0.63632
 0 0.636321
 0 0.636321
 0 0.636326
 0 0.636328
 0 0.636328
 0 0.636328
 0 0.636335
 0 0.636335
 0 0.636353
 0 0.636354
 0 0.63637
 0 0.636372
 0 0.636387
 0 0.636391
 0 0.636423
 0 0.636423
 0 0.636425
 0 0.636429
 0 0.636431
 0 0.636436
 0 0.63645
 0 0.63645
 0 0.636453
 0 0.636455
 0 0.636459
 0 0.636463
 0 0.636467
 0 0.636471
 0 0.636483
 0 0.636485
 0 0.636491
 0 0.6365
 0 0.636514
 0 0.636514
 0 0.636523
 0 0.636523
 0 0.636523
 0 0.636523
 0 0.636527
 0 0.63655
 0 0.636553
 0 0.636581
 0 0.636587
 0 0.636595
 0 0.636599
 0 0.636601
 0 0.63661
 0 0.636618
 0 0.636621
 0 0.636621
 0 0.636625
 0 0.636627
 0 0.636627
 0 0.636628
 0 0.63663
 0 0.636631
 0 0.636642
 0 0.636668
 0 0.636669
 0 0.636672
 0 0.636676
 0 0.636681
 0 0.636689
 0 0.636689
 0 0.636696
 0 0.636705
 0 0.636705
 0 0.636705
 0 0.636746
 0 0.636793
 0 0.636794
 0 0.636805
 0 0.636807
 0 0.636828
 0 0.636828
 0 0.636841
 0 0.636844
 0 0.636845
 0 0.636848
 0 0.636849
 0 0.636858
 0 0.636864
 0 0.636891
 0 0.636894
 0 0.636894
 0 0.636894
 0 0.636902
 0 0.636907
 0 0.636927
 0 0.636931
 0 0.636931
 0 0.636945
 0 0.636962
 0 0.636965
 0 0.636991
 0 0.63701
 0 0.637024
 0 0.637065
 0 0.63707
 0 0.63707
 0 0.637076
 0 0.637079
 0 0.63708
 0 0.637109
 0 0.637136
 0 0.637166
 0 0.637172
 0 0.637173
 0 0.637181
 0 0.637187
 0 0.63719
 0 0.637204
 0 0.637204
 0 0.637204
 0 0.637204
 0 0.63721
 0 0.637228
 0 0.637229
 0 0.637229
 0 0.637241
 0 0.637247
 0 0.637266
 0 0.637297
 0 0.637297
 0 0.637301
 0 0.637301
 0 0.637301
 0 0.637304
 0 0.637307
 0 0.637308
 0 0.63732
 0 0.63733
 0 0.637361
 0 0.637361
 0 0.637371
 0 0.637374
 0 0.637384
 0 0.637389
 0 0.637389
 0 0.637396
 0 0.637398
 0 0.63741
 0 0.637432
 0 0.637523
 0 0.63753
 0 0.637562
 0 0.637562
 0 0.63759
 0 0.637592
 0 0.637592
 0 0.637603
 0 0.637604
 0 0.637619
 0 0.637619
 0 0.637622
 0 0.637639
 0 0.637664
 0 0.637667
 0 0.637717
 0 0.637718
 0 0.637735
 0 0.637737
 0 0.637737
 0 0.637739
 0 0.637745
 0 0.637746
 0 0.637751
 0 0.637753
 0 0.637756
 0 0.637762
 0 0.637773
 0 0.63778
 0 0.637798
 0 0.637873
 0 0.637873
 0 0.637873
 0 0.637874
 0 0.63788
 0 0.637884
 0 0.637894
 0 0.63792
 0 0.637931
 0 0.637949
 0 0.637953
 0 0.637955
 0 0.638019
 0 0.638115
 0 0.638116
 0 0.638142
 0 0.638142
 0 0.638182
 0 0.638182
 0 0.638299
 0 0.638408
 0 0.638447
 0 0.638512
 0 0.638527
 0 0.638527
 0 0.638534
 0 0.638537
 0 0.638538
 0 0.638543
 0 0.63869
 0 0.638692
 0 0.638693
 0 0.638727
 0 0.638739
 0 0.63875
 0 0.63875
 0 0.638928
 0 0.638929
 0 0.638986
 0 0.638986
 0 0.639023
 0 0.639023
 0 0.639025
 0 0.63903
 0 0.639033
 0 0.639136
 0 0.639163
 0 0.639164
 0 0.639169
 0 0.639172
 0 0.639175
 0 0.639193
 0 0.639195
 0 0.639196
 0 0.639373
 0 0.639377
 0 0.639477
 0 0.639511
 0 0.639518
 0 0.639524
 0 0.639531
 0 0.639571
 0 0.639571
 0 0.639572
 0 0.639575
 0 0.63967
 0 0.639672
 0 0.639673
 0 0.639681
 0 0.63971
 0 0.63971
 0 0.63971
 0 0.639712
 0 0.639713
 0 0.639817
 0 0.639893
 0 0.639896
 0 0.639913
 0 0.639916
 0 0.639916
 0 0.639949
 0 0.639949
 0 0.640114
 0 0.640193
 0 0.640201
 0 0.640337
 0 0.640337
 0 0.640353
 0 0.640462
 0 0.640471
 0 0.640807
 0 0.640892
 0 0.641024
 0 0.641025
 0 0.641026
 0 0.641028
 0 0.641213
 0 0.641335
 0 0.641338
 0 0.641378
 0 0.641444
 0 0.64186
 0 0.642072
 0 0.642333
 0 0.642601
 0 0.642601
 0 0.642818
 0 0.642999
 0 0.642999
 0 0.643003
 0 0.643003
 0 inf
