 0 0.494074
 0 0.494075
 0 0.494075
 0 0.494298
 0 0.494299
 0 0.494503
 0 0.499448
 0 0.499902
 0 0.499902
 0 0.499945
 0 0.499945
 0 0.499945
 0 0.625675
 0 0.625759
 0 0.626423
 0 0.626837
 0 0.626837
 0 0.626921
 0 0.626921
 0 0.627214
 0 0.627214
 0 0.627215
 0 0.627524
 0 0.627524
 0 0.627524
 0 0.627524
 0 0.627571
 0 0.627571
 0 0.627992
 0 0.627992
 0 0.627992
 0 0.628153
 0 0.628287
 0 0.628397
 0 0.628429
 0 0.628429
 0 0.628466
 0 0.628467
 0 0.628557
 0 0.628559
 0 0.628676
 0 0.628734
 0 0.628734
 0 0.628765
 0 0.628765
 0 0.628786
 0 0.628856
 0 0.628856
 0 0.62887
 0 0.62891
 0 0.628911
 0 0.628959
 0 0.628959
 0 0.629041
 0 0.629075
 0 0.629076
 0 0.629076
 0 0.629082
 0 0.629111
 0 0.629111
 0 0.629111
 0 0.629143
 0 0.629145
 0 0.629165
 0 0.629165
 0 0.629166
 0 0.629166
 0 0.629174
 0 0.629265
 0 0.629265
 0 0.629265
 0 0.629287
 0 0.629287
 0 0.629312
 0 0.629312
 0 0.629313
 0 0.629337
 0 0.629338
 0 0.629338
 0 0.629339
 0 0.62934
 0 0.629342
 0 0.629343
 0 0.629403
 0 0.629405
 0 0.629438
 0 0.629439
 0 0.629439
 0 0.629523
 0 0.629571
 0 0.629571
 0 0.629571
 0 0.629572
 0 0.629572
 0 0.629623
 0 0.629635
 0 0.629655
 0 0.629678
 0 0.629687
 0 0.629731
 0 0.629731
 0 0.629731
 0 0.629745
 0 0.629745
 0 0.629755
 0 0.629757
 0 0.629757
 0 0.629787
 0 0.629795
 0 0.629797
 0 0.629813
 0 0.629814
 0 0.629858
 0 0.629903
 0 0.629925
 0 0.629927
 0 0.629927
 0 0.629928
 0 0.629928
 0 0.629999
 0 0.629999
 0 0.630004
 0 0.630004
 0 0.630004
 0 0.63003
 0 0.630042
 0 0.630043
 0 0.630081
 0 0.630081
 0 0.630093
 0 0.630094
 0 0.630119
 0 0.63012
 0 0.63012
 0 0.630138
 0 0.63014
 0 0.630143
 0 0.630147
 0 0.630148
 0 0.630149
 0 0.630175
 0 0.630176
 0 0.630176
 0 0.630185
 0 0.630186
 0 0.630203
 0 0.630217
 0 0.630218
 0 0.630264
 0 0.630264
 0 0.630309
 0 0.630309
 0 0.630309
 0 0.630391
 0 0.630391
 0 0.630402
 0 0.63045
 0 0.63045
 0 0.63045
 0 0.63045
 0 0.630459
 0 0.630459
 0 0.630459
 0 0.630459
 0 0.630505
 0 0.630505
 0 0.630506
 0 0.630506
 0 0.630506
 0 0.630519
 0 0.63053
 0 0.630538
 0 0.630538
 0 0.630538
 0 0.630539
 0 0.630584
 0 0.630604
 0 0.630665
 0 0.630699
 0 0.630734
 0 0.630746
 0 0.630746
 0 0.630747
 0 0.630756
 0 0.630777
 0 0.630823
 0 0.630824
 0 0.630824
 0 0.630854
 0 0.630858
 0 0.630862
 0 0.630879
 0 0.630911
 0 0.630968
 0 0.630968
 0 0.630968
 0 0.631002
 0 0.63102
 0 0.63102
 0 0.63102
 0 0.63102
 0 0.631024
 0 0.631024
 0 0.631025
 0 0.631026
 0 0.631026
 0 0.631026
 0 0.631031
 0 0.631032
 0 0.631051
 0 0.631051
 0 0.631053
 0 0.631053
 0 0.631054
 0 0.631058
 0 0.631058
 0 0.63106
 0 0.631212
 0 0.631235
 0 0.631256
 0 0.631262
 0 0.631262
 0 0.631282
 0 0.631282
 0 0.631283
 0 0.631284
 0 0.631284
 0 0.631297
 0 0.631301
 0 0.631301
 0 0.631301
 0 0.631318
 0 0.631318
 0 0.631324
 0 0.631394
 0 0.631403
 0 0.631415
 0 0.631453
 0 0.631453
 0 0.631453
 0 0.631453
 0 0.631453
 0 0.631457
 0 0.631457
 0 0.631507
 0 0.631523
 0 0.631523
 0 0.631596
 0 0.631614
 0 0.631614
 0 0.631618
 0 0.631639
 0 0.63164
 0 0.631641
 0 0.631641
 0 0.631662
 0 0.63167
 0 0.631735
 0 0.631736
 0 0.631736
 0 0.631737
 0 0.631737
 0 0.631741
 0 0.631744
 0 0.631756
 0 0.631756
 0 0.63178
 0 0.631785
 0 0.631811
 0 0.631821
 0 0.631821
 0 0.631821
 0 0.631823
 0 0.631824
 0 0.631846
 0 0.631847
 0 0.631863
 0 0.631919
 0 0.631941
 0 0.631944
 0 0.631945
 0 0.631963
 0 0.631965
 0 0.631973
 0 0.631974
 0 0.631982
 0 0.631983
 0 0.631983
 0 0.632023
 0 0.632049
 0 0.632049
 0 0.632051
 0 0.632056
 0 0.632057
 0 0.63206
 0 0.632068
 0 0.63208
 0 0.632118
 0 0.632119
 0 0.632121
 0 0.632122
 0 0.632122
 0 0.632122
 0 0.63215
 0 0.632154
 0 0.632155
 0 0.632161
 0 0.632188
 0 0.632188
 0 0.632188
 0 0.632188
 0 0.632207
 0 0.632207
 0 0.632207
 0 0.632218
 0 0.632257
 0 0.632257
 0 0.632257
 0 0.632261
 0 0.632293
 0 0.632293
 0 0.632298
 0 0.632298
 0 0.632299
 0 0.632356
 0 0.632368
 0 0.632368
 0 0.632368
 0 0.632368
 0 0.632377
 0 0.632388
 0 0.632388
 0 0.632389
 0 0.632395
 0 0.632399
 0 0.632401
 0 0.632407
 0 0.632424
 0 0.632445
 0 0.632445
 0 0.632445
 0 0.632447
 0 0.632467
 0 0.632476
 0 0.632482
 0 0.632511
 0 0.632517
 0 0.632517
 0 0.632521
 0 0.632521
 0 0.632522
 0 0.632523
 0 0.632523
 0 0.632524
 0 0.632536
 0 0.632536
 0 0.632536
 0 0.632536
 0 0.632597
 0 0.632602
 0 0.632603
 0 0.632619
 0 0.632625
 0 0.632642
 0 0.632666
 0 0.632668
 0 0.632668
 0 0.632668
 0 0.632706
 0 0.632716
 0 0.632716
 0 0.632716
 0 0.632739
 0 0.632754
 0 0.632761
 0 0.632767
 0 0.632768
 0 0.632768
 0 0.63277
 0 0.63277
 0 0.632777
 0 0.632777
 0 0.63278
 0 0.63278
 0 0.632782
 0 0.632782
 0 0.632783
 0 0.632801
 0 0.632803
 0 0.632838
 0 0.632838
 0 0.632838
 0 0.63284
 0 0.63284
 0 0.632872
 0 0.632881
 0 0.632882
 0 0.632882
 0 0.632886
 0 0.632889
 0 0.632894
 0 0.632894
 0 0.632894
 0 0.632897
 0 0.632897
 0 0.632913
 0 0.632926
 0 0.632926
 0 0.632949
 0 0.632951
 0 0.632953
 0 0.632957
 0 0.632957
 0 0.632959
 0 0.633016
 0 0.633016
 0 0.633016
 0 0.633053
 0 0.633113
 0 0.633114
 0 0.633114
 0 0.633129
 0 0.633129
 0 0.633146
 0 0.633146
 0 0.633157
 0 0.633158
 0 0.633158
 0 0.633158
 0 0.633158
 0 0.633167
 0 0.633167
 0 0.633168
 0 0.633168
 0 0.633195
 0 0.633254
 0 0.633254
 0 0.633254
 0 0.633255
 0 0.633266
 0 0.633267
 0 0.633287
 0 0.633288
 0 0.633297
 0 0.633298
 0 0.633305
 0 0.633355
 0 0.633355
 0 0.633356
 0 0.633357
 0 0.633357
 0 0.633357
 0 0.633366
 0 0.633367
 0 0.633368
 0 0.633368
 0 0.633381
 0 0.633381
 0 0.633382
 0 0.633385
 0 0.63341
 0 0.633411
 0 0.633417
 0 0.633421
 0 0.633432
 0 0.633432
 0 0.633432
 0 0.633443
 0 0.633443
 0 0.633452
 0 0.633459
 0 0.633459
 0 0.633459
 0 0.63347
 0 0.633471
 0 0.633511
 0 0.633511
 0 0.633512
 0 0.633512
 0 0.633513
 0 0.633516
 0 0.633521
 0 0.633521
 0 0.633522
 0 0.633554
 0 0.633561
 0 0.633561
 0 0.633568
 0 0.633568
 0 0.633592
 0 0.633602
 0 0.633602
 0 0.633621
 0 0.633621
 0 0.633621
 0 0.633622
 0 0.633644
 0 0.633644
 0 0.633645
 0 0.633645
 0 0.633646
 0 0.633648
 0 0.633648
 0 0.633654
 0 0.633667
 0 0.633667
 0 0.633667
 0 0.633686
 0 0.633732
 0 0.633732
 0 0.633748
 0 0.633748
 0 0.633748
 0 0.633758
 0 0.633763
 0 0.633765
 0 0.633774
 0 0.63379
 0 0.633791
 0 0.633809
 0 0.633809
 0 0.633809
 0 0.633809
 0 0.633809
 0 0.633838
 0 0.633838
 0 0.633844
 0 0.633844
 0 0.633844
 0 0.633844
 0 0.633844
 0 0.633846
 0 0.633846
 0 0.633966
 0 0.633966
 0 0.633966
 0 0.633967
 0 0.633967
 0 0.633968
 0 0.63397
 0 0.63397
 0 0.63397
 0 0.63397
 0 0.63397
 0 0.63397
 0 0.633987
 0 0.633994
 0 0.633994
 0 0.634014
 0 0.634017
 0 0.634017
 0 0.634027
 0 0.634027
 0 0.634027
 0 0.634042
 0 0.634042
 0 0.634042
 0 0.634057
 0 0.634058
 0 0.634094
 0 0.634095
 0 0.634095
 0 0.634097
 0 0.634116
 0 0.634144
 0 0.634144
 0 0.634145
 0 0.634145
 0 0.634155
 0 0.634165
 0 0.634165
 0 0.634197
 0 0.634197
 0 0.634204
 0 0.634228
 0 0.634228
 0 0.634229
 0 0.634229
 0 0.634229
 0 0.634235
 0 0.634237
 0 0.634237
 0 0.634237
 0 0.634237
 0 0.634281
 0 0.634281
 0 0.634282
 0 0.63429
 0 0.634332
 0 0.634356
 0 0.634357
 0 0.634367
 0 0.634367
 0 0.634395
 0 0.634396
 0 0.634396
 0 0.634397
 0 0.634397
 0 0.634397
 0 0.634403
 0 0.634408
 0 0.634408
 0 0.634411
 0 0.634411
 0 0.634435
 0 0.634435
 0 0.634436
 0 0.634446
 0 0.634447
 0 0.634453
 0 0.634453
 0 0.634466
 0 0.634466
 0 0.634467
 0 0.634467
 0 0.63448
 0 0.634489
 0 0.634493
 0 0.634496
 0 0.634504
 0 0.634513
 0 0.634516
 0 0.634516
 0 0.634516
 0 0.634546
 0 0.634554
 0 0.634556
 0 0.634556
 0 0.634557
 0 0.6346
 0 0.6346
 0 0.6346
 0 0.634604
 0 0.634604
 0 0.634604
 0 0.634604
 0 0.634605
 0 0.634632
 0 0.634635
 0 0.634635
 0 0.634635
 0 0.634648
 0 0.634656
 0 0.634656
 0 0.634657
 0 0.63467
 0 0.634672
 0 0.634672
 0 0.634672
 0 0.634672
 0 0.634672
 0 0.634673
 0 0.63471
 0 0.63471
 0 0.634711
 0 0.634774
 0 0.634774
 0 0.634781
 0 0.634799
 0 0.634813
 0 0.634846
 0 0.634849
 0 0.634849
 0 0.634849
 0 0.634861
 0 0.634863
 0 0.634871
 0 0.634871
 0 0.634881
 0 0.634882
 0 0.634882
 0 0.634882
 0 0.634903
 0 0.634903
 0 0.634903
 0 0.634919
 0 0.63492
 0 0.634935
 0 0.634935
 0 0.634945
 0 0.63495
 0 0.63495
 0 0.634951
 0 0.634951
 0 0.634951
 0 0.634951
 0 0.634951
 0 0.634951
 0 0.634982
 0 0.634982
 0 0.634982
 0 0.635
 0 0.635012
 0 0.635019
 0 0.635019
 0 0.63502
 0 0.635034
 0 0.635034
 0 0.635034
 0 0.635035
 0 0.635035
 0 0.635036
 0 0.635036
 0 0.635038
 0 0.635038
 0 0.63506
 0 0.635069
 0 0.635079
 0 0.635091
 0 0.635096
 0 0.635098
 0 0.635098
 0 0.635104
 0 0.635114
 0 0.635126
 0 0.635126
 0 0.635126
 0 0.635126
 0 0.635142
 0 0.635155
 0 0.635156
 0 0.635156
 0 0.635176
 0 0.635202
 0 0.635205
 0 0.635207
 0 0.63521
 0 0.635211
 0 0.635211
 0 0.635211
 0 0.635216
 0 0.635216
 0 0.635228
 0 0.635238
 0 0.63526
 0 0.635261
 0 0.635267
 0 0.635267
 0 0.635275
 0 0.635275
 0 0.635275
 0 0.635284
 0 0.635284
 0 0.635284
 0 0.635284
 0 0.635296
 0 0.635304
 0 0.635305
 0 0.635305
 0 0.635305
 0 0.635306
 0 0.635327
 0 0.635327
 0 0.635327
 0 0.63534
 0 0.635344
 0 0.635358
 0 0.635358
 0 0.635358
 0 0.635359
 0 0.635361
 0 0.635362
 0 0.635364
 0 0.635364
 0 0.635366
 0 0.635382
 0 0.635382
 0 0.635404
 0 0.635404
 0 0.635404
 0 0.635404
 0 0.635404
 0 0.635409
 0 0.63541
 0 0.635411
 0 0.635411
 0 0.635411
 0 0.635416
 0 0.635416
 0 0.635416
 0 0.63542
 0 0.635422
 0 0.635422
 0 0.635434
 0 0.635435
 0 0.63544
 0 0.635443
 0 0.635449
 0 0.635449
 0 0.635453
 0 0.635453
 0 0.635473
 0 0.635487
 0 0.635487
 0 0.635491
 0 0.635491
 0 0.635497
 0 0.635497
 0 0.635497
 0 0.63551
 0 0.63551
 0 0.63551
 0 0.63551
 0 0.63552
 0 0.63552
 0 0.635525
 0 0.635544
 0 0.635544
 0 0.635552
 0 0.635555
 0 0.635555
 0 0.635561
 0 0.635561
 0 0.635561
 0 0.635561
 0 0.635603
 0 0.635604
 0 0.635604
 0 0.635615
 0 0.635626
 0 0.635626
 0 0.635645
 0 0.635645
 0 0.635645
 0 0.635645
 0 0.635647
 0 0.635648
 0 0.635648
 0 0.635668
 0 0.635668
 0 0.635669
 0 0.635693
 0 0.635695
 0 0.635707
 0 0.635707
 0 0.635708
 0 0.635718
 0 0.635729
 0 0.635729
 0 0.635744
 0 0.635744
 0 0.635755
 0 0.635756
 0 0.63577
 0 0.635771
 0 0.635771
 0 0.635771
 0 0.635777
 0 0.635777
 0 0.635777
 0 0.635784
 0 0.635787
 0 0.635787
 0 0.635787
 0 0.635787
 0 0.635789
 0 0.635794
 0 0.635811
 0 0.635811
 0 0.635812
 0 0.635837
 0 0.635837
 0 0.635837
 0 0.635855
 0 0.635887
 0 0.635888
 0 0.635888
 0 0.635924
 0 0.635928
 0 0.635929
 0 0.635938
 0 0.635939
 0 0.63594
 0 0.635943
 0 0.635943
 0 0.635944
 0 0.635944
 0 0.635952
 0 0.635952
 0 0.63596
 0 0.635961
 0 0.635961
 0 0.635992
 0 0.635992
 0 0.635992
 0 0.635993
 0 0.635993
 0 0.635995
 0 0.635996
 0 0.635998
 0 0.635998
 0 0.636011
 0 0.63602
 0 0.636021
 0 0.636021
 0 0.636021
 0 0.636021
 0 0.636027
 0 0.636042
 0 0.63612
 0 0.636124
 0 0.63614
 0 0.636142
 0 0.636142
 0 0.636143
 0 0.636144
 0 0.636148
 0 0.636173
 0 0.636215
 0 0.636215
 0 0.636233
 0 0.636254
 0 0.636254
 0 0.636257
 0 0.636268
 0 0.636268
 0 0.636268
 0 0.636269
 0 0.636278
 0 0.636279
 0 0.636281
 0 0.636334
 0 0.636336
 0 0.636341
 0 0.636353
 0 0.636353
 0 0.636354
 0 0.636356
 0 0.636356
 0 0.636356
 0 0.636356
 0 0.636379
 0 0.636381
 0 0.636388
 0 0.636388
 0 0.636419
 0 0.636419
 0 0.636419
 0 0.636428
 0 0.636443
 0 0.636445
 0 0.636459
 0 0.63646
 0 0.636475
 0 0.636476
 0 0.636477
 0 0.636492
 0 0.636501
 0 0.63651
 0 0.636511
 0 0.636511
 0 0.636554
 0 0.63656
 0 0.636562
 0 0.636562
 0 0.636573
 0 0.636573
 0 0.636575
 0 0.636576
 0 0.636604
 0 0.636605
 0 0.636606
 0 0.636614
 0 0.636614
 0 0.636624
 0 0.636625
 0 0.636639
 0 0.636654
 0 0.636654
 0 0.636655
 0 0.636657
 0 0.636657
 0 0.636658
 0 0.636659
 0 0.63669
 0 0.636699
 0 0.636702
 0 0.636702
 0 0.636717
 0 0.636718
 0 0.636718
 0 0.63672
 0 0.636733
 0 0.636733
 0 0.636735
 0 0.636735
 0 0.636736
 0 0.636737
 0 0.636783
 0 0.636784
 0 0.636784
 0 0.636785
 0 0.636803
 0 0.636808
 0 0.636808
 0 0.636828
 0 0.636829
 0 0.636841
 0 0.636841
 0 0.63685
 0 0.636851
 0 0.636851
 0 0.63686
 0 0.63686
 0 0.636865
 0 0.636907
 0 0.636921
 0 0.636921
 0 0.636921
 0 0.636921
 0 0.636946
 0 0.636952
 0 0.636963
 0 0.636963
 0 0.636965
 0 0.636975
 0 0.636983
 0 0.636983
 0 0.636984
 0 0.636986
 0 0.636986
 0 0.636986
 0 0.636988
 0 0.636995
 0 0.636995
 0 0.636996
 0 0.636996
 0 0.636996
 0 0.636997
 0 0.637009
 0 0.63701
 0 0.63701
 0 0.637029
 0 0.637031
 0 0.637032
 0 0.637045
 0 0.637079
 0 0.637079
 0 0.637098
 0 0.637098
 0 0.637098
 0 0.637128
 0 0.637129
 0 0.637148
 0 0.637154
 0 0.637154
 0 0.637154
 0 0.637154
 0 0.637171
 0 0.637171
 0 0.637171
 0 0.637171
 0 0.637198
 0 0.637198
 0 0.637199
 0 0.63721
 0 0.63721
 0 0.63721
 0 0.637211
 0 0.637239
 0 0.637295
 0 0.637307
 0 0.637308
 0 0.637323
 0 0.637324
 0 0.637325
 0 0.637326
 0 0.637367
 0 0.637396
 0 0.637396
 0 0.637405
 0 0.637405
 0 0.637413
 0 0.637436
 0 0.637437
 0 0.637464
 0 0.637504
 0 0.637504
 0 0.637504
 0 0.637504
 0 0.637504
 0 0.637506
 0 0.637509
 0 0.637509
 0 0.637509
 0 0.63751
 0 0.637519
 0 0.637519
 0 0.637527
 0 0.637537
 0 0.637537
 0 0.637538
 0 0.637549
 0 0.637552
 0 0.637552
 0 0.637554
 0 0.637557
 0 0.637557
 0 0.637565
 0 0.637565
 0 0.637573
 0 0.637573
 0 0.637574
 0 0.637578
 0 0.637579
 0 0.637581
 0 0.637581
 0 0.637581
 0 0.637587
 0 0.637587
 0 0.637588
 0 0.637588
 0 0.637588
 0 0.637588
 0 0.637588
 0 0.63759
 0 0.637598
 0 0.637666
 0 0.637687
 0 0.637687
 0 0.637698
 0 0.637707
 0 0.637707
 0 0.637707
 0 0.637708
 0 0.63771
 0 0.63771
 0 0.63771
 0 0.637722
 0 0.637722
 0 0.637734
 0 0.637734
 0 0.637736
 0 0.637736
 0 0.637741
 0 0.637753
 0 0.637753
 0 0.63777
 0 0.637773
 0 0.637773
 0 0.637774
 0 0.637785
 0 0.637785
 0 0.637785
 0 0.637813
 0 0.637813
 0 0.637813
 0 0.637816
 0 0.637816
 0 0.637817
 0 0.637823
 0 0.637824
 0 0.637824
 0 0.637826
 0 0.637826
 0 0.637829
 0 0.63783
 0 0.63783
 0 0.63783
 0 0.637847
 0 0.637847
 0 0.637848
 0 0.637853
 0 0.63786
 0 0.637863
 0 0.637863
 0 0.637863
 0 0.637863
 0 0.637863
 0 0.637874
 0 0.637876
 0 0.637888
 0 0.637888
 0 0.637888
 0 0.637888
 0 0.637891
 0 0.637891
 0 0.637892
 0 0.637892
 0 0.637892
 0 0.637894
 0 0.637894
 0 0.637901
 0 0.637921
 0 0.637922
 0 0.637932
 0 0.63794
 0 0.637949
 0 0.637949
 0 0.637954
 0 0.637966
 0 0.637967
 0 0.637972
 0 0.637977
 0 0.637981
 0 0.637983
 0 0.63802
 0 0.63802
 0 0.638023
 0 0.638023
 0 0.638028
 0 0.638032
 0 0.63804
 0 0.638042
 0 0.638075
 0 0.63808
 0 0.638081
 0 0.638117
 0 0.638123
 0 0.638124
 0 0.638189
 0 0.638232
 0 0.638264
 0 0.638264
 0 0.638271
 0 0.638271
 0 0.638276
 0 0.638277
 0 0.638277
 0 0.638292
 0 0.638292
 0 0.638292
 0 0.638301
 0 0.638304
 0 0.638304
 0 0.638318
 0 0.638322
 0 0.638333
 0 0.638333
 0 0.638333
 0 0.638351
 0 0.638351
 0 0.638358
 0 0.638358
 0 0.638358
 0 0.638358
 0 0.638362
 0 0.638363
 0 0.638363
 0 0.638414
 0 0.638414
 0 0.638414
 0 0.638415
 0 0.638416
 0 0.638418
 0 0.638431
 0 0.638431
 0 0.638451
 0 0.638451
 0 0.638478
 0 0.638482
 0 0.638482
 0 0.638483
 0 0.638483
 0 0.638483
 0 0.638506
 0 0.638515
 0 0.638522
 0 0.638522
 0 0.638526
 0 0.638553
 0 0.638553
 0 0.638558
 0 0.638558
 0 0.638587
 0 0.638587
 0 0.638596
 0 0.638596
 0 0.638596
 0 0.638599
 0 0.638601
 0 0.638603
 0 0.638612
 0 0.638617
 0 0.638617
 0 0.638653
 0 0.638653
 0 0.638653
 0 0.638654
 0 0.638654
 0 0.638654
 0 0.638655
 0 0.638655
 0 0.638662
 0 0.638662
 0 0.638666
 0 0.638666
 0 0.638709
 0 0.63872
 0 0.63873
 0 0.638732
 0 0.638744
 0 0.638744
 0 0.63876
 0 0.638779
 0 0.638784
 0 0.638785
 0 0.638804
 0 0.638811
 0 0.638857
 0 0.63888
 0 0.638884
 0 0.638889
 0 0.638889
 0 0.638894
 0 0.638926
 0 0.638926
 0 0.638955
 0 0.63896
 0 0.638961
 0 0.638969
 0 0.63897
 0 0.63897
 0 0.639015
 0 0.639016
 0 0.639016
 0 0.639057
 0 0.639057
 0 0.639057
 0 0.639058
 0 0.639058
 0 0.639084
 0 0.639084
 0 0.639084
 0 0.639086
 0 0.639086
 0 0.63914
 0 0.639142
 0 0.639152
 0 0.639152
 0 0.639152
 0 0.639178
 0 0.639193
 0 0.639201
 0 0.639206
 0 0.639206
 0 0.639206
 0 0.639219
 0 0.639219
 0 0.63925
 0 0.63925
 0 0.639294
 0 0.639295
 0 0.639297
 0 0.639319
 0 0.639342
 0 0.639344
 0 0.639344
 0 0.639345
 0 0.639382
 0 0.639429
 0 0.639439
 0 0.63946
 0 0.639495
 0 0.639513
 0 0.639523
 0 0.639523
 0 0.63953
 0 0.639536
 0 0.639536
 0 0.639536
 0 0.639536
 0 0.639536
 0 0.639563
 0 0.639596
 0 0.639602
 0 0.639603
 0 0.639639
 0 0.63964
 0 0.63964
 0 0.63964
 0 0.639689
 0 0.639689
 0 0.639698
 0 0.639698
 0 0.639698
 0 0.639728
 0 0.63973
 0 0.63974
 0 0.63974
 0 0.639772
 0 0.639773
 0 0.639774
 0 0.639795
 0 0.639795
 0 0.639795
 0 0.639887
 0 0.639888
 0 0.639889
 0 0.639891
 0 0.639892
 0 0.639892
 0 0.639931
 0 0.639932
 0 0.639946
 0 0.640003
 0 0.640023
 0 0.640039
 0 0.640039
 0 0.640051
 0 0.640051
 0 0.640051
 0 0.640051
 0 0.64006
 0 0.640071
 0 0.640072
 0 0.640072
 0 0.640084
 0 0.640085
 0 0.640099
 0 0.640099
 0 0.640116
 0 0.640116
 0 0.64012
 0 0.64012
 0 0.64012
 0 0.64012
 0 0.640121
 0 0.640156
 0 0.64017
 0 0.640171
 0 0.640208
 0 0.640245
 0 0.640245
 0 0.640245
 0 0.640311
 0 0.640328
 0 0.640342
 0 0.64035
 0 0.64035
 0 0.640351
 0 0.640352
 0 0.640367
 0 0.640391
 0 0.640427
 0 0.640427
 0 0.640428
 0 0.640438
 0 0.640439
 0 0.640451
 0 0.640483
 0 0.640523
 0 0.640523
 0 0.640526
 0 0.640526
 0 0.640582
 0 0.640676
 0 0.640676
 0 0.640676
 0 0.640697
 0 0.640697
 0 0.640735
 0 0.640776
 0 0.640776
 0 0.640776
 0 0.640784
 0 0.640785
 0 0.640836
 0 0.640836
 0 0.640895
 0 0.640932
 0 0.641012
 0 0.641012
 0 0.641068
 0 0.64107
 0 0.641151
 0 0.641152
 0 0.641232
 0 0.641246
 0 0.641267
 0 0.641267
 0 0.641302
 0 0.641303
 0 0.641303
 0 0.641332
 0 0.641338
 0 0.641338
 0 0.641409
 0 0.641409
 0 0.641447
 0 0.641447
 0 0.641574
 0 0.641574
 0 0.641607
 0 0.641654
 0 0.641748
 0 0.641775
 0 0.641775
 0 0.641775
 0 0.641775
 0 0.64178
 0 0.64178
 0 0.641819
 0 0.641819
 0 0.641821
 0 0.641871
 0 0.641871
 0 0.641881
 0 0.641982
 0 0.641982
 0 0.642088
 0 0.642088
 0 0.642089
 0 0.642187
 0 0.642249
 0 0.642249
 0 0.642285
 0 0.642285
 0 0.642516
 0 0.642518
 0 0.642518
 0 0.642518
 0 0.642673
 0 0.642674
 0 0.642685
 0 0.642685
 0 0.642815
 0 0.642921
 0 0.642921
 0 0.643277
 0 0.643746
 0 0.643747
 0 0.643764
 0 0.643828
 0 0.643909
 0 0.643959
 0 0.644065
 0 0.644066
 0 0.644066
 0 0.644067
 0 0.644244
 0 0.644244
 0 0.644246
 0 0.64446
 0 0.644461
 0 0.644591
 0 0.644809
 0 0.645301
 0 0.645322
 0 0.645435
 0 0.645435
 0 0.645926
 0 inf
