 0 0.484754
 0 0.484754
 0 0.484754
 0 0.484755
 0 0.484755
 0 0.485129
 0 0.487079
 0 0.487079
 0 0.487079
 0 0.487079
 0 0.48774
 0 0.48774
 0 0.604967
 0 0.604967
 0 0.604967
 0 0.605192
 0 0.605192
 0 0.606513
 0 0.607305
 0 0.607305
 0 0.60733
 0 0.607359
 0 0.608039
 0 0.608064
 0 0.613835
 0 0.613835
 0 0.614081
 0 0.614103
 0 0.61419
 0 0.614197
 0 0.614197
 0 0.614197
 0 0.614399
 0 0.614492
 0 0.614493
 0 0.614578
 0 0.614578
 0 0.614578
 0 0.614578
 0 0.61476
 0 0.614786
 0 0.614789
 0 0.61487
 0 0.61487
 0 0.61487
 0 0.614941
 0 0.615133
 0 0.615133
 0 0.615942
 0 0.615995
 0 0.615995
 0 0.615995
 0 0.615995
 0 0.616565
 0 0.616565
 0 0.616567
 0 0.616567
 0 0.617118
 0 0.617118
 0 0.617215
 0 0.617283
 0 0.617415
 0 0.617474
 0 0.617889
 0 0.617889
 0 0.618027
 0 0.618027
 0 0.618027
 0 0.61837
 0 0.618404
 0 0.618405
 0 0.618405
 0 0.618405
 0 0.618405
 0 0.618426
 0 0.618426
 0 0.618427
 0 0.618627
 0 0.618717
 0 0.618717
 0 0.618724
 0 0.618829
 0 0.61883
 0 0.618848
 0 0.618868
 0 0.618868
 0 0.619397
 0 0.619468
 0 0.619501
 0 0.619501
 0 0.619502
 0 0.619564
 0 0.619746
 0 0.619789
 0 0.619789
 0 0.619996
 0 0.619996
 0 0.619996
 0 0.620285
 0 0.620325
 0 0.620325
 0 0.620326
 0 0.620326
 0 0.620411
 0 0.620481
 0 0.620595
 0 0.620595
 0 0.620595
 0 0.620725
 0 0.620731
 0 0.620826
 0 0.620881
 0 0.620881
 0 0.620882
 0 0.620884
 0 0.620921
 0 0.620941
 0 0.620941
 0 0.620943
 0 0.621209
 0 0.621211
 0 0.621246
 0 0.621246
 0 0.621246
 0 0.621246
 0 0.621246
 0 0.621367
 0 0.621459
 0 0.621459
 0 0.621459
 0 0.621589
 0 0.621671
 0 0.621671
 0 0.621731
 0 0.621732
 0 0.62181
 0 0.621812
 0 0.621812
 0 0.621908
 0 0.62191
 0 0.62191
 0 0.622124
 0 0.622145
 0 0.622146
 0 0.622163
 0 0.622164
 0 0.622164
 0 0.622339
 0 0.622358
 0 0.622358
 0 0.622358
 0 0.62237
 0 0.622455
 0 0.622457
 0 0.622549
 0 0.62255
 0 0.622552
 0 0.622615
 0 0.622616
 0 0.622647
 0 0.622732
 0 0.622925
 0 0.622925
 0 0.622928
 0 0.622929
 0 0.62295
 0 0.622969
 0 0.62297
 0 0.623041
 0 0.623041
 0 0.623042
 0 0.623042
 0 0.623046
 0 0.623047
 0 0.623049
 0 0.623049
 0 0.623097
 0 0.623097
 0 0.623097
 0 0.623188
 0 0.623193
 0 0.623216
 0 0.623217
 0 0.623218
 0 0.623246
 0 0.623246
 0 0.623387
 0 0.623387
 0 0.623408
 0 0.623408
 0 0.623408
 0 0.623408
 0 0.623463
 0 0.623511
 0 0.623555
 0 0.623608
 0 0.623623
 0 0.623623
 0 0.623625
 0 0.623728
 0 0.623732
 0 0.623836
 0 0.623908
 0 0.623909
 0 0.623909
 0 0.624033
 0 0.624036
 0 0.624037
 0 0.624054
 0 0.624054
 0 0.624054
 0 0.624055
 0 0.62413
 0 0.624138
 0 0.62414
 0 0.624246
 0 0.624247
 0 0.624247
 0 0.624279
 0 0.624279
 0 0.624395
 0 0.624395
 0 0.624395
 0 0.624395
 0 0.624415
 0 0.624416
 0 0.624448
 0 0.624456
 0 0.624493
 0 0.624521
 0 0.624521
 0 0.624521
 0 0.62454
 0 0.624545
 0 0.624603
 0 0.624605
 0 0.624605
 0 0.624682
 0 0.624712
 0 0.624713
 0 0.624737
 0 0.624775
 0 0.624775
 0 0.624826
 0 0.624828
 0 0.624856
 0 0.624856
 0 0.624875
 0 0.624876
 0 0.625076
 0 0.625077
 0 0.625078
 0 0.62508
 0 0.62513
 0 0.62513
 0 0.62513
 0 0.625241
 0 0.625241
 0 0.625241
 0 0.625296
 0 0.625393
 0 0.625425
 0 0.625467
 0 0.625468
 0 0.625469
 0 0.625469
 0 0.625473
 0 0.625505
 0 0.625543
 0 0.625547
 0 0.625549
 0 0.625549
 0 0.625551
 0 0.625579
 0 0.625579
 0 0.625584
 0 0.625607
 0 0.625612
 0 0.625612
 0 0.625782
 0 0.625847
 0 0.625848
 0 0.625867
 0 0.625867
 0 0.625981
 0 0.625982
 0 0.625982
 0 0.625983
 0 0.625983
 0 0.625992
 0 0.625992
 0 0.625992
 0 0.626071
 0 0.626103
 0 0.626205
 0 0.626206
 0 0.626209
 0 0.626229
 0 0.626229
 0 0.626229
 0 0.626229
 0 0.626296
 0 0.626395
 0 0.626395
 0 0.626414
 0 0.626414
 0 0.626414
 0 0.626414
 0 0.626478
 0 0.626478
 0 0.626521
 0 0.626521
 0 0.626529
 0 0.626529
 0 0.626537
 0 0.626537
 0 0.626537
 0 0.62662
 0 0.626622
 0 0.626661
 0 0.626662
 0 0.626662
 0 0.626669
 0 0.626669
 0 0.626669
 0 0.626708
 0 0.626708
 0 0.626721
 0 0.626721
 0 0.626721
 0 0.626757
 0 0.626757
 0 0.626759
 0 0.626883
 0 0.626883
 0 0.626914
 0 0.627
 0 0.627009
 0 0.627009
 0 0.62703
 0 0.62703
 0 0.62709
 0 0.627132
 0 0.627132
 0 0.627147
 0 0.627147
 0 0.627292
 0 0.627292
 0 0.627292
 0 0.627292
 0 0.627294
 0 0.627295
 0 0.627295
 0 0.627296
 0 0.627341
 0 0.627347
 0 0.627347
 0 0.627348
 0 0.627352
 0 0.627352
 0 0.627352
 0 0.6274
 0 0.6274
 0 0.6274
 0 0.627431
 0 0.627443
 0 0.627455
 0 0.627473
 0 0.627492
 0 0.627492
 0 0.627523
 0 0.627524
 0 0.627524
 0 0.627525
 0 0.627525
 0 0.627543
 0 0.627543
 0 0.627543
 0 0.62771
 0 0.62771
 0 0.62771
 0 0.627765
 0 0.627772
 0 0.627772
 0 0.62779
 0 0.62779
 0 0.627791
 0 0.627792
 0 0.627793
 0 0.627793
 0 0.627806
 0 0.627855
 0 0.627855
 0 0.627866
 0 0.627866
 0 0.627866
 0 0.627938
 0 0.627938
 0 0.627938
 0 0.627938
 0 0.627939
 0 0.627981
 0 0.627981
 0 0.627981
 0 0.628027
 0 0.628027
 0 0.628035
 0 0.628036
 0 0.628036
 0 0.62804
 0 0.628094
 0 0.628094
 0 0.628108
 0 0.628109
 0 0.62811
 0 0.628221
 0 0.628222
 0 0.628265
 0 0.628266
 0 0.628266
 0 0.628266
 0 0.628266
 0 0.628266
 0 0.628284
 0 0.628296
 0 0.628297
 0 0.628327
 0 0.628342
 0 0.628343
 0 0.628343
 0 0.628343
 0 0.628386
 0 0.628386
 0 0.628397
 0 0.628397
 0 0.628414
 0 0.628414
 0 0.628427
 0 0.628453
 0 0.628458
 0 0.628459
 0 0.628477
 0 0.628478
 0 0.628496
 0 0.628606
 0 0.628606
 0 0.628607
 0 0.628607
 0 0.628609
 0 0.62861
 0 0.62861
 0 0.628673
 0 0.628673
 0 0.628686
 0 0.628686
 0 0.628686
 0 0.628717
 0 0.62872
 0 0.62872
 0 0.62872
 0 0.628743
 0 0.628743
 0 0.628759
 0 0.62876
 0 0.62876
 0 0.628812
 0 0.628813
 0 0.62883
 0 0.628851
 0 0.628851
 0 0.628852
 0 0.628855
 0 0.628855
 0 0.628883
 0 0.628945
 0 0.628946
 0 0.628946
 0 0.628946
 0 0.628966
 0 0.628966
 0 0.628966
 0 0.628966
 0 0.628976
 0 0.629057
 0 0.629086
 0 0.629114
 0 0.629115
 0 0.629115
 0 0.629115
 0 0.629116
 0 0.629116
 0 0.629134
 0 0.629165
 0 0.629166
 0 0.629188
 0 0.629188
 0 0.629216
 0 0.62923
 0 0.629321
 0 0.629441
 0 0.629461
 0 0.629461
 0 0.629468
 0 0.629526
 0 0.62954
 0 0.629547
 0 0.629584
 0 0.629585
 0 0.629585
 0 0.629585
 0 0.629596
 0 0.629597
 0 0.629636
 0 0.629636
 0 0.629642
 0 0.629642
 0 0.629643
 0 0.629643
 0 0.629643
 0 0.629663
 0 0.629663
 0 0.629676
 0 0.629677
 0 0.629677
 0 0.629686
 0 0.629686
 0 0.629686
 0 0.629707
 0 0.629716
 0 0.629716
 0 0.629716
 0 0.629718
 0 0.629771
 0 0.629783
 0 0.629785
 0 0.629792
 0 0.629813
 0 0.629835
 0 0.629836
 0 0.629858
 0 0.629859
 0 0.629862
 0 0.629862
 0 0.629862
 0 0.629862
 0 0.629864
 0 0.629865
 0 0.62988
 0 0.62988
 0 0.62988
 0 0.62988
 0 0.629952
 0 0.629952
 0 0.629952
 0 0.629952
 0 0.629991
 0 0.629991
 0 0.629991
 0 0.630014
 0 0.630015
 0 0.630023
 0 0.630023
 0 0.630156
 0 0.630156
 0 0.630156
 0 0.630221
 0 0.630221
 0 0.630223
 0 0.630223
 0 0.63024
 0 0.630254
 0 0.630277
 0 0.630278
 0 0.630295
 0 0.630296
 0 0.630296
 0 0.630296
 0 0.63033
 0 0.630342
 0 0.630342
 0 0.630384
 0 0.630417
 0 0.630426
 0 0.630427
 0 0.630427
 0 0.630441
 0 0.630441
 0 0.630441
 0 0.630442
 0 0.630479
 0 0.63048
 0 0.630481
 0 0.6305
 0 0.630554
 0 0.630554
 0 0.630576
 0 0.630582
 0 0.630582
 0 0.630589
 0 0.630589
 0 0.630606
 0 0.630606
 0 0.630618
 0 0.630632
 0 0.630638
 0 0.630639
 0 0.630647
 0 0.630647
 0 0.630648
 0 0.630649
 0 0.630676
 0 0.630676
 0 0.630676
 0 0.630698
 0 0.630747
 0 0.630749
 0 0.630749
 0 0.630754
 0 0.630754
 0 0.630778
 0 0.630785
 0 0.630798
 0 0.630798
 0 0.630829
 0 0.630829
 0 0.630829
 0 0.630887
 0 0.630888
 0 0.630889
 0 0.63089
 0 0.630908
 0 0.630908
 0 0.630908
 0 0.630944
 0 0.630944
 0 0.630985
 0 0.630985
 0 0.630988
 0 0.631031
 0 0.631032
 0 0.631038
 0 0.631039
 0 0.631039
 0 0.631039
 0 0.631042
 0 0.631042
 0 0.631043
 0 0.631046
 0 0.631121
 0 0.631132
 0 0.631132
 0 0.631137
 0 0.631137
 0 0.631137
 0 0.631137
 0 0.631143
 0 0.631143
 0 0.631165
 0 0.631165
 0 0.631171
 0 0.631255
 0 0.631293
 0 0.631314
 0 0.631315
 0 0.631331
 0 0.631332
 0 0.631364
 0 0.631365
 0 0.631365
 0 0.631386
 0 0.631386
 0 0.631386
 0 0.631445
 0 0.631445
 0 0.631454
 0 0.631488
 0 0.631508
 0 0.631508
 0 0.631508
 0 0.631508
 0 0.631516
 0 0.631517
 0 0.631519
 0 0.631521
 0 0.631521
 0 0.631521
 0 0.631529
 0 0.631557
 0 0.631584
 0 0.631586
 0 0.631602
 0 0.631602
 0 0.631621
 0 0.631622
 0 0.631638
 0 0.631655
 0 0.63169
 0 0.63169
 0 0.631765
 0 0.631765
 0 0.631848
 0 0.631848
 0 0.631849
 0 0.631849
 0 0.631859
 0 0.631859
 0 0.63186
 0 0.631875
 0 0.631878
 0 0.631878
 0 0.631878
 0 0.631902
 0 0.631907
 0 0.631918
 0 0.631918
 0 0.631918
 0 0.631919
 0 0.631919
 0 0.631919
 0 0.63192
 0 0.63192
 0 0.63192
 0 0.63192
 0 0.631934
 0 0.631936
 0 0.63194
 0 0.631972
 0 0.631972
 0 0.632006
 0 0.632008
 0 0.632023
 0 0.632023
 0 0.632023
 0 0.632023
 0 0.632027
 0 0.632051
 0 0.632052
 0 0.632052
 0 0.632058
 0 0.63206
 0 0.63206
 0 0.63209
 0 0.632098
 0 0.632106
 0 0.632106
 0 0.632106
 0 0.632115
 0 0.632116
 0 0.632116
 0 0.632134
 0 0.632134
 0 0.632134
 0 0.632144
 0 0.632209
 0 0.632234
 0 0.632235
 0 0.632235
 0 0.632235
 0 0.632252
 0 0.632255
 0 0.632285
 0 0.632289
 0 0.632322
 0 0.632357
 0 0.632357
 0 0.632358
 0 0.632365
 0 0.632377
 0 0.632378
 0 0.632378
 0 0.632395
 0 0.632412
 0 0.632431
 0 0.632441
 0 0.632504
 0 0.632505
 0 0.632505
 0 0.632505
 0 0.632511
 0 0.632535
 0 0.632535
 0 0.632561
 0 0.632561
 0 0.632591
 0 0.632621
 0 0.632621
 0 0.632622
 0 0.632623
 0 0.63265
 0 0.632699
 0 0.632725
 0 0.63274
 0 0.632776
 0 0.632777
 0 0.63278
 0 0.632823
 0 0.632824
 0 0.632844
 0 0.632845
 0 0.632857
 0 0.632858
 0 0.632858
 0 0.63287
 0 0.632872
 0 0.632908
 0 0.632908
 0 0.632963
 0 0.632964
 0 0.632965
 0 0.632966
 0 0.632978
 0 0.632978
 0 0.63301
 0 0.63301
 0 0.633016
 0 0.633016
 0 0.633042
 0 0.633082
 0 0.633082
 0 0.633105
 0 0.633105
 0 0.633105
 0 0.633135
 0 0.633139
 0 0.63314
 0 0.63314
 0 0.63314
 0 0.633165
 0 0.633188
 0 0.633215
 0 0.633215
 0 0.633215
 0 0.633258
 0 0.633258
 0 0.633262
 0 0.633262
 0 0.633262
 0 0.633262
 0 0.633265
 0 0.633265
 0 0.633265
 0 0.633266
 0 0.633298
 0 0.633298
 0 0.633312
 0 0.633312
 0 0.633313
 0 0.633313
 0 0.633347
 0 0.633347
 0 0.633348
 0 0.633348
 0 0.633393
 0 0.633394
 0 0.633394
 0 0.633402
 0 0.633402
 0 0.633402
 0 0.633402
 0 0.633432
 0 0.633434
 0 0.633436
 0 0.633436
 0 0.633437
 0 0.633437
 0 0.633471
 0 0.633509
 0 0.633509
 0 0.633533
 0 0.633548
 0 0.633549
 0 0.633549
 0 0.633642
 0 0.633642
 0 0.633642
 0 0.633673
 0 0.633673
 0 0.6337
 0 0.63371
 0 0.633711
 0 0.633711
 0 0.63375
 0 0.63375
 0 0.633752
 0 0.633773
 0 0.633774
 0 0.633809
 0 0.633824
 0 0.633824
 0 0.633834
 0 0.633839
 0 0.633839
 0 0.633859
 0 0.633881
 0 0.633894
 0 0.633928
 0 0.63397
 0 0.63397
 0 0.63397
 0 0.633971
 0 0.633992
 0 0.63401
 0 0.63401
 0 0.634055
 0 0.634055
 0 0.634073
 0 0.634074
 0 0.634075
 0 0.634101
 0 0.634105
 0 0.634118
 0 0.634149
 0 0.63415
 0 0.634186
 0 0.63419
 0 0.63419
 0 0.634199
 0 0.6342
 0 0.63425
 0 0.634284
 0 0.634286
 0 0.63436
 0 0.63436
 0 0.634365
 0 0.634371
 0 0.634383
 0 0.634434
 0 0.634503
 0 0.634584
 0 0.634593
 0 0.634625
 0 0.634625
 0 0.634651
 0 0.634651
 0 0.634651
 0 0.634652
 0 0.634691
 0 0.634727
 0 0.634727
 0 0.634727
 0 0.634727
 0 0.634754
 0 0.634754
 0 0.634758
 0 0.634758
 0 0.634776
 0 0.634776
 0 0.634776
 0 0.634776
 0 0.63478
 0 0.634795
 0 0.634795
 0 0.634795
 0 0.634795
 0 0.634796
 0 0.634796
 0 0.634815
 0 0.634852
 0 0.634853
 0 0.634853
 0 0.634853
 0 0.634853
 0 0.634868
 0 0.634905
 0 0.634905
 0 0.634905
 0 0.634922
 0 0.634922
 0 0.635013
 0 0.635013
 0 0.635083
 0 0.635084
 0 0.635104
 0 0.635105
 0 0.635105
 0 0.63512
 0 0.635126
 0 0.635127
 0 0.635127
 0 0.635128
 0 0.635128
 0 0.63513
 0 0.635159
 0 0.635214
 0 0.635214
 0 0.635235
 0 0.635236
 0 0.635248
 0 0.635261
 0 0.635271
 0 0.635302
 0 0.635303
 0 0.635318
 0 0.635319
 0 0.635319
 0 0.63532
 0 0.635334
 0 0.63536
 0 0.635373
 0 0.635373
 0 0.635374
 0 0.635375
 0 0.635409
 0 0.635409
 0 0.635412
 0 0.635412
 0 0.635413
 0 0.635413
 0 0.635423
 0 0.635464
 0 0.635492
 0 0.635492
 0 0.635492
 0 0.635557
 0 0.635557
 0 0.635559
 0 0.63557
 0 0.635593
 0 0.635602
 0 0.635602
 0 0.635614
 0 0.635614
 0 0.635614
 0 0.635617
 0 0.635617
 0 0.635675
 0 0.635675
 0 0.635675
 0 0.635687
 0 0.635688
 0 0.635695
 0 0.635695
 0 0.635695
 0 0.635701
 0 0.635701
 0 0.635728
 0 0.635771
 0 0.635771
 0 0.635772
 0 0.635785
 0 0.635785
 0 0.635785
 0 0.635787
 0 0.635788
 0 0.635843
 0 0.635844
 0 0.63585
 0 0.635851
 0 0.635852
 0 0.635881
 0 0.635881
 0 0.635881
 0 0.635884
 0 0.635885
 0 0.6359
 0 0.635922
 0 0.635929
 0 0.635929
 0 0.635963
 0 0.635964
 0 0.635964
 0 0.635979
 0 0.635979
 0 0.635979
 0 0.636049
 0 0.636049
 0 0.636092
 0 0.636102
 0 0.636164
 0 0.636179
 0 0.636179
 0 0.636237
 0 0.636237
 0 0.636238
 0 0.636238
 0 0.636244
 0 0.636244
 0 0.636244
 0 0.636254
 0 0.636254
 0 0.636321
 0 0.636328
 0 0.636328
 0 0.636329
 0 0.636329
 0 0.63635
 0 0.63635
 0 0.636365
 0 0.63637
 0 0.63637
 0 0.636391
 0 0.636392
 0 0.636393
 0 0.636397
 0 0.636408
 0 0.63641
 0 0.636418
 0 0.636419
 0 0.636428
 0 0.636468
 0 0.636468
 0 0.636469
 0 0.636469
 0 0.636488
 0 0.636488
 0 0.636488
 0 0.636509
 0 0.636509
 0 0.63651
 0 0.636518
 0 0.636518
 0 0.636518
 0 0.636551
 0 0.636572
 0 0.636589
 0 0.636589
 0 0.636589
 0 0.636595
 0 0.636596
 0 0.636629
 0 0.63663
 0 0.636636
 0 0.636636
 0 0.636636
 0 0.636642
 0 0.636642
 0 0.636642
 0 0.636657
 0 0.636658
 0 0.636669
 0 0.636669
 0 0.636669
 0 0.636684
 0 0.63676
 0 0.636762
 0 0.636762
 0 0.636763
 0 0.636763
 0 0.636844
 0 0.636861
 0 0.636886
 0 0.636906
 0 0.636906
 0 0.636906
 0 0.636945
 0 0.636953
 0 0.636953
 0 0.636953
 0 0.637058
 0 0.637058
 0 0.637096
 0 0.637104
 0 0.637125
 0 0.637126
 0 0.637161
 0 0.637161
 0 0.637195
 0 0.637197
 0 0.637204
 0 0.637205
 0 0.637218
 0 0.637257
 0 0.637257
 0 0.637291
 0 0.637295
 0 0.637324
 0 0.637324
 0 0.637324
 0 0.637329
 0 0.637329
 0 0.637375
 0 0.637375
 0 0.637376
 0 0.637384
 0 0.637412
 0 0.637422
 0 0.637422
 0 0.637427
 0 0.637427
 0 0.637448
 0 0.637448
 0 0.637452
 0 0.637452
 0 0.637483
 0 0.637485
 0 0.637485
 0 0.637492
 0 0.637493
 0 0.637493
 0 0.637493
 0 0.637494
 0 0.637496
 0 0.637497
 0 0.637498
 0 0.637498
 0 0.637514
 0 0.637565
 0 0.637565
 0 0.637565
 0 0.637568
 0 0.637568
 0 0.637605
 0 0.637607
 0 0.637625
 0 0.637625
 0 0.6377
 0 0.637703
 0 0.637704
 0 0.637704
 0 0.637704
 0 0.637716
 0 0.637716
 0 0.637738
 0 0.637739
 0 0.637778
 0 0.637778
 0 0.637778
 0 0.637779
 0 0.637844
 0 0.637845
 0 0.637872
 0 0.637873
 0 0.637873
 0 0.637907
 0 0.637908
 0 0.637908
 0 0.637911
 0 0.637999
 0 0.637999
 0 0.637999
 0 0.638
 0 0.638013
 0 0.638013
 0 0.638013
 0 0.638014
 0 0.638025
 0 0.638025
 0 0.638026
 0 0.638056
 0 0.638057
 0 0.638062
 0 0.638062
 0 0.638063
 0 0.638108
 0 0.638108
 0 0.638112
 0 0.638113
 0 0.638113
 0 0.638113
 0 0.638113
 0 0.638114
 0 0.638114
 0 0.638115
 0 0.638193
 0 0.638198
 0 0.638198
 0 0.638199
 0 0.638212
 0 0.638225
 0 0.638252
 0 0.638259
 0 0.638281
 0 0.638281
 0 0.638318
 0 0.638318
 0 0.638331
 0 0.638331
 0 0.638345
 0 0.638346
 0 0.638367
 0 0.638367
 0 0.638367
 0 0.638389
 0 0.638389
 0 0.638389
 0 0.638389
 0 0.638393
 0 0.638394
 0 0.638448
 0 0.638549
 0 0.63857
 0 0.638687
 0 0.638703
 0 0.638704
 0 0.638704
 0 0.638747
 0 0.638751
 0 0.638761
 0 0.638761
 0 0.638806
 0 0.638807
 0 0.638807
 0 0.638875
 0 0.638876
 0 0.638896
 0 0.638897
 0 0.638897
 0 0.638897
 0 0.638897
 0 0.638902
 0 0.638972
 0 0.639023
 0 0.639088
 0 0.639089
 0 0.639092
 0 0.639092
 0 0.639113
 0 0.639113
 0 0.639113
 0 0.639195
 0 0.639288
 0 0.639369
 0 0.639369
 0 0.639393
 0 0.639429
 0 0.639429
 0 0.639438
 0 0.639438
 0 0.639491
 0 0.639491
 0 0.639491
 0 0.639492
 0 0.639511
 0 0.639511
 0 0.639511
 0 0.639519
 0 0.63952
 0 0.639561
 0 0.639561
 0 0.639567
 0 0.639567
 0 0.639616
 0 0.639616
 0 0.639623
 0 0.639659
 0 0.639677
 0 0.639778
 0 0.6398
 0 0.639802
 0 0.639815
 0 0.639815
 0 0.639816
 0 0.639833
 0 0.63991
 0 0.639926
 0 0.639926
 0 0.639927
 0 0.639963
 0 0.639969
 0 0.639969
 0 0.640036
 0 0.640052
 0 0.640052
 0 0.640157
 0 0.640157
 0 0.640186
 0 0.640186
 0 0.640186
 0 0.640294
 0 0.640295
 0 0.640295
 0 0.640295
 0 0.640339
 0 0.64034
 0 0.640391
 0 0.640392
 0 0.640392
 0 0.640397
 0 0.640398
 0 0.640565
 0 0.640565
 0 0.640565
 0 0.640565
 0 0.640601
 0 0.640601
 0 0.640601
 0 0.640625
 0 0.640626
 0 0.640626
 0 0.640626
 0 0.640679
 0 0.640679
 0 0.640695
 0 0.640744
 0 0.640765
 0 0.640854
 0 0.64095
 0 0.640961
 0 0.640962
 0 0.640962
 0 0.641029
 0 0.641107
 0 0.641222
 0 0.641223
 0 0.641384
 0 0.641418
 0 0.641513
 0 0.641513
 0 0.641513
 0 0.641514
 0 0.641514
 0 0.64153
 0 0.641531
 0 0.641533
 0 0.641533
 0 0.641533
 0 0.641724
 0 0.641786
 0 0.641786
 0 0.641789
 0 0.64179
 0 0.641941
 0 0.641942
 0 0.642049
 0 0.642128
 0 0.642151
 0 0.642151
 0 0.642241
 0 0.642303
 0 0.642354
 0 0.642354
 0 0.642378
 0 0.642378
 0 0.642421
 0 0.642529
 0 0.642641
 0 0.642642
 0 0.642643
 0 0.642655
 0 0.642714
 0 0.642722
 0 0.642722
 0 0.64291
 0 0.642926
 0 0.642927
 0 0.642969
 0 0.64297
 0 0.64297
 0 0.64297
 0 0.643349
 0 0.643349
 0 0.643472
 0 0.643491
 0 0.643516
 0 0.643516
 0 0.643516
 0 0.643977
 0 0.643977
 0 0.643977
 0 0.644215
 0 0.644291
 0 0.644292
 0 0.644377
 0 0.644541
 0 0.64457
 0 0.644841
 0 0.64492
 0 0.645077
 0 0.645078
 0 0.645115
 0 0.645115
 0 0.645115
 0 0.645135
 0 0.645135
 0 0.645136
 0 0.645236
 0 0.645236
 0 0.645437
 0 0.645438
 0 0.645495
 0 0.645633
 0 0.645634
 0 0.645634
 0 0.645738
 0 0.646147
 0 0.646147
 0 0.646148
 0 0.646157
 0 0.646161
 0 0.646443
 0 0.646444
 0 0.646452
 0 0.646453
 0 0.646453
 0 0.646453
 0 0.646596
 0 0.646597
 0 0.6466
 0 0.646695
 0 0.646703
 0 0.646703
 0 0.646703
 0 0.646704
 0 0.646743
 0 0.647125
 0 0.647127
 0 0.647127
 0 0.647175
 0 0.647175
 0 0.64755
 0 0.647584
 0 0.647786
 0 0.647787
 0 0.648063
 0 0.648064
 0 0.648064
 0 0.649243
 0 0.649788
 0 0.649788
 0 0.649788
 0 0.650026
 0 0.650027
 0 0.651906
 0 0.651973
 0 0.651973
 0 0.651973
 0 0.651973
 0 0.651973
 0 0.652863
 0 0.652863
 0 0.653134
 0 0.653135
 0 0.653436
 0 0.653708
 0 0.653993
 0 0.653993
 0 0.653993
 0 0.654395
 0 0.654396
 0 0.655303
 0 0.656556
 0 0.656556
 0 0.656826
 0 0.656826
 0 0.656826
 0 0.657015
 0 inf
