 0 0.4833
 0 0.483753
 0 0.483919
 0 0.483919
 0 0.484171
 0 0.484171
 0 0.50005
 0 0.50005
 0 0.500978
 0 0.501347
 0 0.501348
 0 0.501395
 0 0.621576
 0 0.622063
 0 0.622063
 0 0.622063
 0 0.623122
 0 0.623123
 0 0.623796
 0 0.623796
 0 0.623796
 0 0.624655
 0 0.624655
 0 0.624655
 0 0.62504
 0 0.625042
 0 0.625124
 0 0.625124
 0 0.625126
 0 0.625273
 0 0.625318
 0 0.625318
 0 0.62603
 0 0.62603
 0 0.62606
 0 0.626489
 0 0.62649
 0 0.626495
 0 0.626643
 0 0.626646
 0 0.626646
 0 0.626646
 0 0.62665
 0 0.626651
 0 0.626652
 0 0.626855
 0 0.626859
 0 0.626859
 0 0.62686
 0 0.62686
 0 0.62693
 0 0.62693
 0 0.62693
 0 0.626931
 0 0.627045
 0 0.627045
 0 0.627046
 0 0.627105
 0 0.627105
 0 0.627105
 0 0.627106
 0 0.627114
 0 0.627115
 0 0.627116
 0 0.627116
 0 0.627136
 0 0.627195
 0 0.627262
 0 0.627262
 0 0.627263
 0 0.627291
 0 0.627351
 0 0.627351
 0 0.627456
 0 0.627456
 0 0.627456
 0 0.627552
 0 0.627756
 0 0.627882
 0 0.627882
 0 0.627902
 0 0.627991
 0 0.628001
 0 0.628074
 0 0.628075
 0 0.628103
 0 0.628122
 0 0.628122
 0 0.628134
 0 0.628144
 0 0.628144
 0 0.628189
 0 0.62819
 0 0.628345
 0 0.628349
 0 0.628431
 0 0.628431
 0 0.628473
 0 0.628473
 0 0.628513
 0 0.628513
 0 0.628513
 0 0.628513
 0 0.628514
 0 0.628514
 0 0.628581
 0 0.628634
 0 0.628634
 0 0.628634
 0 0.628769
 0 0.628792
 0 0.628834
 0 0.628834
 0 0.628842
 0 0.628846
 0 0.628863
 0 0.628863
 0 0.628864
 0 0.628907
 0 0.628908
 0 0.628908
 0 0.628908
 0 0.628923
 0 0.628923
 0 0.628925
 0 0.628925
 0 0.628925
 0 0.628963
 0 0.628963
 0 0.628991
 0 0.629003
 0 0.629004
 0 0.629052
 0 0.62907
 0 0.629083
 0 0.629141
 0 0.629141
 0 0.629141
 0 0.629141
 0 0.629322
 0 0.629327
 0 0.629441
 0 0.629441
 0 0.629442
 0 0.629442
 0 0.629465
 0 0.62947
 0 0.62947
 0 0.629508
 0 0.629524
 0 0.629524
 0 0.629581
 0 0.629582
 0 0.629582
 0 0.629583
 0 0.629583
 0 0.629583
 0 0.629608
 0 0.62967
 0 0.629671
 0 0.629722
 0 0.629757
 0 0.629797
 0 0.629814
 0 0.629814
 0 0.629828
 0 0.629828
 0 0.629853
 0 0.629866
 0 0.629871
 0 0.629871
 0 0.629871
 0 0.62989
 0 0.62989
 0 0.629925
 0 0.629956
 0 0.629957
 0 0.629961
 0 0.629982
 0 0.63002
 0 0.630021
 0 0.630021
 0 0.630021
 0 0.630029
 0 0.630035
 0 0.630036
 0 0.630036
 0 0.630074
 0 0.630094
 0 0.630095
 0 0.630113
 0 0.630113
 0 0.63014
 0 0.630151
 0 0.630154
 0 0.630154
 0 0.630158
 0 0.630158
 0 0.630159
 0 0.630175
 0 0.630178
 0 0.630178
 0 0.630179
 0 0.630179
 0 0.630182
 0 0.630234
 0 0.630247
 0 0.630247
 0 0.630278
 0 0.630308
 0 0.630308
 0 0.630309
 0 0.630309
 0 0.630325
 0 0.630325
 0 0.630325
 0 0.630325
 0 0.630325
 0 0.630338
 0 0.630356
 0 0.630357
 0 0.630368
 0 0.630368
 0 0.630457
 0 0.630543
 0 0.630544
 0 0.630544
 0 0.630544
 0 0.630544
 0 0.630544
 0 0.630558
 0 0.630592
 0 0.630592
 0 0.630592
 0 0.630592
 0 0.630592
 0 0.630594
 0 0.630595
 0 0.630645
 0 0.630645
 0 0.63067
 0 0.630715
 0 0.630715
 0 0.63074
 0 0.630742
 0 0.630742
 0 0.630774
 0 0.630806
 0 0.630806
 0 0.630807
 0 0.630863
 0 0.63088
 0 0.630895
 0 0.630896
 0 0.630896
 0 0.630922
 0 0.630922
 0 0.63093
 0 0.63093
 0 0.63093
 0 0.63093
 0 0.630963
 0 0.630988
 0 0.630988
 0 0.631012
 0 0.631018
 0 0.631018
 0 0.631087
 0 0.631091
 0 0.631098
 0 0.631098
 0 0.631102
 0 0.631139
 0 0.631141
 0 0.631149
 0 0.631149
 0 0.63115
 0 0.631209
 0 0.63121
 0 0.63121
 0 0.631211
 0 0.631281
 0 0.631281
 0 0.631342
 0 0.631343
 0 0.631343
 0 0.631358
 0 0.63137
 0 0.631371
 0 0.631371
 0 0.631381
 0 0.631381
 0 0.631422
 0 0.631422
 0 0.631432
 0 0.631432
 0 0.631444
 0 0.631545
 0 0.631546
 0 0.631546
 0 0.631568
 0 0.631609
 0 0.631621
 0 0.631623
 0 0.631654
 0 0.631654
 0 0.631655
 0 0.631656
 0 0.631659
 0 0.631703
 0 0.631703
 0 0.631703
 0 0.631728
 0 0.631729
 0 0.631783
 0 0.631788
 0 0.631817
 0 0.631839
 0 0.631839
 0 0.631839
 0 0.63184
 0 0.631842
 0 0.631855
 0 0.631855
 0 0.631903
 0 0.631925
 0 0.631939
 0 0.631939
 0 0.631972
 0 0.631972
 0 0.631973
 0 0.631981
 0 0.631981
 0 0.631981
 0 0.631981
 0 0.631983
 0 0.631988
 0 0.631988
 0 0.631989
 0 0.631989
 0 0.632005
 0 0.63201
 0 0.63201
 0 0.632011
 0 0.632014
 0 0.632039
 0 0.63204
 0 0.63204
 0 0.63204
 0 0.632041
 0 0.632042
 0 0.632042
 0 0.632048
 0 0.632068
 0 0.632071
 0 0.632071
 0 0.632072
 0 0.632089
 0 0.632112
 0 0.632178
 0 0.632179
 0 0.632201
 0 0.632201
 0 0.632206
 0 0.632207
 0 0.63228
 0 0.632302
 0 0.632302
 0 0.63232
 0 0.63232
 0 0.63232
 0 0.632321
 0 0.632321
 0 0.632325
 0 0.632325
 0 0.632325
 0 0.632325
 0 0.632387
 0 0.632388
 0 0.632395
 0 0.632449
 0 0.632449
 0 0.632449
 0 0.63246
 0 0.632494
 0 0.632494
 0 0.632494
 0 0.632495
 0 0.63251
 0 0.63251
 0 0.632549
 0 0.632549
 0 0.632564
 0 0.632564
 0 0.632564
 0 0.63258
 0 0.632609
 0 0.632609
 0 0.632615
 0 0.632616
 0 0.63262
 0 0.632621
 0 0.632621
 0 0.632658
 0 0.632659
 0 0.632688
 0 0.632689
 0 0.632748
 0 0.632773
 0 0.632773
 0 0.63278
 0 0.63278
 0 0.63278
 0 0.632801
 0 0.632801
 0 0.632806
 0 0.632807
 0 0.632807
 0 0.632807
 0 0.632807
 0 0.632811
 0 0.632831
 0 0.632831
 0 0.632831
 0 0.632831
 0 0.632836
 0 0.632839
 0 0.63285
 0 0.632854
 0 0.632854
 0 0.632854
 0 0.632855
 0 0.632855
 0 0.632858
 0 0.632858
 0 0.632858
 0 0.632874
 0 0.632874
 0 0.632876
 0 0.632877
 0 0.632877
 0 0.632903
 0 0.632903
 0 0.632903
 0 0.632926
 0 0.632936
 0 0.63295
 0 0.63295
 0 0.63295
 0 0.63295
 0 0.632957
 0 0.632957
 0 0.632959
 0 0.632959
 0 0.63296
 0 0.63296
 0 0.63296
 0 0.632963
 0 0.632964
 0 0.632975
 0 0.632975
 0 0.632981
 0 0.632981
 0 0.632982
 0 0.632982
 0 0.632982
 0 0.632985
 0 0.632985
 0 0.632985
 0 0.632988
 0 0.632988
 0 0.632988
 0 0.63299
 0 0.632991
 0 0.632991
 0 0.633016
 0 0.633045
 0 0.633045
 0 0.633071
 0 0.633071
 0 0.633071
 0 0.633102
 0 0.633123
 0 0.633124
 0 0.633146
 0 0.633146
 0 0.633171
 0 0.633171
 0 0.633172
 0 0.633172
 0 0.633194
 0 0.633195
 0 0.633199
 0 0.633199
 0 0.633205
 0 0.633205
 0 0.633205
 0 0.633235
 0 0.633235
 0 0.633235
 0 0.633237
 0 0.633271
 0 0.633272
 0 0.633275
 0 0.633275
 0 0.633297
 0 0.633298
 0 0.633322
 0 0.633322
 0 0.633368
 0 0.633387
 0 0.633387
 0 0.633399
 0 0.633399
 0 0.633399
 0 0.633399
 0 0.633399
 0 0.6334
 0 0.6334
 0 0.6334
 0 0.6334
 0 0.633406
 0 0.633406
 0 0.633407
 0 0.633416
 0 0.633416
 0 0.633417
 0 0.633417
 0 0.633424
 0 0.633424
 0 0.633433
 0 0.633434
 0 0.633434
 0 0.633434
 0 0.633448
 0 0.633448
 0 0.633461
 0 0.633462
 0 0.633462
 0 0.633463
 0 0.633465
 0 0.633475
 0 0.633475
 0 0.633524
 0 0.633546
 0 0.633564
 0 0.63357
 0 0.63357
 0 0.633576
 0 0.633576
 0 0.633582
 0 0.633584
 0 0.633585
 0 0.633585
 0 0.633585
 0 0.633585
 0 0.633609
 0 0.633624
 0 0.633625
 0 0.633659
 0 0.633661
 0 0.633696
 0 0.633696
 0 0.633705
 0 0.63371
 0 0.63371
 0 0.633724
 0 0.633725
 0 0.633728
 0 0.633746
 0 0.633746
 0 0.633746
 0 0.633746
 0 0.633746
 0 0.633747
 0 0.633773
 0 0.633773
 0 0.633773
 0 0.633781
 0 0.633782
 0 0.633783
 0 0.633799
 0 0.6338
 0 0.633809
 0 0.633822
 0 0.633852
 0 0.633853
 0 0.633867
 0 0.633869
 0 0.633897
 0 0.633897
 0 0.633897
 0 0.633903
 0 0.633903
 0 0.633904
 0 0.633926
 0 0.633941
 0 0.633942
 0 0.633944
 0 0.633957
 0 0.633958
 0 0.633958
 0 0.633972
 0 0.633972
 0 0.633972
 0 0.633974
 0 0.633978
 0 0.633979
 0 0.633979
 0 0.63398
 0 0.633993
 0 0.634036
 0 0.634036
 0 0.63405
 0 0.634057
 0 0.634058
 0 0.634071
 0 0.634071
 0 0.634071
 0 0.634071
 0 0.634085
 0 0.634086
 0 0.634096
 0 0.634097
 0 0.634105
 0 0.634115
 0 0.634115
 0 0.634147
 0 0.634147
 0 0.634201
 0 0.634211
 0 0.634211
 0 0.634212
 0 0.634214
 0 0.634214
 0 0.634216
 0 0.634216
 0 0.634216
 0 0.634216
 0 0.634227
 0 0.634228
 0 0.634251
 0 0.634265
 0 0.63427
 0 0.63427
 0 0.63428
 0 0.634284
 0 0.63429
 0 0.634291
 0 0.634291
 0 0.634292
 0 0.634314
 0 0.634314
 0 0.634314
 0 0.634315
 0 0.634315
 0 0.634315
 0 0.634327
 0 0.634328
 0 0.634328
 0 0.634332
 0 0.634332
 0 0.634334
 0 0.634358
 0 0.634368
 0 0.634391
 0 0.634393
 0 0.634394
 0 0.6344
 0 0.634401
 0 0.634408
 0 0.63441
 0 0.634427
 0 0.634428
 0 0.634428
 0 0.63443
 0 0.63443
 0 0.63443
 0 0.634435
 0 0.634449
 0 0.63445
 0 0.634452
 0 0.634452
 0 0.634453
 0 0.634453
 0 0.634461
 0 0.634462
 0 0.634468
 0 0.634468
 0 0.634468
 0 0.634509
 0 0.634509
 0 0.634511
 0 0.634524
 0 0.63453
 0 0.63453
 0 0.634535
 0 0.634536
 0 0.634559
 0 0.634565
 0 0.634569
 0 0.634574
 0 0.634575
 0 0.634588
 0 0.63461
 0 0.634611
 0 0.634613
 0 0.634613
 0 0.634613
 0 0.634618
 0 0.634619
 0 0.634619
 0 0.634621
 0 0.63464
 0 0.634642
 0 0.63465
 0 0.634651
 0 0.634652
 0 0.634677
 0 0.634714
 0 0.634714
 0 0.634756
 0 0.634756
 0 0.634783
 0 0.634783
 0 0.634784
 0 0.634785
 0 0.634787
 0 0.634788
 0 0.634798
 0 0.634798
 0 0.634798
 0 0.634798
 0 0.634823
 0 0.634835
 0 0.63484
 0 0.63484
 0 0.634849
 0 0.634849
 0 0.634861
 0 0.634861
 0 0.634861
 0 0.634867
 0 0.634867
 0 0.634868
 0 0.634869
 0 0.634869
 0 0.634869
 0 0.63487
 0 0.634883
 0 0.634883
 0 0.634883
 0 0.634915
 0 0.634915
 0 0.634953
 0 0.634953
 0 0.634958
 0 0.63496
 0 0.634969
 0 0.634969
 0 0.634976
 0 0.634976
 0 0.634996
 0 0.635001
 0 0.63501
 0 0.635012
 0 0.635015
 0 0.635047
 0 0.635051
 0 0.635067
 0 0.635067
 0 0.635072
 0 0.635072
 0 0.635098
 0 0.635098
 0 0.635104
 0 0.635105
 0 0.635107
 0 0.635107
 0 0.635107
 0 0.635108
 0 0.63511
 0 0.635111
 0 0.635113
 0 0.635113
 0 0.635114
 0 0.635115
 0 0.635132
 0 0.635147
 0 0.635148
 0 0.635176
 0 0.635205
 0 0.635208
 0 0.635227
 0 0.635228
 0 0.635228
 0 0.635228
 0 0.635229
 0 0.635249
 0 0.635249
 0 0.635249
 0 0.635252
 0 0.635296
 0 0.635296
 0 0.635298
 0 0.635312
 0 0.635312
 0 0.635312
 0 0.635315
 0 0.635315
 0 0.635315
 0 0.635326
 0 0.635338
 0 0.635343
 0 0.635343
 0 0.635374
 0 0.635374
 0 0.635385
 0 0.635385
 0 0.635386
 0 0.635404
 0 0.635404
 0 0.635422
 0 0.635443
 0 0.635444
 0 0.635448
 0 0.635453
 0 0.635454
 0 0.635454
 0 0.635475
 0 0.635476
 0 0.635476
 0 0.635476
 0 0.635501
 0 0.635501
 0 0.635523
 0 0.635523
 0 0.635532
 0 0.635572
 0 0.635572
 0 0.635572
 0 0.635586
 0 0.635598
 0 0.635601
 0 0.635601
 0 0.635601
 0 0.635611
 0 0.635613
 0 0.635613
 0 0.635613
 0 0.635655
 0 0.63566
 0 0.63567
 0 0.635672
 0 0.635686
 0 0.635702
 0 0.635702
 0 0.635704
 0 0.635712
 0 0.635712
 0 0.635712
 0 0.635713
 0 0.635726
 0 0.635727
 0 0.635727
 0 0.635753
 0 0.635781
 0 0.635784
 0 0.635795
 0 0.635795
 0 0.635795
 0 0.635804
 0 0.635808
 0 0.635908
 0 0.635908
 0 0.63591
 0 0.635917
 0 0.635917
 0 0.635922
 0 0.63593
 0 0.635934
 0 0.635941
 0 0.635941
 0 0.635949
 0 0.636023
 0 0.636023
 0 0.636023
 0 0.636036
 0 0.63604
 0 0.63604
 0 0.636042
 0 0.636046
 0 0.636046
 0 0.636046
 0 0.636046
 0 0.636046
 0 0.636054
 0 0.636079
 0 0.636079
 0 0.63609
 0 0.63609
 0 0.63609
 0 0.636091
 0 0.636091
 0 0.636106
 0 0.636107
 0 0.636107
 0 0.636108
 0 0.636149
 0 0.636151
 0 0.636202
 0 0.636202
 0 0.636202
 0 0.636204
 0 0.636216
 0 0.636216
 0 0.636216
 0 0.636216
 0 0.636227
 0 0.636228
 0 0.636229
 0 0.63623
 0 0.63623
 0 0.636233
 0 0.636234
 0 0.636254
 0 0.636254
 0 0.636258
 0 0.636261
 0 0.636264
 0 0.636266
 0 0.636266
 0 0.636269
 0 0.63627
 0 0.63627
 0 0.636275
 0 0.636278
 0 0.636278
 0 0.636278
 0 0.636285
 0 0.636285
 0 0.636314
 0 0.636314
 0 0.636328
 0 0.636343
 0 0.636343
 0 0.636346
 0 0.636347
 0 0.636351
 0 0.636376
 0 0.636405
 0 0.636406
 0 0.636416
 0 0.636417
 0 0.636417
 0 0.636428
 0 0.636428
 0 0.636428
 0 0.636428
 0 0.636443
 0 0.636454
 0 0.636474
 0 0.636474
 0 0.636474
 0 0.636486
 0 0.636522
 0 0.636556
 0 0.636556
 0 0.636556
 0 0.636556
 0 0.636557
 0 0.636557
 0 0.636557
 0 0.636557
 0 0.636558
 0 0.63658
 0 0.636638
 0 0.636638
 0 0.636638
 0 0.636642
 0 0.636657
 0 0.636667
 0 0.636667
 0 0.636676
 0 0.636676
 0 0.636677
 0 0.636679
 0 0.636679
 0 0.636679
 0 0.636679
 0 0.636681
 0 0.636727
 0 0.636733
 0 0.636733
 0 0.636733
 0 0.636768
 0 0.636831
 0 0.636831
 0 0.636832
 0 0.636832
 0 0.636839
 0 0.636841
 0 0.636853
 0 0.636865
 0 0.636867
 0 0.636869
 0 0.636871
 0 0.636872
 0 0.636874
 0 0.636875
 0 0.636875
 0 0.636875
 0 0.636875
 0 0.636875
 0 0.636882
 0 0.636883
 0 0.636898
 0 0.636898
 0 0.636944
 0 0.636944
 0 0.636948
 0 0.636951
 0 0.636962
 0 0.636962
 0 0.636963
 0 0.636969
 0 0.636976
 0 0.636981
 0 0.636983
 0 0.636998
 0 0.636998
 0 0.636998
 0 0.637
 0 0.637001
 0 0.637001
 0 0.637003
 0 0.637003
 0 0.637003
 0 0.637003
 0 0.637025
 0 0.637026
 0 0.637036
 0 0.637036
 0 0.637059
 0 0.637079
 0 0.637092
 0 0.637106
 0 0.637107
 0 0.637107
 0 0.637123
 0 0.637123
 0 0.637128
 0 0.637128
 0 0.637202
 0 0.637204
 0 0.637205
 0 0.637205
 0 0.63722
 0 0.637221
 0 0.637239
 0 0.637246
 0 0.637247
 0 0.637247
 0 0.637283
 0 0.637283
 0 0.63729
 0 0.63729
 0 0.637327
 0 0.637327
 0 0.637329
 0 0.637329
 0 0.637375
 0 0.637375
 0 0.637389
 0 0.637451
 0 0.637452
 0 0.637467
 0 0.637479
 0 0.637479
 0 0.637481
 0 0.637484
 0 0.637484
 0 0.637492
 0 0.6375
 0 0.6375
 0 0.6375
 0 0.6375
 0 0.637512
 0 0.637527
 0 0.637528
 0 0.637536
 0 0.637536
 0 0.637536
 0 0.637537
 0 0.63755
 0 0.637557
 0 0.637587
 0 0.637609
 0 0.637609
 0 0.637632
 0 0.637632
 0 0.637632
 0 0.637657
 0 0.637663
 0 0.637663
 0 0.637684
 0 0.637706
 0 0.63771
 0 0.63771
 0 0.63771
 0 0.637711
 0 0.637711
 0 0.637713
 0 0.637713
 0 0.637713
 0 0.637722
 0 0.637738
 0 0.63774
 0 0.63774
 0 0.637741
 0 0.637741
 0 0.637743
 0 0.637746
 0 0.637746
 0 0.637747
 0 0.637747
 0 0.637747
 0 0.637747
 0 0.637747
 0 0.637748
 0 0.637748
 0 0.637763
 0 0.637799
 0 0.637799
 0 0.637812
 0 0.637813
 0 0.637813
 0 0.637841
 0 0.637841
 0 0.637857
 0 0.637866
 0 0.637866
 0 0.637867
 0 0.637869
 0 0.637869
 0 0.637869
 0 0.637897
 0 0.637898
 0 0.637926
 0 0.637927
 0 0.637927
 0 0.637936
 0 0.637957
 0 0.637958
 0 0.637958
 0 0.637958
 0 0.63796
 0 0.637999
 0 0.638009
 0 0.638058
 0 0.638058
 0 0.638059
 0 0.638123
 0 0.638123
 0 0.638127
 0 0.638201
 0 0.638207
 0 0.638258
 0 0.638258
 0 0.638258
 0 0.638266
 0 0.638267
 0 0.638282
 0 0.638282
 0 0.638284
 0 0.638317
 0 0.638318
 0 0.638319
 0 0.638332
 0 0.638334
 0 0.638334
 0 0.638335
 0 0.638339
 0 0.638465
 0 0.638465
 0 0.638518
 0 0.638563
 0 0.638563
 0 0.638564
 0 0.638569
 0 0.63857
 0 0.63857
 0 0.638575
 0 0.638579
 0 0.63858
 0 0.63858
 0 0.638596
 0 0.638596
 0 0.638631
 0 0.638632
 0 0.638659
 0 0.638692
 0 0.638707
 0 0.638707
 0 0.638707
 0 0.638715
 0 0.638715
 0 0.638715
 0 0.638716
 0 0.638718
 0 0.638719
 0 0.638719
 0 0.638734
 0 0.638766
 0 0.638766
 0 0.638771
 0 0.638771
 0 0.638772
 0 0.638781
 0 0.638781
 0 0.638859
 0 0.63886
 0 0.638873
 0 0.638906
 0 0.638906
 0 0.638907
 0 0.638907
 0 0.638977
 0 0.638978
 0 0.63905
 0 0.639063
 0 0.639066
 0 0.639075
 0 0.639075
 0 0.639075
 0 0.639077
 0 0.639077
 0 0.639115
 0 0.639183
 0 0.639183
 0 0.639209
 0 0.639209
 0 0.63921
 0 0.639242
 0 0.639242
 0 0.639248
 0 0.639297
 0 0.639297
 0 0.639297
 0 0.639297
 0 0.639297
 0 0.639335
 0 0.639335
 0 0.639335
 0 0.639347
 0 0.639348
 0 0.639348
 0 0.63935
 0 0.639352
 0 0.639352
 0 0.639359
 0 0.63936
 0 0.639427
 0 0.63943
 0 0.639458
 0 0.639527
 0 0.639528
 0 0.639547
 0 0.639547
 0 0.639547
 0 0.639549
 0 0.639549
 0 0.639584
 0 0.639677
 0 0.639686
 0 0.639732
 0 0.639732
 0 0.639745
 0 0.639745
 0 0.639746
 0 0.639754
 0 0.639755
 0 0.639755
 0 0.639761
 0 0.639761
 0 0.639761
 0 0.639808
 0 0.639843
 0 0.639844
 0 0.639858
 0 0.639858
 0 0.639859
 0 0.639861
 0 0.639861
 0 0.639885
 0 0.63992
 0 0.639921
 0 0.639921
 0 0.639944
 0 0.639945
 0 0.64005
 0 0.640059
 0 0.640077
 0 0.640077
 0 0.640077
 0 0.640078
 0 0.640157
 0 0.640157
 0 0.640189
 0 0.640189
 0 0.640213
 0 0.640226
 0 0.640232
 0 0.640234
 0 0.640235
 0 0.640264
 0 0.640264
 0 0.640269
 0 0.640269
 0 0.640355
 0 0.64036
 0 0.64036
 0 0.640382
 0 0.640431
 0 0.640432
 0 0.640432
 0 0.640432
 0 0.640432
 0 0.640467
 0 0.640518
 0 0.640519
 0 0.640535
 0 0.640535
 0 0.64056
 0 0.640633
 0 0.640694
 0 0.640695
 0 0.640696
 0 0.640703
 0 0.640703
 0 0.640703
 0 0.640717
 0 0.640828
 0 0.640843
 0 0.640843
 0 0.640867
 0 0.640904
 0 0.640938
 0 0.640939
 0 0.640939
 0 0.64094
 0 0.641064
 0 0.641065
 0 0.641065
 0 0.641102
 0 0.641116
 0 0.641116
 0 0.641116
 0 0.641207
 0 0.641207
 0 0.641225
 0 0.641312
 0 0.641321
 0 0.641321
 0 0.641321
 0 0.641333
 0 0.64134
 0 0.64134
 0 0.641351
 0 0.641382
 0 0.641382
 0 0.641384
 0 0.641384
 0 0.641384
 0 0.641385
 0 0.641385
 0 0.641385
 0 0.64148
 0 0.641481
 0 0.641487
 0 0.641545
 0 0.641546
 0 0.641546
 0 0.641592
 0 0.641593
 0 0.641608
 0 0.641608
 0 0.641705
 0 0.641715
 0 0.641715
 0 0.641715
 0 0.641716
 0 0.641732
 0 0.641733
 0 0.641778
 0 0.641782
 0 0.641782
 0 0.641783
 0 0.641783
 0 0.641783
 0 0.641796
 0 0.641796
 0 0.641809
 0 0.641809
 0 0.641809
 0 0.641849
 0 0.641849
 0 0.64185
 0 0.64196
 0 0.642075
 0 0.642086
 0 0.642087
 0 0.642099
 0 0.642099
 0 0.642172
 0 0.642178
 0 0.64218
 0 0.642203
 0 0.642203
 0 0.642203
 0 0.642218
 0 0.642237
 0 0.642237
 0 0.642292
 0 0.642323
 0 0.642324
 0 0.642328
 0 0.642329
 0 0.642329
 0 0.64234
 0 0.642366
 0 0.642441
 0 0.642443
 0 0.642536
 0 0.642725
 0 0.642771
 0 0.642798
 0 0.6428
 0 0.642925
 0 0.642949
 0 0.642949
 0 0.643004
 0 0.643005
 0 0.64301
 0 0.643094
 0 0.643098
 0 0.643114
 0 0.643115
 0 0.643115
 0 0.643115
 0 0.643151
 0 0.643151
 0 0.643228
 0 0.643299
 0 0.643313
 0 0.643315
 0 0.643318
 0 0.643319
 0 0.643339
 0 0.643339
 0 0.643339
 0 0.64337
 0 0.64337
 0 0.643371
 0 0.643371
 0 0.643448
 0 0.643473
 0 0.64348
 0 0.64348
 0 0.643501
 0 0.643501
 0 0.643501
 0 0.64362
 0 0.643621
 0 0.643731
 0 0.643731
 0 0.643842
 0 0.643842
 0 0.643843
 0 0.643843
 0 0.643991
 0 0.64402
 0 0.644153
 0 0.644192
 0 0.644194
 0 0.644393
 0 0.644428
 0 0.64443
 0 0.64454
 0 0.644664
 0 0.644688
 0 0.644711
 0 0.644927
 0 0.644927
 0 0.644927
 0 0.644928
 0 0.645097
 0 0.645128
 0 0.645128
 0 0.645218
 0 0.645218
 0 0.645341
 0 0.64553
 0 0.645653
 0 0.646115
 0 0.646115
 0 0.646234
 0 0.646592
 0 0.646592
 0 0.646592
 0 0.646614
 0 0.646861
 0 0.646862
 0 0.646908
 0 0.647156
 0 0.647181
 0 0.647181
 0 0.647186
 0 0.647222
 0 0.647222
 0 0.647222
 0 0.647639
 0 0.647641
 0 0.647647
 0 0.648142
 0 0.648142
 0 0.648143
 0 0.648764
 0 0.648764
 0 0.648894
 0 0.649734
 0 0.649735
 0 0.649735
 0 0.649953
 0 0.650589
 0 0.650589
 0 inf
