 0 0.482483
 0 0.482483
 0 0.482483
 0 0.482483
 0 0.482483
 0 0.482698
 0 0.502637
 0 0.502637
 0 0.502637
 0 0.502637
 0 0.503987
 0 0.503988
 0 0.624843
 0 0.624843
 0 0.626193
 0 0.626208
 0 0.626208
 0 0.626208
 0 0.627956
 0 0.627957
 0 0.628015
 0 0.628015
 0 0.628041
 0 0.628353
 0 0.628354
 0 0.628354
 0 0.628355
 0 0.628369
 0 0.628527
 0 0.628576
 0 0.628576
 0 0.628577
 0 0.628793
 0 0.628793
 0 0.628815
 0 0.628816
 0 0.628816
 0 0.628816
 0 0.628914
 0 0.628914
 0 0.628935
 0 0.629016
 0 0.629038
 0 0.629075
 0 0.629076
 0 0.629086
 0 0.629086
 0 0.629099
 0 0.629099
 0 0.6291
 0 0.629135
 0 0.629154
 0 0.629154
 0 0.629178
 0 0.62921
 0 0.62921
 0 0.629299
 0 0.629299
 0 0.6293
 0 0.629305
 0 0.629305
 0 0.629305
 0 0.629326
 0 0.629337
 0 0.629363
 0 0.629363
 0 0.629363
 0 0.629366
 0 0.629366
 0 0.629367
 0 0.62939
 0 0.62939
 0 0.629391
 0 0.629391
 0 0.629391
 0 0.629391
 0 0.629391
 0 0.629392
 0 0.6294
 0 0.629401
 0 0.629401
 0 0.629487
 0 0.629488
 0 0.629492
 0 0.629492
 0 0.629492
 0 0.629501
 0 0.629542
 0 0.629547
 0 0.629633
 0 0.629633
 0 0.629653
 0 0.629654
 0 0.629654
 0 0.629655
 0 0.629655
 0 0.629688
 0 0.629695
 0 0.629697
 0 0.629721
 0 0.629722
 0 0.629813
 0 0.629861
 0 0.629862
 0 0.629864
 0 0.629864
 0 0.629864
 0 0.629865
 0 0.629865
 0 0.629871
 0 0.629889
 0 0.629889
 0 0.629892
 0 0.629915
 0 0.629915
 0 0.629992
 0 0.629992
 0 0.629995
 0 0.629995
 0 0.630042
 0 0.630069
 0 0.63011
 0 0.630249
 0 0.630257
 0 0.630257
 0 0.630257
 0 0.630268
 0 0.630273
 0 0.630285
 0 0.630286
 0 0.630303
 0 0.630303
 0 0.630303
 0 0.630366
 0 0.630369
 0 0.630378
 0 0.630403
 0 0.630404
 0 0.630404
 0 0.630404
 0 0.630413
 0 0.630414
 0 0.630445
 0 0.630445
 0 0.630445
 0 0.630452
 0 0.630452
 0 0.630453
 0 0.630461
 0 0.630461
 0 0.630468
 0 0.630468
 0 0.630514
 0 0.630515
 0 0.630562
 0 0.630588
 0 0.630588
 0 0.630609
 0 0.630609
 0 0.630612
 0 0.630612
 0 0.630613
 0 0.630614
 0 0.630615
 0 0.63062
 0 0.63062
 0 0.63062
 0 0.63062
 0 0.630621
 0 0.630645
 0 0.63067
 0 0.630674
 0 0.630687
 0 0.630692
 0 0.630693
 0 0.630706
 0 0.630707
 0 0.630721
 0 0.630722
 0 0.630722
 0 0.630732
 0 0.630747
 0 0.630747
 0 0.630747
 0 0.630747
 0 0.63076
 0 0.630807
 0 0.630807
 0 0.630826
 0 0.630826
 0 0.630855
 0 0.630858
 0 0.630858
 0 0.630858
 0 0.630858
 0 0.630883
 0 0.630883
 0 0.630883
 0 0.630883
 0 0.630892
 0 0.630911
 0 0.630911
 0 0.630918
 0 0.630918
 0 0.630919
 0 0.630957
 0 0.630959
 0 0.630959
 0 0.630963
 0 0.630963
 0 0.630963
 0 0.630982
 0 0.630982
 0 0.630982
 0 0.630999
 0 0.630999
 0 0.631002
 0 0.631007
 0 0.631012
 0 0.631012
 0 0.631013
 0 0.631013
 0 0.631019
 0 0.63102
 0 0.631027
 0 0.631027
 0 0.631035
 0 0.631035
 0 0.631059
 0 0.631063
 0 0.631071
 0 0.631146
 0 0.631149
 0 0.631158
 0 0.631158
 0 0.631158
 0 0.631158
 0 0.631159
 0 0.63116
 0 0.63116
 0 0.631166
 0 0.631167
 0 0.631167
 0 0.631185
 0 0.63119
 0 0.631192
 0 0.631211
 0 0.631212
 0 0.631271
 0 0.631276
 0 0.63128
 0 0.63128
 0 0.631292
 0 0.631292
 0 0.631297
 0 0.631297
 0 0.631299
 0 0.631304
 0 0.631305
 0 0.631305
 0 0.63131
 0 0.631319
 0 0.631319
 0 0.631319
 0 0.631321
 0 0.631321
 0 0.631334
 0 0.631335
 0 0.631355
 0 0.631356
 0 0.631364
 0 0.631364
 0 0.631369
 0 0.631369
 0 0.631376
 0 0.631376
 0 0.631376
 0 0.631377
 0 0.631377
 0 0.631378
 0 0.631378
 0 0.631379
 0 0.631382
 0 0.631382
 0 0.631382
 0 0.631401
 0 0.631401
 0 0.631402
 0 0.631412
 0 0.631424
 0 0.631424
 0 0.63147
 0 0.631472
 0 0.631472
 0 0.631483
 0 0.631489
 0 0.631498
 0 0.631517
 0 0.631517
 0 0.631536
 0 0.631536
 0 0.63154
 0 0.63154
 0 0.631566
 0 0.631571
 0 0.631586
 0 0.631586
 0 0.631586
 0 0.631594
 0 0.63161
 0 0.631665
 0 0.631667
 0 0.631668
 0 0.631668
 0 0.631672
 0 0.631672
 0 0.631678
 0 0.631703
 0 0.631703
 0 0.631704
 0 0.631704
 0 0.631741
 0 0.631741
 0 0.631741
 0 0.631742
 0 0.631744
 0 0.631745
 0 0.631745
 0 0.631745
 0 0.631746
 0 0.63177
 0 0.631773
 0 0.631773
 0 0.631773
 0 0.631773
 0 0.631789
 0 0.631789
 0 0.631793
 0 0.631794
 0 0.631794
 0 0.631805
 0 0.631808
 0 0.63181
 0 0.631813
 0 0.631813
 0 0.631813
 0 0.631813
 0 0.631819
 0 0.631823
 0 0.631823
 0 0.631823
 0 0.631842
 0 0.631842
 0 0.63185
 0 0.631854
 0 0.631866
 0 0.631867
 0 0.631868
 0 0.631868
 0 0.631882
 0 0.631884
 0 0.631897
 0 0.631897
 0 0.631899
 0 0.631908
 0 0.631908
 0 0.631916
 0 0.631919
 0 0.631922
 0 0.631922
 0 0.631922
 0 0.631922
 0 0.631923
 0 0.631936
 0 0.631939
 0 0.631939
 0 0.631939
 0 0.63194
 0 0.631941
 0 0.631941
 0 0.631943
 0 0.631968
 0 0.63197
 0 0.63197
 0 0.63197
 0 0.631984
 0 0.632
 0 0.632
 0 0.632008
 0 0.632011
 0 0.632029
 0 0.63203
 0 0.632035
 0 0.632035
 0 0.632036
 0 0.632036
 0 0.632036
 0 0.632036
 0 0.632039
 0 0.632044
 0 0.632046
 0 0.632049
 0 0.63208
 0 0.632089
 0 0.632124
 0 0.632124
 0 0.632126
 0 0.632128
 0 0.632143
 0 0.632143
 0 0.632144
 0 0.632156
 0 0.632156
 0 0.632156
 0 0.632157
 0 0.632171
 0 0.632172
 0 0.632201
 0 0.632201
 0 0.632222
 0 0.632223
 0 0.632226
 0 0.632226
 0 0.632228
 0 0.632231
 0 0.632237
 0 0.632237
 0 0.632237
 0 0.632265
 0 0.632267
 0 0.632273
 0 0.632274
 0 0.632274
 0 0.632279
 0 0.632286
 0 0.632286
 0 0.632286
 0 0.632292
 0 0.632292
 0 0.632293
 0 0.632298
 0 0.632298
 0 0.632298
 0 0.632307
 0 0.632307
 0 0.632318
 0 0.63232
 0 0.632321
 0 0.632334
 0 0.632334
 0 0.632342
 0 0.632343
 0 0.632347
 0 0.632362
 0 0.632362
 0 0.632368
 0 0.632368
 0 0.632377
 0 0.632377
 0 0.632381
 0 0.632382
 0 0.632382
 0 0.63239
 0 0.63239
 0 0.63239
 0 0.632397
 0 0.632397
 0 0.632397
 0 0.632406
 0 0.63242
 0 0.632432
 0 0.63245
 0 0.632452
 0 0.632464
 0 0.63247
 0 0.63247
 0 0.632481
 0 0.632482
 0 0.632482
 0 0.632482
 0 0.632482
 0 0.632484
 0 0.632484
 0 0.632484
 0 0.632492
 0 0.632494
 0 0.632495
 0 0.632495
 0 0.632495
 0 0.632496
 0 0.632504
 0 0.632508
 0 0.632514
 0 0.63252
 0 0.63252
 0 0.632522
 0 0.632523
 0 0.632523
 0 0.632523
 0 0.632528
 0 0.632533
 0 0.632556
 0 0.632558
 0 0.632559
 0 0.632559
 0 0.632559
 0 0.63256
 0 0.632571
 0 0.632571
 0 0.632571
 0 0.632576
 0 0.632577
 0 0.632577
 0 0.632577
 0 0.632577
 0 0.632577
 0 0.632578
 0 0.632579
 0 0.63258
 0 0.632581
 0 0.632581
 0 0.632582
 0 0.632585
 0 0.632585
 0 0.632589
 0 0.632601
 0 0.632601
 0 0.632602
 0 0.632603
 0 0.632603
 0 0.632619
 0 0.632619
 0 0.63262
 0 0.63262
 0 0.63262
 0 0.63263
 0 0.63263
 0 0.632634
 0 0.632634
 0 0.632634
 0 0.632636
 0 0.632637
 0 0.632638
 0 0.632651
 0 0.632651
 0 0.632652
 0 0.632652
 0 0.632652
 0 0.632674
 0 0.63269
 0 0.63269
 0 0.632697
 0 0.632698
 0 0.632698
 0 0.632698
 0 0.632698
 0 0.632712
 0 0.632712
 0 0.632716
 0 0.63274
 0 0.63274
 0 0.632747
 0 0.63275
 0 0.632775
 0 0.63278
 0 0.63278
 0 0.632811
 0 0.632817
 0 0.632817
 0 0.632817
 0 0.632825
 0 0.632825
 0 0.632825
 0 0.632829
 0 0.632843
 0 0.632843
 0 0.632844
 0 0.632848
 0 0.632848
 0 0.632849
 0 0.632849
 0 0.632854
 0 0.632855
 0 0.632855
 0 0.632855
 0 0.632867
 0 0.632868
 0 0.632877
 0 0.632889
 0 0.632893
 0 0.632893
 0 0.632893
 0 0.632893
 0 0.632893
 0 0.632902
 0 0.632902
 0 0.632905
 0 0.632912
 0 0.632918
 0 0.632918
 0 0.632919
 0 0.63292
 0 0.632921
 0 0.632924
 0 0.632933
 0 0.632934
 0 0.632935
 0 0.632949
 0 0.632955
 0 0.632955
 0 0.632956
 0 0.632964
 0 0.632965
 0 0.632966
 0 0.632966
 0 0.632969
 0 0.632969
 0 0.632974
 0 0.632985
 0 0.632991
 0 0.632995
 0 0.633006
 0 0.633006
 0 0.633006
 0 0.633006
 0 0.633006
 0 0.633018
 0 0.633019
 0 0.633019
 0 0.633019
 0 0.633025
 0 0.633025
 0 0.633027
 0 0.633036
 0 0.633039
 0 0.63304
 0 0.633042
 0 0.633042
 0 0.63306
 0 0.63306
 0 0.633064
 0 0.633076
 0 0.633082
 0 0.633085
 0 0.633086
 0 0.633098
 0 0.6331
 0 0.633128
 0 0.633129
 0 0.633129
 0 0.633129
 0 0.63313
 0 0.63313
 0 0.63313
 0 0.633134
 0 0.633141
 0 0.633158
 0 0.633158
 0 0.633159
 0 0.633167
 0 0.633172
 0 0.633173
 0 0.63318
 0 0.633198
 0 0.633199
 0 0.633199
 0 0.633199
 0 0.633206
 0 0.633214
 0 0.633214
 0 0.633219
 0 0.633219
 0 0.633221
 0 0.633221
 0 0.63323
 0 0.63323
 0 0.633237
 0 0.633239
 0 0.633241
 0 0.633243
 0 0.633265
 0 0.633266
 0 0.633283
 0 0.633285
 0 0.633286
 0 0.633294
 0 0.633295
 0 0.633313
 0 0.633313
 0 0.63333
 0 0.633338
 0 0.63336
 0 0.63336
 0 0.63336
 0 0.63336
 0 0.633364
 0 0.633367
 0 0.633367
 0 0.633375
 0 0.633375
 0 0.633376
 0 0.633377
 0 0.633377
 0 0.633377
 0 0.633378
 0 0.633379
 0 0.63338
 0 0.633389
 0 0.633391
 0 0.633391
 0 0.633395
 0 0.633405
 0 0.633405
 0 0.633405
 0 0.633406
 0 0.633406
 0 0.633407
 0 0.633408
 0 0.633416
 0 0.633418
 0 0.633418
 0 0.633418
 0 0.633418
 0 0.633421
 0 0.633422
 0 0.63343
 0 0.633446
 0 0.633448
 0 0.633462
 0 0.633462
 0 0.63348
 0 0.63348
 0 0.633505
 0 0.633505
 0 0.633513
 0 0.633513
 0 0.633513
 0 0.633525
 0 0.633529
 0 0.633529
 0 0.633549
 0 0.633549
 0 0.63355
 0 0.633563
 0 0.633564
 0 0.633566
 0 0.633584
 0 0.6336
 0 0.6336
 0 0.6336
 0 0.633602
 0 0.633602
 0 0.633608
 0 0.633608
 0 0.633608
 0 0.633612
 0 0.633615
 0 0.633616
 0 0.63362
 0 0.633628
 0 0.633628
 0 0.633629
 0 0.633629
 0 0.633629
 0 0.63363
 0 0.633643
 0 0.633644
 0 0.633646
 0 0.633648
 0 0.633649
 0 0.633657
 0 0.633664
 0 0.633664
 0 0.633665
 0 0.633665
 0 0.633665
 0 0.633665
 0 0.633679
 0 0.63369
 0 0.63369
 0 0.633704
 0 0.633704
 0 0.633717
 0 0.633733
 0 0.633734
 0 0.633734
 0 0.633735
 0 0.633736
 0 0.633736
 0 0.633736
 0 0.633748
 0 0.633748
 0 0.633748
 0 0.633749
 0 0.633749
 0 0.633749
 0 0.633755
 0 0.633755
 0 0.633756
 0 0.633756
 0 0.63377
 0 0.633771
 0 0.633778
 0 0.633783
 0 0.633784
 0 0.633784
 0 0.633784
 0 0.633784
 0 0.633784
 0 0.633784
 0 0.633791
 0 0.633791
 0 0.633791
 0 0.633803
 0 0.633803
 0 0.633806
 0 0.633819
 0 0.63382
 0 0.633821
 0 0.633821
 0 0.633821
 0 0.633837
 0 0.633837
 0 0.633837
 0 0.633838
 0 0.633838
 0 0.633838
 0 0.633838
 0 0.633841
 0 0.633841
 0 0.633842
 0 0.633843
 0 0.633852
 0 0.633852
 0 0.633852
 0 0.633852
 0 0.633852
 0 0.633853
 0 0.633853
 0 0.633872
 0 0.633874
 0 0.633874
 0 0.633888
 0 0.633893
 0 0.633897
 0 0.633897
 0 0.633897
 0 0.633904
 0 0.633905
 0 0.633906
 0 0.633922
 0 0.633922
 0 0.633929
 0 0.633929
 0 0.63393
 0 0.633934
 0 0.633935
 0 0.633947
 0 0.633948
 0 0.633949
 0 0.633949
 0 0.633951
 0 0.633951
 0 0.633952
 0 0.633953
 0 0.633953
 0 0.633962
 0 0.633962
 0 0.633988
 0 0.634015
 0 0.634016
 0 0.634029
 0 0.634029
 0 0.634029
 0 0.634035
 0 0.634035
 0 0.634036
 0 0.634036
 0 0.634036
 0 0.634039
 0 0.634039
 0 0.634039
 0 0.63404
 0 0.634051
 0 0.634052
 0 0.634052
 0 0.634054
 0 0.634055
 0 0.634073
 0 0.634082
 0 0.634087
 0 0.634088
 0 0.634088
 0 0.634088
 0 0.634092
 0 0.634093
 0 0.634094
 0 0.634095
 0 0.634097
 0 0.634105
 0 0.634106
 0 0.634115
 0 0.634115
 0 0.634134
 0 0.634161
 0 0.634162
 0 0.634162
 0 0.634162
 0 0.634164
 0 0.634175
 0 0.634175
 0 0.634175
 0 0.634175
 0 0.634175
 0 0.634175
 0 0.634177
 0 0.634177
 0 0.634191
 0 0.634201
 0 0.634201
 0 0.634201
 0 0.634214
 0 0.634235
 0 0.63424
 0 0.63424
 0 0.63424
 0 0.63424
 0 0.634244
 0 0.634249
 0 0.634251
 0 0.634253
 0 0.634253
 0 0.634262
 0 0.634264
 0 0.634278
 0 0.634281
 0 0.634283
 0 0.634302
 0 0.634316
 0 0.634317
 0 0.634327
 0 0.634327
 0 0.634327
 0 0.634332
 0 0.634332
 0 0.634344
 0 0.634358
 0 0.634358
 0 0.634359
 0 0.634367
 0 0.634369
 0 0.63437
 0 0.63437
 0 0.634386
 0 0.634387
 0 0.634389
 0 0.634389
 0 0.634389
 0 0.634389
 0 0.634389
 0 0.634389
 0 0.63439
 0 0.634392
 0 0.634393
 0 0.634393
 0 0.634395
 0 0.634397
 0 0.634404
 0 0.634407
 0 0.634413
 0 0.634415
 0 0.634418
 0 0.634418
 0 0.63443
 0 0.63443
 0 0.63443
 0 0.63443
 0 0.634432
 0 0.63444
 0 0.63444
 0 0.634447
 0 0.634447
 0 0.634449
 0 0.634464
 0 0.634466
 0 0.634477
 0 0.634494
 0 0.634511
 0 0.634512
 0 0.634512
 0 0.634519
 0 0.634522
 0 0.634528
 0 0.63453
 0 0.634531
 0 0.634532
 0 0.634532
 0 0.634536
 0 0.634538
 0 0.634547
 0 0.63456
 0 0.634567
 0 0.634567
 0 0.634568
 0 0.634568
 0 0.634568
 0 0.634568
 0 0.634569
 0 0.634569
 0 0.634571
 0 0.634572
 0 0.634573
 0 0.634573
 0 0.63461
 0 0.634611
 0 0.634611
 0 0.634611
 0 0.634618
 0 0.634618
 0 0.634618
 0 0.634622
 0 0.634622
 0 0.634622
 0 0.634642
 0 0.634642
 0 0.634643
 0 0.634643
 0 0.634643
 0 0.634644
 0 0.634645
 0 0.634645
 0 0.63467
 0 0.63467
 0 0.63467
 0 0.634671
 0 0.634672
 0 0.634672
 0 0.634672
 0 0.634682
 0 0.634682
 0 0.634682
 0 0.634698
 0 0.634698
 0 0.634698
 0 0.6347
 0 0.634701
 0 0.634715
 0 0.634732
 0 0.634748
 0 0.634748
 0 0.634748
 0 0.634753
 0 0.634757
 0 0.634758
 0 0.634759
 0 0.634759
 0 0.63476
 0 0.634761
 0 0.634762
 0 0.634762
 0 0.634777
 0 0.634783
 0 0.634785
 0 0.634786
 0 0.634786
 0 0.634786
 0 0.634786
 0 0.634791
 0 0.634793
 0 0.634795
 0 0.634795
 0 0.634802
 0 0.634802
 0 0.634802
 0 0.634803
 0 0.634807
 0 0.634807
 0 0.634807
 0 0.634817
 0 0.634817
 0 0.634817
 0 0.634817
 0 0.634818
 0 0.634823
 0 0.634833
 0 0.634834
 0 0.634836
 0 0.634842
 0 0.634843
 0 0.634843
 0 0.634843
 0 0.634843
 0 0.634853
 0 0.634853
 0 0.634863
 0 0.634874
 0 0.634874
 0 0.634875
 0 0.634875
 0 0.634875
 0 0.634875
 0 0.634881
 0 0.634882
 0 0.634894
 0 0.634901
 0 0.634902
 0 0.634907
 0 0.634907
 0 0.634911
 0 0.634911
 0 0.634922
 0 0.634922
 0 0.634944
 0 0.634945
 0 0.634945
 0 0.634945
 0 0.634946
 0 0.634946
 0 0.634961
 0 0.634972
 0 0.634978
 0 0.634978
 0 0.634978
 0 0.634981
 0 0.634981
 0 0.634981
 0 0.634982
 0 0.634982
 0 0.634983
 0 0.634983
 0 0.634984
 0 0.634984
 0 0.634985
 0 0.634995
 0 0.634995
 0 0.634995
 0 0.634995
 0 0.634995
 0 0.634995
 0 0.634996
 0 0.635
 0 0.635012
 0 0.63502
 0 0.63502
 0 0.635021
 0 0.635022
 0 0.635027
 0 0.635045
 0 0.635045
 0 0.635047
 0 0.635049
 0 0.63505
 0 0.63505
 0 0.635051
 0 0.635052
 0 0.635054
 0 0.635056
 0 0.635057
 0 0.635058
 0 0.635073
 0 0.635078
 0 0.635078
 0 0.635078
 0 0.635079
 0 0.635082
 0 0.635082
 0 0.635091
 0 0.635095
 0 0.635107
 0 0.635136
 0 0.635143
 0 0.635161
 0 0.635173
 0 0.635188
 0 0.635188
 0 0.63519
 0 0.635202
 0 0.63521
 0 0.63521
 0 0.635211
 0 0.635212
 0 0.635212
 0 0.635212
 0 0.635217
 0 0.635219
 0 0.635219
 0 0.635224
 0 0.635224
 0 0.635263
 0 0.635273
 0 0.635276
 0 0.63528
 0 0.635304
 0 0.635306
 0 0.635306
 0 0.635306
 0 0.635306
 0 0.63531
 0 0.63531
 0 0.63531
 0 0.63531
 0 0.635325
 0 0.63533
 0 0.635331
 0 0.635331
 0 0.635334
 0 0.635341
 0 0.635341
 0 0.635346
 0 0.635346
 0 0.635346
 0 0.635346
 0 0.635353
 0 0.635357
 0 0.635362
 0 0.635362
 0 0.635364
 0 0.635395
 0 0.635421
 0 0.635422
 0 0.635423
 0 0.635423
 0 0.63544
 0 0.63544
 0 0.63544
 0 0.635453
 0 0.635459
 0 0.635459
 0 0.635472
 0 0.635472
 0 0.635472
 0 0.635475
 0 0.635475
 0 0.635475
 0 0.635475
 0 0.635475
 0 0.635487
 0 0.635492
 0 0.635493
 0 0.635497
 0 0.635506
 0 0.635508
 0 0.635511
 0 0.635512
 0 0.63552
 0 0.63552
 0 0.63552
 0 0.635521
 0 0.635556
 0 0.635556
 0 0.635558
 0 0.635558
 0 0.635562
 0 0.635562
 0 0.635563
 0 0.635567
 0 0.635568
 0 0.635568
 0 0.63557
 0 0.63557
 0 0.63557
 0 0.635578
 0 0.635605
 0 0.635605
 0 0.635605
 0 0.635612
 0 0.635616
 0 0.635621
 0 0.635642
 0 0.635642
 0 0.635642
 0 0.635652
 0 0.635652
 0 0.635657
 0 0.635666
 0 0.635695
 0 0.635696
 0 0.635702
 0 0.635702
 0 0.635703
 0 0.635704
 0 0.635708
 0 0.635721
 0 0.635721
 0 0.635721
 0 0.635721
 0 0.635729
 0 0.635729
 0 0.635737
 0 0.635737
 0 0.63575
 0 0.63575
 0 0.635755
 0 0.635757
 0 0.635757
 0 0.635769
 0 0.635769
 0 0.635769
 0 0.635769
 0 0.635769
 0 0.635777
 0 0.635777
 0 0.635782
 0 0.635782
 0 0.635782
 0 0.635794
 0 0.635803
 0 0.635803
 0 0.63581
 0 0.635819
 0 0.635819
 0 0.635845
 0 0.635846
 0 0.63585
 0 0.635876
 0 0.635877
 0 0.635881
 0 0.635881
 0 0.635881
 0 0.63592
 0 0.635945
 0 0.635953
 0 0.635956
 0 0.635956
 0 0.635971
 0 0.635976
 0 0.635977
 0 0.635983
 0 0.635984
 0 0.635984
 0 0.635999
 0 0.636
 0 0.636004
 0 0.636004
 0 0.636014
 0 0.636028
 0 0.636029
 0 0.63605
 0 0.636051
 0 0.636053
 0 0.636071
 0 0.636071
 0 0.636089
 0 0.636089
 0 0.636095
 0 0.636096
 0 0.636108
 0 0.636108
 0 0.636108
 0 0.636108
 0 0.636115
 0 0.636115
 0 0.636147
 0 0.636148
 0 0.636186
 0 0.63619
 0 0.63619
 0 0.636191
 0 0.636191
 0 0.636199
 0 0.636215
 0 0.636234
 0 0.636235
 0 0.636236
 0 0.636272
 0 0.63629
 0 0.63629
 0 0.636291
 0 0.636313
 0 0.636317
 0 0.636385
 0 0.636386
 0 0.636398
 0 0.636398
 0 0.636398
 0 0.636421
 0 0.636422
 0 0.636423
 0 0.636426
 0 0.636427
 0 0.636441
 0 0.636448
 0 0.636454
 0 0.636455
 0 0.636479
 0 0.636481
 0 0.636517
 0 0.636544
 0 0.636545
 0 0.636545
 0 0.636586
 0 0.636586
 0 0.636593
 0 0.636595
 0 0.636595
 0 0.636596
 0 0.636596
 0 0.636614
 0 0.636614
 0 0.636624
 0 0.636624
 0 0.636624
 0 0.636625
 0 0.636682
 0 0.636692
 0 0.636692
 0 0.636727
 0 0.636727
 0 0.636727
 0 0.636793
 0 0.636811
 0 0.636812
 0 0.636817
 0 0.636878
 0 0.636887
 0 0.636922
 0 0.636922
 0 0.636938
 0 0.636938
 0 0.636954
 0 0.636959
 0 0.63696
 0 0.63696
 0 0.636971
 0 0.636971
 0 0.636971
 0 0.636975
 0 0.636975
 0 0.637011
 0 0.637019
 0 0.637071
 0 0.637071
 0 0.637071
 0 0.637071
 0 0.637074
 0 0.637074
 0 0.637074
 0 0.637107
 0 0.637119
 0 0.637169
 0 0.637172
 0 0.63722
 0 0.63722
 0 0.637259
 0 0.637261
 0 0.637292
 0 0.637293
 0 0.637306
 0 0.637307
 0 0.637364
 0 0.637386
 0 0.637386
 0 0.637414
 0 0.637414
 0 0.637414
 0 0.637414
 0 0.63742
 0 0.63742
 0 0.637483
 0 0.637486
 0 0.637515
 0 0.637515
 0 0.637515
 0 0.637609
 0 0.637637
 0 0.637652
 0 0.637652
 0 0.637655
 0 0.637672
 0 0.637712
 0 0.637712
 0 0.637712
 0 0.637779
 0 0.63778
 0 0.637892
 0 0.637903
 0 0.637904
 0 0.637904
 0 0.637908
 0 0.638028
 0 0.638028
 0 0.638028
 0 0.63806
 0 0.63814
 0 0.638154
 0 0.638154
 0 0.638154
 0 0.638251
 0 0.638269
 0 0.638442
 0 0.638513
 0 0.638513
 0 0.63855
 0 0.63855
 0 0.638725
 0 0.638725
 0 0.639019
 0 0.639021
 0 0.639045
 0 0.639045
 0 0.639178
 0 0.639414
 0 0.639415
 0 0.639416
 0 0.639416
 0 0.639441
 0 0.63961
 0 0.639738
 0 0.639738
 0 0.640126
 0 0.640202
 0 0.640203
 0 0.640463
 0 0.640463
 0 0.640465
 0 0.6405
 0 0.640728
 0 0.64073
 0 0.640831
 0 0.640831
 0 0.640833
 0 0.640833
 0 0.641412
 0 0.641412
 0 0.642113
 0 0.642114
 0 0.642114
 0 0.642115
 0 0.642395
 0 0.642496
 0 0.642944
 0 0.642944
 0 0.642944
 0 0.643003
 0 0.643063
 0 0.643065
 0 inf
