 0 0.487403
 0 0.487403
 0 0.487403
 0 0.487404
 0 0.487819
 0 0.487819
 0 0.487819
 0 0.48782
 0 0.48808
 0 0.48808
 0 0.488215
 0 0.488738
 0 0.622402
 0 0.622403
 0 0.622736
 0 0.622737
 0 0.622737
 0 0.623116
 0 0.624161
 0 0.624161
 0 0.624757
 0 0.624757
 0 0.624758
 0 0.624812
 0 0.624874
 0 0.624958
 0 0.625174
 0 0.625181
 0 0.625266
 0 0.625267
 0 0.625274
 0 0.625276
 0 0.625276
 0 0.625394
 0 0.625394
 0 0.625425
 0 0.625425
 0 0.625426
 0 0.625426
 0 0.625465
 0 0.625465
 0 0.625496
 0 0.625499
 0 0.6255
 0 0.625505
 0 0.625521
 0 0.625521
 0 0.625569
 0 0.625569
 0 0.625569
 0 0.625832
 0 0.625832
 0 0.625937
 0 0.625937
 0 0.625937
 0 0.625937
 0 0.625937
 0 0.626139
 0 0.626222
 0 0.626222
 0 0.626251
 0 0.626294
 0 0.626294
 0 0.626327
 0 0.626327
 0 0.62635
 0 0.626358
 0 0.626399
 0 0.626399
 0 0.626442
 0 0.626502
 0 0.626502
 0 0.626523
 0 0.626718
 0 0.626718
 0 0.626758
 0 0.626758
 0 0.626796
 0 0.626798
 0 0.626799
 0 0.626799
 0 0.626821
 0 0.626822
 0 0.626823
 0 0.626901
 0 0.626914
 0 0.626952
 0 0.627038
 0 0.627038
 0 0.627099
 0 0.627099
 0 0.627099
 0 0.627176
 0 0.627176
 0 0.627176
 0 0.627176
 0 0.627176
 0 0.627206
 0 0.627213
 0 0.627226
 0 0.627274
 0 0.627274
 0 0.627274
 0 0.627274
 0 0.627303
 0 0.627305
 0 0.627315
 0 0.627419
 0 0.627435
 0 0.627435
 0 0.627456
 0 0.627473
 0 0.627473
 0 0.62752
 0 0.627532
 0 0.627606
 0 0.627606
 0 0.627631
 0 0.627751
 0 0.627825
 0 0.627835
 0 0.627836
 0 0.627932
 0 0.627932
 0 0.627937
 0 0.627949
 0 0.627949
 0 0.62795
 0 0.62795
 0 0.62795
 0 0.627951
 0 0.627951
 0 0.627951
 0 0.627951
 0 0.62797
 0 0.627987
 0 0.628004
 0 0.628004
 0 0.628044
 0 0.628048
 0 0.628049
 0 0.628103
 0 0.628125
 0 0.628125
 0 0.628125
 0 0.628126
 0 0.628126
 0 0.628136
 0 0.628136
 0 0.628136
 0 0.628208
 0 0.62823
 0 0.628231
 0 0.628296
 0 0.628296
 0 0.628297
 0 0.628297
 0 0.628342
 0 0.628342
 0 0.628345
 0 0.62843
 0 0.628432
 0 0.628433
 0 0.628433
 0 0.628434
 0 0.628434
 0 0.628485
 0 0.628487
 0 0.628487
 0 0.628524
 0 0.628525
 0 0.628526
 0 0.628538
 0 0.628538
 0 0.628556
 0 0.628558
 0 0.628568
 0 0.628568
 0 0.628568
 0 0.628569
 0 0.628581
 0 0.628582
 0 0.628587
 0 0.628602
 0 0.628613
 0 0.628613
 0 0.628613
 0 0.628631
 0 0.628662
 0 0.628664
 0 0.62867
 0 0.628673
 0 0.628673
 0 0.628673
 0 0.628704
 0 0.628711
 0 0.628712
 0 0.628728
 0 0.628728
 0 0.62874
 0 0.62874
 0 0.628745
 0 0.628749
 0 0.628749
 0 0.628764
 0 0.628766
 0 0.628767
 0 0.628829
 0 0.628837
 0 0.628902
 0 0.628903
 0 0.628918
 0 0.628918
 0 0.628974
 0 0.628974
 0 0.629042
 0 0.629042
 0 0.629043
 0 0.629115
 0 0.629117
 0 0.629117
 0 0.629117
 0 0.629117
 0 0.629119
 0 0.629135
 0 0.629135
 0 0.629157
 0 0.629157
 0 0.629166
 0 0.629202
 0 0.629202
 0 0.629203
 0 0.629203
 0 0.629204
 0 0.629258
 0 0.629258
 0 0.629259
 0 0.629259
 0 0.629267
 0 0.629267
 0 0.629267
 0 0.629269
 0 0.629269
 0 0.629283
 0 0.629306
 0 0.629306
 0 0.629306
 0 0.629313
 0 0.629315
 0 0.629326
 0 0.629333
 0 0.629337
 0 0.629337
 0 0.629337
 0 0.629356
 0 0.629356
 0 0.629362
 0 0.629363
 0 0.629405
 0 0.629405
 0 0.629413
 0 0.629413
 0 0.629413
 0 0.629414
 0 0.629415
 0 0.629415
 0 0.629415
 0 0.629416
 0 0.629421
 0 0.629421
 0 0.629483
 0 0.629483
 0 0.629508
 0 0.629508
 0 0.629508
 0 0.629509
 0 0.629553
 0 0.629553
 0 0.629553
 0 0.629556
 0 0.629556
 0 0.629575
 0 0.629624
 0 0.629626
 0 0.629626
 0 0.629692
 0 0.629693
 0 0.629694
 0 0.629694
 0 0.629694
 0 0.629695
 0 0.629695
 0 0.629695
 0 0.629772
 0 0.629772
 0 0.629789
 0 0.629789
 0 0.62982
 0 0.629821
 0 0.629835
 0 0.629835
 0 0.629835
 0 0.62988
 0 0.62994
 0 0.62994
 0 0.62994
 0 0.629941
 0 0.629941
 0 0.629982
 0 0.629985
 0 0.629985
 0 0.630005
 0 0.630006
 0 0.630024
 0 0.630026
 0 0.630027
 0 0.630036
 0 0.630037
 0 0.630097
 0 0.630098
 0 0.6301
 0 0.630119
 0 0.63012
 0 0.630166
 0 0.630166
 0 0.630178
 0 0.630179
 0 0.630179
 0 0.630225
 0 0.630245
 0 0.630246
 0 0.630286
 0 0.630296
 0 0.630297
 0 0.630298
 0 0.630325
 0 0.630388
 0 0.630437
 0 0.630441
 0 0.630442
 0 0.630442
 0 0.630442
 0 0.630456
 0 0.630456
 0 0.630479
 0 0.630479
 0 0.630487
 0 0.630491
 0 0.630492
 0 0.630492
 0 0.630543
 0 0.630543
 0 0.630543
 0 0.630613
 0 0.630614
 0 0.630635
 0 0.630641
 0 0.630642
 0 0.630652
 0 0.630662
 0 0.630672
 0 0.630672
 0 0.630672
 0 0.630672
 0 0.630697
 0 0.630697
 0 0.630705
 0 0.630706
 0 0.630706
 0 0.630706
 0 0.630728
 0 0.630762
 0 0.630762
 0 0.630848
 0 0.630849
 0 0.630849
 0 0.630852
 0 0.630854
 0 0.630854
 0 0.630855
 0 0.630855
 0 0.630856
 0 0.630856
 0 0.630857
 0 0.630859
 0 0.630862
 0 0.63087
 0 0.630887
 0 0.630887
 0 0.630888
 0 0.630889
 0 0.630889
 0 0.630889
 0 0.630889
 0 0.630889
 0 0.630919
 0 0.630919
 0 0.630926
 0 0.63093
 0 0.630931
 0 0.630931
 0 0.630944
 0 0.630944
 0 0.630953
 0 0.630953
 0 0.630953
 0 0.630974
 0 0.630974
 0 0.630975
 0 0.630975
 0 0.630976
 0 0.630979
 0 0.630979
 0 0.630979
 0 0.631006
 0 0.631058
 0 0.631071
 0 0.631079
 0 0.631079
 0 0.631113
 0 0.631115
 0 0.631115
 0 0.631115
 0 0.631116
 0 0.63115
 0 0.631164
 0 0.631185
 0 0.631185
 0 0.631204
 0 0.631215
 0 0.631218
 0 0.631219
 0 0.631234
 0 0.631245
 0 0.631255
 0 0.63127
 0 0.63127
 0 0.631286
 0 0.631286
 0 0.631286
 0 0.631287
 0 0.631292
 0 0.631292
 0 0.631294
 0 0.631316
 0 0.631317
 0 0.631367
 0 0.63142
 0 0.631438
 0 0.631468
 0 0.631469
 0 0.631484
 0 0.631498
 0 0.631515
 0 0.631515
 0 0.631524
 0 0.631524
 0 0.631526
 0 0.631526
 0 0.631533
 0 0.631533
 0 0.631533
 0 0.631565
 0 0.631607
 0 0.631607
 0 0.631608
 0 0.631611
 0 0.631612
 0 0.631612
 0 0.631612
 0 0.631631
 0 0.631631
 0 0.631632
 0 0.631645
 0 0.631646
 0 0.631709
 0 0.631741
 0 0.631742
 0 0.631745
 0 0.631761
 0 0.631776
 0 0.631787
 0 0.631788
 0 0.631818
 0 0.631819
 0 0.631819
 0 0.63185
 0 0.63185
 0 0.631851
 0 0.631852
 0 0.631852
 0 0.631853
 0 0.631853
 0 0.631855
 0 0.631856
 0 0.631857
 0 0.631858
 0 0.631858
 0 0.631868
 0 0.631869
 0 0.631869
 0 0.631875
 0 0.631875
 0 0.631887
 0 0.631898
 0 0.631902
 0 0.631902
 0 0.631906
 0 0.631907
 0 0.631931
 0 0.631932
 0 0.631932
 0 0.631945
 0 0.631945
 0 0.631945
 0 0.631959
 0 0.631959
 0 0.63196
 0 0.63197
 0 0.63197
 0 0.63198
 0 0.63198
 0 0.632
 0 0.632
 0 0.632023
 0 0.632023
 0 0.632034
 0 0.632072
 0 0.632072
 0 0.63209
 0 0.63209
 0 0.632103
 0 0.632127
 0 0.632128
 0 0.632128
 0 0.632142
 0 0.632153
 0 0.632156
 0 0.632156
 0 0.632156
 0 0.63216
 0 0.632179
 0 0.632183
 0 0.632183
 0 0.632203
 0 0.632203
 0 0.632203
 0 0.632204
 0 0.632204
 0 0.632216
 0 0.632229
 0 0.632229
 0 0.632229
 0 0.632229
 0 0.632286
 0 0.632286
 0 0.632286
 0 0.632287
 0 0.632287
 0 0.632318
 0 0.632336
 0 0.632336
 0 0.632356
 0 0.632367
 0 0.632368
 0 0.632368
 0 0.632368
 0 0.632381
 0 0.632384
 0 0.632384
 0 0.632384
 0 0.632397
 0 0.632397
 0 0.632397
 0 0.632397
 0 0.632413
 0 0.632413
 0 0.632414
 0 0.632447
 0 0.632448
 0 0.632456
 0 0.632456
 0 0.632488
 0 0.632489
 0 0.632494
 0 0.632524
 0 0.63254
 0 0.632545
 0 0.632554
 0 0.632554
 0 0.632559
 0 0.632561
 0 0.632561
 0 0.632589
 0 0.632622
 0 0.632631
 0 0.632631
 0 0.632648
 0 0.632679
 0 0.632679
 0 0.632679
 0 0.632679
 0 0.632704
 0 0.632704
 0 0.632704
 0 0.632737
 0 0.632767
 0 0.632768
 0 0.632768
 0 0.632782
 0 0.632787
 0 0.632788
 0 0.632797
 0 0.632798
 0 0.632798
 0 0.632799
 0 0.632831
 0 0.632831
 0 0.632831
 0 0.632836
 0 0.632837
 0 0.632837
 0 0.632859
 0 0.632859
 0 0.632866
 0 0.632907
 0 0.632939
 0 0.632962
 0 0.632962
 0 0.632974
 0 0.632975
 0 0.633007
 0 0.633028
 0 0.633028
 0 0.633058
 0 0.633072
 0 0.633072
 0 0.633072
 0 0.633089
 0 0.633119
 0 0.63312
 0 0.633121
 0 0.633128
 0 0.633133
 0 0.633135
 0 0.633141
 0 0.633141
 0 0.633141
 0 0.633142
 0 0.633142
 0 0.633146
 0 0.633146
 0 0.633146
 0 0.633159
 0 0.63316
 0 0.633177
 0 0.633178
 0 0.633178
 0 0.633193
 0 0.633203
 0 0.633203
 0 0.633203
 0 0.633205
 0 0.633205
 0 0.633215
 0 0.633215
 0 0.633216
 0 0.633217
 0 0.633217
 0 0.633217
 0 0.633219
 0 0.633219
 0 0.633219
 0 0.633245
 0 0.633262
 0 0.633264
 0 0.633265
 0 0.633284
 0 0.633284
 0 0.633285
 0 0.633288
 0 0.633288
 0 0.633288
 0 0.633297
 0 0.633298
 0 0.633362
 0 0.633373
 0 0.633377
 0 0.633377
 0 0.63338
 0 0.633381
 0 0.633383
 0 0.633383
 0 0.633387
 0 0.633387
 0 0.633404
 0 0.633405
 0 0.633411
 0 0.633428
 0 0.633433
 0 0.633434
 0 0.633435
 0 0.633451
 0 0.633451
 0 0.633455
 0 0.633467
 0 0.633468
 0 0.633486
 0 0.633486
 0 0.633486
 0 0.633487
 0 0.633487
 0 0.633487
 0 0.633487
 0 0.633498
 0 0.6335
 0 0.6335
 0 0.633508
 0 0.633512
 0 0.633512
 0 0.633515
 0 0.633516
 0 0.633519
 0 0.633525
 0 0.633526
 0 0.633527
 0 0.633537
 0 0.63356
 0 0.63356
 0 0.633561
 0 0.633561
 0 0.633566
 0 0.633566
 0 0.633566
 0 0.633576
 0 0.633585
 0 0.633585
 0 0.633585
 0 0.633586
 0 0.633614
 0 0.633616
 0 0.633616
 0 0.633633
 0 0.633633
 0 0.633633
 0 0.633633
 0 0.633633
 0 0.63364
 0 0.633642
 0 0.633646
 0 0.633659
 0 0.633659
 0 0.633659
 0 0.633659
 0 0.63366
 0 0.63366
 0 0.63366
 0 0.633672
 0 0.633677
 0 0.633677
 0 0.633677
 0 0.633684
 0 0.633688
 0 0.633688
 0 0.633688
 0 0.633688
 0 0.633689
 0 0.63371
 0 0.633746
 0 0.633752
 0 0.633754
 0 0.633754
 0 0.633764
 0 0.633764
 0 0.633764
 0 0.63379
 0 0.633791
 0 0.633791
 0 0.633791
 0 0.633791
 0 0.633793
 0 0.633793
 0 0.633809
 0 0.633814
 0 0.633814
 0 0.633815
 0 0.633846
 0 0.633848
 0 0.633881
 0 0.633881
 0 0.633888
 0 0.633888
 0 0.633888
 0 0.633909
 0 0.633909
 0 0.633931
 0 0.633941
 0 0.633946
 0 0.633947
 0 0.633947
 0 0.633947
 0 0.633948
 0 0.633968
 0 0.633968
 0 0.633972
 0 0.633973
 0 0.633977
 0 0.633982
 0 0.633982
 0 0.633992
 0 0.633993
 0 0.633995
 0 0.633998
 0 0.633998
 0 0.634016
 0 0.634017
 0 0.634017
 0 0.634018
 0 0.634019
 0 0.63402
 0 0.634021
 0 0.634021
 0 0.634029
 0 0.634036
 0 0.634037
 0 0.634058
 0 0.634059
 0 0.634059
 0 0.634064
 0 0.634067
 0 0.634072
 0 0.634073
 0 0.634098
 0 0.634098
 0 0.634106
 0 0.634107
 0 0.634107
 0 0.634107
 0 0.634119
 0 0.634136
 0 0.63414
 0 0.634153
 0 0.634153
 0 0.634159
 0 0.634174
 0 0.634175
 0 0.634184
 0 0.634228
 0 0.634228
 0 0.634234
 0 0.634241
 0 0.634256
 0 0.634256
 0 0.634256
 0 0.634256
 0 0.634257
 0 0.634262
 0 0.634266
 0 0.634273
 0 0.634276
 0 0.634276
 0 0.634276
 0 0.634308
 0 0.634311
 0 0.634313
 0 0.634313
 0 0.634314
 0 0.634314
 0 0.634314
 0 0.634317
 0 0.634317
 0 0.634331
 0 0.634332
 0 0.634333
 0 0.634348
 0 0.634351
 0 0.634352
 0 0.63436
 0 0.634361
 0 0.634365
 0 0.63437
 0 0.63437
 0 0.634371
 0 0.634373
 0 0.634409
 0 0.634414
 0 0.634419
 0 0.634427
 0 0.634427
 0 0.634427
 0 0.634427
 0 0.634427
 0 0.634427
 0 0.634428
 0 0.634428
 0 0.634444
 0 0.634445
 0 0.634477
 0 0.634477
 0 0.634494
 0 0.634494
 0 0.634503
 0 0.634503
 0 0.634533
 0 0.634533
 0 0.634541
 0 0.634541
 0 0.634547
 0 0.634562
 0 0.634567
 0 0.634567
 0 0.634568
 0 0.634568
 0 0.634568
 0 0.634576
 0 0.634576
 0 0.634585
 0 0.634586
 0 0.634586
 0 0.634588
 0 0.634604
 0 0.634604
 0 0.634605
 0 0.63461
 0 0.634611
 0 0.634612
 0 0.634624
 0 0.634633
 0 0.634634
 0 0.634635
 0 0.634646
 0 0.634672
 0 0.634672
 0 0.634675
 0 0.634691
 0 0.634692
 0 0.634735
 0 0.634736
 0 0.634736
 0 0.634736
 0 0.634737
 0 0.634741
 0 0.634742
 0 0.634749
 0 0.634749
 0 0.634749
 0 0.634749
 0 0.634752
 0 0.634754
 0 0.634758
 0 0.634758
 0 0.634758
 0 0.634761
 0 0.63478
 0 0.63478
 0 0.634783
 0 0.634786
 0 0.634796
 0 0.634796
 0 0.634796
 0 0.634806
 0 0.634806
 0 0.634806
 0 0.634807
 0 0.634807
 0 0.634808
 0 0.634808
 0 0.634809
 0 0.634812
 0 0.634842
 0 0.634856
 0 0.634857
 0 0.634857
 0 0.634862
 0 0.634863
 0 0.634877
 0 0.634878
 0 0.634878
 0 0.634878
 0 0.634885
 0 0.634918
 0 0.634918
 0 0.634958
 0 0.634959
 0 0.634971
 0 0.634996
 0 0.634997
 0 0.635001
 0 0.635002
 0 0.635008
 0 0.635008
 0 0.635015
 0 0.635016
 0 0.635016
 0 0.635017
 0 0.635021
 0 0.635022
 0 0.635022
 0 0.635032
 0 0.635032
 0 0.635032
 0 0.635033
 0 0.635038
 0 0.635039
 0 0.63507
 0 0.635077
 0 0.635077
 0 0.635077
 0 0.635082
 0 0.635082
 0 0.635082
 0 0.635086
 0 0.635087
 0 0.635095
 0 0.635096
 0 0.635096
 0 0.635126
 0 0.635127
 0 0.635133
 0 0.635133
 0 0.635133
 0 0.635133
 0 0.635134
 0 0.635147
 0 0.635147
 0 0.635147
 0 0.635156
 0 0.635157
 0 0.635159
 0 0.635167
 0 0.635177
 0 0.635177
 0 0.635182
 0 0.635183
 0 0.635184
 0 0.635209
 0 0.635209
 0 0.635218
 0 0.635223
 0 0.635224
 0 0.635224
 0 0.635224
 0 0.635226
 0 0.635226
 0 0.635226
 0 0.635233
 0 0.635233
 0 0.635249
 0 0.635249
 0 0.635251
 0 0.635251
 0 0.635251
 0 0.635251
 0 0.635251
 0 0.635258
 0 0.635264
 0 0.635265
 0 0.635284
 0 0.635293
 0 0.635295
 0 0.635297
 0 0.635297
 0 0.635297
 0 0.635298
 0 0.635326
 0 0.635328
 0 0.635332
 0 0.635334
 0 0.635335
 0 0.635335
 0 0.635335
 0 0.635335
 0 0.635347
 0 0.635349
 0 0.635381
 0 0.635381
 0 0.635381
 0 0.635383
 0 0.635383
 0 0.635412
 0 0.635413
 0 0.63546
 0 0.63546
 0 0.63546
 0 0.635463
 0 0.635463
 0 0.635464
 0 0.635464
 0 0.635476
 0 0.635479
 0 0.635485
 0 0.635487
 0 0.635491
 0 0.635491
 0 0.635495
 0 0.635495
 0 0.635495
 0 0.635504
 0 0.635514
 0 0.635514
 0 0.635528
 0 0.635542
 0 0.635542
 0 0.635544
 0 0.635568
 0 0.63558
 0 0.63558
 0 0.635583
 0 0.635583
 0 0.635584
 0 0.635589
 0 0.635589
 0 0.635589
 0 0.635589
 0 0.635598
 0 0.635599
 0 0.63565
 0 0.635651
 0 0.635675
 0 0.635678
 0 0.635678
 0 0.635678
 0 0.635678
 0 0.635708
 0 0.635724
 0 0.635724
 0 0.635725
 0 0.63573
 0 0.63573
 0 0.635731
 0 0.635784
 0 0.635786
 0 0.635788
 0 0.635788
 0 0.635789
 0 0.635789
 0 0.635789
 0 0.635794
 0 0.635794
 0 0.635802
 0 0.635803
 0 0.635804
 0 0.635821
 0 0.635823
 0 0.635825
 0 0.635825
 0 0.635825
 0 0.635825
 0 0.635826
 0 0.635826
 0 0.635826
 0 0.635826
 0 0.635826
 0 0.6359
 0 0.6359
 0 0.635909
 0 0.635917
 0 0.635917
 0 0.635917
 0 0.635936
 0 0.635941
 0 0.635941
 0 0.635941
 0 0.63595
 0 0.636016
 0 0.636016
 0 0.636054
 0 0.636055
 0 0.636055
 0 0.636057
 0 0.636058
 0 0.636058
 0 0.636061
 0 0.636061
 0 0.636082
 0 0.636123
 0 0.636123
 0 0.636133
 0 0.636134
 0 0.636136
 0 0.63617
 0 0.636174
 0 0.636174
 0 0.63618
 0 0.636181
 0 0.636181
 0 0.636181
 0 0.636182
 0 0.636182
 0 0.636182
 0 0.636183
 0 0.636192
 0 0.636192
 0 0.636209
 0 0.636221
 0 0.636223
 0 0.636223
 0 0.636223
 0 0.636223
 0 0.636228
 0 0.636228
 0 0.636228
 0 0.636231
 0 0.636231
 0 0.636246
 0 0.636263
 0 0.636268
 0 0.636281
 0 0.636281
 0 0.636307
 0 0.636322
 0 0.636323
 0 0.636329
 0 0.636329
 0 0.636369
 0 0.636384
 0 0.636447
 0 0.636447
 0 0.636447
 0 0.636448
 0 0.636448
 0 0.636454
 0 0.636454
 0 0.636455
 0 0.636461
 0 0.636463
 0 0.636463
 0 0.636465
 0 0.636465
 0 0.636498
 0 0.636498
 0 0.636504
 0 0.636504
 0 0.63653
 0 0.63653
 0 0.636533
 0 0.636544
 0 0.636544
 0 0.636603
 0 0.636604
 0 0.636605
 0 0.636625
 0 0.636626
 0 0.636626
 0 0.636627
 0 0.636645
 0 0.636645
 0 0.636645
 0 0.636645
 0 0.636673
 0 0.63668
 0 0.636682
 0 0.636682
 0 0.636726
 0 0.636726
 0 0.636731
 0 0.636731
 0 0.636735
 0 0.636735
 0 0.636736
 0 0.636736
 0 0.636745
 0 0.636745
 0 0.636745
 0 0.636749
 0 0.636749
 0 0.636771
 0 0.636845
 0 0.636845
 0 0.636845
 0 0.636846
 0 0.636846
 0 0.636903
 0 0.636903
 0 0.636903
 0 0.636903
 0 0.636933
 0 0.636933
 0 0.636933
 0 0.636934
 0 0.636964
 0 0.636988
 0 0.637009
 0 0.63701
 0 0.637023
 0 0.637035
 0 0.637038
 0 0.637078
 0 0.637078
 0 0.637078
 0 0.637094
 0 0.637103
 0 0.637104
 0 0.637104
 0 0.637139
 0 0.637139
 0 0.637169
 0 0.63717
 0 0.637177
 0 0.637178
 0 0.63724
 0 0.63724
 0 0.63724
 0 0.637322
 0 0.637333
 0 0.637343
 0 0.637343
 0 0.637343
 0 0.637396
 0 0.637403
 0 0.637415
 0 0.637456
 0 0.637456
 0 0.637457
 0 0.637474
 0 0.637474
 0 0.63752
 0 0.637521
 0 0.637533
 0 0.637534
 0 0.637537
 0 0.637537
 0 0.637537
 0 0.637549
 0 0.637549
 0 0.637603
 0 0.637603
 0 0.637604
 0 0.63761
 0 0.63761
 0 0.63761
 0 0.63761
 0 0.637611
 0 0.637622
 0 0.637622
 0 0.637625
 0 0.637641
 0 0.637648
 0 0.637648
 0 0.637672
 0 0.637692
 0 0.637692
 0 0.637698
 0 0.637748
 0 0.637761
 0 0.637762
 0 0.637763
 0 0.637765
 0 0.637766
 0 0.637787
 0 0.637792
 0 0.637792
 0 0.637795
 0 0.637795
 0 0.637823
 0 0.637823
 0 0.637823
 0 0.637823
 0 0.637823
 0 0.637875
 0 0.637875
 0 0.637875
 0 0.637949
 0 0.637949
 0 0.637949
 0 0.637976
 0 0.63802
 0 0.63802
 0 0.638026
 0 0.638027
 0 0.638098
 0 0.638099
 0 0.638099
 0 0.638131
 0 0.638131
 0 0.638131
 0 0.638138
 0 0.638139
 0 0.638242
 0 0.638243
 0 0.638255
 0 0.638255
 0 0.638257
 0 0.638298
 0 0.638333
 0 0.638348
 0 0.638355
 0 0.638359
 0 0.638359
 0 0.638361
 0 0.638361
 0 0.638364
 0 0.638378
 0 0.63838
 0 0.638419
 0 0.638419
 0 0.638454
 0 0.638454
 0 0.638454
 0 0.638458
 0 0.638458
 0 0.638539
 0 0.63854
 0 0.63854
 0 0.638541
 0 0.638551
 0 0.638627
 0 0.638627
 0 0.638627
 0 0.638675
 0 0.638676
 0 0.638676
 0 0.63883
 0 0.63883
 0 0.638831
 0 0.638868
 0 0.638884
 0 0.638921
 0 0.638922
 0 0.63897
 0 0.639035
 0 0.639036
 0 0.639038
 0 0.63905
 0 0.639051
 0 0.639141
 0 0.639218
 0 0.639218
 0 0.63925
 0 0.639271
 0 0.639273
 0 0.639291
 0 0.639291
 0 0.639291
 0 0.639328
 0 0.639328
 0 0.639365
 0 0.639366
 0 0.63941
 0 0.63941
 0 0.639418
 0 0.639418
 0 0.639418
 0 0.639418
 0 0.639418
 0 0.639502
 0 0.639502
 0 0.639616
 0 0.639652
 0 0.63978
 0 0.63978
 0 0.63978
 0 0.63982
 0 0.63982
 0 0.639821
 0 0.639821
 0 0.639823
 0 0.639823
 0 0.639951
 0 0.639951
 0 0.639951
 0 0.640036
 0 0.640036
 0 0.640052
 0 0.640091
 0 0.640121
 0 0.640133
 0 0.640134
 0 0.640168
 0 0.640216
 0 0.640217
 0 0.640281
 0 0.640283
 0 0.6404
 0 0.640429
 0 0.640431
 0 0.640432
 0 0.640433
 0 0.64044
 0 0.640503
 0 0.640504
 0 0.640505
 0 0.640505
 0 0.640505
 0 0.640517
 0 0.64052
 0 0.640521
 0 0.640521
 0 0.640521
 0 0.640528
 0 0.64053
 0 0.64053
 0 0.64053
 0 0.640557
 0 0.640566
 0 0.640567
 0 0.640567
 0 0.640629
 0 0.64063
 0 0.64065
 0 0.64065
 0 0.64065
 0 0.640652
 0 0.640677
 0 0.640701
 0 0.640897
 0 0.640897
 0 0.64096
 0 0.641034
 0 0.641036
 0 0.641366
 0 0.641413
 0 0.641414
 0 0.641414
 0 0.641627
 0 0.641627
 0 0.641904
 0 0.641906
 0 0.642163
 0 0.642164
 0 0.642377
 0 0.642378
 0 0.64249
 0 0.64249
 0 0.642492
 0 0.642668
 0 0.64275
 0 0.64275
 0 0.642752
 0 0.642836
 0 0.642836
 0 0.642837
 0 0.642942
 0 0.642942
 0 0.642942
 0 0.643206
 0 0.643242
 0 0.643242
 0 0.643299
 0 0.6433
 0 0.643687
 0 0.643715
 0 inf
