 0 0.483373
 0 0.48383
 0 0.48383
 0 0.483833
 0 0.483834
 0 0.484218
 0 0.618219
 0 0.618222
 0 0.618891
 0 0.618891
 0 0.618891
 0 0.619623
 0 0.622048
 0 0.622048
 0 0.622049
 0 0.622049
 0 0.622053
 0 0.622218
 0 0.622218
 0 0.622615
 0 0.622615
 0 0.622861
 0 0.622861
 0 0.622861
 0 0.622864
 0 0.623009
 0 0.623067
 0 0.623068
 0 0.623068
 0 0.623201
 0 0.624122
 0 0.624349
 0 0.624482
 0 0.624482
 0 0.624483
 0 0.624483
 0 0.624514
 0 0.624682
 0 0.624683
 0 0.624692
 0 0.624762
 0 0.624763
 0 0.624915
 0 0.624918
 0 0.6253
 0 0.625312
 0 0.625312
 0 0.625342
 0 0.625342
 0 0.625342
 0 0.625437
 0 0.625437
 0 0.625482
 0 0.625483
 0 0.625483
 0 0.625484
 0 0.625499
 0 0.625505
 0 0.625505
 0 0.625506
 0 0.625519
 0 0.625519
 0 0.625526
 0 0.625551
 0 0.625556
 0 0.625558
 0 0.625558
 0 0.625558
 0 0.625636
 0 0.625645
 0 0.625645
 0 0.625672
 0 0.625904
 0 0.625905
 0 0.626044
 0 0.626047
 0 0.626231
 0 0.626231
 0 0.626231
 0 0.626237
 0 0.626239
 0 0.626245
 0 0.626267
 0 0.626286
 0 0.626286
 0 0.626288
 0 0.626296
 0 0.626434
 0 0.626434
 0 0.626554
 0 0.626557
 0 0.626557
 0 0.626578
 0 0.626579
 0 0.626649
 0 0.626649
 0 0.626763
 0 0.626765
 0 0.626785
 0 0.626785
 0 0.626804
 0 0.62683
 0 0.626943
 0 0.626943
 0 0.626943
 0 0.626943
 0 0.626945
 0 0.626945
 0 0.626949
 0 0.627003
 0 0.627012
 0 0.62705
 0 0.627052
 0 0.627053
 0 0.627101
 0 0.627117
 0 0.62712
 0 0.627147
 0 0.627147
 0 0.627147
 0 0.627147
 0 0.62715
 0 0.627151
 0 0.627151
 0 0.627213
 0 0.627217
 0 0.627288
 0 0.627293
 0 0.627293
 0 0.627295
 0 0.627343
 0 0.627383
 0 0.627384
 0 0.627384
 0 0.627384
 0 0.627458
 0 0.627527
 0 0.627581
 0 0.627581
 0 0.627581
 0 0.627582
 0 0.627583
 0 0.627615
 0 0.627633
 0 0.627672
 0 0.627672
 0 0.627675
 0 0.627675
 0 0.627683
 0 0.627683
 0 0.627683
 0 0.627684
 0 0.627714
 0 0.627714
 0 0.627714
 0 0.62776
 0 0.62776
 0 0.627841
 0 0.627873
 0 0.627874
 0 0.627877
 0 0.627918
 0 0.627955
 0 0.627956
 0 0.627969
 0 0.62804
 0 0.628044
 0 0.628117
 0 0.628119
 0 0.628169
 0 0.628272
 0 0.628305
 0 0.628305
 0 0.628309
 0 0.628318
 0 0.628321
 0 0.628334
 0 0.628334
 0 0.628338
 0 0.628338
 0 0.628446
 0 0.62845
 0 0.62845
 0 0.628469
 0 0.62847
 0 0.628515
 0 0.628528
 0 0.628528
 0 0.628528
 0 0.628631
 0 0.628756
 0 0.628757
 0 0.628759
 0 0.628759
 0 0.628829
 0 0.628862
 0 0.628864
 0 0.628864
 0 0.628883
 0 0.628886
 0 0.628886
 0 0.628893
 0 0.628904
 0 0.629067
 0 0.629172
 0 0.629176
 0 0.629176
 0 0.629192
 0 0.629193
 0 0.629194
 0 0.629196
 0 0.629196
 0 0.629205
 0 0.629205
 0 0.629209
 0 0.629327
 0 0.629329
 0 0.629369
 0 0.629388
 0 0.629392
 0 0.629393
 0 0.629426
 0 0.629439
 0 0.629441
 0 0.629441
 0 0.629441
 0 0.629441
 0 0.629462
 0 0.629466
 0 0.629482
 0 0.629483
 0 0.629483
 0 0.629491
 0 0.629493
 0 0.629528
 0 0.62953
 0 0.629561
 0 0.629561
 0 0.629569
 0 0.629569
 0 0.62957
 0 0.629594
 0 0.629594
 0 0.629635
 0 0.629638
 0 0.629662
 0 0.629684
 0 0.629684
 0 0.629706
 0 0.629708
 0 0.62974
 0 0.629742
 0 0.629748
 0 0.629748
 0 0.629748
 0 0.629782
 0 0.629784
 0 0.629786
 0 0.629839
 0 0.629882
 0 0.629883
 0 0.629885
 0 0.629911
 0 0.629927
 0 0.629928
 0 0.629931
 0 0.629931
 0 0.629945
 0 0.629979
 0 0.630001
 0 0.630011
 0 0.630024
 0 0.630026
 0 0.630026
 0 0.63003
 0 0.630042
 0 0.630045
 0 0.630073
 0 0.630084
 0 0.630084
 0 0.630115
 0 0.630115
 0 0.630119
 0 0.630191
 0 0.630197
 0 0.630197
 0 0.630208
 0 0.630211
 0 0.630219
 0 0.630221
 0 0.630222
 0 0.630224
 0 0.630224
 0 0.630244
 0 0.630251
 0 0.630254
 0 0.630254
 0 0.630254
 0 0.630254
 0 0.630271
 0 0.630273
 0 0.630277
 0 0.630278
 0 0.63028
 0 0.630281
 0 0.630298
 0 0.6303
 0 0.630319
 0 0.630319
 0 0.630334
 0 0.630348
 0 0.630359
 0 0.63036
 0 0.63036
 0 0.630456
 0 0.630456
 0 0.630456
 0 0.630459
 0 0.630459
 0 0.630502
 0 0.630519
 0 0.630553
 0 0.630556
 0 0.630589
 0 0.630592
 0 0.630592
 0 0.630603
 0 0.630605
 0 0.630615
 0 0.630633
 0 0.630635
 0 0.630668
 0 0.630669
 0 0.630672
 0 0.630673
 0 0.630692
 0 0.630748
 0 0.630761
 0 0.630762
 0 0.630797
 0 0.630798
 0 0.630799
 0 0.630799
 0 0.630802
 0 0.630805
 0 0.630835
 0 0.630836
 0 0.630848
 0 0.630848
 0 0.630849
 0 0.630881
 0 0.630881
 0 0.630893
 0 0.63091
 0 0.630911
 0 0.630924
 0 0.630925
 0 0.630926
 0 0.630928
 0 0.630963
 0 0.630965
 0 0.630965
 0 0.630967
 0 0.630971
 0 0.630971
 0 0.630986
 0 0.630987
 0 0.630999
 0 0.631003
 0 0.631057
 0 0.631059
 0 0.631059
 0 0.63107
 0 0.631071
 0 0.631071
 0 0.631107
 0 0.631107
 0 0.631132
 0 0.631134
 0 0.631144
 0 0.631144
 0 0.631151
 0 0.631185
 0 0.631185
 0 0.631185
 0 0.631187
 0 0.631189
 0 0.631194
 0 0.631198
 0 0.631223
 0 0.631224
 0 0.631241
 0 0.631249
 0 0.631275
 0 0.631317
 0 0.63133
 0 0.631331
 0 0.631373
 0 0.631375
 0 0.631376
 0 0.631378
 0 0.631401
 0 0.631404
 0 0.631432
 0 0.631485
 0 0.631487
 0 0.631487
 0 0.631498
 0 0.631498
 0 0.6315
 0 0.631515
 0 0.631517
 0 0.631532
 0 0.631532
 0 0.631532
 0 0.631532
 0 0.631554
 0 0.631554
 0 0.631579
 0 0.631598
 0 0.631598
 0 0.631598
 0 0.631617
 0 0.63163
 0 0.63163
 0 0.63163
 0 0.63163
 0 0.631634
 0 0.631656
 0 0.631686
 0 0.631724
 0 0.631724
 0 0.631739
 0 0.631749
 0 0.631749
 0 0.631777
 0 0.631784
 0 0.631784
 0 0.63181
 0 0.63181
 0 0.631811
 0 0.631813
 0 0.631842
 0 0.631846
 0 0.631846
 0 0.631847
 0 0.631847
 0 0.631894
 0 0.631894
 0 0.631895
 0 0.631895
 0 0.631895
 0 0.6319
 0 0.631904
 0 0.631922
 0 0.631922
 0 0.631932
 0 0.631933
 0 0.631933
 0 0.631944
 0 0.631946
 0 0.631947
 0 0.631972
 0 0.631973
 0 0.632041
 0 0.632086
 0 0.632086
 0 0.632092
 0 0.632092
 0 0.632109
 0 0.63211
 0 0.63211
 0 0.632136
 0 0.632138
 0 0.632138
 0 0.632147
 0 0.632186
 0 0.632187
 0 0.63219
 0 0.632191
 0 0.632192
 0 0.632205
 0 0.632207
 0 0.632208
 0 0.632266
 0 0.632266
 0 0.63227
 0 0.63231
 0 0.632324
 0 0.632347
 0 0.632387
 0 0.632387
 0 0.632409
 0 0.632413
 0 0.632416
 0 0.632416
 0 0.632416
 0 0.632481
 0 0.632549
 0 0.63255
 0 0.632565
 0 0.632565
 0 0.632565
 0 0.632636
 0 0.632662
 0 0.632662
 0 0.632838
 0 0.632877
 0 0.632893
 0 0.632893
 0 0.63292
 0 0.632947
 0 0.632949
 0 0.632959
 0 0.632959
 0 0.632959
 0 0.632983
 0 0.633032
 0 0.633033
 0 0.633036
 0 0.633043
 0 0.633044
 0 0.633046
 0 0.633057
 0 0.633057
 0 0.633067
 0 0.633145
 0 0.633164
 0 0.633165
 0 0.633165
 0 0.633165
 0 0.633173
 0 0.633183
 0 0.633183
 0 0.633223
 0 0.633224
 0 0.633225
 0 0.633229
 0 0.633247
 0 0.633247
 0 0.633248
 0 0.633248
 0 0.633255
 0 0.633255
 0 0.633376
 0 0.633377
 0 0.633377
 0 0.633435
 0 0.633435
 0 0.633436
 0 0.633436
 0 0.633438
 0 0.63344
 0 0.63344
 0 0.633473
 0 0.633481
 0 0.633483
 0 0.633494
 0 0.633495
 0 0.633495
 0 0.633495
 0 0.633502
 0 0.633503
 0 0.633538
 0 0.633538
 0 0.633587
 0 0.633597
 0 0.63366
 0 0.633671
 0 0.633672
 0 0.633672
 0 0.633699
 0 0.633726
 0 0.633814
 0 0.633815
 0 0.633878
 0 0.633878
 0 0.633878
 0 0.633893
 0 0.633941
 0 0.633941
 0 0.633941
 0 0.633941
 0 0.633941
 0 0.633955
 0 0.633985
 0 0.634017
 0 0.634031
 0 0.634031
 0 0.634071
 0 0.634071
 0 0.634086
 0 0.634088
 0 0.634111
 0 0.634127
 0 0.63414
 0 0.634147
 0 0.634148
 0 0.634149
 0 0.634151
 0 0.634239
 0 0.634243
 0 0.634244
 0 0.634247
 0 0.63428
 0 0.634281
 0 0.634282
 0 0.634282
 0 0.634305
 0 0.634313
 0 0.63434
 0 0.63434
 0 0.634341
 0 0.634341
 0 0.634345
 0 0.634349
 0 0.634349
 0 0.634366
 0 0.634369
 0 0.63437
 0 0.634382
 0 0.634384
 0 0.63439
 0 0.634402
 0 0.634408
 0 0.634408
 0 0.634411
 0 0.634418
 0 0.634452
 0 0.634452
 0 0.634453
 0 0.634484
 0 0.634515
 0 0.634516
 0 0.634527
 0 0.634527
 0 0.634532
 0 0.634599
 0 0.634599
 0 0.634608
 0 0.634643
 0 0.634643
 0 0.634647
 0 0.634689
 0 0.634755
 0 0.634755
 0 0.634762
 0 0.634774
 0 0.634775
 0 0.634816
 0 0.634817
 0 0.634817
 0 0.634848
 0 0.634852
 0 0.634889
 0 0.634896
 0 0.634898
 0 0.634906
 0 0.634906
 0 0.63492
 0 0.63492
 0 0.634923
 0 0.634961
 0 0.634963
 0 0.634964
 0 0.634964
 0 0.634989
 0 0.634989
 0 0.635016
 0 0.635016
 0 0.635016
 0 0.635017
 0 0.635017
 0 0.635038
 0 0.635039
 0 0.635053
 0 0.635055
 0 0.635064
 0 0.635077
 0 0.635086
 0 0.635086
 0 0.635089
 0 0.635109
 0 0.635119
 0 0.635121
 0 0.635123
 0 0.635148
 0 0.635154
 0 0.635155
 0 0.63516
 0 0.635161
 0 0.635162
 0 0.635223
 0 0.635223
 0 0.635225
 0 0.635234
 0 0.635234
 0 0.635234
 0 0.635239
 0 0.635241
 0 0.635264
 0 0.635266
 0 0.635267
 0 0.635267
 0 0.635267
 0 0.635315
 0 0.635347
 0 0.635355
 0 0.635367
 0 0.635388
 0 0.635388
 0 0.635458
 0 0.635467
 0 0.635475
 0 0.635476
 0 0.635476
 0 0.635487
 0 0.635488
 0 0.635492
 0 0.635524
 0 0.635526
 0 0.635526
 0 0.635526
 0 0.635526
 0 0.635526
 0 0.635561
 0 0.635561
 0 0.635562
 0 0.635562
 0 0.635572
 0 0.635572
 0 0.635576
 0 0.635606
 0 0.635606
 0 0.635607
 0 0.635661
 0 0.635665
 0 0.635689
 0 0.635694
 0 0.635704
 0 0.635704
 0 0.635705
 0 0.63574
 0 0.63574
 0 0.635741
 0 0.635741
 0 0.635741
 0 0.635743
 0 0.635745
 0 0.635745
 0 0.635745
 0 0.635745
 0 0.635747
 0 0.635778
 0 0.635778
 0 0.635782
 0 0.635815
 0 0.635815
 0 0.635868
 0 0.63587
 0 0.635906
 0 0.635917
 0 0.635918
 0 0.635921
 0 0.635921
 0 0.635952
 0 0.635952
 0 0.635954
 0 0.635955
 0 0.635955
 0 0.635959
 0 0.635963
 0 0.63603
 0 0.636049
 0 0.636061
 0 0.636071
 0 0.636117
 0 0.63612
 0 0.63612
 0 0.63612
 0 0.636121
 0 0.636121
 0 0.636135
 0 0.636136
 0 0.636189
 0 0.636215
 0 0.636222
 0 0.636222
 0 0.636232
 0 0.636246
 0 0.636247
 0 0.636247
 0 0.636247
 0 0.636247
 0 0.636279
 0 0.636279
 0 0.636279
 0 0.636282
 0 0.636343
 0 0.636344
 0 0.636393
 0 0.636394
 0 0.636436
 0 0.636437
 0 0.63646
 0 0.63646
 0 0.636468
 0 0.636471
 0 0.636473
 0 0.636511
 0 0.636513
 0 0.636513
 0 0.636532
 0 0.636589
 0 0.636614
 0 0.636706
 0 0.636706
 0 0.636787
 0 0.636815
 0 0.636816
 0 0.636975
 0 0.636984
 0 0.637024
 0 0.637024
 0 0.637024
 0 0.637024
 0 0.637024
 0 0.637052
 0 0.637141
 0 0.637141
 0 0.637146
 0 0.637173
 0 0.637173
 0 0.637268
 0 0.637268
 0 0.637296
 0 0.637297
 0 0.637311
 0 0.637311
 0 0.637311
 0 0.637313
 0 0.637319
 0 0.637319
 0 0.63732
 0 0.637373
 0 0.637374
 0 0.637625
 0 0.637733
 0 0.637736
 0 0.637756
 0 0.637841
 0 0.637841
 0 0.637841
 0 0.637843
 0 0.637857
 0 0.637868
 0 0.63787
 0 0.637874
 0 0.637874
 0 0.638007
 0 0.638008
 0 0.638017
 0 0.638025
 0 0.638027
 0 0.63809
 0 0.638184
 0 0.638188
 0 0.63819
 0 0.638194
 0 0.638226
 0 0.63823
 0 0.638248
 0 0.63828
 0 0.63828
 0 0.638631
 0 0.63868
 0 0.63868
 0 0.638684
 0 0.638684
 0 0.638684
 0 0.638693
 0 0.638724
 0 0.638741
 0 0.638787
 0 0.638815
 0 0.638858
 0 0.63886
 0 0.63886
 0 0.638863
 0 0.638957
 0 0.638983
 0 0.639072
 0 0.639072
 0 0.639144
 0 0.639145
 0 0.639204
 0 0.639381
 0 0.639382
 0 0.639384
 0 0.639413
 0 0.639491
 0 0.63968
 0 0.639681
 0 0.639754
 0 0.639961
 0 0.639962
 0 0.639988
 0 0.639989
 0 0.640107
 0 0.640284
 0 0.640361
 0 0.640361
 0 0.64038
 0 0.640449
 0 0.640502
 0 0.640614
 0 0.640625
 0 0.640625
 0 0.640625
 0 0.640629
 0 0.640675
 0 0.640901
 0 0.640949
 0 0.641196
 0 0.641284
 0 0.641415
 0 0.641696
 0 0.641696
 0 0.641778
 0 0.64178
 0 0.64181
 0 0.641814
 0 0.641955
 0 0.641955
 0 0.642175
 0 0.642265
 0 0.6425
 0 0.642503
 0 0.642503
 0 0.64286
 0 0.64286
 0 0.64286
 0 0.644791
 0 0.64547
 0 0.645473
 0 0.64579
 0 0.64579
 0 0.645793
 0 0.646302
 0 0.646302
 0 0.646303
 0 0.646429
 0 0.646429
 0 0.646441
 0 0.646639
 0 0.647377
 0 0.647377
 0 0.648051
 0 0.648051
 0 0.648052
 0 inf
