 0 0.467467
 0 0.468097
 0 0.468125
 0 0.468125
 0 0.468387
 0 0.468387
 0 0.50688
 0 0.506881
 0 0.506881
 0 0.507128
 0 0.507128
 0 0.507559
 0 0.623402
 0 0.624335
 0 0.624335
 0 0.62447
 0 0.624471
 0 0.624606
 0 0.624606
 0 0.624665
 0 0.625121
 0 0.625122
 0 0.625577
 0 0.625577
 0 0.625762
 0 0.626025
 0 0.626275
 0 0.62647
 0 0.62647
 0 0.62647
 0 0.626561
 0 0.626561
 0 0.626918
 0 0.626918
 0 0.626918
 0 0.626918
 0 0.626957
 0 0.626957
 0 0.627041
 0 0.627042
 0 0.627073
 0 0.627163
 0 0.627272
 0 0.627468
 0 0.627502
 0 0.627502
 0 0.627529
 0 0.627855
 0 0.627855
 0 0.627855
 0 0.627855
 0 0.627865
 0 0.627865
 0 0.627881
 0 0.627881
 0 0.627895
 0 0.627915
 0 0.628032
 0 0.628032
 0 0.628032
 0 0.628068
 0 0.628068
 0 0.62807
 0 0.628141
 0 0.628141
 0 0.628147
 0 0.628237
 0 0.628309
 0 0.628309
 0 0.62831
 0 0.62831
 0 0.628426
 0 0.628428
 0 0.628428
 0 0.628505
 0 0.628505
 0 0.628505
 0 0.628522
 0 0.628536
 0 0.628536
 0 0.62863
 0 0.62863
 0 0.62863
 0 0.628646
 0 0.628646
 0 0.628705
 0 0.628745
 0 0.628745
 0 0.628746
 0 0.628746
 0 0.628746
 0 0.628914
 0 0.628957
 0 0.628958
 0 0.628958
 0 0.629003
 0 0.629003
 0 0.62901
 0 0.629052
 0 0.629052
 0 0.629185
 0 0.629211
 0 0.629211
 0 0.629211
 0 0.629212
 0 0.629212
 0 0.629212
 0 0.629218
 0 0.629218
 0 0.629271
 0 0.629276
 0 0.629277
 0 0.629278
 0 0.62929
 0 0.62929
 0 0.62929
 0 0.62929
 0 0.62929
 0 0.629293
 0 0.629324
 0 0.62934
 0 0.62934
 0 0.629385
 0 0.629429
 0 0.629429
 0 0.629429
 0 0.629429
 0 0.629432
 0 0.629486
 0 0.629486
 0 0.629488
 0 0.629488
 0 0.629529
 0 0.629549
 0 0.629587
 0 0.629587
 0 0.629614
 0 0.629614
 0 0.629616
 0 0.629682
 0 0.629682
 0 0.629738
 0 0.629748
 0 0.629766
 0 0.629766
 0 0.629774
 0 0.629775
 0 0.629839
 0 0.629925
 0 0.629925
 0 0.629926
 0 0.62993
 0 0.629931
 0 0.629937
 0 0.629938
 0 0.629944
 0 0.629969
 0 0.629988
 0 0.630008
 0 0.630008
 0 0.630017
 0 0.630018
 0 0.630034
 0 0.630057
 0 0.630059
 0 0.630154
 0 0.630154
 0 0.630176
 0 0.630176
 0 0.630222
 0 0.63023
 0 0.630287
 0 0.630348
 0 0.630351
 0 0.630355
 0 0.63042
 0 0.630422
 0 0.630426
 0 0.630475
 0 0.630475
 0 0.630478
 0 0.63048
 0 0.6305
 0 0.63051
 0 0.630527
 0 0.630528
 0 0.630561
 0 0.630575
 0 0.630611
 0 0.630633
 0 0.630635
 0 0.63067
 0 0.63067
 0 0.630671
 0 0.630671
 0 0.63069
 0 0.6307
 0 0.630702
 0 0.630702
 0 0.630702
 0 0.630702
 0 0.630703
 0 0.630708
 0 0.63071
 0 0.630725
 0 0.630725
 0 0.630725
 0 0.630725
 0 0.630726
 0 0.63073
 0 0.630731
 0 0.630736
 0 0.630741
 0 0.630774
 0 0.630775
 0 0.630782
 0 0.630782
 0 0.630791
 0 0.6308
 0 0.630835
 0 0.630836
 0 0.630836
 0 0.630854
 0 0.630855
 0 0.630879
 0 0.63088
 0 0.630886
 0 0.630902
 0 0.630937
 0 0.630937
 0 0.630937
 0 0.630937
 0 0.630943
 0 0.630943
 0 0.630943
 0 0.630945
 0 0.631003
 0 0.631003
 0 0.631004
 0 0.631004
 0 0.631023
 0 0.631064
 0 0.631064
 0 0.631111
 0 0.631134
 0 0.631134
 0 0.631137
 0 0.631137
 0 0.631137
 0 0.631175
 0 0.631175
 0 0.631177
 0 0.631178
 0 0.63119
 0 0.63119
 0 0.631191
 0 0.631208
 0 0.631218
 0 0.631218
 0 0.631233
 0 0.631233
 0 0.631233
 0 0.631234
 0 0.631236
 0 0.631238
 0 0.631238
 0 0.631253
 0 0.631257
 0 0.631257
 0 0.631264
 0 0.631265
 0 0.631301
 0 0.631302
 0 0.631302
 0 0.631303
 0 0.631312
 0 0.631312
 0 0.631337
 0 0.631337
 0 0.631368
 0 0.631386
 0 0.631412
 0 0.631412
 0 0.631413
 0 0.631415
 0 0.631415
 0 0.631416
 0 0.631429
 0 0.631432
 0 0.631432
 0 0.631435
 0 0.631435
 0 0.631499
 0 0.631527
 0 0.631527
 0 0.631527
 0 0.631527
 0 0.631527
 0 0.631533
 0 0.63155
 0 0.631551
 0 0.631569
 0 0.631569
 0 0.63157
 0 0.63159
 0 0.63159
 0 0.631615
 0 0.631616
 0 0.631616
 0 0.631622
 0 0.631631
 0 0.631634
 0 0.631666
 0 0.631666
 0 0.631672
 0 0.631672
 0 0.631672
 0 0.631673
 0 0.631674
 0 0.631675
 0 0.631682
 0 0.631682
 0 0.631682
 0 0.631685
 0 0.63169
 0 0.631692
 0 0.631692
 0 0.631692
 0 0.631707
 0 0.631712
 0 0.631712
 0 0.631742
 0 0.631744
 0 0.631751
 0 0.631764
 0 0.631764
 0 0.631787
 0 0.631787
 0 0.631814
 0 0.631815
 0 0.631815
 0 0.631815
 0 0.631816
 0 0.63183
 0 0.631855
 0 0.631876
 0 0.631895
 0 0.631895
 0 0.631895
 0 0.631895
 0 0.631897
 0 0.631897
 0 0.631939
 0 0.63194
 0 0.63194
 0 0.631977
 0 0.631977
 0 0.631985
 0 0.63199
 0 0.63199
 0 0.63199
 0 0.631991
 0 0.631992
 0 0.631998
 0 0.63204
 0 0.632041
 0 0.632041
 0 0.632042
 0 0.632042
 0 0.632044
 0 0.632045
 0 0.632045
 0 0.632045
 0 0.632045
 0 0.632053
 0 0.632053
 0 0.632061
 0 0.632061
 0 0.632061
 0 0.632062
 0 0.632076
 0 0.632077
 0 0.632083
 0 0.632083
 0 0.632114
 0 0.632115
 0 0.632115
 0 0.632115
 0 0.632125
 0 0.632126
 0 0.632137
 0 0.632139
 0 0.632139
 0 0.63215
 0 0.632151
 0 0.632158
 0 0.63216
 0 0.63216
 0 0.63216
 0 0.632161
 0 0.632162
 0 0.632167
 0 0.632167
 0 0.632167
 0 0.632192
 0 0.632193
 0 0.632208
 0 0.632228
 0 0.63223
 0 0.63223
 0 0.63223
 0 0.632241
 0 0.632241
 0 0.632254
 0 0.632254
 0 0.632254
 0 0.632266
 0 0.632266
 0 0.632267
 0 0.632269
 0 0.632277
 0 0.632331
 0 0.632331
 0 0.632343
 0 0.632347
 0 0.632349
 0 0.632356
 0 0.632356
 0 0.632359
 0 0.632361
 0 0.632364
 0 0.632364
 0 0.632365
 0 0.632375
 0 0.632379
 0 0.632379
 0 0.632384
 0 0.632409
 0 0.632413
 0 0.632422
 0 0.632432
 0 0.632432
 0 0.632432
 0 0.632433
 0 0.632433
 0 0.632437
 0 0.632446
 0 0.632446
 0 0.632446
 0 0.632446
 0 0.63246
 0 0.632463
 0 0.632463
 0 0.632464
 0 0.632464
 0 0.632488
 0 0.632497
 0 0.632511
 0 0.632563
 0 0.632572
 0 0.632572
 0 0.632572
 0 0.632576
 0 0.632606
 0 0.632606
 0 0.632607
 0 0.632631
 0 0.632648
 0 0.632649
 0 0.632665
 0 0.632665
 0 0.632665
 0 0.632665
 0 0.632665
 0 0.632676
 0 0.632676
 0 0.632687
 0 0.632688
 0 0.632688
 0 0.632688
 0 0.632688
 0 0.632713
 0 0.632714
 0 0.632714
 0 0.632715
 0 0.632716
 0 0.632716
 0 0.632716
 0 0.632716
 0 0.632717
 0 0.632717
 0 0.632718
 0 0.632721
 0 0.632737
 0 0.632737
 0 0.63277
 0 0.632801
 0 0.632802
 0 0.632802
 0 0.632811
 0 0.632817
 0 0.632817
 0 0.632817
 0 0.63282
 0 0.63282
 0 0.632858
 0 0.632858
 0 0.632858
 0 0.632859
 0 0.632865
 0 0.632877
 0 0.632879
 0 0.632879
 0 0.632879
 0 0.632904
 0 0.632904
 0 0.632904
 0 0.632905
 0 0.632911
 0 0.632912
 0 0.632912
 0 0.632934
 0 0.632934
 0 0.632934
 0 0.632946
 0 0.632946
 0 0.632966
 0 0.632966
 0 0.632969
 0 0.632969
 0 0.632978
 0 0.632998
 0 0.632998
 0 0.633022
 0 0.633023
 0 0.633023
 0 0.633023
 0 0.633023
 0 0.633031
 0 0.633031
 0 0.633041
 0 0.633048
 0 0.633052
 0 0.633057
 0 0.633057
 0 0.633057
 0 0.633058
 0 0.633059
 0 0.633071
 0 0.633071
 0 0.633093
 0 0.633095
 0 0.633095
 0 0.6331
 0 0.633101
 0 0.633135
 0 0.633153
 0 0.633153
 0 0.633168
 0 0.633173
 0 0.633174
 0 0.633174
 0 0.633187
 0 0.633187
 0 0.633197
 0 0.633197
 0 0.633197
 0 0.633202
 0 0.633203
 0 0.633207
 0 0.63322
 0 0.633229
 0 0.633241
 0 0.633257
 0 0.633262
 0 0.633262
 0 0.633287
 0 0.633291
 0 0.633348
 0 0.633348
 0 0.633348
 0 0.633358
 0 0.633364
 0 0.633376
 0 0.633425
 0 0.633427
 0 0.633429
 0 0.63343
 0 0.633459
 0 0.633459
 0 0.633469
 0 0.633469
 0 0.633469
 0 0.633493
 0 0.633494
 0 0.633494
 0 0.633503
 0 0.633514
 0 0.633516
 0 0.63352
 0 0.63352
 0 0.633521
 0 0.633522
 0 0.633528
 0 0.633552
 0 0.633552
 0 0.633553
 0 0.633553
 0 0.633578
 0 0.633578
 0 0.633588
 0 0.633588
 0 0.6336
 0 0.6336
 0 0.633603
 0 0.633627
 0 0.633631
 0 0.633632
 0 0.633647
 0 0.633656
 0 0.633656
 0 0.633657
 0 0.633663
 0 0.63367
 0 0.63367
 0 0.633698
 0 0.633698
 0 0.633717
 0 0.633718
 0 0.633724
 0 0.633724
 0 0.633749
 0 0.63375
 0 0.63375
 0 0.63375
 0 0.633764
 0 0.633765
 0 0.633771
 0 0.633775
 0 0.633779
 0 0.633779
 0 0.633779
 0 0.633789
 0 0.633789
 0 0.633791
 0 0.633809
 0 0.633809
 0 0.63381
 0 0.63381
 0 0.633859
 0 0.63386
 0 0.633863
 0 0.633863
 0 0.63388
 0 0.633889
 0 0.633889
 0 0.6339
 0 0.6339
 0 0.63393
 0 0.63393
 0 0.633952
 0 0.633966
 0 0.633966
 0 0.633968
 0 0.633969
 0 0.633973
 0 0.633973
 0 0.633973
 0 0.634012
 0 0.634013
 0 0.634013
 0 0.634026
 0 0.634026
 0 0.634029
 0 0.634085
 0 0.634086
 0 0.634092
 0 0.634092
 0 0.634093
 0 0.634133
 0 0.634134
 0 0.634142
 0 0.634142
 0 0.634142
 0 0.634144
 0 0.634152
 0 0.634153
 0 0.634172
 0 0.634209
 0 0.634211
 0 0.634217
 0 0.634218
 0 0.634221
 0 0.634231
 0 0.634231
 0 0.634232
 0 0.634245
 0 0.634251
 0 0.634251
 0 0.634263
 0 0.634284
 0 0.634284
 0 0.634285
 0 0.634285
 0 0.634286
 0 0.634286
 0 0.634291
 0 0.634333
 0 0.634333
 0 0.634333
 0 0.634361
 0 0.634361
 0 0.634404
 0 0.634404
 0 0.634406
 0 0.634414
 0 0.634414
 0 0.634414
 0 0.634414
 0 0.634418
 0 0.634419
 0 0.634423
 0 0.634423
 0 0.634423
 0 0.634432
 0 0.634432
 0 0.634458
 0 0.634474
 0 0.634474
 0 0.634511
 0 0.63452
 0 0.634522
 0 0.634543
 0 0.634582
 0 0.634619
 0 0.634619
 0 0.634637
 0 0.634637
 0 0.634645
 0 0.634645
 0 0.634645
 0 0.634647
 0 0.63465
 0 0.634651
 0 0.634684
 0 0.634684
 0 0.634691
 0 0.634691
 0 0.634692
 0 0.634692
 0 0.634692
 0 0.634692
 0 0.634692
 0 0.634693
 0 0.63471
 0 0.63471
 0 0.634713
 0 0.634713
 0 0.634726
 0 0.634726
 0 0.634727
 0 0.634754
 0 0.634755
 0 0.634776
 0 0.634807
 0 0.634808
 0 0.634815
 0 0.634815
 0 0.634844
 0 0.634844
 0 0.634844
 0 0.634846
 0 0.634846
 0 0.634859
 0 0.634859
 0 0.634859
 0 0.634869
 0 0.634869
 0 0.634872
 0 0.634874
 0 0.634874
 0 0.634874
 0 0.63488
 0 0.63488
 0 0.634881
 0 0.634881
 0 0.634887
 0 0.634902
 0 0.634902
 0 0.634902
 0 0.634902
 0 0.634903
 0 0.634911
 0 0.634911
 0 0.634911
 0 0.634911
 0 0.634915
 0 0.634954
 0 0.634954
 0 0.634954
 0 0.635027
 0 0.635045
 0 0.635045
 0 0.635049
 0 0.635058
 0 0.635086
 0 0.635086
 0 0.635086
 0 0.635097
 0 0.635106
 0 0.635125
 0 0.635125
 0 0.635125
 0 0.635125
 0 0.635149
 0 0.635158
 0 0.635171
 0 0.635172
 0 0.635202
 0 0.635202
 0 0.635208
 0 0.635209
 0 0.635237
 0 0.635249
 0 0.63525
 0 0.635264
 0 0.635266
 0 0.635293
 0 0.635293
 0 0.635295
 0 0.635298
 0 0.635309
 0 0.635336
 0 0.635336
 0 0.635337
 0 0.635353
 0 0.635353
 0 0.635397
 0 0.635409
 0 0.635409
 0 0.63541
 0 0.63541
 0 0.635415
 0 0.635437
 0 0.635438
 0 0.635438
 0 0.635438
 0 0.63544
 0 0.63544
 0 0.63544
 0 0.63545
 0 0.63545
 0 0.635467
 0 0.635476
 0 0.635511
 0 0.635511
 0 0.635519
 0 0.635544
 0 0.635548
 0 0.635548
 0 0.635561
 0 0.635561
 0 0.635562
 0 0.635567
 0 0.635567
 0 0.635574
 0 0.635576
 0 0.635576
 0 0.635579
 0 0.635579
 0 0.635579
 0 0.635581
 0 0.635605
 0 0.635615
 0 0.635615
 0 0.635623
 0 0.635623
 0 0.635644
 0 0.635656
 0 0.635665
 0 0.635665
 0 0.635665
 0 0.635668
 0 0.635677
 0 0.635697
 0 0.635702
 0 0.635702
 0 0.635719
 0 0.635721
 0 0.635787
 0 0.635794
 0 0.635795
 0 0.635796
 0 0.635815
 0 0.635816
 0 0.635822
 0 0.635828
 0 0.635829
 0 0.635829
 0 0.635829
 0 0.635846
 0 0.635846
 0 0.635914
 0 0.635925
 0 0.635925
 0 0.635925
 0 0.635985
 0 0.635986
 0 0.635988
 0 0.636035
 0 0.636035
 0 0.636052
 0 0.636057
 0 0.636058
 0 0.636059
 0 0.636061
 0 0.636079
 0 0.636083
 0 0.636092
 0 0.636103
 0 0.636105
 0 0.636121
 0 0.636121
 0 0.636128
 0 0.636142
 0 0.636153
 0 0.636153
 0 0.636202
 0 0.636202
 0 0.636202
 0 0.636203
 0 0.636221
 0 0.636221
 0 0.636222
 0 0.636222
 0 0.636223
 0 0.636229
 0 0.636229
 0 0.636229
 0 0.636229
 0 0.636235
 0 0.636235
 0 0.636235
 0 0.63625
 0 0.636259
 0 0.636269
 0 0.636269
 0 0.636271
 0 0.636271
 0 0.636272
 0 0.636294
 0 0.636315
 0 0.636315
 0 0.636323
 0 0.636323
 0 0.636344
 0 0.636344
 0 0.636344
 0 0.636344
 0 0.636348
 0 0.636349
 0 0.636365
 0 0.636372
 0 0.636372
 0 0.636378
 0 0.636379
 0 0.636399
 0 0.636399
 0 0.636399
 0 0.636425
 0 0.636426
 0 0.636435
 0 0.636436
 0 0.636453
 0 0.636453
 0 0.636457
 0 0.636479
 0 0.63648
 0 0.63648
 0 0.636513
 0 0.636513
 0 0.636513
 0 0.636529
 0 0.63653
 0 0.63653
 0 0.636555
 0 0.636555
 0 0.636555
 0 0.636563
 0 0.636564
 0 0.636564
 0 0.636564
 0 0.636564
 0 0.636565
 0 0.636579
 0 0.636593
 0 0.636604
 0 0.636604
 0 0.636605
 0 0.636611
 0 0.636617
 0 0.636629
 0 0.636629
 0 0.636641
 0 0.636641
 0 0.636642
 0 0.636642
 0 0.636643
 0 0.636643
 0 0.636643
 0 0.636727
 0 0.636728
 0 0.636751
 0 0.636782
 0 0.6368
 0 0.636834
 0 0.636834
 0 0.636855
 0 0.636868
 0 0.636873
 0 0.636968
 0 0.63697
 0 0.63697
 0 0.636994
 0 0.637004
 0 0.637028
 0 0.637029
 0 0.637062
 0 0.637063
 0 0.637063
 0 0.637075
 0 0.637076
 0 0.637113
 0 0.637154
 0 0.637154
 0 0.637154
 0 0.637173
 0 0.637173
 0 0.637173
 0 0.63721
 0 0.637211
 0 0.637211
 0 0.637211
 0 0.63723
 0 0.63723
 0 0.637231
 0 0.63728
 0 0.637315
 0 0.637315
 0 0.637315
 0 0.637325
 0 0.637351
 0 0.637351
 0 0.637351
 0 0.637373
 0 0.63739
 0 0.63739
 0 0.63739
 0 0.63739
 0 0.637408
 0 0.637417
 0 0.637418
 0 0.63743
 0 0.637431
 0 0.637431
 0 0.637431
 0 0.637431
 0 0.637495
 0 0.637496
 0 0.637529
 0 0.637529
 0 0.637561
 0 0.637568
 0 0.637587
 0 0.637646
 0 0.637649
 0 0.637655
 0 0.63766
 0 0.637683
 0 0.637685
 0 0.637685
 0 0.637707
 0 0.637708
 0 0.637747
 0 0.637754
 0 0.637756
 0 0.637756
 0 0.637757
 0 0.637757
 0 0.637805
 0 0.637815
 0 0.637815
 0 0.637818
 0 0.637818
 0 0.63791
 0 0.63791
 0 0.637929
 0 0.63793
 0 0.637951
 0 0.637951
 0 0.638042
 0 0.638042
 0 0.638117
 0 0.638126
 0 0.638129
 0 0.638129
 0 0.638133
 0 0.638133
 0 0.638133
 0 0.63814
 0 0.638142
 0 0.638205
 0 0.638205
 0 0.638211
 0 0.638239
 0 0.638239
 0 0.638239
 0 0.638388
 0 0.638461
 0 0.638463
 0 0.638534
 0 0.638543
 0 0.638544
 0 0.638584
 0 0.638584
 0 0.638596
 0 0.638597
 0 0.638597
 0 0.638599
 0 0.638599
 0 0.638618
 0 0.638722
 0 0.638754
 0 0.638776
 0 0.638777
 0 0.638782
 0 0.638791
 0 0.638791
 0 0.638815
 0 0.638815
 0 0.638815
 0 0.638872
 0 0.638872
 0 0.638872
 0 0.63891
 0 0.638921
 0 0.638922
 0 0.638953
 0 0.638953
 0 0.638957
 0 0.638959
 0 0.639057
 0 0.639058
 0 0.639089
 0 0.639114
 0 0.639175
 0 0.639176
 0 0.639225
 0 0.639248
 0 0.639249
 0 0.639275
 0 0.639275
 0 0.639277
 0 0.639288
 0 0.63929
 0 0.639333
 0 0.639339
 0 0.639358
 0 0.639358
 0 0.639377
 0 0.639377
 0 0.639401
 0 0.639464
 0 0.639464
 0 0.639475
 0 0.639475
 0 0.639476
 0 0.639492
 0 0.639495
 0 0.639548
 0 0.639548
 0 0.639552
 0 0.639552
 0 0.639552
 0 0.639553
 0 0.639559
 0 0.639604
 0 0.639604
 0 0.639604
 0 0.639605
 0 0.639663
 0 0.639734
 0 0.639736
 0 0.639744
 0 0.639744
 0 0.639765
 0 0.639798
 0 0.639799
 0 0.639823
 0 0.639916
 0 0.639916
 0 0.639932
 0 0.639932
 0 0.639933
 0 0.639973
 0 0.639976
 0 0.640117
 0 0.640413
 0 0.640469
 0 0.640469
 0 0.640469
 0 0.640741
 0 0.640743
 0 0.640744
 0 0.640744
 0 0.640853
 0 0.640853
 0 0.641067
 0 0.641329
 0 0.641329
 0 0.641329
 0 0.641565
 0 0.641786
 0 0.641786
 0 0.641786
 0 0.641856
 0 0.641856
 0 0.642041
 0 0.642041
 0 0.642141
 0 0.642142
 0 0.642372
 0 0.642525
 0 0.642702
 0 0.642704
 0 0.642705
 0 0.64281
 0 0.643019
 0 0.643019
 0 0.643821
 0 0.643821
 0 0.643822
 0 0.644255
 0 0.645152
 0 0.645152
 0 0.645153
 0 0.645153
 0 0.645807
 0 0.779176
 0 0.910958
 0 0.911031
 0 0.911689
 0 0.912206
 0 0.912207
 0 0.994603
 0 0.994604
 0 0.994901
 0 0.994901
 0 0.994901
 0 0.995557
 0 inf
