 0 0.488277
 0 0.488277
 0 0.488517
 0 0.489143
 0 0.489143
 0 0.489143
 0 0.494459
 0 0.494527
 0 0.495037
 0 0.495371
 0 0.495371
 0 0.49544
 0 0.622388
 0 0.622649
 0 0.622649
 0 0.623138
 0 0.623199
 0 0.623199
 0 0.62336
 0 0.623398
 0 0.623602
 0 0.623604
 0 0.623718
 0 0.623718
 0 0.623718
 0 0.623718
 0 0.623826
 0 0.624498
 0 0.624498
 0 0.624681
 0 0.624699
 0 0.624699
 0 0.624754
 0 0.624754
 0 0.624901
 0 0.62524
 0 0.62524
 0 0.625449
 0 0.625462
 0 0.625509
 0 0.625509
 0 0.625509
 0 0.62551
 0 0.625523
 0 0.625557
 0 0.625628
 0 0.625647
 0 0.625647
 0 0.625649
 0 0.625663
 0 0.625671
 0 0.625705
 0 0.625777
 0 0.625777
 0 0.625915
 0 0.625952
 0 0.625952
 0 0.625972
 0 0.625992
 0 0.625992
 0 0.62608
 0 0.626094
 0 0.626094
 0 0.626094
 0 0.626094
 0 0.626214
 0 0.626215
 0 0.626267
 0 0.626267
 0 0.626449
 0 0.62645
 0 0.626497
 0 0.626536
 0 0.626536
 0 0.626536
 0 0.626576
 0 0.626627
 0 0.62663
 0 0.62663
 0 0.626631
 0 0.626649
 0 0.626649
 0 0.626651
 0 0.626662
 0 0.626662
 0 0.626715
 0 0.626736
 0 0.626899
 0 0.626899
 0 0.626899
 0 0.626899
 0 0.626921
 0 0.626922
 0 0.626923
 0 0.626937
 0 0.626938
 0 0.626994
 0 0.626998
 0 0.627025
 0 0.627025
 0 0.627034
 0 0.627053
 0 0.627134
 0 0.627143
 0 0.627143
 0 0.627264
 0 0.627264
 0 0.627282
 0 0.627332
 0 0.627332
 0 0.627333
 0 0.627398
 0 0.627399
 0 0.627399
 0 0.627448
 0 0.627578
 0 0.627587
 0 0.627598
 0 0.627622
 0 0.627622
 0 0.627624
 0 0.627626
 0 0.627752
 0 0.627752
 0 0.627752
 0 0.62779
 0 0.627791
 0 0.627827
 0 0.627827
 0 0.627827
 0 0.627901
 0 0.627902
 0 0.627944
 0 0.627944
 0 0.627968
 0 0.627983
 0 0.628177
 0 0.628182
 0 0.628183
 0 0.628195
 0 0.628199
 0 0.628204
 0 0.628205
 0 0.628215
 0 0.628221
 0 0.628221
 0 0.628223
 0 0.628255
 0 0.628322
 0 0.628322
 0 0.628322
 0 0.628358
 0 0.628363
 0 0.628364
 0 0.628364
 0 0.628386
 0 0.628437
 0 0.628504
 0 0.628527
 0 0.628527
 0 0.628539
 0 0.62854
 0 0.628571
 0 0.628609
 0 0.628609
 0 0.628615
 0 0.628615
 0 0.628652
 0 0.628652
 0 0.628656
 0 0.628658
 0 0.628659
 0 0.628663
 0 0.628665
 0 0.628698
 0 0.628721
 0 0.628721
 0 0.628722
 0 0.628785
 0 0.628791
 0 0.628791
 0 0.628797
 0 0.628804
 0 0.628901
 0 0.628901
 0 0.628924
 0 0.628925
 0 0.628936
 0 0.628937
 0 0.628938
 0 0.628938
 0 0.628976
 0 0.62901
 0 0.629011
 0 0.629023
 0 0.629063
 0 0.62911
 0 0.629111
 0 0.629111
 0 0.629112
 0 0.629127
 0 0.629127
 0 0.629149
 0 0.62915
 0 0.629153
 0 0.629153
 0 0.629153
 0 0.629159
 0 0.629159
 0 0.629159
 0 0.629184
 0 0.629186
 0 0.62922
 0 0.629224
 0 0.629224
 0 0.629225
 0 0.629285
 0 0.629287
 0 0.629287
 0 0.629288
 0 0.62929
 0 0.62929
 0 0.62929
 0 0.629303
 0 0.629303
 0 0.629303
 0 0.629344
 0 0.629353
 0 0.629363
 0 0.629364
 0 0.629364
 0 0.629365
 0 0.629365
 0 0.629366
 0 0.629377
 0 0.629385
 0 0.62939
 0 0.62939
 0 0.629392
 0 0.629392
 0 0.629426
 0 0.629478
 0 0.629478
 0 0.629478
 0 0.629505
 0 0.629505
 0 0.629528
 0 0.629586
 0 0.629619
 0 0.62962
 0 0.62962
 0 0.62962
 0 0.62965
 0 0.62965
 0 0.62966
 0 0.62966
 0 0.629674
 0 0.62969
 0 0.62969
 0 0.62969
 0 0.629744
 0 0.629744
 0 0.629766
 0 0.629766
 0 0.629789
 0 0.629789
 0 0.62979
 0 0.629807
 0 0.629807
 0 0.629807
 0 0.629808
 0 0.62984
 0 0.629843
 0 0.629846
 0 0.629846
 0 0.629867
 0 0.629868
 0 0.629868
 0 0.629883
 0 0.629884
 0 0.629902
 0 0.629902
 0 0.629902
 0 0.629973
 0 0.629973
 0 0.629978
 0 0.629991
 0 0.629992
 0 0.629993
 0 0.629993
 0 0.629993
 0 0.629993
 0 0.63
 0 0.630002
 0 0.630003
 0 0.630003
 0 0.630011
 0 0.630013
 0 0.630035
 0 0.630036
 0 0.630037
 0 0.630037
 0 0.630037
 0 0.630039
 0 0.630049
 0 0.630103
 0 0.630103
 0 0.630105
 0 0.630111
 0 0.630112
 0 0.63018
 0 0.630191
 0 0.630191
 0 0.630206
 0 0.630216
 0 0.630228
 0 0.630228
 0 0.630258
 0 0.630258
 0 0.630259
 0 0.63028
 0 0.630286
 0 0.6303
 0 0.630305
 0 0.63031
 0 0.63031
 0 0.630321
 0 0.63036
 0 0.63036
 0 0.63036
 0 0.63036
 0 0.630361
 0 0.630361
 0 0.630361
 0 0.630418
 0 0.630443
 0 0.630443
 0 0.630443
 0 0.630443
 0 0.630443
 0 0.630454
 0 0.630455
 0 0.630457
 0 0.630458
 0 0.630458
 0 0.630459
 0 0.630488
 0 0.6305
 0 0.630511
 0 0.630511
 0 0.630512
 0 0.630512
 0 0.630515
 0 0.630516
 0 0.630522
 0 0.630537
 0 0.630537
 0 0.630545
 0 0.630545
 0 0.630546
 0 0.630587
 0 0.630587
 0 0.630587
 0 0.630606
 0 0.63062
 0 0.63067
 0 0.63067
 0 0.63067
 0 0.63067
 0 0.63067
 0 0.630671
 0 0.630671
 0 0.630671
 0 0.630671
 0 0.630678
 0 0.630678
 0 0.630678
 0 0.630678
 0 0.630691
 0 0.630691
 0 0.630696
 0 0.630696
 0 0.630722
 0 0.630727
 0 0.630727
 0 0.630727
 0 0.630727
 0 0.630734
 0 0.630735
 0 0.630737
 0 0.630737
 0 0.630741
 0 0.63075
 0 0.6308
 0 0.630808
 0 0.63081
 0 0.630813
 0 0.630813
 0 0.630813
 0 0.630815
 0 0.630815
 0 0.630815
 0 0.630816
 0 0.630819
 0 0.630824
 0 0.630824
 0 0.630832
 0 0.630836
 0 0.630837
 0 0.630845
 0 0.630846
 0 0.630846
 0 0.630849
 0 0.630852
 0 0.630855
 0 0.630855
 0 0.630876
 0 0.630876
 0 0.630891
 0 0.630892
 0 0.630897
 0 0.630897
 0 0.630899
 0 0.630899
 0 0.6309
 0 0.630905
 0 0.630908
 0 0.630908
 0 0.630909
 0 0.630909
 0 0.630909
 0 0.630914
 0 0.630926
 0 0.630929
 0 0.630929
 0 0.630972
 0 0.630977
 0 0.630978
 0 0.630978
 0 0.630985
 0 0.631019
 0 0.63102
 0 0.631021
 0 0.631021
 0 0.631027
 0 0.631034
 0 0.631035
 0 0.631039
 0 0.631042
 0 0.631045
 0 0.631046
 0 0.631058
 0 0.631059
 0 0.631064
 0 0.631065
 0 0.631065
 0 0.631116
 0 0.631116
 0 0.631127
 0 0.631128
 0 0.631128
 0 0.631185
 0 0.631193
 0 0.631194
 0 0.6312
 0 0.631211
 0 0.631223
 0 0.631232
 0 0.631232
 0 0.631236
 0 0.631237
 0 0.631238
 0 0.631239
 0 0.631244
 0 0.631247
 0 0.631248
 0 0.631281
 0 0.631285
 0 0.631285
 0 0.631285
 0 0.631285
 0 0.631285
 0 0.631289
 0 0.631333
 0 0.631333
 0 0.631339
 0 0.631339
 0 0.631339
 0 0.631339
 0 0.63134
 0 0.631346
 0 0.631346
 0 0.631361
 0 0.631361
 0 0.631384
 0 0.631394
 0 0.631396
 0 0.631438
 0 0.631439
 0 0.631439
 0 0.63145
 0 0.63145
 0 0.63145
 0 0.631459
 0 0.631466
 0 0.631466
 0 0.631466
 0 0.631467
 0 0.631478
 0 0.631483
 0 0.631483
 0 0.631485
 0 0.631485
 0 0.631495
 0 0.6315
 0 0.6315
 0 0.631501
 0 0.631501
 0 0.631501
 0 0.631508
 0 0.631508
 0 0.631508
 0 0.63151
 0 0.631565
 0 0.631572
 0 0.63158
 0 0.631583
 0 0.631583
 0 0.631585
 0 0.631585
 0 0.631585
 0 0.631587
 0 0.631603
 0 0.631603
 0 0.631603
 0 0.631603
 0 0.631603
 0 0.631603
 0 0.631603
 0 0.631603
 0 0.63163
 0 0.631637
 0 0.63164
 0 0.631641
 0 0.631644
 0 0.631646
 0 0.631663
 0 0.631663
 0 0.631668
 0 0.631668
 0 0.631686
 0 0.631687
 0 0.631694
 0 0.6317
 0 0.631724
 0 0.63174
 0 0.63174
 0 0.631741
 0 0.631748
 0 0.631751
 0 0.631751
 0 0.631751
 0 0.631764
 0 0.631764
 0 0.631765
 0 0.631802
 0 0.631808
 0 0.631808
 0 0.631811
 0 0.631811
 0 0.631811
 0 0.631811
 0 0.631813
 0 0.631815
 0 0.631815
 0 0.631815
 0 0.631817
 0 0.631817
 0 0.631817
 0 0.631833
 0 0.631851
 0 0.631851
 0 0.631851
 0 0.631851
 0 0.631851
 0 0.631851
 0 0.631851
 0 0.631854
 0 0.631854
 0 0.631854
 0 0.631854
 0 0.631856
 0 0.631856
 0 0.631857
 0 0.631871
 0 0.631875
 0 0.631877
 0 0.631877
 0 0.631878
 0 0.631912
 0 0.631912
 0 0.631912
 0 0.631913
 0 0.631941
 0 0.63195
 0 0.63196
 0 0.63196
 0 0.631964
 0 0.631965
 0 0.631965
 0 0.631978
 0 0.631985
 0 0.631985
 0 0.631986
 0 0.631986
 0 0.631986
 0 0.631986
 0 0.632001
 0 0.632001
 0 0.632002
 0 0.632018
 0 0.63202
 0 0.63202
 0 0.63206
 0 0.63206
 0 0.632066
 0 0.632066
 0 0.632076
 0 0.632077
 0 0.632077
 0 0.632077
 0 0.632079
 0 0.632088
 0 0.632114
 0 0.632115
 0 0.632115
 0 0.632115
 0 0.63212
 0 0.63212
 0 0.632121
 0 0.632123
 0 0.632129
 0 0.63216
 0 0.632161
 0 0.632196
 0 0.632204
 0 0.632204
 0 0.632207
 0 0.632208
 0 0.632222
 0 0.632223
 0 0.632252
 0 0.632252
 0 0.632252
 0 0.632254
 0 0.632255
 0 0.632256
 0 0.632256
 0 0.632256
 0 0.632257
 0 0.632261
 0 0.632261
 0 0.632261
 0 0.632263
 0 0.632263
 0 0.632293
 0 0.632295
 0 0.632298
 0 0.632309
 0 0.632309
 0 0.632309
 0 0.632312
 0 0.63233
 0 0.63233
 0 0.632367
 0 0.632399
 0 0.632424
 0 0.632424
 0 0.632425
 0 0.632426
 0 0.632449
 0 0.632449
 0 0.632471
 0 0.632472
 0 0.632472
 0 0.632483
 0 0.632486
 0 0.632487
 0 0.632487
 0 0.632487
 0 0.632494
 0 0.632495
 0 0.632495
 0 0.632497
 0 0.632497
 0 0.63251
 0 0.63251
 0 0.632514
 0 0.632514
 0 0.632525
 0 0.632525
 0 0.632526
 0 0.632529
 0 0.632533
 0 0.632536
 0 0.632536
 0 0.63254
 0 0.632549
 0 0.632549
 0 0.632549
 0 0.632549
 0 0.632584
 0 0.632584
 0 0.632584
 0 0.632595
 0 0.632595
 0 0.632597
 0 0.632597
 0 0.632597
 0 0.632597
 0 0.632599
 0 0.632599
 0 0.6326
 0 0.632605
 0 0.63261
 0 0.63261
 0 0.632619
 0 0.632622
 0 0.632647
 0 0.632692
 0 0.632692
 0 0.632694
 0 0.632709
 0 0.632709
 0 0.63271
 0 0.63271
 0 0.63271
 0 0.632711
 0 0.632712
 0 0.632719
 0 0.632719
 0 0.632741
 0 0.632753
 0 0.632757
 0 0.632758
 0 0.632758
 0 0.632772
 0 0.632773
 0 0.632773
 0 0.632774
 0 0.632792
 0 0.632794
 0 0.632804
 0 0.632814
 0 0.63282
 0 0.63282
 0 0.632823
 0 0.632823
 0 0.632823
 0 0.632823
 0 0.632826
 0 0.632826
 0 0.632827
 0 0.632827
 0 0.632868
 0 0.632874
 0 0.632874
 0 0.632894
 0 0.632909
 0 0.632919
 0 0.632919
 0 0.632924
 0 0.632924
 0 0.632928
 0 0.632932
 0 0.632932
 0 0.632938
 0 0.63294
 0 0.632941
 0 0.632947
 0 0.632947
 0 0.632947
 0 0.632962
 0 0.632964
 0 0.632964
 0 0.632964
 0 0.632964
 0 0.632964
 0 0.632965
 0 0.632968
 0 0.632985
 0 0.632985
 0 0.632994
 0 0.632995
 0 0.632995
 0 0.633013
 0 0.633014
 0 0.63302
 0 0.633021
 0 0.633021
 0 0.633021
 0 0.633021
 0 0.633029
 0 0.633029
 0 0.633072
 0 0.633073
 0 0.633074
 0 0.63308
 0 0.633093
 0 0.633101
 0 0.633103
 0 0.63312
 0 0.633139
 0 0.633139
 0 0.633139
 0 0.633139
 0 0.633139
 0 0.633142
 0 0.633142
 0 0.633143
 0 0.633146
 0 0.633147
 0 0.633147
 0 0.633149
 0 0.633198
 0 0.633199
 0 0.633199
 0 0.633205
 0 0.633205
 0 0.633205
 0 0.633208
 0 0.633208
 0 0.63321
 0 0.633253
 0 0.633258
 0 0.633259
 0 0.633263
 0 0.633272
 0 0.633288
 0 0.633288
 0 0.633299
 0 0.633341
 0 0.633341
 0 0.633342
 0 0.633348
 0 0.633348
 0 0.633348
 0 0.633392
 0 0.633394
 0 0.633394
 0 0.633419
 0 0.633421
 0 0.633435
 0 0.633436
 0 0.633436
 0 0.633445
 0 0.633445
 0 0.633445
 0 0.633445
 0 0.633446
 0 0.633446
 0 0.633449
 0 0.63345
 0 0.633451
 0 0.633451
 0 0.633451
 0 0.633478
 0 0.633484
 0 0.633484
 0 0.633484
 0 0.633485
 0 0.633487
 0 0.633487
 0 0.633495
 0 0.633502
 0 0.633504
 0 0.633524
 0 0.633525
 0 0.633535
 0 0.633549
 0 0.63355
 0 0.63355
 0 0.633553
 0 0.633554
 0 0.633556
 0 0.633557
 0 0.633569
 0 0.633579
 0 0.633579
 0 0.633581
 0 0.633581
 0 0.633583
 0 0.633673
 0 0.633673
 0 0.633673
 0 0.633674
 0 0.63368
 0 0.633691
 0 0.633691
 0 0.633692
 0 0.63371
 0 0.633711
 0 0.633722
 0 0.633723
 0 0.633724
 0 0.633764
 0 0.633764
 0 0.63377
 0 0.633784
 0 0.633793
 0 0.633799
 0 0.633799
 0 0.6338
 0 0.6338
 0 0.6338
 0 0.633802
 0 0.633802
 0 0.633802
 0 0.633803
 0 0.633803
 0 0.633804
 0 0.633814
 0 0.633821
 0 0.633826
 0 0.633826
 0 0.633826
 0 0.633828
 0 0.633828
 0 0.633867
 0 0.633872
 0 0.633874
 0 0.633878
 0 0.633878
 0 0.633891
 0 0.633915
 0 0.633917
 0 0.633932
 0 0.633932
 0 0.633934
 0 0.633949
 0 0.63395
 0 0.63395
 0 0.63395
 0 0.633952
 0 0.633966
 0 0.633967
 0 0.633969
 0 0.633989
 0 0.633989
 0 0.633994
 0 0.633995
 0 0.633995
 0 0.634002
 0 0.63401
 0 0.63403
 0 0.634031
 0 0.634033
 0 0.634035
 0 0.634035
 0 0.634043
 0 0.634044
 0 0.634044
 0 0.634048
 0 0.634055
 0 0.634056
 0 0.634057
 0 0.634058
 0 0.634067
 0 0.634068
 0 0.634068
 0 0.634068
 0 0.634095
 0 0.634115
 0 0.634125
 0 0.634126
 0 0.634172
 0 0.634172
 0 0.634176
 0 0.634176
 0 0.634177
 0 0.634177
 0 0.634177
 0 0.634201
 0 0.634201
 0 0.634201
 0 0.634222
 0 0.63423
 0 0.63423
 0 0.634232
 0 0.634246
 0 0.634247
 0 0.634322
 0 0.634327
 0 0.634353
 0 0.634353
 0 0.634353
 0 0.634381
 0 0.634383
 0 0.634389
 0 0.634392
 0 0.634392
 0 0.634392
 0 0.634396
 0 0.634409
 0 0.63441
 0 0.634429
 0 0.634459
 0 0.634459
 0 0.63446
 0 0.63446
 0 0.63448
 0 0.634522
 0 0.634522
 0 0.634522
 0 0.634522
 0 0.634554
 0 0.634556
 0 0.634556
 0 0.634559
 0 0.634562
 0 0.634563
 0 0.634563
 0 0.634571
 0 0.634571
 0 0.634571
 0 0.634572
 0 0.634572
 0 0.634596
 0 0.634597
 0 0.634597
 0 0.634597
 0 0.634597
 0 0.634638
 0 0.634639
 0 0.634656
 0 0.634657
 0 0.634657
 0 0.634657
 0 0.63466
 0 0.634664
 0 0.634664
 0 0.634676
 0 0.634676
 0 0.634681
 0 0.634681
 0 0.634682
 0 0.634704
 0 0.634707
 0 0.634709
 0 0.63471
 0 0.63471
 0 0.634743
 0 0.634745
 0 0.634762
 0 0.634763
 0 0.634764
 0 0.634764
 0 0.634764
 0 0.634781
 0 0.634782
 0 0.634782
 0 0.634795
 0 0.634795
 0 0.634808
 0 0.634823
 0 0.634824
 0 0.634831
 0 0.634831
 0 0.634852
 0 0.634852
 0 0.634852
 0 0.634861
 0 0.634861
 0 0.634862
 0 0.63488
 0 0.634881
 0 0.634894
 0 0.634897
 0 0.634897
 0 0.634921
 0 0.634921
 0 0.634921
 0 0.634921
 0 0.634923
 0 0.634931
 0 0.634931
 0 0.634941
 0 0.634941
 0 0.634944
 0 0.634944
 0 0.635
 0 0.635019
 0 0.635019
 0 0.635037
 0 0.635038
 0 0.635038
 0 0.635038
 0 0.63504
 0 0.635047
 0 0.635054
 0 0.635055
 0 0.635087
 0 0.635088
 0 0.635088
 0 0.635123
 0 0.635133
 0 0.635135
 0 0.635135
 0 0.635136
 0 0.635139
 0 0.635159
 0 0.635159
 0 0.635213
 0 0.635225
 0 0.635227
 0 0.635228
 0 0.635228
 0 0.635228
 0 0.63523
 0 0.63525
 0 0.635256
 0 0.635258
 0 0.635258
 0 0.635259
 0 0.635268
 0 0.635268
 0 0.635268
 0 0.63528
 0 0.63528
 0 0.635295
 0 0.635297
 0 0.635303
 0 0.635304
 0 0.635304
 0 0.635307
 0 0.635309
 0 0.635309
 0 0.635327
 0 0.635334
 0 0.635349
 0 0.635349
 0 0.635349
 0 0.635349
 0 0.635349
 0 0.635349
 0 0.63535
 0 0.63535
 0 0.635351
 0 0.635351
 0 0.635378
 0 0.63538
 0 0.635381
 0 0.635381
 0 0.635382
 0 0.635398
 0 0.635398
 0 0.635398
 0 0.635399
 0 0.635401
 0 0.635416
 0 0.635449
 0 0.635468
 0 0.63549
 0 0.635491
 0 0.635499
 0 0.6355
 0 0.63553
 0 0.635544
 0 0.635544
 0 0.635545
 0 0.635545
 0 0.635545
 0 0.635545
 0 0.635565
 0 0.635565
 0 0.635596
 0 0.635624
 0 0.635625
 0 0.635625
 0 0.635642
 0 0.635643
 0 0.635644
 0 0.635644
 0 0.635648
 0 0.635649
 0 0.635662
 0 0.635662
 0 0.635663
 0 0.635681
 0 0.635696
 0 0.635696
 0 0.635708
 0 0.63575
 0 0.635751
 0 0.635768
 0 0.635769
 0 0.63577
 0 0.6358
 0 0.635815
 0 0.635815
 0 0.635815
 0 0.635826
 0 0.635837
 0 0.635856
 0 0.635856
 0 0.635858
 0 0.635858
 0 0.635864
 0 0.635864
 0 0.635875
 0 0.635875
 0 0.635875
 0 0.635875
 0 0.635878
 0 0.635878
 0 0.635884
 0 0.635884
 0 0.635884
 0 0.635897
 0 0.635898
 0 0.635898
 0 0.635898
 0 0.6359
 0 0.6359
 0 0.635915
 0 0.635918
 0 0.63592
 0 0.635931
 0 0.635931
 0 0.635931
 0 0.635938
 0 0.635941
 0 0.635942
 0 0.635943
 0 0.635943
 0 0.635954
 0 0.635954
 0 0.635978
 0 0.635978
 0 0.635979
 0 0.635979
 0 0.635979
 0 0.63598
 0 0.636001
 0 0.636027
 0 0.636028
 0 0.636038
 0 0.636082
 0 0.636082
 0 0.636083
 0 0.636087
 0 0.636105
 0 0.636105
 0 0.636106
 0 0.636116
 0 0.636117
 0 0.636136
 0 0.636136
 0 0.636148
 0 0.636148
 0 0.636149
 0 0.636168
 0 0.636168
 0 0.636169
 0 0.636172
 0 0.636176
 0 0.636177
 0 0.636177
 0 0.636178
 0 0.636221
 0 0.636221
 0 0.636222
 0 0.636222
 0 0.636224
 0 0.636224
 0 0.63628
 0 0.63628
 0 0.636285
 0 0.636286
 0 0.636286
 0 0.636294
 0 0.636294
 0 0.636294
 0 0.6363
 0 0.636306
 0 0.636306
 0 0.636306
 0 0.636311
 0 0.636328
 0 0.636329
 0 0.636367
 0 0.636369
 0 0.6364
 0 0.6364
 0 0.636401
 0 0.636405
 0 0.636417
 0 0.636419
 0 0.636419
 0 0.636438
 0 0.636438
 0 0.636438
 0 0.636454
 0 0.636466
 0 0.636473
 0 0.636473
 0 0.636473
 0 0.636504
 0 0.636504
 0 0.636517
 0 0.636524
 0 0.636524
 0 0.636524
 0 0.636555
 0 0.636555
 0 0.636573
 0 0.636575
 0 0.636577
 0 0.636592
 0 0.636612
 0 0.636624
 0 0.636649
 0 0.63665
 0 0.636655
 0 0.636664
 0 0.636665
 0 0.636695
 0 0.6367
 0 0.6367
 0 0.636701
 0 0.636709
 0 0.63671
 0 0.636725
 0 0.636725
 0 0.636753
 0 0.636758
 0 0.636758
 0 0.636794
 0 0.636794
 0 0.636797
 0 0.636818
 0 0.636844
 0 0.636857
 0 0.636857
 0 0.636857
 0 0.636858
 0 0.636858
 0 0.636865
 0 0.636871
 0 0.636872
 0 0.636902
 0 0.636906
 0 0.636906
 0 0.636906
 0 0.636908
 0 0.636949
 0 0.636949
 0 0.63695
 0 0.63695
 0 0.63695
 0 0.636982
 0 0.636982
 0 0.637016
 0 0.637057
 0 0.637102
 0 0.637102
 0 0.637107
 0 0.637138
 0 0.637157
 0 0.637157
 0 0.637157
 0 0.637191
 0 0.637214
 0 0.63723
 0 0.637252
 0 0.637255
 0 0.63726
 0 0.63726
 0 0.637265
 0 0.637267
 0 0.637267
 0 0.637268
 0 0.637339
 0 0.637341
 0 0.637436
 0 0.637447
 0 0.637464
 0 0.63747
 0 0.63747
 0 0.637473
 0 0.63754
 0 0.637553
 0 0.637554
 0 0.637554
 0 0.637555
 0 0.637559
 0 0.637587
 0 0.637642
 0 0.637642
 0 0.637666
 0 0.637668
 0 0.637681
 0 0.637687
 0 0.637693
 0 0.637698
 0 0.637699
 0 0.637707
 0 0.637707
 0 0.637712
 0 0.637723
 0 0.637723
 0 0.637723
 0 0.637725
 0 0.637725
 0 0.637728
 0 0.637761
 0 0.637761
 0 0.637786
 0 0.63781
 0 0.63781
 0 0.637825
 0 0.637825
 0 0.637826
 0 0.637828
 0 0.637828
 0 0.637829
 0 0.637848
 0 0.637983
 0 0.637983
 0 0.638017
 0 0.638017
 0 0.638038
 0 0.638038
 0 0.638041
 0 0.638041
 0 0.638041
 0 0.638057
 0 0.638057
 0 0.638152
 0 0.638152
 0 0.638152
 0 0.638265
 0 0.638278
 0 0.63828
 0 0.638386
 0 0.638387
 0 0.638387
 0 0.638414
 0 0.638414
 0 0.638467
 0 0.638467
 0 0.638467
 0 0.638467
 0 0.638502
 0 0.638562
 0 0.638565
 0 0.638645
 0 0.638645
 0 0.638652
 0 0.638658
 0 0.638658
 0 0.638658
 0 0.63866
 0 0.638662
 0 0.638662
 0 0.638662
 0 0.638662
 0 0.638668
 0 0.638668
 0 0.638668
 0 0.638668
 0 0.63867
 0 0.638764
 0 0.638764
 0 0.638765
 0 0.638765
 0 0.638784
 0 0.638784
 0 0.638867
 0 0.638875
 0 0.638928
 0 0.638959
 0 0.638959
 0 0.639038
 0 0.63916
 0 0.639182
 0 0.63928
 0 0.639401
 0 0.639401
 0 0.639403
 0 0.63941
 0 0.639602
 0 0.639668
 0 0.639722
 0 0.639724
 0 0.639795
 0 0.639797
 0 0.63985
 0 0.639889
 0 0.640021
 0 0.640021
 0 0.640033
 0 0.640052
 0 0.640052
 0 0.640052
 0 0.640053
 0 0.640141
 0 0.640141
 0 0.640146
 0 0.640157
 0 0.640158
 0 0.640158
 0 0.64016
 0 0.64016
 0 0.640254
 0 0.640272
 0 0.640273
 0 0.640293
 0 0.640568
 0 0.640579
 0 0.640632
 0 0.640675
 0 0.640675
 0 0.640675
 0 0.640676
 0 0.64072
 0 0.64104
 0 0.64135
 0 0.641641
 0 0.641641
 0 0.642054
 0 0.642347
 0 0.642347
 0 0.642347
 0 0.642348
 0 0.642348
 0 0.642398
 0 0.64258
 0 0.642899
 0 0.643009
 0 0.643422
 0 0.643422
 0 inf
