 8.93139 9.46499
 8.78091 9.25576
 8.70429 8.72538
 8.49436 8.8349
 8.44876 8.56863
 8.38338 8.47384
 7.8132 8.01919
 7.71509 8.37571
 7.40056 8.05901
 7.33171 8.59406
 7.32726 7.34493
 7.19531 7.20161
 7.13042 7.28168
 6.84955 7.00233
 6.51323 6.97695
 6.45578 6.84464
 6.41981 7.12237
 6.38039 7.25561
 6.34939 7.20762
 6.12532 6.62109
 6.11905 7.39839
 6.08538 7.65291
 5.93989 8.7029
 5.87878 6.12146
 5.53536 6.65057
 5.41987 5.6978
 5.34987 5.35542
 5.25559 5.53096
 5.20527 5.2258
 5.17798 5.84054
 5.16485 5.46848
 5.1139 5.12072
 5.08152 5.09878
 5.06959 5.09738
 5.04227 5.11251
 4.97151 4.97443
 4.96213 4.96565
 4.94669 4.9536
 4.94431 4.95702
 4.93389 5.06653
 4.91202 4.91613
 4.90801 4.91907
 4.88001 4.88631
 4.87748 4.89246
 4.85579 4.87454
 4.85565 4.86096
 4.85148 5.59058
 4.84323 4.86612
 4.83976 5.18654
 4.83834 5.13056
 4.82603 4.84255
 4.82422 4.83249
 4.82234 4.82687
 4.80671 4.98926
 4.80142 4.81972
 4.79981 4.81913
 4.7931 4.81906
 4.78702 4.83347
 4.7855 4.80428
 4.78193 4.85579
 4.77959 5.03615
 4.77488 4.78554
 4.77331 4.7798
 4.76301 4.77496
 4.75548 4.75992
 4.75512 4.76738
 4.74869 4.7681
 4.74097 4.75101
 4.73787 4.75475
 4.73476 4.73628
 4.71986 4.74374
 4.70921 4.74771
 4.70664 4.71889
 4.69765 4.7007
 4.69381 4.9132
 4.68814 4.85679
 4.68249 5.25463
 4.67088 4.6882
 4.64939 4.677
 4.64676 4.64913
 4.63956 4.65087
 4.62994 4.63478
 4.62901 4.64311
 4.61556 4.67006
 4.61236 4.61552
 4.61008 4.63358
 4.60636 5.91872
 4.60517 4.81435
 4.59724 4.60571
 4.58787 4.59338
 4.58706 4.59763
 4.58542 4.59138
 4.58101 4.86611
 4.5474 4.57279
 4.54309 4.55562
 4.54207 4.56931
 4.52937 5.00151
 4.52472 4.83719
 4.50116 4.50535
 4.49981 4.74099
 4.49541 4.50606
 4.49255 5.05521
 4.48545 4.8758
 4.48542 4.90891
 4.48279 4.50902
 4.48054 5.97326
 4.48038 4.51359
 4.45148 5.13354
 4.44189 4.44674
 4.43295 4.43846
 4.4247 8.17179
 4.42254 7.60936
 4.42171 4.43326
 4.41709 8.65952
 4.39433 5.18632
 4.39325 6.20563
 4.38493 4.92454
 4.38201 4.49451
 4.3759 7.47838
 4.36308 4.9763
 4.33503 5.23129
 4.32065 5.10967
 4.29883 5.23249
 4.2648 6.08434
 4.2515 6.64019
 4.23454 5.07685
 4.23319 4.32352
 4.21984 4.22602
 4.18471 7.04517
 4.17747 5.28117
 4.17232 5.18304
 4.16425 4.29613
 4.15549 4.95284
 4.12408 4.12754
 4.11474 7.39151
 4.10608 4.1104
 4.09745 9.34061
 4.08893 6.07143
 4.08578 4.0999
 4.08413 4.33281
 4.07997 5.39158
 4.07696 4.2538
 4.05524 4.92695
 4.02595 5.89007
 3.96805 3.97889
 3.96435 8.03228
 3.85054 4.59843
 3.7942 7.30079
 3.71611 8.59964
 3.24482 5.42624
