 0 0.485832
 0 0.486496
 0 0.486699
 0 0.486699
 0 0.486699
 0 0.4867
 0 0.491896
 0 0.492294
 0 0.492295
 0 0.493187
 0 0.493188
 0 0.49321
 0 0.623875
 0 0.624395
 0 0.624395
 0 0.624395
 0 0.624395
 0 0.624396
 0 0.625398
 0 0.625437
 0 0.625437
 0 0.626374
 0 0.626374
 0 0.626382
 0 0.62642
 0 0.626518
 0 0.626518
 0 0.626554
 0 0.62656
 0 0.626572
 0 0.626572
 0 0.626572
 0 0.626598
 0 0.626598
 0 0.626888
 0 0.627092
 0 0.627093
 0 0.627093
 0 0.627097
 0 0.627103
 0 0.627208
 0 0.627208
 0 0.627241
 0 0.627241
 0 0.627242
 0 0.627242
 0 0.627251
 0 0.627251
 0 0.627252
 0 0.62729
 0 0.62729
 0 0.627293
 0 0.62738
 0 0.62738
 0 0.627419
 0 0.627437
 0 0.627437
 0 0.627437
 0 0.627547
 0 0.627594
 0 0.627603
 0 0.627603
 0 0.627604
 0 0.627609
 0 0.627699
 0 0.627706
 0 0.627772
 0 0.62785
 0 0.627856
 0 0.627856
 0 0.627856
 0 0.627856
 0 0.627856
 0 0.627896
 0 0.627896
 0 0.627896
 0 0.627896
 0 0.627897
 0 0.627897
 0 0.627897
 0 0.627952
 0 0.627985
 0 0.627985
 0 0.627986
 0 0.627986
 0 0.627986
 0 0.627996
 0 0.627996
 0 0.628005
 0 0.628039
 0 0.628039
 0 0.628041
 0 0.628047
 0 0.628047
 0 0.628047
 0 0.628062
 0 0.628062
 0 0.628062
 0 0.628067
 0 0.628067
 0 0.628068
 0 0.628068
 0 0.628085
 0 0.628228
 0 0.628309
 0 0.628362
 0 0.628399
 0 0.628399
 0 0.628447
 0 0.628447
 0 0.628447
 0 0.628478
 0 0.628479
 0 0.628537
 0 0.628568
 0 0.628671
 0 0.628692
 0 0.628703
 0 0.628714
 0 0.628739
 0 0.62874
 0 0.62874
 0 0.628766
 0 0.628766
 0 0.628766
 0 0.628768
 0 0.628768
 0 0.628799
 0 0.628867
 0 0.628868
 0 0.628882
 0 0.628882
 0 0.628899
 0 0.628944
 0 0.628984
 0 0.629006
 0 0.629007
 0 0.629035
 0 0.629046
 0 0.629046
 0 0.629046
 0 0.629047
 0 0.629083
 0 0.629102
 0 0.629141
 0 0.629142
 0 0.629147
 0 0.629147
 0 0.629237
 0 0.629238
 0 0.62926
 0 0.629302
 0 0.629302
 0 0.629314
 0 0.629315
 0 0.629315
 0 0.629338
 0 0.629349
 0 0.62935
 0 0.62935
 0 0.629378
 0 0.629378
 0 0.629401
 0 0.629401
 0 0.629402
 0 0.629407
 0 0.629407
 0 0.629414
 0 0.629414
 0 0.629417
 0 0.629417
 0 0.629427
 0 0.629427
 0 0.629429
 0 0.629439
 0 0.629439
 0 0.629439
 0 0.62944
 0 0.629451
 0 0.629451
 0 0.629491
 0 0.629492
 0 0.629508
 0 0.629524
 0 0.629524
 0 0.629547
 0 0.629547
 0 0.629547
 0 0.629585
 0 0.629585
 0 0.629585
 0 0.629592
 0 0.629593
 0 0.629642
 0 0.629642
 0 0.629681
 0 0.629681
 0 0.629681
 0 0.629701
 0 0.629701
 0 0.629702
 0 0.629706
 0 0.629707
 0 0.629707
 0 0.629707
 0 0.629743
 0 0.629744
 0 0.629744
 0 0.629759
 0 0.629778
 0 0.629779
 0 0.629789
 0 0.6298
 0 0.6298
 0 0.629801
 0 0.629817
 0 0.629817
 0 0.629817
 0 0.629897
 0 0.629898
 0 0.629904
 0 0.62994
 0 0.629954
 0 0.629995
 0 0.629995
 0 0.630001
 0 0.630018
 0 0.630033
 0 0.630042
 0 0.630044
 0 0.63008
 0 0.6301
 0 0.630128
 0 0.630185
 0 0.630185
 0 0.630207
 0 0.630266
 0 0.63027
 0 0.630271
 0 0.630271
 0 0.630274
 0 0.630277
 0 0.630278
 0 0.630278
 0 0.630281
 0 0.630293
 0 0.630328
 0 0.630338
 0 0.630338
 0 0.630338
 0 0.630384
 0 0.630385
 0 0.630386
 0 0.630436
 0 0.630436
 0 0.630436
 0 0.630465
 0 0.630483
 0 0.630484
 0 0.630492
 0 0.630492
 0 0.630493
 0 0.630493
 0 0.630495
 0 0.630496
 0 0.630496
 0 0.630496
 0 0.630502
 0 0.630518
 0 0.630519
 0 0.630586
 0 0.630586
 0 0.630603
 0 0.630604
 0 0.630611
 0 0.630613
 0 0.630613
 0 0.630673
 0 0.630697
 0 0.630724
 0 0.630724
 0 0.630741
 0 0.630741
 0 0.630744
 0 0.630754
 0 0.630757
 0 0.630769
 0 0.630769
 0 0.630794
 0 0.630795
 0 0.630797
 0 0.630798
 0 0.630827
 0 0.630847
 0 0.630847
 0 0.63087
 0 0.630877
 0 0.630913
 0 0.630913
 0 0.630914
 0 0.630914
 0 0.630914
 0 0.630915
 0 0.630925
 0 0.630925
 0 0.630944
 0 0.630951
 0 0.63096
 0 0.63096
 0 0.630965
 0 0.630995
 0 0.631004
 0 0.631004
 0 0.631008
 0 0.63102
 0 0.63102
 0 0.631022
 0 0.631042
 0 0.631042
 0 0.631071
 0 0.631092
 0 0.63113
 0 0.631164
 0 0.631173
 0 0.631182
 0 0.631182
 0 0.631182
 0 0.631216
 0 0.631216
 0 0.631237
 0 0.631268
 0 0.631269
 0 0.631269
 0 0.63127
 0 0.631324
 0 0.631327
 0 0.631349
 0 0.631393
 0 0.631393
 0 0.631406
 0 0.631421
 0 0.631422
 0 0.631422
 0 0.631422
 0 0.631422
 0 0.631425
 0 0.631425
 0 0.631425
 0 0.63143
 0 0.631431
 0 0.631432
 0 0.631438
 0 0.631438
 0 0.631475
 0 0.631485
 0 0.631579
 0 0.631579
 0 0.631579
 0 0.631589
 0 0.631589
 0 0.631603
 0 0.631605
 0 0.631625
 0 0.631636
 0 0.631636
 0 0.631637
 0 0.631638
 0 0.631638
 0 0.63164
 0 0.63164
 0 0.631659
 0 0.631663
 0 0.631663
 0 0.631673
 0 0.631673
 0 0.631673
 0 0.631685
 0 0.631685
 0 0.631685
 0 0.631685
 0 0.631685
 0 0.631686
 0 0.631686
 0 0.631686
 0 0.631689
 0 0.631689
 0 0.63169
 0 0.63169
 0 0.63169
 0 0.631691
 0 0.631691
 0 0.63171
 0 0.63171
 0 0.63171
 0 0.631716
 0 0.631716
 0 0.631727
 0 0.631728
 0 0.631732
 0 0.631732
 0 0.631733
 0 0.631735
 0 0.631747
 0 0.631747
 0 0.631747
 0 0.631748
 0 0.631748
 0 0.631764
 0 0.631764
 0 0.631768
 0 0.631806
 0 0.631808
 0 0.631825
 0 0.631826
 0 0.631841
 0 0.631842
 0 0.631854
 0 0.631854
 0 0.631861
 0 0.631861
 0 0.631874
 0 0.631887
 0 0.631888
 0 0.631888
 0 0.63189
 0 0.631908
 0 0.631917
 0 0.631918
 0 0.631918
 0 0.631937
 0 0.631939
 0 0.631939
 0 0.63194
 0 0.63195
 0 0.63195
 0 0.63195
 0 0.631956
 0 0.631978
 0 0.631978
 0 0.632031
 0 0.632031
 0 0.632031
 0 0.632033
 0 0.632034
 0 0.632034
 0 0.632034
 0 0.632036
 0 0.632036
 0 0.632036
 0 0.632036
 0 0.632066
 0 0.632068
 0 0.632068
 0 0.632069
 0 0.632144
 0 0.632144
 0 0.63216
 0 0.63216
 0 0.63216
 0 0.632162
 0 0.632168
 0 0.632168
 0 0.632179
 0 0.632181
 0 0.632181
 0 0.632186
 0 0.632188
 0 0.632207
 0 0.632217
 0 0.632225
 0 0.632241
 0 0.632241
 0 0.632242
 0 0.632251
 0 0.632251
 0 0.632251
 0 0.632258
 0 0.632259
 0 0.63226
 0 0.63226
 0 0.632264
 0 0.632264
 0 0.63228
 0 0.632286
 0 0.632291
 0 0.63231
 0 0.63231
 0 0.632318
 0 0.632321
 0 0.632321
 0 0.632321
 0 0.632371
 0 0.632374
 0 0.632374
 0 0.632375
 0 0.632376
 0 0.632376
 0 0.63238
 0 0.632391
 0 0.632431
 0 0.632431
 0 0.632438
 0 0.632453
 0 0.632455
 0 0.632456
 0 0.632456
 0 0.63246
 0 0.632461
 0 0.632461
 0 0.632464
 0 0.632464
 0 0.632501
 0 0.632501
 0 0.632527
 0 0.632548
 0 0.632548
 0 0.632571
 0 0.632572
 0 0.632572
 0 0.632574
 0 0.632579
 0 0.632598
 0 0.632598
 0 0.632636
 0 0.632636
 0 0.632636
 0 0.632641
 0 0.632646
 0 0.632681
 0 0.632681
 0 0.632682
 0 0.632682
 0 0.632695
 0 0.632695
 0 0.632701
 0 0.632702
 0 0.632704
 0 0.632704
 0 0.632704
 0 0.632705
 0 0.632705
 0 0.632712
 0 0.632713
 0 0.632716
 0 0.632716
 0 0.632717
 0 0.632731
 0 0.632741
 0 0.632741
 0 0.632744
 0 0.632756
 0 0.632757
 0 0.632763
 0 0.632797
 0 0.632797
 0 0.632805
 0 0.632806
 0 0.632806
 0 0.632808
 0 0.632836
 0 0.632837
 0 0.632851
 0 0.632864
 0 0.632894
 0 0.632908
 0 0.632908
 0 0.632912
 0 0.632912
 0 0.632913
 0 0.632913
 0 0.632927
 0 0.632942
 0 0.632943
 0 0.632943
 0 0.632944
 0 0.63297
 0 0.632976
 0 0.632976
 0 0.632981
 0 0.632984
 0 0.633007
 0 0.633029
 0 0.633029
 0 0.633029
 0 0.633046
 0 0.633049
 0 0.633068
 0 0.633069
 0 0.633069
 0 0.633103
 0 0.633103
 0 0.633108
 0 0.633127
 0 0.633128
 0 0.633128
 0 0.63313
 0 0.633131
 0 0.633131
 0 0.633131
 0 0.633141
 0 0.633142
 0 0.633142
 0 0.633158
 0 0.633159
 0 0.633159
 0 0.633174
 0 0.633175
 0 0.633179
 0 0.633184
 0 0.633203
 0 0.633203
 0 0.633203
 0 0.633203
 0 0.633203
 0 0.633204
 0 0.633259
 0 0.633259
 0 0.633309
 0 0.633309
 0 0.63332
 0 0.63332
 0 0.633338
 0 0.633342
 0 0.633342
 0 0.633342
 0 0.633342
 0 0.633348
 0 0.633349
 0 0.633349
 0 0.633349
 0 0.633349
 0 0.633356
 0 0.633356
 0 0.633379
 0 0.633379
 0 0.63338
 0 0.63338
 0 0.633399
 0 0.633399
 0 0.633412
 0 0.633412
 0 0.633412
 0 0.633412
 0 0.633442
 0 0.633455
 0 0.633457
 0 0.633457
 0 0.633457
 0 0.63349
 0 0.633504
 0 0.633505
 0 0.633505
 0 0.633515
 0 0.633515
 0 0.633519
 0 0.633525
 0 0.633525
 0 0.633536
 0 0.633537
 0 0.633538
 0 0.633552
 0 0.633554
 0 0.633557
 0 0.633561
 0 0.633563
 0 0.63357
 0 0.63357
 0 0.63357
 0 0.633575
 0 0.633584
 0 0.633605
 0 0.633616
 0 0.633622
 0 0.633625
 0 0.633626
 0 0.633633
 0 0.633633
 0 0.633653
 0 0.633654
 0 0.63366
 0 0.63366
 0 0.63366
 0 0.633661
 0 0.633662
 0 0.633663
 0 0.633666
 0 0.633682
 0 0.633682
 0 0.633682
 0 0.633683
 0 0.633688
 0 0.633692
 0 0.633692
 0 0.633692
 0 0.633699
 0 0.63371
 0 0.63371
 0 0.63371
 0 0.63371
 0 0.63371
 0 0.633714
 0 0.633735
 0 0.633736
 0 0.63379
 0 0.63379
 0 0.63379
 0 0.633798
 0 0.63381
 0 0.63381
 0 0.63381
 0 0.633822
 0 0.633824
 0 0.633847
 0 0.633853
 0 0.633854
 0 0.633856
 0 0.633856
 0 0.633856
 0 0.633879
 0 0.633879
 0 0.633879
 0 0.633891
 0 0.633898
 0 0.633898
 0 0.633898
 0 0.633904
 0 0.633904
 0 0.633913
 0 0.633928
 0 0.633941
 0 0.633951
 0 0.633951
 0 0.633952
 0 0.633954
 0 0.633961
 0 0.633961
 0 0.633961
 0 0.633963
 0 0.633963
 0 0.633963
 0 0.633963
 0 0.633976
 0 0.633976
 0 0.633977
 0 0.633995
 0 0.633995
 0 0.633996
 0 0.634011
 0 0.634011
 0 0.634012
 0 0.634012
 0 0.634012
 0 0.634028
 0 0.634028
 0 0.634029
 0 0.634041
 0 0.634041
 0 0.634041
 0 0.634055
 0 0.634055
 0 0.634055
 0 0.634057
 0 0.634075
 0 0.634086
 0 0.634086
 0 0.634087
 0 0.634088
 0 0.634088
 0 0.634088
 0 0.634089
 0 0.634091
 0 0.634092
 0 0.634092
 0 0.634092
 0 0.6341
 0 0.6341
 0 0.634112
 0 0.634113
 0 0.634117
 0 0.634117
 0 0.634142
 0 0.634144
 0 0.63415
 0 0.63415
 0 0.634197
 0 0.6342
 0 0.634212
 0 0.634212
 0 0.634219
 0 0.634219
 0 0.634242
 0 0.634243
 0 0.634263
 0 0.634265
 0 0.634265
 0 0.634265
 0 0.634294
 0 0.63431
 0 0.634311
 0 0.634313
 0 0.634314
 0 0.634316
 0 0.634316
 0 0.634316
 0 0.63432
 0 0.634323
 0 0.634336
 0 0.634336
 0 0.634348
 0 0.634371
 0 0.634371
 0 0.63441
 0 0.634411
 0 0.634411
 0 0.634411
 0 0.634411
 0 0.634415
 0 0.634429
 0 0.634442
 0 0.634455
 0 0.634464
 0 0.634471
 0 0.634471
 0 0.634484
 0 0.634493
 0 0.634493
 0 0.634515
 0 0.634515
 0 0.634528
 0 0.634534
 0 0.634534
 0 0.634536
 0 0.634546
 0 0.634546
 0 0.63465
 0 0.63465
 0 0.634653
 0 0.634653
 0 0.634684
 0 0.634687
 0 0.634688
 0 0.634689
 0 0.634705
 0 0.634706
 0 0.634718
 0 0.634719
 0 0.634719
 0 0.634727
 0 0.634727
 0 0.634736
 0 0.634743
 0 0.634744
 0 0.634744
 0 0.634747
 0 0.634749
 0 0.634762
 0 0.634764
 0 0.634764
 0 0.634764
 0 0.634765
 0 0.634765
 0 0.63477
 0 0.634795
 0 0.634798
 0 0.634812
 0 0.634812
 0 0.634814
 0 0.634823
 0 0.634836
 0 0.634836
 0 0.634859
 0 0.634862
 0 0.634884
 0 0.634884
 0 0.634886
 0 0.634886
 0 0.634886
 0 0.634886
 0 0.634933
 0 0.634933
 0 0.634935
 0 0.634938
 0 0.634938
 0 0.634953
 0 0.634955
 0 0.634956
 0 0.634957
 0 0.634957
 0 0.634965
 0 0.634994
 0 0.634994
 0 0.634995
 0 0.634995
 0 0.634995
 0 0.634995
 0 0.635016
 0 0.635016
 0 0.635076
 0 0.635076
 0 0.635086
 0 0.63509
 0 0.635093
 0 0.635105
 0 0.635105
 0 0.635108
 0 0.635108
 0 0.635111
 0 0.635111
 0 0.635116
 0 0.635122
 0 0.635122
 0 0.635143
 0 0.635143
 0 0.635149
 0 0.635149
 0 0.63515
 0 0.63515
 0 0.635166
 0 0.635174
 0 0.635224
 0 0.635224
 0 0.635238
 0 0.635252
 0 0.635252
 0 0.635252
 0 0.635254
 0 0.635265
 0 0.635265
 0 0.635272
 0 0.635285
 0 0.635286
 0 0.635287
 0 0.635287
 0 0.635315
 0 0.635325
 0 0.635325
 0 0.635328
 0 0.635344
 0 0.635344
 0 0.635362
 0 0.635364
 0 0.635369
 0 0.635389
 0 0.63539
 0 0.635391
 0 0.635391
 0 0.635391
 0 0.635393
 0 0.6354
 0 0.635409
 0 0.635409
 0 0.635442
 0 0.635481
 0 0.635483
 0 0.635485
 0 0.635485
 0 0.635485
 0 0.635486
 0 0.635486
 0 0.635486
 0 0.635487
 0 0.635488
 0 0.635501
 0 0.635518
 0 0.63552
 0 0.63552
 0 0.635522
 0 0.635538
 0 0.635538
 0 0.635539
 0 0.635558
 0 0.635575
 0 0.635575
 0 0.635575
 0 0.635581
 0 0.635582
 0 0.635589
 0 0.635611
 0 0.63563
 0 0.63563
 0 0.635639
 0 0.635673
 0 0.635675
 0 0.635675
 0 0.635675
 0 0.635675
 0 0.635683
 0 0.635683
 0 0.635684
 0 0.635713
 0 0.635718
 0 0.635719
 0 0.635719
 0 0.635723
 0 0.635723
 0 0.635723
 0 0.635725
 0 0.63574
 0 0.635743
 0 0.635743
 0 0.635743
 0 0.635778
 0 0.635787
 0 0.635787
 0 0.635788
 0 0.635788
 0 0.635797
 0 0.635797
 0 0.635803
 0 0.635833
 0 0.635834
 0 0.635834
 0 0.635843
 0 0.635843
 0 0.635853
 0 0.635856
 0 0.635858
 0 0.635858
 0 0.63586
 0 0.635866
 0 0.635866
 0 0.635883
 0 0.635883
 0 0.635883
 0 0.6359
 0 0.6359
 0 0.635915
 0 0.635927
 0 0.635927
 0 0.635939
 0 0.635939
 0 0.635939
 0 0.635939
 0 0.635939
 0 0.635945
 0 0.635945
 0 0.635952
 0 0.635952
 0 0.635952
 0 0.635952
 0 0.635961
 0 0.635961
 0 0.635977
 0 0.635978
 0 0.635978
 0 0.635978
 0 0.635979
 0 0.636005
 0 0.63601
 0 0.636065
 0 0.636065
 0 0.63607
 0 0.63607
 0 0.63607
 0 0.636081
 0 0.636115
 0 0.636115
 0 0.63612
 0 0.63612
 0 0.63612
 0 0.636142
 0 0.636148
 0 0.636149
 0 0.63615
 0 0.63615
 0 0.636184
 0 0.636191
 0 0.636215
 0 0.636233
 0 0.636233
 0 0.636234
 0 0.636235
 0 0.636236
 0 0.636296
 0 0.6363
 0 0.636301
 0 0.636314
 0 0.636317
 0 0.636344
 0 0.636346
 0 0.636351
 0 0.636356
 0 0.636378
 0 0.636378
 0 0.636391
 0 0.636402
 0 0.636402
 0 0.636404
 0 0.636415
 0 0.636416
 0 0.636417
 0 0.636417
 0 0.636418
 0 0.636428
 0 0.636459
 0 0.636476
 0 0.636476
 0 0.636495
 0 0.636495
 0 0.636523
 0 0.636545
 0 0.63657
 0 0.636589
 0 0.636589
 0 0.636593
 0 0.636593
 0 0.636596
 0 0.636596
 0 0.636596
 0 0.636613
 0 0.636614
 0 0.636614
 0 0.636614
 0 0.636636
 0 0.636642
 0 0.636643
 0 0.636643
 0 0.636652
 0 0.636664
 0 0.636674
 0 0.636674
 0 0.636677
 0 0.636692
 0 0.636692
 0 0.636723
 0 0.636723
 0 0.636759
 0 0.636778
 0 0.63679
 0 0.63679
 0 0.636799
 0 0.6368
 0 0.6368
 0 0.636812
 0 0.636813
 0 0.636856
 0 0.636856
 0 0.636857
 0 0.636861
 0 0.636862
 0 0.636874
 0 0.636874
 0 0.636874
 0 0.636884
 0 0.636884
 0 0.636884
 0 0.636901
 0 0.636908
 0 0.636909
 0 0.636909
 0 0.636916
 0 0.636924
 0 0.636972
 0 0.636972
 0 0.636978
 0 0.636978
 0 0.637001
 0 0.637002
 0 0.637032
 0 0.637038
 0 0.637039
 0 0.637059
 0 0.637059
 0 0.637059
 0 0.637061
 0 0.637082
 0 0.637088
 0 0.637089
 0 0.63711
 0 0.63711
 0 0.637111
 0 0.637139
 0 0.637151
 0 0.637153
 0 0.637154
 0 0.637161
 0 0.637161
 0 0.637181
 0 0.637183
 0 0.637183
 0 0.637184
 0 0.63719
 0 0.637222
 0 0.637222
 0 0.637229
 0 0.637231
 0 0.637232
 0 0.637232
 0 0.637235
 0 0.637241
 0 0.637282
 0 0.637282
 0 0.637283
 0 0.637285
 0 0.637287
 0 0.637287
 0 0.637288
 0 0.637289
 0 0.637289
 0 0.63729
 0 0.637292
 0 0.637295
 0 0.637302
 0 0.637361
 0 0.637361
 0 0.63738
 0 0.637381
 0 0.637408
 0 0.63741
 0 0.637413
 0 0.637433
 0 0.637434
 0 0.637436
 0 0.637455
 0 0.637512
 0 0.637547
 0 0.637606
 0 0.637606
 0 0.637625
 0 0.63763
 0 0.63763
 0 0.63763
 0 0.63763
 0 0.637644
 0 0.637644
 0 0.637653
 0 0.637654
 0 0.637657
 0 0.63766
 0 0.637661
 0 0.637684
 0 0.637684
 0 0.637716
 0 0.637717
 0 0.637719
 0 0.637719
 0 0.637799
 0 0.637801
 0 0.63781
 0 0.63781
 0 0.637822
 0 0.637824
 0 0.637824
 0 0.637831
 0 0.637843
 0 0.637845
 0 0.637845
 0 0.637873
 0 0.637892
 0 0.637893
 0 0.637939
 0 0.637942
 0 0.637948
 0 0.637949
 0 0.637949
 0 0.63795
 0 0.637992
 0 0.637992
 0 0.637999
 0 0.638
 0 0.63801
 0 0.638017
 0 0.638019
 0 0.638024
 0 0.638038
 0 0.638039
 0 0.638057
 0 0.638057
 0 0.638058
 0 0.638058
 0 0.638081
 0 0.638086
 0 0.638086
 0 0.638137
 0 0.638151
 0 0.638151
 0 0.638152
 0 0.638286
 0 0.638286
 0 0.638286
 0 0.638287
 0 0.638309
 0 0.638309
 0 0.638313
 0 0.638349
 0 0.638349
 0 0.638392
 0 0.638393
 0 0.638394
 0 0.638436
 0 0.638445
 0 0.638495
 0 0.638509
 0 0.638552
 0 0.638552
 0 0.638554
 0 0.638556
 0 0.638556
 0 0.638558
 0 0.638563
 0 0.638563
 0 0.638563
 0 0.638597
 0 0.638619
 0 0.638631
 0 0.638664
 0 0.638674
 0 0.638674
 0 0.638674
 0 0.638676
 0 0.638721
 0 0.638722
 0 0.638722
 0 0.638723
 0 0.63873
 0 0.638731
 0 0.638733
 0 0.638735
 0 0.638735
 0 0.638755
 0 0.638755
 0 0.638755
 0 0.63876
 0 0.638775
 0 0.638776
 0 0.638776
 0 0.638787
 0 0.638787
 0 0.638787
 0 0.638789
 0 0.638816
 0 0.638816
 0 0.638825
 0 0.638825
 0 0.638825
 0 0.638828
 0 0.638829
 0 0.638831
 0 0.638832
 0 0.638838
 0 0.638838
 0 0.638872
 0 0.638872
 0 0.6389
 0 0.638919
 0 0.638943
 0 0.638943
 0 0.638948
 0 0.638955
 0 0.638955
 0 0.638998
 0 0.639
 0 0.639
 0 0.639
 0 0.639
 0 0.639
 0 0.639007
 0 0.639031
 0 0.639031
 0 0.639032
 0 0.639032
 0 0.639032
 0 0.639033
 0 0.639033
 0 0.639033
 0 0.639037
 0 0.639061
 0 0.639062
 0 0.639064
 0 0.639065
 0 0.639068
 0 0.639069
 0 0.639074
 0 0.639084
 0 0.639085
 0 0.639105
 0 0.639106
 0 0.639106
 0 0.63911
 0 0.63911
 0 0.639124
 0 0.639125
 0 0.639126
 0 0.639154
 0 0.639212
 0 0.639212
 0 0.639213
 0 0.639213
 0 0.639213
 0 0.639214
 0 0.639294
 0 0.639322
 0 0.639322
 0 0.639333
 0 0.639371
 0 0.639371
 0 0.639371
 0 0.639466
 0 0.639466
 0 0.639466
 0 0.639495
 0 0.639495
 0 0.639495
 0 0.639497
 0 0.639497
 0 0.639497
 0 0.639501
 0 0.639502
 0 0.639502
 0 0.639521
 0 0.639628
 0 0.639651
 0 0.639651
 0 0.639651
 0 0.639657
 0 0.639659
 0 0.639659
 0 0.639659
 0 0.63969
 0 0.639691
 0 0.639698
 0 0.639699
 0 0.639699
 0 0.63977
 0 0.63977
 0 0.639807
 0 0.639807
 0 0.639829
 0 0.639844
 0 0.639845
 0 0.639846
 0 0.639851
 0 0.639852
 0 0.639852
 0 0.639883
 0 0.639883
 0 0.639883
 0 0.639883
 0 0.639884
 0 0.639884
 0 0.639939
 0 0.639939
 0 0.640073
 0 0.640088
 0 0.640158
 0 0.640195
 0 0.640195
 0 0.640219
 0 0.64022
 0 0.64022
 0 0.64022
 0 0.64022
 0 0.640227
 0 0.640265
 0 0.640291
 0 0.640291
 0 0.640292
 0 0.6403
 0 0.6403
 0 0.640301
 0 0.640323
 0 0.640323
 0 0.640354
 0 0.640356
 0 0.640382
 0 0.640423
 0 0.640429
 0 0.64043
 0 0.640447
 0 0.640448
 0 0.640448
 0 0.640488
 0 0.640543
 0 0.640543
 0 0.640588
 0 0.640589
 0 0.640589
 0 0.640589
 0 0.64059
 0 0.640592
 0 0.64061
 0 0.640618
 0 0.64062
 0 0.64062
 0 0.64062
 0 0.64071
 0 0.64071
 0 0.640733
 0 0.640733
 0 0.640765
 0 0.640806
 0 0.640806
 0 0.640806
 0 0.640816
 0 0.640816
 0 0.640839
 0 0.640841
 0 0.640873
 0 0.640874
 0 0.640874
 0 0.640875
 0 0.640916
 0 0.640925
 0 0.640927
 0 0.641039
 0 0.64105
 0 0.641431
 0 0.641431
 0 0.641639
 0 0.64165
 0 0.641651
 0 0.641652
 0 0.641691
 0 0.641693
 0 0.641693
 0 0.641737
 0 0.641739
 0 0.642436
 0 0.642703
 0 0.642995
 0 0.642995
 0 0.643462
 0 0.643462
 0 0.643464
 0 0.644035
 0 0.644036
 0 0.644912
 0 0.645328
 0 0.645329
 0 0.64533
 0 0.646092
 0 0.646092
 0 0.647062
 0 0.647062
 0 0.647062
 0 0.647062
 0 inf
