 8.99714 9.516
 8.75073 9.24915
 8.59314 8.60266
 8.53869 8.92088
 8.52913 8.57191
 8.37765 8.47618
 7.83151 8.41353
 7.77936 7.95385
 7.4255 8.04644
 7.29703 7.34048
 7.20048 7.20231
 7.09539 7.30704
 6.90846 7.83518
 6.87456 7.02812
 6.60147 6.95643
 6.47817 6.87331
 6.45733 7.1459
 6.41107 7.28411
 6.39158 7.21436
 6.30786 6.6933
 6.20085 7.66781
 6.11967 7.40633
 5.95953 6.18423
 5.95135 8.52676
 5.54138 6.66272
 5.47248 5.48418
 5.4463 5.72323
 5.41835 5.41945
 5.39099 5.39574
 5.2513 5.52221
 5.24023 5.25412
 5.20592 5.86891
 5.17808 5.48787
 5.15088 5.16054
 5.11499 5.13755
 5.06268 5.13206
 4.97378 4.97588
 4.95896 4.96051
 4.95088 4.96457
 4.94509 4.95147
 4.94089 5.08505
 4.91618 4.92054
 4.91098 4.91788
 4.90463 4.9056
 4.88515 4.88838
 4.87984 4.88769
 4.87608 4.88345
 4.85701 5.15205
 4.85181 4.86307
 4.84495 5.58438
 4.84307 4.85122
 4.83561 4.85023
 4.8325 4.84715
 4.82036 5.19826
 4.81778 4.83289
 4.81475 4.81561
 4.81012 4.98644
 4.80805 4.82438
 4.80651 4.82183
 4.8032 5.04174
 4.79592 4.79762
 4.77554 4.8218
 4.76686 4.7729
 4.76138 4.7666
 4.74673 4.76812
 4.73883 4.75757
 4.73811 4.74977
 4.73465 4.75573
 4.72939 4.73926
 4.71816 4.79017
 4.71167 4.90886
 4.70853 4.72529
 4.70237 4.71344
 4.69316 4.73662
 4.68053 4.84227
 4.67929 4.70094
 4.67854 4.70359
 4.66578 4.66762
 4.66206 4.71888
 4.65027 4.85326
 4.64978 4.65409
 4.63849 4.64464
 4.63571 4.63821
 4.63484 4.65124
 4.62458 4.6384
 4.61462 4.63289
 4.61217 5.22912
 4.60749 5.92488
 4.59762 4.60213
 4.57666 4.58839
 4.54954 4.5507
 4.54705 4.85151
 4.53525 5.04452
 4.52816 4.53708
 4.52204 4.53241
 4.51563 4.74767
 4.50517 4.53219
 4.50108 4.9185
 4.4843 4.50181
 4.48308 4.85035
 4.47626 4.50184
 4.47416 4.49391
 4.47273 4.50076
 4.46162 5.16598
 4.45809 5.02157
 4.44795 6.00034
 4.44472 4.45022
 4.43536 4.4381
 4.43392 8.23815
 4.4133 7.56194
 4.40875 7.66524
 4.402 4.80088
 4.39138 4.49696
 4.38926 5.27661
 4.38872 4.92846
 4.38802 4.97608
 4.38543 8.62935
 4.36779 6.23566
 4.29945 5.09864
 4.29878 6.09673
 4.28439 5.17129
 4.27347 5.23826
 4.26231 4.34728
 4.24895 5.05703
 4.24786 6.56385
 4.21658 4.97585
 4.21017 5.26641
 4.20864 7.19548
 4.19221 7.43219
 4.1755 4.30848
 4.15341 5.19293
 4.12665 4.38737
 4.12084 4.98805
 4.11531 4.26124
 4.11417 6.08678
 4.09941 7.17436
 4.09287 9.38567
 4.07072 5.40515
 4.06414 4.08269
 4.06034 5.89006
 4.00398 4.01863
 4.00152 8.08582
 3.84452 4.5821
 3.67958 8.59315
 3.29171 5.42697
