 0 0.487189
 0 0.487189
 0 0.487872
 0 0.488053
 0 0.488292
 0 0.488735
 0 0.493299
 0 0.493299
 0 0.493316
 0 0.493316
 0 0.493698
 0 0.494242
 0 0.620453
 0 0.621332
 0 0.621439
 0 0.621439
 0 0.621564
 0 0.621564
 0 0.622822
 0 0.622822
 0 0.623068
 0 0.623523
 0 0.623523
 0 0.623523
 0 0.623545
 0 0.623547
 0 0.623695
 0 0.623695
 0 0.623712
 0 0.623712
 0 0.623712
 0 0.623713
 0 0.623775
 0 0.623916
 0 0.623918
 0 0.624148
 0 0.624148
 0 0.624149
 0 0.62419
 0 0.624394
 0 0.624488
 0 0.624489
 0 0.624489
 0 0.62449
 0 0.62451
 0 0.62451
 0 0.62458
 0 0.62458
 0 0.62465
 0 0.624708
 0 0.624708
 0 0.624708
 0 0.624901
 0 0.624901
 0 0.625464
 0 0.625513
 0 0.625513
 0 0.62552
 0 0.625585
 0 0.625585
 0 0.625585
 0 0.625617
 0 0.625617
 0 0.625645
 0 0.625722
 0 0.625891
 0 0.625891
 0 0.625935
 0 0.62614
 0 0.62614
 0 0.62614
 0 0.62614
 0 0.626228
 0 0.62623
 0 0.626307
 0 0.626307
 0 0.626308
 0 0.626326
 0 0.626328
 0 0.626377
 0 0.626377
 0 0.626377
 0 0.626419
 0 0.626484
 0 0.626509
 0 0.626509
 0 0.626512
 0 0.626742
 0 0.626742
 0 0.626804
 0 0.626805
 0 0.626805
 0 0.626847
 0 0.626933
 0 0.626948
 0 0.626969
 0 0.626969
 0 0.626983
 0 0.627002
 0 0.62706
 0 0.62706
 0 0.62706
 0 0.627086
 0 0.627086
 0 0.627086
 0 0.627088
 0 0.627088
 0 0.627088
 0 0.62709
 0 0.62709
 0 0.62709
 0 0.627109
 0 0.62711
 0 0.627114
 0 0.627115
 0 0.627269
 0 0.627269
 0 0.627318
 0 0.627318
 0 0.62732
 0 0.627368
 0 0.627368
 0 0.627397
 0 0.627399
 0 0.627456
 0 0.627484
 0 0.627484
 0 0.627486
 0 0.627486
 0 0.627486
 0 0.627499
 0 0.627499
 0 0.627499
 0 0.627542
 0 0.627557
 0 0.627581
 0 0.627605
 0 0.627607
 0 0.627659
 0 0.62766
 0 0.627698
 0 0.627703
 0 0.627703
 0 0.627717
 0 0.627718
 0 0.627751
 0 0.627754
 0 0.627754
 0 0.62776
 0 0.62781
 0 0.62781
 0 0.627812
 0 0.627813
 0 0.627831
 0 0.627843
 0 0.627843
 0 0.627843
 0 0.627843
 0 0.627857
 0 0.627893
 0 0.627894
 0 0.627917
 0 0.627936
 0 0.627936
 0 0.627937
 0 0.627937
 0 0.627937
 0 0.627979
 0 0.627979
 0 0.627981
 0 0.627981
 0 0.627999
 0 0.627999
 0 0.627999
 0 0.628016
 0 0.628016
 0 0.628017
 0 0.628081
 0 0.628082
 0 0.628082
 0 0.628096
 0 0.628096
 0 0.628116
 0 0.628116
 0 0.628117
 0 0.628123
 0 0.62816
 0 0.628198
 0 0.628199
 0 0.628199
 0 0.628213
 0 0.628214
 0 0.628215
 0 0.628216
 0 0.628246
 0 0.628246
 0 0.628294
 0 0.628294
 0 0.628294
 0 0.628295
 0 0.628295
 0 0.628358
 0 0.628367
 0 0.628367
 0 0.628367
 0 0.628367
 0 0.628372
 0 0.628405
 0 0.628405
 0 0.628405
 0 0.628429
 0 0.628429
 0 0.628429
 0 0.628436
 0 0.628452
 0 0.628453
 0 0.628584
 0 0.628584
 0 0.628591
 0 0.628631
 0 0.628638
 0 0.628638
 0 0.628645
 0 0.628675
 0 0.628696
 0 0.628698
 0 0.628731
 0 0.628731
 0 0.628735
 0 0.628737
 0 0.628757
 0 0.628758
 0 0.628781
 0 0.628782
 0 0.628799
 0 0.6288
 0 0.628825
 0 0.628828
 0 0.62883
 0 0.628871
 0 0.628941
 0 0.628952
 0 0.628953
 0 0.628953
 0 0.628966
 0 0.628966
 0 0.628966
 0 0.628996
 0 0.629003
 0 0.629006
 0 0.629006
 0 0.629015
 0 0.629015
 0 0.629034
 0 0.629035
 0 0.629048
 0 0.629057
 0 0.629057
 0 0.629059
 0 0.629073
 0 0.629073
 0 0.629097
 0 0.629099
 0 0.629099
 0 0.629103
 0 0.629142
 0 0.629142
 0 0.629142
 0 0.629143
 0 0.629144
 0 0.629145
 0 0.629159
 0 0.629163
 0 0.629173
 0 0.629176
 0 0.629213
 0 0.629213
 0 0.629263
 0 0.629263
 0 0.629264
 0 0.629287
 0 0.629287
 0 0.629389
 0 0.629435
 0 0.629436
 0 0.629436
 0 0.629439
 0 0.629439
 0 0.62944
 0 0.629446
 0 0.629446
 0 0.629446
 0 0.629448
 0 0.629471
 0 0.629491
 0 0.629492
 0 0.629547
 0 0.629566
 0 0.629566
 0 0.629566
 0 0.629582
 0 0.629582
 0 0.629597
 0 0.629598
 0 0.629598
 0 0.629626
 0 0.629626
 0 0.629639
 0 0.629661
 0 0.629662
 0 0.629681
 0 0.629681
 0 0.629681
 0 0.629708
 0 0.629708
 0 0.629708
 0 0.629713
 0 0.629713
 0 0.629737
 0 0.629737
 0 0.629737
 0 0.629744
 0 0.629753
 0 0.629753
 0 0.629778
 0 0.629778
 0 0.629779
 0 0.629779
 0 0.629824
 0 0.629824
 0 0.629827
 0 0.629841
 0 0.629842
 0 0.629858
 0 0.629858
 0 0.629858
 0 0.629901
 0 0.629901
 0 0.629902
 0 0.629902
 0 0.629902
 0 0.629918
 0 0.629931
 0 0.62995
 0 0.62995
 0 0.62995
 0 0.62995
 0 0.629955
 0 0.629979
 0 0.629979
 0 0.629991
 0 0.630033
 0 0.630189
 0 0.630189
 0 0.630217
 0 0.630217
 0 0.630218
 0 0.630218
 0 0.63023
 0 0.63023
 0 0.63023
 0 0.630232
 0 0.630249
 0 0.630253
 0 0.630253
 0 0.630277
 0 0.630278
 0 0.630278
 0 0.630281
 0 0.630281
 0 0.630281
 0 0.63038
 0 0.630382
 0 0.630386
 0 0.630386
 0 0.630394
 0 0.630398
 0 0.630398
 0 0.630398
 0 0.630399
 0 0.630414
 0 0.630415
 0 0.63043
 0 0.63046
 0 0.63046
 0 0.630461
 0 0.630515
 0 0.630537
 0 0.630537
 0 0.630557
 0 0.630557
 0 0.630559
 0 0.630559
 0 0.630582
 0 0.630582
 0 0.630583
 0 0.630593
 0 0.630594
 0 0.63062
 0 0.630635
 0 0.630635
 0 0.630636
 0 0.630651
 0 0.630663
 0 0.63067
 0 0.630671
 0 0.630719
 0 0.630732
 0 0.630732
 0 0.630749
 0 0.630749
 0 0.630752
 0 0.630772
 0 0.630772
 0 0.630772
 0 0.630772
 0 0.630775
 0 0.630775
 0 0.630799
 0 0.630799
 0 0.6308
 0 0.630804
 0 0.630814
 0 0.630816
 0 0.630816
 0 0.630817
 0 0.630831
 0 0.630832
 0 0.630851
 0 0.630851
 0 0.630851
 0 0.630857
 0 0.63088
 0 0.63088
 0 0.630881
 0 0.630881
 0 0.630881
 0 0.630908
 0 0.630908
 0 0.630908
 0 0.630909
 0 0.630917
 0 0.630917
 0 0.630936
 0 0.630936
 0 0.630936
 0 0.630956
 0 0.630956
 0 0.630965
 0 0.630966
 0 0.630966
 0 0.630966
 0 0.630993
 0 0.630995
 0 0.631032
 0 0.631038
 0 0.631038
 0 0.631046
 0 0.631046
 0 0.631046
 0 0.63106
 0 0.63106
 0 0.63106
 0 0.63107
 0 0.631071
 0 0.631102
 0 0.631107
 0 0.631108
 0 0.631111
 0 0.631111
 0 0.631111
 0 0.631135
 0 0.631154
 0 0.631157
 0 0.631159
 0 0.631175
 0 0.631175
 0 0.631196
 0 0.631197
 0 0.631197
 0 0.631234
 0 0.631244
 0 0.631259
 0 0.631259
 0 0.631264
 0 0.631279
 0 0.631279
 0 0.631288
 0 0.631288
 0 0.631299
 0 0.6313
 0 0.6313
 0 0.631301
 0 0.631308
 0 0.631308
 0 0.631319
 0 0.63132
 0 0.631327
 0 0.631328
 0 0.631359
 0 0.63137
 0 0.63137
 0 0.631377
 0 0.631383
 0 0.631384
 0 0.631399
 0 0.631421
 0 0.631421
 0 0.631421
 0 0.631426
 0 0.631426
 0 0.631426
 0 0.631438
 0 0.631445
 0 0.631445
 0 0.631486
 0 0.631486
 0 0.631497
 0 0.6315
 0 0.6315
 0 0.631501
 0 0.631504
 0 0.631504
 0 0.631505
 0 0.631546
 0 0.631546
 0 0.631592
 0 0.631593
 0 0.631593
 0 0.631599
 0 0.631599
 0 0.631599
 0 0.631625
 0 0.631625
 0 0.631629
 0 0.63163
 0 0.631654
 0 0.631665
 0 0.631672
 0 0.631672
 0 0.631673
 0 0.631684
 0 0.631684
 0 0.631707
 0 0.631707
 0 0.631707
 0 0.631733
 0 0.631738
 0 0.631738
 0 0.63174
 0 0.631766
 0 0.631768
 0 0.631776
 0 0.631776
 0 0.631787
 0 0.631787
 0 0.631787
 0 0.631787
 0 0.631788
 0 0.631788
 0 0.631811
 0 0.631811
 0 0.631812
 0 0.631845
 0 0.631845
 0 0.631846
 0 0.631847
 0 0.631875
 0 0.631875
 0 0.631875
 0 0.631875
 0 0.631882
 0 0.631882
 0 0.631882
 0 0.631897
 0 0.631899
 0 0.631901
 0 0.631901
 0 0.631901
 0 0.631912
 0 0.631919
 0 0.631931
 0 0.631931
 0 0.631931
 0 0.631932
 0 0.631933
 0 0.631962
 0 0.631963
 0 0.631964
 0 0.631995
 0 0.632029
 0 0.632029
 0 0.632029
 0 0.632036
 0 0.632036
 0 0.63206
 0 0.632061
 0 0.632061
 0 0.632065
 0 0.632068
 0 0.632068
 0 0.632083
 0 0.632083
 0 0.632115
 0 0.632115
 0 0.632115
 0 0.632121
 0 0.632122
 0 0.632143
 0 0.63218
 0 0.63218
 0 0.632182
 0 0.632182
 0 0.632182
 0 0.632194
 0 0.632195
 0 0.632195
 0 0.632212
 0 0.632212
 0 0.632212
 0 0.632228
 0 0.632242
 0 0.632242
 0 0.632273
 0 0.632277
 0 0.632277
 0 0.632277
 0 0.632278
 0 0.632278
 0 0.632278
 0 0.632295
 0 0.632295
 0 0.632295
 0 0.6323
 0 0.632304
 0 0.632334
 0 0.632334
 0 0.632335
 0 0.632345
 0 0.632345
 0 0.632345
 0 0.632345
 0 0.632345
 0 0.632346
 0 0.63235
 0 0.632362
 0 0.632362
 0 0.632363
 0 0.632371
 0 0.632371
 0 0.63238
 0 0.632381
 0 0.632386
 0 0.632386
 0 0.632394
 0 0.632394
 0 0.632415
 0 0.632415
 0 0.632415
 0 0.632416
 0 0.632434
 0 0.632434
 0 0.632434
 0 0.632441
 0 0.632441
 0 0.632444
 0 0.632444
 0 0.632445
 0 0.632445
 0 0.632462
 0 0.632463
 0 0.632464
 0 0.632464
 0 0.632476
 0 0.632476
 0 0.632479
 0 0.632479
 0 0.632482
 0 0.632483
 0 0.632483
 0 0.632486
 0 0.632491
 0 0.632492
 0 0.632495
 0 0.632496
 0 0.632496
 0 0.632585
 0 0.632587
 0 0.632606
 0 0.632608
 0 0.632608
 0 0.632608
 0 0.632621
 0 0.632622
 0 0.632639
 0 0.632682
 0 0.632684
 0 0.632686
 0 0.632686
 0 0.632691
 0 0.632691
 0 0.632721
 0 0.632727
 0 0.632727
 0 0.632727
 0 0.63273
 0 0.63273
 0 0.632732
 0 0.632733
 0 0.632738
 0 0.632741
 0 0.632741
 0 0.632744
 0 0.632762
 0 0.632762
 0 0.632762
 0 0.63277
 0 0.632774
 0 0.632774
 0 0.632774
 0 0.632786
 0 0.632816
 0 0.632816
 0 0.632818
 0 0.632855
 0 0.632855
 0 0.632855
 0 0.632858
 0 0.632858
 0 0.632858
 0 0.632865
 0 0.632865
 0 0.632865
 0 0.632865
 0 0.632865
 0 0.632874
 0 0.632878
 0 0.632878
 0 0.632905
 0 0.632907
 0 0.632907
 0 0.632907
 0 0.632912
 0 0.632913
 0 0.632919
 0 0.632919
 0 0.63292
 0 0.63292
 0 0.632946
 0 0.632988
 0 0.632988
 0 0.632997
 0 0.633023
 0 0.633023
 0 0.633028
 0 0.633028
 0 0.633029
 0 0.633029
 0 0.633029
 0 0.633056
 0 0.633097
 0 0.633115
 0 0.633125
 0 0.633127
 0 0.633129
 0 0.63313
 0 0.633134
 0 0.633147
 0 0.633147
 0 0.633148
 0 0.633148
 0 0.633149
 0 0.633158
 0 0.633158
 0 0.633158
 0 0.633168
 0 0.633168
 0 0.633171
 0 0.633175
 0 0.633175
 0 0.633178
 0 0.633178
 0 0.633179
 0 0.633179
 0 0.633195
 0 0.633199
 0 0.633208
 0 0.633222
 0 0.633224
 0 0.633224
 0 0.633224
 0 0.633224
 0 0.633227
 0 0.633254
 0 0.633269
 0 0.633269
 0 0.633285
 0 0.633288
 0 0.633297
 0 0.633298
 0 0.6333
 0 0.6333
 0 0.633319
 0 0.633319
 0 0.633319
 0 0.633319
 0 0.633335
 0 0.633336
 0 0.633336
 0 0.633336
 0 0.633337
 0 0.633337
 0 0.63334
 0 0.633342
 0 0.633342
 0 0.633343
 0 0.633347
 0 0.633349
 0 0.633369
 0 0.63337
 0 0.633377
 0 0.633385
 0 0.633397
 0 0.633398
 0 0.633398
 0 0.633404
 0 0.633414
 0 0.633414
 0 0.633419
 0 0.633419
 0 0.633438
 0 0.633439
 0 0.63344
 0 0.633446
 0 0.633449
 0 0.633465
 0 0.633471
 0 0.633471
 0 0.633472
 0 0.633476
 0 0.633477
 0 0.633477
 0 0.633487
 0 0.633487
 0 0.633489
 0 0.633489
 0 0.63349
 0 0.63349
 0 0.63349
 0 0.63349
 0 0.633523
 0 0.633536
 0 0.633537
 0 0.633537
 0 0.633537
 0 0.633538
 0 0.633548
 0 0.633552
 0 0.633554
 0 0.633554
 0 0.633559
 0 0.633559
 0 0.633562
 0 0.633564
 0 0.633569
 0 0.633584
 0 0.633585
 0 0.633597
 0 0.633599
 0 0.633601
 0 0.633601
 0 0.633602
 0 0.633625
 0 0.633625
 0 0.633644
 0 0.633644
 0 0.633645
 0 0.633663
 0 0.633668
 0 0.633678
 0 0.633696
 0 0.633697
 0 0.633698
 0 0.633698
 0 0.633742
 0 0.633742
 0 0.633743
 0 0.633743
 0 0.633743
 0 0.633746
 0 0.63376
 0 0.633765
 0 0.633766
 0 0.63378
 0 0.63378
 0 0.633781
 0 0.633783
 0 0.633783
 0 0.633784
 0 0.633785
 0 0.633785
 0 0.633793
 0 0.633793
 0 0.633808
 0 0.633808
 0 0.633809
 0 0.633809
 0 0.633809
 0 0.633809
 0 0.633818
 0 0.633818
 0 0.633828
 0 0.63383
 0 0.63383
 0 0.63383
 0 0.633862
 0 0.633863
 0 0.633863
 0 0.633863
 0 0.633879
 0 0.63388
 0 0.633881
 0 0.633897
 0 0.633906
 0 0.633916
 0 0.633916
 0 0.633922
 0 0.633922
 0 0.633944
 0 0.633944
 0 0.633944
 0 0.633949
 0 0.633954
 0 0.633954
 0 0.633958
 0 0.633958
 0 0.633988
 0 0.633991
 0 0.633991
 0 0.634012
 0 0.634013
 0 0.634013
 0 0.634019
 0 0.63402
 0 0.63402
 0 0.63402
 0 0.634041
 0 0.634043
 0 0.634043
 0 0.634058
 0 0.634063
 0 0.634064
 0 0.634064
 0 0.63407
 0 0.634071
 0 0.634076
 0 0.634076
 0 0.634082
 0 0.634082
 0 0.634082
 0 0.634082
 0 0.634116
 0 0.634119
 0 0.634122
 0 0.634126
 0 0.634127
 0 0.634134
 0 0.634136
 0 0.634164
 0 0.634186
 0 0.634197
 0 0.6342
 0 0.6342
 0 0.634201
 0 0.634231
 0 0.634232
 0 0.634232
 0 0.634233
 0 0.634233
 0 0.634235
 0 0.634245
 0 0.634246
 0 0.634247
 0 0.634247
 0 0.63426
 0 0.63426
 0 0.634266
 0 0.6343
 0 0.6343
 0 0.634301
 0 0.634307
 0 0.634308
 0 0.634309
 0 0.634309
 0 0.634313
 0 0.634317
 0 0.634322
 0 0.634326
 0 0.634327
 0 0.634329
 0 0.634329
 0 0.634329
 0 0.634329
 0 0.634329
 0 0.63433
 0 0.63433
 0 0.634334
 0 0.634334
 0 0.634335
 0 0.634345
 0 0.634346
 0 0.634346
 0 0.634357
 0 0.63436
 0 0.63436
 0 0.634371
 0 0.634371
 0 0.634371
 0 0.634374
 0 0.634381
 0 0.634391
 0 0.634392
 0 0.634393
 0 0.634399
 0 0.634417
 0 0.634417
 0 0.63442
 0 0.63442
 0 0.63443
 0 0.63443
 0 0.634431
 0 0.634434
 0 0.634452
 0 0.634452
 0 0.634453
 0 0.634471
 0 0.634472
 0 0.634484
 0 0.634485
 0 0.634485
 0 0.634503
 0 0.634503
 0 0.634503
 0 0.634503
 0 0.634511
 0 0.634514
 0 0.634556
 0 0.634558
 0 0.634559
 0 0.634559
 0 0.634583
 0 0.634583
 0 0.634583
 0 0.634587
 0 0.634588
 0 0.63459
 0 0.634597
 0 0.634597
 0 0.634601
 0 0.634603
 0 0.634603
 0 0.634612
 0 0.634613
 0 0.634632
 0 0.634634
 0 0.634634
 0 0.634634
 0 0.634635
 0 0.634638
 0 0.634638
 0 0.634642
 0 0.63466
 0 0.634661
 0 0.634676
 0 0.634676
 0 0.634684
 0 0.634699
 0 0.634702
 0 0.634706
 0 0.634706
 0 0.634736
 0 0.634736
 0 0.634739
 0 0.634747
 0 0.634748
 0 0.634749
 0 0.634797
 0 0.634797
 0 0.634798
 0 0.634807
 0 0.634824
 0 0.634838
 0 0.634857
 0 0.634866
 0 0.634866
 0 0.634869
 0 0.634872
 0 0.634877
 0 0.634897
 0 0.634909
 0 0.634909
 0 0.634919
 0 0.634928
 0 0.634928
 0 0.63497
 0 0.63497
 0 0.63497
 0 0.634971
 0 0.634989
 0 0.634989
 0 0.634989
 0 0.635001
 0 0.635002
 0 0.635002
 0 0.635029
 0 0.635032
 0 0.635032
 0 0.635032
 0 0.635036
 0 0.635044
 0 0.63506
 0 0.63506
 0 0.635076
 0 0.635086
 0 0.635086
 0 0.635086
 0 0.635117
 0 0.635125
 0 0.635125
 0 0.635126
 0 0.635129
 0 0.63513
 0 0.635136
 0 0.635142
 0 0.635153
 0 0.635155
 0 0.635186
 0 0.635199
 0 0.635199
 0 0.635199
 0 0.6352
 0 0.635205
 0 0.635211
 0 0.635221
 0 0.635242
 0 0.635242
 0 0.635247
 0 0.635247
 0 0.635248
 0 0.635248
 0 0.635248
 0 0.635248
 0 0.635248
 0 0.635248
 0 0.63525
 0 0.635259
 0 0.635259
 0 0.635259
 0 0.635259
 0 0.635259
 0 0.63526
 0 0.635307
 0 0.635314
 0 0.635315
 0 0.635315
 0 0.635316
 0 0.63533
 0 0.635331
 0 0.635336
 0 0.635337
 0 0.635361
 0 0.635375
 0 0.635382
 0 0.635382
 0 0.635408
 0 0.635408
 0 0.635434
 0 0.635438
 0 0.635439
 0 0.635439
 0 0.635439
 0 0.635447
 0 0.635448
 0 0.635459
 0 0.635459
 0 0.63546
 0 0.63546
 0 0.635463
 0 0.635463
 0 0.635464
 0 0.635464
 0 0.635464
 0 0.635487
 0 0.635494
 0 0.635526
 0 0.635527
 0 0.635532
 0 0.635546
 0 0.635573
 0 0.635573
 0 0.635573
 0 0.635574
 0 0.635583
 0 0.635583
 0 0.635587
 0 0.635588
 0 0.635611
 0 0.635628
 0 0.635679
 0 0.63568
 0 0.635699
 0 0.6357
 0 0.635709
 0 0.635709
 0 0.635722
 0 0.635722
 0 0.635722
 0 0.635722
 0 0.635722
 0 0.635728
 0 0.635737
 0 0.635737
 0 0.635768
 0 0.635782
 0 0.635794
 0 0.635794
 0 0.635817
 0 0.635822
 0 0.635837
 0 0.635838
 0 0.635843
 0 0.635854
 0 0.635854
 0 0.635856
 0 0.635889
 0 0.635894
 0 0.635894
 0 0.635923
 0 0.635923
 0 0.63595
 0 0.63596
 0 0.635961
 0 0.635971
 0 0.635972
 0 0.635982
 0 0.636002
 0 0.636019
 0 0.636021
 0 0.63603
 0 0.636032
 0 0.636033
 0 0.636033
 0 0.636034
 0 0.636034
 0 0.636046
 0 0.636058
 0 0.636061
 0 0.636073
 0 0.636073
 0 0.636073
 0 0.636073
 0 0.636073
 0 0.636109
 0 0.636114
 0 0.636115
 0 0.636121
 0 0.636136
 0 0.636155
 0 0.636161
 0 0.636161
 0 0.636163
 0 0.636172
 0 0.636174
 0 0.636174
 0 0.636174
 0 0.636235
 0 0.636235
 0 0.636235
 0 0.636278
 0 0.636279
 0 0.63628
 0 0.636297
 0 0.636304
 0 0.636308
 0 0.636347
 0 0.636355
 0 0.636356
 0 0.636365
 0 0.636388
 0 0.636388
 0 0.636388
 0 0.636397
 0 0.636397
 0 0.636398
 0 0.636398
 0 0.636398
 0 0.636398
 0 0.636398
 0 0.63641
 0 0.63641
 0 0.636413
 0 0.636435
 0 0.636435
 0 0.636438
 0 0.636479
 0 0.636479
 0 0.63655
 0 0.636554
 0 0.636558
 0 0.636558
 0 0.63656
 0 0.636564
 0 0.636655
 0 0.636655
 0 0.636676
 0 0.636677
 0 0.63671
 0 0.636711
 0 0.636714
 0 0.636724
 0 0.636755
 0 0.636756
 0 0.636757
 0 0.636757
 0 0.636774
 0 0.636776
 0 0.636816
 0 0.636817
 0 0.636819
 0 0.63682
 0 0.63682
 0 0.636843
 0 0.636843
 0 0.636843
 0 0.636875
 0 0.636911
 0 0.636911
 0 0.636921
 0 0.636921
 0 0.636922
 0 0.636922
 0 0.636965
 0 0.636966
 0 0.636978
 0 0.636983
 0 0.63699
 0 0.636991
 0 0.637051
 0 0.637051
 0 0.637051
 0 0.637064
 0 0.637065
 0 0.637065
 0 0.637077
 0 0.637078
 0 0.637079
 0 0.637079
 0 0.637123
 0 0.637154
 0 0.637167
 0 0.637167
 0 0.637167
 0 0.637168
 0 0.63718
 0 0.63719
 0 0.637219
 0 0.637219
 0 0.637219
 0 0.63722
 0 0.637229
 0 0.637229
 0 0.637241
 0 0.637245
 0 0.63726
 0 0.63726
 0 0.637304
 0 0.637305
 0 0.637314
 0 0.637314
 0 0.637354
 0 0.637354
 0 0.637354
 0 0.637354
 0 0.637367
 0 0.637385
 0 0.637404
 0 0.637415
 0 0.637415
 0 0.637432
 0 0.637432
 0 0.637432
 0 0.637434
 0 0.637434
 0 0.637435
 0 0.63746
 0 0.637461
 0 0.637461
 0 0.637462
 0 0.637462
 0 0.637489
 0 0.637498
 0 0.637498
 0 0.637507
 0 0.637566
 0 0.637614
 0 0.637616
 0 0.637706
 0 0.637778
 0 0.637778
 0 0.637827
 0 0.637827
 0 0.637828
 0 0.637828
 0 0.637841
 0 0.637841
 0 0.637841
 0 0.637841
 0 0.637845
 0 0.637855
 0 0.637888
 0 0.637951
 0 0.637963
 0 0.637963
 0 0.637966
 0 0.637966
 0 0.637967
 0 0.637969
 0 0.637969
 0 0.63797
 0 0.638004
 0 0.638004
 0 0.638004
 0 0.638024
 0 0.638024
 0 0.63808
 0 0.63808
 0 0.63808
 0 0.63808
 0 0.638092
 0 0.638098
 0 0.638099
 0 0.6381
 0 0.638115
 0 0.638128
 0 0.638129
 0 0.638195
 0 0.638197
 0 0.638201
 0 0.638201
 0 0.638202
 0 0.638202
 0 0.638205
 0 0.638285
 0 0.638285
 0 0.638286
 0 0.638287
 0 0.638306
 0 0.638306
 0 0.638306
 0 0.638309
 0 0.638309
 0 0.638309
 0 0.638309
 0 0.638312
 0 0.638312
 0 0.638318
 0 0.638356
 0 0.638376
 0 0.638393
 0 0.638403
 0 0.638413
 0 0.638414
 0 0.638415
 0 0.638437
 0 0.638471
 0 0.638471
 0 0.638484
 0 0.638484
 0 0.63849
 0 0.638559
 0 0.638575
 0 0.63858
 0 0.63858
 0 0.638594
 0 0.638637
 0 0.638637
 0 0.638639
 0 0.638641
 0 0.638689
 0 0.638723
 0 0.638728
 0 0.638728
 0 0.638728
 0 0.638843
 0 0.638844
 0 0.638862
 0 0.638862
 0 0.638972
 0 0.638972
 0 0.639007
 0 0.639007
 0 0.639007
 0 0.63901
 0 0.639034
 0 0.639056
 0 0.639112
 0 0.639112
 0 0.639112
 0 0.639112
 0 0.639173
 0 0.639266
 0 0.639267
 0 0.639332
 0 0.639417
 0 0.639439
 0 0.63952
 0 0.639567
 0 0.639567
 0 0.639749
 0 0.63979
 0 0.63979
 0 0.640406
 0 0.640447
 0 0.640448
 0 0.640576
 0 0.641181
 0 0.641181
 0 0.641181
 0 0.641181
 0 0.641967
 0 0.643972
 0 0.643974
 0 0.643974
 0 0.64449
 0 0.644492
 0 0.644902
 0 inf
