 0 0.48882
 0 0.48882
 0 0.48947
 0 0.48947
 0 0.48947
 0 0.489913
 0 0.502014
 0 0.50236
 0 0.502399
 0 0.502399
 0 0.502897
 0 0.502897
 0 0.626831
 0 0.626831
 0 0.626832
 0 0.627501
 0 0.627502
 0 0.627631
 0 0.627632
 0 0.62787
 0 0.628013
 0 0.628013
 0 0.628014
 0 0.628014
 0 0.628192
 0 0.62845
 0 0.62845
 0 0.628544
 0 0.628545
 0 0.628564
 0 0.628564
 0 0.628677
 0 0.628677
 0 0.628677
 0 0.628677
 0 0.628857
 0 0.628857
 0 0.628858
 0 0.628881
 0 0.628882
 0 0.628882
 0 0.628882
 0 0.628882
 0 0.628895
 0 0.629099
 0 0.6291
 0 0.6291
 0 0.629143
 0 0.629184
 0 0.629184
 0 0.629185
 0 0.62932
 0 0.62932
 0 0.62932
 0 0.62932
 0 0.629354
 0 0.629372
 0 0.629373
 0 0.629542
 0 0.629543
 0 0.629545
 0 0.629545
 0 0.629572
 0 0.62963
 0 0.629632
 0 0.629705
 0 0.629705
 0 0.629724
 0 0.629725
 0 0.629808
 0 0.629808
 0 0.629808
 0 0.629808
 0 0.629811
 0 0.629811
 0 0.629811
 0 0.62988
 0 0.62988
 0 0.629882
 0 0.629883
 0 0.629884
 0 0.629925
 0 0.629929
 0 0.629964
 0 0.629964
 0 0.629985
 0 0.629987
 0 0.629987
 0 0.629987
 0 0.630011
 0 0.630043
 0 0.630043
 0 0.630101
 0 0.630173
 0 0.630228
 0 0.630229
 0 0.630264
 0 0.63027
 0 0.630271
 0 0.630271
 0 0.630297
 0 0.630305
 0 0.630306
 0 0.630313
 0 0.630326
 0 0.630326
 0 0.630335
 0 0.63035
 0 0.63035
 0 0.630351
 0 0.630414
 0 0.630415
 0 0.630464
 0 0.630464
 0 0.630464
 0 0.630488
 0 0.630488
 0 0.630492
 0 0.630493
 0 0.630515
 0 0.630534
 0 0.630544
 0 0.630544
 0 0.630545
 0 0.630545
 0 0.630548
 0 0.630549
 0 0.630551
 0 0.630553
 0 0.630553
 0 0.630553
 0 0.630553
 0 0.630611
 0 0.63062
 0 0.630628
 0 0.630629
 0 0.63063
 0 0.63063
 0 0.63066
 0 0.630661
 0 0.630662
 0 0.630662
 0 0.630662
 0 0.630765
 0 0.630766
 0 0.630775
 0 0.630775
 0 0.63078
 0 0.63078
 0 0.630787
 0 0.630787
 0 0.630787
 0 0.630802
 0 0.630849
 0 0.63086
 0 0.630861
 0 0.630867
 0 0.630867
 0 0.630867
 0 0.630868
 0 0.630868
 0 0.630871
 0 0.630881
 0 0.630888
 0 0.630896
 0 0.630897
 0 0.630902
 0 0.630906
 0 0.63092
 0 0.630921
 0 0.630931
 0 0.630932
 0 0.630953
 0 0.630954
 0 0.630979
 0 0.630989
 0 0.630989
 0 0.630989
 0 0.63099
 0 0.631007
 0 0.631054
 0 0.631054
 0 0.631054
 0 0.631055
 0 0.631069
 0 0.631069
 0 0.631072
 0 0.631098
 0 0.631098
 0 0.631098
 0 0.631098
 0 0.631098
 0 0.631098
 0 0.631107
 0 0.631117
 0 0.631131
 0 0.631131
 0 0.631167
 0 0.631168
 0 0.631176
 0 0.631177
 0 0.631177
 0 0.631178
 0 0.631187
 0 0.631193
 0 0.631193
 0 0.631193
 0 0.631194
 0 0.631231
 0 0.631231
 0 0.631242
 0 0.631242
 0 0.631247
 0 0.631247
 0 0.631247
 0 0.631255
 0 0.631255
 0 0.631262
 0 0.631264
 0 0.631264
 0 0.631267
 0 0.631267
 0 0.631268
 0 0.631269
 0 0.63128
 0 0.63128
 0 0.631281
 0 0.631288
 0 0.631293
 0 0.631304
 0 0.631304
 0 0.631305
 0 0.631336
 0 0.63137
 0 0.631389
 0 0.631391
 0 0.631448
 0 0.63146
 0 0.63146
 0 0.63146
 0 0.631472
 0 0.631472
 0 0.631499
 0 0.631515
 0 0.631515
 0 0.631516
 0 0.631517
 0 0.631541
 0 0.631541
 0 0.631542
 0 0.631542
 0 0.631546
 0 0.631546
 0 0.631548
 0 0.631554
 0 0.631561
 0 0.631581
 0 0.631581
 0 0.631581
 0 0.631584
 0 0.631602
 0 0.631639
 0 0.631639
 0 0.631641
 0 0.631649
 0 0.631649
 0 0.63165
 0 0.631658
 0 0.631658
 0 0.631659
 0 0.63166
 0 0.631671
 0 0.631685
 0 0.631685
 0 0.631686
 0 0.631691
 0 0.631691
 0 0.631692
 0 0.631693
 0 0.631698
 0 0.631699
 0 0.631716
 0 0.63172
 0 0.631734
 0 0.631734
 0 0.631761
 0 0.631761
 0 0.631767
 0 0.631767
 0 0.631818
 0 0.63183
 0 0.63183
 0 0.63183
 0 0.631867
 0 0.631868
 0 0.631868
 0 0.631875
 0 0.631875
 0 0.631888
 0 0.631901
 0 0.631901
 0 0.631908
 0 0.631909
 0 0.631909
 0 0.631909
 0 0.631909
 0 0.631939
 0 0.631945
 0 0.631945
 0 0.631971
 0 0.631996
 0 0.631996
 0 0.632
 0 0.632001
 0 0.632041
 0 0.632043
 0 0.632054
 0 0.632055
 0 0.632058
 0 0.632059
 0 0.632059
 0 0.632082
 0 0.632082
 0 0.632088
 0 0.632088
 0 0.632099
 0 0.632099
 0 0.632117
 0 0.632118
 0 0.632119
 0 0.632121
 0 0.632124
 0 0.632124
 0 0.632132
 0 0.632142
 0 0.632143
 0 0.632143
 0 0.632147
 0 0.632147
 0 0.632148
 0 0.632148
 0 0.632149
 0 0.632153
 0 0.632153
 0 0.632155
 0 0.63216
 0 0.63216
 0 0.63218
 0 0.632182
 0 0.63221
 0 0.632217
 0 0.632217
 0 0.632217
 0 0.632217
 0 0.632223
 0 0.632224
 0 0.632232
 0 0.632232
 0 0.632232
 0 0.632244
 0 0.632245
 0 0.632245
 0 0.632245
 0 0.632245
 0 0.632246
 0 0.63225
 0 0.632251
 0 0.632261
 0 0.632268
 0 0.632268
 0 0.632273
 0 0.632273
 0 0.632274
 0 0.632282
 0 0.632282
 0 0.632282
 0 0.632294
 0 0.632302
 0 0.632302
 0 0.63232
 0 0.632321
 0 0.632321
 0 0.632332
 0 0.632332
 0 0.632333
 0 0.632335
 0 0.632335
 0 0.632335
 0 0.632336
 0 0.632344
 0 0.632345
 0 0.632346
 0 0.63235
 0 0.632365
 0 0.632365
 0 0.632365
 0 0.632365
 0 0.632367
 0 0.632381
 0 0.632387
 0 0.632387
 0 0.632387
 0 0.632397
 0 0.632397
 0 0.632403
 0 0.63242
 0 0.63242
 0 0.63242
 0 0.63242
 0 0.63242
 0 0.632424
 0 0.632425
 0 0.632443
 0 0.632444
 0 0.632444
 0 0.632453
 0 0.632467
 0 0.632467
 0 0.632469
 0 0.63247
 0 0.632471
 0 0.632471
 0 0.632475
 0 0.632477
 0 0.632477
 0 0.632477
 0 0.632483
 0 0.632483
 0 0.63249
 0 0.63249
 0 0.632492
 0 0.632498
 0 0.632498
 0 0.632498
 0 0.632499
 0 0.632519
 0 0.632519
 0 0.632542
 0 0.63255
 0 0.632551
 0 0.632574
 0 0.632574
 0 0.632574
 0 0.632585
 0 0.632585
 0 0.632585
 0 0.632589
 0 0.632598
 0 0.632599
 0 0.632599
 0 0.632599
 0 0.632599
 0 0.632599
 0 0.632612
 0 0.632613
 0 0.632618
 0 0.632621
 0 0.632621
 0 0.632622
 0 0.632623
 0 0.632633
 0 0.632634
 0 0.632634
 0 0.632636
 0 0.632636
 0 0.632636
 0 0.632637
 0 0.632638
 0 0.63264
 0 0.632646
 0 0.632674
 0 0.632681
 0 0.632682
 0 0.632682
 0 0.632682
 0 0.632683
 0 0.632693
 0 0.632693
 0 0.632702
 0 0.632702
 0 0.632703
 0 0.632704
 0 0.632704
 0 0.632707
 0 0.632707
 0 0.632707
 0 0.632715
 0 0.632715
 0 0.632731
 0 0.632731
 0 0.632744
 0 0.632744
 0 0.632744
 0 0.632744
 0 0.632744
 0 0.63275
 0 0.63275
 0 0.632762
 0 0.632762
 0 0.632764
 0 0.632764
 0 0.632765
 0 0.632789
 0 0.632789
 0 0.632789
 0 0.63279
 0 0.63279
 0 0.632791
 0 0.632793
 0 0.632794
 0 0.632806
 0 0.63282
 0 0.63282
 0 0.632822
 0 0.632822
 0 0.632824
 0 0.632824
 0 0.632827
 0 0.632827
 0 0.632836
 0 0.632842
 0 0.632854
 0 0.632854
 0 0.632863
 0 0.63287
 0 0.632871
 0 0.632881
 0 0.632888
 0 0.632894
 0 0.632902
 0 0.632903
 0 0.632903
 0 0.632905
 0 0.632905
 0 0.632922
 0 0.632922
 0 0.632924
 0 0.632924
 0 0.632931
 0 0.632949
 0 0.632949
 0 0.632959
 0 0.632959
 0 0.632959
 0 0.632959
 0 0.632966
 0 0.632969
 0 0.632972
 0 0.632973
 0 0.632985
 0 0.632986
 0 0.632994
 0 0.633
 0 0.633009
 0 0.633012
 0 0.633014
 0 0.633017
 0 0.633017
 0 0.633017
 0 0.63302
 0 0.633021
 0 0.633022
 0 0.633022
 0 0.633022
 0 0.633023
 0 0.633033
 0 0.633056
 0 0.633066
 0 0.633066
 0 0.633083
 0 0.633092
 0 0.633092
 0 0.633092
 0 0.633098
 0 0.633098
 0 0.633099
 0 0.633101
 0 0.633111
 0 0.633111
 0 0.633158
 0 0.633168
 0 0.633193
 0 0.633193
 0 0.633193
 0 0.633194
 0 0.633205
 0 0.633206
 0 0.633224
 0 0.633224
 0 0.63323
 0 0.633231
 0 0.633231
 0 0.63324
 0 0.633252
 0 0.633253
 0 0.633254
 0 0.633258
 0 0.633272
 0 0.633272
 0 0.633274
 0 0.633275
 0 0.633301
 0 0.633301
 0 0.633304
 0 0.633329
 0 0.633332
 0 0.633333
 0 0.633337
 0 0.633338
 0 0.63334
 0 0.63334
 0 0.633343
 0 0.633344
 0 0.633344
 0 0.633344
 0 0.633347
 0 0.633347
 0 0.633349
 0 0.633349
 0 0.63335
 0 0.63335
 0 0.63335
 0 0.633357
 0 0.633402
 0 0.633402
 0 0.633402
 0 0.633409
 0 0.63342
 0 0.633421
 0 0.633422
 0 0.633422
 0 0.633422
 0 0.633423
 0 0.633442
 0 0.633443
 0 0.633444
 0 0.633445
 0 0.633445
 0 0.633448
 0 0.63345
 0 0.63345
 0 0.63345
 0 0.633462
 0 0.633471
 0 0.633477
 0 0.633478
 0 0.633478
 0 0.633478
 0 0.633483
 0 0.633483
 0 0.633488
 0 0.633488
 0 0.633488
 0 0.633488
 0 0.633488
 0 0.633493
 0 0.633494
 0 0.633494
 0 0.633494
 0 0.633495
 0 0.633497
 0 0.633497
 0 0.633506
 0 0.633511
 0 0.633514
 0 0.633514
 0 0.633519
 0 0.633519
 0 0.633521
 0 0.633521
 0 0.633521
 0 0.633521
 0 0.633521
 0 0.633525
 0 0.633525
 0 0.633526
 0 0.633527
 0 0.633527
 0 0.633527
 0 0.633527
 0 0.63353
 0 0.63353
 0 0.633537
 0 0.633538
 0 0.63354
 0 0.63354
 0 0.633541
 0 0.633541
 0 0.633542
 0 0.633544
 0 0.633544
 0 0.633547
 0 0.633548
 0 0.633548
 0 0.633549
 0 0.633549
 0 0.633549
 0 0.633549
 0 0.633549
 0 0.63355
 0 0.63355
 0 0.63355
 0 0.63355
 0 0.63355
 0 0.633561
 0 0.633562
 0 0.633565
 0 0.633565
 0 0.633565
 0 0.633565
 0 0.63357
 0 0.633575
 0 0.633575
 0 0.633582
 0 0.633585
 0 0.633585
 0 0.633586
 0 0.633591
 0 0.633593
 0 0.633594
 0 0.633599
 0 0.633599
 0 0.63361
 0 0.633611
 0 0.633612
 0 0.633613
 0 0.633614
 0 0.633625
 0 0.633625
 0 0.633644
 0 0.633671
 0 0.633671
 0 0.633674
 0 0.633688
 0 0.633703
 0 0.633703
 0 0.63372
 0 0.63372
 0 0.633731
 0 0.633735
 0 0.633735
 0 0.63374
 0 0.633767
 0 0.633769
 0 0.633791
 0 0.633798
 0 0.633801
 0 0.633801
 0 0.633801
 0 0.633805
 0 0.633805
 0 0.633808
 0 0.633808
 0 0.633808
 0 0.633808
 0 0.633808
 0 0.633858
 0 0.633859
 0 0.633868
 0 0.633868
 0 0.633873
 0 0.633873
 0 0.633873
 0 0.633873
 0 0.633873
 0 0.633876
 0 0.633878
 0 0.633879
 0 0.63388
 0 0.6339
 0 0.6339
 0 0.633908
 0 0.633915
 0 0.633916
 0 0.633924
 0 0.633924
 0 0.633924
 0 0.633926
 0 0.633926
 0 0.633935
 0 0.633935
 0 0.633942
 0 0.633945
 0 0.633951
 0 0.633961
 0 0.633971
 0 0.633975
 0 0.633975
 0 0.633976
 0 0.633985
 0 0.633998
 0 0.634009
 0 0.634026
 0 0.634026
 0 0.634026
 0 0.634027
 0 0.634027
 0 0.634027
 0 0.634029
 0 0.634029
 0 0.634029
 0 0.63403
 0 0.634043
 0 0.634043
 0 0.634043
 0 0.63405
 0 0.634051
 0 0.634064
 0 0.634071
 0 0.634087
 0 0.634088
 0 0.634089
 0 0.634089
 0 0.634095
 0 0.634095
 0 0.634096
 0 0.634096
 0 0.634101
 0 0.634101
 0 0.634115
 0 0.634121
 0 0.634121
 0 0.634121
 0 0.634121
 0 0.634124
 0 0.634124
 0 0.634124
 0 0.634124
 0 0.634131
 0 0.634136
 0 0.634137
 0 0.634138
 0 0.634139
 0 0.634139
 0 0.63414
 0 0.63414
 0 0.63414
 0 0.634149
 0 0.634149
 0 0.634153
 0 0.634153
 0 0.634159
 0 0.63416
 0 0.634167
 0 0.634168
 0 0.634172
 0 0.634174
 0 0.634174
 0 0.634174
 0 0.634175
 0 0.634184
 0 0.634184
 0 0.634185
 0 0.634187
 0 0.634188
 0 0.634188
 0 0.63419
 0 0.63419
 0 0.634213
 0 0.634214
 0 0.634214
 0 0.634214
 0 0.634215
 0 0.634215
 0 0.634231
 0 0.634251
 0 0.634257
 0 0.634258
 0 0.63426
 0 0.63426
 0 0.634275
 0 0.634275
 0 0.634278
 0 0.634289
 0 0.634302
 0 0.634314
 0 0.634314
 0 0.634314
 0 0.634314
 0 0.634314
 0 0.634315
 0 0.634316
 0 0.634316
 0 0.634317
 0 0.634327
 0 0.634328
 0 0.634332
 0 0.634333
 0 0.634335
 0 0.634336
 0 0.634336
 0 0.634336
 0 0.634346
 0 0.634351
 0 0.634351
 0 0.634352
 0 0.634361
 0 0.634361
 0 0.634362
 0 0.634368
 0 0.634378
 0 0.63439
 0 0.634391
 0 0.634392
 0 0.634392
 0 0.634401
 0 0.634401
 0 0.634405
 0 0.634405
 0 0.63441
 0 0.63441
 0 0.634436
 0 0.634436
 0 0.634446
 0 0.634446
 0 0.634455
 0 0.634455
 0 0.634455
 0 0.634456
 0 0.634456
 0 0.634456
 0 0.634456
 0 0.634456
 0 0.634464
 0 0.634485
 0 0.634485
 0 0.634485
 0 0.634493
 0 0.634493
 0 0.634493
 0 0.634509
 0 0.634517
 0 0.634517
 0 0.634518
 0 0.634526
 0 0.634528
 0 0.634528
 0 0.63453
 0 0.63453
 0 0.63454
 0 0.634547
 0 0.634547
 0 0.634547
 0 0.634547
 0 0.634547
 0 0.634563
 0 0.634563
 0 0.634563
 0 0.634572
 0 0.634572
 0 0.634574
 0 0.634574
 0 0.634574
 0 0.634575
 0 0.634576
 0 0.634587
 0 0.634587
 0 0.634587
 0 0.634587
 0 0.634597
 0 0.634597
 0 0.634597
 0 0.634598
 0 0.634599
 0 0.634599
 0 0.634605
 0 0.634612
 0 0.634619
 0 0.634619
 0 0.634638
 0 0.634638
 0 0.634639
 0 0.634641
 0 0.634641
 0 0.634652
 0 0.634653
 0 0.634659
 0 0.634659
 0 0.634668
 0 0.634668
 0 0.634668
 0 0.634668
 0 0.634673
 0 0.634676
 0 0.634676
 0 0.634678
 0 0.634688
 0 0.634688
 0 0.634688
 0 0.634688
 0 0.634703
 0 0.634707
 0 0.63471
 0 0.63471
 0 0.634714
 0 0.634719
 0 0.63472
 0 0.63472
 0 0.63472
 0 0.63472
 0 0.63472
 0 0.63472
 0 0.634729
 0 0.634729
 0 0.63473
 0 0.634732
 0 0.634732
 0 0.634739
 0 0.634743
 0 0.634744
 0 0.634749
 0 0.634749
 0 0.634752
 0 0.634761
 0 0.634792
 0 0.634792
 0 0.634792
 0 0.634801
 0 0.634801
 0 0.634801
 0 0.634802
 0 0.634809
 0 0.634814
 0 0.634817
 0 0.634825
 0 0.634826
 0 0.634827
 0 0.634828
 0 0.634828
 0 0.634835
 0 0.634851
 0 0.634851
 0 0.634861
 0 0.634862
 0 0.634862
 0 0.634865
 0 0.634866
 0 0.634866
 0 0.634869
 0 0.63487
 0 0.634888
 0 0.634891
 0 0.634894
 0 0.634894
 0 0.634895
 0 0.63492
 0 0.634931
 0 0.634931
 0 0.634976
 0 0.634977
 0 0.634978
 0 0.634978
 0 0.634984
 0 0.634984
 0 0.634988
 0 0.634989
 0 0.634991
 0 0.634999
 0 0.635007
 0 0.635008
 0 0.63502
 0 0.63502
 0 0.63502
 0 0.635025
 0 0.635027
 0 0.635027
 0 0.635028
 0 0.635028
 0 0.63505
 0 0.635057
 0 0.635057
 0 0.635058
 0 0.635062
 0 0.635062
 0 0.635069
 0 0.635069
 0 0.635069
 0 0.635079
 0 0.63508
 0 0.635082
 0 0.635084
 0 0.635084
 0 0.635085
 0 0.635088
 0 0.635089
 0 0.635095
 0 0.635095
 0 0.635095
 0 0.635095
 0 0.635096
 0 0.635096
 0 0.6351
 0 0.635101
 0 0.635102
 0 0.635102
 0 0.635102
 0 0.635103
 0 0.635105
 0 0.635111
 0 0.635111
 0 0.635111
 0 0.635115
 0 0.635127
 0 0.635127
 0 0.635127
 0 0.635127
 0 0.635136
 0 0.635136
 0 0.635146
 0 0.635146
 0 0.635147
 0 0.635148
 0 0.635148
 0 0.63515
 0 0.635151
 0 0.635152
 0 0.635152
 0 0.635153
 0 0.635177
 0 0.635179
 0 0.635179
 0 0.635181
 0 0.635194
 0 0.635194
 0 0.635195
 0 0.635203
 0 0.635209
 0 0.63521
 0 0.63521
 0 0.635214
 0 0.635216
 0 0.635216
 0 0.635216
 0 0.635217
 0 0.635217
 0 0.635233
 0 0.635233
 0 0.635266
 0 0.635268
 0 0.635269
 0 0.635293
 0 0.635302
 0 0.635302
 0 0.635303
 0 0.635303
 0 0.63531
 0 0.63531
 0 0.635311
 0 0.635311
 0 0.635311
 0 0.635311
 0 0.635314
 0 0.635315
 0 0.635316
 0 0.635316
 0 0.635322
 0 0.635322
 0 0.635322
 0 0.635326
 0 0.635327
 0 0.635327
 0 0.635327
 0 0.635327
 0 0.635363
 0 0.635363
 0 0.635388
 0 0.635392
 0 0.635409
 0 0.635413
 0 0.635413
 0 0.635448
 0 0.635448
 0 0.635448
 0 0.635451
 0 0.635451
 0 0.635451
 0 0.635455
 0 0.635457
 0 0.635466
 0 0.635473
 0 0.635475
 0 0.635475
 0 0.635475
 0 0.635476
 0 0.635486
 0 0.635487
 0 0.635487
 0 0.635491
 0 0.635492
 0 0.635511
 0 0.635518
 0 0.635523
 0 0.635523
 0 0.635523
 0 0.635523
 0 0.635523
 0 0.635535
 0 0.635535
 0 0.635536
 0 0.635539
 0 0.635539
 0 0.635539
 0 0.635551
 0 0.635554
 0 0.635554
 0 0.635561
 0 0.635561
 0 0.635565
 0 0.635568
 0 0.635579
 0 0.635579
 0 0.635586
 0 0.635586
 0 0.635587
 0 0.635592
 0 0.635596
 0 0.635598
 0 0.635598
 0 0.635629
 0 0.63563
 0 0.635637
 0 0.635637
 0 0.635652
 0 0.635668
 0 0.635668
 0 0.635668
 0 0.635668
 0 0.635668
 0 0.635673
 0 0.635699
 0 0.6357
 0 0.635723
 0 0.635754
 0 0.635759
 0 0.635762
 0 0.635763
 0 0.635763
 0 0.635777
 0 0.635779
 0 0.635779
 0 0.635779
 0 0.635782
 0 0.635794
 0 0.635794
 0 0.635795
 0 0.635795
 0 0.635796
 0 0.635805
 0 0.635835
 0 0.635835
 0 0.635843
 0 0.63585
 0 0.63585
 0 0.635851
 0 0.635853
 0 0.635856
 0 0.635865
 0 0.635875
 0 0.635875
 0 0.635876
 0 0.635888
 0 0.635888
 0 0.63589
 0 0.635891
 0 0.635891
 0 0.635894
 0 0.635894
 0 0.635906
 0 0.635908
 0 0.635908
 0 0.635909
 0 0.635909
 0 0.635921
 0 0.635921
 0 0.635923
 0 0.635923
 0 0.63594
 0 0.635941
 0 0.635963
 0 0.635963
 0 0.635963
 0 0.635963
 0 0.635964
 0 0.635988
 0 0.635995
 0 0.635995
 0 0.635995
 0 0.636002
 0 0.63601
 0 0.636022
 0 0.636039
 0 0.636042
 0 0.636044
 0 0.63605
 0 0.636051
 0 0.636054
 0 0.636055
 0 0.636055
 0 0.636065
 0 0.636065
 0 0.636099
 0 0.636135
 0 0.636137
 0 0.636165
 0 0.636235
 0 0.636235
 0 0.636235
 0 0.636237
 0 0.636238
 0 0.636284
 0 0.636305
 0 0.636306
 0 0.636306
 0 0.636306
 0 0.636307
 0 0.636307
 0 0.636307
 0 0.63631
 0 0.63631
 0 0.636334
 0 0.636344
 0 0.636356
 0 0.636356
 0 0.636356
 0 0.636356
 0 0.636356
 0 0.636356
 0 0.63637
 0 0.636371
 0 0.636371
 0 0.636386
 0 0.636386
 0 0.636392
 0 0.636392
 0 0.636401
 0 0.636402
 0 0.636403
 0 0.636403
 0 0.636405
 0 0.636406
 0 0.636407
 0 0.636409
 0 0.636409
 0 0.63641
 0 0.63642
 0 0.636435
 0 0.636435
 0 0.636435
 0 0.636436
 0 0.636443
 0 0.636443
 0 0.636444
 0 0.636451
 0 0.636457
 0 0.63646
 0 0.636466
 0 0.636469
 0 0.636469
 0 0.636475
 0 0.636476
 0 0.636482
 0 0.636494
 0 0.636494
 0 0.6365
 0 0.636501
 0 0.636501
 0 0.636501
 0 0.636503
 0 0.636513
 0 0.636513
 0 0.636513
 0 0.636514
 0 0.636522
 0 0.63654
 0 0.636542
 0 0.636542
 0 0.636543
 0 0.636543
 0 0.636593
 0 0.636593
 0 0.636593
 0 0.636608
 0 0.636646
 0 0.636686
 0 0.636724
 0 0.636731
 0 0.636732
 0 0.636745
 0 0.636756
 0 0.636756
 0 0.636772
 0 0.636803
 0 0.636803
 0 0.636818
 0 0.636818
 0 0.636822
 0 0.636834
 0 0.636884
 0 0.636884
 0 0.636884
 0 0.636906
 0 0.636907
 0 0.636932
 0 0.636936
 0 0.636939
 0 0.636941
 0 0.636953
 0 0.63696
 0 0.63696
 0 0.637003
 0 0.637113
 0 0.637176
 0 0.637193
 0 0.637195
 0 0.637195
 0 0.637195
 0 0.637196
 0 0.637196
 0 0.637235
 0 0.637235
 0 0.637245
 0 0.637276
 0 0.637298
 0 0.637299
 0 0.637299
 0 0.637304
 0 0.637304
 0 0.637305
 0 0.637333
 0 0.637381
 0 0.63739
 0 0.63739
 0 0.637391
 0 0.637398
 0 0.637435
 0 0.637435
 0 0.637436
 0 0.637462
 0 0.637472
 0 0.637473
 0 0.637493
 0 0.637493
 0 0.637493
 0 0.637498
 0 0.637563
 0 0.637563
 0 0.637581
 0 0.637581
 0 0.637582
 0 0.637584
 0 0.637592
 0 0.637605
 0 0.637625
 0 0.637631
 0 0.637631
 0 0.637632
 0 0.637632
 0 0.637711
 0 0.637711
 0 0.637712
 0 0.637854
 0 0.637855
 0 0.637866
 0 0.637949
 0 0.637949
 0 0.63801
 0 0.63801
 0 0.638196
 0 0.638198
 0 0.638198
 0 0.638273
 0 0.638273
 0 0.638275
 0 0.638283
 0 0.638284
 0 0.63833
 0 0.638384
 0 0.638384
 0 0.638384
 0 0.63844
 0 0.638453
 0 0.638453
 0 0.638453
 0 0.638738
 0 0.638787
 0 0.638788
 0 0.638788
 0 0.638788
 0 0.638789
 0 0.638876
 0 0.638876
 0 0.638878
 0 0.638885
 0 0.638885
 0 0.638929
 0 0.639036
 0 0.639267
 0 0.639319
 0 0.639319
 0 0.639333
 0 0.639333
 0 0.639334
 0 0.639401
 0 0.639484
 0 0.639485
 0 0.639485
 0 0.639585
 0 0.639585
 0 0.639759
 0 0.639866
 0 0.639867
 0 0.639983
 0 0.639983
 0 0.640046
 0 0.640046
 0 0.640123
 0 0.640217
 0 0.640217
 0 0.640217
 0 0.640491
 0 0.640491
 0 0.640491
 0 0.6408
 0 0.640956
 0 0.640956
 0 0.640991
 0 0.640991
 0 0.641511
 0 0.641511
 0 0.641644
 0 0.64259
 0 0.64259
 0 0.642842
 0 0.643486
 0 0.643486
 0 0.643738
 0 inf
