 0 0.489434
 0 0.489435
 0 0.489866
 0 0.489866
 0 0.490549
 0 0.49098
 0 0.49858
 0 0.49858
 0 0.498627
 0 0.498627
 0 0.498628
 0 0.498978
 0 0.618293
 0 0.618817
 0 0.619126
 0 0.619127
 0 0.619489
 0 0.619651
 0 0.622852
 0 0.622853
 0 0.622885
 0 0.622885
 0 0.622886
 0 0.623718
 0 0.623754
 0 0.624185
 0 0.624678
 0 0.624678
 0 0.624679
 0 0.624899
 0 0.624901
 0 0.625003
 0 0.625003
 0 0.625044
 0 0.625044
 0 0.625248
 0 0.625349
 0 0.625413
 0 0.625516
 0 0.625516
 0 0.625725
 0 0.625726
 0 0.625726
 0 0.625726
 0 0.625806
 0 0.625807
 0 0.625807
 0 0.626026
 0 0.626026
 0 0.626026
 0 0.62617
 0 0.62617
 0 0.62617
 0 0.626299
 0 0.626302
 0 0.626375
 0 0.626375
 0 0.626419
 0 0.626523
 0 0.626523
 0 0.626547
 0 0.626547
 0 0.626548
 0 0.626548
 0 0.626669
 0 0.626682
 0 0.626682
 0 0.626822
 0 0.626822
 0 0.626862
 0 0.626864
 0 0.626864
 0 0.626864
 0 0.626864
 0 0.626875
 0 0.626876
 0 0.626876
 0 0.626876
 0 0.626876
 0 0.626996
 0 0.626997
 0 0.627003
 0 0.627014
 0 0.627014
 0 0.627014
 0 0.627085
 0 0.627086
 0 0.627166
 0 0.627167
 0 0.627177
 0 0.627177
 0 0.627177
 0 0.62723
 0 0.62723
 0 0.627502
 0 0.627517
 0 0.627517
 0 0.627536
 0 0.627536
 0 0.627536
 0 0.62757
 0 0.627599
 0 0.6276
 0 0.627635
 0 0.627635
 0 0.627701
 0 0.627728
 0 0.62773
 0 0.627746
 0 0.627816
 0 0.627879
 0 0.62788
 0 0.62788
 0 0.627894
 0 0.627904
 0 0.627922
 0 0.62793
 0 0.62793
 0 0.62793
 0 0.62797
 0 0.628029
 0 0.628031
 0 0.62804
 0 0.62804
 0 0.628108
 0 0.628195
 0 0.628195
 0 0.628195
 0 0.628195
 0 0.628202
 0 0.628202
 0 0.628202
 0 0.628202
 0 0.628207
 0 0.628211
 0 0.628218
 0 0.628248
 0 0.628249
 0 0.628249
 0 0.628326
 0 0.628326
 0 0.628351
 0 0.628351
 0 0.628351
 0 0.628351
 0 0.628485
 0 0.628485
 0 0.628518
 0 0.628518
 0 0.628518
 0 0.628574
 0 0.628669
 0 0.628669
 0 0.62867
 0 0.628695
 0 0.628698
 0 0.628698
 0 0.628733
 0 0.628733
 0 0.628733
 0 0.628741
 0 0.628742
 0 0.628742
 0 0.628742
 0 0.628787
 0 0.628801
 0 0.628802
 0 0.628802
 0 0.628802
 0 0.628825
 0 0.628825
 0 0.628825
 0 0.628845
 0 0.628969
 0 0.628969
 0 0.629026
 0 0.629048
 0 0.629049
 0 0.629115
 0 0.629115
 0 0.629142
 0 0.62916
 0 0.629273
 0 0.629274
 0 0.629275
 0 0.629275
 0 0.629275
 0 0.629277
 0 0.629277
 0 0.629285
 0 0.629285
 0 0.629286
 0 0.629287
 0 0.629299
 0 0.629299
 0 0.6293
 0 0.62931
 0 0.629365
 0 0.629465
 0 0.629465
 0 0.629487
 0 0.629487
 0 0.629487
 0 0.629487
 0 0.629487
 0 0.629513
 0 0.629522
 0 0.629523
 0 0.629523
 0 0.629528
 0 0.629531
 0 0.629531
 0 0.629537
 0 0.629537
 0 0.629538
 0 0.629557
 0 0.629557
 0 0.629558
 0 0.629574
 0 0.629574
 0 0.629574
 0 0.629606
 0 0.629606
 0 0.629616
 0 0.629617
 0 0.629617
 0 0.629617
 0 0.629623
 0 0.629649
 0 0.629662
 0 0.629662
 0 0.629692
 0 0.629692
 0 0.629693
 0 0.629693
 0 0.629693
 0 0.6297
 0 0.629702
 0 0.629737
 0 0.629737
 0 0.629737
 0 0.629737
 0 0.629737
 0 0.629744
 0 0.629745
 0 0.629762
 0 0.629766
 0 0.629776
 0 0.629776
 0 0.629776
 0 0.629776
 0 0.629844
 0 0.629845
 0 0.629845
 0 0.629866
 0 0.629871
 0 0.629879
 0 0.629879
 0 0.629879
 0 0.629879
 0 0.62988
 0 0.629889
 0 0.629891
 0 0.629894
 0 0.629896
 0 0.629896
 0 0.629903
 0 0.629903
 0 0.629903
 0 0.629903
 0 0.629903
 0 0.629903
 0 0.629905
 0 0.629905
 0 0.629959
 0 0.62996
 0 0.62996
 0 0.629963
 0 0.629999
 0 0.629999
 0 0.629999
 0 0.629999
 0 0.630002
 0 0.630002
 0 0.63002
 0 0.63002
 0 0.630055
 0 0.630056
 0 0.630068
 0 0.630086
 0 0.630094
 0 0.630103
 0 0.630118
 0 0.630119
 0 0.630119
 0 0.630134
 0 0.630136
 0 0.630147
 0 0.630147
 0 0.630182
 0 0.630182
 0 0.63019
 0 0.630226
 0 0.630233
 0 0.630233
 0 0.630233
 0 0.630264
 0 0.630265
 0 0.630308
 0 0.630309
 0 0.630309
 0 0.630309
 0 0.63033
 0 0.63033
 0 0.630333
 0 0.630349
 0 0.630376
 0 0.630389
 0 0.630389
 0 0.630409
 0 0.63041
 0 0.630433
 0 0.630436
 0 0.630436
 0 0.630442
 0 0.630444
 0 0.630444
 0 0.630452
 0 0.630462
 0 0.630462
 0 0.630462
 0 0.630477
 0 0.630495
 0 0.630499
 0 0.6305
 0 0.6305
 0 0.630501
 0 0.630504
 0 0.630515
 0 0.630538
 0 0.63054
 0 0.63055
 0 0.63056
 0 0.63056
 0 0.630561
 0 0.630563
 0 0.630566
 0 0.630566
 0 0.630572
 0 0.630572
 0 0.630594
 0 0.630627
 0 0.630628
 0 0.630632
 0 0.630632
 0 0.630632
 0 0.630635
 0 0.630635
 0 0.630635
 0 0.630651
 0 0.630651
 0 0.630652
 0 0.630652
 0 0.630655
 0 0.630655
 0 0.630655
 0 0.630659
 0 0.63066
 0 0.630668
 0 0.630668
 0 0.630671
 0 0.630671
 0 0.63068
 0 0.63068
 0 0.630686
 0 0.630686
 0 0.630714
 0 0.630714
 0 0.630731
 0 0.630731
 0 0.630735
 0 0.630735
 0 0.630736
 0 0.63074
 0 0.630754
 0 0.630757
 0 0.630773
 0 0.630774
 0 0.630782
 0 0.63081
 0 0.63081
 0 0.630815
 0 0.630816
 0 0.630818
 0 0.630818
 0 0.630818
 0 0.630818
 0 0.630818
 0 0.63082
 0 0.630849
 0 0.630849
 0 0.630849
 0 0.630849
 0 0.630858
 0 0.630862
 0 0.630864
 0 0.630864
 0 0.630866
 0 0.630889
 0 0.630889
 0 0.630905
 0 0.630905
 0 0.630905
 0 0.630905
 0 0.63092
 0 0.630921
 0 0.630928
 0 0.630928
 0 0.630928
 0 0.630943
 0 0.630943
 0 0.630968
 0 0.630968
 0 0.630969
 0 0.630969
 0 0.630981
 0 0.630988
 0 0.63099
 0 0.630995
 0 0.631041
 0 0.631043
 0 0.631043
 0 0.631048
 0 0.63107
 0 0.63107
 0 0.631071
 0 0.631079
 0 0.631092
 0 0.631105
 0 0.631159
 0 0.631159
 0 0.631189
 0 0.63119
 0 0.63119
 0 0.63119
 0 0.631234
 0 0.631234
 0 0.631241
 0 0.631241
 0 0.631241
 0 0.631273
 0 0.631294
 0 0.631296
 0 0.631296
 0 0.631296
 0 0.631298
 0 0.631305
 0 0.631305
 0 0.631306
 0 0.631306
 0 0.631325
 0 0.631325
 0 0.631338
 0 0.631354
 0 0.631354
 0 0.631355
 0 0.631355
 0 0.631355
 0 0.631359
 0 0.631359
 0 0.631382
 0 0.631382
 0 0.631387
 0 0.631389
 0 0.631426
 0 0.631427
 0 0.631427
 0 0.631438
 0 0.631465
 0 0.631466
 0 0.631475
 0 0.631476
 0 0.631476
 0 0.631483
 0 0.631485
 0 0.631496
 0 0.631513
 0 0.631537
 0 0.631537
 0 0.631537
 0 0.631553
 0 0.631574
 0 0.63159
 0 0.6316
 0 0.6316
 0 0.6316
 0 0.631603
 0 0.631637
 0 0.631638
 0 0.631639
 0 0.63164
 0 0.631647
 0 0.631647
 0 0.631647
 0 0.631647
 0 0.631676
 0 0.631699
 0 0.631699
 0 0.631704
 0 0.631704
 0 0.63171
 0 0.631711
 0 0.631733
 0 0.631751
 0 0.631751
 0 0.631761
 0 0.63177
 0 0.631776
 0 0.631776
 0 0.631793
 0 0.631793
 0 0.631812
 0 0.631822
 0 0.631827
 0 0.631827
 0 0.631839
 0 0.631839
 0 0.63185
 0 0.63185
 0 0.631877
 0 0.631877
 0 0.63188
 0 0.63188
 0 0.631881
 0 0.631881
 0 0.631881
 0 0.631897
 0 0.631897
 0 0.631905
 0 0.631905
 0 0.631918
 0 0.631919
 0 0.631919
 0 0.631922
 0 0.631925
 0 0.631932
 0 0.631932
 0 0.631937
 0 0.631945
 0 0.631968
 0 0.631968
 0 0.631971
 0 0.631982
 0 0.631982
 0 0.631982
 0 0.631985
 0 0.631985
 0 0.631985
 0 0.632008
 0 0.632008
 0 0.632008
 0 0.632008
 0 0.632008
 0 0.632009
 0 0.632031
 0 0.632033
 0 0.632033
 0 0.632033
 0 0.632039
 0 0.632039
 0 0.632079
 0 0.63208
 0 0.632088
 0 0.632089
 0 0.63209
 0 0.632123
 0 0.632123
 0 0.632123
 0 0.63214
 0 0.632171
 0 0.632175
 0 0.632176
 0 0.632197
 0 0.632197
 0 0.632197
 0 0.632199
 0 0.632202
 0 0.632203
 0 0.632204
 0 0.632204
 0 0.632205
 0 0.632207
 0 0.632209
 0 0.632209
 0 0.632216
 0 0.632232
 0 0.632232
 0 0.632236
 0 0.632236
 0 0.632237
 0 0.632288
 0 0.632288
 0 0.632312
 0 0.632357
 0 0.63238
 0 0.632387
 0 0.632387
 0 0.632388
 0 0.632389
 0 0.632389
 0 0.632391
 0 0.632391
 0 0.632443
 0 0.632444
 0 0.632457
 0 0.632457
 0 0.632458
 0 0.632466
 0 0.632466
 0 0.632466
 0 0.632468
 0 0.632473
 0 0.632498
 0 0.6325
 0 0.632502
 0 0.632502
 0 0.632516
 0 0.632542
 0 0.632559
 0 0.632565
 0 0.632565
 0 0.632569
 0 0.632583
 0 0.63261
 0 0.632616
 0 0.632616
 0 0.632649
 0 0.632649
 0 0.632656
 0 0.632673
 0 0.632692
 0 0.632693
 0 0.632693
 0 0.632736
 0 0.632766
 0 0.632767
 0 0.632767
 0 0.632781
 0 0.632783
 0 0.632783
 0 0.632792
 0 0.632818
 0 0.632822
 0 0.632822
 0 0.632824
 0 0.632825
 0 0.632825
 0 0.632825
 0 0.63283
 0 0.63283
 0 0.632852
 0 0.632852
 0 0.632852
 0 0.632854
 0 0.632855
 0 0.632893
 0 0.632893
 0 0.632893
 0 0.632894
 0 0.632922
 0 0.632923
 0 0.632931
 0 0.63294
 0 0.632942
 0 0.632945
 0 0.632945
 0 0.632945
 0 0.632969
 0 0.632995
 0 0.632996
 0 0.632996
 0 0.632997
 0 0.632997
 0 0.632997
 0 0.633023
 0 0.633023
 0 0.633023
 0 0.633028
 0 0.633028
 0 0.633028
 0 0.633029
 0 0.633029
 0 0.633064
 0 0.633064
 0 0.633064
 0 0.633064
 0 0.633064
 0 0.633065
 0 0.63307
 0 0.63307
 0 0.63307
 0 0.633071
 0 0.633071
 0 0.633075
 0 0.633076
 0 0.633076
 0 0.633076
 0 0.633076
 0 0.633077
 0 0.633099
 0 0.633099
 0 0.633099
 0 0.633101
 0 0.633108
 0 0.633108
 0 0.633111
 0 0.633111
 0 0.633111
 0 0.633126
 0 0.633126
 0 0.633127
 0 0.633133
 0 0.633135
 0 0.633135
 0 0.633164
 0 0.633179
 0 0.63318
 0 0.63318
 0 0.633222
 0 0.633222
 0 0.633222
 0 0.633226
 0 0.633226
 0 0.633229
 0 0.633229
 0 0.633263
 0 0.633263
 0 0.633266
 0 0.633302
 0 0.633303
 0 0.633316
 0 0.633328
 0 0.633329
 0 0.633335
 0 0.633336
 0 0.633338
 0 0.633342
 0 0.633351
 0 0.633353
 0 0.633354
 0 0.633364
 0 0.633364
 0 0.633365
 0 0.633369
 0 0.63337
 0 0.63337
 0 0.633371
 0 0.633371
 0 0.633372
 0 0.633379
 0 0.633379
 0 0.633379
 0 0.633379
 0 0.63338
 0 0.63338
 0 0.63338
 0 0.633397
 0 0.633399
 0 0.6334
 0 0.633405
 0 0.633405
 0 0.633407
 0 0.633407
 0 0.633408
 0 0.633409
 0 0.63341
 0 0.63341
 0 0.633417
 0 0.633451
 0 0.633452
 0 0.633454
 0 0.633454
 0 0.633501
 0 0.633501
 0 0.633501
 0 0.633502
 0 0.633508
 0 0.633511
 0 0.633514
 0 0.633514
 0 0.633546
 0 0.63355
 0 0.63355
 0 0.63355
 0 0.633553
 0 0.633553
 0 0.633553
 0 0.633554
 0 0.633554
 0 0.63357
 0 0.63357
 0 0.63357
 0 0.63357
 0 0.633576
 0 0.633577
 0 0.633583
 0 0.633589
 0 0.63359
 0 0.633601
 0 0.633601
 0 0.633604
 0 0.633604
 0 0.633625
 0 0.633644
 0 0.633644
 0 0.633676
 0 0.633676
 0 0.633677
 0 0.633689
 0 0.633702
 0 0.633763
 0 0.633763
 0 0.633764
 0 0.633776
 0 0.633783
 0 0.6338
 0 0.6338
 0 0.6338
 0 0.633802
 0 0.633802
 0 0.633802
 0 0.633808
 0 0.633885
 0 0.633885
 0 0.633902
 0 0.633903
 0 0.633903
 0 0.633903
 0 0.633903
 0 0.633905
 0 0.633915
 0 0.633915
 0 0.633923
 0 0.633925
 0 0.633927
 0 0.633928
 0 0.633935
 0 0.633936
 0 0.633946
 0 0.633946
 0 0.63396
 0 0.633961
 0 0.633979
 0 0.633979
 0 0.633999
 0 0.634004
 0 0.634016
 0 0.634016
 0 0.634017
 0 0.634029
 0 0.634029
 0 0.634075
 0 0.634075
 0 0.634076
 0 0.63408
 0 0.63408
 0 0.634087
 0 0.634089
 0 0.634089
 0 0.634098
 0 0.634098
 0 0.634102
 0 0.634102
 0 0.634103
 0 0.634103
 0 0.634126
 0 0.634126
 0 0.634126
 0 0.634126
 0 0.634126
 0 0.634127
 0 0.634133
 0 0.634133
 0 0.634159
 0 0.634159
 0 0.63416
 0 0.634161
 0 0.634193
 0 0.634193
 0 0.634203
 0 0.634205
 0 0.634219
 0 0.634219
 0 0.634219
 0 0.634219
 0 0.634219
 0 0.634219
 0 0.634233
 0 0.634244
 0 0.634255
 0 0.634255
 0 0.634257
 0 0.634259
 0 0.634292
 0 0.634292
 0 0.634296
 0 0.634319
 0 0.634319
 0 0.63432
 0 0.634322
 0 0.634333
 0 0.634334
 0 0.634339
 0 0.634358
 0 0.634422
 0 0.634422
 0 0.634422
 0 0.634433
 0 0.634452
 0 0.634452
 0 0.634452
 0 0.634452
 0 0.634453
 0 0.634467
 0 0.634468
 0 0.634469
 0 0.63447
 0 0.63447
 0 0.634481
 0 0.634496
 0 0.634497
 0 0.634497
 0 0.634497
 0 0.634497
 0 0.63453
 0 0.634539
 0 0.63454
 0 0.634547
 0 0.634553
 0 0.634553
 0 0.634573
 0 0.634573
 0 0.634574
 0 0.634574
 0 0.634575
 0 0.634575
 0 0.634575
 0 0.63458
 0 0.63458
 0 0.634585
 0 0.634587
 0 0.634597
 0 0.634608
 0 0.634609
 0 0.634613
 0 0.634632
 0 0.634632
 0 0.634646
 0 0.634647
 0 0.634647
 0 0.634647
 0 0.634649
 0 0.634649
 0 0.634701
 0 0.63471
 0 0.634728
 0 0.634729
 0 0.63473
 0 0.63473
 0 0.634757
 0 0.634757
 0 0.634759
 0 0.634761
 0 0.634764
 0 0.634765
 0 0.634783
 0 0.634783
 0 0.634784
 0 0.63483
 0 0.63483
 0 0.63483
 0 0.63483
 0 0.634834
 0 0.634834
 0 0.634846
 0 0.634846
 0 0.634846
 0 0.634846
 0 0.634859
 0 0.634892
 0 0.634981
 0 0.634982
 0 0.634982
 0 0.634999
 0 0.634999
 0 0.635
 0 0.635008
 0 0.635008
 0 0.63501
 0 0.635012
 0 0.635013
 0 0.63502
 0 0.63502
 0 0.63502
 0 0.635023
 0 0.635023
 0 0.635023
 0 0.635033
 0 0.635034
 0 0.635045
 0 0.635046
 0 0.635046
 0 0.635046
 0 0.635046
 0 0.635047
 0 0.635047
 0 0.635051
 0 0.635058
 0 0.635058
 0 0.635058
 0 0.635072
 0 0.635073
 0 0.635079
 0 0.635083
 0 0.635083
 0 0.635085
 0 0.635085
 0 0.635085
 0 0.635086
 0 0.635086
 0 0.635086
 0 0.635086
 0 0.635086
 0 0.635098
 0 0.635098
 0 0.635098
 0 0.635098
 0 0.635103
 0 0.635103
 0 0.635111
 0 0.635112
 0 0.635133
 0 0.635138
 0 0.635148
 0 0.635148
 0 0.63515
 0 0.635168
 0 0.63519
 0 0.6352
 0 0.6352
 0 0.635211
 0 0.635214
 0 0.63525
 0 0.635255
 0 0.635255
 0 0.635255
 0 0.635272
 0 0.635294
 0 0.635303
 0 0.635303
 0 0.635304
 0 0.635304
 0 0.635305
 0 0.63531
 0 0.63531
 0 0.635331
 0 0.635334
 0 0.635334
 0 0.63534
 0 0.635341
 0 0.635341
 0 0.635357
 0 0.635357
 0 0.635383
 0 0.635385
 0 0.635385
 0 0.635394
 0 0.635401
 0 0.635406
 0 0.635406
 0 0.635432
 0 0.635438
 0 0.635438
 0 0.635464
 0 0.635464
 0 0.635467
 0 0.635467
 0 0.635475
 0 0.635475
 0 0.635476
 0 0.635476
 0 0.635502
 0 0.635516
 0 0.635516
 0 0.635529
 0 0.635529
 0 0.635535
 0 0.635542
 0 0.635555
 0 0.635592
 0 0.635593
 0 0.635614
 0 0.635614
 0 0.635614
 0 0.635626
 0 0.635627
 0 0.635627
 0 0.635627
 0 0.635627
 0 0.63565
 0 0.635655
 0 0.635655
 0 0.635655
 0 0.635655
 0 0.635671
 0 0.635671
 0 0.635672
 0 0.635674
 0 0.635724
 0 0.635724
 0 0.635755
 0 0.635755
 0 0.635755
 0 0.635757
 0 0.635757
 0 0.63578
 0 0.635827
 0 0.635827
 0 0.635828
 0 0.635837
 0 0.635838
 0 0.635838
 0 0.635838
 0 0.635844
 0 0.635844
 0 0.635878
 0 0.635881
 0 0.635882
 0 0.635885
 0 0.635893
 0 0.635898
 0 0.635899
 0 0.635909
 0 0.635909
 0 0.63591
 0 0.635917
 0 0.635917
 0 0.635917
 0 0.63592
 0 0.635971
 0 0.635978
 0 0.63598
 0 0.63598
 0 0.635985
 0 0.635996
 0 0.635996
 0 0.635996
 0 0.635997
 0 0.63601
 0 0.63601
 0 0.63601
 0 0.63601
 0 0.63601
 0 0.636041
 0 0.636044
 0 0.636044
 0 0.636048
 0 0.636049
 0 0.636065
 0 0.636068
 0 0.636097
 0 0.636097
 0 0.636097
 0 0.636107
 0 0.636107
 0 0.636107
 0 0.636117
 0 0.636121
 0 0.636122
 0 0.636122
 0 0.636128
 0 0.636181
 0 0.636184
 0 0.636193
 0 0.636198
 0 0.636241
 0 0.636252
 0 0.636253
 0 0.636269
 0 0.636295
 0 0.636296
 0 0.636297
 0 0.636307
 0 0.636309
 0 0.636344
 0 0.636344
 0 0.636344
 0 0.636345
 0 0.636362
 0 0.636362
 0 0.636363
 0 0.636365
 0 0.6364
 0 0.636404
 0 0.63643
 0 0.636459
 0 0.63646
 0 0.636473
 0 0.636473
 0 0.636513
 0 0.636536
 0 0.636537
 0 0.636541
 0 0.636541
 0 0.636541
 0 0.636542
 0 0.636545
 0 0.636589
 0 0.636589
 0 0.636591
 0 0.636592
 0 0.636618
 0 0.636618
 0 0.63662
 0 0.63662
 0 0.636629
 0 0.636629
 0 0.63663
 0 0.636636
 0 0.636636
 0 0.636636
 0 0.636637
 0 0.636652
 0 0.636685
 0 0.636686
 0 0.636686
 0 0.636706
 0 0.636706
 0 0.636733
 0 0.636733
 0 0.636736
 0 0.636737
 0 0.636757
 0 0.636758
 0 0.636758
 0 0.636758
 0 0.636799
 0 0.636811
 0 0.636811
 0 0.636811
 0 0.636812
 0 0.636819
 0 0.63682
 0 0.636884
 0 0.636885
 0 0.636886
 0 0.63693
 0 0.636931
 0 0.636956
 0 0.636957
 0 0.636958
 0 0.636964
 0 0.63697
 0 0.63697
 0 0.636976
 0 0.63701
 0 0.63701
 0 0.63701
 0 0.637013
 0 0.637026
 0 0.637028
 0 0.637028
 0 0.637029
 0 0.637034
 0 0.637052
 0 0.637052
 0 0.637052
 0 0.637052
 0 0.637052
 0 0.637057
 0 0.637058
 0 0.637118
 0 0.637121
 0 0.637192
 0 0.637213
 0 0.637245
 0 0.637245
 0 0.637246
 0 0.637246
 0 0.63726
 0 0.63729
 0 0.63729
 0 0.637296
 0 0.637297
 0 0.637297
 0 0.637297
 0 0.637297
 0 0.637364
 0 0.637422
 0 0.63743
 0 0.637437
 0 0.637443
 0 0.637448
 0 0.637448
 0 0.637449
 0 0.637449
 0 0.637449
 0 0.637458
 0 0.637458
 0 0.637458
 0 0.63749
 0 0.63749
 0 0.637514
 0 0.637523
 0 0.637523
 0 0.637562
 0 0.637562
 0 0.637562
 0 0.637573
 0 0.637574
 0 0.637595
 0 0.637596
 0 0.637612
 0 0.637612
 0 0.637612
 0 0.637621
 0 0.637621
 0 0.637625
 0 0.637625
 0 0.637626
 0 0.637626
 0 0.637638
 0 0.637663
 0 0.637665
 0 0.637665
 0 0.637674
 0 0.637678
 0 0.637678
 0 0.637679
 0 0.637739
 0 0.637852
 0 0.637852
 0 0.637861
 0 0.637861
 0 0.637862
 0 0.637862
 0 0.637869
 0 0.637869
 0 0.63787
 0 0.63787
 0 0.637872
 0 0.637877
 0 0.637878
 0 0.637878
 0 0.637879
 0 0.637951
 0 0.637951
 0 0.637961
 0 0.638024
 0 0.638024
 0 0.638092
 0 0.638102
 0 0.638102
 0 0.638102
 0 0.638113
 0 0.638124
 0 0.638124
 0 0.638149
 0 0.638152
 0 0.63818
 0 0.638197
 0 0.638198
 0 0.63822
 0 0.638229
 0 0.638229
 0 0.638229
 0 0.63823
 0 0.638231
 0 0.638232
 0 0.638235
 0 0.638235
 0 0.638236
 0 0.638239
 0 0.638239
 0 0.638289
 0 0.638289
 0 0.63829
 0 0.63829
 0 0.638299
 0 0.638331
 0 0.638349
 0 0.638364
 0 0.638367
 0 0.638368
 0 0.638368
 0 0.638434
 0 0.638459
 0 0.638459
 0 0.63849
 0 0.63849
 0 0.638499
 0 0.638556
 0 0.638557
 0 0.638608
 0 0.638609
 0 0.638619
 0 0.63862
 0 0.638696
 0 0.638734
 0 0.638735
 0 0.638735
 0 0.638759
 0 0.638802
 0 0.638816
 0 0.638817
 0 0.63884
 0 0.63884
 0 0.638841
 0 0.638841
 0 0.638924
 0 0.638925
 0 0.638929
 0 0.638931
 0 0.638932
 0 0.638939
 0 0.638947
 0 0.638947
 0 0.638947
 0 0.638997
 0 0.638997
 0 0.638997
 0 0.639018
 0 0.6391
 0 0.639101
 0 0.639133
 0 0.639133
 0 0.639135
 0 0.639136
 0 0.639151
 0 0.639163
 0 0.639214
 0 0.639214
 0 0.639215
 0 0.639245
 0 0.639282
 0 0.639286
 0 0.639286
 0 0.639312
 0 0.639316
 0 0.639426
 0 0.639454
 0 0.639454
 0 0.639454
 0 0.639467
 0 0.639492
 0 0.639492
 0 0.639492
 0 0.639492
 0 0.639526
 0 0.639527
 0 0.639604
 0 0.639624
 0 0.639635
 0 0.639635
 0 0.639738
 0 0.639789
 0 0.63979
 0 0.639811
 0 0.63986
 0 0.63986
 0 0.639861
 0 0.639903
 0 0.639903
 0 0.639904
 0 0.639944
 0 0.639944
 0 0.639944
 0 0.640067
 0 0.640122
 0 0.640143
 0 0.640204
 0 0.640259
 0 0.64026
 0 0.640263
 0 0.640327
 0 0.640353
 0 0.640354
 0 0.640355
 0 0.640483
 0 0.640588
 0 0.64059
 0 0.64059
 0 0.640607
 0 0.640607
 0 0.640654
 0 0.640804
 0 0.640805
 0 0.640981
 0 0.641003
 0 0.641003
 0 0.641004
 0 0.641004
 0 0.641175
 0 0.641304
 0 0.641305
 0 0.641305
 0 0.641557
 0 0.641558
 0 0.641558
 0 0.641692
 0 0.642212
 0 0.642273
 0 0.642273
 0 0.642515
 0 0.64261
 0 0.64261
 0 0.642655
 0 0.642745
 0 0.642745
 0 0.642789
 0 0.642789
 0 0.64279
 0 0.64301
 0 0.64301
 0 0.64301
 0 0.643065
 0 0.643065
 0 0.643133
 0 0.643133
 0 0.643134
 0 0.643135
 0 0.64325
 0 0.64325
 0 0.643567
 0 0.643674
 0 0.643881
 0 inf
