 0 0.490398
 0 0.490398
 0 0.491057
 0 0.491077
 0 0.491077
 0 0.491077
 0 0.622994
 0 0.622994
 0 0.623094
 0 0.623094
 0 0.623094
 0 0.62355
 0 0.624007
 0 0.624147
 0 0.624147
 0 0.624462
 0 0.624463
 0 0.624722
 0 0.625508
 0 0.626069
 0 0.626069
 0 0.62607
 0 0.626096
 0 0.626096
 0 0.626155
 0 0.626155
 0 0.626155
 0 0.626155
 0 0.626278
 0 0.626279
 0 0.626294
 0 0.626294
 0 0.62664
 0 0.626641
 0 0.626742
 0 0.626984
 0 0.626984
 0 0.627088
 0 0.627092
 0 0.627112
 0 0.627153
 0 0.627302
 0 0.627302
 0 0.627302
 0 0.627327
 0 0.627327
 0 0.627328
 0 0.627328
 0 0.627339
 0 0.62734
 0 0.627394
 0 0.627396
 0 0.627527
 0 0.627527
 0 0.627527
 0 0.627706
 0 0.627708
 0 0.627708
 0 0.627709
 0 0.62771
 0 0.627861
 0 0.62794
 0 0.627969
 0 0.627971
 0 0.628002
 0 0.628014
 0 0.628014
 0 0.628097
 0 0.628099
 0 0.628099
 0 0.628156
 0 0.628156
 0 0.628174
 0 0.628175
 0 0.628175
 0 0.62829
 0 0.62829
 0 0.628357
 0 0.628405
 0 0.628405
 0 0.628406
 0 0.628406
 0 0.628459
 0 0.628513
 0 0.628524
 0 0.628524
 0 0.628525
 0 0.628729
 0 0.628729
 0 0.628729
 0 0.628736
 0 0.628736
 0 0.628755
 0 0.628846
 0 0.628874
 0 0.628874
 0 0.628918
 0 0.628918
 0 0.628918
 0 0.628925
 0 0.628962
 0 0.628962
 0 0.629057
 0 0.629057
 0 0.629261
 0 0.629262
 0 0.629331
 0 0.629331
 0 0.629395
 0 0.629395
 0 0.629395
 0 0.629443
 0 0.629509
 0 0.629509
 0 0.629534
 0 0.629662
 0 0.629663
 0 0.629665
 0 0.630016
 0 0.630017
 0 0.630347
 0 0.630366
 0 0.630366
 0 0.630367
 0 0.630451
 0 0.630452
 0 0.630452
 0 0.630495
 0 0.630495
 0 0.630495
 0 0.630499
 0 0.630499
 0 0.630598
 0 0.630599
 0 0.630599
 0 0.630601
 0 0.630601
 0 0.630642
 0 0.630701
 0 0.630702
 0 0.630703
 0 0.630738
 0 0.630747
 0 0.630785
 0 0.630785
 0 0.630785
 0 0.630786
 0 0.630832
 0 0.630832
 0 0.630832
 0 0.630871
 0 0.630872
 0 0.630888
 0 0.630889
 0 0.630889
 0 0.630889
 0 0.630943
 0 0.630966
 0 0.63099
 0 0.63099
 0 0.630993
 0 0.630993
 0 0.630993
 0 0.630993
 0 0.630994
 0 0.631038
 0 0.631063
 0 0.631063
 0 0.631063
 0 0.631065
 0 0.631065
 0 0.631065
 0 0.631065
 0 0.631068
 0 0.63107
 0 0.63107
 0 0.631135
 0 0.631137
 0 0.631165
 0 0.631165
 0 0.63121
 0 0.63121
 0 0.63121
 0 0.631211
 0 0.631228
 0 0.631239
 0 0.63126
 0 0.63126
 0 0.631278
 0 0.631279
 0 0.631279
 0 0.631279
 0 0.631288
 0 0.631288
 0 0.631305
 0 0.631305
 0 0.631305
 0 0.631329
 0 0.631329
 0 0.631369
 0 0.631374
 0 0.631375
 0 0.631376
 0 0.631412
 0 0.631413
 0 0.631413
 0 0.631414
 0 0.631438
 0 0.631438
 0 0.631441
 0 0.631466
 0 0.631479
 0 0.631482
 0 0.631495
 0 0.631495
 0 0.631497
 0 0.631497
 0 0.631513
 0 0.631519
 0 0.631559
 0 0.631581
 0 0.631586
 0 0.631586
 0 0.631586
 0 0.631586
 0 0.631587
 0 0.631587
 0 0.631596
 0 0.631598
 0 0.631599
 0 0.631599
 0 0.631612
 0 0.631629
 0 0.631629
 0 0.631629
 0 0.631632
 0 0.631637
 0 0.631637
 0 0.631642
 0 0.631643
 0 0.631643
 0 0.631678
 0 0.631678
 0 0.631693
 0 0.631696
 0 0.631701
 0 0.631701
 0 0.63173
 0 0.63173
 0 0.63173
 0 0.63173
 0 0.631738
 0 0.631738
 0 0.631754
 0 0.631754
 0 0.631754
 0 0.631754
 0 0.631757
 0 0.631763
 0 0.631764
 0 0.631806
 0 0.631806
 0 0.631811
 0 0.631812
 0 0.631837
 0 0.631837
 0 0.631837
 0 0.631838
 0 0.631863
 0 0.631865
 0 0.631875
 0 0.631875
 0 0.631884
 0 0.631958
 0 0.63196
 0 0.631983
 0 0.631983
 0 0.631996
 0 0.631996
 0 0.632033
 0 0.632079
 0 0.632082
 0 0.632091
 0 0.632091
 0 0.632091
 0 0.632092
 0 0.632092
 0 0.632099
 0 0.632103
 0 0.632103
 0 0.632103
 0 0.632116
 0 0.632141
 0 0.632158
 0 0.632158
 0 0.632158
 0 0.632163
 0 0.632166
 0 0.632183
 0 0.632184
 0 0.632184
 0 0.632229
 0 0.632233
 0 0.632241
 0 0.632248
 0 0.632263
 0 0.632269
 0 0.632271
 0 0.632271
 0 0.632272
 0 0.632276
 0 0.632289
 0 0.632295
 0 0.632296
 0 0.632296
 0 0.632297
 0 0.632302
 0 0.632343
 0 0.632343
 0 0.632357
 0 0.632383
 0 0.632406
 0 0.632407
 0 0.632407
 0 0.632407
 0 0.632426
 0 0.632429
 0 0.632429
 0 0.632429
 0 0.632447
 0 0.632456
 0 0.632456
 0 0.632527
 0 0.632528
 0 0.632532
 0 0.632541
 0 0.632542
 0 0.632542
 0 0.632588
 0 0.632609
 0 0.632648
 0 0.632653
 0 0.632668
 0 0.632699
 0 0.632729
 0 0.632738
 0 0.632743
 0 0.632745
 0 0.632745
 0 0.632745
 0 0.632752
 0 0.632752
 0 0.632776
 0 0.632776
 0 0.632785
 0 0.632786
 0 0.632787
 0 0.632815
 0 0.632818
 0 0.63282
 0 0.632823
 0 0.632834
 0 0.632837
 0 0.632837
 0 0.632837
 0 0.632837
 0 0.632846
 0 0.632846
 0 0.632848
 0 0.632883
 0 0.632883
 0 0.632884
 0 0.632885
 0 0.632885
 0 0.632885
 0 0.632906
 0 0.632938
 0 0.632938
 0 0.632938
 0 0.632985
 0 0.633003
 0 0.633044
 0 0.633058
 0 0.633116
 0 0.633122
 0 0.633142
 0 0.633142
 0 0.633149
 0 0.633163
 0 0.633163
 0 0.633174
 0 0.633174
 0 0.633175
 0 0.633175
 0 0.633187
 0 0.633198
 0 0.633201
 0 0.633203
 0 0.63321
 0 0.633243
 0 0.633244
 0 0.633244
 0 0.633244
 0 0.633338
 0 0.633338
 0 0.633348
 0 0.633349
 0 0.633349
 0 0.63336
 0 0.63336
 0 0.633361
 0 0.633369
 0 0.633369
 0 0.63337
 0 0.63337
 0 0.633402
 0 0.633402
 0 0.633406
 0 0.63344
 0 0.633477
 0 0.633477
 0 0.633477
 0 0.633477
 0 0.633493
 0 0.633493
 0 0.633497
 0 0.63354
 0 0.633569
 0 0.633584
 0 0.6336
 0 0.633601
 0 0.633602
 0 0.633603
 0 0.633604
 0 0.633632
 0 0.633633
 0 0.633644
 0 0.633645
 0 0.633677
 0 0.633678
 0 0.633697
 0 0.633697
 0 0.633717
 0 0.633717
 0 0.633721
 0 0.633721
 0 0.633721
 0 0.633721
 0 0.633753
 0 0.633754
 0 0.633764
 0 0.633791
 0 0.633793
 0 0.633793
 0 0.633801
 0 0.633873
 0 0.633873
 0 0.633876
 0 0.633876
 0 0.633876
 0 0.633881
 0 0.633923
 0 0.633923
 0 0.633924
 0 0.633924
 0 0.633936
 0 0.633936
 0 0.633937
 0 0.633938
 0 0.633946
 0 0.633946
 0 0.633954
 0 0.633989
 0 0.633991
 0 0.633991
 0 0.634043
 0 0.634045
 0 0.634064
 0 0.634065
 0 0.634076
 0 0.634076
 0 0.634077
 0 0.634084
 0 0.634086
 0 0.634086
 0 0.634093
 0 0.634093
 0 0.634093
 0 0.634094
 0 0.634094
 0 0.634095
 0 0.634113
 0 0.634113
 0 0.634116
 0 0.634116
 0 0.634117
 0 0.634119
 0 0.634162
 0 0.634162
 0 0.634183
 0 0.634184
 0 0.634225
 0 0.634225
 0 0.634226
 0 0.634227
 0 0.634235
 0 0.634235
 0 0.634265
 0 0.634266
 0 0.634273
 0 0.634276
 0 0.634276
 0 0.634276
 0 0.634276
 0 0.63428
 0 0.63428
 0 0.634282
 0 0.634282
 0 0.634282
 0 0.634283
 0 0.634283
 0 0.634308
 0 0.634308
 0 0.634344
 0 0.634344
 0 0.634351
 0 0.634361
 0 0.634388
 0 0.634388
 0 0.634391
 0 0.634405
 0 0.634407
 0 0.634409
 0 0.634409
 0 0.634409
 0 0.634409
 0 0.634424
 0 0.634424
 0 0.634424
 0 0.63445
 0 0.63445
 0 0.634475
 0 0.634476
 0 0.634477
 0 0.634477
 0 0.634477
 0 0.634496
 0 0.634498
 0 0.634498
 0 0.634498
 0 0.634499
 0 0.634504
 0 0.634505
 0 0.634505
 0 0.634507
 0 0.634508
 0 0.634508
 0 0.634508
 0 0.634508
 0 0.63453
 0 0.634531
 0 0.634544
 0 0.634606
 0 0.634606
 0 0.63461
 0 0.634612
 0 0.634638
 0 0.634691
 0 0.634692
 0 0.634745
 0 0.634745
 0 0.634793
 0 0.6348
 0 0.634809
 0 0.634809
 0 0.634826
 0 0.634827
 0 0.634841
 0 0.634868
 0 0.634868
 0 0.63487
 0 0.634871
 0 0.634876
 0 0.634879
 0 0.634887
 0 0.634889
 0 0.634891
 0 0.634902
 0 0.634915
 0 0.634918
 0 0.634953
 0 0.634953
 0 0.634954
 0 0.634954
 0 0.634956
 0 0.634956
 0 0.634956
 0 0.634958
 0 0.634976
 0 0.634976
 0 0.634976
 0 0.634979
 0 0.634981
 0 0.634982
 0 0.634995
 0 0.635025
 0 0.635044
 0 0.635044
 0 0.635046
 0 0.635052
 0 0.635058
 0 0.635058
 0 0.635059
 0 0.63506
 0 0.635082
 0 0.635082
 0 0.635083
 0 0.635083
 0 0.635084
 0 0.635098
 0 0.63511
 0 0.635112
 0 0.635113
 0 0.635123
 0 0.635123
 0 0.635126
 0 0.635127
 0 0.635127
 0 0.635138
 0 0.635154
 0 0.635158
 0 0.635158
 0 0.635171
 0 0.635171
 0 0.635172
 0 0.635179
 0 0.635179
 0 0.635186
 0 0.635186
 0 0.635213
 0 0.635215
 0 0.635215
 0 0.635217
 0 0.635217
 0 0.635221
 0 0.635221
 0 0.635222
 0 0.635233
 0 0.635233
 0 0.635233
 0 0.635233
 0 0.635252
 0 0.635264
 0 0.635282
 0 0.635283
 0 0.635296
 0 0.635319
 0 0.635319
 0 0.63539
 0 0.63539
 0 0.635399
 0 0.6354
 0 0.635429
 0 0.635434
 0 0.635446
 0 0.635446
 0 0.635447
 0 0.63545
 0 0.635451
 0 0.635451
 0 0.635465
 0 0.635466
 0 0.635466
 0 0.635469
 0 0.635475
 0 0.635476
 0 0.635495
 0 0.635505
 0 0.635509
 0 0.635535
 0 0.635535
 0 0.635535
 0 0.635535
 0 0.635537
 0 0.635548
 0 0.635559
 0 0.635561
 0 0.635561
 0 0.635574
 0 0.635575
 0 0.635575
 0 0.635575
 0 0.635579
 0 0.635579
 0 0.635579
 0 0.635579
 0 0.635579
 0 0.63558
 0 0.635581
 0 0.635593
 0 0.635593
 0 0.635595
 0 0.635595
 0 0.635595
 0 0.635624
 0 0.635626
 0 0.635638
 0 0.635638
 0 0.635638
 0 0.635639
 0 0.635639
 0 0.635642
 0 0.635642
 0 0.635679
 0 0.63568
 0 0.635681
 0 0.635695
 0 0.635696
 0 0.635743
 0 0.635748
 0 0.63575
 0 0.635759
 0 0.635759
 0 0.635759
 0 0.635759
 0 0.635759
 0 0.635764
 0 0.635764
 0 0.635764
 0 0.635801
 0 0.635801
 0 0.635801
 0 0.635811
 0 0.635812
 0 0.635812
 0 0.635815
 0 0.635815
 0 0.635817
 0 0.635817
 0 0.635819
 0 0.635834
 0 0.635835
 0 0.635862
 0 0.635883
 0 0.635889
 0 0.635889
 0 0.635889
 0 0.635889
 0 0.635919
 0 0.635941
 0 0.635941
 0 0.635941
 0 0.635943
 0 0.635944
 0 0.635944
 0 0.635945
 0 0.635945
 0 0.635945
 0 0.63596
 0 0.63596
 0 0.635982
 0 0.635983
 0 0.635985
 0 0.636005
 0 0.636005
 0 0.636005
 0 0.636019
 0 0.636029
 0 0.636031
 0 0.636036
 0 0.636036
 0 0.636041
 0 0.636041
 0 0.636098
 0 0.636099
 0 0.636115
 0 0.636124
 0 0.636164
 0 0.636165
 0 0.636166
 0 0.636181
 0 0.636182
 0 0.636184
 0 0.636192
 0 0.636218
 0 0.636218
 0 0.636232
 0 0.636243
 0 0.636245
 0 0.636253
 0 0.636267
 0 0.636268
 0 0.636303
 0 0.636303
 0 0.636304
 0 0.636313
 0 0.636319
 0 0.636319
 0 0.636331
 0 0.636354
 0 0.636354
 0 0.636354
 0 0.636371
 0 0.636371
 0 0.636372
 0 0.636373
 0 0.636374
 0 0.636376
 0 0.63638
 0 0.63638
 0 0.636391
 0 0.636391
 0 0.636391
 0 0.636392
 0 0.636392
 0 0.636421
 0 0.636421
 0 0.636446
 0 0.636446
 0 0.636446
 0 0.636447
 0 0.636447
 0 0.636448
 0 0.636448
 0 0.636464
 0 0.636467
 0 0.636481
 0 0.636493
 0 0.63653
 0 0.636569
 0 0.636607
 0 0.636607
 0 0.636607
 0 0.636609
 0 0.636609
 0 0.636609
 0 0.636642
 0 0.636658
 0 0.636689
 0 0.636689
 0 0.636689
 0 0.63669
 0 0.63669
 0 0.636711
 0 0.636711
 0 0.636724
 0 0.636737
 0 0.636737
 0 0.636738
 0 0.636745
 0 0.636745
 0 0.636774
 0 0.636788
 0 0.636816
 0 0.636826
 0 0.636834
 0 0.636844
 0 0.636844
 0 0.63686
 0 0.636867
 0 0.636871
 0 0.636872
 0 0.636875
 0 0.636875
 0 0.636886
 0 0.636888
 0 0.636888
 0 0.636905
 0 0.636907
 0 0.63691
 0 0.63691
 0 0.636914
 0 0.636926
 0 0.636926
 0 0.636947
 0 0.636947
 0 0.636948
 0 0.63695
 0 0.636957
 0 0.636957
 0 0.636966
 0 0.636985
 0 0.636985
 0 0.637028
 0 0.637029
 0 0.637041
 0 0.637041
 0 0.637041
 0 0.637063
 0 0.637063
 0 0.637071
 0 0.637071
 0 0.637071
 0 0.637072
 0 0.637072
 0 0.63717
 0 0.637201
 0 0.637201
 0 0.637205
 0 0.637207
 0 0.637229
 0 0.637229
 0 0.637229
 0 0.637231
 0 0.63726
 0 0.63726
 0 0.637262
 0 0.637265
 0 0.637273
 0 0.637274
 0 0.637295
 0 0.637295
 0 0.637313
 0 0.637315
 0 0.637323
 0 0.637323
 0 0.637352
 0 0.637354
 0 0.637355
 0 0.637359
 0 0.637377
 0 0.637378
 0 0.637378
 0 0.637379
 0 0.637382
 0 0.637392
 0 0.637393
 0 0.637397
 0 0.637404
 0 0.637404
 0 0.637407
 0 0.637407
 0 0.637416
 0 0.637417
 0 0.637417
 0 0.637418
 0 0.637418
 0 0.637433
 0 0.637433
 0 0.637434
 0 0.637434
 0 0.637434
 0 0.637444
 0 0.637444
 0 0.637447
 0 0.637447
 0 0.637448
 0 0.637448
 0 0.637448
 0 0.637453
 0 0.637453
 0 0.637472
 0 0.637477
 0 0.637505
 0 0.637533
 0 0.637534
 0 0.637534
 0 0.637534
 0 0.637536
 0 0.63754
 0 0.63755
 0 0.637578
 0 0.637578
 0 0.637614
 0 0.637614
 0 0.637616
 0 0.637625
 0 0.637625
 0 0.637635
 0 0.637636
 0 0.637636
 0 0.637688
 0 0.637688
 0 0.63773
 0 0.637766
 0 0.637766
 0 0.637769
 0 0.637776
 0 0.637811
 0 0.637822
 0 0.637862
 0 0.637904
 0 0.637915
 0 0.637915
 0 0.637926
 0 0.637926
 0 0.637927
 0 0.637928
 0 0.637929
 0 0.637987
 0 0.63799
 0 0.638018
 0 0.638018
 0 0.638018
 0 0.638031
 0 0.638031
 0 0.638031
 0 0.638031
 0 0.638041
 0 0.638056
 0 0.638073
 0 0.638104
 0 0.638104
 0 0.638121
 0 0.638143
 0 0.638144
 0 0.638169
 0 0.638169
 0 0.63817
 0 0.638223
 0 0.638223
 0 0.638229
 0 0.638229
 0 0.638229
 0 0.638231
 0 0.638231
 0 0.63826
 0 0.638263
 0 0.638264
 0 0.638272
 0 0.638272
 0 0.638281
 0 0.638304
 0 0.638328
 0 0.638343
 0 0.638349
 0 0.638373
 0 0.638373
 0 0.638373
 0 0.638375
 0 0.638375
 0 0.638375
 0 0.63838
 0 0.638381
 0 0.638405
 0 0.638409
 0 0.638415
 0 0.638415
 0 0.638455
 0 0.638456
 0 0.638456
 0 0.638487
 0 0.6385
 0 0.638506
 0 0.638524
 0 0.638525
 0 0.638525
 0 0.638526
 0 0.638558
 0 0.638559
 0 0.638559
 0 0.638559
 0 0.638566
 0 0.638566
 0 0.638618
 0 0.638619
 0 0.63862
 0 0.638623
 0 0.638623
 0 0.638623
 0 0.638643
 0 0.638662
 0 0.638662
 0 0.638669
 0 0.638678
 0 0.638678
 0 0.638678
 0 0.638705
 0 0.638725
 0 0.638726
 0 0.638727
 0 0.638731
 0 0.638734
 0 0.638734
 0 0.638734
 0 0.638753
 0 0.638756
 0 0.638781
 0 0.638809
 0 0.638809
 0 0.638809
 0 0.63881
 0 0.63881
 0 0.638816
 0 0.638816
 0 0.638839
 0 0.63884
 0 0.638883
 0 0.638883
 0 0.638885
 0 0.638885
 0 0.638885
 0 0.638885
 0 0.638907
 0 0.638907
 0 0.638908
 0 0.638908
 0 0.638941
 0 0.638941
 0 0.638941
 0 0.638951
 0 0.638951
 0 0.638951
 0 0.638951
 0 0.638952
 0 0.638964
 0 0.638964
 0 0.638975
 0 0.638986
 0 0.639015
 0 0.639054
 0 0.639054
 0 0.639068
 0 0.639068
 0 0.639068
 0 0.639088
 0 0.639088
 0 0.639098
 0 0.639133
 0 0.639151
 0 0.639171
 0 0.639209
 0 0.639216
 0 0.639217
 0 0.639217
 0 0.63926
 0 0.63926
 0 0.639326
 0 0.639328
 0 0.639363
 0 0.639368
 0 0.639476
 0 0.639524
 0 0.639524
 0 0.639527
 0 0.639559
 0 0.639559
 0 0.639617
 0 0.63964
 0 0.639642
 0 0.639664
 0 0.639664
 0 0.63967
 0 0.63968
 0 0.63968
 0 0.63968
 0 0.63968
 0 0.639711
 0 0.639711
 0 0.639711
 0 0.639717
 0 0.639717
 0 0.639727
 0 0.639739
 0 0.639739
 0 0.639824
 0 0.639824
 0 0.639842
 0 0.639848
 0 0.639848
 0 0.639848
 0 0.639853
 0 0.639885
 0 0.63992
 0 0.63992
 0 0.63992
 0 0.639926
 0 0.639926
 0 0.639926
 0 0.639937
 0 0.639937
 0 0.639986
 0 0.639986
 0 0.640061
 0 0.640182
 0 0.640214
 0 0.640215
 0 0.640271
 0 0.640296
 0 0.640296
 0 0.640344
 0 0.640344
 0 0.640344
 0 0.640395
 0 0.640396
 0 0.640493
 0 0.640493
 0 0.640493
 0 0.640493
 0 0.640497
 0 0.640557
 0 0.640557
 0 0.640574
 0 0.640577
 0 0.640577
 0 0.640645
 0 0.640645
 0 0.640768
 0 0.640768
 0 0.640899
 0 0.641093
 0 0.641106
 0 0.641107
 0 0.641125
 0 0.641125
 0 0.641125
 0 0.641125
 0 0.641137
 0 0.641137
 0 0.641145
 0 0.641473
 0 0.641513
 0 0.641532
 0 0.641532
 0 0.641573
 0 0.641601
 0 0.641602
 0 0.641809
 0 0.64181
 0 0.641825
 0 0.641919
 0 0.641919
 0 0.641938
 0 0.641938
 0 0.641992
 0 0.641992
 0 0.641993
 0 0.642013
 0 0.642014
 0 0.64203
 0 0.642033
 0 0.642263
 0 0.642517
 0 0.642564
 0 0.642566
 0 0.642567
 0 0.64263
 0 0.642631
 0 0.64282
 0 0.642898
 0 0.642898
 0 0.642899
 0 0.642901
 0 0.642944
 0 0.642945
 0 0.643244
 0 0.643244
 0 0.643294
 0 0.643294
 0 0.643294
 0 0.643401
 0 0.64355
 0 0.64355
 0 0.64355
 0 0.643551
 0 0.643642
 0 0.643642
 0 0.643644
 0 0.643644
 0 0.643644
 0 0.643648
 0 0.643648
 0 0.643648
 0 0.643727
 0 0.643727
 0 0.643729
 0 0.643729
 0 0.643729
 0 0.644014
 0 0.644118
 0 0.644119
 0 0.64412
 0 0.644683
 0 0.644894
 0 0.644894
 0 0.644895
 0 0.644895
 0 0.645479
 0 0.645542
 0 0.645542
 0 0.645542
 0 0.645543
 0 0.646337
 0 0.646338
 0 3.4849
 0 3.59333
 0 3.59347
 0 3.59347
 0 3.59403
 0 3.59416
 0 inf
