 0 0.626896
 0 0.626899
 0 0.62712
 0 0.627124
 0 0.627124
 0 0.627126
 0 0.627167
 0 0.627169
 0 0.627171
 0 0.627232
 0 0.627542
 0 0.627543
 0 0.628039
 0 0.628042
 0 0.628042
 0 0.62806
 0 0.628063
 0 0.628161
 0 0.628162
 0 0.628292
 0 0.628293
 0 0.628295
 0 0.628295
 0 0.62841
 0 0.628433
 0 0.628433
 0 0.628433
 0 0.628434
 0 0.628497
 0 0.628498
 0 0.628518
 0 0.628529
 0 0.628628
 0 0.628659
 0 0.628659
 0 0.628659
 0 0.628661
 0 0.628737
 0 0.62874
 0 0.628801
 0 0.628801
 0 0.628803
 0 0.628803
 0 0.628803
 0 0.628805
 0 0.628806
 0 0.628808
 0 0.628875
 0 0.62893
 0 0.62893
 0 0.628957
 0 0.62919
 0 0.62925
 0 0.629251
 0 0.629251
 0 0.629315
 0 0.629318
 0 0.629318
 0 0.62932
 0 0.629362
 0 0.629362
 0 0.629411
 0 0.629411
 0 0.629426
 0 0.629426
 0 0.629426
 0 0.629428
 0 0.629428
 0 0.629514
 0 0.629516
 0 0.629562
 0 0.629562
 0 0.629562
 0 0.629628
 0 0.62963
 0 0.62963
 0 0.62964
 0 0.629667
 0 0.629872
 0 0.629963
 0 0.630004
 0 0.630103
 0 0.630138
 0 0.630169
 0 0.630224
 0 0.630224
 0 0.630304
 0 0.630307
 0 0.630366
 0 0.630366
 0 0.630367
 0 0.630412
 0 0.630412
 0 0.630416
 0 0.630417
 0 0.630433
 0 0.630468
 0 0.630469
 0 0.630481
 0 0.630484
 0 0.630485
 0 0.630498
 0 0.630498
 0 0.630499
 0 0.630499
 0 0.630499
 0 0.630554
 0 0.630586
 0 0.630589
 0 0.630589
 0 0.630613
 0 0.63071
 0 0.630791
 0 0.630794
 0 0.630796
 0 0.630832
 0 0.630833
 0 0.630989
 0 0.63099
 0 0.631065
 0 0.631066
 0 0.631066
 0 0.631095
 0 0.631096
 0 0.631097
 0 0.631097
 0 0.631126
 0 0.631129
 0 0.631134
 0 0.631135
 0 0.631136
 0 0.631167
 0 0.631304
 0 0.631305
 0 0.631305
 0 0.63132
 0 0.631322
 0 0.631352
 0 0.631356
 0 0.631403
 0 0.631405
 0 0.631407
 0 0.631408
 0 0.63141
 0 0.63141
 0 0.631412
 0 0.631413
 0 0.631438
 0 0.631452
 0 0.631489
 0 0.631492
 0 0.631492
 0 0.631492
 0 0.631495
 0 0.631508
 0 0.631508
 0 0.631509
 0 0.631522
 0 0.631524
 0 0.631527
 0 0.631535
 0 0.631536
 0 0.631539
 0 0.63154
 0 0.63154
 0 0.63154
 0 0.631544
 0 0.631547
 0 0.631547
 0 0.631611
 0 0.631612
 0 0.631651
 0 0.631652
 0 0.631663
 0 0.631663
 0 0.631664
 0 0.631664
 0 0.631668
 0 0.631669
 0 0.631678
 0 0.631678
 0 0.631678
 0 0.631679
 0 0.631688
 0 0.631688
 0 0.63169
 0 0.631702
 0 0.631702
 0 0.631754
 0 0.6318
 0 0.631814
 0 0.631814
 0 0.631815
 0 0.63182
 0 0.631838
 0 0.631853
 0 0.63186
 0 0.631868
 0 0.631868
 0 0.631868
 0 0.631875
 0 0.631922
 0 0.631922
 0 0.631924
 0 0.63197
 0 0.63197
 0 0.631991
 0 0.632002
 0 0.632002
 0 0.632003
 0 0.632007
 0 0.63201
 0 0.632072
 0 0.632076
 0 0.632086
 0 0.632086
 0 0.632096
 0 0.632096
 0 0.632096
 0 0.632107
 0 0.632108
 0 0.632108
 0 0.632115
 0 0.632166
 0 0.632167
 0 0.632169
 0 0.632172
 0 0.632172
 0 0.632172
 0 0.632191
 0 0.632191
 0 0.632191
 0 0.632206
 0 0.632206
 0 0.632208
 0 0.632209
 0 0.63221
 0 0.632236
 0 0.632236
 0 0.63224
 0 0.63224
 0 0.632241
 0 0.632241
 0 0.632242
 0 0.632272
 0 0.632272
 0 0.632273
 0 0.632275
 0 0.632275
 0 0.632293
 0 0.632334
 0 0.632334
 0 0.632357
 0 0.632364
 0 0.632387
 0 0.632387
 0 0.632388
 0 0.632389
 0 0.63239
 0 0.632412
 0 0.63243
 0 0.632431
 0 0.632434
 0 0.632436
 0 0.632447
 0 0.632448
 0 0.632463
 0 0.632463
 0 0.632464
 0 0.632467
 0 0.632471
 0 0.632473
 0 0.632478
 0 0.632496
 0 0.632497
 0 0.632502
 0 0.632503
 0 0.632533
 0 0.632534
 0 0.632592
 0 0.632607
 0 0.632607
 0 0.632623
 0 0.632623
 0 0.632625
 0 0.632631
 0 0.632631
 0 0.632636
 0 0.632636
 0 0.632662
 0 0.632678
 0 0.632679
 0 0.632679
 0 0.632683
 0 0.632683
 0 0.632698
 0 0.632698
 0 0.632712
 0 0.632714
 0 0.632722
 0 0.632722
 0 0.632801
 0 0.632807
 0 0.632808
 0 0.63282
 0 0.63282
 0 0.63282
 0 0.632821
 0 0.632834
 0 0.632838
 0 0.632843
 0 0.632866
 0 0.63287
 0 0.63287
 0 0.632872
 0 0.632872
 0 0.632872
 0 0.632892
 0 0.632892
 0 0.632915
 0 0.63292
 0 0.632925
 0 0.632926
 0 0.632926
 0 0.632933
 0 0.632942
 0 0.632952
 0 0.632953
 0 0.632955
 0 0.632955
 0 0.632969
 0 0.632988
 0 0.632988
 0 0.63299
 0 0.63299
 0 0.633016
 0 0.633022
 0 0.633023
 0 0.633045
 0 0.633057
 0 0.633059
 0 0.633092
 0 0.633115
 0 0.633119
 0 0.633121
 0 0.633121
 0 0.633123
 0 0.633147
 0 0.63315
 0 0.633169
 0 0.633171
 0 0.633172
 0 0.633174
 0 0.633175
 0 0.633175
 0 0.633224
 0 0.633224
 0 0.633226
 0 0.633254
 0 0.633255
 0 0.633264
 0 0.633264
 0 0.633281
 0 0.633281
 0 0.633294
 0 0.633294
 0 0.633294
 0 0.633294
 0 0.633296
 0 0.633303
 0 0.633306
 0 0.633306
 0 0.633329
 0 0.633329
 0 0.633335
 0 0.633365
 0 0.633365
 0 0.633366
 0 0.6334
 0 0.633401
 0 0.633403
 0 0.633423
 0 0.633424
 0 0.633425
 0 0.633426
 0 0.633427
 0 0.63344
 0 0.633446
 0 0.633446
 0 0.633447
 0 0.633448
 0 0.633481
 0 0.633483
 0 0.633484
 0 0.633488
 0 0.633489
 0 0.633489
 0 0.6335
 0 0.63355
 0 0.633566
 0 0.63357
 0 0.633572
 0 0.633595
 0 0.633631
 0 0.633632
 0 0.633632
 0 0.633632
 0 0.633632
 0 0.633634
 0 0.633634
 0 0.633653
 0 0.633654
 0 0.633658
 0 0.633663
 0 0.633669
 0 0.633697
 0 0.633708
 0 0.633711
 0 0.63373
 0 0.633739
 0 0.63374
 0 0.63374
 0 0.633752
 0 0.633754
 0 0.633758
 0 0.633785
 0 0.633796
 0 0.633803
 0 0.633819
 0 0.633821
 0 0.633821
 0 0.633821
 0 0.633833
 0 0.633834
 0 0.633844
 0 0.633846
 0 0.633846
 0 0.63385
 0 0.633855
 0 0.633866
 0 0.633866
 0 0.633866
 0 0.633867
 0 0.633867
 0 0.633879
 0 0.63388
 0 0.63388
 0 0.633883
 0 0.633886
 0 0.633887
 0 0.633888
 0 0.633888
 0 0.63389
 0 0.633909
 0 0.633909
 0 0.633925
 0 0.633925
 0 0.633925
 0 0.633949
 0 0.633949
 0 0.63396
 0 0.633961
 0 0.633967
 0 0.633967
 0 0.63397
 0 0.633972
 0 0.63399
 0 0.633991
 0 0.634029
 0 0.634037
 0 0.634037
 0 0.634038
 0 0.634049
 0 0.634054
 0 0.634056
 0 0.634073
 0 0.63408
 0 0.634084
 0 0.634096
 0 0.634116
 0 0.634129
 0 0.634137
 0 0.634137
 0 0.634138
 0 0.634148
 0 0.634149
 0 0.63415
 0 0.63415
 0 0.63415
 0 0.634153
 0 0.634173
 0 0.634174
 0 0.634176
 0 0.634176
 0 0.634176
 0 0.63418
 0 0.63418
 0 0.634184
 0 0.634184
 0 0.634188
 0 0.634188
 0 0.634208
 0 0.634215
 0 0.634247
 0 0.634247
 0 0.634252
 0 0.634252
 0 0.634253
 0 0.634283
 0 0.634283
 0 0.634283
 0 0.634319
 0 0.634322
 0 0.634325
 0 0.634326
 0 0.634327
 0 0.63435
 0 0.634353
 0 0.634353
 0 0.634353
 0 0.634355
 0 0.634355
 0 0.634357
 0 0.634358
 0 0.634381
 0 0.634385
 0 0.634403
 0 0.634403
 0 0.634405
 0 0.634405
 0 0.634408
 0 0.634409
 0 0.63441
 0 0.63441
 0 0.634412
 0 0.634466
 0 0.634466
 0 0.634467
 0 0.634467
 0 0.634505
 0 0.634505
 0 0.634515
 0 0.634523
 0 0.634527
 0 0.634527
 0 0.634528
 0 0.63453
 0 0.634532
 0 0.634534
 0 0.634534
 0 0.634542
 0 0.63456
 0 0.63457
 0 0.634587
 0 0.634597
 0 0.634639
 0 0.634642
 0 0.634644
 0 0.634644
 0 0.634646
 0 0.634661
 0 0.634661
 0 0.634663
 0 0.634673
 0 0.634673
 0 0.634674
 0 0.634676
 0 0.634688
 0 0.634688
 0 0.634688
 0 0.634689
 0 0.63469
 0 0.634697
 0 0.634699
 0 0.634699
 0 0.634701
 0 0.634703
 0 0.634719
 0 0.634719
 0 0.634719
 0 0.634721
 0 0.634726
 0 0.634727
 0 0.634729
 0 0.634729
 0 0.634748
 0 0.634781
 0 0.634781
 0 0.634781
 0 0.634789
 0 0.634789
 0 0.634794
 0 0.634795
 0 0.634795
 0 0.634796
 0 0.634814
 0 0.634814
 0 0.634814
 0 0.634817
 0 0.63482
 0 0.63482
 0 0.63482
 0 0.634829
 0 0.634853
 0 0.634858
 0 0.634885
 0 0.634887
 0 0.634888
 0 0.634918
 0 0.634922
 0 0.634922
 0 0.634928
 0 0.634928
 0 0.634928
 0 0.634932
 0 0.634933
 0 0.634933
 0 0.634935
 0 0.634957
 0 0.634957
 0 0.634963
 0 0.634968
 0 0.634969
 0 0.634983
 0 0.635024
 0 0.635028
 0 0.635028
 0 0.635032
 0 0.635032
 0 0.635036
 0 0.635036
 0 0.635042
 0 0.635065
 0 0.635065
 0 0.635065
 0 0.635067
 0 0.635067
 0 0.635085
 0 0.635087
 0 0.635088
 0 0.635095
 0 0.635095
 0 0.635107
 0 0.635107
 0 0.635112
 0 0.635154
 0 0.635154
 0 0.635165
 0 0.635188
 0 0.635201
 0 0.635204
 0 0.635209
 0 0.635211
 0 0.635212
 0 0.635213
 0 0.635221
 0 0.635228
 0 0.635233
 0 0.635233
 0 0.635233
 0 0.635246
 0 0.635246
 0 0.635246
 0 0.635247
 0 0.635259
 0 0.635262
 0 0.635264
 0 0.635264
 0 0.635264
 0 0.635266
 0 0.63528
 0 0.635296
 0 0.635315
 0 0.635316
 0 0.635321
 0 0.635321
 0 0.635331
 0 0.635332
 0 0.635332
 0 0.635332
 0 0.635332
 0 0.635347
 0 0.635347
 0 0.63535
 0 0.635362
 0 0.635363
 0 0.635363
 0 0.635367
 0 0.63537
 0 0.63537
 0 0.63539
 0 0.63539
 0 0.635391
 0 0.635392
 0 0.635406
 0 0.63541
 0 0.635426
 0 0.635427
 0 0.635428
 0 0.635432
 0 0.635466
 0 0.635469
 0 0.635478
 0 0.635487
 0 0.635488
 0 0.635493
 0 0.635493
 0 0.635493
 0 0.635494
 0 0.635494
 0 0.635496
 0 0.635496
 0 0.635496
 0 0.635499
 0 0.635499
 0 0.635507
 0 0.635507
 0 0.635518
 0 0.63552
 0 0.635531
 0 0.635531
 0 0.635531
 0 0.635532
 0 0.635556
 0 0.635577
 0 0.635577
 0 0.635577
 0 0.635577
 0 0.63559
 0 0.635592
 0 0.635605
 0 0.63563
 0 0.635639
 0 0.635643
 0 0.635645
 0 0.635645
 0 0.63565
 0 0.63565
 0 0.63565
 0 0.635687
 0 0.635688
 0 0.635688
 0 0.635692
 0 0.635692
 0 0.6357
 0 0.6357
 0 0.6357
 0 0.635701
 0 0.635703
 0 0.635703
 0 0.635731
 0 0.63574
 0 0.63574
 0 0.635741
 0 0.635755
 0 0.635757
 0 0.635767
 0 0.635767
 0 0.635768
 0 0.635769
 0 0.635786
 0 0.635787
 0 0.635787
 0 0.63579
 0 0.635791
 0 0.635795
 0 0.635795
 0 0.635796
 0 0.635796
 0 0.635796
 0 0.635799
 0 0.635813
 0 0.635815
 0 0.635816
 0 0.635818
 0 0.63582
 0 0.635822
 0 0.635835
 0 0.635838
 0 0.635839
 0 0.635839
 0 0.635843
 0 0.635847
 0 0.635847
 0 0.635849
 0 0.635849
 0 0.63586
 0 0.635863
 0 0.635863
 0 0.635872
 0 0.635882
 0 0.635887
 0 0.635893
 0 0.635903
 0 0.635903
 0 0.635904
 0 0.635907
 0 0.635908
 0 0.635915
 0 0.635917
 0 0.635921
 0 0.635923
 0 0.635926
 0 0.635926
 0 0.635931
 0 0.635938
 0 0.635944
 0 0.635951
 0 0.635955
 0 0.635955
 0 0.635957
 0 0.635958
 0 0.635963
 0 0.635963
 0 0.635964
 0 0.63597
 0 0.63597
 0 0.635972
 0 0.635977
 0 0.635979
 0 0.635979
 0 0.635979
 0 0.635979
 0 0.63598
 0 0.63598
 0 0.635992
 0 0.635998
 0 0.63601
 0 0.636011
 0 0.636014
 0 0.636015
 0 0.636015
 0 0.636016
 0 0.636022
 0 0.636025
 0 0.636025
 0 0.636025
 0 0.636032
 0 0.636053
 0 0.636055
 0 0.636055
 0 0.636055
 0 0.636055
 0 0.636055
 0 0.636059
 0 0.636059
 0 0.636076
 0 0.636078
 0 0.636079
 0 0.636081
 0 0.636081
 0 0.636081
 0 0.636085
 0 0.636114
 0 0.636115
 0 0.636115
 0 0.636115
 0 0.636116
 0 0.636133
 0 0.636134
 0 0.636134
 0 0.636141
 0 0.636142
 0 0.636153
 0 0.636153
 0 0.636154
 0 0.636154
 0 0.636155
 0 0.636155
 0 0.636155
 0 0.636156
 0 0.636156
 0 0.636163
 0 0.636169
 0 0.636169
 0 0.636171
 0 0.636182
 0 0.636187
 0 0.636201
 0 0.636204
 0 0.636205
 0 0.636212
 0 0.636218
 0 0.636218
 0 0.636219
 0 0.636219
 0 0.636221
 0 0.636221
 0 0.636222
 0 0.636231
 0 0.636246
 0 0.636279
 0 0.636279
 0 0.636279
 0 0.636279
 0 0.636284
 0 0.636286
 0 0.636286
 0 0.636294
 0 0.636294
 0 0.636295
 0 0.636297
 0 0.636301
 0 0.636302
 0 0.636305
 0 0.636305
 0 0.636308
 0 0.63631
 0 0.636314
 0 0.636315
 0 0.636322
 0 0.636327
 0 0.636329
 0 0.63633
 0 0.636335
 0 0.636335
 0 0.636337
 0 0.636362
 0 0.636364
 0 0.636369
 0 0.636371
 0 0.636385
 0 0.636386
 0 0.636408
 0 0.636409
 0 0.636412
 0 0.636413
 0 0.636431
 0 0.636434
 0 0.636443
 0 0.636443
 0 0.636447
 0 0.636466
 0 0.636478
 0 0.636495
 0 0.636495
 0 0.636511
 0 0.636517
 0 0.636517
 0 0.63652
 0 0.636521
 0 0.636523
 0 0.636523
 0 0.636523
 0 0.636526
 0 0.636526
 0 0.636527
 0 0.636559
 0 0.636559
 0 0.636573
 0 0.636585
 0 0.636596
 0 0.636609
 0 0.636617
 0 0.63662
 0 0.63662
 0 0.636621
 0 0.636624
 0 0.636632
 0 0.636632
 0 0.636639
 0 0.63664
 0 0.636642
 0 0.636643
 0 0.636644
 0 0.636651
 0 0.636662
 0 0.636662
 0 0.636663
 0 0.636663
 0 0.636663
 0 0.636671
 0 0.636671
 0 0.636676
 0 0.636676
 0 0.636685
 0 0.636685
 0 0.636685
 0 0.636692
 0 0.636693
 0 0.636693
 0 0.636694
 0 0.6367
 0 0.636704
 0 0.636709
 0 0.636712
 0 0.636721
 0 0.636723
 0 0.636723
 0 0.636723
 0 0.636735
 0 0.636754
 0 0.636758
 0 0.636758
 0 0.636761
 0 0.636761
 0 0.636776
 0 0.636776
 0 0.636783
 0 0.636783
 0 0.636786
 0 0.636786
 0 0.636786
 0 0.636791
 0 0.636791
 0 0.636794
 0 0.636799
 0 0.636803
 0 0.636804
 0 0.636823
 0 0.636823
 0 0.636827
 0 0.636831
 0 0.636832
 0 0.636833
 0 0.636835
 0 0.636835
 0 0.636835
 0 0.63684
 0 0.636843
 0 0.63685
 0 0.63685
 0 0.63685
 0 0.636869
 0 0.636869
 0 0.636871
 0 0.636877
 0 0.636878
 0 0.636879
 0 0.63688
 0 0.63688
 0 0.636881
 0 0.636881
 0 0.636882
 0 0.636891
 0 0.636893
 0 0.636894
 0 0.636895
 0 0.6369
 0 0.636905
 0 0.636914
 0 0.636928
 0 0.636928
 0 0.636928
 0 0.63693
 0 0.63693
 0 0.636943
 0 0.636943
 0 0.636974
 0 0.636975
 0 0.636981
 0 0.636981
 0 0.636987
 0 0.636994
 0 0.636994
 0 0.636994
 0 0.637001
 0 0.637001
 0 0.637026
 0 0.637061
 0 0.637072
 0 0.637072
 0 0.637076
 0 0.637085
 0 0.637086
 0 0.637088
 0 0.637095
 0 0.637095
 0 0.637098
 0 0.63711
 0 0.63711
 0 0.637111
 0 0.637113
 0 0.637113
 0 0.637113
 0 0.637114
 0 0.637123
 0 0.637123
 0 0.637123
 0 0.637123
 0 0.637127
 0 0.637145
 0 0.637169
 0 0.637169
 0 0.637169
 0 0.637169
 0 0.637182
 0 0.637193
 0 0.637222
 0 0.637222
 0 0.637224
 0 0.637228
 0 0.63723
 0 0.637231
 0 0.637235
 0 0.637235
 0 0.637264
 0 0.637265
 0 0.637267
 0 0.637271
 0 0.637271
 0 0.637271
 0 0.637272
 0 0.637272
 0 0.637273
 0 0.637273
 0 0.637273
 0 0.637288
 0 0.637302
 0 0.637302
 0 0.637303
 0 0.637304
 0 0.637304
 0 0.637305
 0 0.637307
 0 0.637309
 0 0.637311
 0 0.637312
 0 0.637312
 0 0.637312
 0 0.637345
 0 0.637345
 0 0.637348
 0 0.637354
 0 0.637361
 0 0.637362
 0 0.637367
 0 0.637386
 0 0.637402
 0 0.637411
 0 0.637412
 0 0.637413
 0 0.637428
 0 0.637429
 0 0.637429
 0 0.63743
 0 0.63743
 0 0.63743
 0 0.63743
 0 0.637432
 0 0.637433
 0 0.637436
 0 0.637436
 0 0.637436
 0 0.637442
 0 0.637453
 0 0.637454
 0 0.637459
 0 0.63746
 0 0.637473
 0 0.637477
 0 0.63748
 0 0.637502
 0 0.637502
 0 0.637504
 0 0.637504
 0 0.637506
 0 0.637507
 0 0.637509
 0 0.637509
 0 0.637509
 0 0.637509
 0 0.637509
 0 0.637546
 0 0.637546
 0 0.637546
 0 0.637546
 0 0.637547
 0 0.637548
 0 0.637548
 0 0.63755
 0 0.637561
 0 0.637562
 0 0.637562
 0 0.637562
 0 0.637566
 0 0.637574
 0 0.63758
 0 0.637581
 0 0.637581
 0 0.637583
 0 0.637584
 0 0.637584
 0 0.637584
 0 0.637605
 0 0.637606
 0 0.637607
 0 0.637612
 0 0.637625
 0 0.637625
 0 0.637636
 0 0.637646
 0 0.637646
 0 0.637652
 0 0.637662
 0 0.637662
 0 0.637662
 0 0.63767
 0 0.63767
 0 0.63767
 0 0.637672
 0 0.63768
 0 0.63768
 0 0.63768
 0 0.637686
 0 0.637687
 0 0.637688
 0 0.637692
 0 0.637695
 0 0.637695
 0 0.637697
 0 0.637698
 0 0.6377
 0 0.6377
 0 0.6377
 0 0.637702
 0 0.637704
 0 0.637706
 0 0.637707
 0 0.637744
 0 0.637757
 0 0.637757
 0 0.637779
 0 0.637781
 0 0.637781
 0 0.637782
 0 0.637782
 0 0.637784
 0 0.637791
 0 0.637794
 0 0.637798
 0 0.637837
 0 0.637849
 0 0.637851
 0 0.637851
 0 0.637851
 0 0.637853
 0 0.637856
 0 0.637877
 0 0.637883
 0 0.63789
 0 0.637898
 0 0.637898
 0 0.637899
 0 0.637901
 0 0.637912
 0 0.637913
 0 0.637913
 0 0.637913
 0 0.637918
 0 0.63792
 0 0.63792
 0 0.63794
 0 0.63794
 0 0.637944
 0 0.637944
 0 0.637945
 0 0.637948
 0 0.63795
 0 0.637961
 0 0.637993
 0 0.63802
 0 0.63802
 0 0.63802
 0 0.63802
 0 0.63802
 0 0.63802
 0 0.638022
 0 0.638026
 0 0.638026
 0 0.638037
 0 0.638037
 0 0.638037
 0 0.638042
 0 0.638042
 0 0.638043
 0 0.638049
 0 0.63806
 0 0.638062
 0 0.638069
 0 0.63807
 0 0.638083
 0 0.638084
 0 0.638091
 0 0.638092
 0 0.638104
 0 0.638128
 0 0.638129
 0 0.638131
 0 0.638131
 0 0.638136
 0 0.638143
 0 0.638143
 0 0.638144
 0 0.638144
 0 0.638144
 0 0.638158
 0 0.638158
 0 0.638158
 0 0.638158
 0 0.63817
 0 0.63817
 0 0.63817
 0 0.638185
 0 0.638197
 0 0.638203
 0 0.638205
 0 0.638205
 0 0.638223
 0 0.638232
 0 0.638234
 0 0.638234
 0 0.638234
 0 0.638239
 0 0.638239
 0 0.638246
 0 0.638249
 0 0.63825
 0 0.638253
 0 0.638258
 0 0.63827
 0 0.638271
 0 0.638272
 0 0.638272
 0 0.638282
 0 0.638282
 0 0.63831
 0 0.63831
 0 0.638311
 0 0.638317
 0 0.63834
 0 0.638342
 0 0.638343
 0 0.638343
 0 0.638343
 0 0.638344
 0 0.638344
 0 0.638346
 0 0.638346
 0 0.638355
 0 0.638355
 0 0.638364
 0 0.638379
 0 0.638379
 0 0.638379
 0 0.638385
 0 0.638385
 0 0.638387
 0 0.638387
 0 0.638402
 0 0.638402
 0 0.638406
 0 0.638418
 0 0.638418
 0 0.638422
 0 0.638422
 0 0.638424
 0 0.638425
 0 0.638425
 0 0.638426
 0 0.638429
 0 0.638429
 0 0.638432
 0 0.638432
 0 0.638432
 0 0.638435
 0 0.638435
 0 0.638436
 0 0.638436
 0 0.638436
 0 0.638436
 0 0.638441
 0 0.638461
 0 0.638462
 0 0.638468
 0 0.638473
 0 0.63849
 0 0.63849
 0 0.638505
 0 0.638506
 0 0.638506
 0 0.638506
 0 0.638516
 0 0.638517
 0 0.638518
 0 0.638535
 0 0.638537
 0 0.638544
 0 0.638563
 0 0.638572
 0 0.638577
 0 0.638579
 0 0.638584
 0 0.63859
 0 0.638591
 0 0.638591
 0 0.638592
 0 0.638599
 0 0.638618
 0 0.638619
 0 0.638619
 0 0.638629
 0 0.638629
 0 0.638629
 0 0.63863
 0 0.63864
 0 0.63864
 0 0.638642
 0 0.638643
 0 0.638643
 0 0.638646
 0 0.63866
 0 0.638661
 0 0.638662
 0 0.638663
 0 0.638664
 0 0.638664
 0 0.638677
 0 0.638694
 0 0.638697
 0 0.638705
 0 0.638713
 0 0.638721
 0 0.638725
 0 0.638731
 0 0.638732
 0 0.638736
 0 0.638742
 0 0.638743
 0 0.638744
 0 0.638745
 0 0.63875
 0 0.63875
 0 0.63875
 0 0.638752
 0 0.638755
 0 0.638755
 0 0.638757
 0 0.638763
 0 0.638766
 0 0.638771
 0 0.638771
 0 0.638771
 0 0.638774
 0 0.638774
 0 0.638775
 0 0.638775
 0 0.638784
 0 0.638797
 0 0.6388
 0 0.638803
 0 0.638803
 0 0.638803
 0 0.638803
 0 0.638803
 0 0.638803
 0 0.638806
 0 0.638806
 0 0.638807
 0 0.638807
 0 0.638808
 0 0.638808
 0 0.638809
 0 0.638809
 0 0.638812
 0 0.638812
 0 0.638812
 0 0.638814
 0 0.638816
 0 0.638843
 0 0.638844
 0 0.638855
 0 0.638862
 0 0.638863
 0 0.638863
 0 0.638872
 0 0.638872
 0 0.638876
 0 0.638898
 0 0.638898
 0 0.6389
 0 0.638902
 0 0.638903
 0 0.638909
 0 0.638913
 0 0.63892
 0 0.638922
 0 0.638923
 0 0.638928
 0 0.638929
 0 0.638929
 0 0.63893
 0 0.638935
 0 0.638949
 0 0.638951
 0 0.638951
 0 0.638951
 0 0.638953
 0 0.638955
 0 0.638955
 0 0.63899
 0 0.639007
 0 0.639015
 0 0.639015
 0 0.639034
 0 0.639034
 0 0.639056
 0 0.639056
 0 0.63906
 0 0.639064
 0 0.639064
 0 0.639069
 0 0.63907
 0 0.639071
 0 0.639071
 0 0.639077
 0 0.639109
 0 0.63912
 0 0.63912
 0 0.639125
 0 0.639126
 0 0.639126
 0 0.639127
 0 0.639128
 0 0.639137
 0 0.639138
 0 0.63914
 0 0.63914
 0 0.63914
 0 0.639146
 0 0.639155
 0 0.639156
 0 0.639158
 0 0.639158
 0 0.639159
 0 0.639171
 0 0.639171
 0 0.639179
 0 0.63918
 0 0.639193
 0 0.639194
 0 0.639202
 0 0.639221
 0 0.639221
 0 0.639236
 0 0.639236
 0 0.639236
 0 0.639246
 0 0.639246
 0 0.639251
 0 0.639252
 0 0.639252
 0 0.639257
 0 0.639257
 0 0.639258
 0 0.639259
 0 0.639261
 0 0.639262
 0 0.639263
 0 0.63927
 0 0.63928
 0 0.639282
 0 0.639282
 0 0.639288
 0 0.639297
 0 0.639299
 0 0.639303
 0 0.639316
 0 0.639316
 0 0.639322
 0 0.639323
 0 0.639335
 0 0.639336
 0 0.639338
 0 0.639338
 0 0.639357
 0 0.639369
 0 0.639369
 0 0.639371
 0 0.639371
 0 0.639371
 0 0.639389
 0 0.639389
 0 0.639392
 0 0.639403
 0 0.63941
 0 0.639411
 0 0.639411
 0 0.639437
 0 0.639439
 0 0.639441
 0 0.639456
 0 0.639473
 0 0.639474
 0 0.639486
 0 0.639494
 0 0.639494
 0 0.639518
 0 0.639525
 0 0.639525
 0 0.639525
 0 0.639526
 0 0.639528
 0 0.639529
 0 0.639545
 0 0.639546
 0 0.639567
 0 0.639569
 0 0.63957
 0 0.639571
 0 0.639595
 0 0.639595
 0 0.639597
 0 0.639597
 0 0.6396
 0 0.639601
 0 0.639604
 0 0.639605
 0 0.639605
 0 0.639605
 0 0.639608
 0 0.639613
 0 0.639615
 0 0.639615
 0 0.639627
 0 0.639629
 0 0.63963
 0 0.639633
 0 0.639635
 0 0.639637
 0 0.639637
 0 0.639637
 0 0.639639
 0 0.639639
 0 0.639647
 0 0.639647
 0 0.639647
 0 0.639668
 0 0.63967
 0 0.639687
 0 0.639691
 0 0.639696
 0 0.639696
 0 0.639696
 0 0.639697
 0 0.63971
 0 0.639711
 0 0.639711
 0 0.639711
 0 0.63972
 0 0.639722
 0 0.639722
 0 0.639754
 0 0.639776
 0 0.639776
 0 0.639776
 0 0.639776
 0 0.639777
 0 0.639788
 0 0.639788
 0 0.6398
 0 0.639805
 0 0.639805
 0 0.639805
 0 0.639805
 0 0.63981
 0 0.639822
 0 0.639824
 0 0.639825
 0 0.639844
 0 0.639844
 0 0.63986
 0 0.639865
 0 0.639869
 0 0.63987
 0 0.63987
 0 0.63987
 0 0.639877
 0 0.639878
 0 0.639883
 0 0.639883
 0 0.639884
 0 0.639897
 0 0.639897
 0 0.639899
 0 0.639899
 0 0.639904
 0 0.639905
 0 0.63991
 0 0.639911
 0 0.639916
 0 0.639917
 0 0.639917
 0 0.639917
 0 0.63992
 0 0.639935
 0 0.639945
 0 0.639946
 0 0.63995
 0 0.639953
 0 0.639954
 0 0.639965
 0 0.63997
 0 0.63997
 0 0.639976
 0 0.639976
 0 0.640002
 0 0.640006
 0 0.640008
 0 0.640023
 0 0.640026
 0 0.640029
 0 0.640038
 0 0.640038
 0 0.640038
 0 0.640038
 0 0.64004
 0 0.640041
 0 0.640041
 0 0.640048
 0 0.640064
 0 0.640103
 0 0.640107
 0 0.640111
 0 0.640112
 0 0.640139
 0 0.64014
 0 0.640141
 0 0.640142
 0 0.640145
 0 0.640158
 0 0.640158
 0 0.640159
 0 0.640159
 0 0.640163
 0 0.640176
 0 0.640202
 0 0.640202
 0 0.640204
 0 0.640204
 0 0.640204
 0 0.640207
 0 0.640207
 0 0.640208
 0 0.640208
 0 0.640216
 0 0.640216
 0 0.640217
 0 0.640218
 0 0.640218
 0 0.64022
 0 0.640226
 0 0.640226
 0 0.640234
 0 0.640245
 0 0.640247
 0 0.64025
 0 0.64025
 0 0.64025
 0 0.640251
 0 0.64027
 0 0.64027
 0 0.640304
 0 0.640313
 0 0.640331
 0 0.640337
 0 0.640338
 0 0.64034
 0 0.640341
 0 0.640356
 0 0.640356
 0 0.640356
 0 0.640357
 0 0.640357
 0 0.64036
 0 0.640361
 0 0.640361
 0 0.640374
 0 0.640409
 0 0.640427
 0 0.640428
 0 0.640429
 0 0.640447
 0 0.640448
 0 0.640467
 0 0.640467
 0 0.640468
 0 0.640468
 0 0.640476
 0 0.640476
 0 0.640477
 0 0.640477
 0 0.640479
 0 0.640501
 0 0.640502
 0 0.640504
 0 0.640504
 0 0.640506
 0 0.640506
 0 0.640506
 0 0.64052
 0 0.640526
 0 0.640541
 0 0.640541
 0 0.640553
 0 0.640554
 0 0.640555
 0 0.640558
 0 0.640569
 0 0.64057
 0 0.640573
 0 0.640579
 0 0.64058
 0 0.640581
 0 0.640585
 0 0.640591
 0 0.640591
 0 0.640598
 0 0.640598
 0 0.640617
 0 0.640643
 0 0.640644
 0 0.640644
 0 0.640646
 0 0.640657
 0 0.640657
 0 0.64066
 0 0.640666
 0 0.640666
 0 0.640666
 0 0.640666
 0 0.640666
 0 0.640671
 0 0.640671
 0 0.640678
 0 0.640697
 0 0.640697
 0 0.640698
 0 0.640698
 0 0.640699
 0 0.640728
 0 0.640728
 0 0.640729
 0 0.64073
 0 0.640737
 0 0.640737
 0 0.640737
 0 0.640743
 0 0.640746
 0 0.640746
 0 0.640756
 0 0.640766
 0 0.640767
 0 0.640768
 0 0.640768
 0 0.640768
 0 0.64077
 0 0.640771
 0 0.640782
 0 0.64081
 0 0.640833
 0 0.640834
 0 0.640837
 0 0.640838
 0 0.640838
 0 0.640873
 0 0.640873
 0 0.640874
 0 0.640894
 0 0.64091
 0 0.640913
 0 0.640913
 0 0.640915
 0 0.640922
 0 0.640926
 0 0.640966
 0 0.640966
 0 0.640967
 0 0.640969
 0 0.640972
 0 0.640974
 0 0.640975
 0 0.641002
 0 0.641003
 0 0.641029
 0 0.64103
 0 0.641081
 0 0.641087
 0 0.641088
 0 0.641088
 0 0.641093
 0 0.641095
 0 0.6411
 0 0.641101
 0 0.641103
 0 0.641103
 0 0.641109
 0 0.641109
 0 0.641109
 0 0.64111
 0 0.641121
 0 0.641129
 0 0.641131
 0 0.641165
 0 0.641183
 0 0.641184
 0 0.641184
 0 0.641187
 0 0.641187
 0 0.641187
 0 0.6412
 0 0.641201
 0 0.641201
 0 0.641206
 0 0.641207
 0 0.641209
 0 0.64124
 0 0.64124
 0 0.641242
 0 0.641242
 0 0.641243
 0 0.641247
 0 0.641266
 0 0.641278
 0 0.641293
 0 0.6413
 0 0.6413
 0 0.641302
 0 0.641302
 0 0.641305
 0 0.641317
 0 0.641319
 0 0.641322
 0 0.641323
 0 0.641323
 0 0.641325
 0 0.641326
 0 0.641327
 0 0.641342
 0 0.641344
 0 0.641345
 0 0.641346
 0 0.641352
 0 0.641352
 0 0.641359
 0 0.641359
 0 0.641369
 0 0.64137
 0 0.641374
 0 0.641378
 0 0.641412
 0 0.641412
 0 0.641413
 0 0.641415
 0 0.641415
 0 0.641417
 0 0.64142
 0 0.641433
 0 0.641484
 0 0.641486
 0 0.641488
 0 0.641494
 0 0.641501
 0 0.641501
 0 0.641506
 0 0.641506
 0 0.641522
 0 0.641525
 0 0.641525
 0 0.64153
 0 0.641549
 0 0.641549
 0 0.64155
 0 0.641564
 0 0.641565
 0 0.641607
 0 0.64161
 0 0.641614
 0 0.641614
 0 0.641626
 0 0.641627
 0 0.641634
 0 0.641636
 0 0.641638
 0 0.641638
 0 0.641638
 0 0.641639
 0 0.641639
 0 0.64164
 0 0.641643
 0 0.641662
 0 0.641662
 0 0.641663
 0 0.641665
 0 0.641665
 0 0.641686
 0 0.641686
 0 0.641712
 0 0.641714
 0 0.641719
 0 0.641727
 0 0.641727
 0 0.641756
 0 0.641756
 0 0.641756
 0 0.641825
 0 0.64185
 0 0.641854
 0 0.641871
 0 0.641876
 0 0.641876
 0 0.641891
 0 0.641892
 0 0.641904
 0 0.641905
 0 0.641905
 0 0.64193
 0 0.64193
 0 0.64194
 0 0.641965
 0 0.641968
 0 0.641977
 0 0.641977
 0 0.641981
 0 0.641981
 0 0.641992
 0 0.641993
 0 0.642001
 0 0.642003
 0 0.642006
 0 0.642013
 0 0.642013
 0 0.642014
 0 0.642023
 0 0.642023
 0 0.642023
 0 0.642071
 0 0.642093
 0 0.642103
 0 0.642106
 0 0.642106
 0 0.642106
 0 0.642119
 0 0.642142
 0 0.642145
 0 0.642165
 0 0.642168
 0 0.64217
 0 0.642175
 0 0.642175
 0 0.642176
 0 0.642202
 0 0.642203
 0 0.642203
 0 0.642205
 0 0.642205
 0 0.642205
 0 0.64224
 0 0.642242
 0 0.642251
 0 0.642262
 0 0.642262
 0 0.642262
 0 0.642263
 0 0.642263
 0 0.642274
 0 0.642277
 0 0.642297
 0 0.642299
 0 0.642368
 0 0.64237
 0 0.642376
 0 0.642385
 0 0.642389
 0 0.642413
 0 0.642413
 0 0.642419
 0 0.642419
 0 0.642419
 0 0.642489
 0 0.642515
 0 0.642528
 0 0.642528
 0 0.642532
 0 0.642532
 0 0.642541
 0 0.642542
 0 0.642591
 0 0.642611
 0 0.642613
 0 0.642613
 0 0.642614
 0 0.642614
 0 0.642807
 0 0.642809
 0 0.64281
 0 0.642815
 0 0.642816
 0 0.642835
 0 0.642899
 0 0.642899
 0 0.642899
 0 0.642899
 0 0.642907
 0 0.642909
 0 0.642918
 0 0.643003
 0 0.643042
 0 0.643046
 0 0.64307
 0 0.64307
 0 0.64307
 0 0.64307
 0 0.643146
 0 0.643147
 0 0.643189
 0 0.643193
 0 0.643194
 0 0.643194
 0 0.643194
 0 0.643206
 0 0.643207
 0 0.643249
 0 0.643249
 0 0.643279
 0 0.64328
 0 0.643322
 0 0.643322
 0 0.643481
 0 0.643481
 0 0.643484
 0 0.643484
 0 0.643506
 0 0.643507
 0 0.64351
 0 0.64351
 0 0.643513
 0 0.643561
 0 0.643564
 0 0.643582
 0 0.643597
 0 0.64361
 0 0.643618
 0 0.64362
 0 0.64362
 0 0.643667
 0 0.64367
 0 0.643672
 0 0.643673
 0 0.643852
 0 0.644016
 0 0.644018
 0 0.644018
 0 0.644069
 0 0.64407
 0 0.644139
 0 0.644171
 0 0.644171
 0 0.644171
 0 0.644218
 0 0.64422
 0 0.644404
 0 0.644405
 0 0.644457
 0 0.644541
 0 0.644574
 0 0.644574
 0 0.644752
 0 0.644752
 0 0.644801
 0 0.644831
 0 0.644867
 0 0.644871
 0 0.644923
 0 0.644925
 0 0.644939
 0 0.645017
 0 0.645018
 0 0.645056
 0 0.645177
 0 0.645177
 0 0.645179
 0 0.645417
 0 0.645563
 0 0.645564
 0 0.645564
 0 0.645628
 0 0.645628
 0 0.645635
 0 0.645637
 0 0.645924
 0 0.645976
 0 0.645976
 0 0.646101
 0 0.64616
 0 0.646222
 0 0.646229
 0 0.646881
 0 0.646883
 0 0.646883
 0 0.646899
 0 0.646899
 0 0.64698
 0 0.646981
 0 0.647087
 0 0.64709
 0 0.647173
 0 0.647174
 0 0.647175
 0 0.647175
 0 0.647312
 0 0.647312
 0 0.647312
 0 0.647476
 0 0.647478
 0 0.647618
 0 0.647649
 0 0.647651
 0 0.64769
 0 0.648123
 0 0.64973
 0 0.649731
 0 0.650498
 0 0.650499
 0 0.650499
 0 0.650499
 0 3.22651
 0 3.22651
 0 3.22651
 0 3.22651
 0 3.22821
 0 3.22821
 0 inf
