 8.94439 9.4845
 8.85279 9.33541
 8.68144 8.94123
 8.61606 8.6431
 8.56839 8.61125
 8.31579 8.49102
 7.77021 7.94978
 7.7128 8.42401
 7.47145 8.0831
 6.91769 7.13057
 6.89697 7.78367
 6.86244 7.02056
 6.58941 6.99624
 6.58745 7.22493
 6.45337 6.83267
 6.40436 7.10964
 6.27226 7.18019
 6.22072 6.66355
 6.18779 7.3801
 6.12293 7.66163
 5.99901 6.19402
 5.91096 8.49183
 5.52409 5.54218
 5.47624 6.68876
 5.36581 5.60927
 5.27699 5.31031
 5.25432 5.27351
 5.23485 5.51826
 5.18236 5.96063
 5.16656 5.23091
 5.12728 5.13577
 5.12263 5.14429
 5.11659 5.4519
 5.01122 5.01146
 4.94859 4.95156
 4.94484 4.96075
 4.92443 4.93915
 4.89255 4.8935
 4.8912 4.89762
 4.89079 4.907
 4.8824 4.88518
 4.86352 4.86977
 4.85936 4.87792
 4.85701 4.86093
 4.84532 4.85517
 4.83815 4.83919
 4.83608 5.25181
 4.83061 4.852
 4.82867 5.00492
 4.82857 4.83194
 4.82121 4.8358
 4.82073 5.13131
 4.80329 4.97177
 4.80221 4.81052
 4.79922 5.58003
 4.79559 4.81228
 4.78452 4.79914
 4.78139 4.82056
 4.76894 4.7726
 4.76131 4.78384
 4.75074 4.77179
 4.75033 5.03228
 4.74505 4.75563
 4.74149 4.78595
 4.73895 4.74414
 4.73541 4.75354
 4.71938 4.72349
 4.71704 4.73658
 4.70079 4.70275
 4.69862 4.69957
 4.69639 4.70536
 4.69589 4.69661
 4.68842 4.72679
 4.68268 4.91214
 4.68177 4.68429
 4.66495 4.693
 4.65864 4.67081
 4.65459 4.67297
 4.65043 4.66662
 4.64869 4.65498
 4.64742 4.68021
 4.64581 4.66781
 4.64322 5.96186
 4.63593 5.25112
 4.61623 4.61758
 4.61278 4.61675
 4.60941 4.61072
 4.5941 4.81261
 4.5863 4.94141
 4.58193 4.59701
 4.56974 4.84007
 4.56709 4.57462
 4.55288 4.56079
 4.54221 4.55214
 4.53665 4.53979
 4.51899 4.84626
 4.51667 4.53909
 4.50898 4.53374
 4.49638 5.02623
 4.49164 4.49319
 4.48554 5.08489
 4.48367 5.25288
 4.47666 7.61714
 4.47218 4.48123
 4.46206 4.67541
 4.44405 4.68424
 4.44133 4.45643
 4.43921 6.13476
 4.43896 4.44802
 4.43668 4.45391
 4.43559 6.01314
 4.42862 4.91546
 4.42745 8.33769
 4.42577 7.67786
 4.41663 8.66263
 4.40119 4.48638
 4.36924 4.99213
 4.36853 5.16272
 4.36713 5.19927
 4.35763 4.95594
 4.33587 5.29353
 4.30538 6.5765
 4.24929 4.33111
 4.22818 5.2176
 4.2273 4.23015
 4.20931 5.07387
 4.18904 4.21714
 4.18735 5.25872
 4.1838 5.13075
 4.1747 4.18691
 4.17211 7.10295
 4.17046 4.28422
 4.16882 5.00261
 4.15257 7.35973
 4.14622 6.08119
 4.12933 9.43066
 4.11048 6.00258
 4.10411 4.36292
 4.09085 7.26911
 4.06609 4.23585
 4.04269 5.37832
 4.04043 4.0498
 4.02086 5.88787
 4.00627 4.99018
 3.92729 3.93581
 3.91729 8.13227
 3.78272 4.54441
 3.76708 8.6336
 3.23541 5.42605
