 0 0.488891
 0 0.489124
 0 0.489124
 0 0.489335
 0 0.489336
 0 0.489569
 0 0.50112
 0 0.501368
 0 0.501368
 0 0.501369
 0 0.501698
 0 0.501698
 0 0.505921
 0 0.505921
 0 0.507245
 0 0.507246
 0 0.507246
 0 0.507246
 0 0.619171
 0 0.619385
 0 0.619385
 0 0.619705
 0 0.619705
 0 0.619918
 0 0.623838
 0 0.623839
 0 0.624195
 0 0.6248
 0 0.624803
 0 0.624968
 0 0.624995
 0 0.625011
 0 0.625145
 0 0.625187
 0 0.625188
 0 0.625188
 0 0.625312
 0 0.625313
 0 0.625435
 0 0.625435
 0 0.625483
 0 0.625484
 0 0.625512
 0 0.62552
 0 0.62552
 0 0.625521
 0 0.625751
 0 0.625753
 0 0.625767
 0 0.625768
 0 0.62578
 0 0.625835
 0 0.625836
 0 0.625836
 0 0.625845
 0 0.62589
 0 0.62589
 0 0.625927
 0 0.625928
 0 0.625929
 0 0.625929
 0 0.625929
 0 0.625929
 0 0.626042
 0 0.62612
 0 0.626186
 0 0.626186
 0 0.626186
 0 0.626216
 0 0.626216
 0 0.626216
 0 0.626216
 0 0.626298
 0 0.626565
 0 0.626576
 0 0.626599
 0 0.626599
 0 0.626697
 0 0.626727
 0 0.626727
 0 0.626727
 0 0.626757
 0 0.626757
 0 0.626758
 0 0.626758
 0 0.626811
 0 0.626829
 0 0.626848
 0 0.62686
 0 0.62686
 0 0.62693
 0 0.62693
 0 0.626943
 0 0.626956
 0 0.626956
 0 0.626956
 0 0.627051
 0 0.627052
 0 0.62708
 0 0.627081
 0 0.627081
 0 0.627114
 0 0.627115
 0 0.627116
 0 0.627185
 0 0.627237
 0 0.627385
 0 0.627385
 0 0.627385
 0 0.627438
 0 0.627439
 0 0.627451
 0 0.62748
 0 0.627481
 0 0.627491
 0 0.627491
 0 0.627541
 0 0.627541
 0 0.627543
 0 0.627543
 0 0.627552
 0 0.627552
 0 0.627552
 0 0.627573
 0 0.627574
 0 0.627574
 0 0.627574
 0 0.627575
 0 0.627673
 0 0.627673
 0 0.627673
 0 0.627674
 0 0.627757
 0 0.627793
 0 0.627808
 0 0.627808
 0 0.627826
 0 0.627874
 0 0.627875
 0 0.627983
 0 0.628037
 0 0.628037
 0 0.628118
 0 0.628128
 0 0.628174
 0 0.628174
 0 0.628174
 0 0.628272
 0 0.628462
 0 0.628479
 0 0.628583
 0 0.628583
 0 0.628583
 0 0.628583
 0 0.628584
 0 0.628619
 0 0.628765
 0 0.628778
 0 0.628779
 0 0.628793
 0 0.628793
 0 0.628798
 0 0.628801
 0 0.628801
 0 0.628848
 0 0.628879
 0 0.62888
 0 0.628894
 0 0.628894
 0 0.628896
 0 0.628948
 0 0.628949
 0 0.62895
 0 0.628977
 0 0.628978
 0 0.629063
 0 0.629096
 0 0.629112
 0 0.629118
 0 0.629118
 0 0.629138
 0 0.629138
 0 0.629138
 0 0.629153
 0 0.629235
 0 0.629236
 0 0.629246
 0 0.629249
 0 0.629313
 0 0.629313
 0 0.629315
 0 0.629414
 0 0.629414
 0 0.629433
 0 0.629476
 0 0.629476
 0 0.62952
 0 0.62952
 0 0.62952
 0 0.629561
 0 0.629582
 0 0.629582
 0 0.629583
 0 0.629694
 0 0.629694
 0 0.629695
 0 0.629695
 0 0.629695
 0 0.629772
 0 0.629772
 0 0.629893
 0 0.629894
 0 0.629895
 0 0.629953
 0 0.629991
 0 0.629992
 0 0.629992
 0 0.629996
 0 0.630029
 0 0.630029
 0 0.630059
 0 0.630064
 0 0.630064
 0 0.630065
 0 0.630087
 0 0.630088
 0 0.630089
 0 0.630098
 0 0.630098
 0 0.630102
 0 0.630106
 0 0.630106
 0 0.630108
 0 0.630108
 0 0.630132
 0 0.630133
 0 0.630138
 0 0.630164
 0 0.630191
 0 0.630213
 0 0.630213
 0 0.630213
 0 0.630214
 0 0.630214
 0 0.630232
 0 0.630265
 0 0.630265
 0 0.630318
 0 0.630318
 0 0.630318
 0 0.630321
 0 0.630329
 0 0.630342
 0 0.630342
 0 0.630342
 0 0.630343
 0 0.630343
 0 0.630343
 0 0.630373
 0 0.630373
 0 0.63038
 0 0.630388
 0 0.63039
 0 0.63039
 0 0.63039
 0 0.63042
 0 0.63042
 0 0.630421
 0 0.630468
 0 0.630468
 0 0.630573
 0 0.630591
 0 0.630616
 0 0.630616
 0 0.630655
 0 0.63066
 0 0.630685
 0 0.630686
 0 0.630691
 0 0.630724
 0 0.630793
 0 0.630804
 0 0.630804
 0 0.630811
 0 0.630811
 0 0.63082
 0 0.630826
 0 0.630827
 0 0.630929
 0 0.630931
 0 0.630932
 0 0.630932
 0 0.630975
 0 0.630976
 0 0.630977
 0 0.630994
 0 0.630995
 0 0.630997
 0 0.630997
 0 0.631004
 0 0.631019
 0 0.631019
 0 0.63102
 0 0.63102
 0 0.63102
 0 0.631027
 0 0.631027
 0 0.631033
 0 0.631048
 0 0.63107
 0 0.631105
 0 0.631236
 0 0.631236
 0 0.631278
 0 0.63128
 0 0.631281
 0 0.631281
 0 0.631281
 0 0.631282
 0 0.631317
 0 0.631317
 0 0.631318
 0 0.631323
 0 0.631323
 0 0.631333
 0 0.631355
 0 0.631364
 0 0.631364
 0 0.631382
 0 0.631406
 0 0.631407
 0 0.631407
 0 0.631412
 0 0.631412
 0 0.631413
 0 0.631413
 0 0.631418
 0 0.631418
 0 0.631418
 0 0.631446
 0 0.631448
 0 0.631466
 0 0.631467
 0 0.631476
 0 0.631497
 0 0.631506
 0 0.631506
 0 0.631506
 0 0.631531
 0 0.631531
 0 0.631533
 0 0.631552
 0 0.631552
 0 0.631558
 0 0.631568
 0 0.631568
 0 0.631571
 0 0.631571
 0 0.631573
 0 0.631586
 0 0.631653
 0 0.631653
 0 0.631653
 0 0.631666
 0 0.631674
 0 0.631675
 0 0.631676
 0 0.631692
 0 0.631692
 0 0.631692
 0 0.631706
 0 0.631706
 0 0.631748
 0 0.631765
 0 0.631766
 0 0.631766
 0 0.631767
 0 0.631792
 0 0.631804
 0 0.631859
 0 0.631859
 0 0.631859
 0 0.631886
 0 0.631888
 0 0.631888
 0 0.63189
 0 0.63189
 0 0.631891
 0 0.631915
 0 0.631915
 0 0.631929
 0 0.63194
 0 0.631941
 0 0.631953
 0 0.631975
 0 0.631975
 0 0.631975
 0 0.631977
 0 0.631979
 0 0.631979
 0 0.631992
 0 0.632019
 0 0.632019
 0 0.632019
 0 0.632021
 0 0.632027
 0 0.632027
 0 0.632041
 0 0.632041
 0 0.632048
 0 0.63206
 0 0.632096
 0 0.632105
 0 0.632115
 0 0.632143
 0 0.632166
 0 0.632179
 0 0.632179
 0 0.632179
 0 0.632195
 0 0.632238
 0 0.632239
 0 0.632272
 0 0.632272
 0 0.632289
 0 0.632323
 0 0.632323
 0 0.632323
 0 0.632323
 0 0.632357
 0 0.632361
 0 0.632362
 0 0.632362
 0 0.632394
 0 0.632395
 0 0.632402
 0 0.632403
 0 0.632432
 0 0.632432
 0 0.632466
 0 0.632466
 0 0.632513
 0 0.63253
 0 0.632577
 0 0.632578
 0 0.632578
 0 0.63263
 0 0.632631
 0 0.632649
 0 0.632649
 0 0.632668
 0 0.632668
 0 0.632674
 0 0.632702
 0 0.632702
 0 0.63278
 0 0.632782
 0 0.632782
 0 0.632808
 0 0.632825
 0 0.632858
 0 0.632889
 0 0.632921
 0 0.632921
 0 0.632924
 0 0.63298
 0 0.633034
 0 0.633035
 0 0.633035
 0 0.633036
 0 0.633036
 0 0.633191
 0 0.633212
 0 0.633237
 0 0.633237
 0 0.63325
 0 0.63325
 0 0.63325
 0 0.633284
 0 0.633284
 0 0.633286
 0 0.633295
 0 0.633295
 0 0.633316
 0 0.633317
 0 0.633319
 0 0.633338
 0 0.633351
 0 0.633351
 0 0.633405
 0 0.633424
 0 0.633424
 0 0.633424
 0 0.633426
 0 0.633427
 0 0.633434
 0 0.633434
 0 0.633445
 0 0.633446
 0 0.633477
 0 0.633488
 0 0.63349
 0 0.633505
 0 0.633505
 0 0.633528
 0 0.633568
 0 0.633628
 0 0.633629
 0 0.633679
 0 0.633679
 0 0.633681
 0 0.633681
 0 0.633684
 0 0.633684
 0 0.633697
 0 0.633699
 0 0.633745
 0 0.633747
 0 0.633747
 0 0.633771
 0 0.63382
 0 0.633832
 0 0.633832
 0 0.633833
 0 0.633857
 0 0.633894
 0 0.633973
 0 0.633973
 0 0.633973
 0 0.633973
 0 0.633991
 0 0.633992
 0 0.634029
 0 0.634029
 0 0.634031
 0 0.634041
 0 0.634041
 0 0.634041
 0 0.634041
 0 0.634063
 0 0.634064
 0 0.634077
 0 0.634164
 0 0.634164
 0 0.634164
 0 0.634184
 0 0.634201
 0 0.634201
 0 0.634202
 0 0.634203
 0 0.634203
 0 0.634221
 0 0.634221
 0 0.634228
 0 0.634228
 0 0.634245
 0 0.634285
 0 0.634301
 0 0.634326
 0 0.634345
 0 0.634345
 0 0.634368
 0 0.634384
 0 0.634384
 0 0.634384
 0 0.634384
 0 0.634394
 0 0.634394
 0 0.634403
 0 0.634403
 0 0.63441
 0 0.634414
 0 0.634417
 0 0.634462
 0 0.634481
 0 0.634481
 0 0.634502
 0 0.634529
 0 0.634529
 0 0.634531
 0 0.634534
 0 0.634553
 0 0.634553
 0 0.634555
 0 0.634558
 0 0.634558
 0 0.634559
 0 0.634559
 0 0.634635
 0 0.634635
 0 0.634637
 0 0.634639
 0 0.634677
 0 0.634677
 0 0.634707
 0 0.634731
 0 0.634731
 0 0.634732
 0 0.634733
 0 0.634758
 0 0.634781
 0 0.634781
 0 0.634781
 0 0.634801
 0 0.634824
 0 0.634853
 0 0.634863
 0 0.634871
 0 0.634872
 0 0.634872
 0 0.634872
 0 0.634884
 0 0.634884
 0 0.634884
 0 0.634893
 0 0.634903
 0 0.634909
 0 0.634927
 0 0.634952
 0 0.634977
 0 0.635
 0 0.635001
 0 0.635002
 0 0.635002
 0 0.635023
 0 0.635023
 0 0.635044
 0 0.635045
 0 0.635046
 0 0.635079
 0 0.635079
 0 0.635082
 0 0.635083
 0 0.635083
 0 0.635083
 0 0.635091
 0 0.635091
 0 0.635092
 0 0.635095
 0 0.635096
 0 0.635151
 0 0.635163
 0 0.635163
 0 0.635183
 0 0.635199
 0 0.635199
 0 0.635199
 0 0.635211
 0 0.635212
 0 0.635244
 0 0.635244
 0 0.63525
 0 0.635256
 0 0.635256
 0 0.635279
 0 0.635321
 0 0.635322
 0 0.635368
 0 0.635369
 0 0.635369
 0 0.635379
 0 0.635379
 0 0.635381
 0 0.635381
 0 0.635404
 0 0.635404
 0 0.635436
 0 0.635437
 0 0.635447
 0 0.63548
 0 0.635492
 0 0.635492
 0 0.635495
 0 0.635504
 0 0.635516
 0 0.635516
 0 0.635533
 0 0.635533
 0 0.635628
 0 0.63563
 0 0.635707
 0 0.635726
 0 0.635728
 0 0.635728
 0 0.635728
 0 0.635744
 0 0.635744
 0 0.635744
 0 0.635745
 0 0.635754
 0 0.635766
 0 0.635768
 0 0.635769
 0 0.635769
 0 0.635769
 0 0.635794
 0 0.635806
 0 0.635806
 0 0.635806
 0 0.635808
 0 0.635815
 0 0.635816
 0 0.63585
 0 0.63585
 0 0.635855
 0 0.635855
 0 0.635904
 0 0.635913
 0 0.635915
 0 0.635915
 0 0.635916
 0 0.635916
 0 0.635916
 0 0.635916
 0 0.635918
 0 0.635935
 0 0.635984
 0 0.635986
 0 0.635986
 0 0.63599
 0 0.635992
 0 0.635992
 0 0.635992
 0 0.636007
 0 0.636007
 0 0.636027
 0 0.636035
 0 0.636035
 0 0.636035
 0 0.636035
 0 0.636036
 0 0.636038
 0 0.636042
 0 0.636054
 0 0.636064
 0 0.636064
 0 0.636065
 0 0.636067
 0 0.636067
 0 0.636067
 0 0.636068
 0 0.636114
 0 0.636148
 0 0.63615
 0 0.636154
 0 0.636161
 0 0.636161
 0 0.636165
 0 0.636165
 0 0.636178
 0 0.636178
 0 0.63619
 0 0.636196
 0 0.636234
 0 0.636235
 0 0.636262
 0 0.636262
 0 0.636271
 0 0.636271
 0 0.636271
 0 0.636271
 0 0.636271
 0 0.636293
 0 0.636293
 0 0.636298
 0 0.636313
 0 0.636313
 0 0.636313
 0 0.636319
 0 0.636319
 0 0.636319
 0 0.636322
 0 0.636323
 0 0.636323
 0 0.636455
 0 0.636455
 0 0.636455
 0 0.636465
 0 0.636467
 0 0.636467
 0 0.63647
 0 0.636491
 0 0.636491
 0 0.636495
 0 0.636516
 0 0.636517
 0 0.636522
 0 0.636524
 0 0.636529
 0 0.63653
 0 0.63653
 0 0.636549
 0 0.636549
 0 0.63656
 0 0.636586
 0 0.636605
 0 0.636674
 0 0.636691
 0 0.636693
 0 0.636737
 0 0.636777
 0 0.636778
 0 0.636778
 0 0.636828
 0 0.636828
 0 0.636828
 0 0.636834
 0 0.636903
 0 0.636903
 0 0.636904
 0 0.636943
 0 0.636945
 0 0.636949
 0 0.636949
 0 0.63695
 0 0.636951
 0 0.636951
 0 0.636951
 0 0.636951
 0 0.636951
 0 0.636956
 0 0.63697
 0 0.636987
 0 0.636987
 0 0.636988
 0 0.637009
 0 0.63701
 0 0.637013
 0 0.637031
 0 0.637031
 0 0.637096
 0 0.637103
 0 0.637104
 0 0.637113
 0 0.637114
 0 0.637114
 0 0.637115
 0 0.637116
 0 0.637133
 0 0.637133
 0 0.637136
 0 0.637136
 0 0.637201
 0 0.637202
 0 0.63722
 0 0.637225
 0 0.637228
 0 0.637237
 0 0.637247
 0 0.637248
 0 0.637258
 0 0.637267
 0 0.637272
 0 0.637289
 0 0.63729
 0 0.637344
 0 0.637348
 0 0.637349
 0 0.637349
 0 0.637365
 0 0.637365
 0 0.637365
 0 0.637365
 0 0.637365
 0 0.637396
 0 0.637397
 0 0.637397
 0 0.637397
 0 0.637413
 0 0.637413
 0 0.637426
 0 0.637427
 0 0.637451
 0 0.63751
 0 0.63751
 0 0.637546
 0 0.637546
 0 0.637559
 0 0.637559
 0 0.637565
 0 0.637566
 0 0.637577
 0 0.637577
 0 0.637578
 0 0.637578
 0 0.637605
 0 0.637637
 0 0.637637
 0 0.637678
 0 0.637678
 0 0.637678
 0 0.637689
 0 0.637704
 0 0.637716
 0 0.63772
 0 0.637722
 0 0.637724
 0 0.637724
 0 0.637724
 0 0.637724
 0 0.637756
 0 0.637756
 0 0.637763
 0 0.637763
 0 0.637764
 0 0.637766
 0 0.637766
 0 0.637774
 0 0.637778
 0 0.637814
 0 0.637861
 0 0.637868
 0 0.63787
 0 0.63787
 0 0.63787
 0 0.63787
 0 0.637871
 0 0.637872
 0 0.637912
 0 0.637914
 0 0.637914
 0 0.637919
 0 0.637919
 0 0.637919
 0 0.637936
 0 0.637936
 0 0.637971
 0 0.637972
 0 0.637972
 0 0.637978
 0 0.637978
 0 0.638012
 0 0.638047
 0 0.638092
 0 0.638092
 0 0.638102
 0 0.638117
 0 0.638117
 0 0.638118
 0 0.638122
 0 0.638122
 0 0.638122
 0 0.63816
 0 0.638161
 0 0.638161
 0 0.638161
 0 0.638212
 0 0.638213
 0 0.638228
 0 0.638268
 0 0.638268
 0 0.638268
 0 0.638289
 0 0.63829
 0 0.638334
 0 0.638334
 0 0.638346
 0 0.638346
 0 0.638357
 0 0.638372
 0 0.638379
 0 0.63838
 0 0.63842
 0 0.638424
 0 0.638427
 0 0.638427
 0 0.63843
 0 0.638439
 0 0.63844
 0 0.63844
 0 0.638456
 0 0.638456
 0 0.638462
 0 0.638479
 0 0.638603
 0 0.638606
 0 0.638606
 0 0.638606
 0 0.638606
 0 0.638643
 0 0.63868
 0 0.63868
 0 0.638687
 0 0.638687
 0 0.638718
 0 0.638719
 0 0.63872
 0 0.63872
 0 0.63872
 0 0.63872
 0 0.63875
 0 0.63879
 0 0.6388
 0 0.6388
 0 0.638836
 0 0.638837
 0 0.638841
 0 0.638889
 0 0.638889
 0 0.63891
 0 0.638921
 0 0.638928
 0 0.638942
 0 0.63895
 0 0.638953
 0 0.638957
 0 0.638958
 0 0.638972
 0 0.638972
 0 0.638982
 0 0.638984
 0 0.638984
 0 0.638984
 0 0.638984
 0 0.638985
 0 0.638987
 0 0.638987
 0 0.638988
 0 0.638999
 0 0.639003
 0 0.639003
 0 0.63903
 0 0.63903
 0 0.639056
 0 0.639059
 0 0.639059
 0 0.639059
 0 0.639071
 0 0.639071
 0 0.639074
 0 0.639074
 0 0.639093
 0 0.639093
 0 0.639093
 0 0.639095
 0 0.639134
 0 0.639183
 0 0.639185
 0 0.639192
 0 0.639192
 0 0.639201
 0 0.639201
 0 0.639201
 0 0.639201
 0 0.639208
 0 0.639208
 0 0.639208
 0 0.639288
 0 0.639288
 0 0.639292
 0 0.639317
 0 0.639318
 0 0.63935
 0 0.63935
 0 0.639361
 0 0.639361
 0 0.639363
 0 0.639364
 0 0.639394
 0 0.639394
 0 0.639404
 0 0.639404
 0 0.639423
 0 0.639462
 0 0.639469
 0 0.639469
 0 0.639488
 0 0.639489
 0 0.639489
 0 0.639524
 0 0.639536
 0 0.639536
 0 0.639536
 0 0.63957
 0 0.63957
 0 0.63957
 0 0.639572
 0 0.639573
 0 0.639573
 0 0.639573
 0 0.639589
 0 0.639589
 0 0.63959
 0 0.639604
 0 0.639605
 0 0.639653
 0 0.639657
 0 0.639691
 0 0.639698
 0 0.639707
 0 0.639711
 0 0.639729
 0 0.639729
 0 0.639797
 0 0.63981
 0 0.639816
 0 0.639816
 0 0.639816
 0 0.639817
 0 0.639817
 0 0.639819
 0 0.639821
 0 0.639853
 0 0.639854
 0 0.639854
 0 0.639854
 0 0.63986
 0 0.63986
 0 0.639887
 0 0.639918
 0 0.639919
 0 0.639919
 0 0.63992
 0 0.639921
 0 0.639929
 0 0.639942
 0 0.639952
 0 0.639957
 0 0.639965
 0 0.639967
 0 0.639967
 0 0.639971
 0 0.64001
 0 0.64001
 0 0.64001
 0 0.640017
 0 0.640017
 0 0.640039
 0 0.640039
 0 0.640039
 0 0.640059
 0 0.640062
 0 0.640076
 0 0.640077
 0 0.640082
 0 0.640083
 0 0.640084
 0 0.640092
 0 0.640092
 0 0.640104
 0 0.640104
 0 0.640114
 0 0.640117
 0 0.640117
 0 0.640117
 0 0.64013
 0 0.640133
 0 0.640163
 0 0.640163
 0 0.640163
 0 0.640163
 0 0.640163
 0 0.640184
 0 0.640192
 0 0.640192
 0 0.640192
 0 0.640193
 0 0.640194
 0 0.640194
 0 0.640208
 0 0.640276
 0 0.640297
 0 0.640298
 0 0.640298
 0 0.640298
 0 0.6403
 0 0.6403
 0 0.640318
 0 0.640318
 0 0.64032
 0 0.64032
 0 0.64032
 0 0.640322
 0 0.640323
 0 0.640325
 0 0.640326
 0 0.640326
 0 0.640353
 0 0.640353
 0 0.640353
 0 0.640355
 0 0.640355
 0 0.64036
 0 0.640361
 0 0.640402
 0 0.640402
 0 0.640402
 0 0.640448
 0 0.640451
 0 0.640452
 0 0.640472
 0 0.640473
 0 0.640488
 0 0.640489
 0 0.640496
 0 0.640563
 0 0.640563
 0 0.640565
 0 0.640569
 0 0.64057
 0 0.64057
 0 0.64057
 0 0.64057
 0 0.640579
 0 0.640579
 0 0.6406
 0 0.640602
 0 0.640602
 0 0.64061
 0 0.64062
 0 0.640621
 0 0.640626
 0 0.640626
 0 0.640631
 0 0.640632
 0 0.640645
 0 0.640647
 0 0.640647
 0 0.640663
 0 0.640664
 0 0.640664
 0 0.640665
 0 0.640676
 0 0.640703
 0 0.640704
 0 0.640713
 0 0.640713
 0 0.640715
 0 0.64074
 0 0.64074
 0 0.64074
 0 0.640744
 0 0.640744
 0 0.640748
 0 0.640757
 0 0.640757
 0 0.640757
 0 0.640758
 0 0.640876
 0 0.640878
 0 0.640878
 0 0.640878
 0 0.640878
 0 0.640879
 0 0.640879
 0 0.640883
 0 0.640926
 0 0.640926
 0 0.640926
 0 0.640926
 0 0.64095
 0 0.64095
 0 0.64095
 0 0.640953
 0 0.640956
 0 0.640976
 0 0.640985
 0 0.640989
 0 0.640989
 0 0.641038
 0 0.641039
 0 0.641039
 0 0.641074
 0 0.641076
 0 0.641084
 0 0.641087
 0 0.641094
 0 0.641094
 0 0.641109
 0 0.64114
 0 0.641156
 0 0.641162
 0 0.641172
 0 0.641181
 0 0.641181
 0 0.641181
 0 0.641218
 0 0.641221
 0 0.641227
 0 0.641227
 0 0.641227
 0 0.641227
 0 0.64123
 0 0.641241
 0 0.641249
 0 0.641249
 0 0.64125
 0 0.64125
 0 0.641272
 0 0.641297
 0 0.641298
 0 0.64131
 0 0.64131
 0 0.641325
 0 0.641325
 0 0.641328
 0 0.641328
 0 0.641328
 0 0.641338
 0 0.641338
 0 0.641355
 0 0.641363
 0 0.641364
 0 0.641366
 0 0.641368
 0 0.641368
 0 0.64137
 0 0.64137
 0 0.641372
 0 0.641372
 0 0.641373
 0 0.641399
 0 0.641399
 0 0.641399
 0 0.6414
 0 0.6414
 0 0.641417
 0 0.641418
 0 0.641418
 0 0.641429
 0 0.641474
 0 0.641483
 0 0.64149
 0 0.64149
 0 0.64149
 0 0.64149
 0 0.641518
 0 0.641599
 0 0.641599
 0 0.641606
 0 0.641617
 0 0.641623
 0 0.641623
 0 0.641649
 0 0.641649
 0 0.641663
 0 0.641663
 0 0.641696
 0 0.64172
 0 0.64174
 0 0.641775
 0 0.641781
 0 0.641806
 0 0.641807
 0 0.641808
 0 0.641818
 0 0.641826
 0 0.641843
 0 0.641843
 0 0.641847
 0 0.641848
 0 0.641848
 0 0.641848
 0 0.641878
 0 0.641913
 0 0.641938
 0 0.641939
 0 0.641951
 0 0.641957
 0 0.641958
 0 0.641958
 0 0.641998
 0 0.642016
 0 0.642026
 0 0.642041
 0 0.642044
 0 0.642044
 0 0.642056
 0 0.642057
 0 0.642062
 0 0.642062
 0 0.642067
 0 0.642068
 0 0.642068
 0 0.642105
 0 0.642105
 0 0.642105
 0 0.642126
 0 0.642126
 0 0.642154
 0 0.642154
 0 0.64216
 0 0.642162
 0 0.642204
 0 0.642325
 0 0.642326
 0 0.642354
 0 0.642354
 0 0.642361
 0 0.642362
 0 0.642473
 0 0.642473
 0 0.642473
 0 0.642494
 0 0.642497
 0 0.642497
 0 0.642497
 0 0.64255
 0 0.64255
 0 0.642574
 0 0.642611
 0 0.642621
 0 0.642664
 0 0.642665
 0 0.642708
 0 0.642708
 0 0.642748
 0 0.642773
 0 0.642775
 0 0.642775
 0 0.642776
 0 0.642797
 0 0.642797
 0 0.642798
 0 0.642798
 0 0.642844
 0 0.642845
 0 0.642864
 0 0.642952
 0 0.642976
 0 0.642999
 0 0.64302
 0 0.643083
 0 0.643084
 0 0.6431
 0 0.6431
 0 0.643102
 0 0.643103
 0 0.643104
 0 0.643104
 0 0.643226
 0 0.643336
 0 0.643336
 0 0.643337
 0 0.643337
 0 0.643337
 0 0.64337
 0 0.643516
 0 0.643517
 0 0.643517
 0 0.643542
 0 0.643567
 0 0.643714
 0 0.643714
 0 0.643735
 0 0.643787
 0 0.643812
 0 0.643812
 0 0.643812
 0 0.643812
 0 0.643812
 0 0.643815
 0 0.643815
 0 0.643815
 0 0.643877
 0 0.643878
 0 0.643879
 0 0.643879
 0 0.643904
 0 0.643905
 0 0.643958
 0 0.644197
 0 0.644222
 0 0.644224
 0 0.644224
 0 0.644261
 0 0.644262
 0 0.644278
 0 0.644278
 0 0.644278
 0 0.6443
 0 0.644301
 0 0.644302
 0 0.644317
 0 0.644317
 0 0.644317
 0 0.644387
 0 0.644473
 0 0.644473
 0 0.644473
 0 0.644533
 0 0.644533
 0 0.644599
 0 0.644691
 0 0.644691
 0 0.644691
 0 0.644711
 0 0.64476
 0 0.64489
 0 0.64489
 0 0.644935
 0 0.644949
 0 0.644951
 0 0.644966
 0 0.644967
 0 0.644967
 0 0.644967
 0 0.644967
 0 0.644972
 0 0.644973
 0 0.644973
 0 0.645054
 0 0.645074
 0 0.645266
 0 0.645295
 0 0.645319
 0 0.645409
 0 0.645496
 0 0.645498
 0 0.645498
 0 0.645558
 0 0.645558
 0 0.645558
 0 0.645569
 0 0.645572
 0 0.645585
 0 0.645586
 0 0.645728
 0 0.645729
 0 0.645804
 0 0.645849
 0 0.645849
 0 0.645858
 0 0.645858
 0 0.645938
 0 0.646424
 0 0.646426
 0 0.647013
 0 0.647013
 0 0.647014
 0 0.648965
 0 0.648966
 0 0.649326
 0 0.649364
 0 0.649724
 0 0.650568
 0 0.650688
 0 0.650689
 0 0.650755
 0 0.651203
 0 0.651203
 0 0.651203
 0 inf
