 0 0.478582
 0 0.478583
 0 0.478803
 0 0.479679
 0 0.47968
 0 0.47968
 0 0.487923
 0 0.488829
 0 0.488829
 0 0.488829
 0 0.488829
 0 0.489181
 0 0.616137
 0 0.616657
 0 0.616949
 0 0.616949
 0 0.617468
 0 0.617469
 0 0.617998
 0 0.618776
 0 0.618777
 0 0.619373
 0 0.619375
 0 0.619375
 0 0.620362
 0 0.620362
 0 0.620571
 0 0.620571
 0 0.620807
 0 0.620808
 0 0.620847
 0 0.621056
 0 0.621146
 0 0.62176
 0 0.62176
 0 0.622097
 0 0.622811
 0 0.623311
 0 0.623329
 0 0.623329
 0 0.623329
 0 0.623329
 0 0.62333
 0 0.62407
 0 0.624087
 0 0.624089
 0 0.624202
 0 0.624203
 0 0.625288
 0 0.625386
 0 0.625387
 0 0.625442
 0 0.625442
 0 0.625442
 0 0.62549
 0 0.62549
 0 0.625675
 0 0.626087
 0 0.626212
 0 0.626213
 0 0.626244
 0 0.626244
 0 0.626248
 0 0.626248
 0 0.626376
 0 0.62646
 0 0.626461
 0 0.626518
 0 0.626518
 0 0.626556
 0 0.626556
 0 0.626577
 0 0.62682
 0 0.62682
 0 0.626821
 0 0.626821
 0 0.626821
 0 0.62691
 0 0.626911
 0 0.626997
 0 0.627121
 0 0.627121
 0 0.627121
 0 0.627121
 0 0.627122
 0 0.627122
 0 0.627186
 0 0.627187
 0 0.627316
 0 0.627346
 0 0.627346
 0 0.627346
 0 0.627378
 0 0.627385
 0 0.627387
 0 0.627387
 0 0.627387
 0 0.627434
 0 0.627434
 0 0.627455
 0 0.6276
 0 0.6276
 0 0.62769
 0 0.627724
 0 0.627724
 0 0.627725
 0 0.627874
 0 0.627874
 0 0.627874
 0 0.627935
 0 0.627952
 0 0.627952
 0 0.627954
 0 0.627996
 0 0.627999
 0 0.628013
 0 0.628058
 0 0.628058
 0 0.628059
 0 0.628078
 0 0.628123
 0 0.628123
 0 0.628124
 0 0.628172
 0 0.628172
 0 0.628253
 0 0.628268
 0 0.628268
 0 0.62827
 0 0.6283
 0 0.6283
 0 0.6283
 0 0.628374
 0 0.628374
 0 0.628374
 0 0.628375
 0 0.628375
 0 0.628384
 0 0.628384
 0 0.628385
 0 0.628433
 0 0.628434
 0 0.628506
 0 0.628507
 0 0.628507
 0 0.628551
 0 0.628557
 0 0.628558
 0 0.628576
 0 0.628576
 0 0.628576
 0 0.628577
 0 0.628577
 0 0.62864
 0 0.628657
 0 0.628657
 0 0.62869
 0 0.628721
 0 0.628729
 0 0.628729
 0 0.628785
 0 0.628785
 0 0.628794
 0 0.628873
 0 0.628873
 0 0.628873
 0 0.628874
 0 0.628953
 0 0.628953
 0 0.628994
 0 0.628994
 0 0.628995
 0 0.628996
 0 0.629085
 0 0.629085
 0 0.629087
 0 0.629099
 0 0.629125
 0 0.629273
 0 0.629273
 0 0.629273
 0 0.629344
 0 0.629382
 0 0.629382
 0 0.629382
 0 0.629382
 0 0.629384
 0 0.629385
 0 0.629385
 0 0.629443
 0 0.629445
 0 0.629445
 0 0.629458
 0 0.62955
 0 0.629639
 0 0.629663
 0 0.62973
 0 0.629731
 0 0.629751
 0 0.629779
 0 0.629779
 0 0.629779
 0 0.629779
 0 0.629782
 0 0.629783
 0 0.629783
 0 0.629807
 0 0.629808
 0 0.62983
 0 0.629831
 0 0.629874
 0 0.629874
 0 0.629944
 0 0.63
 0 0.630006
 0 0.630039
 0 0.630057
 0 0.630081
 0 0.630081
 0 0.630092
 0 0.630092
 0 0.630114
 0 0.630115
 0 0.630121
 0 0.630121
 0 0.63014
 0 0.630147
 0 0.630147
 0 0.630148
 0 0.630148
 0 0.630148
 0 0.630153
 0 0.630154
 0 0.630159
 0 0.630176
 0 0.630178
 0 0.630178
 0 0.630209
 0 0.63021
 0 0.63021
 0 0.630266
 0 0.630277
 0 0.630277
 0 0.630292
 0 0.630292
 0 0.630309
 0 0.630385
 0 0.630385
 0 0.630385
 0 0.630385
 0 0.630385
 0 0.630386
 0 0.630418
 0 0.630435
 0 0.630436
 0 0.630436
 0 0.63044
 0 0.630444
 0 0.630459
 0 0.630492
 0 0.630493
 0 0.630493
 0 0.630494
 0 0.630494
 0 0.630494
 0 0.630557
 0 0.630557
 0 0.630625
 0 0.630637
 0 0.630666
 0 0.630667
 0 0.630667
 0 0.630677
 0 0.630687
 0 0.630688
 0 0.630692
 0 0.630692
 0 0.630692
 0 0.630692
 0 0.630706
 0 0.630706
 0 0.630724
 0 0.630724
 0 0.630724
 0 0.630724
 0 0.630742
 0 0.630756
 0 0.630758
 0 0.630775
 0 0.630815
 0 0.630816
 0 0.630889
 0 0.630902
 0 0.630906
 0 0.630906
 0 0.630943
 0 0.630943
 0 0.630943
 0 0.630945
 0 0.63099
 0 0.63099
 0 0.630991
 0 0.631019
 0 0.631019
 0 0.631019
 0 0.631029
 0 0.631078
 0 0.631078
 0 0.631101
 0 0.631101
 0 0.631101
 0 0.631101
 0 0.631175
 0 0.631181
 0 0.631191
 0 0.631199
 0 0.631199
 0 0.631281
 0 0.631281
 0 0.631281
 0 0.631281
 0 0.631312
 0 0.631314
 0 0.631314
 0 0.631348
 0 0.631348
 0 0.631349
 0 0.631349
 0 0.631365
 0 0.631371
 0 0.631371
 0 0.631371
 0 0.631372
 0 0.6314
 0 0.6314
 0 0.631402
 0 0.631405
 0 0.631406
 0 0.631406
 0 0.631451
 0 0.631501
 0 0.631631
 0 0.631631
 0 0.631647
 0 0.631647
 0 0.631662
 0 0.631662
 0 0.631662
 0 0.631713
 0 0.631713
 0 0.631713
 0 0.631714
 0 0.63176
 0 0.63176
 0 0.631761
 0 0.631782
 0 0.631782
 0 0.631782
 0 0.63183
 0 0.631831
 0 0.631831
 0 0.631832
 0 0.631832
 0 0.631948
 0 0.631948
 0 0.631949
 0 0.631963
 0 0.63199
 0 0.631991
 0 0.632013
 0 0.632033
 0 0.632061
 0 0.632062
 0 0.632062
 0 0.63208
 0 0.63208
 0 0.632119
 0 0.632139
 0 0.63214
 0 0.63214
 0 0.63214
 0 0.632195
 0 0.632328
 0 0.632346
 0 0.632346
 0 0.632346
 0 0.632346
 0 0.632362
 0 0.632399
 0 0.6324
 0 0.632401
 0 0.632402
 0 0.632412
 0 0.632413
 0 0.632413
 0 0.632413
 0 0.632413
 0 0.632425
 0 0.632425
 0 0.632426
 0 0.632431
 0 0.632431
 0 0.632433
 0 0.632491
 0 0.632491
 0 0.632491
 0 0.632557
 0 0.632557
 0 0.632629
 0 0.632629
 0 0.632635
 0 0.632636
 0 0.632657
 0 0.632728
 0 0.632766
 0 0.632766
 0 0.632767
 0 0.632768
 0 0.632773
 0 0.632902
 0 0.632921
 0 0.632922
 0 0.632922
 0 0.632997
 0 0.633016
 0 0.633026
 0 0.633026
 0 0.633041
 0 0.633042
 0 0.633042
 0 0.633042
 0 0.633094
 0 0.633132
 0 0.633132
 0 0.633146
 0 0.633146
 0 0.633146
 0 0.633146
 0 0.633147
 0 0.633199
 0 0.633238
 0 0.633238
 0 0.633238
 0 0.633238
 0 0.633261
 0 0.633263
 0 0.633263
 0 0.633263
 0 0.633263
 0 0.63328
 0 0.633282
 0 0.633298
 0 0.633304
 0 0.633319
 0 0.633382
 0 0.633384
 0 0.633384
 0 0.633384
 0 0.633415
 0 0.633477
 0 0.633477
 0 0.633479
 0 0.633555
 0 0.63357
 0 0.633571
 0 0.633577
 0 0.633578
 0 0.633578
 0 0.633578
 0 0.633585
 0 0.633585
 0 0.633585
 0 0.633616
 0 0.633646
 0 0.633647
 0 0.633669
 0 0.633692
 0 0.633692
 0 0.633699
 0 0.633708
 0 0.633708
 0 0.633708
 0 0.633708
 0 0.633726
 0 0.633731
 0 0.633732
 0 0.63375
 0 0.63375
 0 0.63375
 0 0.633755
 0 0.633756
 0 0.633756
 0 0.633762
 0 0.633799
 0 0.633818
 0 0.633846
 0 0.63385
 0 0.633893
 0 0.633893
 0 0.633895
 0 0.633895
 0 0.633895
 0 0.633895
 0 0.633907
 0 0.633907
 0 0.633919
 0 0.63392
 0 0.633953
 0 0.633953
 0 0.633963
 0 0.633968
 0 0.633975
 0 0.633977
 0 0.633991
 0 0.633991
 0 0.633992
 0 0.634007
 0 0.634008
 0 0.634029
 0 0.634029
 0 0.634029
 0 0.634035
 0 0.634049
 0 0.634049
 0 0.634049
 0 0.634067
 0 0.634067
 0 0.634079
 0 0.634079
 0 0.634112
 0 0.634112
 0 0.634113
 0 0.634114
 0 0.634114
 0 0.634114
 0 0.634118
 0 0.634118
 0 0.634119
 0 0.63414
 0 0.63414
 0 0.634142
 0 0.634161
 0 0.634193
 0 0.634193
 0 0.634193
 0 0.634206
 0 0.634211
 0 0.634211
 0 0.634211
 0 0.634215
 0 0.634217
 0 0.634217
 0 0.634219
 0 0.63422
 0 0.634225
 0 0.634226
 0 0.634227
 0 0.634238
 0 0.634238
 0 0.634238
 0 0.634256
 0 0.634256
 0 0.634257
 0 0.634301
 0 0.63431
 0 0.634334
 0 0.634335
 0 0.634341
 0 0.634349
 0 0.634355
 0 0.634371
 0 0.634371
 0 0.634371
 0 0.634389
 0 0.634393
 0 0.634393
 0 0.634393
 0 0.634397
 0 0.634397
 0 0.634399
 0 0.634422
 0 0.634424
 0 0.634443
 0 0.634446
 0 0.634457
 0 0.634457
 0 0.634476
 0 0.634476
 0 0.634496
 0 0.634496
 0 0.634496
 0 0.634511
 0 0.634513
 0 0.63453
 0 0.634535
 0 0.634537
 0 0.634537
 0 0.634547
 0 0.634548
 0 0.634562
 0 0.634563
 0 0.634563
 0 0.634564
 0 0.63457
 0 0.634572
 0 0.634581
 0 0.634581
 0 0.634594
 0 0.634594
 0 0.634611
 0 0.634612
 0 0.634612
 0 0.634625
 0 0.634625
 0 0.634626
 0 0.634632
 0 0.634632
 0 0.634638
 0 0.634678
 0 0.634679
 0 0.634691
 0 0.634694
 0 0.634723
 0 0.634724
 0 0.634737
 0 0.634737
 0 0.634745
 0 0.634745
 0 0.634745
 0 0.63475
 0 0.634752
 0 0.634786
 0 0.634824
 0 0.634833
 0 0.634835
 0 0.634838
 0 0.63493
 0 0.634931
 0 0.634931
 0 0.634932
 0 0.634933
 0 0.634933
 0 0.634944
 0 0.634952
 0 0.634952
 0 0.634954
 0 0.634954
 0 0.635007
 0 0.635007
 0 0.635007
 0 0.635012
 0 0.635035
 0 0.635035
 0 0.635035
 0 0.635036
 0 0.635058
 0 0.635058
 0 0.635065
 0 0.635076
 0 0.635076
 0 0.635076
 0 0.6351
 0 0.6351
 0 0.6351
 0 0.6351
 0 0.635114
 0 0.635142
 0 0.635163
 0 0.635165
 0 0.635166
 0 0.635173
 0 0.635178
 0 0.635178
 0 0.635193
 0 0.635193
 0 0.635213
 0 0.635214
 0 0.635214
 0 0.635214
 0 0.635285
 0 0.635285
 0 0.635293
 0 0.635294
 0 0.635314
 0 0.635314
 0 0.635378
 0 0.635386
 0 0.635386
 0 0.635386
 0 0.635391
 0 0.635391
 0 0.635409
 0 0.635444
 0 0.635445
 0 0.635445
 0 0.635445
 0 0.635457
 0 0.635458
 0 0.635463
 0 0.635466
 0 0.635469
 0 0.635473
 0 0.635501
 0 0.635502
 0 0.635503
 0 0.635507
 0 0.635517
 0 0.635517
 0 0.635518
 0 0.635518
 0 0.635529
 0 0.635548
 0 0.635618
 0 0.635618
 0 0.635618
 0 0.635624
 0 0.635624
 0 0.635624
 0 0.635639
 0 0.635639
 0 0.635641
 0 0.635641
 0 0.635645
 0 0.635646
 0 0.635646
 0 0.635671
 0 0.63569
 0 0.635696
 0 0.63573
 0 0.63573
 0 0.635739
 0 0.635739
 0 0.635743
 0 0.635744
 0 0.635745
 0 0.635769
 0 0.635771
 0 0.635771
 0 0.635772
 0 0.635782
 0 0.635782
 0 0.635783
 0 0.635813
 0 0.635825
 0 0.635827
 0 0.635895
 0 0.635895
 0 0.635896
 0 0.635922
 0 0.635927
 0 0.635928
 0 0.63596
 0 0.636007
 0 0.636029
 0 0.636029
 0 0.636042
 0 0.636094
 0 0.636096
 0 0.636096
 0 0.636097
 0 0.63612
 0 0.636123
 0 0.63614
 0 0.63614
 0 0.636143
 0 0.6362
 0 0.636219
 0 0.636236
 0 0.63624
 0 0.636277
 0 0.636277
 0 0.636278
 0 0.636279
 0 0.636279
 0 0.636295
 0 0.636297
 0 0.636297
 0 0.636307
 0 0.636307
 0 0.636308
 0 0.636308
 0 0.636309
 0 0.63631
 0 0.636325
 0 0.636325
 0 0.636325
 0 0.636325
 0 0.636325
 0 0.636326
 0 0.636326
 0 0.636346
 0 0.636348
 0 0.636372
 0 0.636389
 0 0.63639
 0 0.636392
 0 0.636398
 0 0.6364
 0 0.636401
 0 0.636405
 0 0.636407
 0 0.636407
 0 0.636409
 0 0.636409
 0 0.636417
 0 0.636456
 0 0.636461
 0 0.636461
 0 0.636486
 0 0.636523
 0 0.636541
 0 0.636541
 0 0.636541
 0 0.636542
 0 0.63656
 0 0.636567
 0 0.636567
 0 0.63657
 0 0.63657
 0 0.636571
 0 0.636586
 0 0.636586
 0 0.636586
 0 0.636592
 0 0.636593
 0 0.636593
 0 0.63663
 0 0.63663
 0 0.636632
 0 0.636692
 0 0.636693
 0 0.636693
 0 0.636694
 0 0.636748
 0 0.636756
 0 0.636756
 0 0.636762
 0 0.636763
 0 0.636763
 0 0.636765
 0 0.636765
 0 0.636765
 0 0.636765
 0 0.63679
 0 0.636803
 0 0.63682
 0 0.636822
 0 0.636825
 0 0.636825
 0 0.636826
 0 0.636826
 0 0.636849
 0 0.636849
 0 0.636849
 0 0.636849
 0 0.636857
 0 0.636876
 0 0.636876
 0 0.636876
 0 0.636878
 0 0.636906
 0 0.636906
 0 0.636919
 0 0.63692
 0 0.636931
 0 0.636932
 0 0.636932
 0 0.636944
 0 0.636944
 0 0.636946
 0 0.636949
 0 0.63695
 0 0.636965
 0 0.637003
 0 0.637005
 0 0.637046
 0 0.637051
 0 0.637051
 0 0.637076
 0 0.637076
 0 0.637076
 0 0.637076
 0 0.637099
 0 0.637117
 0 0.637121
 0 0.637122
 0 0.637136
 0 0.637136
 0 0.637142
 0 0.637142
 0 0.63715
 0 0.637152
 0 0.63718
 0 0.63718
 0 0.637185
 0 0.637185
 0 0.637201
 0 0.637202
 0 0.637202
 0 0.637213
 0 0.63723
 0 0.63723
 0 0.637273
 0 0.637273
 0 0.637318
 0 0.637318
 0 0.637321
 0 0.637321
 0 0.637321
 0 0.637321
 0 0.637321
 0 0.637321
 0 0.637335
 0 0.637335
 0 0.637355
 0 0.637355
 0 0.637356
 0 0.637356
 0 0.637356
 0 0.637378
 0 0.637381
 0 0.637396
 0 0.637396
 0 0.637396
 0 0.637396
 0 0.63742
 0 0.63742
 0 0.637435
 0 0.637441
 0 0.637441
 0 0.637443
 0 0.637452
 0 0.637453
 0 0.637454
 0 0.637455
 0 0.637455
 0 0.637485
 0 0.637519
 0 0.637519
 0 0.637519
 0 0.637519
 0 0.63752
 0 0.637521
 0 0.637521
 0 0.637522
 0 0.637523
 0 0.637523
 0 0.637562
 0 0.637565
 0 0.637565
 0 0.637565
 0 0.637565
 0 0.637567
 0 0.637583
 0 0.637583
 0 0.637583
 0 0.637585
 0 0.637587
 0 0.63759
 0 0.637595
 0 0.637596
 0 0.637596
 0 0.63763
 0 0.63763
 0 0.63764
 0 0.637652
 0 0.637652
 0 0.637653
 0 0.637653
 0 0.637731
 0 0.637731
 0 0.637732
 0 0.637734
 0 0.637735
 0 0.637735
 0 0.637755
 0 0.637755
 0 0.637775
 0 0.637815
 0 0.637832
 0 0.637832
 0 0.637832
 0 0.637837
 0 0.637837
 0 0.637906
 0 0.637908
 0 0.637909
 0 0.63791
 0 0.63791
 0 0.637911
 0 0.637914
 0 0.637929
 0 0.637929
 0 0.637934
 0 0.637934
 0 0.637935
 0 0.637938
 0 0.637956
 0 0.637956
 0 0.637962
 0 0.637997
 0 0.637999
 0 0.638024
 0 0.638029
 0 0.63803
 0 0.638041
 0 0.638043
 0 0.638051
 0 0.638063
 0 0.638066
 0 0.638066
 0 0.638066
 0 0.638067
 0 0.638068
 0 0.638113
 0 0.638113
 0 0.638145
 0 0.638213
 0 0.638316
 0 0.638317
 0 0.638317
 0 0.638326
 0 0.638329
 0 0.638357
 0 0.638357
 0 0.638368
 0 0.638399
 0 0.6384
 0 0.638432
 0 0.638433
 0 0.638433
 0 0.638433
 0 0.638457
 0 0.63849
 0 0.638506
 0 0.638506
 0 0.638506
 0 0.638506
 0 0.638506
 0 0.638507
 0 0.638524
 0 0.638524
 0 0.638525
 0 0.638546
 0 0.638549
 0 0.638584
 0 0.638584
 0 0.638585
 0 0.638661
 0 0.638662
 0 0.638731
 0 0.638765
 0 0.638765
 0 0.63878
 0 0.638781
 0 0.638783
 0 0.638807
 0 0.638808
 0 0.638854
 0 0.638858
 0 0.638901
 0 0.638916
 0 0.638922
 0 0.638922
 0 0.638969
 0 0.638969
 0 0.638987
 0 0.638988
 0 0.638999
 0 0.639001
 0 0.639013
 0 0.63904
 0 0.639041
 0 0.639041
 0 0.639041
 0 0.639056
 0 0.639056
 0 0.639078
 0 0.639091
 0 0.639091
 0 0.639096
 0 0.6391
 0 0.6391
 0 0.639203
 0 0.639241
 0 0.639241
 0 0.63927
 0 0.639286
 0 0.639286
 0 0.639319
 0 0.639365
 0 0.639365
 0 0.639404
 0 0.639427
 0 0.639428
 0 0.639428
 0 0.639434
 0 0.639454
 0 0.639454
 0 0.639501
 0 0.639501
 0 0.639515
 0 0.639519
 0 0.639519
 0 0.639519
 0 0.639519
 0 0.639519
 0 0.63952
 0 0.639547
 0 0.639576
 0 0.63961
 0 0.63961
 0 0.639642
 0 0.639642
 0 0.639642
 0 0.639659
 0 0.639708
 0 0.639727
 0 0.639727
 0 0.639776
 0 0.639813
 0 0.639813
 0 0.639823
 0 0.639824
 0 0.639833
 0 0.639833
 0 0.639867
 0 0.639867
 0 0.639867
 0 0.639867
 0 0.639873
 0 0.639873
 0 0.639874
 0 0.640013
 0 0.640013
 0 0.640013
 0 0.64002
 0 0.64002
 0 0.640024
 0 0.640064
 0 0.640064
 0 0.640072
 0 0.640073
 0 0.640131
 0 0.640132
 0 0.640156
 0 0.640164
 0 0.640165
 0 0.640168
 0 0.640169
 0 0.640215
 0 0.640215
 0 0.640215
 0 0.640231
 0 0.640257
 0 0.640283
 0 0.640337
 0 0.640339
 0 0.640381
 0 0.640382
 0 0.640401
 0 0.640402
 0 0.640402
 0 0.640402
 0 0.640402
 0 0.640402
 0 0.640446
 0 0.640451
 0 0.640451
 0 0.640451
 0 0.640452
 0 0.64046
 0 0.64046
 0 0.64046
 0 0.64046
 0 0.640461
 0 0.640498
 0 0.640498
 0 0.640516
 0 0.640517
 0 0.640547
 0 0.640606
 0 0.64061
 0 0.640646
 0 0.640748
 0 0.640748
 0 0.640764
 0 0.640888
 0 0.640888
 0 0.64089
 0 0.64089
 0 0.640926
 0 0.640926
 0 0.64094
 0 0.640941
 0 0.640942
 0 0.640976
 0 0.640977
 0 0.640977
 0 0.640994
 0 0.640995
 0 0.640995
 0 0.641077
 0 0.641085
 0 0.641171
 0 0.641172
 0 0.641172
 0 0.641207
 0 0.641207
 0 0.641222
 0 0.641222
 0 0.641264
 0 0.641281
 0 0.641282
 0 0.641282
 0 0.641282
 0 0.641284
 0 0.641285
 0 0.641285
 0 0.641293
 0 0.641294
 0 0.64131
 0 0.641327
 0 0.641327
 0 0.641327
 0 0.641349
 0 0.641349
 0 0.64135
 0 0.641365
 0 0.641366
 0 0.641394
 0 0.641416
 0 0.641417
 0 0.641527
 0 0.641527
 0 0.641527
 0 0.641527
 0 0.641543
 0 0.641543
 0 0.641544
 0 0.641544
 0 0.641544
 0 0.641563
 0 0.641563
 0 0.641608
 0 0.641608
 0 0.641637
 0 0.64168
 0 0.641683
 0 0.641684
 0 0.641686
 0 0.641686
 0 0.641688
 0 0.641688
 0 0.641726
 0 0.641727
 0 0.641765
 0 0.641765
 0 0.641765
 0 0.641765
 0 0.641768
 0 0.641774
 0 0.641779
 0 0.641779
 0 0.64183
 0 0.641831
 0 0.641836
 0 0.641836
 0 0.641836
 0 0.641847
 0 0.641848
 0 0.641848
 0 0.64185
 0 0.64185
 0 0.641876
 0 0.641899
 0 0.641899
 0 0.6419
 0 0.641904
 0 0.641904
 0 0.641904
 0 0.641938
 0 0.641939
 0 0.64194
 0 0.641941
 0 0.641943
 0 0.641974
 0 0.641987
 0 0.642
 0 0.642001
 0 0.642001
 0 0.642004
 0 0.642005
 0 0.642005
 0 0.642028
 0 0.642038
 0 0.642039
 0 0.642042
 0 0.642042
 0 0.64205
 0 0.64205
 0 0.64205
 0 0.64205
 0 0.64211
 0 0.64211
 0 0.642111
 0 0.642149
 0 0.642159
 0 0.642179
 0 0.642212
 0 0.642212
 0 0.642212
 0 0.642212
 0 0.642212
 0 0.642242
 0 0.642242
 0 0.642266
 0 0.642267
 0 0.642267
 0 0.642279
 0 0.642294
 0 0.642317
 0 0.642362
 0 0.642396
 0 0.642431
 0 0.642431
 0 0.642432
 0 0.642432
 0 0.642432
 0 0.642436
 0 0.642477
 0 0.642489
 0 0.642489
 0 0.642489
 0 0.642515
 0 0.642561
 0 0.642563
 0 0.642585
 0 0.64261
 0 0.642661
 0 0.64268
 0 0.64268
 0 0.64268
 0 0.642702
 0 0.642718
 0 0.642742
 0 0.642749
 0 0.642757
 0 0.642789
 0 0.642789
 0 0.642801
 0 0.642802
 0 0.642876
 0 0.642878
 0 0.642879
 0 0.642892
 0 0.642892
 0 0.642892
 0 0.642917
 0 0.642926
 0 0.642945
 0 0.642946
 0 0.642956
 0 0.642971
 0 0.642971
 0 0.642982
 0 0.642982
 0 0.643003
 0 0.643003
 0 0.643004
 0 0.643063
 0 0.643075
 0 0.643075
 0 0.643075
 0 0.643093
 0 0.643098
 0 0.643098
 0 0.643099
 0 0.643099
 0 0.643099
 0 0.64312
 0 0.64312
 0 0.643144
 0 0.643168
 0 0.643188
 0 0.643275
 0 0.643276
 0 0.643283
 0 0.643299
 0 0.643299
 0 0.6433
 0 0.643301
 0 0.643319
 0 0.643325
 0 0.643326
 0 0.643326
 0 0.643326
 0 0.643337
 0 0.643337
 0 0.643404
 0 0.643404
 0 0.643432
 0 0.643434
 0 0.643439
 0 0.643494
 0 0.643494
 0 0.643553
 0 0.643554
 0 0.643566
 0 0.643567
 0 0.643684
 0 0.643684
 0 0.643684
 0 0.643775
 0 0.643815
 0 0.643815
 0 0.643822
 0 0.643822
 0 0.643822
 0 0.643822
 0 0.643822
 0 0.643834
 0 0.643893
 0 0.643893
 0 0.643927
 0 0.643927
 0 0.643927
 0 0.643927
 0 0.643927
 0 0.643943
 0 0.643943
 0 0.643945
 0 0.643945
 0 0.64398
 0 0.64398
 0 0.643984
 0 0.644007
 0 0.64408
 0 0.64408
 0 0.644087
 0 0.644104
 0 0.644123
 0 0.644155
 0 0.644181
 0 0.644181
 0 0.644288
 0 0.644294
 0 0.644295
 0 0.644349
 0 0.64455
 0 0.64455
 0 0.644583
 0 0.64464
 0 0.644641
 0 0.644694
 0 0.644694
 0 0.644694
 0 0.644864
 0 0.644876
 0 0.644876
 0 0.644876
 0 0.644876
 0 0.644913
 0 0.644913
 0 0.644962
 0 0.645072
 0 0.645124
 0 0.645125
 0 0.645125
 0 0.645174
 0 0.645175
 0 0.645332
 0 0.645332
 0 0.645333
 0 0.645333
 0 0.64535
 0 0.64535
 0 0.64535
 0 0.645375
 0 0.645376
 0 0.645376
 0 0.645536
 0 0.645586
 0 0.645697
 0 0.645698
 0 0.645775
 0 0.645905
 0 0.645905
 0 0.645905
 0 0.646499
 0 0.6465
 0 0.646548
 0 0.646549
 0 0.646681
 0 0.646681
 0 0.646682
 0 0.64676
 0 0.64676
 0 0.646845
 0 0.647063
 0 0.647106
 0 0.647106
 0 0.647106
 0 0.647124
 0 0.647158
 0 0.647256
 0 0.647284
 0 0.647522
 0 0.647791
 0 0.647791
 0 0.648012
 0 0.648012
 0 0.649776
 0 0.649897
 0 0.650309
 0 0.650517
 0 0.650638
 0 0.650638
 0 0.651013
 0 0.651013
 0 0.651014
 0 0.651014
 0 0.651122
 0 0.651123
 0 0.651708
 0 0.651708
 0 0.65189
 0 0.65189
 0 0.65226
 0 0.652806
 0 0.652846
 0 0.652877
 0 0.652878
 0 0.654168
 0 0.654237
 0 0.654237
 0 inf
