 8.95145 9.17237
 8.94515 9.4613
 8.80443 9.31987
 8.56998 8.64695
 8.40644 8.43485
 8.2092 8.42527
 7.75099 8.29658
 7.74083 7.96187
 7.39855 8.06077
 7.25317 8.36142
 7.21735 7.2213
 7.18601 7.20434
 6.98817 7.16876
 6.95459 7.10925
 6.57958 6.97036
 6.50118 7.26255
 6.44718 6.82976
 6.4233 7.23413
 6.31152 7.08092
 6.25241 6.73998
 6.16039 7.67491
 6.14816 7.3958
 6.00098 6.17316
 5.82039 8.53414
 5.41018 6.68582
 5.35229 5.63487
 5.31001 5.31867
 5.25017 5.26355
 5.24876 5.85227
 5.21413 5.21961
 5.19398 5.32484
 5.16895 5.18577
 5.15665 5.46387
 5.0592 5.43749
 5.03166 5.06946
 4.99268 5.01206
 4.93825 4.94013
 4.92326 4.94733
 4.91646 4.9399
 4.91628 4.9268
 4.91205 4.95405
 4.90832 4.9159
 4.90254 4.92809
 4.89089 4.91774
 4.889 4.90085
 4.87942 4.90912
 4.87736 4.89524
 4.87596 5.22302
 4.86931 4.88076
 4.86821 4.95123
 4.8656 4.86826
 4.84375 5.11698
 4.83267 4.87897
 4.82939 4.84368
 4.82799 4.82958
 4.82626 4.84975
 4.81565 4.84372
 4.80837 5.01781
 4.80718 4.97967
 4.79093 4.79362
 4.78716 4.80027
 4.77676 4.79906
 4.77305 5.54814
 4.76956 4.79664
 4.75206 4.7532
 4.74365 4.7548
 4.73887 4.74711
 4.7303 4.74909
 4.72237 4.72641
 4.71029 4.71029
 4.70382 4.90514
 4.68539 4.83772
 4.67432 4.67525
 4.66748 4.67398
 4.62607 4.89494
 4.61401 4.6259
 4.60502 4.61683
 4.59327 4.60597
 4.59093 4.62396
 4.579 4.5986
 4.57701 4.59934
 4.5765 4.5861
 4.57037 4.58876
 4.56438 5.93203
 4.55991 4.59318
 4.55365 4.58229
 4.54696 4.55115
 4.54353 4.90628
 4.54203 5.30386
 4.52866 4.53156
 4.50562 4.51117
 4.49714 4.51325
 4.49649 5.00574
 4.49558 4.74194
 4.48587 4.50814
 4.47016 4.49489
 4.46677 4.46815
 4.46185 4.49492
 4.45726 4.97877
 4.4532 5.97816
 4.44876 7.61924
 4.44712 5.10659
 4.44026 5.14679
 4.43973 4.86935
 4.43615 8.10995
 4.43183 7.57516
 4.4051 6.13065
 4.39839 8.76635
 4.39294 4.94573
 4.37461 4.68908
 4.36253 5.16521
 4.34705 5.0359
 4.29424 5.13856
 4.26994 4.40998
 4.26329 5.24249
 4.24785 6.35956
 4.2471 5.0711
 4.22089 5.26843
 4.22029 4.33211
 4.21681 7.12544
 4.17885 6.11654
 4.16395 4.25232
 4.14803 5.26746
 4.13156 4.35442
 4.1269 5.21692
 4.12536 4.98549
 4.12472 4.96757
 4.10584 4.25387
 4.10366 6.08069
 4.04921 9.45386
 4.03972 5.39207
 4.03839 7.40278
 4.02898 4.03225
 4.01401 8.17377
 3.97283 3.98356
 3.97107 5.88935
 3.8719 4.66552
 3.79235 7.10225
 3.65604 8.60909
 3.26347 5.48679
