 0 0.481819
 0 0.482686
 0 0.482686
 0 0.482686
 0 0.482872
 0 0.482873
 0 0.498737
 0 0.498737
 0 0.498738
 0 0.498738
 0 0.498772
 0 0.499257
 0 0.62071
 0 0.620894
 0 0.620918
 0 0.62092
 0 0.62092
 0 0.62092
 0 0.620997
 0 0.620998
 0 0.620998
 0 0.621459
 0 0.621459
 0 0.621461
 0 0.621461
 0 0.621509
 0 0.621553
 0 0.621553
 0 0.621554
 0 0.621674
 0 0.621777
 0 0.621871
 0 0.621871
 0 0.621871
 0 0.621871
 0 0.621883
 0 0.621884
 0 0.622062
 0 0.622104
 0 0.622105
 0 0.622153
 0 0.622219
 0 0.622456
 0 0.622456
 0 0.622569
 0 0.622569
 0 0.622569
 0 0.62257
 0 0.622783
 0 0.622867
 0 0.622868
 0 0.62295
 0 0.623045
 0 0.623047
 0 0.6231
 0 0.623107
 0 0.623224
 0 0.623224
 0 0.623226
 0 0.623241
 0 0.623261
 0 0.623278
 0 0.623413
 0 0.623554
 0 0.62362
 0 0.62362
 0 0.62362
 0 0.623621
 0 0.623715
 0 0.623715
 0 0.623727
 0 0.623729
 0 0.623783
 0 0.623783
 0 0.623817
 0 0.623821
 0 0.623822
 0 0.623822
 0 0.623822
 0 0.62386
 0 0.62386
 0 0.624071
 0 0.624072
 0 0.624112
 0 0.624112
 0 0.624232
 0 0.624232
 0 0.624244
 0 0.624351
 0 0.624352
 0 0.62443
 0 0.624514
 0 0.624515
 0 0.62464
 0 0.624641
 0 0.624641
 0 0.624642
 0 0.624795
 0 0.624795
 0 0.624797
 0 0.624995
 0 0.625279
 0 0.625279
 0 0.625279
 0 0.625279
 0 0.625279
 0 0.625469
 0 0.625611
 0 0.625788
 0 0.625789
 0 0.626005
 0 0.626006
 0 0.626049
 0 0.626064
 0 0.626106
 0 0.626106
 0 0.626344
 0 0.626346
 0 0.626371
 0 0.626495
 0 0.626495
 0 0.626662
 0 0.626727
 0 0.626743
 0 0.626751
 0 0.626822
 0 0.62686
 0 0.626861
 0 0.626866
 0 0.626866
 0 0.626873
 0 0.626874
 0 0.626907
 0 0.626943
 0 0.626943
 0 0.626944
 0 0.62697
 0 0.62697
 0 0.626971
 0 0.627025
 0 0.627025
 0 0.627076
 0 0.627076
 0 0.627099
 0 0.6271
 0 0.627129
 0 0.627129
 0 0.627197
 0 0.627198
 0 0.627201
 0 0.627201
 0 0.627201
 0 0.627214
 0 0.627214
 0 0.627214
 0 0.627243
 0 0.627243
 0 0.627271
 0 0.627271
 0 0.627271
 0 0.627321
 0 0.627335
 0 0.627335
 0 0.627335
 0 0.62744
 0 0.627504
 0 0.627504
 0 0.627523
 0 0.627523
 0 0.627523
 0 0.627524
 0 0.627639
 0 0.627639
 0 0.627682
 0 0.627709
 0 0.627709
 0 0.627741
 0 0.627741
 0 0.627742
 0 0.627765
 0 0.627769
 0 0.627769
 0 0.627775
 0 0.627797
 0 0.627818
 0 0.627855
 0 0.627879
 0 0.627935
 0 0.628029
 0 0.628029
 0 0.62803
 0 0.62803
 0 0.628047
 0 0.628047
 0 0.628047
 0 0.628073
 0 0.628081
 0 0.628082
 0 0.628083
 0 0.628087
 0 0.628105
 0 0.628135
 0 0.628135
 0 0.628162
 0 0.628163
 0 0.628168
 0 0.62818
 0 0.62818
 0 0.628195
 0 0.628195
 0 0.628271
 0 0.628271
 0 0.628294
 0 0.628371
 0 0.628371
 0 0.628469
 0 0.628475
 0 0.628475
 0 0.628513
 0 0.628524
 0 0.628528
 0 0.628549
 0 0.628552
 0 0.628555
 0 0.628556
 0 0.628576
 0 0.628597
 0 0.628612
 0 0.628612
 0 0.628656
 0 0.628661
 0 0.628661
 0 0.628663
 0 0.628669
 0 0.628674
 0 0.628675
 0 0.628675
 0 0.628675
 0 0.628678
 0 0.628678
 0 0.628679
 0 0.628704
 0 0.628706
 0 0.628835
 0 0.628835
 0 0.628835
 0 0.628846
 0 0.628846
 0 0.628855
 0 0.628863
 0 0.628868
 0 0.628868
 0 0.628868
 0 0.628882
 0 0.628882
 0 0.628902
 0 0.628902
 0 0.628902
 0 0.628902
 0 0.628906
 0 0.628906
 0 0.628906
 0 0.628908
 0 0.628911
 0 0.628911
 0 0.628991
 0 0.628991
 0 0.628992
 0 0.629013
 0 0.629029
 0 0.629029
 0 0.629029
 0 0.629032
 0 0.629166
 0 0.629167
 0 0.62921
 0 0.629242
 0 0.629252
 0 0.629252
 0 0.629295
 0 0.629397
 0 0.629398
 0 0.629398
 0 0.629415
 0 0.629416
 0 0.629434
 0 0.629464
 0 0.629465
 0 0.629534
 0 0.629578
 0 0.629578
 0 0.62966
 0 0.629699
 0 0.6297
 0 0.62971
 0 0.62971
 0 0.62971
 0 0.629733
 0 0.629734
 0 0.62977
 0 0.629776
 0 0.629793
 0 0.629793
 0 0.629794
 0 0.629798
 0 0.629805
 0 0.629805
 0 0.629805
 0 0.629821
 0 0.629821
 0 0.629821
 0 0.629822
 0 0.629822
 0 0.629857
 0 0.629859
 0 0.629859
 0 0.629861
 0 0.629861
 0 0.629874
 0 0.629925
 0 0.629925
 0 0.629927
 0 0.629927
 0 0.629928
 0 0.629928
 0 0.629928
 0 0.629928
 0 0.629935
 0 0.629935
 0 0.62995
 0 0.629964
 0 0.629964
 0 0.63003
 0 0.630062
 0 0.63025
 0 0.630281
 0 0.630281
 0 0.630294
 0 0.630331
 0 0.630333
 0 0.630335
 0 0.630376
 0 0.630425
 0 0.630426
 0 0.630427
 0 0.630444
 0 0.630524
 0 0.630525
 0 0.630535
 0 0.630535
 0 0.630535
 0 0.630537
 0 0.630537
 0 0.630574
 0 0.630576
 0 0.630576
 0 0.630603
 0 0.630603
 0 0.630603
 0 0.630604
 0 0.630605
 0 0.630635
 0 0.630635
 0 0.630734
 0 0.630752
 0 0.630754
 0 0.630754
 0 0.630781
 0 0.630781
 0 0.630781
 0 0.630781
 0 0.630832
 0 0.630841
 0 0.630842
 0 0.630962
 0 0.630964
 0 0.63098
 0 0.63098
 0 0.63107
 0 0.63107
 0 0.631071
 0 0.631095
 0 0.63111
 0 0.631115
 0 0.631115
 0 0.631115
 0 0.631152
 0 0.631184
 0 0.631222
 0 0.631231
 0 0.631356
 0 0.631356
 0 0.631356
 0 0.631356
 0 0.63146
 0 0.63146
 0 0.631496
 0 0.631496
 0 0.631497
 0 0.631502
 0 0.631502
 0 0.631502
 0 0.631533
 0 0.631534
 0 0.631535
 0 0.631542
 0 0.631543
 0 0.631543
 0 0.631543
 0 0.631548
 0 0.631548
 0 0.631563
 0 0.631564
 0 0.631586
 0 0.631586
 0 0.63159
 0 0.6316
 0 0.631634
 0 0.63166
 0 0.631795
 0 0.631831
 0 0.631831
 0 0.631833
 0 0.631833
 0 0.631833
 0 0.631833
 0 0.631846
 0 0.631846
 0 0.631884
 0 0.631885
 0 0.631885
 0 0.63189
 0 0.63189
 0 0.63189
 0 0.631904
 0 0.631904
 0 0.631906
 0 0.631916
 0 0.631921
 0 0.631923
 0 0.631954
 0 0.631954
 0 0.63197
 0 0.631971
 0 0.631978
 0 0.631978
 0 0.631992
 0 0.631993
 0 0.631994
 0 0.631994
 0 0.632039
 0 0.632049
 0 0.63205
 0 0.632055
 0 0.632055
 0 0.632068
 0 0.632081
 0 0.632087
 0 0.632132
 0 0.632132
 0 0.632152
 0 0.632153
 0 0.632153
 0 0.632153
 0 0.632162
 0 0.632162
 0 0.632162
 0 0.632162
 0 0.632197
 0 0.632197
 0 0.6322
 0 0.632217
 0 0.632238
 0 0.632301
 0 0.632301
 0 0.632315
 0 0.632316
 0 0.632316
 0 0.632317
 0 0.632317
 0 0.63236
 0 0.63236
 0 0.63236
 0 0.632405
 0 0.632436
 0 0.63244
 0 0.632488
 0 0.632488
 0 0.632539
 0 0.632553
 0 0.632558
 0 0.632559
 0 0.632559
 0 0.632559
 0 0.632559
 0 0.632559
 0 0.632644
 0 0.632649
 0 0.632672
 0 0.632672
 0 0.632672
 0 0.632764
 0 0.632779
 0 0.63278
 0 0.63278
 0 0.632798
 0 0.632799
 0 0.632814
 0 0.632814
 0 0.632815
 0 0.632844
 0 0.632844
 0 0.632861
 0 0.632861
 0 0.632862
 0 0.632868
 0 0.632868
 0 0.632869
 0 0.632903
 0 0.632903
 0 0.632903
 0 0.632903
 0 0.632903
 0 0.632942
 0 0.632942
 0 0.632959
 0 0.632959
 0 0.632964
 0 0.632964
 0 0.632965
 0 0.632965
 0 0.632965
 0 0.632975
 0 0.632975
 0 0.632977
 0 0.632999
 0 0.633
 0 0.633013
 0 0.633036
 0 0.633039
 0 0.63305
 0 0.633085
 0 0.633114
 0 0.633116
 0 0.633133
 0 0.633133
 0 0.633136
 0 0.63324
 0 0.633241
 0 0.633241
 0 0.633241
 0 0.633263
 0 0.633263
 0 0.633307
 0 0.633307
 0 0.633355
 0 0.633357
 0 0.63341
 0 0.633434
 0 0.633434
 0 0.633448
 0 0.633478
 0 0.633478
 0 0.633483
 0 0.633501
 0 0.633502
 0 0.633506
 0 0.633506
 0 0.633507
 0 0.633507
 0 0.633515
 0 0.633515
 0 0.633524
 0 0.633527
 0 0.633536
 0 0.633537
 0 0.633537
 0 0.633538
 0 0.633539
 0 0.633539
 0 0.633566
 0 0.633584
 0 0.63361
 0 0.63361
 0 0.633639
 0 0.633649
 0 0.633653
 0 0.633653
 0 0.633663
 0 0.633663
 0 0.63367
 0 0.63367
 0 0.633671
 0 0.633671
 0 0.633679
 0 0.633681
 0 0.633681
 0 0.633684
 0 0.633685
 0 0.633692
 0 0.633694
 0 0.633714
 0 0.633731
 0 0.633732
 0 0.633732
 0 0.633732
 0 0.633732
 0 0.633738
 0 0.633748
 0 0.633748
 0 0.633748
 0 0.633748
 0 0.633764
 0 0.633764
 0 0.633764
 0 0.63381
 0 0.63381
 0 0.633819
 0 0.633832
 0 0.633842
 0 0.633844
 0 0.633844
 0 0.633859
 0 0.633871
 0 0.633872
 0 0.633873
 0 0.633873
 0 0.633902
 0 0.633903
 0 0.633904
 0 0.633924
 0 0.633925
 0 0.633926
 0 0.633942
 0 0.633963
 0 0.633965
 0 0.633987
 0 0.633993
 0 0.633994
 0 0.633994
 0 0.634027
 0 0.634032
 0 0.634032
 0 0.634032
 0 0.634042
 0 0.634042
 0 0.634049
 0 0.634051
 0 0.634055
 0 0.634056
 0 0.634076
 0 0.634102
 0 0.634102
 0 0.634121
 0 0.634125
 0 0.634125
 0 0.634132
 0 0.634138
 0 0.634138
 0 0.634138
 0 0.63414
 0 0.63414
 0 0.63414
 0 0.63415
 0 0.63415
 0 0.63416
 0 0.634162
 0 0.634174
 0 0.634175
 0 0.634175
 0 0.63418
 0 0.63418
 0 0.634183
 0 0.634184
 0 0.63419
 0 0.634191
 0 0.6342
 0 0.634202
 0 0.634202
 0 0.634202
 0 0.634226
 0 0.634226
 0 0.634251
 0 0.634264
 0 0.634265
 0 0.634274
 0 0.634276
 0 0.634323
 0 0.634346
 0 0.634348
 0 0.634371
 0 0.634427
 0 0.634436
 0 0.634436
 0 0.634449
 0 0.634449
 0 0.63445
 0 0.634454
 0 0.634455
 0 0.634467
 0 0.634467
 0 0.634468
 0 0.634468
 0 0.634476
 0 0.634478
 0 0.634482
 0 0.634498
 0 0.634523
 0 0.634529
 0 0.634555
 0 0.634555
 0 0.634556
 0 0.634559
 0 0.634562
 0 0.634564
 0 0.634564
 0 0.634573
 0 0.634585
 0 0.634639
 0 0.634644
 0 0.634644
 0 0.634656
 0 0.634713
 0 0.634713
 0 0.634742
 0 0.634765
 0 0.634765
 0 0.634766
 0 0.634787
 0 0.634787
 0 0.634805
 0 0.634805
 0 0.634811
 0 0.634812
 0 0.634812
 0 0.634814
 0 0.634815
 0 0.634824
 0 0.634825
 0 0.634878
 0 0.634878
 0 0.634901
 0 0.634901
 0 0.634901
 0 0.634926
 0 0.634926
 0 0.634928
 0 0.634928
 0 0.634934
 0 0.63496
 0 0.634962
 0 0.634981
 0 0.634981
 0 0.634983
 0 0.634991
 0 0.634991
 0 0.635006
 0 0.635006
 0 0.635027
 0 0.635041
 0 0.63517
 0 0.63517
 0 0.63517
 0 0.63517
 0 0.635183
 0 0.635183
 0 0.635183
 0 0.635216
 0 0.635247
 0 0.635248
 0 0.635248
 0 0.635248
 0 0.635248
 0 0.635315
 0 0.635324
 0 0.635334
 0 0.635363
 0 0.635363
 0 0.635369
 0 0.635378
 0 0.63538
 0 0.63538
 0 0.635384
 0 0.635384
 0 0.635386
 0 0.635386
 0 0.635404
 0 0.635419
 0 0.635421
 0 0.635453
 0 0.635455
 0 0.635466
 0 0.635466
 0 0.635486
 0 0.635496
 0 0.635496
 0 0.635496
 0 0.635498
 0 0.635507
 0 0.635507
 0 0.635509
 0 0.635509
 0 0.635512
 0 0.635529
 0 0.635529
 0 0.63554
 0 0.635541
 0 0.63555
 0 0.63555
 0 0.635552
 0 0.635558
 0 0.635603
 0 0.635605
 0 0.635612
 0 0.635612
 0 0.635639
 0 0.635639
 0 0.635639
 0 0.635645
 0 0.635646
 0 0.635646
 0 0.635646
 0 0.635674
 0 0.635683
 0 0.635687
 0 0.635688
 0 0.635688
 0 0.635693
 0 0.635768
 0 0.635778
 0 0.635812
 0 0.635832
 0 0.635832
 0 0.63591
 0 0.63591
 0 0.635913
 0 0.635913
 0 0.635914
 0 0.635945
 0 0.635945
 0 0.635945
 0 0.635951
 0 0.635953
 0 0.63596
 0 0.63596
 0 0.63596
 0 0.635989
 0 0.635991
 0 0.635991
 0 0.636007
 0 0.636014
 0 0.636015
 0 0.636045
 0 0.636046
 0 0.636046
 0 0.636053
 0 0.636054
 0 0.63606
 0 0.63606
 0 0.63607
 0 0.63607
 0 0.636136
 0 0.636159
 0 0.636159
 0 0.636209
 0 0.636209
 0 0.636247
 0 0.63625
 0 0.636268
 0 0.636268
 0 0.636309
 0 0.636309
 0 0.636309
 0 0.636309
 0 0.636317
 0 0.636333
 0 0.636334
 0 0.636366
 0 0.636411
 0 0.636472
 0 0.636474
 0 0.636474
 0 0.636552
 0 0.636629
 0 0.636629
 0 0.63663
 0 0.63663
 0 0.63663
 0 0.636758
 0 0.636794
 0 0.636812
 0 0.636812
 0 0.636857
 0 0.636857
 0 0.636859
 0 0.636866
 0 0.636888
 0 0.636899
 0 0.636899
 0 0.636899
 0 0.6369
 0 0.636909
 0 0.636921
 0 0.63702
 0 0.637024
 0 0.637046
 0 0.637058
 0 0.637059
 0 0.637096
 0 0.637096
 0 0.637096
 0 0.637103
 0 0.637104
 0 0.637104
 0 0.637145
 0 0.637161
 0 0.637161
 0 0.637161
 0 0.637212
 0 0.637212
 0 0.637226
 0 0.637227
 0 0.637259
 0 0.637274
 0 0.63729
 0 0.637319
 0 0.63737
 0 0.63737
 0 0.637371
 0 0.637378
 0 0.637396
 0 0.637396
 0 0.637396
 0 0.637411
 0 0.637416
 0 0.637452
 0 0.637452
 0 0.637452
 0 0.637452
 0 0.63748
 0 0.637481
 0 0.637481
 0 0.637481
 0 0.63753
 0 0.63753
 0 0.63753
 0 0.637552
 0 0.637585
 0 0.637589
 0 0.63759
 0 0.637591
 0 0.637594
 0 0.637594
 0 0.6376
 0 0.637626
 0 0.63763
 0 0.63763
 0 0.63763
 0 0.637639
 0 0.637639
 0 0.637691
 0 0.637698
 0 0.637737
 0 0.637766
 0 0.637773
 0 0.637785
 0 0.637786
 0 0.637786
 0 0.6378
 0 0.637801
 0 0.637816
 0 0.637816
 0 0.637816
 0 0.637816
 0 0.637935
 0 0.637936
 0 0.637963
 0 0.637964
 0 0.637964
 0 0.637964
 0 0.637965
 0 0.637972
 0 0.637983
 0 0.637985
 0 0.638008
 0 0.638008
 0 0.638014
 0 0.638014
 0 0.638014
 0 0.638014
 0 0.638017
 0 0.638017
 0 0.63802
 0 0.63802
 0 0.638024
 0 0.638035
 0 0.638036
 0 0.638044
 0 0.638044
 0 0.638045
 0 0.638074
 0 0.638098
 0 0.638121
 0 0.638121
 0 0.638129
 0 0.638129
 0 0.63813
 0 0.638149
 0 0.638164
 0 0.638165
 0 0.638178
 0 0.638217
 0 0.638217
 0 0.638218
 0 0.638255
 0 0.638256
 0 0.638256
 0 0.638257
 0 0.638257
 0 0.638258
 0 0.638271
 0 0.638272
 0 0.638307
 0 0.63833
 0 0.638331
 0 0.638348
 0 0.638348
 0 0.638414
 0 0.638414
 0 0.638414
 0 0.63847
 0 0.63847
 0 0.638472
 0 0.638515
 0 0.638517
 0 0.638528
 0 0.638537
 0 0.638537
 0 0.638577
 0 0.638588
 0 0.638602
 0 0.638602
 0 0.638604
 0 0.638605
 0 0.638609
 0 0.638609
 0 0.638649
 0 0.638671
 0 0.638689
 0 0.638689
 0 0.63869
 0 0.638709
 0 0.63871
 0 0.638779
 0 0.638818
 0 0.638819
 0 0.638863
 0 0.638864
 0 0.638864
 0 0.638864
 0 0.638889
 0 0.638932
 0 0.638942
 0 0.638946
 0 0.638946
 0 0.638947
 0 0.638957
 0 0.638957
 0 0.638987
 0 0.639014
 0 0.639026
 0 0.639027
 0 0.639027
 0 0.639027
 0 0.639038
 0 0.639038
 0 0.639054
 0 0.639055
 0 0.639057
 0 0.639057
 0 0.639057
 0 0.639057
 0 0.639057
 0 0.639059
 0 0.639059
 0 0.639059
 0 0.639092
 0 0.639111
 0 0.639113
 0 0.639113
 0 0.639181
 0 0.639181
 0 0.639181
 0 0.639182
 0 0.639183
 0 0.639225
 0 0.639225
 0 0.63923
 0 0.63925
 0 0.639276
 0 0.639277
 0 0.639312
 0 0.639379
 0 0.639379
 0 0.639379
 0 0.63938
 0 0.639382
 0 0.639382
 0 0.639404
 0 0.63944
 0 0.639482
 0 0.639483
 0 0.639483
 0 0.639522
 0 0.639522
 0 0.63957
 0 0.63957
 0 0.639575
 0 0.639575
 0 0.639575
 0 0.639575
 0 0.639575
 0 0.639579
 0 0.639579
 0 0.639653
 0 0.639713
 0 0.639713
 0 0.639714
 0 0.639714
 0 0.639715
 0 0.639726
 0 0.639728
 0 0.639729
 0 0.639729
 0 0.639744
 0 0.63975
 0 0.63975
 0 0.63975
 0 0.639752
 0 0.639795
 0 0.639823
 0 0.639824
 0 0.63984
 0 0.639942
 0 0.639943
 0 0.640144
 0 0.640144
 0 0.640204
 0 0.640204
 0 0.640233
 0 0.640233
 0 0.640247
 0 0.640248
 0 0.640254
 0 0.640255
 0 0.640255
 0 0.640279
 0 0.640279
 0 0.640313
 0 0.640364
 0 0.640469
 0 0.640508
 0 0.640508
 0 0.64059
 0 0.64061
 0 0.64061
 0 0.640645
 0 0.640645
 0 0.640649
 0 0.640649
 0 0.640663
 0 0.640665
 0 0.64067
 0 0.64067
 0 0.64067
 0 0.640683
 0 0.640683
 0 0.640684
 0 0.640684
 0 0.640692
 0 0.640715
 0 0.640715
 0 0.640715
 0 0.640742
 0 0.640813
 0 0.640813
 0 0.640814
 0 0.640891
 0 0.640891
 0 0.640892
 0 0.640926
 0 0.640984
 0 0.640989
 0 0.641102
 0 0.64112
 0 0.641146
 0 0.641147
 0 0.641147
 0 0.641147
 0 0.641172
 0 0.641185
 0 0.641189
 0 0.64122
 0 0.641221
 0 0.641246
 0 0.641247
 0 0.641247
 0 0.641284
 0 0.641298
 0 0.641298
 0 0.641298
 0 0.641298
 0 0.641304
 0 0.641305
 0 0.641305
 0 0.641318
 0 0.641318
 0 0.641328
 0 0.641328
 0 0.641329
 0 0.641329
 0 0.641353
 0 0.641354
 0 0.64144
 0 0.641441
 0 0.641443
 0 0.641444
 0 0.64147
 0 0.641471
 0 0.641472
 0 0.64153
 0 0.64153
 0 0.641561
 0 0.641563
 0 0.641565
 0 0.641565
 0 0.641592
 0 0.641593
 0 0.641612
 0 0.641613
 0 0.641614
 0 0.641624
 0 0.641658
 0 0.641674
 0 0.641675
 0 0.641684
 0 0.641684
 0 0.641684
 0 0.641743
 0 0.641753
 0 0.641786
 0 0.641786
 0 0.641788
 0 0.641796
 0 0.641797
 0 0.641848
 0 0.641848
 0 0.641852
 0 0.641852
 0 0.641859
 0 0.64192
 0 0.641936
 0 0.641936
 0 0.641942
 0 0.641951
 0 0.641951
 0 0.641951
 0 0.641952
 0 0.641952
 0 0.64196
 0 0.642008
 0 0.642008
 0 0.642009
 0 0.642009
 0 0.64201
 0 0.642028
 0 0.64203
 0 0.64203
 0 0.642039
 0 0.642041
 0 0.642042
 0 0.642105
 0 0.642181
 0 0.642181
 0 0.642216
 0 0.642217
 0 0.642217
 0 0.642243
 0 0.642273
 0 0.642344
 0 0.642344
 0 0.64244
 0 0.642447
 0 0.642447
 0 0.642449
 0 0.642449
 0 0.642464
 0 0.642465
 0 0.642465
 0 0.642465
 0 0.642491
 0 0.642497
 0 0.642498
 0 0.642573
 0 0.642574
 0 0.642595
 0 0.642595
 0 0.642646
 0 0.642646
 0 0.642671
 0 0.642678
 0 0.642678
 0 0.642742
 0 0.642742
 0 0.642742
 0 0.642743
 0 0.642743
 0 0.642746
 0 0.642786
 0 0.642786
 0 0.642786
 0 0.642801
 0 0.642801
 0 0.64285
 0 0.64285
 0 0.642871
 0 0.642871
 0 0.642891
 0 0.642891
 0 0.642891
 0 0.64292
 0 0.64292
 0 0.64292
 0 0.643051
 0 0.643051
 0 0.643062
 0 0.643062
 0 0.643079
 0 0.643079
 0 0.643079
 0 0.643107
 0 0.643146
 0 0.643311
 0 0.643311
 0 0.643334
 0 0.643424
 0 0.64347
 0 0.643471
 0 0.643476
 0 0.643477
 0 0.643477
 0 0.643488
 0 0.64351
 0 0.643559
 0 0.64356
 0 0.643568
 0 0.643568
 0 0.643579
 0 0.643647
 0 0.643682
 0 0.643773
 0 0.643805
 0 0.643824
 0 0.643824
 0 0.643828
 0 0.643828
 0 0.643829
 0 0.64384
 0 0.64399
 0 0.643991
 0 0.643991
 0 0.643992
 0 0.643994
 0 0.643995
 0 0.644028
 0 0.644028
 0 0.644028
 0 0.644028
 0 0.644029
 0 0.64404
 0 0.64404
 0 0.64404
 0 0.644324
 0 0.644325
 0 0.644387
 0 0.644428
 0 0.64443
 0 0.64443
 0 0.64443
 0 0.644596
 0 0.644602
 0 0.644602
 0 0.644609
 0 0.644609
 0 0.644609
 0 0.644611
 0 0.644614
 0 0.644714
 0 0.644799
 0 0.6448
 0 0.644823
 0 0.644823
 0 0.644851
 0 0.644982
 0 0.644983
 0 0.644984
 0 0.644984
 0 0.644984
 0 0.644997
 0 0.645014
 0 0.645015
 0 0.645039
 0 0.645039
 0 0.645041
 0 0.645041
 0 0.645078
 0 0.645078
 0 0.645079
 0 0.645185
 0 0.645187
 0 0.645188
 0 0.645188
 0 0.645188
 0 0.645242
 0 0.645355
 0 0.645355
 0 0.645374
 0 0.645374
 0 0.645453
 0 0.645454
 0 0.645468
 0 0.645469
 0 0.64547
 0 0.645553
 0 0.645553
 0 0.645554
 0 0.645557
 0 0.64561
 0 0.645627
 0 0.645628
 0 0.64563
 0 0.64579
 0 0.64579
 0 0.645791
 0 0.645818
 0 0.645819
 0 0.645915
 0 0.646101
 0 0.646143
 0 0.646153
 0 0.646213
 0 0.646277
 0 0.646277
 0 0.646277
 0 0.646277
 0 0.646292
 0 0.646323
 0 0.646339
 0 0.646339
 0 0.646361
 0 0.646381
 0 0.646382
 0 0.64642
 0 0.646447
 0 0.646447
 0 0.646447
 0 0.646545
 0 0.646546
 0 0.646549
 0 0.646549
 0 0.64671
 0 0.646752
 0 0.646838
 0 0.646839
 0 0.646932
 0 0.646932
 0 0.646969
 0 0.647019
 0 0.647021
 0 0.647233
 0 0.647312
 0 0.647318
 0 0.647318
 0 0.647333
 0 0.647335
 0 0.647399
 0 0.647399
 0 0.6474
 0 0.647411
 0 0.647412
 0 0.647412
 0 0.647412
 0 0.647415
 0 0.647428
 0 0.647428
 0 0.647428
 0 0.647616
 0 0.647784
 0 0.647852
 0 0.647853
 0 0.648119
 0 0.64812
 0 0.64812
 0 0.648217
 0 0.64826
 0 0.64826
 0 0.648413
 0 0.648415
 0 0.648815
 0 0.648833
 0 0.648834
 0 0.648834
 0 0.649058
 0 0.649058
 0 0.64906
 0 0.649367
 0 0.649666
 0 0.649666
 0 0.651178
 0 0.651878
 0 0.652049
 0 0.652049
 0 0.652049
 0 0.652049
 0 0.997093
 0 0.998988
 0 0.999002
 0 0.999002
 0 0.999791
 0 0.999792
 0 inf
