 0 0.483456
 0 0.483895
 0 0.483895
 0 0.483896
 0 0.483896
 0 0.483896
 0 0.489638
 0 0.489638
 0 0.489639
 0 0.49004
 0 0.490473
 0 0.490473
 0 0.611401
 0 0.611402
 0 0.61257
 0 0.612571
 0 0.612572
 0 0.612572
 0 0.617577
 0 0.618356
 0 0.618357
 0 0.618464
 0 0.618659
 0 0.618659
 0 0.619665
 0 0.619791
 0 0.619791
 0 0.619791
 0 0.619791
 0 0.619887
 0 0.620142
 0 0.620143
 0 0.62024
 0 0.620241
 0 0.620977
 0 0.620978
 0 0.622193
 0 0.622194
 0 0.622599
 0 0.622599
 0 0.622916
 0 0.622931
 0 0.622953
 0 0.622953
 0 0.623136
 0 0.623137
 0 0.623138
 0 0.623143
 0 0.623196
 0 0.623196
 0 0.623201
 0 0.623383
 0 0.623383
 0 0.623542
 0 0.623543
 0 0.623555
 0 0.623681
 0 0.623681
 0 0.623698
 0 0.623874
 0 0.62388
 0 0.623978
 0 0.624142
 0 0.624174
 0 0.624194
 0 0.624256
 0 0.624256
 0 0.624256
 0 0.624463
 0 0.624464
 0 0.624562
 0 0.624662
 0 0.624662
 0 0.624686
 0 0.624759
 0 0.624759
 0 0.624949
 0 0.624949
 0 0.624949
 0 0.625322
 0 0.625322
 0 0.625324
 0 0.625324
 0 0.625328
 0 0.625329
 0 0.62533
 0 0.62533
 0 0.625372
 0 0.625435
 0 0.625435
 0 0.625436
 0 0.625479
 0 0.625479
 0 0.625567
 0 0.625588
 0 0.625588
 0 0.625588
 0 0.625684
 0 0.625837
 0 0.625864
 0 0.625877
 0 0.62591
 0 0.62591
 0 0.625956
 0 0.625956
 0 0.625956
 0 0.625956
 0 0.625957
 0 0.625957
 0 0.626047
 0 0.626047
 0 0.62606
 0 0.626061
 0 0.626089
 0 0.626142
 0 0.626142
 0 0.626236
 0 0.626278
 0 0.626297
 0 0.626298
 0 0.626298
 0 0.626399
 0 0.626401
 0 0.62644
 0 0.62644
 0 0.62651
 0 0.626525
 0 0.626525
 0 0.626525
 0 0.626525
 0 0.626526
 0 0.626531
 0 0.626532
 0 0.626533
 0 0.626535
 0 0.626535
 0 0.626673
 0 0.626919
 0 0.626933
 0 0.626959
 0 0.626959
 0 0.626976
 0 0.626976
 0 0.627
 0 0.627127
 0 0.627131
 0 0.627152
 0 0.627154
 0 0.627207
 0 0.627211
 0 0.627212
 0 0.627227
 0 0.627308
 0 0.627309
 0 0.627313
 0 0.627321
 0 0.627322
 0 0.627322
 0 0.627334
 0 0.627335
 0 0.627499
 0 0.627574
 0 0.627578
 0 0.627578
 0 0.627578
 0 0.627578
 0 0.627658
 0 0.627658
 0 0.627658
 0 0.62766
 0 0.627771
 0 0.627828
 0 0.627829
 0 0.627829
 0 0.627829
 0 0.627829
 0 0.62786
 0 0.627861
 0 0.627861
 0 0.627861
 0 0.6279
 0 0.6279
 0 0.6279
 0 0.627991
 0 0.627991
 0 0.628039
 0 0.62804
 0 0.628058
 0 0.62806
 0 0.62806
 0 0.62808
 0 0.628109
 0 0.628172
 0 0.628174
 0 0.628184
 0 0.628184
 0 0.628184
 0 0.628206
 0 0.628207
 0 0.628207
 0 0.628292
 0 0.628306
 0 0.628306
 0 0.628331
 0 0.628363
 0 0.628422
 0 0.628422
 0 0.628422
 0 0.628422
 0 0.628504
 0 0.628563
 0 0.628563
 0 0.628629
 0 0.628649
 0 0.628651
 0 0.628651
 0 0.628697
 0 0.628699
 0 0.6287
 0 0.628703
 0 0.628766
 0 0.628784
 0 0.628787
 0 0.628806
 0 0.628807
 0 0.628807
 0 0.628846
 0 0.628846
 0 0.628846
 0 0.628847
 0 0.628882
 0 0.628886
 0 0.628888
 0 0.628921
 0 0.628993
 0 0.628993
 0 0.628994
 0 0.629014
 0 0.629014
 0 0.629014
 0 0.629014
 0 0.629079
 0 0.62908
 0 0.62908
 0 0.62908
 0 0.629089
 0 0.629092
 0 0.629096
 0 0.629096
 0 0.629096
 0 0.629098
 0 0.629103
 0 0.629104
 0 0.629156
 0 0.629156
 0 0.629156
 0 0.629177
 0 0.629178
 0 0.629178
 0 0.629178
 0 0.629178
 0 0.629179
 0 0.62918
 0 0.62918
 0 0.62918
 0 0.62918
 0 0.629196
 0 0.629218
 0 0.629258
 0 0.629258
 0 0.629269
 0 0.62927
 0 0.62927
 0 0.629337
 0 0.62948
 0 0.62948
 0 0.62948
 0 0.62951
 0 0.629538
 0 0.629538
 0 0.629547
 0 0.629548
 0 0.629549
 0 0.629549
 0 0.629579
 0 0.629579
 0 0.629579
 0 0.629586
 0 0.629586
 0 0.629586
 0 0.629586
 0 0.629586
 0 0.629607
 0 0.629609
 0 0.629626
 0 0.629635
 0 0.629636
 0 0.629665
 0 0.629666
 0 0.629683
 0 0.629705
 0 0.629724
 0 0.629724
 0 0.629724
 0 0.629725
 0 0.629725
 0 0.629758
 0 0.629824
 0 0.629824
 0 0.629824
 0 0.629858
 0 0.629861
 0 0.629862
 0 0.629863
 0 0.629865
 0 0.629975
 0 0.629976
 0 0.63
 0 0.630012
 0 0.630023
 0 0.630023
 0 0.630032
 0 0.630033
 0 0.630044
 0 0.630044
 0 0.630045
 0 0.630046
 0 0.630046
 0 0.630046
 0 0.630046
 0 0.630059
 0 0.63006
 0 0.630073
 0 0.630073
 0 0.630073
 0 0.630074
 0 0.630075
 0 0.630141
 0 0.630153
 0 0.630166
 0 0.63017
 0 0.630183
 0 0.63027
 0 0.630289
 0 0.6303
 0 0.630336
 0 0.630368
 0 0.630371
 0 0.630384
 0 0.630384
 0 0.630388
 0 0.630403
 0 0.630431
 0 0.630433
 0 0.630437
 0 0.630437
 0 0.630444
 0 0.630444
 0 0.630444
 0 0.630444
 0 0.630445
 0 0.630476
 0 0.630492
 0 0.630492
 0 0.630499
 0 0.630499
 0 0.630499
 0 0.630499
 0 0.630521
 0 0.630521
 0 0.630521
 0 0.630547
 0 0.630553
 0 0.630553
 0 0.630573
 0 0.630573
 0 0.630573
 0 0.630613
 0 0.63064
 0 0.630693
 0 0.630693
 0 0.630693
 0 0.630695
 0 0.630696
 0 0.630696
 0 0.630697
 0 0.630697
 0 0.630697
 0 0.630734
 0 0.630735
 0 0.630749
 0 0.630749
 0 0.630765
 0 0.630765
 0 0.630799
 0 0.6308
 0 0.6308
 0 0.630801
 0 0.630838
 0 0.630864
 0 0.630864
 0 0.630887
 0 0.630888
 0 0.630895
 0 0.630919
 0 0.630919
 0 0.630919
 0 0.63092
 0 0.63092
 0 0.630937
 0 0.630937
 0 0.630979
 0 0.630979
 0 0.630985
 0 0.631027
 0 0.631035
 0 0.631045
 0 0.631045
 0 0.631046
 0 0.631046
 0 0.631046
 0 0.631098
 0 0.6311
 0 0.631114
 0 0.631114
 0 0.63112
 0 0.63112
 0 0.63112
 0 0.631129
 0 0.631136
 0 0.631136
 0 0.631178
 0 0.63118
 0 0.631193
 0 0.631193
 0 0.631193
 0 0.631198
 0 0.631209
 0 0.631211
 0 0.631248
 0 0.631249
 0 0.63126
 0 0.631301
 0 0.631302
 0 0.631302
 0 0.631343
 0 0.631343
 0 0.631357
 0 0.631357
 0 0.631358
 0 0.631359
 0 0.631362
 0 0.631477
 0 0.631477
 0 0.631486
 0 0.631486
 0 0.631494
 0 0.631495
 0 0.631497
 0 0.63151
 0 0.631546
 0 0.631547
 0 0.631547
 0 0.631553
 0 0.631555
 0 0.631555
 0 0.63156
 0 0.631561
 0 0.631562
 0 0.631578
 0 0.631592
 0 0.631597
 0 0.631598
 0 0.631602
 0 0.631638
 0 0.631639
 0 0.631668
 0 0.631679
 0 0.631679
 0 0.63168
 0 0.63168
 0 0.63168
 0 0.631712
 0 0.631712
 0 0.631736
 0 0.631738
 0 0.631738
 0 0.631782
 0 0.631782
 0 0.631798
 0 0.63183
 0 0.63183
 0 0.631899
 0 0.631908
 0 0.631913
 0 0.631918
 0 0.631918
 0 0.631919
 0 0.631962
 0 0.631973
 0 0.631973
 0 0.631974
 0 0.632023
 0 0.632036
 0 0.632037
 0 0.632069
 0 0.632069
 0 0.63207
 0 0.63207
 0 0.632071
 0 0.632094
 0 0.632096
 0 0.632099
 0 0.632102
 0 0.632103
 0 0.632103
 0 0.632152
 0 0.632153
 0 0.632155
 0 0.632155
 0 0.632159
 0 0.632172
 0 0.632174
 0 0.632178
 0 0.632197
 0 0.632219
 0 0.632219
 0 0.632224
 0 0.632224
 0 0.632229
 0 0.632231
 0 0.632292
 0 0.632293
 0 0.632324
 0 0.632336
 0 0.632336
 0 0.63234
 0 0.632397
 0 0.632397
 0 0.632399
 0 0.632399
 0 0.632399
 0 0.632399
 0 0.632456
 0 0.632457
 0 0.632457
 0 0.632482
 0 0.632482
 0 0.632507
 0 0.632507
 0 0.632507
 0 0.632507
 0 0.632513
 0 0.632513
 0 0.632513
 0 0.632514
 0 0.632516
 0 0.632516
 0 0.632516
 0 0.632516
 0 0.632517
 0 0.632517
 0 0.632519
 0 0.632519
 0 0.63252
 0 0.63252
 0 0.632522
 0 0.632522
 0 0.632522
 0 0.632523
 0 0.632571
 0 0.632572
 0 0.63258
 0 0.632581
 0 0.632645
 0 0.632665
 0 0.632665
 0 0.632665
 0 0.632672
 0 0.632672
 0 0.632672
 0 0.632672
 0 0.632682
 0 0.632682
 0 0.632691
 0 0.632697
 0 0.632697
 0 0.632698
 0 0.63277
 0 0.63277
 0 0.632776
 0 0.632776
 0 0.632777
 0 0.632788
 0 0.632788
 0 0.632794
 0 0.632795
 0 0.632795
 0 0.632871
 0 0.632871
 0 0.632915
 0 0.632956
 0 0.632957
 0 0.632963
 0 0.632963
 0 0.632975
 0 0.633028
 0 0.633028
 0 0.633028
 0 0.63304
 0 0.633043
 0 0.633063
 0 0.633063
 0 0.633071
 0 0.633078
 0 0.633097
 0 0.633097
 0 0.633097
 0 0.633098
 0 0.633098
 0 0.633103
 0 0.633107
 0 0.633107
 0 0.633147
 0 0.63316
 0 0.633259
 0 0.63326
 0 0.633272
 0 0.633273
 0 0.633328
 0 0.633328
 0 0.633329
 0 0.633357
 0 0.633374
 0 0.633379
 0 0.633391
 0 0.633391
 0 0.633399
 0 0.633399
 0 0.633412
 0 0.63342
 0 0.633421
 0 0.633424
 0 0.633425
 0 0.633425
 0 0.633436
 0 0.633446
 0 0.633461
 0 0.633461
 0 0.633461
 0 0.633463
 0 0.633463
 0 0.633463
 0 0.633469
 0 0.633477
 0 0.633483
 0 0.633507
 0 0.633509
 0 0.633509
 0 0.633509
 0 0.633522
 0 0.633522
 0 0.633525
 0 0.633525
 0 0.633533
 0 0.633533
 0 0.633534
 0 0.633534
 0 0.633534
 0 0.633541
 0 0.633573
 0 0.633575
 0 0.633663
 0 0.633664
 0 0.633665
 0 0.633665
 0 0.633672
 0 0.633673
 0 0.633673
 0 0.633673
 0 0.633676
 0 0.633676
 0 0.633707
 0 0.633731
 0 0.633733
 0 0.633746
 0 0.633746
 0 0.633755
 0 0.633774
 0 0.633785
 0 0.633786
 0 0.633786
 0 0.633822
 0 0.633824
 0 0.633892
 0 0.633892
 0 0.633892
 0 0.633919
 0 0.63392
 0 0.633925
 0 0.633961
 0 0.633961
 0 0.633961
 0 0.633961
 0 0.633975
 0 0.633975
 0 0.634014
 0 0.634018
 0 0.634018
 0 0.634037
 0 0.634058
 0 0.634058
 0 0.634068
 0 0.634096
 0 0.634096
 0 0.634096
 0 0.634108
 0 0.634108
 0 0.634171
 0 0.634172
 0 0.634172
 0 0.634198
 0 0.634252
 0 0.634278
 0 0.634279
 0 0.634322
 0 0.634324
 0 0.634351
 0 0.634351
 0 0.634351
 0 0.634352
 0 0.634352
 0 0.634356
 0 0.634364
 0 0.634368
 0 0.634398
 0 0.63442
 0 0.634426
 0 0.63443
 0 0.634434
 0 0.634442
 0 0.634468
 0 0.634471
 0 0.634522
 0 0.634522
 0 0.634587
 0 0.634587
 0 0.634624
 0 0.634624
 0 0.634643
 0 0.634643
 0 0.634645
 0 0.634648
 0 0.634648
 0 0.634649
 0 0.634649
 0 0.634649
 0 0.634649
 0 0.634653
 0 0.634654
 0 0.634669
 0 0.634673
 0 0.63472
 0 0.63472
 0 0.63472
 0 0.634728
 0 0.634777
 0 0.634777
 0 0.634787
 0 0.634788
 0 0.634817
 0 0.634817
 0 0.634818
 0 0.634824
 0 0.634874
 0 0.634875
 0 0.634875
 0 0.634875
 0 0.634875
 0 0.634875
 0 0.634881
 0 0.634881
 0 0.634881
 0 0.634886
 0 0.634887
 0 0.634887
 0 0.634887
 0 0.634887
 0 0.634905
 0 0.634981
 0 0.635022
 0 0.635032
 0 0.635104
 0 0.63512
 0 0.635121
 0 0.635121
 0 0.635122
 0 0.635122
 0 0.635134
 0 0.635134
 0 0.635148
 0 0.635148
 0 0.635149
 0 0.635149
 0 0.635149
 0 0.63517
 0 0.63517
 0 0.63517
 0 0.63517
 0 0.635208
 0 0.635209
 0 0.635242
 0 0.635252
 0 0.635253
 0 0.635257
 0 0.635264
 0 0.635307
 0 0.635307
 0 0.635315
 0 0.635324
 0 0.635327
 0 0.635328
 0 0.635328
 0 0.635335
 0 0.635349
 0 0.635349
 0 0.635381
 0 0.635413
 0 0.635413
 0 0.635413
 0 0.635413
 0 0.635413
 0 0.635436
 0 0.635439
 0 0.63544
 0 0.635443
 0 0.635447
 0 0.635453
 0 0.635455
 0 0.635455
 0 0.635455
 0 0.635455
 0 0.635457
 0 0.635457
 0 0.635458
 0 0.635461
 0 0.635478
 0 0.635522
 0 0.635539
 0 0.635541
 0 0.635567
 0 0.635568
 0 0.635569
 0 0.635589
 0 0.635594
 0 0.635626
 0 0.635626
 0 0.635627
 0 0.635627
 0 0.635627
 0 0.635705
 0 0.635705
 0 0.635706
 0 0.63572
 0 0.635721
 0 0.635721
 0 0.635724
 0 0.635724
 0 0.635749
 0 0.635749
 0 0.635796
 0 0.63587
 0 0.635939
 0 0.636003
 0 0.636004
 0 0.636004
 0 0.636011
 0 0.636011
 0 0.636038
 0 0.636038
 0 0.636041
 0 0.636041
 0 0.636041
 0 0.636043
 0 0.636043
 0 0.636043
 0 0.636048
 0 0.636059
 0 0.636061
 0 0.636061
 0 0.636065
 0 0.636065
 0 0.636136
 0 0.636137
 0 0.636142
 0 0.636178
 0 0.636179
 0 0.636179
 0 0.636272
 0 0.636299
 0 0.636299
 0 0.636303
 0 0.636343
 0 0.636343
 0 0.636372
 0 0.636372
 0 0.636378
 0 0.636378
 0 0.636378
 0 0.636378
 0 0.636394
 0 0.636394
 0 0.636441
 0 0.636504
 0 0.636504
 0 0.636504
 0 0.636505
 0 0.636505
 0 0.636513
 0 0.636538
 0 0.636564
 0 0.636565
 0 0.636588
 0 0.636588
 0 0.636605
 0 0.636651
 0 0.636651
 0 0.636674
 0 0.636674
 0 0.636674
 0 0.636686
 0 0.636686
 0 0.636695
 0 0.636707
 0 0.636726
 0 0.636727
 0 0.636739
 0 0.636746
 0 0.636746
 0 0.636748
 0 0.636752
 0 0.636756
 0 0.6368
 0 0.636824
 0 0.636833
 0 0.636834
 0 0.636834
 0 0.63684
 0 0.636841
 0 0.636848
 0 0.636857
 0 0.636859
 0 0.636916
 0 0.636917
 0 0.636918
 0 0.636928
 0 0.636928
 0 0.636968
 0 0.636969
 0 0.636969
 0 0.637002
 0 0.63705
 0 0.63705
 0 0.637121
 0 0.637122
 0 0.637123
 0 0.637128
 0 0.63713
 0 0.637132
 0 0.637168
 0 0.637169
 0 0.637196
 0 0.6372
 0 0.637201
 0 0.637202
 0 0.637203
 0 0.637242
 0 0.637242
 0 0.637298
 0 0.637311
 0 0.637311
 0 0.637361
 0 0.637385
 0 0.637387
 0 0.637403
 0 0.637411
 0 0.637413
 0 0.637449
 0 0.63745
 0 0.637453
 0 0.637477
 0 0.637477
 0 0.637498
 0 0.637499
 0 0.637499
 0 0.637515
 0 0.637527
 0 0.637539
 0 0.637546
 0 0.637546
 0 0.637547
 0 0.637547
 0 0.637552
 0 0.63758
 0 0.637609
 0 0.637609
 0 0.63765
 0 0.637653
 0 0.637653
 0 0.637653
 0 0.637667
 0 0.637667
 0 0.637679
 0 0.63769
 0 0.637691
 0 0.637691
 0 0.637699
 0 0.637738
 0 0.637739
 0 0.637744
 0 0.637781
 0 0.637786
 0 0.637811
 0 0.637863
 0 0.637932
 0 0.637936
 0 0.637936
 0 0.637941
 0 0.637942
 0 0.637948
 0 0.637948
 0 0.63796
 0 0.63796
 0 0.637972
 0 0.637973
 0 0.637989
 0 0.638004
 0 0.63801
 0 0.638036
 0 0.638038
 0 0.638039
 0 0.638039
 0 0.638039
 0 0.638041
 0 0.638054
 0 0.638069
 0 0.638076
 0 0.638121
 0 0.638121
 0 0.638121
 0 0.63813
 0 0.638131
 0 0.638131
 0 0.638131
 0 0.638132
 0 0.638133
 0 0.638133
 0 0.63816
 0 0.638161
 0 0.638206
 0 0.638206
 0 0.638221
 0 0.63823
 0 0.63823
 0 0.63823
 0 0.638267
 0 0.638267
 0 0.638289
 0 0.638306
 0 0.638327
 0 0.638327
 0 0.638341
 0 0.638342
 0 0.638358
 0 0.638382
 0 0.638382
 0 0.638382
 0 0.638384
 0 0.638387
 0 0.638387
 0 0.638387
 0 0.638396
 0 0.638532
 0 0.638532
 0 0.638591
 0 0.638591
 0 0.638591
 0 0.638591
 0 0.638593
 0 0.638612
 0 0.638613
 0 0.638613
 0 0.638628
 0 0.638704
 0 0.638704
 0 0.638704
 0 0.638705
 0 0.63871
 0 0.63871
 0 0.638711
 0 0.638711
 0 0.638758
 0 0.638758
 0 0.638759
 0 0.638763
 0 0.638764
 0 0.638765
 0 0.638765
 0 0.638765
 0 0.638771
 0 0.638771
 0 0.638807
 0 0.638807
 0 0.63881
 0 0.638851
 0 0.638891
 0 0.638891
 0 0.638891
 0 0.638902
 0 0.638925
 0 0.638928
 0 0.638929
 0 0.638929
 0 0.638963
 0 0.638963
 0 0.638984
 0 0.638984
 0 0.639003
 0 0.639003
 0 0.639098
 0 0.6391
 0 0.6391
 0 0.639102
 0 0.639103
 0 0.639116
 0 0.639167
 0 0.639167
 0 0.639167
 0 0.639194
 0 0.639194
 0 0.639194
 0 0.639195
 0 0.639195
 0 0.639205
 0 0.63924
 0 0.63927
 0 0.639276
 0 0.639276
 0 0.639334
 0 0.639336
 0 0.639387
 0 0.639388
 0 0.63941
 0 0.639411
 0 0.639411
 0 0.639459
 0 0.63946
 0 0.639528
 0 0.639543
 0 0.639544
 0 0.639567
 0 0.639605
 0 0.639606
 0 0.639607
 0 0.639609
 0 0.639624
 0 0.639626
 0 0.639628
 0 0.639657
 0 0.639658
 0 0.63966
 0 0.639766
 0 0.639766
 0 0.639767
 0 0.639767
 0 0.639784
 0 0.639785
 0 0.639787
 0 0.63979
 0 0.63979
 0 0.639811
 0 0.639864
 0 0.639865
 0 0.63987
 0 0.63987
 0 0.639872
 0 0.639883
 0 0.639883
 0 0.639883
 0 0.640042
 0 0.640094
 0 0.640103
 0 0.640106
 0 0.640108
 0 0.640164
 0 0.640185
 0 0.640185
 0 0.640189
 0 0.640195
 0 0.640195
 0 0.640209
 0 0.640216
 0 0.640216
 0 0.640217
 0 0.64034
 0 0.64036
 0 0.64036
 0 0.640376
 0 0.640377
 0 0.640392
 0 0.640392
 0 0.640425
 0 0.640488
 0 0.640582
 0 0.640582
 0 0.640721
 0 0.640721
 0 0.640721
 0 0.640721
 0 0.640766
 0 0.640813
 0 0.640822
 0 0.640822
 0 0.640843
 0 0.640866
 0 0.640872
 0 0.640873
 0 0.640873
 0 0.640873
 0 0.640878
 0 0.640895
 0 0.640895
 0 0.640895
 0 0.640935
 0 0.640935
 0 0.640945
 0 0.640946
 0 0.640969
 0 0.640969
 0 0.640991
 0 0.641003
 0 0.641003
 0 0.641019
 0 0.641019
 0 0.64103
 0 0.64103
 0 0.64103
 0 0.641033
 0 0.641034
 0 0.641035
 0 0.641035
 0 0.641035
 0 0.641037
 0 0.641038
 0 0.641038
 0 0.641038
 0 0.641038
 0 0.641038
 0 0.641038
 0 0.641042
 0 0.641042
 0 0.64105
 0 0.641064
 0 0.641077
 0 0.641079
 0 0.64108
 0 0.641087
 0 0.641088
 0 0.641107
 0 0.641109
 0 0.641109
 0 0.641175
 0 0.641175
 0 0.641197
 0 0.641203
 0 0.641209
 0 0.64126
 0 0.641304
 0 0.641304
 0 0.641305
 0 0.641305
 0 0.641312
 0 0.641312
 0 0.64133
 0 0.641331
 0 0.641331
 0 0.641332
 0 0.641339
 0 0.64134
 0 0.64135
 0 0.641421
 0 0.641421
 0 0.641422
 0 0.641492
 0 0.641492
 0 0.641508
 0 0.641515
 0 0.641526
 0 0.641562
 0 0.641562
 0 0.641603
 0 0.641603
 0 0.641603
 0 0.641642
 0 0.641642
 0 0.641662
 0 0.641793
 0 0.641794
 0 0.641794
 0 0.641794
 0 0.641794
 0 0.641805
 0 0.641805
 0 0.641805
 0 0.641805
 0 0.641805
 0 0.641808
 0 0.641808
 0 0.641821
 0 0.641821
 0 0.641861
 0 0.641862
 0 0.64191
 0 0.641923
 0 0.641923
 0 0.641924
 0 0.641925
 0 0.641925
 0 0.641945
 0 0.641945
 0 0.641945
 0 0.641949
 0 0.641957
 0 0.641957
 0 0.641995
 0 0.641995
 0 0.642031
 0 0.642032
 0 0.642032
 0 0.642049
 0 0.642049
 0 0.642112
 0 0.642163
 0 0.642164
 0 0.642175
 0 0.642222
 0 0.642227
 0 0.64223
 0 0.6423
 0 0.642301
 0 0.642301
 0 0.642366
 0 0.642398
 0 0.642398
 0 0.642437
 0 0.642437
 0 0.642437
 0 0.642459
 0 0.642459
 0 0.642459
 0 0.64246
 0 0.642476
 0 0.642498
 0 0.642499
 0 0.642499
 0 0.642671
 0 0.642685
 0 0.642704
 0 0.642704
 0 0.64276
 0 0.642814
 0 0.642834
 0 0.642834
 0 0.642844
 0 0.642845
 0 0.642845
 0 0.642845
 0 0.642845
 0 0.6429
 0 0.6429
 0 0.642916
 0 0.642923
 0 0.642943
 0 0.642944
 0 0.642954
 0 0.642954
 0 0.643
 0 0.643022
 0 0.643037
 0 0.643037
 0 0.643128
 0 0.643128
 0 0.643128
 0 0.643161
 0 0.643175
 0 0.643224
 0 0.643224
 0 0.643227
 0 0.643257
 0 0.643295
 0 0.643295
 0 0.643308
 0 0.643308
 0 0.643308
 0 0.643309
 0 0.643309
 0 0.643367
 0 0.643367
 0 0.643367
 0 0.643392
 0 0.643393
 0 0.64348
 0 0.64348
 0 0.64348
 0 0.64348
 0 0.643545
 0 0.643629
 0 0.64363
 0 0.643634
 0 0.643635
 0 0.643635
 0 0.643721
 0 0.643722
 0 0.643762
 0 0.643777
 0 0.643777
 0 0.643777
 0 0.643879
 0 0.643985
 0 0.644048
 0 0.644048
 0 0.644069
 0 0.644196
 0 0.644197
 0 0.644197
 0 0.644202
 0 0.644202
 0 0.644365
 0 0.644387
 0 0.644387
 0 0.644458
 0 0.644458
 0 0.644458
 0 0.644501
 0 0.64465
 0 0.644677
 0 0.644888
 0 0.644888
 0 0.644888
 0 0.644896
 0 0.644896
 0 0.644994
 0 0.645056
 0 0.645056
 0 0.645127
 0 0.645153
 0 0.645379
 0 0.645532
 0 0.645534
 0 0.645543
 0 0.645543
 0 0.645592
 0 0.645592
 0 0.645592
 0 0.645593
 0 0.645593
 0 0.645732
 0 0.645733
 0 0.645733
 0 0.645779
 0 0.645779
 0 0.645859
 0 0.645865
 0 0.645866
 0 0.646036
 0 0.646047
 0 0.646108
 0 0.64611
 0 0.64611
 0 0.646159
 0 0.646201
 0 0.646227
 0 0.646357
 0 0.646357
 0 0.646357
 0 0.646389
 0 0.646433
 0 0.64652
 0 0.64652
 0 0.64652
 0 0.64652
 0 0.646525
 0 0.646525
 0 0.646528
 0 0.646549
 0 0.646549
 0 0.646549
 0 0.646549
 0 0.646574
 0 0.646575
 0 0.646667
 0 0.64667
 0 0.646692
 0 0.646692
 0 0.646781
 0 0.646781
 0 0.646781
 0 0.647103
 0 0.647169
 0 0.647171
 0 0.647368
 0 0.647494
 0 0.647655
 0 0.647655
 0 0.647893
 0 0.648627
 0 0.648864
 0 0.64888
 0 0.649175
 0 0.649175
 0 0.649336
 0 0.650105
 0 0.650105
 0 0.650106
 0 0.651878
 0 0.651878
 0 0.652002
 0 0.652437
 0 0.652586
 0 0.653143
 0 0.654545
 0 0.654545
 0 0.654545
 0 0.654545
 0 0.655066
 0 0.655066
 0 inf
