 0 0.617701
 0 0.618605
 0 0.618605
 0 0.618606
 0 0.618621
 0 0.618621
 0 0.619662
 0 0.620182
 0 0.620184
 0 0.620458
 0 0.62046
 0 0.62046
 0 0.624994
 0 0.624994
 0 0.624994
 0 0.624995
 0 0.625261
 0 0.625262
 0 0.625262
 0 0.625263
 0 0.625263
 0 0.625263
 0 0.625884
 0 0.625884
 0 0.625951
 0 0.626301
 0 0.626302
 0 0.626302
 0 0.626302
 0 0.626302
 0 0.626503
 0 0.626564
 0 0.626585
 0 0.626586
 0 0.627049
 0 0.627124
 0 0.627126
 0 0.627126
 0 0.627134
 0 0.627156
 0 0.627156
 0 0.627199
 0 0.627221
 0 0.627243
 0 0.627243
 0 0.627393
 0 0.627393
 0 0.627504
 0 0.627504
 0 0.627504
 0 0.627507
 0 0.62751
 0 0.627513
 0 0.627543
 0 0.627545
 0 0.627559
 0 0.627645
 0 0.627673
 0 0.627839
 0 0.627839
 0 0.62784
 0 0.62784
 0 0.62798
 0 0.62798
 0 0.62798
 0 0.62804
 0 0.628084
 0 0.628167
 0 0.628228
 0 0.628258
 0 0.628258
 0 0.628259
 0 0.628363
 0 0.62843
 0 0.628431
 0 0.628431
 0 0.628454
 0 0.628515
 0 0.628519
 0 0.628519
 0 0.628526
 0 0.628526
 0 0.628526
 0 0.628543
 0 0.628543
 0 0.628543
 0 0.628545
 0 0.628566
 0 0.628567
 0 0.628568
 0 0.628568
 0 0.628573
 0 0.62862
 0 0.628643
 0 0.628643
 0 0.628677
 0 0.628713
 0 0.628713
 0 0.628762
 0 0.628762
 0 0.628838
 0 0.628892
 0 0.628934
 0 0.628937
 0 0.628937
 0 0.628978
 0 0.628979
 0 0.628981
 0 0.629059
 0 0.629059
 0 0.629065
 0 0.629065
 0 0.629065
 0 0.629173
 0 0.629185
 0 0.629185
 0 0.629217
 0 0.629236
 0 0.629237
 0 0.629295
 0 0.629295
 0 0.629298
 0 0.629298
 0 0.629298
 0 0.629362
 0 0.629366
 0 0.629366
 0 0.629506
 0 0.629506
 0 0.629508
 0 0.629527
 0 0.629528
 0 0.629528
 0 0.629528
 0 0.62958
 0 0.629593
 0 0.629595
 0 0.629599
 0 0.6296
 0 0.6296
 0 0.629669
 0 0.62967
 0 0.629672
 0 0.629674
 0 0.629675
 0 0.62971
 0 0.62971
 0 0.629791
 0 0.629792
 0 0.629796
 0 0.629796
 0 0.629798
 0 0.629798
 0 0.629798
 0 0.629798
 0 0.629821
 0 0.62983
 0 0.629867
 0 0.629868
 0 0.629886
 0 0.629886
 0 0.629899
 0 0.629928
 0 0.629929
 0 0.630029
 0 0.630033
 0 0.630034
 0 0.630034
 0 0.630059
 0 0.63007
 0 0.630093
 0 0.630093
 0 0.630128
 0 0.630144
 0 0.630144
 0 0.630144
 0 0.630184
 0 0.630186
 0 0.630222
 0 0.630245
 0 0.630245
 0 0.630271
 0 0.630279
 0 0.630279
 0 0.630306
 0 0.630306
 0 0.630327
 0 0.630327
 0 0.630327
 0 0.630357
 0 0.630396
 0 0.630397
 0 0.630441
 0 0.63047
 0 0.630484
 0 0.630556
 0 0.630556
 0 0.630556
 0 0.630556
 0 0.630556
 0 0.630563
 0 0.63057
 0 0.63057
 0 0.630575
 0 0.630575
 0 0.630577
 0 0.630598
 0 0.630598
 0 0.630598
 0 0.630619
 0 0.630623
 0 0.630623
 0 0.630665
 0 0.630699
 0 0.630707
 0 0.630707
 0 0.63071
 0 0.630731
 0 0.63079
 0 0.630791
 0 0.630792
 0 0.630793
 0 0.630793
 0 0.6308
 0 0.630802
 0 0.630858
 0 0.63091
 0 0.630913
 0 0.630972
 0 0.63105
 0 0.631058
 0 0.63107
 0 0.631095
 0 0.631096
 0 0.631187
 0 0.631187
 0 0.631212
 0 0.631254
 0 0.631254
 0 0.631255
 0 0.631255
 0 0.631267
 0 0.631267
 0 0.631279
 0 0.63128
 0 0.63128
 0 0.63128
 0 0.63128
 0 0.63128
 0 0.631367
 0 0.631367
 0 0.631399
 0 0.631431
 0 0.631431
 0 0.631432
 0 0.631432
 0 0.631434
 0 0.631463
 0 0.631463
 0 0.63147
 0 0.631478
 0 0.631483
 0 0.631487
 0 0.631489
 0 0.631493
 0 0.631554
 0 0.631554
 0 0.631554
 0 0.631561
 0 0.631562
 0 0.631587
 0 0.631589
 0 0.63159
 0 0.631593
 0 0.631593
 0 0.631594
 0 0.631599
 0 0.631603
 0 0.631636
 0 0.631636
 0 0.631636
 0 0.631676
 0 0.631676
 0 0.631687
 0 0.631687
 0 0.631699
 0 0.631707
 0 0.631776
 0 0.631785
 0 0.631786
 0 0.631789
 0 0.631817
 0 0.631817
 0 0.631856
 0 0.631882
 0 0.631903
 0 0.631903
 0 0.631903
 0 0.631929
 0 0.631931
 0 0.631932
 0 0.631932
 0 0.631933
 0 0.631933
 0 0.632001
 0 0.632016
 0 0.632017
 0 0.632017
 0 0.632017
 0 0.63202
 0 0.632043
 0 0.632052
 0 0.632052
 0 0.632054
 0 0.632054
 0 0.632072
 0 0.632096
 0 0.632096
 0 0.632096
 0 0.632109
 0 0.63211
 0 0.632112
 0 0.632112
 0 0.632112
 0 0.632112
 0 0.632132
 0 0.632139
 0 0.632141
 0 0.632157
 0 0.632157
 0 0.632161
 0 0.632161
 0 0.632162
 0 0.63218
 0 0.632212
 0 0.632213
 0 0.632231
 0 0.632233
 0 0.632263
 0 0.632266
 0 0.632282
 0 0.632289
 0 0.632289
 0 0.632292
 0 0.632293
 0 0.632293
 0 0.632293
 0 0.632303
 0 0.632306
 0 0.632306
 0 0.632326
 0 0.632349
 0 0.632356
 0 0.632357
 0 0.632357
 0 0.632357
 0 0.632357
 0 0.632357
 0 0.632357
 0 0.632358
 0 0.632378
 0 0.632378
 0 0.632379
 0 0.632383
 0 0.632388
 0 0.632389
 0 0.63239
 0 0.63239
 0 0.632391
 0 0.632391
 0 0.632392
 0 0.632396
 0 0.632412
 0 0.632413
 0 0.632437
 0 0.632438
 0 0.632439
 0 0.632454
 0 0.632459
 0 0.632459
 0 0.632463
 0 0.632487
 0 0.632487
 0 0.632488
 0 0.632488
 0 0.632489
 0 0.632491
 0 0.632492
 0 0.632492
 0 0.632492
 0 0.632492
 0 0.632497
 0 0.632502
 0 0.632513
 0 0.632514
 0 0.632526
 0 0.632526
 0 0.632526
 0 0.632527
 0 0.632527
 0 0.632527
 0 0.632527
 0 0.632527
 0 0.632528
 0 0.632528
 0 0.632542
 0 0.632548
 0 0.632548
 0 0.632561
 0 0.632561
 0 0.632562
 0 0.632562
 0 0.632562
 0 0.632574
 0 0.632578
 0 0.632578
 0 0.632579
 0 0.632583
 0 0.632584
 0 0.632589
 0 0.63259
 0 0.63259
 0 0.63259
 0 0.63259
 0 0.63259
 0 0.63259
 0 0.632599
 0 0.632599
 0 0.632631
 0 0.632631
 0 0.632664
 0 0.632665
 0 0.632666
 0 0.632666
 0 0.632666
 0 0.632666
 0 0.632698
 0 0.6327
 0 0.6327
 0 0.632702
 0 0.63271
 0 0.63271
 0 0.632711
 0 0.632711
 0 0.632712
 0 0.632733
 0 0.632733
 0 0.632733
 0 0.632736
 0 0.63275
 0 0.63275
 0 0.632775
 0 0.632776
 0 0.632777
 0 0.632788
 0 0.632818
 0 0.632819
 0 0.63282
 0 0.63282
 0 0.632825
 0 0.632826
 0 0.632827
 0 0.632884
 0 0.632886
 0 0.632907
 0 0.632907
 0 0.632907
 0 0.632907
 0 0.632918
 0 0.632934
 0 0.632953
 0 0.632962
 0 0.632988
 0 0.632992
 0 0.632992
 0 0.632992
 0 0.633021
 0 0.633021
 0 0.63304
 0 0.63304
 0 0.63304
 0 0.633042
 0 0.633042
 0 0.633042
 0 0.633053
 0 0.633054
 0 0.633059
 0 0.633064
 0 0.633067
 0 0.633067
 0 0.63309
 0 0.633091
 0 0.633093
 0 0.633093
 0 0.6331
 0 0.633101
 0 0.633102
 0 0.633104
 0 0.633105
 0 0.633105
 0 0.63311
 0 0.63311
 0 0.633133
 0 0.63314
 0 0.63314
 0 0.63314
 0 0.63314
 0 0.63314
 0 0.63314
 0 0.633146
 0 0.633148
 0 0.633174
 0 0.633177
 0 0.63318
 0 0.633183
 0 0.633183
 0 0.633185
 0 0.633185
 0 0.633186
 0 0.63319
 0 0.633193
 0 0.633193
 0 0.633204
 0 0.633208
 0 0.633209
 0 0.633209
 0 0.633212
 0 0.633212
 0 0.633213
 0 0.633237
 0 0.633237
 0 0.633241
 0 0.633241
 0 0.633244
 0 0.633245
 0 0.633245
 0 0.633292
 0 0.633293
 0 0.6333
 0 0.633305
 0 0.633312
 0 0.633343
 0 0.633347
 0 0.633347
 0 0.633347
 0 0.633348
 0 0.633354
 0 0.633364
 0 0.633369
 0 0.633369
 0 0.633375
 0 0.633377
 0 0.633377
 0 0.633377
 0 0.633392
 0 0.63341
 0 0.633415
 0 0.633426
 0 0.633427
 0 0.633442
 0 0.633444
 0 0.633451
 0 0.633452
 0 0.633452
 0 0.633452
 0 0.633459
 0 0.633459
 0 0.63346
 0 0.633464
 0 0.633472
 0 0.633474
 0 0.633475
 0 0.633475
 0 0.633476
 0 0.633477
 0 0.633479
 0 0.633482
 0 0.633506
 0 0.633523
 0 0.633545
 0 0.633551
 0 0.633569
 0 0.633569
 0 0.63357
 0 0.633571
 0 0.633571
 0 0.633574
 0 0.633576
 0 0.633576
 0 0.633576
 0 0.633581
 0 0.633581
 0 0.633584
 0 0.633584
 0 0.633584
 0 0.633584
 0 0.633588
 0 0.633588
 0 0.633589
 0 0.633594
 0 0.633596
 0 0.6336
 0 0.6336
 0 0.633611
 0 0.63362
 0 0.63362
 0 0.63362
 0 0.633625
 0 0.633625
 0 0.633625
 0 0.633627
 0 0.633627
 0 0.633627
 0 0.633628
 0 0.633632
 0 0.633634
 0 0.633634
 0 0.633663
 0 0.633663
 0 0.633663
 0 0.633665
 0 0.633677
 0 0.633679
 0 0.633679
 0 0.633679
 0 0.63368
 0 0.63368
 0 0.633683
 0 0.633684
 0 0.633684
 0 0.633719
 0 0.633719
 0 0.633727
 0 0.633733
 0 0.633735
 0 0.633737
 0 0.63374
 0 0.63374
 0 0.633745
 0 0.633752
 0 0.633754
 0 0.633755
 0 0.633755
 0 0.633767
 0 0.633768
 0 0.633768
 0 0.633799
 0 0.633801
 0 0.633805
 0 0.633806
 0 0.633807
 0 0.63381
 0 0.63381
 0 0.63381
 0 0.633823
 0 0.633823
 0 0.633829
 0 0.633829
 0 0.633832
 0 0.633833
 0 0.633833
 0 0.633833
 0 0.633841
 0 0.633842
 0 0.633843
 0 0.633843
 0 0.633843
 0 0.633843
 0 0.633847
 0 0.633847
 0 0.633848
 0 0.633848
 0 0.633888
 0 0.633896
 0 0.633897
 0 0.633905
 0 0.633927
 0 0.63393
 0 0.63393
 0 0.633942
 0 0.633948
 0 0.63395
 0 0.633953
 0 0.633954
 0 0.633954
 0 0.633955
 0 0.633955
 0 0.633955
 0 0.633966
 0 0.633966
 0 0.633968
 0 0.633971
 0 0.633971
 0 0.633993
 0 0.633996
 0 0.634
 0 0.634
 0 0.634001
 0 0.634001
 0 0.634001
 0 0.634002
 0 0.634004
 0 0.634012
 0 0.634013
 0 0.634015
 0 0.634015
 0 0.634021
 0 0.634024
 0 0.634039
 0 0.634039
 0 0.634039
 0 0.634046
 0 0.634051
 0 0.634055
 0 0.634056
 0 0.634057
 0 0.634058
 0 0.634058
 0 0.634058
 0 0.634058
 0 0.634058
 0 0.634059
 0 0.634066
 0 0.634082
 0 0.634086
 0 0.634086
 0 0.634086
 0 0.634103
 0 0.634103
 0 0.63413
 0 0.634133
 0 0.634136
 0 0.63414
 0 0.63414
 0 0.63414
 0 0.634142
 0 0.634143
 0 0.634158
 0 0.634162
 0 0.634162
 0 0.634162
 0 0.634183
 0 0.634189
 0 0.634189
 0 0.634208
 0 0.634214
 0 0.634214
 0 0.634216
 0 0.634222
 0 0.634222
 0 0.634224
 0 0.634228
 0 0.634228
 0 0.634229
 0 0.634229
 0 0.63423
 0 0.634234
 0 0.634246
 0 0.634248
 0 0.634253
 0 0.634265
 0 0.634265
 0 0.634275
 0 0.634275
 0 0.634275
 0 0.634275
 0 0.63428
 0 0.63428
 0 0.634281
 0 0.634284
 0 0.634287
 0 0.634288
 0 0.634298
 0 0.6343
 0 0.6343
 0 0.634312
 0 0.634327
 0 0.63433
 0 0.63433
 0 0.63433
 0 0.634339
 0 0.634339
 0 0.63434
 0 0.634342
 0 0.634345
 0 0.634354
 0 0.634354
 0 0.634354
 0 0.634355
 0 0.634366
 0 0.634366
 0 0.634366
 0 0.634367
 0 0.634369
 0 0.63437
 0 0.63437
 0 0.63437
 0 0.634386
 0 0.634386
 0 0.634386
 0 0.634391
 0 0.6344
 0 0.6344
 0 0.634402
 0 0.634402
 0 0.634402
 0 0.634403
 0 0.634411
 0 0.634424
 0 0.634424
 0 0.634427
 0 0.634428
 0 0.634428
 0 0.634431
 0 0.634436
 0 0.634448
 0 0.634449
 0 0.63445
 0 0.634453
 0 0.634456
 0 0.634456
 0 0.634457
 0 0.634465
 0 0.634471
 0 0.634471
 0 0.634471
 0 0.634471
 0 0.634484
 0 0.634492
 0 0.634492
 0 0.634495
 0 0.634495
 0 0.634502
 0 0.634504
 0 0.634513
 0 0.634516
 0 0.634517
 0 0.634517
 0 0.634529
 0 0.634532
 0 0.634532
 0 0.634532
 0 0.634532
 0 0.63454
 0 0.634541
 0 0.634548
 0 0.634562
 0 0.634562
 0 0.63457
 0 0.63457
 0 0.63457
 0 0.634571
 0 0.634571
 0 0.634573
 0 0.634573
 0 0.634574
 0 0.634584
 0 0.634584
 0 0.634587
 0 0.634591
 0 0.634598
 0 0.63461
 0 0.63461
 0 0.634615
 0 0.634615
 0 0.63462
 0 0.634651
 0 0.634652
 0 0.634659
 0 0.634676
 0 0.634676
 0 0.634677
 0 0.634677
 0 0.634682
 0 0.634682
 0 0.634688
 0 0.634688
 0 0.634688
 0 0.634688
 0 0.634689
 0 0.634689
 0 0.634732
 0 0.634744
 0 0.634744
 0 0.634749
 0 0.634749
 0 0.634749
 0 0.634756
 0 0.63476
 0 0.634762
 0 0.634773
 0 0.634773
 0 0.634773
 0 0.634775
 0 0.634776
 0 0.634776
 0 0.634777
 0 0.634777
 0 0.634792
 0 0.634796
 0 0.634798
 0 0.634798
 0 0.634804
 0 0.634815
 0 0.634815
 0 0.63482
 0 0.634829
 0 0.634829
 0 0.634833
 0 0.634837
 0 0.634838
 0 0.634838
 0 0.634839
 0 0.634856
 0 0.634858
 0 0.634859
 0 0.63487
 0 0.63487
 0 0.63487
 0 0.63487
 0 0.634871
 0 0.634871
 0 0.634872
 0 0.634872
 0 0.634872
 0 0.634872
 0 0.634872
 0 0.634872
 0 0.63488
 0 0.634881
 0 0.634887
 0 0.63489
 0 0.634902
 0 0.634909
 0 0.634912
 0 0.634918
 0 0.634926
 0 0.634926
 0 0.634926
 0 0.634927
 0 0.634928
 0 0.634929
 0 0.634931
 0 0.634932
 0 0.634959
 0 0.63496
 0 0.634962
 0 0.634963
 0 0.63499
 0 0.634997
 0 0.635021
 0 0.635028
 0 0.635033
 0 0.635036
 0 0.635036
 0 0.635037
 0 0.635037
 0 0.635039
 0 0.635041
 0 0.635049
 0 0.635083
 0 0.635084
 0 0.635084
 0 0.635086
 0 0.635087
 0 0.635087
 0 0.635089
 0 0.635089
 0 0.635089
 0 0.63509
 0 0.63509
 0 0.63509
 0 0.63509
 0 0.635098
 0 0.635098
 0 0.635117
 0 0.635117
 0 0.63512
 0 0.635121
 0 0.635126
 0 0.635126
 0 0.635139
 0 0.635139
 0 0.63514
 0 0.635146
 0 0.635161
 0 0.635161
 0 0.635172
 0 0.635185
 0 0.635185
 0 0.635202
 0 0.635203
 0 0.635207
 0 0.63521
 0 0.635212
 0 0.635214
 0 0.635247
 0 0.635247
 0 0.635248
 0 0.635251
 0 0.635252
 0 0.635256
 0 0.63526
 0 0.635266
 0 0.635267
 0 0.63528
 0 0.635281
 0 0.635286
 0 0.635286
 0 0.635286
 0 0.635295
 0 0.635296
 0 0.635296
 0 0.635297
 0 0.635297
 0 0.635299
 0 0.6353
 0 0.6353
 0 0.6353
 0 0.6353
 0 0.635303
 0 0.635312
 0 0.635312
 0 0.635313
 0 0.635313
 0 0.635319
 0 0.635336
 0 0.635337
 0 0.635337
 0 0.635344
 0 0.635344
 0 0.635344
 0 0.635345
 0 0.635349
 0 0.635355
 0 0.635365
 0 0.635366
 0 0.635368
 0 0.635368
 0 0.635377
 0 0.635381
 0 0.635387
 0 0.635406
 0 0.635421
 0 0.635425
 0 0.635453
 0 0.635454
 0 0.635457
 0 0.635458
 0 0.635459
 0 0.63546
 0 0.63546
 0 0.63546
 0 0.63546
 0 0.635463
 0 0.635463
 0 0.635464
 0 0.635467
 0 0.635467
 0 0.635467
 0 0.635477
 0 0.635478
 0 0.635495
 0 0.635495
 0 0.635496
 0 0.635498
 0 0.635501
 0 0.635502
 0 0.635504
 0 0.635504
 0 0.635505
 0 0.635525
 0 0.635525
 0 0.635527
 0 0.63553
 0 0.635532
 0 0.635536
 0 0.635543
 0 0.635544
 0 0.635546
 0 0.635547
 0 0.635548
 0 0.635571
 0 0.635578
 0 0.635579
 0 0.635579
 0 0.635582
 0 0.6356
 0 0.6356
 0 0.635603
 0 0.635604
 0 0.635604
 0 0.635608
 0 0.635608
 0 0.635609
 0 0.635613
 0 0.635613
 0 0.635618
 0 0.635637
 0 0.635644
 0 0.635644
 0 0.635644
 0 0.635647
 0 0.635647
 0 0.635659
 0 0.635659
 0 0.635661
 0 0.635674
 0 0.635674
 0 0.635682
 0 0.635682
 0 0.635682
 0 0.635689
 0 0.635689
 0 0.63569
 0 0.635699
 0 0.635702
 0 0.635706
 0 0.63572
 0 0.635721
 0 0.635727
 0 0.635728
 0 0.635732
 0 0.635737
 0 0.635737
 0 0.635737
 0 0.635738
 0 0.635738
 0 0.635756
 0 0.635757
 0 0.635757
 0 0.635767
 0 0.635767
 0 0.635768
 0 0.635781
 0 0.635785
 0 0.635793
 0 0.635795
 0 0.635807
 0 0.63582
 0 0.635823
 0 0.635826
 0 0.635826
 0 0.635842
 0 0.635842
 0 0.635843
 0 0.635844
 0 0.635845
 0 0.635866
 0 0.635866
 0 0.635884
 0 0.635885
 0 0.635887
 0 0.635888
 0 0.635888
 0 0.635891
 0 0.635891
 0 0.635891
 0 0.635892
 0 0.635893
 0 0.635893
 0 0.635894
 0 0.635894
 0 0.635909
 0 0.635909
 0 0.635918
 0 0.635918
 0 0.635918
 0 0.635925
 0 0.635925
 0 0.635925
 0 0.635926
 0 0.635928
 0 0.63593
 0 0.63594
 0 0.635942
 0 0.635942
 0 0.635944
 0 0.635946
 0 0.635947
 0 0.635948
 0 0.635962
 0 0.635967
 0 0.635969
 0 0.63598
 0 0.635982
 0 0.635984
 0 0.635986
 0 0.635989
 0 0.635989
 0 0.636001
 0 0.636001
 0 0.636002
 0 0.636003
 0 0.636003
 0 0.636005
 0 0.636014
 0 0.636014
 0 0.636014
 0 0.636014
 0 0.636014
 0 0.636031
 0 0.636042
 0 0.636043
 0 0.636048
 0 0.636058
 0 0.636058
 0 0.636059
 0 0.636077
 0 0.636077
 0 0.636077
 0 0.636079
 0 0.636091
 0 0.636096
 0 0.636096
 0 0.636096
 0 0.636096
 0 0.636098
 0 0.636099
 0 0.636099
 0 0.636108
 0 0.636108
 0 0.636111
 0 0.636111
 0 0.636111
 0 0.636112
 0 0.636112
 0 0.636112
 0 0.636112
 0 0.636112
 0 0.636115
 0 0.636117
 0 0.636117
 0 0.636117
 0 0.636118
 0 0.636132
 0 0.636135
 0 0.636138
 0 0.636156
 0 0.636165
 0 0.636165
 0 0.636166
 0 0.636166
 0 0.636168
 0 0.636169
 0 0.636173
 0 0.636174
 0 0.636186
 0 0.636186
 0 0.636189
 0 0.63619
 0 0.636197
 0 0.636198
 0 0.636199
 0 0.636201
 0 0.636212
 0 0.636212
 0 0.636213
 0 0.636226
 0 0.636226
 0 0.63623
 0 0.63623
 0 0.63623
 0 0.636231
 0 0.636231
 0 0.636231
 0 0.636237
 0 0.636237
 0 0.636238
 0 0.636238
 0 0.636242
 0 0.636242
 0 0.636243
 0 0.636243
 0 0.636243
 0 0.636253
 0 0.636258
 0 0.636259
 0 0.636262
 0 0.636272
 0 0.636273
 0 0.636293
 0 0.636297
 0 0.636312
 0 0.636317
 0 0.636319
 0 0.636319
 0 0.636329
 0 0.636329
 0 0.636329
 0 0.636332
 0 0.636332
 0 0.636333
 0 0.636335
 0 0.636356
 0 0.636356
 0 0.636369
 0 0.63638
 0 0.63638
 0 0.636382
 0 0.636382
 0 0.636387
 0 0.636395
 0 0.636397
 0 0.6364
 0 0.636401
 0 0.636401
 0 0.636411
 0 0.636418
 0 0.636429
 0 0.636432
 0 0.636433
 0 0.636447
 0 0.636447
 0 0.636449
 0 0.636451
 0 0.636456
 0 0.636456
 0 0.636473
 0 0.636481
 0 0.636481
 0 0.636483
 0 0.6365
 0 0.6365
 0 0.636501
 0 0.636501
 0 0.636502
 0 0.636505
 0 0.636505
 0 0.636521
 0 0.636522
 0 0.636527
 0 0.636527
 0 0.636527
 0 0.636531
 0 0.636531
 0 0.636535
 0 0.636535
 0 0.63655
 0 0.636555
 0 0.636567
 0 0.636567
 0 0.636568
 0 0.636581
 0 0.636581
 0 0.636597
 0 0.636614
 0 0.636624
 0 0.636625
 0 0.636633
 0 0.636634
 0 0.636637
 0 0.636647
 0 0.636647
 0 0.636647
 0 0.636655
 0 0.636655
 0 0.636662
 0 0.636663
 0 0.636666
 0 0.636667
 0 0.636667
 0 0.636686
 0 0.636686
 0 0.636686
 0 0.636699
 0 0.636699
 0 0.636705
 0 0.636711
 0 0.636711
 0 0.636715
 0 0.636715
 0 0.636725
 0 0.636725
 0 0.636726
 0 0.636729
 0 0.636732
 0 0.636736
 0 0.636736
 0 0.636737
 0 0.636749
 0 0.636749
 0 0.636757
 0 0.636762
 0 0.636762
 0 0.636766
 0 0.636769
 0 0.636776
 0 0.636776
 0 0.636776
 0 0.636777
 0 0.636777
 0 0.636778
 0 0.636778
 0 0.636778
 0 0.636778
 0 0.63678
 0 0.636782
 0 0.636784
 0 0.636797
 0 0.636806
 0 0.636821
 0 0.636821
 0 0.636832
 0 0.636833
 0 0.636833
 0 0.636844
 0 0.636877
 0 0.636889
 0 0.636893
 0 0.636893
 0 0.636894
 0 0.636894
 0 0.636894
 0 0.636894
 0 0.636894
 0 0.636894
 0 0.6369
 0 0.636902
 0 0.636902
 0 0.636906
 0 0.636906
 0 0.636912
 0 0.636918
 0 0.636926
 0 0.636926
 0 0.636935
 0 0.636941
 0 0.636941
 0 0.636941
 0 0.636946
 0 0.636947
 0 0.636947
 0 0.636947
 0 0.636965
 0 0.636965
 0 0.636966
 0 0.636967
 0 0.636967
 0 0.636994
 0 0.637005
 0 0.637005
 0 0.637025
 0 0.637025
 0 0.637033
 0 0.637033
 0 0.637034
 0 0.637039
 0 0.637039
 0 0.637051
 0 0.637056
 0 0.637057
 0 0.637065
 0 0.637078
 0 0.63708
 0 0.63708
 0 0.63708
 0 0.637084
 0 0.637085
 0 0.637085
 0 0.6371
 0 0.6371
 0 0.637109
 0 0.63711
 0 0.637111
 0 0.637119
 0 0.637119
 0 0.637125
 0 0.637126
 0 0.637135
 0 0.637158
 0 0.637176
 0 0.637177
 0 0.637178
 0 0.637178
 0 0.637209
 0 0.637213
 0 0.637218
 0 0.63722
 0 0.637221
 0 0.637233
 0 0.637233
 0 0.637233
 0 0.637235
 0 0.637235
 0 0.637247
 0 0.637248
 0 0.637252
 0 0.637253
 0 0.637258
 0 0.637258
 0 0.637258
 0 0.637261
 0 0.637261
 0 0.637271
 0 0.637283
 0 0.637284
 0 0.637284
 0 0.637284
 0 0.637285
 0 0.637287
 0 0.637287
 0 0.637299
 0 0.637301
 0 0.637302
 0 0.637302
 0 0.637302
 0 0.637302
 0 0.637308
 0 0.637308
 0 0.637309
 0 0.63731
 0 0.637315
 0 0.637315
 0 0.637323
 0 0.637323
 0 0.637333
 0 0.637333
 0 0.637333
 0 0.637333
 0 0.637333
 0 0.637334
 0 0.637336
 0 0.637336
 0 0.637339
 0 0.63734
 0 0.637342
 0 0.637358
 0 0.637358
 0 0.637364
 0 0.637365
 0 0.637368
 0 0.63738
 0 0.63738
 0 0.637382
 0 0.637382
 0 0.637391
 0 0.637392
 0 0.637392
 0 0.637395
 0 0.637395
 0 0.637396
 0 0.637421
 0 0.637423
 0 0.637427
 0 0.637446
 0 0.637451
 0 0.637452
 0 0.637452
 0 0.637479
 0 0.637499
 0 0.637499
 0 0.637501
 0 0.637501
 0 0.637502
 0 0.637502
 0 0.637505
 0 0.637505
 0 0.637519
 0 0.63752
 0 0.637521
 0 0.637546
 0 0.637547
 0 0.637549
 0 0.637566
 0 0.637566
 0 0.637568
 0 0.637568
 0 0.637568
 0 0.63757
 0 0.637584
 0 0.637597
 0 0.637598
 0 0.637598
 0 0.6376
 0 0.637601
 0 0.637615
 0 0.637646
 0 0.637647
 0 0.637648
 0 0.637648
 0 0.637649
 0 0.637649
 0 0.637652
 0 0.637653
 0 0.637653
 0 0.637658
 0 0.637661
 0 0.637662
 0 0.637667
 0 0.637677
 0 0.637677
 0 0.637706
 0 0.637707
 0 0.637707
 0 0.637707
 0 0.637716
 0 0.637719
 0 0.637724
 0 0.637753
 0 0.637764
 0 0.637765
 0 0.637765
 0 0.637766
 0 0.637766
 0 0.637767
 0 0.637778
 0 0.637778
 0 0.637778
 0 0.637779
 0 0.637783
 0 0.63779
 0 0.637791
 0 0.637792
 0 0.637792
 0 0.637798
 0 0.63781
 0 0.63781
 0 0.63781
 0 0.637823
 0 0.637823
 0 0.637823
 0 0.637825
 0 0.637831
 0 0.637832
 0 0.637842
 0 0.637843
 0 0.637843
 0 0.637848
 0 0.637848
 0 0.637876
 0 0.637877
 0 0.637892
 0 0.637906
 0 0.637907
 0 0.637908
 0 0.637916
 0 0.637918
 0 0.637918
 0 0.637918
 0 0.637919
 0 0.637919
 0 0.637919
 0 0.637933
 0 0.637934
 0 0.637961
 0 0.637966
 0 0.637966
 0 0.637974
 0 0.637986
 0 0.637989
 0 0.63799
 0 0.637991
 0 0.637991
 0 0.637992
 0 0.637993
 0 0.638003
 0 0.638003
 0 0.638004
 0 0.638005
 0 0.638019
 0 0.638023
 0 0.638024
 0 0.638025
 0 0.638026
 0 0.638026
 0 0.638028
 0 0.638051
 0 0.638051
 0 0.638062
 0 0.63807
 0 0.63807
 0 0.638077
 0 0.638079
 0 0.63808
 0 0.638082
 0 0.638082
 0 0.638083
 0 0.638084
 0 0.638084
 0 0.638086
 0 0.638086
 0 0.638107
 0 0.638108
 0 0.638113
 0 0.638114
 0 0.638126
 0 0.638127
 0 0.638128
 0 0.638128
 0 0.638129
 0 0.638129
 0 0.638131
 0 0.638131
 0 0.638132
 0 0.638135
 0 0.638143
 0 0.638152
 0 0.638155
 0 0.638156
 0 0.638156
 0 0.638158
 0 0.63816
 0 0.638167
 0 0.638185
 0 0.638186
 0 0.638186
 0 0.63819
 0 0.63819
 0 0.638199
 0 0.638199
 0 0.6382
 0 0.6382
 0 0.638202
 0 0.638202
 0 0.638212
 0 0.638212
 0 0.638213
 0 0.638213
 0 0.638214
 0 0.638215
 0 0.638215
 0 0.638223
 0 0.638224
 0 0.638224
 0 0.638235
 0 0.638236
 0 0.638261
 0 0.638261
 0 0.638261
 0 0.638261
 0 0.638267
 0 0.638267
 0 0.638276
 0 0.638276
 0 0.638316
 0 0.638316
 0 0.638317
 0 0.638319
 0 0.638333
 0 0.638338
 0 0.638342
 0 0.638343
 0 0.638345
 0 0.638346
 0 0.63838
 0 0.638381
 0 0.638388
 0 0.638388
 0 0.638389
 0 0.638389
 0 0.638389
 0 0.63839
 0 0.638401
 0 0.638402
 0 0.638407
 0 0.638407
 0 0.638408
 0 0.638408
 0 0.638438
 0 0.638451
 0 0.638483
 0 0.638483
 0 0.638484
 0 0.638485
 0 0.638503
 0 0.638503
 0 0.638503
 0 0.638503
 0 0.638503
 0 0.638504
 0 0.638536
 0 0.638536
 0 0.638536
 0 0.638538
 0 0.638551
 0 0.638559
 0 0.638562
 0 0.638562
 0 0.638562
 0 0.638584
 0 0.638586
 0 0.638602
 0 0.638603
 0 0.638606
 0 0.638606
 0 0.638606
 0 0.638619
 0 0.638619
 0 0.638619
 0 0.63862
 0 0.638626
 0 0.638626
 0 0.638633
 0 0.638633
 0 0.638634
 0 0.638635
 0 0.638635
 0 0.638636
 0 0.638664
 0 0.638664
 0 0.638668
 0 0.638671
 0 0.638672
 0 0.638672
 0 0.638683
 0 0.638684
 0 0.638706
 0 0.638709
 0 0.63871
 0 0.63873
 0 0.638738
 0 0.638746
 0 0.638756
 0 0.63876
 0 0.638764
 0 0.638764
 0 0.638764
 0 0.638781
 0 0.638781
 0 0.638783
 0 0.638806
 0 0.638819
 0 0.638819
 0 0.638829
 0 0.638829
 0 0.638834
 0 0.638835
 0 0.638835
 0 0.638835
 0 0.638836
 0 0.638845
 0 0.638845
 0 0.638846
 0 0.638847
 0 0.638848
 0 0.638854
 0 0.638856
 0 0.638866
 0 0.638869
 0 0.63887
 0 0.638874
 0 0.638876
 0 0.638888
 0 0.638909
 0 0.63891
 0 0.638924
 0 0.638924
 0 0.638942
 0 0.638942
 0 0.638944
 0 0.638944
 0 0.638944
 0 0.638946
 0 0.638954
 0 0.638964
 0 0.638964
 0 0.638964
 0 0.638964
 0 0.63898
 0 0.638984
 0 0.638984
 0 0.638984
 0 0.639002
 0 0.639005
 0 0.639005
 0 0.639043
 0 0.639045
 0 0.639045
 0 0.639052
 0 0.639058
 0 0.639058
 0 0.639058
 0 0.639059
 0 0.639065
 0 0.639067
 0 0.639091
 0 0.639092
 0 0.639092
 0 0.639112
 0 0.639113
 0 0.639115
 0 0.639121
 0 0.63914
 0 0.639148
 0 0.639148
 0 0.639158
 0 0.639176
 0 0.639177
 0 0.639177
 0 0.639191
 0 0.639191
 0 0.63922
 0 0.63922
 0 0.63924
 0 0.639241
 0 0.639247
 0 0.639256
 0 0.639273
 0 0.639297
 0 0.639298
 0 0.639301
 0 0.639303
 0 0.639316
 0 0.639316
 0 0.639325
 0 0.639334
 0 0.639334
 0 0.639335
 0 0.639338
 0 0.639338
 0 0.639346
 0 0.639395
 0 0.639395
 0 0.639401
 0 0.639402
 0 0.639402
 0 0.639406
 0 0.639406
 0 0.63941
 0 0.639413
 0 0.639414
 0 0.639414
 0 0.639414
 0 0.639415
 0 0.639438
 0 0.639438
 0 0.639439
 0 0.63944
 0 0.639445
 0 0.639445
 0 0.639451
 0 0.639451
 0 0.639452
 0 0.639452
 0 0.639453
 0 0.639454
 0 0.639454
 0 0.639454
 0 0.639455
 0 0.639455
 0 0.639457
 0 0.639459
 0 0.63946
 0 0.639491
 0 0.639493
 0 0.639497
 0 0.6395
 0 0.639515
 0 0.639522
 0 0.639523
 0 0.639532
 0 0.639551
 0 0.639555
 0 0.639555
 0 0.63956
 0 0.639561
 0 0.639567
 0 0.63958
 0 0.63958
 0 0.639611
 0 0.639611
 0 0.639633
 0 0.63964
 0 0.639654
 0 0.639663
 0 0.639677
 0 0.63968
 0 0.63971
 0 0.639724
 0 0.639724
 0 0.639724
 0 0.639745
 0 0.639748
 0 0.63976
 0 0.639761
 0 0.639794
 0 0.639852
 0 0.639853
 0 0.639854
 0 0.639854
 0 0.639864
 0 0.639864
 0 0.639864
 0 0.639869
 0 0.639873
 0 0.639873
 0 0.639894
 0 0.639894
 0 0.639895
 0 0.639899
 0 0.639899
 0 0.639907
 0 0.639907
 0 0.639933
 0 0.639934
 0 0.639957
 0 0.639959
 0 0.639959
 0 0.639959
 0 0.639984
 0 0.639984
 0 0.639989
 0 0.63999
 0 0.639991
 0 0.640014
 0 0.640015
 0 0.640036
 0 0.640042
 0 0.640055
 0 0.640055
 0 0.640055
 0 0.640055
 0 0.640056
 0 0.640065
 0 0.640076
 0 0.640076
 0 0.640077
 0 0.640082
 0 0.640083
 0 0.64011
 0 0.640112
 0 0.640112
 0 0.640113
 0 0.640113
 0 0.640113
 0 0.640114
 0 0.640123
 0 0.64013
 0 0.640131
 0 0.640135
 0 0.640136
 0 0.640136
 0 0.640137
 0 0.64016
 0 0.640161
 0 0.640161
 0 0.640161
 0 0.640179
 0 0.640179
 0 0.640181
 0 0.640195
 0 0.640198
 0 0.640198
 0 0.640202
 0 0.640224
 0 0.640224
 0 0.640241
 0 0.640252
 0 0.64028
 0 0.64028
 0 0.640285
 0 0.640285
 0 0.640286
 0 0.640293
 0 0.640295
 0 0.64032
 0 0.640339
 0 0.640341
 0 0.640341
 0 0.640344
 0 0.640344
 0 0.640353
 0 0.640388
 0 0.64039
 0 0.640392
 0 0.640417
 0 0.640417
 0 0.640424
 0 0.640436
 0 0.640438
 0 0.640446
 0 0.640455
 0 0.640472
 0 0.640472
 0 0.640503
 0 0.640505
 0 0.640535
 0 0.640535
 0 0.640539
 0 0.640539
 0 0.640539
 0 0.64054
 0 0.64054
 0 0.640559
 0 0.64056
 0 0.640582
 0 0.640583
 0 0.640583
 0 0.640584
 0 0.640584
 0 0.640589
 0 0.640589
 0 0.64059
 0 0.640593
 0 0.640593
 0 0.640601
 0 0.640602
 0 0.640603
 0 0.640603
 0 0.640603
 0 0.640604
 0 0.640605
 0 0.640605
 0 0.640654
 0 0.640705
 0 0.640717
 0 0.640754
 0 0.640756
 0 0.640756
 0 0.640756
 0 0.640756
 0 0.640757
 0 0.640757
 0 0.640757
 0 0.640758
 0 0.640827
 0 0.640829
 0 0.640829
 0 0.64083
 0 0.640831
 0 0.640831
 0 0.640837
 0 0.64084
 0 0.640855
 0 0.640879
 0 0.640895
 0 0.640895
 0 0.6409
 0 0.640903
 0 0.640938
 0 0.640941
 0 0.640975
 0 0.640975
 0 0.640975
 0 0.640975
 0 0.640976
 0 0.641004
 0 0.641004
 0 0.641004
 0 0.641048
 0 0.641057
 0 0.641058
 0 0.64106
 0 0.64106
 0 0.641069
 0 0.64107
 0 0.641072
 0 0.641073
 0 0.641108
 0 0.641138
 0 0.641138
 0 0.64121
 0 0.641213
 0 0.641325
 0 0.641326
 0 0.64133
 0 0.641384
 0 0.641385
 0 0.641396
 0 0.641396
 0 0.641396
 0 0.641396
 0 0.641397
 0 0.641397
 0 0.641449
 0 0.641475
 0 0.641479
 0 0.64148
 0 0.641484
 0 0.641487
 0 0.641532
 0 0.641532
 0 0.641553
 0 0.641553
 0 0.641584
 0 0.64162
 0 0.64168
 0 0.641682
 0 0.641719
 0 0.641733
 0 0.641762
 0 0.641763
 0 0.641775
 0 0.641832
 0 0.641837
 0 0.641871
 0 0.641871
 0 0.641872
 0 0.641874
 0 0.641891
 0 0.64196
 0 0.642001
 0 0.642218
 0 0.642218
 0 0.642223
 0 0.642327
 0 0.642354
 0 0.642377
 0 0.642379
 0 0.642405
 0 0.642405
 0 0.642462
 0 0.642467
 0 0.642573
 0 0.642732
 0 0.642767
 0 0.642988
 0 0.642995
 0 0.643112
 0 0.643112
 0 0.643182
 0 0.643182
 0 0.643218
 0 0.643268
 0 0.643268
 0 0.643268
 0 0.643269
 0 0.643607
 0 0.643607
 0 0.644272
 0 0.644273
 0 0.644753
 0 0.644753
 0 0.644941
 0 0.645421
 0 3.28539
 0 3.28575
 0 3.28576
 0 3.28583
 0 3.28583
 0 3.28668
 0 inf
