 0 0.490557
 0 0.491432
 0 0.491432
 0 0.491648
 0 0.491866
 0 0.491866
 0 0.495519
 0 0.495519
 0 0.49638
 0 0.496433
 0 0.496433
 0 0.496434
 0 0.599166
 0 0.599636
 0 0.599636
 0 0.59995
 0 0.59995
 0 0.600203
 0 0.609057
 0 0.609494
 0 0.609597
 0 0.609597
 0 0.610033
 0 0.610033
 0 0.61134
 0 0.611526
 0 0.611526
 0 0.611526
 0 0.611526
 0 0.611527
 0 0.613295
 0 0.613295
 0 0.613296
 0 0.613628
 0 0.613982
 0 0.614187
 0 0.614189
 0 0.614294
 0 0.614295
 0 0.614365
 0 0.614996
 0 0.614998
 0 0.615722
 0 0.615722
 0 0.616338
 0 0.617026
 0 0.617026
 0 0.617026
 0 0.617229
 0 0.618051
 0 0.618958
 0 0.618958
 0 0.618958
 0 0.618958
 0 0.618958
 0 0.619036
 0 0.619036
 0 0.619052
 0 0.619207
 0 0.619207
 0 0.619374
 0 0.619374
 0 0.619374
 0 0.619376
 0 0.619421
 0 0.619513
 0 0.619513
 0 0.619513
 0 0.619614
 0 0.619614
 0 0.619662
 0 0.619663
 0 0.619663
 0 0.619735
 0 0.619737
 0 0.620184
 0 0.620185
 0 0.620185
 0 0.620185
 0 0.620241
 0 0.620241
 0 0.620423
 0 0.620785
 0 0.620785
 0 0.621602
 0 0.621602
 0 0.622078
 0 0.622078
 0 0.622078
 0 0.622332
 0 0.622332
 0 0.622332
 0 0.622493
 0 0.622494
 0 0.622494
 0 0.622741
 0 0.622741
 0 0.622742
 0 0.622885
 0 0.623186
 0 0.623465
 0 0.623465
 0 0.623467
 0 0.623491
 0 0.623491
 0 0.623494
 0 0.623494
 0 0.623495
 0 0.623719
 0 0.623927
 0 0.623927
 0 0.623927
 0 0.623992
 0 0.623992
 0 0.623992
 0 0.623992
 0 0.623993
 0 0.623993
 0 0.623994
 0 0.624263
 0 0.624265
 0 0.624372
 0 0.624373
 0 0.624479
 0 0.624515
 0 0.624515
 0 0.624547
 0 0.624547
 0 0.624555
 0 0.624555
 0 0.624555
 0 0.624555
 0 0.624713
 0 0.624713
 0 0.624713
 0 0.624714
 0 0.624714
 0 0.624723
 0 0.624726
 0 0.624728
 0 0.624728
 0 0.624728
 0 0.624728
 0 0.624741
 0 0.624936
 0 0.625081
 0 0.625081
 0 0.625397
 0 0.625476
 0 0.625476
 0 0.625477
 0 0.625477
 0 0.625732
 0 0.625732
 0 0.625732
 0 0.625733
 0 0.625734
 0 0.625734
 0 0.625845
 0 0.625845
 0 0.625845
 0 0.625864
 0 0.625864
 0 0.625877
 0 0.625877
 0 0.625932
 0 0.625934
 0 0.625934
 0 0.626025
 0 0.626084
 0 0.626114
 0 0.626114
 0 0.626179
 0 0.626192
 0 0.626193
 0 0.626193
 0 0.626271
 0 0.626288
 0 0.626304
 0 0.626304
 0 0.626368
 0 0.626412
 0 0.626412
 0 0.626414
 0 0.626525
 0 0.626547
 0 0.626586
 0 0.626586
 0 0.626638
 0 0.626639
 0 0.626653
 0 0.626677
 0 0.626741
 0 0.626741
 0 0.626741
 0 0.626816
 0 0.627012
 0 0.627012
 0 0.627039
 0 0.62704
 0 0.627061
 0 0.627061
 0 0.627112
 0 0.627112
 0 0.627113
 0 0.627144
 0 0.627233
 0 0.627233
 0 0.627233
 0 0.627418
 0 0.627418
 0 0.627465
 0 0.627466
 0 0.627609
 0 0.62761
 0 0.62761
 0 0.627611
 0 0.627666
 0 0.627668
 0 0.627695
 0 0.627695
 0 0.627941
 0 0.627959
 0 0.627959
 0 0.62796
 0 0.62798
 0 0.628123
 0 0.628123
 0 0.62825
 0 0.62825
 0 0.62825
 0 0.628261
 0 0.628262
 0 0.628264
 0 0.628266
 0 0.628276
 0 0.628276
 0 0.628394
 0 0.628394
 0 0.628398
 0 0.628398
 0 0.628399
 0 0.628418
 0 0.628487
 0 0.628487
 0 0.628514
 0 0.628559
 0 0.628559
 0 0.628659
 0 0.628723
 0 0.628734
 0 0.629004
 0 0.629004
 0 0.629004
 0 0.629051
 0 0.629051
 0 0.629051
 0 0.629131
 0 0.629184
 0 0.629186
 0 0.629186
 0 0.629186
 0 0.629186
 0 0.629187
 0 0.629216
 0 0.629216
 0 0.629249
 0 0.629249
 0 0.629254
 0 0.629256
 0 0.629278
 0 0.62929
 0 0.629312
 0 0.629343
 0 0.629344
 0 0.629344
 0 0.629344
 0 0.629344
 0 0.62937
 0 0.629409
 0 0.629414
 0 0.629414
 0 0.629416
 0 0.629416
 0 0.629619
 0 0.629646
 0 0.629657
 0 0.629702
 0 0.629732
 0 0.629736
 0 0.629747
 0 0.629785
 0 0.629792
 0 0.629792
 0 0.629792
 0 0.629795
 0 0.629795
 0 0.629796
 0 0.629796
 0 0.629796
 0 0.629805
 0 0.629864
 0 0.629864
 0 0.629864
 0 0.629895
 0 0.629897
 0 0.629927
 0 0.62994
 0 0.629953
 0 0.629954
 0 0.630074
 0 0.630099
 0 0.6301
 0 0.6301
 0 0.6301
 0 0.630189
 0 0.63019
 0 0.630215
 0 0.630215
 0 0.630215
 0 0.630268
 0 0.630268
 0 0.63028
 0 0.630338
 0 0.630338
 0 0.63034
 0 0.63034
 0 0.63034
 0 0.63034
 0 0.63034
 0 0.630412
 0 0.630413
 0 0.630413
 0 0.630426
 0 0.630426
 0 0.630442
 0 0.630442
 0 0.630442
 0 0.630443
 0 0.630443
 0 0.630459
 0 0.630487
 0 0.630487
 0 0.630489
 0 0.630496
 0 0.630496
 0 0.630503
 0 0.630503
 0 0.630524
 0 0.630524
 0 0.630524
 0 0.630525
 0 0.630549
 0 0.630549
 0 0.630551
 0 0.630551
 0 0.630564
 0 0.630564
 0 0.630573
 0 0.630583
 0 0.630583
 0 0.630621
 0 0.630622
 0 0.630622
 0 0.630625
 0 0.630639
 0 0.63064
 0 0.630655
 0 0.630655
 0 0.630655
 0 0.630655
 0 0.630706
 0 0.630706
 0 0.630706
 0 0.630736
 0 0.630737
 0 0.6308
 0 0.63081
 0 0.63081
 0 0.630812
 0 0.630813
 0 0.630813
 0 0.630818
 0 0.630818
 0 0.630828
 0 0.630829
 0 0.630829
 0 0.630829
 0 0.63083
 0 0.630839
 0 0.630841
 0 0.630843
 0 0.630843
 0 0.630868
 0 0.630868
 0 0.630869
 0 0.630871
 0 0.630914
 0 0.630949
 0 0.630949
 0 0.63097
 0 0.630972
 0 0.631007
 0 0.631025
 0 0.631073
 0 0.631096
 0 0.631134
 0 0.631146
 0 0.631146
 0 0.631147
 0 0.631152
 0 0.631152
 0 0.631154
 0 0.631154
 0 0.631196
 0 0.631199
 0 0.63127
 0 0.63127
 0 0.631271
 0 0.631297
 0 0.631298
 0 0.631305
 0 0.631342
 0 0.631356
 0 0.631356
 0 0.63137
 0 0.631371
 0 0.631437
 0 0.631439
 0 0.631439
 0 0.631482
 0 0.631498
 0 0.631516
 0 0.631517
 0 0.631544
 0 0.631544
 0 0.631545
 0 0.631545
 0 0.631546
 0 0.631585
 0 0.631596
 0 0.631597
 0 0.631613
 0 0.631615
 0 0.631615
 0 0.63164
 0 0.63164
 0 0.631702
 0 0.631702
 0 0.631703
 0 0.631703
 0 0.631741
 0 0.631742
 0 0.631742
 0 0.631742
 0 0.631773
 0 0.631773
 0 0.631773
 0 0.631801
 0 0.63184
 0 0.631847
 0 0.631889
 0 0.63189
 0 0.63189
 0 0.631891
 0 0.631945
 0 0.63196
 0 0.63196
 0 0.631961
 0 0.631961
 0 0.63198
 0 0.631982
 0 0.631983
 0 0.631985
 0 0.631985
 0 0.632034
 0 0.632035
 0 0.632057
 0 0.632058
 0 0.632058
 0 0.632058
 0 0.63209
 0 0.63209
 0 0.632129
 0 0.63213
 0 0.632131
 0 0.632141
 0 0.632141
 0 0.632141
 0 0.632142
 0 0.632172
 0 0.632172
 0 0.632173
 0 0.632173
 0 0.632185
 0 0.632185
 0 0.632186
 0 0.632211
 0 0.632235
 0 0.632235
 0 0.632236
 0 0.632246
 0 0.632246
 0 0.632246
 0 0.632306
 0 0.632307
 0 0.632307
 0 0.632311
 0 0.632311
 0 0.632404
 0 0.632404
 0 0.632427
 0 0.632427
 0 0.632429
 0 0.63244
 0 0.63244
 0 0.632451
 0 0.632452
 0 0.632452
 0 0.632478
 0 0.632478
 0 0.632508
 0 0.632508
 0 0.632541
 0 0.632542
 0 0.632542
 0 0.632542
 0 0.632552
 0 0.632552
 0 0.632564
 0 0.63258
 0 0.632581
 0 0.63266
 0 0.632665
 0 0.632665
 0 0.632665
 0 0.632757
 0 0.632758
 0 0.632808
 0 0.632809
 0 0.632809
 0 0.632864
 0 0.632865
 0 0.632883
 0 0.632888
 0 0.632888
 0 0.632888
 0 0.632888
 0 0.632909
 0 0.632966
 0 0.632983
 0 0.632985
 0 0.632985
 0 0.63299
 0 0.632991
 0 0.633048
 0 0.633052
 0 0.633054
 0 0.633058
 0 0.633058
 0 0.63311
 0 0.633139
 0 0.63314
 0 0.633141
 0 0.633141
 0 0.633185
 0 0.633193
 0 0.633193
 0 0.633194
 0 0.633199
 0 0.633199
 0 0.633203
 0 0.633206
 0 0.633269
 0 0.633269
 0 0.633276
 0 0.633276
 0 0.633286
 0 0.633286
 0 0.633309
 0 0.63333
 0 0.633334
 0 0.633368
 0 0.633368
 0 0.63337
 0 0.633391
 0 0.633396
 0 0.633426
 0 0.633426
 0 0.633439
 0 0.633452
 0 0.633452
 0 0.633482
 0 0.633482
 0 0.633484
 0 0.633484
 0 0.633484
 0 0.63351
 0 0.63351
 0 0.63355
 0 0.633551
 0 0.633574
 0 0.633575
 0 0.633575
 0 0.633575
 0 0.633575
 0 0.63362
 0 0.633631
 0 0.633633
 0 0.633633
 0 0.633634
 0 0.633634
 0 0.633648
 0 0.633677
 0 0.633677
 0 0.633677
 0 0.633678
 0 0.633686
 0 0.633708
 0 0.633708
 0 0.633708
 0 0.633718
 0 0.633726
 0 0.633726
 0 0.633729
 0 0.633738
 0 0.633738
 0 0.633739
 0 0.633739
 0 0.63374
 0 0.63374
 0 0.633741
 0 0.63377
 0 0.63377
 0 0.633774
 0 0.633775
 0 0.633775
 0 0.63378
 0 0.633803
 0 0.633804
 0 0.63381
 0 0.633814
 0 0.633834
 0 0.633866
 0 0.633872
 0 0.633875
 0 0.633875
 0 0.633893
 0 0.633904
 0 0.633904
 0 0.633962
 0 0.633975
 0 0.633975
 0 0.633993
 0 0.633993
 0 0.634006
 0 0.634014
 0 0.634038
 0 0.63404
 0 0.6341
 0 0.6341
 0 0.634163
 0 0.63418
 0 0.634181
 0 0.634187
 0 0.634188
 0 0.634188
 0 0.63423
 0 0.634231
 0 0.634231
 0 0.634231
 0 0.634231
 0 0.634245
 0 0.634268
 0 0.634286
 0 0.634288
 0 0.634308
 0 0.634308
 0 0.634309
 0 0.634314
 0 0.634327
 0 0.634327
 0 0.634426
 0 0.634426
 0 0.634427
 0 0.634427
 0 0.634431
 0 0.634431
 0 0.634437
 0 0.63444
 0 0.63444
 0 0.634514
 0 0.634523
 0 0.634573
 0 0.6346
 0 0.634614
 0 0.634614
 0 0.634697
 0 0.634697
 0 0.634699
 0 0.634728
 0 0.634729
 0 0.634738
 0 0.634751
 0 0.634767
 0 0.634767
 0 0.634769
 0 0.634771
 0 0.634787
 0 0.634849
 0 0.634849
 0 0.634853
 0 0.634859
 0 0.634862
 0 0.634875
 0 0.634875
 0 0.634875
 0 0.634907
 0 0.63492
 0 0.634921
 0 0.634921
 0 0.634921
 0 0.634935
 0 0.634935
 0 0.63495
 0 0.634979
 0 0.63498
 0 0.635003
 0 0.635003
 0 0.635032
 0 0.635032
 0 0.635032
 0 0.635054
 0 0.635055
 0 0.635055
 0 0.635084
 0 0.635085
 0 0.635089
 0 0.63509
 0 0.635097
 0 0.63513
 0 0.635131
 0 0.635131
 0 0.635133
 0 0.63518
 0 0.635199
 0 0.6352
 0 0.635237
 0 0.63529
 0 0.635318
 0 0.635318
 0 0.635337
 0 0.635338
 0 0.63535
 0 0.63537
 0 0.63537
 0 0.63537
 0 0.635375
 0 0.635381
 0 0.635385
 0 0.635385
 0 0.635385
 0 0.635412
 0 0.635419
 0 0.635423
 0 0.635423
 0 0.635423
 0 0.635423
 0 0.635425
 0 0.635479
 0 0.635492
 0 0.635492
 0 0.635492
 0 0.635492
 0 0.635518
 0 0.635518
 0 0.635518
 0 0.635518
 0 0.635518
 0 0.635519
 0 0.635519
 0 0.63552
 0 0.63552
 0 0.635527
 0 0.635564
 0 0.635605
 0 0.635605
 0 0.635607
 0 0.635607
 0 0.635612
 0 0.635613
 0 0.635613
 0 0.635613
 0 0.635614
 0 0.635624
 0 0.635629
 0 0.63565
 0 0.63565
 0 0.63565
 0 0.63565
 0 0.63565
 0 0.635652
 0 0.635664
 0 0.635664
 0 0.635664
 0 0.6357
 0 0.635714
 0 0.635727
 0 0.635733
 0 0.635735
 0 0.635744
 0 0.635745
 0 0.635747
 0 0.635781
 0 0.635782
 0 0.635782
 0 0.635821
 0 0.635821
 0 0.635842
 0 0.635842
 0 0.635845
 0 0.635845
 0 0.635845
 0 0.635845
 0 0.635845
 0 0.635863
 0 0.635863
 0 0.635884
 0 0.635894
 0 0.635901
 0 0.635933
 0 0.635937
 0 0.635937
 0 0.635964
 0 0.635964
 0 0.635965
 0 0.635977
 0 0.635977
 0 0.635978
 0 0.635991
 0 0.635992
 0 0.635992
 0 0.635992
 0 0.636046
 0 0.636057
 0 0.636058
 0 0.636058
 0 0.63607
 0 0.636074
 0 0.636157
 0 0.636162
 0 0.636162
 0 0.636162
 0 0.636162
 0 0.636162
 0 0.63617
 0 0.63617
 0 0.636171
 0 0.636171
 0 0.636187
 0 0.636202
 0 0.636223
 0 0.636223
 0 0.636226
 0 0.636226
 0 0.636226
 0 0.636226
 0 0.636227
 0 0.636246
 0 0.636247
 0 0.636267
 0 0.636269
 0 0.636269
 0 0.636271
 0 0.636271
 0 0.63628
 0 0.636283
 0 0.636285
 0 0.636291
 0 0.636293
 0 0.636331
 0 0.636348
 0 0.636378
 0 0.636378
 0 0.636383
 0 0.636384
 0 0.636411
 0 0.636411
 0 0.636417
 0 0.636425
 0 0.636425
 0 0.636425
 0 0.636466
 0 0.636515
 0 0.636516
 0 0.636516
 0 0.636523
 0 0.636545
 0 0.636545
 0 0.636551
 0 0.636551
 0 0.636551
 0 0.636554
 0 0.636554
 0 0.636554
 0 0.636588
 0 0.636623
 0 0.636636
 0 0.636667
 0 0.636684
 0 0.636745
 0 0.636746
 0 0.636762
 0 0.636762
 0 0.636768
 0 0.636769
 0 0.636769
 0 0.636769
 0 0.636819
 0 0.636819
 0 0.63682
 0 0.636834
 0 0.636835
 0 0.636835
 0 0.636871
 0 0.636899
 0 0.636899
 0 0.636899
 0 0.6369
 0 0.6369
 0 0.636919
 0 0.636936
 0 0.636937
 0 0.636946
 0 0.636946
 0 0.636947
 0 0.63695
 0 0.636951
 0 0.636951
 0 0.636951
 0 0.636983
 0 0.636983
 0 0.636984
 0 0.637031
 0 0.637031
 0 0.637031
 0 0.637031
 0 0.637035
 0 0.637066
 0 0.637067
 0 0.637067
 0 0.637067
 0 0.637067
 0 0.637096
 0 0.637098
 0 0.637098
 0 0.637106
 0 0.637107
 0 0.637116
 0 0.637211
 0 0.637212
 0 0.637242
 0 0.63725
 0 0.63725
 0 0.63726
 0 0.63726
 0 0.637289
 0 0.637289
 0 0.63729
 0 0.637299
 0 0.637346
 0 0.637347
 0 0.637404
 0 0.637411
 0 0.637441
 0 0.637442
 0 0.637442
 0 0.637476
 0 0.637477
 0 0.637477
 0 0.637477
 0 0.637498
 0 0.637499
 0 0.637528
 0 0.637535
 0 0.637547
 0 0.637554
 0 0.637554
 0 0.637554
 0 0.637554
 0 0.637555
 0 0.637555
 0 0.637561
 0 0.637568
 0 0.637574
 0 0.637626
 0 0.637628
 0 0.637646
 0 0.637664
 0 0.637677
 0 0.637699
 0 0.637712
 0 0.637714
 0 0.637735
 0 0.637735
 0 0.63775
 0 0.63775
 0 0.63775
 0 0.63775
 0 0.637751
 0 0.637751
 0 0.637757
 0 0.637782
 0 0.637782
 0 0.637788
 0 0.63779
 0 0.63779
 0 0.63779
 0 0.63779
 0 0.63781
 0 0.63781
 0 0.637816
 0 0.637817
 0 0.637859
 0 0.637859
 0 0.637859
 0 0.637859
 0 0.637876
 0 0.637876
 0 0.637876
 0 0.637876
 0 0.6379
 0 0.6379
 0 0.6379
 0 0.637916
 0 0.637993
 0 0.638027
 0 0.638027
 0 0.638043
 0 0.638043
 0 0.638043
 0 0.63805
 0 0.638059
 0 0.638059
 0 0.638087
 0 0.638125
 0 0.638125
 0 0.638125
 0 0.638125
 0 0.638157
 0 0.638159
 0 0.638201
 0 0.638204
 0 0.638208
 0 0.638208
 0 0.638233
 0 0.638255
 0 0.638255
 0 0.638271
 0 0.638318
 0 0.638318
 0 0.638318
 0 0.638318
 0 0.638327
 0 0.638339
 0 0.638339
 0 0.638343
 0 0.638349
 0 0.638363
 0 0.638364
 0 0.638364
 0 0.638368
 0 0.638368
 0 0.638368
 0 0.638368
 0 0.638378
 0 0.638379
 0 0.638392
 0 0.638392
 0 0.638393
 0 0.638393
 0 0.638408
 0 0.638417
 0 0.638417
 0 0.638444
 0 0.638449
 0 0.63845
 0 0.638462
 0 0.638468
 0 0.638514
 0 0.638514
 0 0.63852
 0 0.63852
 0 0.638528
 0 0.638528
 0 0.638577
 0 0.638621
 0 0.638621
 0 0.638634
 0 0.638634
 0 0.638635
 0 0.638635
 0 0.638647
 0 0.638705
 0 0.638707
 0 0.638725
 0 0.638816
 0 0.638816
 0 0.638818
 0 0.638818
 0 0.638818
 0 0.63882
 0 0.63882
 0 0.638862
 0 0.638875
 0 0.638888
 0 0.638888
 0 0.638948
 0 0.639055
 0 0.639068
 0 0.639068
 0 0.639069
 0 0.63907
 0 0.639088
 0 0.639088
 0 0.639088
 0 0.639089
 0 0.639089
 0 0.639095
 0 0.639096
 0 0.639097
 0 0.639098
 0 0.639133
 0 0.639133
 0 0.639147
 0 0.639147
 0 0.639152
 0 0.639152
 0 0.639188
 0 0.639213
 0 0.639229
 0 0.639229
 0 0.63923
 0 0.63923
 0 0.639265
 0 0.639266
 0 0.639282
 0 0.639298
 0 0.639298
 0 0.639333
 0 0.639391
 0 0.639391
 0 0.639391
 0 0.639391
 0 0.639395
 0 0.639411
 0 0.639411
 0 0.639454
 0 0.639498
 0 0.639503
 0 0.639503
 0 0.639505
 0 0.639511
 0 0.639511
 0 0.639539
 0 0.639539
 0 0.639539
 0 0.639551
 0 0.639573
 0 0.639573
 0 0.639586
 0 0.639594
 0 0.639595
 0 0.639609
 0 0.639609
 0 0.63961
 0 0.639611
 0 0.639611
 0 0.639613
 0 0.639623
 0 0.639623
 0 0.639624
 0 0.639628
 0 0.639631
 0 0.639632
 0 0.639632
 0 0.63967
 0 0.639671
 0 0.639734
 0 0.639736
 0 0.639831
 0 0.639859
 0 0.63986
 0 0.639904
 0 0.639904
 0 0.639904
 0 0.639904
 0 0.639933
 0 0.639933
 0 0.639942
 0 0.639942
 0 0.639942
 0 0.639946
 0 0.639946
 0 0.639946
 0 0.639946
 0 0.639947
 0 0.639949
 0 0.639957
 0 0.639957
 0 0.639973
 0 0.639998
 0 0.639998
 0 0.640029
 0 0.640035
 0 0.640036
 0 0.640038
 0 0.640038
 0 0.640077
 0 0.640096
 0 0.640096
 0 0.640111
 0 0.640118
 0 0.640118
 0 0.640118
 0 0.640119
 0 0.64015
 0 0.640151
 0 0.640157
 0 0.640161
 0 0.640161
 0 0.640161
 0 0.640162
 0 0.640182
 0 0.640182
 0 0.640183
 0 0.640186
 0 0.640196
 0 0.640223
 0 0.640224
 0 0.640252
 0 0.640253
 0 0.640253
 0 0.64029
 0 0.640291
 0 0.640306
 0 0.640307
 0 0.640308
 0 0.640376
 0 0.640376
 0 0.640378
 0 0.640378
 0 0.640392
 0 0.640394
 0 0.640417
 0 0.640418
 0 0.64045
 0 0.640451
 0 0.640465
 0 0.640491
 0 0.640534
 0 0.640554
 0 0.640554
 0 0.640554
 0 0.640572
 0 0.640576
 0 0.640576
 0 0.640577
 0 0.640596
 0 0.640632
 0 0.640636
 0 0.640641
 0 0.640641
 0 0.640684
 0 0.640684
 0 0.640685
 0 0.640714
 0 0.640734
 0 0.640769
 0 0.640789
 0 0.640789
 0 0.640789
 0 0.640789
 0 0.640926
 0 0.640926
 0 0.640958
 0 0.640972
 0 0.640972
 0 0.641035
 0 0.64104
 0 0.64104
 0 0.641087
 0 0.641088
 0 0.641097
 0 0.641097
 0 0.641113
 0 0.641125
 0 0.641153
 0 0.641154
 0 0.641154
 0 0.641156
 0 0.641156
 0 0.64116
 0 0.64119
 0 0.641263
 0 0.641265
 0 0.641265
 0 0.641356
 0 0.641356
 0 0.641356
 0 0.641356
 0 0.641357
 0 0.641357
 0 0.64145
 0 0.641643
 0 0.641759
 0 0.641777
 0 0.641777
 0 0.641778
 0 0.641967
 0 0.642074
 0 0.642075
 0 0.642248
 0 0.64226
 0 0.64226
 0 0.64226
 0 0.642262
 0 0.6423
 0 0.6423
 0 0.6423
 0 0.642301
 0 0.642393
 0 0.642393
 0 0.642393
 0 0.642424
 0 0.642424
 0 0.642516
 0 0.642579
 0 0.642602
 0 0.642602
 0 0.642696
 0 0.642934
 0 0.642934
 0 0.643023
 0 0.643141
 0 0.643189
 0 0.643249
 0 0.643249
 0 0.643249
 0 0.643284
 0 0.643405
 0 0.643444
 0 0.643468
 0 0.643678
 0 0.643678
 0 0.643868
 0 0.643868
 0 0.643868
 0 0.643872
 0 0.643872
 0 0.643892
 0 0.643892
 0 0.643892
 0 0.643892
 0 0.643926
 0 0.643926
 0 0.643926
 0 0.643967
 0 0.643967
 0 0.644013
 0 0.644013
 0 0.644014
 0 0.644023
 0 0.644071
 0 0.644076
 0 0.644225
 0 0.644255
 0 0.644255
 0 0.644352
 0 0.644405
 0 0.644405
 0 0.644406
 0 0.644406
 0 0.644406
 0 0.644464
 0 0.644501
 0 0.644502
 0 0.644612
 0 0.644615
 0 0.644615
 0 0.644669
 0 0.644678
 0 0.644678
 0 0.644922
 0 0.644977
 0 0.644978
 0 0.64515
 0 0.645155
 0 0.645155
 0 0.64518
 0 0.645181
 0 0.645181
 0 0.645182
 0 0.645317
 0 0.645318
 0 0.645329
 0 0.645329
 0 0.64533
 0 0.64536
 0 0.64536
 0 0.645599
 0 0.6456
 0 0.646134
 0 0.646134
 0 0.646158
 0 0.646159
 0 0.646172
 0 0.646178
 0 0.646179
 0 0.646179
 0 0.646181
 0 0.646205
 0 0.646205
 0 0.646206
 0 0.64621
 0 0.64624
 0 0.64624
 0 0.646299
 0 0.6463
 0 0.64633
 0 0.646335
 0 0.646491
 0 0.646491
 0 0.646491
 0 0.646503
 0 0.646503
 0 0.646864
 0 0.646865
 0 0.646931
 0 0.646931
 0 0.646995
 0 0.64709
 0 0.64709
 0 0.64709
 0 0.647125
 0 0.647125
 0 0.647125
 0 0.64715
 0 0.647238
 0 0.647303
 0 0.647334
 0 0.647335
 0 0.647336
 0 0.647337
 0 0.647448
 0 0.647525
 0 0.647731
 0 0.647732
 0 0.647795
 0 0.647819
 0 0.647819
 0 0.647976
 0 0.647976
 0 0.648058
 0 0.648261
 0 0.648261
 0 0.648449
 0 0.648463
 0 0.648652
 0 0.648691
 0 0.648748
 0 0.648756
 0 0.648929
 0 0.648981
 0 0.648981
 0 0.649207
 0 0.649207
 0 0.649394
 0 0.649394
 0 0.649519
 0 0.649724
 0 0.649949
 0 0.649949
 0 0.649986
 0 0.649987
 0 0.649987
 0 0.649987
 0 0.650045
 0 0.650447
 0 0.650447
 0 0.651129
 0 0.651129
 0 0.651155
 0 0.651302
 0 0.651303
 0 0.651303
 0 0.651303
 0 0.651836
 0 0.652277
 0 0.652277
 0 0.653021
 0 0.653252
 0 0.653252
 0 0.653318
 0 0.653318
 0 0.653319
 0 0.653391
 0 0.653392
 0 0.653428
 0 0.653428
 0 0.653429
 0 0.654404
 0 0.659244
 0 0.660184
 0 0.660184
 0 0.660522
 0 0.660523
 0 0.660524
 0 0.662632
 0 0.662632
 0 0.662817
 0 0.663596
 0 0.663597
 0 0.663597
 0 0.664849
 0 0.664849
 0 0.664849
 0 0.665183
 0 0.665183
 0 0.666113
 0 0.666206
 0 0.666441
 0 0.666443
 0 0.66672
 0 0.667374
 0 0.667376
 0 0.668241
 0 0.668241
 0 0.668478
 0 0.669055
 0 0.669055
 0 0.669056
 0 inf
