 0 0.489443
 0 0.489883
 0 0.490307
 0 0.490307
 0 0.490746
 0 0.490746
 0 0.499254
 0 0.499254
 0 0.499254
 0 0.49968
 0 0.49968
 0 0.499681
 0 0.625327
 0 0.625806
 0 0.625807
 0 0.625807
 0 0.625807
 0 0.625807
 0 0.625807
 0 0.625835
 0 0.625836
 0 0.626042
 0 0.626043
 0 0.626043
 0 0.626184
 0 0.626184
 0 0.626339
 0 0.626446
 0 0.626446
 0 0.626446
 0 0.626446
 0 0.62652
 0 0.626521
 0 0.626521
 0 0.626521
 0 0.6269
 0 0.626901
 0 0.626902
 0 0.62706
 0 0.627061
 0 0.627433
 0 0.627434
 0 0.627434
 0 0.627434
 0 0.627434
 0 0.627437
 0 0.627437
 0 0.627437
 0 0.627443
 0 0.627443
 0 0.627445
 0 0.627445
 0 0.627506
 0 0.627529
 0 0.62753
 0 0.627588
 0 0.627741
 0 0.627753
 0 0.627754
 0 0.627754
 0 0.627826
 0 0.628023
 0 0.628053
 0 0.628106
 0 0.628208
 0 0.628208
 0 0.628208
 0 0.62839
 0 0.62839
 0 0.628397
 0 0.628397
 0 0.628401
 0 0.628403
 0 0.628403
 0 0.628461
 0 0.628497
 0 0.628497
 0 0.628497
 0 0.628497
 0 0.62861
 0 0.628798
 0 0.628798
 0 0.628804
 0 0.628804
 0 0.628841
 0 0.628842
 0 0.6289
 0 0.628942
 0 0.628943
 0 0.628943
 0 0.629036
 0 0.62906
 0 0.629127
 0 0.629127
 0 0.629127
 0 0.629128
 0 0.629164
 0 0.629181
 0 0.629185
 0 0.629187
 0 0.6292
 0 0.629232
 0 0.629232
 0 0.62926
 0 0.629261
 0 0.629327
 0 0.629327
 0 0.629328
 0 0.629352
 0 0.629355
 0 0.629364
 0 0.629364
 0 0.629413
 0 0.629413
 0 0.629415
 0 0.629415
 0 0.629416
 0 0.629416
 0 0.629416
 0 0.629416
 0 0.629432
 0 0.629433
 0 0.629464
 0 0.629465
 0 0.629465
 0 0.629499
 0 0.629499
 0 0.629525
 0 0.629593
 0 0.629593
 0 0.629593
 0 0.629606
 0 0.62963
 0 0.629635
 0 0.629684
 0 0.629703
 0 0.629703
 0 0.629703
 0 0.629703
 0 0.629746
 0 0.629747
 0 0.629763
 0 0.629764
 0 0.629784
 0 0.629784
 0 0.629823
 0 0.629824
 0 0.629888
 0 0.629891
 0 0.629897
 0 0.629898
 0 0.629916
 0 0.629917
 0 0.629918
 0 0.629947
 0 0.629952
 0 0.629962
 0 0.629963
 0 0.629984
 0 0.630011
 0 0.63004
 0 0.630042
 0 0.630075
 0 0.630086
 0 0.630089
 0 0.63009
 0 0.630091
 0 0.630094
 0 0.630094
 0 0.630094
 0 0.630099
 0 0.630099
 0 0.6301
 0 0.630139
 0 0.630139
 0 0.630139
 0 0.630164
 0 0.630164
 0 0.630169
 0 0.630177
 0 0.630177
 0 0.630178
 0 0.630178
 0 0.630178
 0 0.630185
 0 0.630206
 0 0.630206
 0 0.630215
 0 0.630215
 0 0.630227
 0 0.630227
 0 0.630227
 0 0.63023
 0 0.630233
 0 0.630234
 0 0.630243
 0 0.630249
 0 0.630277
 0 0.630277
 0 0.630342
 0 0.630342
 0 0.630342
 0 0.630348
 0 0.63035
 0 0.630373
 0 0.630381
 0 0.630392
 0 0.630419
 0 0.630419
 0 0.630452
 0 0.630452
 0 0.630452
 0 0.630452
 0 0.630453
 0 0.630475
 0 0.630475
 0 0.630486
 0 0.630502
 0 0.630502
 0 0.630508
 0 0.630508
 0 0.630511
 0 0.630533
 0 0.630537
 0 0.63055
 0 0.630551
 0 0.630589
 0 0.630607
 0 0.630623
 0 0.630623
 0 0.630642
 0 0.630643
 0 0.630666
 0 0.63067
 0 0.630677
 0 0.630691
 0 0.630695
 0 0.630697
 0 0.630702
 0 0.630746
 0 0.630746
 0 0.630746
 0 0.630747
 0 0.630749
 0 0.630753
 0 0.630761
 0 0.630762
 0 0.630764
 0 0.630765
 0 0.630767
 0 0.630767
 0 0.630773
 0 0.630773
 0 0.630778
 0 0.630779
 0 0.630794
 0 0.630798
 0 0.630798
 0 0.630798
 0 0.630805
 0 0.630805
 0 0.630814
 0 0.630814
 0 0.630814
 0 0.630819
 0 0.63082
 0 0.63082
 0 0.630826
 0 0.630826
 0 0.630828
 0 0.630829
 0 0.630851
 0 0.630852
 0 0.630852
 0 0.630852
 0 0.630852
 0 0.630852
 0 0.630853
 0 0.630854
 0 0.630857
 0 0.630869
 0 0.630887
 0 0.630887
 0 0.630888
 0 0.630889
 0 0.630915
 0 0.630915
 0 0.630915
 0 0.630916
 0 0.630916
 0 0.630945
 0 0.630945
 0 0.63095
 0 0.630951
 0 0.630952
 0 0.630952
 0 0.630963
 0 0.630963
 0 0.630971
 0 0.630971
 0 0.630971
 0 0.630972
 0 0.630974
 0 0.630975
 0 0.630975
 0 0.630984
 0 0.631
 0 0.631
 0 0.631
 0 0.631007
 0 0.631015
 0 0.631015
 0 0.631028
 0 0.631028
 0 0.631028
 0 0.631029
 0 0.631029
 0 0.63103
 0 0.631032
 0 0.631032
 0 0.631032
 0 0.631054
 0 0.631069
 0 0.631069
 0 0.63107
 0 0.631078
 0 0.631078
 0 0.63108
 0 0.631086
 0 0.631092
 0 0.631101
 0 0.631102
 0 0.631106
 0 0.631108
 0 0.631108
 0 0.631117
 0 0.631118
 0 0.631142
 0 0.631142
 0 0.631143
 0 0.631143
 0 0.631158
 0 0.631159
 0 0.631166
 0 0.631166
 0 0.631166
 0 0.631181
 0 0.6312
 0 0.631201
 0 0.631225
 0 0.631229
 0 0.631239
 0 0.631259
 0 0.631261
 0 0.631261
 0 0.631261
 0 0.631295
 0 0.631317
 0 0.631319
 0 0.631319
 0 0.631319
 0 0.631333
 0 0.631339
 0 0.631346
 0 0.631346
 0 0.631346
 0 0.631352
 0 0.631373
 0 0.631373
 0 0.631402
 0 0.631434
 0 0.631441
 0 0.631441
 0 0.631441
 0 0.631441
 0 0.631441
 0 0.63146
 0 0.631494
 0 0.631505
 0 0.631505
 0 0.63151
 0 0.63151
 0 0.63151
 0 0.63151
 0 0.631511
 0 0.631513
 0 0.631526
 0 0.631526
 0 0.631526
 0 0.631526
 0 0.631545
 0 0.631547
 0 0.631582
 0 0.631582
 0 0.631582
 0 0.631596
 0 0.631596
 0 0.631602
 0 0.631602
 0 0.631602
 0 0.631621
 0 0.631622
 0 0.631653
 0 0.631659
 0 0.631661
 0 0.631668
 0 0.63168
 0 0.631681
 0 0.631682
 0 0.631685
 0 0.631685
 0 0.631697
 0 0.631697
 0 0.631703
 0 0.631703
 0 0.631704
 0 0.631704
 0 0.631704
 0 0.631704
 0 0.631705
 0 0.631736
 0 0.63174
 0 0.63174
 0 0.631751
 0 0.631772
 0 0.631772
 0 0.631773
 0 0.631773
 0 0.631773
 0 0.631779
 0 0.631779
 0 0.63178
 0 0.631782
 0 0.631783
 0 0.631783
 0 0.631793
 0 0.631821
 0 0.631824
 0 0.631825
 0 0.631825
 0 0.631826
 0 0.631833
 0 0.631839
 0 0.631839
 0 0.63184
 0 0.631841
 0 0.631842
 0 0.631842
 0 0.631849
 0 0.631849
 0 0.631849
 0 0.631851
 0 0.631852
 0 0.631856
 0 0.631856
 0 0.631857
 0 0.631867
 0 0.631867
 0 0.631867
 0 0.631876
 0 0.631876
 0 0.631878
 0 0.6319
 0 0.6319
 0 0.631906
 0 0.631906
 0 0.631906
 0 0.631906
 0 0.631925
 0 0.631929
 0 0.631947
 0 0.631947
 0 0.631963
 0 0.631964
 0 0.631967
 0 0.631988
 0 0.632
 0 0.632001
 0 0.632006
 0 0.632008
 0 0.632008
 0 0.63201
 0 0.63201
 0 0.632021
 0 0.63203
 0 0.632046
 0 0.632046
 0 0.632055
 0 0.632056
 0 0.632056
 0 0.632068
 0 0.632068
 0 0.632077
 0 0.632079
 0 0.632079
 0 0.632079
 0 0.632086
 0 0.632086
 0 0.6321
 0 0.632103
 0 0.632114
 0 0.632118
 0 0.632118
 0 0.632129
 0 0.632147
 0 0.63215
 0 0.63215
 0 0.63215
 0 0.632151
 0 0.632155
 0 0.63217
 0 0.63217
 0 0.63218
 0 0.63218
 0 0.632182
 0 0.632238
 0 0.632238
 0 0.632239
 0 0.632249
 0 0.63225
 0 0.632258
 0 0.632262
 0 0.632264
 0 0.632268
 0 0.632268
 0 0.632268
 0 0.632286
 0 0.632286
 0 0.632289
 0 0.632289
 0 0.632289
 0 0.632289
 0 0.632289
 0 0.632289
 0 0.632294
 0 0.632295
 0 0.632295
 0 0.632295
 0 0.632295
 0 0.632307
 0 0.632308
 0 0.632308
 0 0.632321
 0 0.632331
 0 0.632332
 0 0.632338
 0 0.632338
 0 0.632339
 0 0.632355
 0 0.632355
 0 0.632356
 0 0.632357
 0 0.632359
 0 0.632359
 0 0.632359
 0 0.632359
 0 0.632368
 0 0.632378
 0 0.632383
 0 0.632384
 0 0.632399
 0 0.6324
 0 0.6324
 0 0.632414
 0 0.63242
 0 0.63242
 0 0.632422
 0 0.632422
 0 0.632422
 0 0.632422
 0 0.632422
 0 0.632429
 0 0.632429
 0 0.632432
 0 0.632451
 0 0.632456
 0 0.632456
 0 0.632459
 0 0.632463
 0 0.632471
 0 0.632471
 0 0.632471
 0 0.632484
 0 0.632491
 0 0.632492
 0 0.632498
 0 0.632498
 0 0.632498
 0 0.632498
 0 0.63251
 0 0.63251
 0 0.632511
 0 0.632516
 0 0.632516
 0 0.632558
 0 0.632561
 0 0.632568
 0 0.632572
 0 0.632581
 0 0.632583
 0 0.632583
 0 0.632583
 0 0.632583
 0 0.632608
 0 0.632608
 0 0.632609
 0 0.63261
 0 0.632625
 0 0.632625
 0 0.632628
 0 0.632654
 0 0.632654
 0 0.632664
 0 0.632668
 0 0.632681
 0 0.632684
 0 0.632684
 0 0.632684
 0 0.632687
 0 0.632703
 0 0.632728
 0 0.632737
 0 0.632748
 0 0.632749
 0 0.632767
 0 0.632768
 0 0.632776
 0 0.632776
 0 0.632776
 0 0.632776
 0 0.632777
 0 0.632808
 0 0.632821
 0 0.632826
 0 0.632826
 0 0.632837
 0 0.632851
 0 0.632851
 0 0.632873
 0 0.632881
 0 0.632881
 0 0.632881
 0 0.632882
 0 0.632882
 0 0.632882
 0 0.632892
 0 0.632892
 0 0.632893
 0 0.632894
 0 0.632894
 0 0.632913
 0 0.632928
 0 0.632931
 0 0.632931
 0 0.63294
 0 0.63294
 0 0.63294
 0 0.63294
 0 0.632943
 0 0.632945
 0 0.632945
 0 0.632945
 0 0.632957
 0 0.632958
 0 0.632962
 0 0.632962
 0 0.632969
 0 0.632969
 0 0.632969
 0 0.632969
 0 0.63297
 0 0.63297
 0 0.632986
 0 0.633045
 0 0.633052
 0 0.633053
 0 0.633054
 0 0.633054
 0 0.633054
 0 0.633055
 0 0.633055
 0 0.633057
 0 0.633057
 0 0.633061
 0 0.633082
 0 0.633083
 0 0.633084
 0 0.633084
 0 0.633085
 0 0.633086
 0 0.633115
 0 0.633115
 0 0.633115
 0 0.633117
 0 0.633118
 0 0.633123
 0 0.633123
 0 0.633124
 0 0.633125
 0 0.633129
 0 0.633137
 0 0.633137
 0 0.633137
 0 0.633137
 0 0.633142
 0 0.633142
 0 0.633142
 0 0.633142
 0 0.633143
 0 0.633143
 0 0.633143
 0 0.633149
 0 0.633149
 0 0.633158
 0 0.633158
 0 0.633162
 0 0.633173
 0 0.633179
 0 0.633179
 0 0.633179
 0 0.633179
 0 0.63318
 0 0.633181
 0 0.633181
 0 0.633182
 0 0.633194
 0 0.633194
 0 0.633196
 0 0.633203
 0 0.633203
 0 0.633203
 0 0.633203
 0 0.633203
 0 0.633203
 0 0.633207
 0 0.633218
 0 0.633229
 0 0.633229
 0 0.633229
 0 0.633235
 0 0.633235
 0 0.633235
 0 0.633241
 0 0.633241
 0 0.633242
 0 0.633242
 0 0.633243
 0 0.633243
 0 0.633255
 0 0.633268
 0 0.63327
 0 0.633272
 0 0.633272
 0 0.633272
 0 0.633272
 0 0.633274
 0 0.633293
 0 0.633293
 0 0.633294
 0 0.633339
 0 0.633339
 0 0.633353
 0 0.633354
 0 0.633354
 0 0.633354
 0 0.633361
 0 0.633361
 0 0.633361
 0 0.633373
 0 0.633385
 0 0.633392
 0 0.633399
 0 0.63342
 0 0.633421
 0 0.633421
 0 0.633422
 0 0.633442
 0 0.633442
 0 0.633443
 0 0.633444
 0 0.633444
 0 0.633446
 0 0.633457
 0 0.633457
 0 0.633457
 0 0.633457
 0 0.633463
 0 0.633483
 0 0.633484
 0 0.633484
 0 0.633484
 0 0.633484
 0 0.633486
 0 0.633488
 0 0.633508
 0 0.633512
 0 0.633521
 0 0.633523
 0 0.633544
 0 0.633544
 0 0.633545
 0 0.633545
 0 0.633545
 0 0.633545
 0 0.633545
 0 0.633545
 0 0.633566
 0 0.633588
 0 0.633595
 0 0.633595
 0 0.633595
 0 0.633595
 0 0.633596
 0 0.633604
 0 0.633605
 0 0.633605
 0 0.633608
 0 0.633624
 0 0.633632
 0 0.633632
 0 0.633638
 0 0.633641
 0 0.633642
 0 0.633642
 0 0.633642
 0 0.633642
 0 0.633667
 0 0.633667
 0 0.633672
 0 0.633672
 0 0.633673
 0 0.633688
 0 0.633688
 0 0.633697
 0 0.633698
 0 0.633699
 0 0.633708
 0 0.633721
 0 0.633721
 0 0.633722
 0 0.633723
 0 0.633734
 0 0.633743
 0 0.633746
 0 0.633746
 0 0.633746
 0 0.633776
 0 0.633777
 0 0.633802
 0 0.633803
 0 0.63382
 0 0.633822
 0 0.633829
 0 0.633829
 0 0.633829
 0 0.633831
 0 0.633831
 0 0.633833
 0 0.633834
 0 0.633834
 0 0.633845
 0 0.633846
 0 0.633847
 0 0.633851
 0 0.633851
 0 0.633851
 0 0.633868
 0 0.633887
 0 0.633887
 0 0.633903
 0 0.633904
 0 0.633904
 0 0.633904
 0 0.633906
 0 0.633906
 0 0.633907
 0 0.633912
 0 0.633916
 0 0.633916
 0 0.633917
 0 0.633922
 0 0.633922
 0 0.63394
 0 0.633945
 0 0.633945
 0 0.633947
 0 0.633948
 0 0.633954
 0 0.633954
 0 0.633961
 0 0.633987
 0 0.633987
 0 0.633987
 0 0.633989
 0 0.634003
 0 0.634004
 0 0.634004
 0 0.634004
 0 0.634005
 0 0.63401
 0 0.63401
 0 0.634012
 0 0.63402
 0 0.634032
 0 0.634035
 0 0.634066
 0 0.634067
 0 0.634067
 0 0.634068
 0 0.634069
 0 0.634074
 0 0.634075
 0 0.634083
 0 0.634086
 0 0.634087
 0 0.634089
 0 0.634096
 0 0.634097
 0 0.634103
 0 0.634103
 0 0.634103
 0 0.634108
 0 0.634109
 0 0.634119
 0 0.634119
 0 0.634131
 0 0.634132
 0 0.634132
 0 0.634152
 0 0.634152
 0 0.634167
 0 0.634174
 0 0.634175
 0 0.634175
 0 0.634184
 0 0.634188
 0 0.6342
 0 0.634201
 0 0.634256
 0 0.634257
 0 0.634257
 0 0.634263
 0 0.634264
 0 0.634264
 0 0.634264
 0 0.634264
 0 0.634264
 0 0.634279
 0 0.634303
 0 0.634303
 0 0.634319
 0 0.634319
 0 0.634322
 0 0.634357
 0 0.634357
 0 0.634358
 0 0.634358
 0 0.634378
 0 0.634378
 0 0.634378
 0 0.634378
 0 0.634381
 0 0.634381
 0 0.634413
 0 0.634413
 0 0.634413
 0 0.634436
 0 0.634436
 0 0.634444
 0 0.634445
 0 0.634445
 0 0.634446
 0 0.634446
 0 0.634456
 0 0.634458
 0 0.634465
 0 0.634465
 0 0.634465
 0 0.634465
 0 0.634485
 0 0.634486
 0 0.634493
 0 0.634493
 0 0.634507
 0 0.634508
 0 0.634508
 0 0.634516
 0 0.634522
 0 0.634522
 0 0.634527
 0 0.634528
 0 0.634534
 0 0.634537
 0 0.634537
 0 0.634542
 0 0.634543
 0 0.634543
 0 0.634544
 0 0.634558
 0 0.63456
 0 0.63456
 0 0.634566
 0 0.634566
 0 0.634568
 0 0.634569
 0 0.634572
 0 0.634586
 0 0.634586
 0 0.634586
 0 0.634588
 0 0.634588
 0 0.634593
 0 0.634593
 0 0.634597
 0 0.634597
 0 0.634597
 0 0.634618
 0 0.634649
 0 0.634649
 0 0.634656
 0 0.634656
 0 0.634656
 0 0.63468
 0 0.63468
 0 0.634689
 0 0.634689
 0 0.634689
 0 0.634689
 0 0.634713
 0 0.634714
 0 0.634716
 0 0.634716
 0 0.634718
 0 0.634718
 0 0.634726
 0 0.634742
 0 0.634742
 0 0.634742
 0 0.634742
 0 0.634746
 0 0.634748
 0 0.634776
 0 0.634777
 0 0.634777
 0 0.634794
 0 0.634795
 0 0.634795
 0 0.634795
 0 0.634796
 0 0.634799
 0 0.6348
 0 0.634818
 0 0.634824
 0 0.634825
 0 0.634827
 0 0.634835
 0 0.634881
 0 0.634881
 0 0.634881
 0 0.634897
 0 0.634897
 0 0.634899
 0 0.634928
 0 0.634928
 0 0.634928
 0 0.634928
 0 0.634941
 0 0.634942
 0 0.634943
 0 0.634943
 0 0.634944
 0 0.63495
 0 0.634958
 0 0.634958
 0 0.634972
 0 0.634974
 0 0.634974
 0 0.634975
 0 0.634975
 0 0.634979
 0 0.634979
 0 0.634979
 0 0.634979
 0 0.634992
 0 0.634992
 0 0.634997
 0 0.635
 0 0.635001
 0 0.635001
 0 0.635003
 0 0.635003
 0 0.635003
 0 0.635003
 0 0.63501
 0 0.63501
 0 0.63501
 0 0.63502
 0 0.63502
 0 0.63502
 0 0.635022
 0 0.635022
 0 0.635022
 0 0.635024
 0 0.635037
 0 0.635038
 0 0.635038
 0 0.635041
 0 0.635041
 0 0.635041
 0 0.635041
 0 0.635076
 0 0.635085
 0 0.635086
 0 0.63509
 0 0.635118
 0 0.635151
 0 0.635152
 0 0.635152
 0 0.635175
 0 0.635176
 0 0.635176
 0 0.635176
 0 0.635185
 0 0.635206
 0 0.635206
 0 0.635215
 0 0.635239
 0 0.635239
 0 0.635239
 0 0.635239
 0 0.635266
 0 0.635266
 0 0.635266
 0 0.635266
 0 0.635278
 0 0.635289
 0 0.635296
 0 0.635296
 0 0.635296
 0 0.635312
 0 0.635324
 0 0.635348
 0 0.635353
 0 0.635353
 0 0.635388
 0 0.635388
 0 0.635388
 0 0.635395
 0 0.635413
 0 0.635428
 0 0.635428
 0 0.635428
 0 0.63544
 0 0.63544
 0 0.635468
 0 0.635468
 0 0.635468
 0 0.6355
 0 0.6355
 0 0.6355
 0 0.635504
 0 0.635504
 0 0.635505
 0 0.635505
 0 0.635514
 0 0.635517
 0 0.635517
 0 0.635517
 0 0.635519
 0 0.635521
 0 0.635542
 0 0.635546
 0 0.635558
 0 0.63557
 0 0.635577
 0 0.635577
 0 0.635587
 0 0.635589
 0 0.63559
 0 0.635593
 0 0.635593
 0 0.635593
 0 0.635593
 0 0.635645
 0 0.635646
 0 0.635646
 0 0.635688
 0 0.635753
 0 0.635753
 0 0.635753
 0 0.635781
 0 0.635781
 0 0.635784
 0 0.635784
 0 0.635786
 0 0.635812
 0 0.635812
 0 0.635812
 0 0.635812
 0 0.635812
 0 0.635816
 0 0.63583
 0 0.635831
 0 0.63585
 0 0.635854
 0 0.635854
 0 0.635854
 0 0.635854
 0 0.635878
 0 0.635878
 0 0.635879
 0 0.635879
 0 0.635881
 0 0.635883
 0 0.635888
 0 0.635896
 0 0.635898
 0 0.635899
 0 0.635902
 0 0.635913
 0 0.635913
 0 0.635913
 0 0.635913
 0 0.635914
 0 0.63592
 0 0.635921
 0 0.635927
 0 0.635928
 0 0.635928
 0 0.635934
 0 0.635934
 0 0.635936
 0 0.635936
 0 0.635936
 0 0.635988
 0 0.635988
 0 0.635989
 0 0.636001
 0 0.636003
 0 0.636003
 0 0.636003
 0 0.636014
 0 0.636014
 0 0.636023
 0 0.636034
 0 0.636034
 0 0.636034
 0 0.636046
 0 0.636046
 0 0.636054
 0 0.636055
 0 0.636067
 0 0.636067
 0 0.636073
 0 0.636073
 0 0.636073
 0 0.636073
 0 0.636093
 0 0.636113
 0 0.636113
 0 0.636114
 0 0.636115
 0 0.636132
 0 0.636146
 0 0.636151
 0 0.636151
 0 0.636152
 0 0.636157
 0 0.636157
 0 0.636158
 0 0.636173
 0 0.636175
 0 0.636203
 0 0.636203
 0 0.636215
 0 0.636216
 0 0.636216
 0 0.636224
 0 0.636225
 0 0.636225
 0 0.636231
 0 0.636231
 0 0.636251
 0 0.636279
 0 0.636304
 0 0.636304
 0 0.636319
 0 0.636319
 0 0.636319
 0 0.636319
 0 0.63632
 0 0.636325
 0 0.63634
 0 0.63634
 0 0.63634
 0 0.636366
 0 0.636366
 0 0.636387
 0 0.636389
 0 0.636411
 0 0.636411
 0 0.636438
 0 0.636438
 0 0.636439
 0 0.63646
 0 0.636494
 0 0.636495
 0 0.636495
 0 0.636495
 0 0.636496
 0 0.636506
 0 0.636506
 0 0.636518
 0 0.636522
 0 0.636523
 0 0.636523
 0 0.636529
 0 0.63653
 0 0.63653
 0 0.63653
 0 0.63655
 0 0.636551
 0 0.636553
 0 0.636553
 0 0.636553
 0 0.636554
 0 0.636555
 0 0.636557
 0 0.636557
 0 0.636576
 0 0.636576
 0 0.636595
 0 0.636597
 0 0.636633
 0 0.636633
 0 0.636633
 0 0.636652
 0 0.636652
 0 0.636673
 0 0.636683
 0 0.636684
 0 0.636685
 0 0.636687
 0 0.63669
 0 0.636691
 0 0.636695
 0 0.636696
 0 0.636696
 0 0.636696
 0 0.636725
 0 0.636726
 0 0.63673
 0 0.636764
 0 0.636775
 0 0.636785
 0 0.636808
 0 0.636834
 0 0.636846
 0 0.63685
 0 0.63685
 0 0.636858
 0 0.636872
 0 0.636876
 0 0.636913
 0 0.636945
 0 0.636946
 0 0.636946
 0 0.636946
 0 0.636947
 0 0.636956
 0 0.636958
 0 0.636973
 0 0.637019
 0 0.637021
 0 0.637021
 0 0.637031
 0 0.637031
 0 0.637068
 0 0.637069
 0 0.63707
 0 0.63707
 0 0.637077
 0 0.637077
 0 0.637097
 0 0.637102
 0 0.637102
 0 0.637113
 0 0.637115
 0 0.637116
 0 0.637138
 0 0.637194
 0 0.637195
 0 0.637195
 0 0.637195
 0 0.637223
 0 0.637228
 0 0.637228
 0 0.637234
 0 0.637234
 0 0.637234
 0 0.637239
 0 0.637251
 0 0.637251
 0 0.637266
 0 0.637293
 0 0.637293
 0 0.63733
 0 0.637359
 0 0.637369
 0 0.63737
 0 0.637371
 0 0.637371
 0 0.63738
 0 0.63738
 0 0.637382
 0 0.637399
 0 0.637413
 0 0.637414
 0 0.637458
 0 0.637459
 0 0.637459
 0 0.637459
 0 0.637461
 0 0.637461
 0 0.637505
 0 0.637505
 0 0.637506
 0 0.637537
 0 0.637538
 0 0.637568
 0 0.637584
 0 0.637586
 0 0.637587
 0 0.637587
 0 0.637599
 0 0.637599
 0 0.6376
 0 0.637601
 0 0.637608
 0 0.637625
 0 0.637625
 0 0.637625
 0 0.637629
 0 0.637723
 0 0.637723
 0 0.637748
 0 0.637749
 0 0.63775
 0 0.63775
 0 0.63775
 0 0.637762
 0 0.637799
 0 0.637837
 0 0.637837
 0 0.63786
 0 0.637949
 0 0.637973
 0 0.637974
 0 0.637974
 0 0.638028
 0 0.638039
 0 0.63804
 0 0.638135
 0 0.638135
 0 0.638136
 0 0.638224
 0 0.638224
 0 0.638226
 0 0.638243
 0 0.638254
 0 0.638254
 0 0.638256
 0 0.638333
 0 0.638333
 0 0.638333
 0 0.638333
 0 0.638377
 0 0.638378
 0 0.638378
 0 0.638469
 0 0.638471
 0 0.638472
 0 0.638581
 0 0.638583
 0 0.638583
 0 0.638583
 0 0.638589
 0 0.63859
 0 0.638651
 0 0.638665
 0 0.638715
 0 0.638722
 0 0.638722
 0 0.63873
 0 0.638731
 0 0.638731
 0 0.638734
 0 0.638754
 0 0.638755
 0 0.638756
 0 0.638759
 0 0.638765
 0 0.638794
 0 0.638909
 0 0.638911
 0 0.638923
 0 0.638924
 0 0.638925
 0 0.63895
 0 0.63895
 0 0.63895
 0 0.638951
 0 0.639092
 0 0.639092
 0 0.639101
 0 0.639102
 0 0.639133
 0 0.639151
 0 0.639157
 0 0.639219
 0 0.639219
 0 0.639229
 0 0.639232
 0 0.639232
 0 0.639249
 0 0.639249
 0 0.639279
 0 0.63928
 0 0.639282
 0 0.639357
 0 0.639565
 0 0.639611
 0 0.639611
 0 0.639808
 0 0.639909
 0 0.640148
 0 0.642147
 0 0.642148
 0 0.642666
 0 0.642883
 0 0.643101
 0 0.6434
 0 inf
