 8.9679 9.48686
 8.76754 9.29717
 8.60214 8.62115
 8.50333 8.59881
 8.47889 8.83138
 8.41066 8.48459
 7.75772 8.40797
 7.69185 7.89284
 7.40704 8.03461
 7.32937 7.3737
 7.1635 7.17624
 7.07287 7.24025
 6.99191 7.98872
 6.85391 7.00504
 6.54809 6.9901
 6.48937 6.85823
 6.46359 6.54255
 6.43312 7.19182
 6.42291 7.10311
 6.39203 7.28057
 6.34146 6.75681
 6.17973 7.37614
 6.07225 7.61908
 5.90125 8.756
 5.89508 6.13079
 5.49933 6.66942
 5.48462 5.74928
 5.44741 5.44932
 5.40501 5.4073
 5.25738 5.55501
 5.2328 5.25605
 5.19001 5.79671
 5.13294 5.13673
 5.12525 5.45383
 5.11001 5.12497
 5.06611 5.11971
 4.95437 4.95999
 4.93195 4.94835
 4.92411 5.05755
 4.89533 4.9009
 4.87088 4.87209
 4.8693 4.86981
 4.86884 4.87599
 4.85235 4.85627
 4.84478 4.85248
 4.84281 4.8493
 4.83108 5.53578
 4.83034 4.83766
 4.82891 4.83541
 4.82171 4.83871
 4.82033 4.83407
 4.82008 4.82881
 4.81695 4.83689
 4.81608 4.82751
 4.81157 5.10664
 4.81128 5.20871
 4.80135 4.87414
 4.79749 4.92845
 4.79689 4.80067
 4.79348 4.81798
 4.78837 4.78965
 4.78835 4.80499
 4.78746 5.01291
 4.77934 4.822
 4.77548 4.78969
 4.77127 4.7817
 4.76261 4.77123
 4.75101 4.76609
 4.74993 4.76471
 4.74915 4.88367
 4.7465 4.7546
 4.7408 4.77888
 4.73823 5.32696
 4.70494 4.71931
 4.67604 4.67917
 4.66322 4.70268
 4.6564 4.68449
 4.65503 4.84995
 4.63992 4.64716
 4.63949 4.64987
 4.63798 4.65347
 4.63599 4.64702
 4.62343 4.62403
 4.62011 4.62225
 4.61269 4.81615
 4.61189 4.63593
 4.61135 5.9025
 4.59799 4.6089
 4.59571 4.61106
 4.59385 4.60515
 4.59046 4.60115
 4.58128 4.60623
 4.55472 4.85734
 4.55341 4.56518
 4.54665 4.57338
 4.54462 4.57188
 4.53811 4.55391
 4.53763 4.9349
 4.5332 5.95157
 4.53055 4.99498
 4.52381 4.54988
 4.51794 4.5233
 4.50527 5.01277
 4.49526 4.50659
 4.48776 5.14942
 4.48204 4.48268
 4.47866 4.73218
 4.47007 4.47607
 4.45131 4.45641
 4.44816 4.45651
 4.43585 4.82301
 4.4336 4.87955
 4.42964 4.44755
 4.41613 8.18366
 4.40617 7.65201
 4.40539 4.41379
 4.40031 4.92282
 4.39213 8.67342
 4.3897 5.18614
 4.38019 4.9758
 4.37414 5.26481
 4.36765 7.50514
 4.3646 6.19257
 4.3579 4.46942
 4.30053 5.13738
 4.27967 5.22043
 4.24992 5.04953
 4.24407 6.5691
 4.22113 4.33406
 4.21914 6.06758
 4.20348 5.26855
 4.18989 7.13272
 4.18612 5.16257
 4.17856 4.949
 4.16631 4.29858
 4.15705 4.16477
 4.15337 6.0724
 4.12135 9.40917
 4.12018 7.39502
 4.11098 4.25263
 4.10527 4.36781
 4.08562 4.95483
 4.06932 5.43189
 4.05978 4.07125
 4.05693 7.24696
 4.05099 5.88881
 4.00324 4.00736
 3.99265 8.07289
 3.93132 4.66662
 3.68853 8.60892
 3.27019 5.41095
