 0 0.487156
 0 0.487582
 0 0.487582
 0 0.487817
 0 0.487817
 0 0.487817
 0 0.487879
 0 0.487879
 0 0.487879
 0 0.487879
 0 0.48794
 0 0.48833
 0 0.624175
 0 0.624283
 0 0.624284
 0 0.624889
 0 0.624934
 0 0.624964
 0 0.624966
 0 0.625116
 0 0.625116
 0 0.625225
 0 0.625543
 0 0.625592
 0 0.625594
 0 0.625599
 0 0.625599
 0 0.625701
 0 0.625701
 0 0.625834
 0 0.62585
 0 0.625851
 0 0.625851
 0 0.625852
 0 0.625886
 0 0.625886
 0 0.625887
 0 0.625905
 0 0.625921
 0 0.626289
 0 0.62636
 0 0.626361
 0 0.626361
 0 0.626381
 0 0.626381
 0 0.626381
 0 0.626387
 0 0.626387
 0 0.626388
 0 0.626495
 0 0.626497
 0 0.626497
 0 0.626551
 0 0.626593
 0 0.626594
 0 0.626667
 0 0.626699
 0 0.626701
 0 0.626752
 0 0.62684
 0 0.627007
 0 0.627016
 0 0.627017
 0 0.627079
 0 0.627079
 0 0.62708
 0 0.627103
 0 0.627104
 0 0.627111
 0 0.627111
 0 0.627162
 0 0.627207
 0 0.627237
 0 0.627264
 0 0.627264
 0 0.627264
 0 0.627269
 0 0.627321
 0 0.627321
 0 0.627463
 0 0.627504
 0 0.627505
 0 0.627505
 0 0.627538
 0 0.627538
 0 0.627562
 0 0.62761
 0 0.62761
 0 0.627707
 0 0.627707
 0 0.627778
 0 0.627778
 0 0.627778
 0 0.627779
 0 0.627787
 0 0.627787
 0 0.627787
 0 0.62779
 0 0.627861
 0 0.627887
 0 0.627946
 0 0.627947
 0 0.627953
 0 0.627953
 0 0.627953
 0 0.628054
 0 0.628072
 0 0.628072
 0 0.628089
 0 0.62809
 0 0.62809
 0 0.628094
 0 0.628104
 0 0.628105
 0 0.62811
 0 0.62811
 0 0.62811
 0 0.628111
 0 0.628124
 0 0.628159
 0 0.62816
 0 0.62816
 0 0.628255
 0 0.628256
 0 0.628338
 0 0.628424
 0 0.628426
 0 0.62852
 0 0.628529
 0 0.628532
 0 0.628537
 0 0.628537
 0 0.628537
 0 0.628537
 0 0.628537
 0 0.628558
 0 0.628559
 0 0.62856
 0 0.62856
 0 0.628594
 0 0.628594
 0 0.628594
 0 0.6286
 0 0.6286
 0 0.6286
 0 0.6286
 0 0.628631
 0 0.628631
 0 0.628641
 0 0.628642
 0 0.628642
 0 0.628644
 0 0.628647
 0 0.628647
 0 0.628679
 0 0.628689
 0 0.628689
 0 0.628689
 0 0.628719
 0 0.62874
 0 0.62874
 0 0.628762
 0 0.628809
 0 0.628815
 0 0.628816
 0 0.628843
 0 0.628869
 0 0.628869
 0 0.628869
 0 0.629013
 0 0.62906
 0 0.629061
 0 0.629096
 0 0.629096
 0 0.629115
 0 0.629115
 0 0.629115
 0 0.62915
 0 0.629185
 0 0.629195
 0 0.629195
 0 0.629199
 0 0.629217
 0 0.629217
 0 0.62922
 0 0.62922
 0 0.62923
 0 0.629231
 0 0.629246
 0 0.629258
 0 0.629302
 0 0.629337
 0 0.629337
 0 0.629382
 0 0.629392
 0 0.629392
 0 0.629392
 0 0.629392
 0 0.629392
 0 0.629418
 0 0.629432
 0 0.629433
 0 0.629433
 0 0.629458
 0 0.629458
 0 0.629458
 0 0.629458
 0 0.62946
 0 0.629506
 0 0.629543
 0 0.629544
 0 0.62955
 0 0.62958
 0 0.629588
 0 0.629588
 0 0.629588
 0 0.629588
 0 0.629599
 0 0.629599
 0 0.629599
 0 0.629599
 0 0.629599
 0 0.629615
 0 0.629615
 0 0.629615
 0 0.629624
 0 0.629624
 0 0.629624
 0 0.629625
 0 0.629652
 0 0.629652
 0 0.629653
 0 0.629653
 0 0.629655
 0 0.629655
 0 0.629662
 0 0.629662
 0 0.629671
 0 0.629695
 0 0.629709
 0 0.629709
 0 0.62971
 0 0.629716
 0 0.629716
 0 0.629717
 0 0.629745
 0 0.629748
 0 0.629748
 0 0.629757
 0 0.629757
 0 0.629757
 0 0.629798
 0 0.629798
 0 0.629799
 0 0.629839
 0 0.62984
 0 0.629858
 0 0.629885
 0 0.62995
 0 0.62995
 0 0.62995
 0 0.62995
 0 0.629964
 0 0.630032
 0 0.630049
 0 0.630061
 0 0.630062
 0 0.630074
 0 0.630075
 0 0.630075
 0 0.630077
 0 0.63008
 0 0.630137
 0 0.630152
 0 0.63017
 0 0.630171
 0 0.630192
 0 0.630192
 0 0.630192
 0 0.630209
 0 0.63022
 0 0.63022
 0 0.630231
 0 0.630233
 0 0.630233
 0 0.630233
 0 0.630235
 0 0.630238
 0 0.630254
 0 0.630256
 0 0.630257
 0 0.630271
 0 0.630271
 0 0.630283
 0 0.630284
 0 0.630292
 0 0.630305
 0 0.630306
 0 0.630306
 0 0.630382
 0 0.630382
 0 0.630382
 0 0.630385
 0 0.630399
 0 0.630404
 0 0.630439
 0 0.630439
 0 0.630465
 0 0.630465
 0 0.630485
 0 0.630485
 0 0.630486
 0 0.630486
 0 0.630487
 0 0.630487
 0 0.630488
 0 0.630488
 0 0.630495
 0 0.630498
 0 0.630509
 0 0.630509
 0 0.630509
 0 0.63051
 0 0.630543
 0 0.630556
 0 0.630558
 0 0.630567
 0 0.630575
 0 0.630578
 0 0.630592
 0 0.630593
 0 0.630594
 0 0.630594
 0 0.630642
 0 0.630658
 0 0.630659
 0 0.63066
 0 0.630668
 0 0.630672
 0 0.630673
 0 0.630678
 0 0.630706
 0 0.630707
 0 0.630721
 0 0.630721
 0 0.630721
 0 0.630731
 0 0.630739
 0 0.630756
 0 0.630756
 0 0.630756
 0 0.630804
 0 0.630813
 0 0.630813
 0 0.630818
 0 0.630818
 0 0.630818
 0 0.630822
 0 0.630864
 0 0.630902
 0 0.630905
 0 0.630905
 0 0.630905
 0 0.630909
 0 0.630909
 0 0.630915
 0 0.630952
 0 0.630954
 0 0.630954
 0 0.630954
 0 0.630954
 0 0.630968
 0 0.630968
 0 0.630968
 0 0.630968
 0 0.630971
 0 0.630975
 0 0.630975
 0 0.630988
 0 0.630988
 0 0.630988
 0 0.631004
 0 0.631004
 0 0.63102
 0 0.63102
 0 0.631032
 0 0.63105
 0 0.631051
 0 0.631058
 0 0.631063
 0 0.631063
 0 0.631063
 0 0.631063
 0 0.631064
 0 0.631064
 0 0.631065
 0 0.631131
 0 0.631137
 0 0.631166
 0 0.63117
 0 0.631184
 0 0.631191
 0 0.631191
 0 0.631191
 0 0.631209
 0 0.631209
 0 0.631215
 0 0.631256
 0 0.631261
 0 0.63128
 0 0.63128
 0 0.63128
 0 0.631281
 0 0.631305
 0 0.631314
 0 0.631315
 0 0.631319
 0 0.631336
 0 0.631336
 0 0.631336
 0 0.631371
 0 0.631383
 0 0.631383
 0 0.631384
 0 0.631389
 0 0.63139
 0 0.63139
 0 0.631392
 0 0.631393
 0 0.63143
 0 0.631431
 0 0.631446
 0 0.631446
 0 0.631447
 0 0.631448
 0 0.631458
 0 0.631458
 0 0.631458
 0 0.631458
 0 0.631458
 0 0.631459
 0 0.631459
 0 0.631459
 0 0.631461
 0 0.631461
 0 0.631498
 0 0.631508
 0 0.631508
 0 0.631525
 0 0.631526
 0 0.631526
 0 0.631526
 0 0.631526
 0 0.631527
 0 0.631527
 0 0.631545
 0 0.631545
 0 0.631546
 0 0.631546
 0 0.631546
 0 0.631559
 0 0.631563
 0 0.631563
 0 0.631563
 0 0.631577
 0 0.631582
 0 0.631583
 0 0.631583
 0 0.631583
 0 0.631583
 0 0.631599
 0 0.6316
 0 0.63161
 0 0.631616
 0 0.631638
 0 0.631649
 0 0.631651
 0 0.631678
 0 0.631678
 0 0.631678
 0 0.631678
 0 0.631679
 0 0.631694
 0 0.631699
 0 0.631715
 0 0.631718
 0 0.631724
 0 0.631725
 0 0.631727
 0 0.631734
 0 0.631735
 0 0.631736
 0 0.631766
 0 0.631766
 0 0.631767
 0 0.631789
 0 0.631796
 0 0.631796
 0 0.631802
 0 0.631816
 0 0.631817
 0 0.631829
 0 0.631829
 0 0.63183
 0 0.631831
 0 0.631831
 0 0.631831
 0 0.63184
 0 0.63184
 0 0.631858
 0 0.631858
 0 0.631859
 0 0.631859
 0 0.631868
 0 0.631882
 0 0.631882
 0 0.631887
 0 0.631887
 0 0.631898
 0 0.631899
 0 0.631899
 0 0.631901
 0 0.631909
 0 0.631935
 0 0.63195
 0 0.631951
 0 0.631951
 0 0.631952
 0 0.631955
 0 0.631956
 0 0.631982
 0 0.631983
 0 0.631983
 0 0.631983
 0 0.631983
 0 0.631984
 0 0.631985
 0 0.631986
 0 0.631987
 0 0.631993
 0 0.631994
 0 0.631994
 0 0.631994
 0 0.631998
 0 0.632009
 0 0.632009
 0 0.632014
 0 0.632014
 0 0.632017
 0 0.632027
 0 0.63203
 0 0.632046
 0 0.632046
 0 0.632074
 0 0.632086
 0 0.632086
 0 0.632087
 0 0.632104
 0 0.632105
 0 0.632127
 0 0.632128
 0 0.632148
 0 0.632162
 0 0.632175
 0 0.632182
 0 0.632188
 0 0.632188
 0 0.632188
 0 0.632189
 0 0.632204
 0 0.632204
 0 0.632204
 0 0.632205
 0 0.632205
 0 0.63223
 0 0.632248
 0 0.632282
 0 0.632282
 0 0.632288
 0 0.632298
 0 0.632298
 0 0.632298
 0 0.632299
 0 0.632299
 0 0.632304
 0 0.632305
 0 0.632321
 0 0.632334
 0 0.632334
 0 0.632337
 0 0.632338
 0 0.632338
 0 0.632343
 0 0.632364
 0 0.632364
 0 0.632368
 0 0.63237
 0 0.632373
 0 0.632393
 0 0.632394
 0 0.632394
 0 0.632398
 0 0.632398
 0 0.632409
 0 0.632415
 0 0.63242
 0 0.632431
 0 0.632433
 0 0.632436
 0 0.632436
 0 0.632437
 0 0.632488
 0 0.63249
 0 0.632494
 0 0.632501
 0 0.632502
 0 0.632504
 0 0.632504
 0 0.632507
 0 0.632507
 0 0.63251
 0 0.63251
 0 0.63251
 0 0.632542
 0 0.632551
 0 0.632558
 0 0.632558
 0 0.632559
 0 0.632559
 0 0.632574
 0 0.632574
 0 0.632592
 0 0.632593
 0 0.632593
 0 0.632611
 0 0.632623
 0 0.632623
 0 0.632623
 0 0.632623
 0 0.632628
 0 0.632634
 0 0.632634
 0 0.632634
 0 0.632634
 0 0.632634
 0 0.632669
 0 0.632669
 0 0.632675
 0 0.632681
 0 0.632695
 0 0.632703
 0 0.632703
 0 0.632716
 0 0.632716
 0 0.63272
 0 0.63272
 0 0.632729
 0 0.632731
 0 0.632732
 0 0.632741
 0 0.632741
 0 0.632741
 0 0.632743
 0 0.632743
 0 0.632744
 0 0.632753
 0 0.632753
 0 0.632753
 0 0.632769
 0 0.632769
 0 0.632769
 0 0.632769
 0 0.632771
 0 0.632771
 0 0.632775
 0 0.632775
 0 0.632792
 0 0.632797
 0 0.632797
 0 0.632817
 0 0.632821
 0 0.632846
 0 0.63286
 0 0.632867
 0 0.632883
 0 0.632883
 0 0.632883
 0 0.632887
 0 0.632889
 0 0.632889
 0 0.63289
 0 0.63289
 0 0.632893
 0 0.632904
 0 0.632905
 0 0.632905
 0 0.632911
 0 0.632914
 0 0.632916
 0 0.632924
 0 0.632925
 0 0.632936
 0 0.632937
 0 0.632945
 0 0.632951
 0 0.632953
 0 0.632959
 0 0.632959
 0 0.632959
 0 0.632965
 0 0.632978
 0 0.632979
 0 0.632979
 0 0.632993
 0 0.632993
 0 0.632994
 0 0.632994
 0 0.632997
 0 0.633011
 0 0.633025
 0 0.633025
 0 0.633038
 0 0.633039
 0 0.633039
 0 0.633039
 0 0.63305
 0 0.633057
 0 0.633057
 0 0.633057
 0 0.633063
 0 0.633063
 0 0.633071
 0 0.633071
 0 0.633073
 0 0.633074
 0 0.633074
 0 0.633084
 0 0.633086
 0 0.633089
 0 0.633099
 0 0.633099
 0 0.633108
 0 0.633109
 0 0.63312
 0 0.63312
 0 0.633128
 0 0.63313
 0 0.63313
 0 0.633153
 0 0.633153
 0 0.633153
 0 0.633153
 0 0.633153
 0 0.633156
 0 0.633157
 0 0.633157
 0 0.633157
 0 0.633157
 0 0.633158
 0 0.633167
 0 0.633168
 0 0.633168
 0 0.633168
 0 0.633171
 0 0.633177
 0 0.633177
 0 0.63318
 0 0.63318
 0 0.63318
 0 0.63319
 0 0.633191
 0 0.6332
 0 0.633206
 0 0.633206
 0 0.633213
 0 0.633239
 0 0.633239
 0 0.63324
 0 0.633264
 0 0.633266
 0 0.633266
 0 0.633266
 0 0.633274
 0 0.633274
 0 0.633274
 0 0.633286
 0 0.633297
 0 0.633304
 0 0.633304
 0 0.633305
 0 0.633305
 0 0.633329
 0 0.633329
 0 0.633329
 0 0.633329
 0 0.63333
 0 0.63333
 0 0.633332
 0 0.633332
 0 0.633332
 0 0.633334
 0 0.633335
 0 0.633335
 0 0.633345
 0 0.633349
 0 0.633349
 0 0.633356
 0 0.633357
 0 0.633357
 0 0.633379
 0 0.633397
 0 0.633399
 0 0.633399
 0 0.633405
 0 0.633406
 0 0.633406
 0 0.633451
 0 0.633451
 0 0.633451
 0 0.633453
 0 0.633458
 0 0.633458
 0 0.633478
 0 0.633478
 0 0.633478
 0 0.63348
 0 0.633481
 0 0.633483
 0 0.633483
 0 0.633499
 0 0.6335
 0 0.63354
 0 0.63354
 0 0.63354
 0 0.633582
 0 0.633582
 0 0.633595
 0 0.633595
 0 0.633609
 0 0.63362
 0 0.633625
 0 0.633626
 0 0.633626
 0 0.633631
 0 0.633633
 0 0.633645
 0 0.633659
 0 0.63366
 0 0.633666
 0 0.633666
 0 0.633666
 0 0.633679
 0 0.633694
 0 0.633694
 0 0.633695
 0 0.633695
 0 0.633695
 0 0.633695
 0 0.633695
 0 0.633697
 0 0.633711
 0 0.633711
 0 0.633719
 0 0.63372
 0 0.633726
 0 0.633728
 0 0.633733
 0 0.633733
 0 0.633734
 0 0.633749
 0 0.633755
 0 0.633755
 0 0.633759
 0 0.633767
 0 0.633767
 0 0.633768
 0 0.633768
 0 0.63378
 0 0.633794
 0 0.633796
 0 0.633811
 0 0.633811
 0 0.633812
 0 0.633814
 0 0.633814
 0 0.633815
 0 0.633816
 0 0.633816
 0 0.633816
 0 0.633823
 0 0.633823
 0 0.633823
 0 0.633823
 0 0.633827
 0 0.633829
 0 0.633829
 0 0.63383
 0 0.633831
 0 0.633837
 0 0.63384
 0 0.63385
 0 0.633852
 0 0.633859
 0 0.633859
 0 0.633859
 0 0.63386
 0 0.633866
 0 0.633866
 0 0.633878
 0 0.633915
 0 0.633915
 0 0.633917
 0 0.633927
 0 0.633928
 0 0.633942
 0 0.633942
 0 0.633949
 0 0.633949
 0 0.633949
 0 0.633961
 0 0.63397
 0 0.633985
 0 0.633987
 0 0.633987
 0 0.633989
 0 0.633989
 0 0.633992
 0 0.633997
 0 0.633997
 0 0.634012
 0 0.634016
 0 0.634016
 0 0.63402
 0 0.63403
 0 0.634031
 0 0.634032
 0 0.634032
 0 0.634045
 0 0.634045
 0 0.634047
 0 0.63405
 0 0.634058
 0 0.634061
 0 0.634061
 0 0.634061
 0 0.634062
 0 0.634062
 0 0.634062
 0 0.634062
 0 0.634062
 0 0.634074
 0 0.634074
 0 0.634077
 0 0.634087
 0 0.634088
 0 0.634093
 0 0.634093
 0 0.634093
 0 0.634095
 0 0.634098
 0 0.634104
 0 0.634104
 0 0.634104
 0 0.634111
 0 0.634112
 0 0.634113
 0 0.634114
 0 0.634114
 0 0.634116
 0 0.634118
 0 0.634142
 0 0.634142
 0 0.634151
 0 0.634152
 0 0.634158
 0 0.634159
 0 0.63416
 0 0.634161
 0 0.634162
 0 0.634162
 0 0.634162
 0 0.634163
 0 0.634168
 0 0.634168
 0 0.634169
 0 0.63417
 0 0.63417
 0 0.634171
 0 0.634172
 0 0.634178
 0 0.634178
 0 0.634193
 0 0.634203
 0 0.634205
 0 0.634218
 0 0.634218
 0 0.634219
 0 0.634219
 0 0.63422
 0 0.634228
 0 0.634228
 0 0.634228
 0 0.634231
 0 0.634231
 0 0.634232
 0 0.634253
 0 0.634256
 0 0.634256
 0 0.63426
 0 0.63426
 0 0.63426
 0 0.63426
 0 0.634261
 0 0.634278
 0 0.634286
 0 0.634286
 0 0.634298
 0 0.634314
 0 0.634333
 0 0.634334
 0 0.634339
 0 0.634346
 0 0.634352
 0 0.634353
 0 0.634366
 0 0.634366
 0 0.634372
 0 0.634376
 0 0.634376
 0 0.634376
 0 0.634386
 0 0.634387
 0 0.634401
 0 0.634401
 0 0.634404
 0 0.63441
 0 0.63441
 0 0.63441
 0 0.634414
 0 0.634414
 0 0.634414
 0 0.634414
 0 0.634416
 0 0.634416
 0 0.634417
 0 0.634417
 0 0.634426
 0 0.634427
 0 0.634427
 0 0.634427
 0 0.634434
 0 0.63444
 0 0.634451
 0 0.634451
 0 0.634451
 0 0.634464
 0 0.634464
 0 0.634464
 0 0.634464
 0 0.63448
 0 0.63448
 0 0.63448
 0 0.63448
 0 0.63448
 0 0.63448
 0 0.634491
 0 0.634492
 0 0.634515
 0 0.634516
 0 0.634532
 0 0.634536
 0 0.634536
 0 0.634541
 0 0.634541
 0 0.63455
 0 0.634551
 0 0.634559
 0 0.63456
 0 0.634571
 0 0.634571
 0 0.634571
 0 0.634571
 0 0.634571
 0 0.634572
 0 0.634583
 0 0.634596
 0 0.634597
 0 0.634598
 0 0.634626
 0 0.634626
 0 0.634628
 0 0.634628
 0 0.634651
 0 0.634651
 0 0.634651
 0 0.634651
 0 0.634654
 0 0.634654
 0 0.634654
 0 0.634672
 0 0.634672
 0 0.634672
 0 0.634672
 0 0.634697
 0 0.634698
 0 0.634701
 0 0.634701
 0 0.634725
 0 0.634726
 0 0.634732
 0 0.634732
 0 0.634741
 0 0.634742
 0 0.634742
 0 0.634742
 0 0.634744
 0 0.634745
 0 0.634746
 0 0.634746
 0 0.634746
 0 0.634754
 0 0.634801
 0 0.634802
 0 0.634803
 0 0.634803
 0 0.634824
 0 0.634842
 0 0.634842
 0 0.634842
 0 0.634863
 0 0.634886
 0 0.634902
 0 0.634902
 0 0.634902
 0 0.634903
 0 0.634912
 0 0.634912
 0 0.634912
 0 0.634913
 0 0.634914
 0 0.634923
 0 0.634973
 0 0.634977
 0 0.634978
 0 0.634978
 0 0.634978
 0 0.63498
 0 0.63499
 0 0.63499
 0 0.63499
 0 0.63499
 0 0.634994
 0 0.634994
 0 0.635022
 0 0.635023
 0 0.635023
 0 0.635023
 0 0.635041
 0 0.635041
 0 0.63506
 0 0.63506
 0 0.63506
 0 0.635069
 0 0.635083
 0 0.635097
 0 0.635098
 0 0.635098
 0 0.635107
 0 0.635119
 0 0.63512
 0 0.635143
 0 0.635205
 0 0.635205
 0 0.635206
 0 0.635207
 0 0.635207
 0 0.635228
 0 0.63525
 0 0.63525
 0 0.635261
 0 0.635262
 0 0.635268
 0 0.635268
 0 0.63529
 0 0.635293
 0 0.635293
 0 0.6353
 0 0.6353
 0 0.635314
 0 0.635315
 0 0.635337
 0 0.635381
 0 0.635381
 0 0.635385
 0 0.63539
 0 0.6354
 0 0.635406
 0 0.635406
 0 0.635444
 0 0.635444
 0 0.635445
 0 0.635448
 0 0.635448
 0 0.635489
 0 0.635491
 0 0.635491
 0 0.635494
 0 0.635494
 0 0.635531
 0 0.635533
 0 0.635569
 0 0.635598
 0 0.635598
 0 0.635598
 0 0.635608
 0 0.635657
 0 0.635658
 0 0.635658
 0 0.63566
 0 0.63566
 0 0.63566
 0 0.63566
 0 0.63566
 0 0.635676
 0 0.635676
 0 0.635699
 0 0.635724
 0 0.635724
 0 0.635724
 0 0.635724
 0 0.635742
 0 0.635756
 0 0.635791
 0 0.635791
 0 0.635806
 0 0.635806
 0 0.635806
 0 0.635806
 0 0.635807
 0 0.635831
 0 0.635832
 0 0.635832
 0 0.635851
 0 0.63586
 0 0.635861
 0 0.635888
 0 0.635909
 0 0.635933
 0 0.635958
 0 0.635985
 0 0.635986
 0 0.636015
 0 0.636015
 0 0.636015
 0 0.636022
 0 0.636022
 0 0.636022
 0 0.636023
 0 0.636023
 0 0.636026
 0 0.636027
 0 0.636039
 0 0.63604
 0 0.636193
 0 0.636197
 0 0.636199
 0 0.636199
 0 0.636202
 0 0.636212
 0 0.63622
 0 0.63622
 0 0.63622
 0 0.636235
 0 0.636235
 0 0.636237
 0 0.636238
 0 0.636244
 0 0.636252
 0 0.636252
 0 0.636253
 0 0.636304
 0 0.636328
 0 0.636328
 0 0.636328
 0 0.636329
 0 0.636329
 0 0.636336
 0 0.636336
 0 0.636344
 0 0.636344
 0 0.636351
 0 0.636357
 0 0.636357
 0 0.6364
 0 0.636428
 0 0.636429
 0 0.636431
 0 0.636459
 0 0.63646
 0 0.636474
 0 0.636476
 0 0.636498
 0 0.636498
 0 0.63652
 0 0.63652
 0 0.636532
 0 0.636532
 0 0.636532
 0 0.636533
 0 0.636582
 0 0.636602
 0 0.636602
 0 0.636624
 0 0.636627
 0 0.636649
 0 0.636662
 0 0.636663
 0 0.636676
 0 0.636707
 0 0.636707
 0 0.636707
 0 0.636707
 0 0.636745
 0 0.636746
 0 0.636747
 0 0.636751
 0 0.636751
 0 0.636793
 0 0.636793
 0 0.636794
 0 0.636794
 0 0.636795
 0 0.636816
 0 0.636816
 0 0.636877
 0 0.636877
 0 0.636896
 0 0.636896
 0 0.636896
 0 0.636918
 0 0.636918
 0 0.636918
 0 0.636918
 0 0.636918
 0 0.636948
 0 0.636949
 0 0.636949
 0 0.63697
 0 0.63697
 0 0.636971
 0 0.636971
 0 0.636971
 0 0.637
 0 0.637
 0 0.637
 0 0.637003
 0 0.637004
 0 0.637027
 0 0.637057
 0 0.637075
 0 0.637098
 0 0.637111
 0 0.637111
 0 0.637114
 0 0.637175
 0 0.637176
 0 0.637195
 0 0.637195
 0 0.637195
 0 0.637207
 0 0.637208
 0 0.637208
 0 0.637238
 0 0.637238
 0 0.637248
 0 0.637253
 0 0.637254
 0 0.637302
 0 0.637302
 0 0.637392
 0 0.63741
 0 0.637427
 0 0.637451
 0 0.637489
 0 0.637489
 0 0.637491
 0 0.637492
 0 0.637505
 0 0.637571
 0 0.637574
 0 0.637574
 0 0.637653
 0 0.637667
 0 0.637686
 0 0.6377
 0 0.637725
 0 0.637728
 0 0.637729
 0 0.637794
 0 0.637794
 0 0.637822
 0 0.637823
 0 0.637843
 0 0.637843
 0 0.637845
 0 0.637852
 0 0.637871
 0 0.637903
 0 0.637903
 0 0.638054
 0 0.638055
 0 0.638055
 0 0.638085
 0 0.638086
 0 0.638086
 0 0.638098
 0 0.638141
 0 0.638142
 0 0.638246
 0 0.638247
 0 0.638248
 0 0.638248
 0 0.638265
 0 0.638265
 0 0.638267
 0 0.638267
 0 0.638332
 0 0.638332
 0 0.63835
 0 0.638445
 0 0.638446
 0 0.638469
 0 0.638469
 0 0.638525
 0 0.638525
 0 0.638653
 0 0.638654
 0 0.638687
 0 0.638742
 0 0.638744
 0 0.638781
 0 0.63879
 0 0.638792
 0 0.638792
 0 0.638831
 0 0.638832
 0 0.638833
 0 0.63887
 0 0.63887
 0 0.638888
 0 0.638888
 0 0.63896
 0 0.638968
 0 0.639025
 0 0.639034
 0 0.639095
 0 0.639107
 0 0.63914
 0 0.639171
 0 0.639171
 0 0.639172
 0 0.639402
 0 0.639412
 0 0.639412
 0 0.639538
 0 0.639538
 0 0.639538
 0 0.639582
 0 0.639582
 0 0.639607
 0 0.639607
 0 0.639681
 0 0.639745
 0 0.639745
 0 0.639745
 0 0.639783
 0 0.639783
 0 0.639792
 0 0.639792
 0 0.639793
 0 0.639847
 0 0.639874
 0 0.639874
 0 0.639899
 0 0.639899
 0 0.639929
 0 0.639931
 0 0.639955
 0 0.639968
 0 0.63997
 0 0.640028
 0 0.640095
 0 0.640095
 0 0.640095
 0 0.640115
 0 0.640115
 0 0.640115
 0 0.640116
 0 0.640116
 0 0.640155
 0 0.640155
 0 0.640157
 0 0.640157
 0 0.640157
 0 0.640157
 0 0.640253
 0 0.640253
 0 0.640253
 0 0.640253
 0 0.640399
 0 0.640555
 0 0.640593
 0 0.640593
 0 0.640594
 0 0.640626
 0 0.640626
 0 0.6409
 0 0.640945
 0 0.641065
 0 0.641065
 0 0.641075
 0 0.641075
 0 0.641076
 0 0.641076
 0 0.641461
 0 0.641467
 0 0.641514
 0 0.641886
 0 0.641938
 0 0.641939
 0 0.642095
 0 0.642095
 0 0.642095
 0 0.642095
 0 0.642095
 0 0.64279
 0 inf
