 0 0.621216
 0 0.621216
 0 0.621432
 0 0.621433
 0 0.621433
 0 0.622413
 0 0.624625
 0 0.624836
 0 0.624838
 0 0.624929
 0 0.62535
 0 0.625351
 0 0.625352
 0 0.625352
 0 0.625394
 0 0.625394
 0 0.625586
 0 0.625601
 0 0.625601
 0 0.625675
 0 0.625816
 0 0.625816
 0 0.625821
 0 0.625821
 0 0.625851
 0 0.625852
 0 0.625852
 0 0.625853
 0 0.626399
 0 0.6264
 0 0.626486
 0 0.626488
 0 0.626488
 0 0.626854
 0 0.626855
 0 0.626855
 0 0.626856
 0 0.627252
 0 0.627252
 0 0.627282
 0 0.627309
 0 0.627355
 0 0.627445
 0 0.627478
 0 0.627479
 0 0.627483
 0 0.627484
 0 0.627591
 0 0.62764
 0 0.62764
 0 0.627781
 0 0.627781
 0 0.627819
 0 0.62782
 0 0.62782
 0 0.627918
 0 0.627918
 0 0.627947
 0 0.627973
 0 0.627973
 0 0.628039
 0 0.62804
 0 0.62804
 0 0.62804
 0 0.62813
 0 0.62813
 0 0.628174
 0 0.628185
 0 0.628202
 0 0.628233
 0 0.628234
 0 0.628348
 0 0.628352
 0 0.628352
 0 0.628364
 0 0.628402
 0 0.628402
 0 0.628402
 0 0.62844
 0 0.62844
 0 0.62844
 0 0.628487
 0 0.628488
 0 0.62853
 0 0.628531
 0 0.628531
 0 0.628608
 0 0.628609
 0 0.628686
 0 0.628686
 0 0.628686
 0 0.628692
 0 0.628692
 0 0.628763
 0 0.628796
 0 0.628797
 0 0.628798
 0 0.628798
 0 0.628798
 0 0.628866
 0 0.628866
 0 0.628869
 0 0.62887
 0 0.628871
 0 0.628871
 0 0.628892
 0 0.628892
 0 0.628902
 0 0.628912
 0 0.628913
 0 0.628913
 0 0.628927
 0 0.628927
 0 0.628937
 0 0.628949
 0 0.628949
 0 0.62895
 0 0.62895
 0 0.628959
 0 0.628959
 0 0.628963
 0 0.628974
 0 0.628974
 0 0.628974
 0 0.628974
 0 0.628974
 0 0.628975
 0 0.628976
 0 0.629003
 0 0.629086
 0 0.629086
 0 0.629086
 0 0.629086
 0 0.629087
 0 0.629106
 0 0.629106
 0 0.629111
 0 0.629112
 0 0.62921
 0 0.629212
 0 0.629213
 0 0.62922
 0 0.629315
 0 0.629324
 0 0.629324
 0 0.629353
 0 0.629353
 0 0.629442
 0 0.629476
 0 0.629476
 0 0.629477
 0 0.629477
 0 0.629478
 0 0.629479
 0 0.629479
 0 0.62951
 0 0.629518
 0 0.629534
 0 0.629534
 0 0.629535
 0 0.62958
 0 0.629668
 0 0.629668
 0 0.629668
 0 0.629716
 0 0.629716
 0 0.629718
 0 0.629759
 0 0.629771
 0 0.629796
 0 0.629802
 0 0.629803
 0 0.629803
 0 0.629804
 0 0.629805
 0 0.629805
 0 0.629822
 0 0.62984
 0 0.629846
 0 0.629846
 0 0.629846
 0 0.629846
 0 0.6299
 0 0.629919
 0 0.629919
 0 0.629923
 0 0.629924
 0 0.62996
 0 0.630017
 0 0.630018
 0 0.630019
 0 0.630036
 0 0.630036
 0 0.630043
 0 0.630043
 0 0.63005
 0 0.630052
 0 0.630082
 0 0.63012
 0 0.630131
 0 0.630131
 0 0.630164
 0 0.630167
 0 0.630201
 0 0.630201
 0 0.630203
 0 0.630203
 0 0.630221
 0 0.630257
 0 0.630257
 0 0.630257
 0 0.630259
 0 0.630276
 0 0.630278
 0 0.630307
 0 0.630308
 0 0.630309
 0 0.63031
 0 0.63031
 0 0.63031
 0 0.63031
 0 0.63031
 0 0.630357
 0 0.630358
 0 0.630358
 0 0.630358
 0 0.630379
 0 0.63038
 0 0.630396
 0 0.630396
 0 0.630396
 0 0.630397
 0 0.630458
 0 0.630459
 0 0.630472
 0 0.630472
 0 0.630505
 0 0.630505
 0 0.630507
 0 0.630517
 0 0.630518
 0 0.630527
 0 0.630527
 0 0.630527
 0 0.630528
 0 0.630547
 0 0.630547
 0 0.630547
 0 0.630548
 0 0.630556
 0 0.630556
 0 0.630557
 0 0.630627
 0 0.630646
 0 0.630646
 0 0.630663
 0 0.630673
 0 0.630673
 0 0.630675
 0 0.630678
 0 0.630678
 0 0.630715
 0 0.630715
 0 0.630715
 0 0.630719
 0 0.63072
 0 0.630721
 0 0.630721
 0 0.630723
 0 0.630725
 0 0.630726
 0 0.630726
 0 0.630747
 0 0.630747
 0 0.630747
 0 0.630747
 0 0.630747
 0 0.630777
 0 0.630777
 0 0.630777
 0 0.630794
 0 0.630795
 0 0.630795
 0 0.63081
 0 0.630836
 0 0.630853
 0 0.630853
 0 0.630887
 0 0.630887
 0 0.630887
 0 0.630887
 0 0.630889
 0 0.630889
 0 0.63089
 0 0.630891
 0 0.630892
 0 0.630925
 0 0.630979
 0 0.63098
 0 0.630998
 0 0.630998
 0 0.631001
 0 0.631014
 0 0.631018
 0 0.631021
 0 0.631022
 0 0.631023
 0 0.631023
 0 0.631047
 0 0.631076
 0 0.631077
 0 0.631077
 0 0.63109
 0 0.63109
 0 0.63109
 0 0.631108
 0 0.631114
 0 0.631115
 0 0.631142
 0 0.631149
 0 0.631149
 0 0.631149
 0 0.631149
 0 0.631175
 0 0.631175
 0 0.631175
 0 0.631176
 0 0.631197
 0 0.631197
 0 0.631198
 0 0.631232
 0 0.631264
 0 0.631264
 0 0.631268
 0 0.63127
 0 0.631276
 0 0.631278
 0 0.631281
 0 0.631286
 0 0.631286
 0 0.631286
 0 0.631286
 0 0.631287
 0 0.631287
 0 0.631302
 0 0.631302
 0 0.631314
 0 0.631314
 0 0.631314
 0 0.631327
 0 0.63134
 0 0.63134
 0 0.631344
 0 0.631351
 0 0.631358
 0 0.631358
 0 0.631361
 0 0.631375
 0 0.631393
 0 0.631393
 0 0.631393
 0 0.631396
 0 0.631408
 0 0.631409
 0 0.631409
 0 0.63141
 0 0.63141
 0 0.631426
 0 0.631434
 0 0.63145
 0 0.631451
 0 0.631457
 0 0.631463
 0 0.631464
 0 0.631469
 0 0.631479
 0 0.631489
 0 0.631489
 0 0.631496
 0 0.631497
 0 0.631497
 0 0.631497
 0 0.631497
 0 0.631547
 0 0.631561
 0 0.63157
 0 0.63157
 0 0.631575
 0 0.631581
 0 0.631589
 0 0.631602
 0 0.631602
 0 0.631602
 0 0.631604
 0 0.631647
 0 0.631648
 0 0.631668
 0 0.631675
 0 0.631679
 0 0.631679
 0 0.631685
 0 0.631685
 0 0.631692
 0 0.631717
 0 0.631717
 0 0.631717
 0 0.631724
 0 0.631725
 0 0.631725
 0 0.631725
 0 0.631726
 0 0.631737
 0 0.631738
 0 0.63174
 0 0.63175
 0 0.631761
 0 0.631766
 0 0.631768
 0 0.63177
 0 0.631779
 0 0.631779
 0 0.63178
 0 0.631787
 0 0.631801
 0 0.631818
 0 0.631828
 0 0.631843
 0 0.631844
 0 0.631851
 0 0.631851
 0 0.631852
 0 0.631852
 0 0.631861
 0 0.631863
 0 0.631863
 0 0.631875
 0 0.631876
 0 0.631876
 0 0.631877
 0 0.631877
 0 0.631888
 0 0.631898
 0 0.631901
 0 0.631901
 0 0.631902
 0 0.631902
 0 0.631902
 0 0.631906
 0 0.631913
 0 0.631923
 0 0.631925
 0 0.631944
 0 0.631944
 0 0.631944
 0 0.631989
 0 0.632015
 0 0.632032
 0 0.632032
 0 0.632039
 0 0.632039
 0 0.63204
 0 0.63204
 0 0.63204
 0 0.632041
 0 0.632042
 0 0.632047
 0 0.632048
 0 0.632049
 0 0.632049
 0 0.632049
 0 0.63205
 0 0.63205
 0 0.632063
 0 0.632063
 0 0.632064
 0 0.632073
 0 0.632073
 0 0.632074
 0 0.632074
 0 0.632076
 0 0.632089
 0 0.632089
 0 0.632102
 0 0.632103
 0 0.632106
 0 0.632108
 0 0.632109
 0 0.632124
 0 0.632133
 0 0.632135
 0 0.632141
 0 0.632141
 0 0.632141
 0 0.632146
 0 0.632153
 0 0.632153
 0 0.632153
 0 0.632155
 0 0.632166
 0 0.632174
 0 0.632174
 0 0.632175
 0 0.632203
 0 0.632203
 0 0.632203
 0 0.632226
 0 0.632226
 0 0.632226
 0 0.632227
 0 0.632232
 0 0.632235
 0 0.632235
 0 0.632235
 0 0.632236
 0 0.632247
 0 0.632248
 0 0.632251
 0 0.632251
 0 0.632257
 0 0.632295
 0 0.632296
 0 0.632296
 0 0.632299
 0 0.632299
 0 0.632307
 0 0.632308
 0 0.632308
 0 0.632308
 0 0.632344
 0 0.632358
 0 0.632368
 0 0.632368
 0 0.63239
 0 0.632396
 0 0.632396
 0 0.632399
 0 0.632399
 0 0.632399
 0 0.632399
 0 0.632399
 0 0.6324
 0 0.6324
 0 0.6324
 0 0.632408
 0 0.63241
 0 0.63241
 0 0.632416
 0 0.632424
 0 0.632425
 0 0.63245
 0 0.632453
 0 0.632455
 0 0.632456
 0 0.632456
 0 0.632458
 0 0.632466
 0 0.632467
 0 0.632467
 0 0.63247
 0 0.632482
 0 0.632489
 0 0.632489
 0 0.63249
 0 0.632503
 0 0.632504
 0 0.632533
 0 0.632533
 0 0.632537
 0 0.632538
 0 0.632548
 0 0.632549
 0 0.632563
 0 0.632568
 0 0.632568
 0 0.632568
 0 0.632568
 0 0.632577
 0 0.632577
 0 0.632577
 0 0.632578
 0 0.632583
 0 0.632583
 0 0.632585
 0 0.632599
 0 0.6326
 0 0.632605
 0 0.632606
 0 0.63261
 0 0.63263
 0 0.63263
 0 0.63263
 0 0.632631
 0 0.632633
 0 0.632634
 0 0.632634
 0 0.632647
 0 0.632648
 0 0.632652
 0 0.632653
 0 0.632653
 0 0.632655
 0 0.632656
 0 0.632657
 0 0.632662
 0 0.632663
 0 0.632677
 0 0.632681
 0 0.632681
 0 0.632682
 0 0.632682
 0 0.632684
 0 0.632687
 0 0.632687
 0 0.632694
 0 0.632694
 0 0.632694
 0 0.632703
 0 0.632719
 0 0.632719
 0 0.632721
 0 0.632739
 0 0.632741
 0 0.632741
 0 0.632743
 0 0.632748
 0 0.632752
 0 0.632754
 0 0.632757
 0 0.632757
 0 0.632758
 0 0.632768
 0 0.632768
 0 0.632775
 0 0.632776
 0 0.632776
 0 0.632777
 0 0.632786
 0 0.632792
 0 0.632793
 0 0.632794
 0 0.632794
 0 0.632808
 0 0.63283
 0 0.632831
 0 0.632838
 0 0.632839
 0 0.63285
 0 0.632865
 0 0.63289
 0 0.632906
 0 0.632906
 0 0.632908
 0 0.632908
 0 0.632916
 0 0.632916
 0 0.632916
 0 0.632926
 0 0.63294
 0 0.63294
 0 0.632942
 0 0.632943
 0 0.632943
 0 0.632959
 0 0.63296
 0 0.63296
 0 0.632961
 0 0.632965
 0 0.632965
 0 0.632971
 0 0.632974
 0 0.632977
 0 0.63298
 0 0.63298
 0 0.63298
 0 0.633
 0 0.633
 0 0.633016
 0 0.633023
 0 0.633025
 0 0.633057
 0 0.63306
 0 0.633062
 0 0.633067
 0 0.633067
 0 0.633072
 0 0.63309
 0 0.633094
 0 0.633096
 0 0.633102
 0 0.633107
 0 0.633108
 0 0.633108
 0 0.633109
 0 0.633125
 0 0.633126
 0 0.633127
 0 0.633127
 0 0.633127
 0 0.63313
 0 0.63313
 0 0.63313
 0 0.633136
 0 0.633136
 0 0.633136
 0 0.633136
 0 0.633137
 0 0.633137
 0 0.633138
 0 0.633139
 0 0.633147
 0 0.633147
 0 0.633158
 0 0.633159
 0 0.63316
 0 0.633172
 0 0.633197
 0 0.633197
 0 0.633201
 0 0.633205
 0 0.633211
 0 0.633212
 0 0.633215
 0 0.633215
 0 0.633215
 0 0.633222
 0 0.633234
 0 0.633236
 0 0.633241
 0 0.633241
 0 0.633244
 0 0.633244
 0 0.633246
 0 0.633249
 0 0.633251
 0 0.633252
 0 0.633253
 0 0.633266
 0 0.633266
 0 0.633266
 0 0.633266
 0 0.633267
 0 0.633267
 0 0.633267
 0 0.633267
 0 0.633267
 0 0.633267
 0 0.633269
 0 0.633274
 0 0.633275
 0 0.63328
 0 0.633281
 0 0.633281
 0 0.633281
 0 0.633281
 0 0.633282
 0 0.633282
 0 0.633282
 0 0.633298
 0 0.633325
 0 0.633325
 0 0.633335
 0 0.633335
 0 0.633335
 0 0.633338
 0 0.633343
 0 0.633344
 0 0.633345
 0 0.633345
 0 0.633345
 0 0.633348
 0 0.633348
 0 0.633348
 0 0.633348
 0 0.633354
 0 0.633355
 0 0.633355
 0 0.633356
 0 0.633357
 0 0.633369
 0 0.633385
 0 0.633386
 0 0.63339
 0 0.633392
 0 0.633392
 0 0.633392
 0 0.633392
 0 0.633404
 0 0.633408
 0 0.633409
 0 0.633409
 0 0.633411
 0 0.633411
 0 0.633417
 0 0.633417
 0 0.633421
 0 0.633429
 0 0.633468
 0 0.633468
 0 0.633474
 0 0.633475
 0 0.633496
 0 0.633496
 0 0.633496
 0 0.633509
 0 0.633509
 0 0.63351
 0 0.633524
 0 0.633524
 0 0.633524
 0 0.633524
 0 0.633525
 0 0.633529
 0 0.63353
 0 0.633531
 0 0.633533
 0 0.633536
 0 0.633536
 0 0.633536
 0 0.633538
 0 0.633538
 0 0.633543
 0 0.633544
 0 0.633544
 0 0.633551
 0 0.633551
 0 0.633551
 0 0.633552
 0 0.633564
 0 0.63357
 0 0.633603
 0 0.633603
 0 0.633604
 0 0.633604
 0 0.633609
 0 0.63361
 0 0.633612
 0 0.633615
 0 0.633617
 0 0.633629
 0 0.633629
 0 0.63363
 0 0.63363
 0 0.633631
 0 0.633639
 0 0.633639
 0 0.633653
 0 0.633654
 0 0.633654
 0 0.633666
 0 0.633666
 0 0.633667
 0 0.633672
 0 0.633672
 0 0.633673
 0 0.633673
 0 0.633694
 0 0.633715
 0 0.633715
 0 0.633728
 0 0.633729
 0 0.633729
 0 0.63373
 0 0.633734
 0 0.633735
 0 0.633754
 0 0.63376
 0 0.633762
 0 0.633776
 0 0.633776
 0 0.633777
 0 0.633777
 0 0.633778
 0 0.633778
 0 0.633792
 0 0.633797
 0 0.633802
 0 0.633813
 0 0.633815
 0 0.63382
 0 0.633837
 0 0.633838
 0 0.633852
 0 0.633852
 0 0.633853
 0 0.633853
 0 0.633854
 0 0.633854
 0 0.633867
 0 0.633867
 0 0.633873
 0 0.633873
 0 0.633873
 0 0.633888
 0 0.633903
 0 0.633915
 0 0.633916
 0 0.633916
 0 0.633917
 0 0.633917
 0 0.633927
 0 0.633928
 0 0.63394
 0 0.63394
 0 0.63394
 0 0.633961
 0 0.633973
 0 0.633991
 0 0.633991
 0 0.633998
 0 0.634
 0 0.634001
 0 0.634006
 0 0.634006
 0 0.63402
 0 0.634035
 0 0.634035
 0 0.634039
 0 0.634047
 0 0.634059
 0 0.634098
 0 0.6341
 0 0.634101
 0 0.634101
 0 0.634103
 0 0.634115
 0 0.634115
 0 0.634115
 0 0.634116
 0 0.634137
 0 0.634149
 0 0.634149
 0 0.634149
 0 0.63415
 0 0.634156
 0 0.634159
 0 0.634165
 0 0.634166
 0 0.634168
 0 0.634181
 0 0.634182
 0 0.634182
 0 0.63419
 0 0.63419
 0 0.63419
 0 0.634191
 0 0.634192
 0 0.634194
 0 0.634197
 0 0.634207
 0 0.634207
 0 0.634209
 0 0.634209
 0 0.634213
 0 0.634213
 0 0.634214
 0 0.634221
 0 0.634234
 0 0.634235
 0 0.634235
 0 0.634236
 0 0.634249
 0 0.63425
 0 0.634251
 0 0.634253
 0 0.634257
 0 0.634257
 0 0.63426
 0 0.63426
 0 0.63426
 0 0.634264
 0 0.634265
 0 0.634269
 0 0.634281
 0 0.634283
 0 0.634301
 0 0.634301
 0 0.634307
 0 0.634313
 0 0.634336
 0 0.634336
 0 0.634339
 0 0.634339
 0 0.634345
 0 0.634345
 0 0.634347
 0 0.634348
 0 0.63436
 0 0.63436
 0 0.63436
 0 0.63436
 0 0.63437
 0 0.634371
 0 0.63438
 0 0.63438
 0 0.63438
 0 0.634392
 0 0.634407
 0 0.634409
 0 0.634426
 0 0.634426
 0 0.634426
 0 0.634428
 0 0.634435
 0 0.634436
 0 0.634436
 0 0.634436
 0 0.634448
 0 0.63445
 0 0.63445
 0 0.634455
 0 0.634455
 0 0.634458
 0 0.634459
 0 0.634464
 0 0.634469
 0 0.634471
 0 0.634471
 0 0.634472
 0 0.634486
 0 0.634486
 0 0.634486
 0 0.634493
 0 0.634496
 0 0.634496
 0 0.634496
 0 0.6345
 0 0.634503
 0 0.634512
 0 0.634512
 0 0.634531
 0 0.634533
 0 0.634533
 0 0.634534
 0 0.634544
 0 0.634547
 0 0.634547
 0 0.634569
 0 0.634569
 0 0.634606
 0 0.634606
 0 0.634612
 0 0.634613
 0 0.634621
 0 0.634621
 0 0.634622
 0 0.634623
 0 0.634632
 0 0.634665
 0 0.634665
 0 0.63467
 0 0.63467
 0 0.634688
 0 0.63473
 0 0.63473
 0 0.63473
 0 0.63473
 0 0.634741
 0 0.634748
 0 0.634748
 0 0.634766
 0 0.634767
 0 0.634767
 0 0.634795
 0 0.634796
 0 0.634802
 0 0.634803
 0 0.634809
 0 0.634809
 0 0.63481
 0 0.634811
 0 0.634811
 0 0.634843
 0 0.634845
 0 0.634845
 0 0.634847
 0 0.634847
 0 0.63485
 0 0.63485
 0 0.634851
 0 0.634852
 0 0.634852
 0 0.634859
 0 0.634864
 0 0.634877
 0 0.634903
 0 0.634903
 0 0.634903
 0 0.63491
 0 0.634912
 0 0.634921
 0 0.634921
 0 0.634934
 0 0.634934
 0 0.634957
 0 0.634963
 0 0.634971
 0 0.634972
 0 0.634973
 0 0.634985
 0 0.634995
 0 0.634996
 0 0.634997
 0 0.63501
 0 0.635011
 0 0.635011
 0 0.635045
 0 0.635058
 0 0.635059
 0 0.63506
 0 0.63506
 0 0.635061
 0 0.635061
 0 0.635062
 0 0.635064
 0 0.635075
 0 0.635076
 0 0.635077
 0 0.635098
 0 0.635123
 0 0.635124
 0 0.635124
 0 0.635133
 0 0.635134
 0 0.635136
 0 0.635146
 0 0.635188
 0 0.635188
 0 0.635189
 0 0.635189
 0 0.635189
 0 0.635189
 0 0.635218
 0 0.635233
 0 0.635234
 0 0.635234
 0 0.63524
 0 0.63524
 0 0.63524
 0 0.635242
 0 0.635248
 0 0.635248
 0 0.635249
 0 0.635254
 0 0.635298
 0 0.635302
 0 0.635302
 0 0.635302
 0 0.635306
 0 0.635306
 0 0.635309
 0 0.635311
 0 0.635313
 0 0.635313
 0 0.635313
 0 0.635318
 0 0.635334
 0 0.635363
 0 0.635366
 0 0.635366
 0 0.635373
 0 0.635373
 0 0.635378
 0 0.635378
 0 0.635379
 0 0.635397
 0 0.635407
 0 0.635408
 0 0.635409
 0 0.63541
 0 0.635423
 0 0.635423
 0 0.635424
 0 0.635424
 0 0.635427
 0 0.635435
 0 0.635446
 0 0.635461
 0 0.635463
 0 0.635468
 0 0.635468
 0 0.63547
 0 0.635475
 0 0.63548
 0 0.635486
 0 0.635487
 0 0.635488
 0 0.635504
 0 0.635504
 0 0.635516
 0 0.635523
 0 0.635525
 0 0.635526
 0 0.635526
 0 0.635542
 0 0.635545
 0 0.635545
 0 0.635545
 0 0.63555
 0 0.635575
 0 0.635582
 0 0.635584
 0 0.635594
 0 0.635595
 0 0.635599
 0 0.635607
 0 0.635609
 0 0.635612
 0 0.635629
 0 0.635629
 0 0.63563
 0 0.635633
 0 0.635634
 0 0.635636
 0 0.635638
 0 0.635652
 0 0.635652
 0 0.635652
 0 0.635652
 0 0.635654
 0 0.635654
 0 0.635667
 0 0.635667
 0 0.635675
 0 0.63569
 0 0.63569
 0 0.63569
 0 0.635692
 0 0.635692
 0 0.635702
 0 0.635702
 0 0.635722
 0 0.635726
 0 0.635727
 0 0.635744
 0 0.635745
 0 0.635749
 0 0.635752
 0 0.635767
 0 0.635772
 0 0.635772
 0 0.635772
 0 0.63578
 0 0.63578
 0 0.635795
 0 0.635801
 0 0.635801
 0 0.635801
 0 0.635802
 0 0.635803
 0 0.635812
 0 0.635813
 0 0.635815
 0 0.635825
 0 0.635829
 0 0.635829
 0 0.635832
 0 0.635838
 0 0.63584
 0 0.635855
 0 0.635856
 0 0.635877
 0 0.635881
 0 0.635882
 0 0.635894
 0 0.635894
 0 0.635907
 0 0.63593
 0 0.635931
 0 0.635932
 0 0.635932
 0 0.635933
 0 0.635934
 0 0.635934
 0 0.63594
 0 0.635941
 0 0.635942
 0 0.635946
 0 0.635947
 0 0.635947
 0 0.635947
 0 0.635992
 0 0.635997
 0 0.636005
 0 0.636011
 0 0.636011
 0 0.636021
 0 0.636023
 0 0.636028
 0 0.636035
 0 0.636036
 0 0.636053
 0 0.636053
 0 0.636053
 0 0.636081
 0 0.636083
 0 0.636095
 0 0.63611
 0 0.63611
 0 0.63611
 0 0.636112
 0 0.636112
 0 0.636112
 0 0.63613
 0 0.636137
 0 0.636146
 0 0.636157
 0 0.636201
 0 0.636204
 0 0.636212
 0 0.636213
 0 0.636215
 0 0.636215
 0 0.636215
 0 0.636219
 0 0.636233
 0 0.636236
 0 0.636247
 0 0.636247
 0 0.63625
 0 0.636283
 0 0.636303
 0 0.636303
 0 0.636303
 0 0.636309
 0 0.636309
 0 0.636325
 0 0.636325
 0 0.636325
 0 0.636343
 0 0.636344
 0 0.636345
 0 0.636346
 0 0.636346
 0 0.636349
 0 0.63635
 0 0.63635
 0 0.636351
 0 0.636351
 0 0.636351
 0 0.636355
 0 0.636355
 0 0.636364
 0 0.636388
 0 0.636392
 0 0.636392
 0 0.636393
 0 0.636393
 0 0.636393
 0 0.6364
 0 0.636405
 0 0.636416
 0 0.636416
 0 0.636421
 0 0.636423
 0 0.636424
 0 0.636424
 0 0.636425
 0 0.636426
 0 0.636429
 0 0.636438
 0 0.63644
 0 0.636441
 0 0.636453
 0 0.636479
 0 0.636479
 0 0.63648
 0 0.636495
 0 0.636495
 0 0.636498
 0 0.636498
 0 0.636498
 0 0.636528
 0 0.636528
 0 0.636529
 0 0.636529
 0 0.636529
 0 0.636535
 0 0.636535
 0 0.636558
 0 0.636558
 0 0.636558
 0 0.636558
 0 0.636596
 0 0.636601
 0 0.636601
 0 0.636613
 0 0.636617
 0 0.636617
 0 0.636618
 0 0.636623
 0 0.636623
 0 0.636624
 0 0.636624
 0 0.636624
 0 0.636626
 0 0.636626
 0 0.636645
 0 0.636645
 0 0.636648
 0 0.636649
 0 0.636657
 0 0.636671
 0 0.636686
 0 0.636687
 0 0.636695
 0 0.636695
 0 0.636696
 0 0.636708
 0 0.636709
 0 0.63671
 0 0.636745
 0 0.636751
 0 0.636758
 0 0.636758
 0 0.636758
 0 0.636758
 0 0.63678
 0 0.63678
 0 0.636785
 0 0.636795
 0 0.636797
 0 0.636803
 0 0.636817
 0 0.636817
 0 0.636844
 0 0.636844
 0 0.636844
 0 0.636851
 0 0.636851
 0 0.636895
 0 0.636898
 0 0.636903
 0 0.636903
 0 0.636903
 0 0.636904
 0 0.636935
 0 0.636935
 0 0.636935
 0 0.636935
 0 0.636936
 0 0.636936
 0 0.636937
 0 0.636962
 0 0.636962
 0 0.636963
 0 0.636997
 0 0.637006
 0 0.637007
 0 0.637036
 0 0.637051
 0 0.637052
 0 0.637075
 0 0.637075
 0 0.637097
 0 0.637097
 0 0.637097
 0 0.637102
 0 0.637106
 0 0.637106
 0 0.637113
 0 0.637113
 0 0.637113
 0 0.637121
 0 0.637121
 0 0.637134
 0 0.637134
 0 0.637135
 0 0.637151
 0 0.637171
 0 0.637191
 0 0.637192
 0 0.637194
 0 0.637195
 0 0.637211
 0 0.637221
 0 0.637223
 0 0.637224
 0 0.63723
 0 0.63723
 0 0.63723
 0 0.637231
 0 0.637252
 0 0.637252
 0 0.637255
 0 0.637269
 0 0.637271
 0 0.637273
 0 0.637277
 0 0.637277
 0 0.637278
 0 0.637278
 0 0.637289
 0 0.637314
 0 0.637314
 0 0.637315
 0 0.637326
 0 0.637342
 0 0.637342
 0 0.637342
 0 0.637367
 0 0.637368
 0 0.637368
 0 0.637368
 0 0.637414
 0 0.637421
 0 0.637421
 0 0.637421
 0 0.637423
 0 0.637427
 0 0.637427
 0 0.637427
 0 0.637436
 0 0.637471
 0 0.637471
 0 0.637472
 0 0.637472
 0 0.637535
 0 0.637618
 0 0.637618
 0 0.637632
 0 0.637632
 0 0.637634
 0 0.637634
 0 0.637634
 0 0.637656
 0 0.637657
 0 0.637751
 0 0.637753
 0 0.637753
 0 0.637753
 0 0.63779
 0 0.63779
 0 0.63779
 0 0.63779
 0 0.63779
 0 0.63779
 0 0.637799
 0 0.637799
 0 0.637799
 0 0.637813
 0 0.637813
 0 0.637813
 0 0.637868
 0 0.637871
 0 0.63788
 0 0.637886
 0 0.637924
 0 0.637925
 0 0.637925
 0 0.637927
 0 0.637954
 0 0.637966
 0 0.637966
 0 0.637967
 0 0.637967
 0 0.637995
 0 0.638006
 0 0.63803
 0 0.638043
 0 0.638057
 0 0.638058
 0 0.638059
 0 0.638072
 0 0.638104
 0 0.638104
 0 0.638123
 0 0.638124
 0 0.638125
 0 0.638125
 0 0.638266
 0 0.638267
 0 0.638288
 0 0.638369
 0 0.638369
 0 0.638377
 0 0.638382
 0 0.638382
 0 0.638382
 0 0.638387
 0 0.638388
 0 0.638388
 0 0.638442
 0 0.638443
 0 0.638563
 0 0.638563
 0 0.638588
 0 0.638588
 0 0.6386
 0 0.638662
 0 0.638759
 0 0.638759
 0 0.638759
 0 0.638761
 0 0.638761
 0 0.638788
 0 0.638788
 0 0.638788
 0 0.638834
 0 0.638873
 0 0.639064
 0 0.639098
 0 0.6391
 0 0.639107
 0 0.639107
 0 0.639107
 0 0.639124
 0 0.639128
 0 0.639128
 0 0.639145
 0 0.639145
 0 0.639177
 0 0.639177
 0 0.639177
 0 0.639177
 0 0.639281
 0 0.63929
 0 0.63929
 0 0.639293
 0 0.639295
 0 0.639295
 0 0.639295
 0 0.639317
 0 0.639328
 0 0.639328
 0 0.639332
 0 0.639332
 0 0.639376
 0 0.639423
 0 0.639456
 0 0.639579
 0 0.63965
 0 0.639697
 0 0.639697
 0 0.639732
 0 0.639911
 0 0.639934
 0 0.639934
 0 0.639951
 0 0.639958
 0 0.640027
 0 0.640027
 0 0.640029
 0 0.64003
 0 0.64003
 0 0.640049
 0 0.640049
 0 0.640055
 0 0.640058
 0 0.640058
 0 0.640058
 0 0.640266
 0 0.640266
 0 0.640376
 0 0.640377
 0 0.64046
 0 0.64046
 0 0.640564
 0 0.640597
 0 0.640621
 0 0.640707
 0 0.640817
 0 0.640817
 0 0.640818
 0 0.640831
 0 0.640832
 0 0.640855
 0 0.640856
 0 0.641139
 0 0.641197
 0 0.641198
 0 0.641217
 0 0.641219
 0 0.6413
 0 0.6413
 0 0.6413
 0 0.641318
 0 0.641324
 0 0.641324
 0 0.641633
 0 0.641816
 0 0.641816
 0 0.641818
 0 0.641873
 0 0.641873
 0 0.641873
 0 0.641873
 0 0.642066
 0 0.642067
 0 0.642067
 0 0.642097
 0 0.642097
 0 0.642098
 0 0.642115
 0 0.642116
 0 0.642165
 0 0.642171
 0 0.642171
 0 0.642215
 0 0.642284
 0 0.642346
 0 0.642349
 0 0.642349
 0 0.642349
 0 0.642368
 0 0.642368
 0 0.642369
 0 0.642396
 0 0.642672
 0 0.642673
 0 0.642779
 0 0.642781
 0 0.642814
 0 0.64283
 0 0.643629
 0 0.643905
 0 0.643907
 0 0.644616
 0 0.644616
 0 0.645559
 0 0.645684
 0 0.645685
 0 0.645685
 0 1.4798
 0 1.55466
 0 2.05749
 0 2.74435
 0 3.5113
 0 3.73399
 0 inf
