 0 0.625937
 0 0.626254
 0 0.626275
 0 0.626276
 0 0.626276
 0 0.626325
 0 0.626472
 0 0.626473
 0 0.626761
 0 0.627222
 0 0.627659
 0 0.627659
 0 0.627857
 0 0.62793
 0 0.62793
 0 0.628116
 0 0.628148
 0 0.628148
 0 0.628187
 0 0.628234
 0 0.628462
 0 0.628462
 0 0.628464
 0 0.628603
 0 0.628603
 0 0.628604
 0 0.628651
 0 0.628652
 0 0.628717
 0 0.628742
 0 0.628831
 0 0.628908
 0 0.628909
 0 0.628909
 0 0.628937
 0 0.629039
 0 0.629039
 0 0.629039
 0 0.629039
 0 0.629039
 0 0.629074
 0 0.629078
 0 0.629096
 0 0.629096
 0 0.629112
 0 0.629121
 0 0.62919
 0 0.62919
 0 0.629231
 0 0.629233
 0 0.629233
 0 0.629248
 0 0.629249
 0 0.629249
 0 0.629258
 0 0.629261
 0 0.629326
 0 0.629365
 0 0.629365
 0 0.629414
 0 0.629432
 0 0.629465
 0 0.629466
 0 0.629504
 0 0.629549
 0 0.62955
 0 0.62958
 0 0.629581
 0 0.629581
 0 0.629588
 0 0.629656
 0 0.629656
 0 0.629667
 0 0.629785
 0 0.629823
 0 0.629823
 0 0.629823
 0 0.629842
 0 0.629843
 0 0.629843
 0 0.629849
 0 0.629868
 0 0.629965
 0 0.629965
 0 0.630001
 0 0.630002
 0 0.630002
 0 0.630002
 0 0.630002
 0 0.630024
 0 0.630025
 0 0.630053
 0 0.630054
 0 0.630087
 0 0.630087
 0 0.630088
 0 0.630092
 0 0.630093
 0 0.630093
 0 0.630102
 0 0.630147
 0 0.630147
 0 0.630201
 0 0.630201
 0 0.630201
 0 0.630212
 0 0.630212
 0 0.630234
 0 0.630243
 0 0.630244
 0 0.630278
 0 0.63029
 0 0.63029
 0 0.630291
 0 0.6303
 0 0.6303
 0 0.6303
 0 0.630334
 0 0.630365
 0 0.630366
 0 0.630372
 0 0.630373
 0 0.630397
 0 0.630417
 0 0.630417
 0 0.630418
 0 0.630418
 0 0.630419
 0 0.630465
 0 0.630499
 0 0.630562
 0 0.630563
 0 0.630564
 0 0.630568
 0 0.630568
 0 0.630569
 0 0.630569
 0 0.630572
 0 0.630573
 0 0.630573
 0 0.630573
 0 0.6306
 0 0.630623
 0 0.630623
 0 0.630639
 0 0.630639
 0 0.630644
 0 0.630644
 0 0.630645
 0 0.63065
 0 0.630652
 0 0.630652
 0 0.630657
 0 0.630657
 0 0.630697
 0 0.630715
 0 0.630715
 0 0.630721
 0 0.630738
 0 0.630759
 0 0.630759
 0 0.63076
 0 0.63076
 0 0.630783
 0 0.630801
 0 0.630801
 0 0.630814
 0 0.630874
 0 0.630919
 0 0.630937
 0 0.630938
 0 0.630949
 0 0.630949
 0 0.63095
 0 0.630984
 0 0.630985
 0 0.630985
 0 0.630985
 0 0.630985
 0 0.631005
 0 0.631017
 0 0.631017
 0 0.631041
 0 0.63105
 0 0.631054
 0 0.631054
 0 0.631054
 0 0.631073
 0 0.631136
 0 0.631149
 0 0.63115
 0 0.63115
 0 0.631166
 0 0.631166
 0 0.63118
 0 0.631181
 0 0.631188
 0 0.631188
 0 0.631198
 0 0.63122
 0 0.631221
 0 0.631231
 0 0.631235
 0 0.631248
 0 0.63125
 0 0.63125
 0 0.631251
 0 0.631276
 0 0.631294
 0 0.631295
 0 0.631295
 0 0.631297
 0 0.631336
 0 0.631336
 0 0.631336
 0 0.631337
 0 0.631337
 0 0.631337
 0 0.631337
 0 0.631338
 0 0.631347
 0 0.631347
 0 0.63135
 0 0.63135
 0 0.631351
 0 0.631358
 0 0.631383
 0 0.631383
 0 0.631384
 0 0.631388
 0 0.631399
 0 0.63141
 0 0.631415
 0 0.631431
 0 0.631443
 0 0.631444
 0 0.631446
 0 0.631447
 0 0.631453
 0 0.631453
 0 0.631454
 0 0.631455
 0 0.631461
 0 0.631475
 0 0.631477
 0 0.631495
 0 0.631498
 0 0.63151
 0 0.63151
 0 0.63151
 0 0.631533
 0 0.631533
 0 0.631534
 0 0.631534
 0 0.631534
 0 0.631534
 0 0.631536
 0 0.631542
 0 0.631543
 0 0.631546
 0 0.631546
 0 0.631546
 0 0.631546
 0 0.63159
 0 0.631621
 0 0.631631
 0 0.631636
 0 0.631648
 0 0.631649
 0 0.63165
 0 0.63165
 0 0.631653
 0 0.63166
 0 0.631661
 0 0.631661
 0 0.631679
 0 0.631685
 0 0.631712
 0 0.63173
 0 0.631737
 0 0.631737
 0 0.631739
 0 0.631739
 0 0.63174
 0 0.631748
 0 0.63175
 0 0.631766
 0 0.631766
 0 0.631767
 0 0.631769
 0 0.63177
 0 0.63177
 0 0.631771
 0 0.631786
 0 0.631787
 0 0.631792
 0 0.631799
 0 0.631805
 0 0.631808
 0 0.631808
 0 0.631809
 0 0.631826
 0 0.631849
 0 0.631849
 0 0.63185
 0 0.631854
 0 0.631855
 0 0.631855
 0 0.63188
 0 0.631882
 0 0.631886
 0 0.631886
 0 0.631887
 0 0.631888
 0 0.63189
 0 0.631894
 0 0.631899
 0 0.631899
 0 0.6319
 0 0.6319
 0 0.631913
 0 0.631925
 0 0.63194
 0 0.63194
 0 0.63194
 0 0.631941
 0 0.631941
 0 0.631955
 0 0.631966
 0 0.631989
 0 0.631989
 0 0.631989
 0 0.631989
 0 0.632006
 0 0.632007
 0 0.632043
 0 0.632051
 0 0.632067
 0 0.632081
 0 0.632081
 0 0.632083
 0 0.632083
 0 0.632084
 0 0.632084
 0 0.632088
 0 0.632088
 0 0.632096
 0 0.632096
 0 0.632104
 0 0.632104
 0 0.632104
 0 0.632105
 0 0.632106
 0 0.632108
 0 0.63211
 0 0.63211
 0 0.632115
 0 0.632115
 0 0.632116
 0 0.632116
 0 0.632116
 0 0.632121
 0 0.632125
 0 0.632125
 0 0.632125
 0 0.632125
 0 0.632127
 0 0.632127
 0 0.632127
 0 0.632127
 0 0.632127
 0 0.632127
 0 0.632127
 0 0.632136
 0 0.632137
 0 0.632142
 0 0.632143
 0 0.632143
 0 0.632145
 0 0.632155
 0 0.63216
 0 0.63216
 0 0.632162
 0 0.632169
 0 0.63217
 0 0.63217
 0 0.632171
 0 0.632178
 0 0.632194
 0 0.632196
 0 0.632207
 0 0.632207
 0 0.632207
 0 0.632213
 0 0.632236
 0 0.632237
 0 0.632242
 0 0.632243
 0 0.632243
 0 0.632262
 0 0.632262
 0 0.632262
 0 0.632265
 0 0.632265
 0 0.632271
 0 0.632273
 0 0.632273
 0 0.632274
 0 0.632274
 0 0.632274
 0 0.632292
 0 0.632293
 0 0.632308
 0 0.632308
 0 0.63233
 0 0.632349
 0 0.632351
 0 0.632362
 0 0.632362
 0 0.63237
 0 0.63237
 0 0.632394
 0 0.6324
 0 0.6324
 0 0.6324
 0 0.6324
 0 0.6324
 0 0.6324
 0 0.632413
 0 0.632414
 0 0.632459
 0 0.632459
 0 0.63246
 0 0.632472
 0 0.632475
 0 0.632475
 0 0.632483
 0 0.632493
 0 0.632495
 0 0.632507
 0 0.632507
 0 0.632508
 0 0.632515
 0 0.632517
 0 0.632529
 0 0.632539
 0 0.63254
 0 0.632542
 0 0.632542
 0 0.632542
 0 0.632554
 0 0.632558
 0 0.632558
 0 0.632558
 0 0.632558
 0 0.632558
 0 0.632559
 0 0.632559
 0 0.632571
 0 0.632576
 0 0.632576
 0 0.632578
 0 0.632582
 0 0.632583
 0 0.632592
 0 0.632597
 0 0.632597
 0 0.632602
 0 0.632602
 0 0.632603
 0 0.632603
 0 0.63262
 0 0.63262
 0 0.632621
 0 0.632621
 0 0.632624
 0 0.632624
 0 0.632627
 0 0.632628
 0 0.632646
 0 0.632646
 0 0.632646
 0 0.632661
 0 0.632676
 0 0.632676
 0 0.632704
 0 0.632704
 0 0.632705
 0 0.632705
 0 0.632723
 0 0.632723
 0 0.632725
 0 0.63273
 0 0.632731
 0 0.632731
 0 0.632731
 0 0.632732
 0 0.632732
 0 0.632732
 0 0.632733
 0 0.632736
 0 0.632747
 0 0.632748
 0 0.632748
 0 0.632755
 0 0.632756
 0 0.632757
 0 0.632757
 0 0.632758
 0 0.632758
 0 0.632759
 0 0.632767
 0 0.632776
 0 0.63279
 0 0.63279
 0 0.632792
 0 0.632793
 0 0.632798
 0 0.632799
 0 0.63281
 0 0.632811
 0 0.632814
 0 0.632817
 0 0.632823
 0 0.632837
 0 0.632838
 0 0.632838
 0 0.632838
 0 0.632838
 0 0.632838
 0 0.632843
 0 0.632844
 0 0.632844
 0 0.632844
 0 0.632845
 0 0.632875
 0 0.632881
 0 0.632887
 0 0.632888
 0 0.632889
 0 0.632894
 0 0.632899
 0 0.632902
 0 0.632903
 0 0.632904
 0 0.632906
 0 0.632919
 0 0.632923
 0 0.632936
 0 0.632936
 0 0.632942
 0 0.632944
 0 0.632944
 0 0.632956
 0 0.632962
 0 0.632963
 0 0.632963
 0 0.632964
 0 0.632969
 0 0.63297
 0 0.63297
 0 0.632974
 0 0.632977
 0 0.632981
 0 0.632982
 0 0.632984
 0 0.632984
 0 0.63299
 0 0.63299
 0 0.632991
 0 0.632993
 0 0.633
 0 0.633009
 0 0.633013
 0 0.633014
 0 0.633016
 0 0.633016
 0 0.633017
 0 0.633028
 0 0.633029
 0 0.633029
 0 0.633029
 0 0.633029
 0 0.633029
 0 0.633029
 0 0.633043
 0 0.633045
 0 0.633046
 0 0.633047
 0 0.633047
 0 0.633049
 0 0.633058
 0 0.633061
 0 0.633061
 0 0.633061
 0 0.633061
 0 0.633066
 0 0.633066
 0 0.633072
 0 0.633073
 0 0.633073
 0 0.633073
 0 0.633075
 0 0.633075
 0 0.633076
 0 0.633078
 0 0.633082
 0 0.633083
 0 0.633084
 0 0.633084
 0 0.633099
 0 0.633109
 0 0.633109
 0 0.633123
 0 0.633139
 0 0.63314
 0 0.63314
 0 0.633144
 0 0.633146
 0 0.633146
 0 0.633147
 0 0.633147
 0 0.633153
 0 0.633159
 0 0.633159
 0 0.633169
 0 0.633169
 0 0.63317
 0 0.633177
 0 0.633177
 0 0.633178
 0 0.633178
 0 0.633178
 0 0.633179
 0 0.633186
 0 0.633186
 0 0.633207
 0 0.633208
 0 0.633215
 0 0.633215
 0 0.63322
 0 0.633221
 0 0.633256
 0 0.633258
 0 0.633258
 0 0.633259
 0 0.633269
 0 0.63327
 0 0.633283
 0 0.633286
 0 0.633304
 0 0.633323
 0 0.633324
 0 0.633326
 0 0.633326
 0 0.633327
 0 0.633327
 0 0.633327
 0 0.633329
 0 0.63333
 0 0.633339
 0 0.63334
 0 0.633361
 0 0.633364
 0 0.633365
 0 0.633367
 0 0.633367
 0 0.633369
 0 0.63337
 0 0.633377
 0 0.633377
 0 0.633385
 0 0.633386
 0 0.633389
 0 0.63341
 0 0.633411
 0 0.633411
 0 0.633411
 0 0.633412
 0 0.633419
 0 0.633426
 0 0.633426
 0 0.633434
 0 0.633442
 0 0.633444
 0 0.633444
 0 0.633449
 0 0.633456
 0 0.633457
 0 0.63346
 0 0.633461
 0 0.633462
 0 0.633465
 0 0.633477
 0 0.633478
 0 0.633478
 0 0.633483
 0 0.633483
 0 0.633493
 0 0.633497
 0 0.633506
 0 0.633509
 0 0.63351
 0 0.633511
 0 0.633515
 0 0.633516
 0 0.633521
 0 0.633522
 0 0.633527
 0 0.633538
 0 0.633538
 0 0.633576
 0 0.633582
 0 0.633587
 0 0.633588
 0 0.633596
 0 0.633596
 0 0.633596
 0 0.633597
 0 0.633601
 0 0.633601
 0 0.633601
 0 0.633603
 0 0.633603
 0 0.63361
 0 0.633611
 0 0.633612
 0 0.633613
 0 0.633623
 0 0.633628
 0 0.633629
 0 0.633629
 0 0.633629
 0 0.63363
 0 0.63363
 0 0.633631
 0 0.633635
 0 0.633639
 0 0.633639
 0 0.63364
 0 0.633647
 0 0.633647
 0 0.633664
 0 0.633665
 0 0.633666
 0 0.633666
 0 0.633668
 0 0.633668
 0 0.63367
 0 0.633677
 0 0.633678
 0 0.633679
 0 0.633682
 0 0.633683
 0 0.633683
 0 0.633688
 0 0.633691
 0 0.633698
 0 0.633698
 0 0.633698
 0 0.633698
 0 0.633698
 0 0.633698
 0 0.633702
 0 0.633702
 0 0.633702
 0 0.633703
 0 0.633703
 0 0.633703
 0 0.633707
 0 0.633707
 0 0.633707
 0 0.633708
 0 0.633717
 0 0.633724
 0 0.633734
 0 0.633751
 0 0.633751
 0 0.633753
 0 0.633753
 0 0.633755
 0 0.633755
 0 0.633761
 0 0.63377
 0 0.633772
 0 0.633772
 0 0.633772
 0 0.633772
 0 0.633772
 0 0.633774
 0 0.633774
 0 0.633791
 0 0.633795
 0 0.633796
 0 0.633796
 0 0.633796
 0 0.633802
 0 0.633802
 0 0.633802
 0 0.633802
 0 0.633806
 0 0.633828
 0 0.633829
 0 0.633829
 0 0.633831
 0 0.633843
 0 0.633843
 0 0.63385
 0 0.633853
 0 0.633864
 0 0.633866
 0 0.633878
 0 0.633881
 0 0.633882
 0 0.633884
 0 0.633884
 0 0.633884
 0 0.633886
 0 0.633892
 0 0.633902
 0 0.633904
 0 0.633904
 0 0.633905
 0 0.633905
 0 0.63391
 0 0.633911
 0 0.633918
 0 0.633937
 0 0.633946
 0 0.633947
 0 0.633948
 0 0.633948
 0 0.633952
 0 0.633954
 0 0.633954
 0 0.633954
 0 0.633954
 0 0.63396
 0 0.633963
 0 0.633965
 0 0.63397
 0 0.63397
 0 0.633975
 0 0.633978
 0 0.633978
 0 0.63398
 0 0.633986
 0 0.633987
 0 0.633987
 0 0.633987
 0 0.633989
 0 0.633994
 0 0.633994
 0 0.633995
 0 0.633995
 0 0.633999
 0 0.633999
 0 0.634001
 0 0.634001
 0 0.634001
 0 0.63402
 0 0.634021
 0 0.634021
 0 0.634022
 0 0.634022
 0 0.634022
 0 0.634023
 0 0.634023
 0 0.634023
 0 0.634025
 0 0.634032
 0 0.634036
 0 0.634037
 0 0.634042
 0 0.634044
 0 0.634049
 0 0.634049
 0 0.634051
 0 0.634056
 0 0.634057
 0 0.634057
 0 0.634058
 0 0.634062
 0 0.634062
 0 0.634066
 0 0.634074
 0 0.634085
 0 0.634085
 0 0.634086
 0 0.634087
 0 0.634087
 0 0.634087
 0 0.634088
 0 0.634088
 0 0.634088
 0 0.634089
 0 0.634089
 0 0.634096
 0 0.634099
 0 0.634102
 0 0.634103
 0 0.634105
 0 0.634105
 0 0.634113
 0 0.634113
 0 0.634114
 0 0.634117
 0 0.634131
 0 0.634132
 0 0.634132
 0 0.634132
 0 0.634132
 0 0.634139
 0 0.634139
 0 0.634139
 0 0.63414
 0 0.634157
 0 0.634165
 0 0.634174
 0 0.634176
 0 0.634176
 0 0.634176
 0 0.634197
 0 0.634198
 0 0.634199
 0 0.634207
 0 0.634209
 0 0.634209
 0 0.634212
 0 0.634212
 0 0.634213
 0 0.634214
 0 0.634215
 0 0.634225
 0 0.634225
 0 0.634226
 0 0.634229
 0 0.634231
 0 0.634231
 0 0.634233
 0 0.634233
 0 0.634234
 0 0.634234
 0 0.634236
 0 0.634236
 0 0.63424
 0 0.63424
 0 0.634255
 0 0.634255
 0 0.634257
 0 0.634257
 0 0.63426
 0 0.63426
 0 0.63426
 0 0.63426
 0 0.634261
 0 0.634264
 0 0.634264
 0 0.634278
 0 0.634279
 0 0.634279
 0 0.634281
 0 0.634298
 0 0.634299
 0 0.634303
 0 0.634309
 0 0.63431
 0 0.63431
 0 0.63431
 0 0.634335
 0 0.634335
 0 0.634335
 0 0.634339
 0 0.634339
 0 0.634341
 0 0.634359
 0 0.63436
 0 0.63436
 0 0.63436
 0 0.63436
 0 0.63436
 0 0.63436
 0 0.63436
 0 0.63436
 0 0.634361
 0 0.634361
 0 0.634371
 0 0.634372
 0 0.634373
 0 0.634376
 0 0.634377
 0 0.634377
 0 0.634377
 0 0.634381
 0 0.634418
 0 0.634418
 0 0.63443
 0 0.634431
 0 0.634435
 0 0.634441
 0 0.634452
 0 0.634455
 0 0.634455
 0 0.634455
 0 0.634455
 0 0.634456
 0 0.634459
 0 0.634459
 0 0.634462
 0 0.634464
 0 0.63447
 0 0.634472
 0 0.634483
 0 0.634485
 0 0.6345
 0 0.634503
 0 0.634505
 0 0.63451
 0 0.634518
 0 0.634518
 0 0.634518
 0 0.634527
 0 0.63453
 0 0.63453
 0 0.634531
 0 0.634534
 0 0.634534
 0 0.634535
 0 0.634536
 0 0.634544
 0 0.634544
 0 0.634549
 0 0.63456
 0 0.634562
 0 0.634562
 0 0.634563
 0 0.634563
 0 0.634566
 0 0.634579
 0 0.634585
 0 0.634605
 0 0.634607
 0 0.634612
 0 0.634613
 0 0.634613
 0 0.634613
 0 0.634613
 0 0.634613
 0 0.634614
 0 0.634618
 0 0.634618
 0 0.634641
 0 0.634641
 0 0.634641
 0 0.634641
 0 0.634643
 0 0.634656
 0 0.634656
 0 0.634656
 0 0.634657
 0 0.634657
 0 0.634681
 0 0.634682
 0 0.634682
 0 0.634682
 0 0.634685
 0 0.634685
 0 0.634686
 0 0.634691
 0 0.634692
 0 0.634698
 0 0.634719
 0 0.63472
 0 0.63472
 0 0.634723
 0 0.634723
 0 0.634723
 0 0.634724
 0 0.634725
 0 0.634725
 0 0.634727
 0 0.634729
 0 0.634729
 0 0.634731
 0 0.634732
 0 0.634742
 0 0.634742
 0 0.634742
 0 0.634744
 0 0.634749
 0 0.634751
 0 0.634751
 0 0.634756
 0 0.634759
 0 0.634767
 0 0.634769
 0 0.634769
 0 0.634774
 0 0.634776
 0 0.634776
 0 0.634783
 0 0.634784
 0 0.634784
 0 0.634784
 0 0.634784
 0 0.634785
 0 0.634786
 0 0.634787
 0 0.634788
 0 0.634789
 0 0.634789
 0 0.634794
 0 0.634795
 0 0.634795
 0 0.634795
 0 0.634797
 0 0.634812
 0 0.634812
 0 0.634813
 0 0.634813
 0 0.634813
 0 0.634821
 0 0.634821
 0 0.634829
 0 0.634833
 0 0.634834
 0 0.634834
 0 0.634842
 0 0.634843
 0 0.634843
 0 0.634853
 0 0.634862
 0 0.634874
 0 0.634883
 0 0.634883
 0 0.63489
 0 0.634909
 0 0.634921
 0 0.634935
 0 0.634936
 0 0.634937
 0 0.634945
 0 0.634946
 0 0.634946
 0 0.634949
 0 0.634949
 0 0.634957
 0 0.634963
 0 0.634963
 0 0.634963
 0 0.634965
 0 0.634965
 0 0.634971
 0 0.634976
 0 0.634982
 0 0.634987
 0 0.634987
 0 0.634988
 0 0.635002
 0 0.635005
 0 0.635008
 0 0.635008
 0 0.635011
 0 0.635012
 0 0.635012
 0 0.635013
 0 0.635014
 0 0.635016
 0 0.635016
 0 0.635017
 0 0.635026
 0 0.635027
 0 0.635028
 0 0.635041
 0 0.635042
 0 0.635042
 0 0.635048
 0 0.635051
 0 0.635051
 0 0.635059
 0 0.635076
 0 0.635077
 0 0.635077
 0 0.63508
 0 0.635086
 0 0.635086
 0 0.635089
 0 0.635116
 0 0.635117
 0 0.63512
 0 0.63512
 0 0.635122
 0 0.635122
 0 0.635122
 0 0.635141
 0 0.635143
 0 0.635145
 0 0.63516
 0 0.63516
 0 0.635168
 0 0.635183
 0 0.635205
 0 0.635205
 0 0.635209
 0 0.635209
 0 0.635209
 0 0.63521
 0 0.63522
 0 0.635221
 0 0.635221
 0 0.635221
 0 0.635228
 0 0.635228
 0 0.635229
 0 0.635229
 0 0.63523
 0 0.635232
 0 0.635241
 0 0.635243
 0 0.635249
 0 0.635255
 0 0.635255
 0 0.635255
 0 0.635272
 0 0.635281
 0 0.635287
 0 0.63529
 0 0.6353
 0 0.635304
 0 0.635309
 0 0.635337
 0 0.635337
 0 0.635338
 0 0.635338
 0 0.635373
 0 0.635378
 0 0.635378
 0 0.635385
 0 0.635385
 0 0.635396
 0 0.635397
 0 0.63541
 0 0.63541
 0 0.635413
 0 0.635414
 0 0.635419
 0 0.635419
 0 0.635419
 0 0.635427
 0 0.635427
 0 0.635427
 0 0.635428
 0 0.635433
 0 0.635433
 0 0.635438
 0 0.635438
 0 0.635438
 0 0.635438
 0 0.635438
 0 0.635468
 0 0.635469
 0 0.635473
 0 0.635473
 0 0.635473
 0 0.635473
 0 0.635475
 0 0.635476
 0 0.635487
 0 0.635488
 0 0.635489
 0 0.635493
 0 0.635494
 0 0.635494
 0 0.635503
 0 0.635504
 0 0.635504
 0 0.635504
 0 0.635513
 0 0.635513
 0 0.635522
 0 0.635526
 0 0.635526
 0 0.635528
 0 0.63553
 0 0.635531
 0 0.635554
 0 0.635554
 0 0.635555
 0 0.635556
 0 0.635556
 0 0.635556
 0 0.635558
 0 0.635558
 0 0.635558
 0 0.63557
 0 0.635589
 0 0.635589
 0 0.635607
 0 0.635607
 0 0.635608
 0 0.635613
 0 0.635613
 0 0.635614
 0 0.635615
 0 0.635615
 0 0.63563
 0 0.63563
 0 0.63563
 0 0.635631
 0 0.635642
 0 0.635642
 0 0.635648
 0 0.635663
 0 0.635663
 0 0.635663
 0 0.635663
 0 0.635664
 0 0.635678
 0 0.635678
 0 0.63568
 0 0.635681
 0 0.635681
 0 0.635688
 0 0.635688
 0 0.635688
 0 0.635689
 0 0.635689
 0 0.635712
 0 0.635714
 0 0.635718
 0 0.635718
 0 0.635718
 0 0.635718
 0 0.635719
 0 0.635728
 0 0.635739
 0 0.635752
 0 0.635752
 0 0.635752
 0 0.635764
 0 0.635766
 0 0.635785
 0 0.635785
 0 0.635787
 0 0.635796
 0 0.635806
 0 0.635806
 0 0.635808
 0 0.635809
 0 0.635811
 0 0.635812
 0 0.635817
 0 0.635835
 0 0.635835
 0 0.635835
 0 0.635847
 0 0.63585
 0 0.63585
 0 0.635866
 0 0.635881
 0 0.635882
 0 0.635882
 0 0.635882
 0 0.635883
 0 0.635883
 0 0.6359
 0 0.635909
 0 0.635916
 0 0.635916
 0 0.635916
 0 0.635918
 0 0.635919
 0 0.635935
 0 0.635953
 0 0.63596
 0 0.635961
 0 0.635964
 0 0.635964
 0 0.635964
 0 0.635964
 0 0.635992
 0 0.635993
 0 0.636013
 0 0.636035
 0 0.636035
 0 0.63604
 0 0.636047
 0 0.636049
 0 0.636057
 0 0.636057
 0 0.636057
 0 0.636058
 0 0.636058
 0 0.636064
 0 0.636065
 0 0.636065
 0 0.636066
 0 0.63609
 0 0.636092
 0 0.636092
 0 0.636098
 0 0.636099
 0 0.63613
 0 0.636131
 0 0.63614
 0 0.636141
 0 0.636142
 0 0.636142
 0 0.636142
 0 0.636145
 0 0.636146
 0 0.636146
 0 0.636146
 0 0.636149
 0 0.636171
 0 0.636172
 0 0.63618
 0 0.636181
 0 0.636181
 0 0.636199
 0 0.636208
 0 0.636208
 0 0.636208
 0 0.636215
 0 0.636216
 0 0.636216
 0 0.636222
 0 0.636223
 0 0.636229
 0 0.63623
 0 0.636237
 0 0.636312
 0 0.636312
 0 0.636312
 0 0.636312
 0 0.636331
 0 0.636343
 0 0.636344
 0 0.636344
 0 0.636344
 0 0.636355
 0 0.636357
 0 0.636368
 0 0.636368
 0 0.636397
 0 0.636399
 0 0.636401
 0 0.636401
 0 0.636401
 0 0.636401
 0 0.636418
 0 0.636418
 0 0.636419
 0 0.636419
 0 0.63642
 0 0.636428
 0 0.63643
 0 0.63643
 0 0.636431
 0 0.636432
 0 0.636432
 0 0.636439
 0 0.636442
 0 0.636469
 0 0.636516
 0 0.636517
 0 0.636517
 0 0.636517
 0 0.636517
 0 0.636517
 0 0.636523
 0 0.636524
 0 0.636554
 0 0.636565
 0 0.636591
 0 0.636591
 0 0.636592
 0 0.636593
 0 0.636593
 0 0.636597
 0 0.636599
 0 0.636603
 0 0.636603
 0 0.636608
 0 0.636611
 0 0.636611
 0 0.636643
 0 0.636644
 0 0.636644
 0 0.636645
 0 0.636695
 0 0.636734
 0 0.636763
 0 0.636763
 0 0.636764
 0 0.636768
 0 0.636768
 0 0.636769
 0 0.636783
 0 0.636784
 0 0.636787
 0 0.636787
 0 0.636796
 0 0.636796
 0 0.636801
 0 0.636801
 0 0.636803
 0 0.636803
 0 0.636805
 0 0.636805
 0 0.636846
 0 0.63685
 0 0.636851
 0 0.636851
 0 0.636863
 0 0.636864
 0 0.636864
 0 0.636871
 0 0.636871
 0 0.636874
 0 0.636894
 0 0.636894
 0 0.636921
 0 0.636933
 0 0.636934
 0 0.636949
 0 0.63695
 0 0.636962
 0 0.63697
 0 0.63697
 0 0.63697
 0 0.636983
 0 0.636984
 0 0.636984
 0 0.636985
 0 0.636985
 0 0.636997
 0 0.637003
 0 0.63701
 0 0.63701
 0 0.637025
 0 0.637026
 0 0.637034
 0 0.637034
 0 0.637034
 0 0.637034
 0 0.637042
 0 0.637045
 0 0.637051
 0 0.637051
 0 0.637074
 0 0.637084
 0 0.637085
 0 0.637085
 0 0.637085
 0 0.637088
 0 0.637088
 0 0.637095
 0 0.637096
 0 0.637097
 0 0.637098
 0 0.6371
 0 0.637102
 0 0.637102
 0 0.637115
 0 0.637116
 0 0.637121
 0 0.637121
 0 0.637121
 0 0.637122
 0 0.637134
 0 0.637135
 0 0.637139
 0 0.63714
 0 0.637163
 0 0.637163
 0 0.637164
 0 0.637164
 0 0.637164
 0 0.63718
 0 0.63718
 0 0.637201
 0 0.637203
 0 0.637238
 0 0.637239
 0 0.637255
 0 0.637256
 0 0.637257
 0 0.637257
 0 0.63726
 0 0.637276
 0 0.637276
 0 0.637285
 0 0.637287
 0 0.637287
 0 0.637287
 0 0.637303
 0 0.637303
 0 0.637329
 0 0.637329
 0 0.63733
 0 0.637335
 0 0.637361
 0 0.637361
 0 0.637369
 0 0.63737
 0 0.637371
 0 0.637371
 0 0.637372
 0 0.637401
 0 0.637408
 0 0.637409
 0 0.63741
 0 0.63741
 0 0.637411
 0 0.637411
 0 0.637411
 0 0.637411
 0 0.637418
 0 0.637419
 0 0.637422
 0 0.637515
 0 0.637515
 0 0.637568
 0 0.637587
 0 0.637587
 0 0.637588
 0 0.637591
 0 0.637593
 0 0.637611
 0 0.637611
 0 0.637679
 0 0.637687
 0 0.637687
 0 0.637688
 0 0.637718
 0 0.637723
 0 0.637725
 0 0.637747
 0 0.637747
 0 0.637747
 0 0.637747
 0 0.637748
 0 0.637762
 0 0.637762
 0 0.637763
 0 0.637785
 0 0.637798
 0 0.637798
 0 0.637798
 0 0.637798
 0 0.637798
 0 0.63782
 0 0.63783
 0 0.63783
 0 0.63783
 0 0.63783
 0 0.637852
 0 0.637923
 0 0.637926
 0 0.637926
 0 0.637926
 0 0.637926
 0 0.637937
 0 0.637939
 0 0.63794
 0 0.637963
 0 0.637964
 0 0.637964
 0 0.63797
 0 0.637985
 0 0.637985
 0 0.637999
 0 0.638016
 0 0.63802
 0 0.63802
 0 0.638055
 0 0.638055
 0 0.638055
 0 0.638125
 0 0.638135
 0 0.638171
 0 0.638195
 0 0.638196
 0 0.638232
 0 0.638233
 0 0.638287
 0 0.638289
 0 0.638291
 0 0.638304
 0 0.638334
 0 0.638387
 0 0.638429
 0 0.638515
 0 0.638515
 0 0.638517
 0 0.638518
 0 0.638525
 0 0.638569
 0 0.63857
 0 0.638594
 0 0.638594
 0 0.638595
 0 0.638606
 0 0.638606
 0 0.638628
 0 0.638628
 0 0.638628
 0 0.638628
 0 0.638629
 0 0.638629
 0 0.638629
 0 0.638638
 0 0.638638
 0 0.638638
 0 0.63868
 0 0.638722
 0 0.638722
 0 0.638722
 0 0.638722
 0 0.638834
 0 0.638834
 0 0.638834
 0 0.638834
 0 0.638834
 0 0.638884
 0 0.638885
 0 0.638885
 0 0.638913
 0 0.638968
 0 0.639138
 0 0.639144
 0 0.639342
 0 0.639409
 0 0.63941
 0 0.63941
 0 0.639555
 0 0.639556
 0 0.639557
 0 0.639593
 0 0.639594
 0 0.639797
 0 0.639991
 0 0.640005
 0 0.640017
 0 0.640136
 0 0.640136
 0 0.640269
 0 0.640269
 0 0.641077
 0 0.641078
 0 0.641079
 0 0.641079
 0 0.64123
 0 0.641346
 0 0.641347
 0 0.641514
 0 0.641543
 0 0.641545
 0 0.64197
 0 0.642376
 0 0.642376
 0 0.642831
 0 0.642831
 0 0.645813
 0 0.645813
 0 0.645814
 0 0.64591
 0 0.646088
 0 0.646088
 0 3.3106
 0 3.3106
 0 3.31163
 0 3.31163
 0 3.31163
 0 3.31163
 0 inf
