 0 0.488382
 0 0.488816
 0 0.489255
 0 0.489255
 0 0.489467
 0 0.489468
 0 0.494229
 0 0.494777
 0 0.494778
 0 0.49517
 0 0.49517
 0 0.495171
 0 0.622881
 0 0.622881
 0 0.622913
 0 0.622914
 0 0.622917
 0 0.622917
 0 0.622917
 0 0.623064
 0 0.623064
 0 0.623474
 0 0.623475
 0 0.623475
 0 0.62352
 0 0.623521
 0 0.623521
 0 0.623725
 0 0.623773
 0 0.623773
 0 0.623775
 0 0.623857
 0 0.623995
 0 0.624007
 0 0.624167
 0 0.624168
 0 0.624168
 0 0.624189
 0 0.62419
 0 0.62438
 0 0.62438
 0 0.624457
 0 0.624511
 0 0.624511
 0 0.624511
 0 0.624511
 0 0.624521
 0 0.624626
 0 0.624626
 0 0.624771
 0 0.62485
 0 0.62485
 0 0.624913
 0 0.624914
 0 0.624914
 0 0.624914
 0 0.624993
 0 0.625177
 0 0.625177
 0 0.625187
 0 0.625187
 0 0.625204
 0 0.625512
 0 0.625512
 0 0.625522
 0 0.625522
 0 0.625522
 0 0.625524
 0 0.625525
 0 0.625525
 0 0.625744
 0 0.625744
 0 0.625799
 0 0.625799
 0 0.625899
 0 0.625927
 0 0.625927
 0 0.625927
 0 0.625927
 0 0.625927
 0 0.625943
 0 0.626019
 0 0.626025
 0 0.626032
 0 0.626046
 0 0.626106
 0 0.626106
 0 0.626109
 0 0.626112
 0 0.626112
 0 0.626167
 0 0.62618
 0 0.626363
 0 0.626378
 0 0.62638
 0 0.62638
 0 0.62638
 0 0.62646
 0 0.626461
 0 0.626662
 0 0.626695
 0 0.626695
 0 0.626743
 0 0.626768
 0 0.626768
 0 0.626776
 0 0.626777
 0 0.626787
 0 0.626787
 0 0.626812
 0 0.626813
 0 0.626863
 0 0.626863
 0 0.626863
 0 0.626869
 0 0.626869
 0 0.626869
 0 0.626891
 0 0.626892
 0 0.626919
 0 0.626921
 0 0.626949
 0 0.626949
 0 0.626964
 0 0.626968
 0 0.626985
 0 0.626991
 0 0.62704
 0 0.62704
 0 0.62704
 0 0.62704
 0 0.627051
 0 0.627051
 0 0.627052
 0 0.627052
 0 0.627104
 0 0.627114
 0 0.627141
 0 0.627141
 0 0.627208
 0 0.627231
 0 0.627287
 0 0.627341
 0 0.627342
 0 0.627349
 0 0.627383
 0 0.62739
 0 0.627513
 0 0.627513
 0 0.627514
 0 0.627595
 0 0.627596
 0 0.627605
 0 0.627606
 0 0.627609
 0 0.627609
 0 0.627632
 0 0.627632
 0 0.627632
 0 0.627632
 0 0.627632
 0 0.627635
 0 0.627635
 0 0.627669
 0 0.627722
 0 0.627785
 0 0.627786
 0 0.627848
 0 0.627848
 0 0.627883
 0 0.627897
 0 0.627918
 0 0.627918
 0 0.627918
 0 0.627918
 0 0.627952
 0 0.627995
 0 0.628036
 0 0.62804
 0 0.62804
 0 0.628042
 0 0.628049
 0 0.628124
 0 0.628125
 0 0.628125
 0 0.628135
 0 0.628166
 0 0.628166
 0 0.628167
 0 0.628208
 0 0.628305
 0 0.628349
 0 0.628349
 0 0.628356
 0 0.628357
 0 0.628358
 0 0.628359
 0 0.628397
 0 0.628491
 0 0.628507
 0 0.628507
 0 0.628534
 0 0.628541
 0 0.628541
 0 0.62858
 0 0.62858
 0 0.628601
 0 0.628602
 0 0.628651
 0 0.628652
 0 0.628676
 0 0.628676
 0 0.628678
 0 0.628683
 0 0.628684
 0 0.628697
 0 0.628697
 0 0.628698
 0 0.628698
 0 0.628709
 0 0.62871
 0 0.62871
 0 0.62871
 0 0.628748
 0 0.628749
 0 0.628783
 0 0.628784
 0 0.628806
 0 0.628807
 0 0.628808
 0 0.628823
 0 0.628824
 0 0.628832
 0 0.628839
 0 0.628847
 0 0.628847
 0 0.628847
 0 0.628848
 0 0.628849
 0 0.628849
 0 0.628851
 0 0.628864
 0 0.628886
 0 0.628887
 0 0.628892
 0 0.628892
 0 0.628893
 0 0.628899
 0 0.628899
 0 0.628959
 0 0.62896
 0 0.62896
 0 0.62896
 0 0.629003
 0 0.629012
 0 0.629064
 0 0.629064
 0 0.629127
 0 0.629127
 0 0.629159
 0 0.629159
 0 0.629159
 0 0.629165
 0 0.629165
 0 0.629165
 0 0.629255
 0 0.629261
 0 0.629262
 0 0.629282
 0 0.629287
 0 0.629287
 0 0.629287
 0 0.629287
 0 0.629288
 0 0.629293
 0 0.629293
 0 0.629293
 0 0.629293
 0 0.629324
 0 0.629324
 0 0.629325
 0 0.629325
 0 0.629356
 0 0.629364
 0 0.629382
 0 0.629398
 0 0.629408
 0 0.629413
 0 0.629505
 0 0.629517
 0 0.629518
 0 0.629518
 0 0.62952
 0 0.629522
 0 0.629522
 0 0.629528
 0 0.629528
 0 0.629529
 0 0.629549
 0 0.629563
 0 0.629575
 0 0.629604
 0 0.629604
 0 0.629618
 0 0.629618
 0 0.629681
 0 0.629708
 0 0.629709
 0 0.629744
 0 0.629744
 0 0.629744
 0 0.62975
 0 0.62975
 0 0.629765
 0 0.629766
 0 0.629788
 0 0.629795
 0 0.629795
 0 0.629795
 0 0.629802
 0 0.629802
 0 0.629812
 0 0.629813
 0 0.629814
 0 0.62986
 0 0.629861
 0 0.629866
 0 0.629866
 0 0.629904
 0 0.629935
 0 0.629981
 0 0.630011
 0 0.630041
 0 0.630041
 0 0.630046
 0 0.630046
 0 0.630054
 0 0.630055
 0 0.630063
 0 0.630063
 0 0.630065
 0 0.630105
 0 0.630115
 0 0.630115
 0 0.630115
 0 0.630137
 0 0.630139
 0 0.63014
 0 0.630154
 0 0.630174
 0 0.630175
 0 0.630175
 0 0.630176
 0 0.630191
 0 0.630213
 0 0.630213
 0 0.630221
 0 0.630229
 0 0.630261
 0 0.630261
 0 0.630272
 0 0.630272
 0 0.630274
 0 0.630274
 0 0.630275
 0 0.630277
 0 0.630277
 0 0.630278
 0 0.630278
 0 0.630278
 0 0.630292
 0 0.630302
 0 0.630308
 0 0.630309
 0 0.630318
 0 0.630319
 0 0.630319
 0 0.630335
 0 0.63035
 0 0.63035
 0 0.630369
 0 0.630375
 0 0.630377
 0 0.630425
 0 0.630426
 0 0.630426
 0 0.63043
 0 0.63043
 0 0.63043
 0 0.63043
 0 0.63043
 0 0.630442
 0 0.630444
 0 0.630461
 0 0.630465
 0 0.630466
 0 0.630467
 0 0.630467
 0 0.630475
 0 0.630476
 0 0.630481
 0 0.630481
 0 0.630481
 0 0.630481
 0 0.630496
 0 0.630497
 0 0.630497
 0 0.6305
 0 0.630584
 0 0.630594
 0 0.630594
 0 0.630601
 0 0.630607
 0 0.630626
 0 0.630633
 0 0.630633
 0 0.630651
 0 0.630651
 0 0.630651
 0 0.630651
 0 0.630658
 0 0.630678
 0 0.630688
 0 0.630689
 0 0.630689
 0 0.630691
 0 0.630691
 0 0.630739
 0 0.630748
 0 0.630807
 0 0.630837
 0 0.63084
 0 0.630849
 0 0.630861
 0 0.630861
 0 0.630865
 0 0.630892
 0 0.630892
 0 0.630907
 0 0.630912
 0 0.630912
 0 0.630937
 0 0.630937
 0 0.630938
 0 0.630955
 0 0.630955
 0 0.630957
 0 0.63097
 0 0.630971
 0 0.630971
 0 0.630971
 0 0.630992
 0 0.631042
 0 0.631042
 0 0.631042
 0 0.631052
 0 0.631052
 0 0.631052
 0 0.631052
 0 0.63106
 0 0.631071
 0 0.631071
 0 0.631071
 0 0.631072
 0 0.631086
 0 0.631087
 0 0.631102
 0 0.631112
 0 0.631141
 0 0.631149
 0 0.631156
 0 0.631156
 0 0.63117
 0 0.631171
 0 0.631194
 0 0.631194
 0 0.631194
 0 0.631203
 0 0.631229
 0 0.631229
 0 0.631241
 0 0.631241
 0 0.631241
 0 0.631242
 0 0.631243
 0 0.631279
 0 0.631279
 0 0.631281
 0 0.631285
 0 0.631295
 0 0.631295
 0 0.631296
 0 0.631299
 0 0.631343
 0 0.631343
 0 0.631376
 0 0.63138
 0 0.631386
 0 0.631386
 0 0.631396
 0 0.631396
 0 0.631424
 0 0.631509
 0 0.631547
 0 0.631563
 0 0.631563
 0 0.631563
 0 0.631565
 0 0.631571
 0 0.631584
 0 0.631584
 0 0.631603
 0 0.631605
 0 0.631611
 0 0.631611
 0 0.631661
 0 0.631661
 0 0.631679
 0 0.631679
 0 0.631719
 0 0.63172
 0 0.631721
 0 0.631727
 0 0.631728
 0 0.631731
 0 0.631734
 0 0.631753
 0 0.631753
 0 0.631758
 0 0.631758
 0 0.631762
 0 0.631762
 0 0.631796
 0 0.631796
 0 0.631796
 0 0.631796
 0 0.631808
 0 0.631808
 0 0.631813
 0 0.63183
 0 0.63183
 0 0.63183
 0 0.63183
 0 0.63183
 0 0.63183
 0 0.631834
 0 0.631835
 0 0.631839
 0 0.631852
 0 0.631883
 0 0.631924
 0 0.631925
 0 0.631931
 0 0.631931
 0 0.631934
 0 0.631934
 0 0.631935
 0 0.631935
 0 0.631957
 0 0.631972
 0 0.631973
 0 0.631982
 0 0.631982
 0 0.631982
 0 0.631986
 0 0.631986
 0 0.63199
 0 0.631993
 0 0.632017
 0 0.632044
 0 0.632046
 0 0.63208
 0 0.632081
 0 0.632106
 0 0.632106
 0 0.632112
 0 0.632112
 0 0.632113
 0 0.632117
 0 0.632118
 0 0.632118
 0 0.632118
 0 0.632118
 0 0.632118
 0 0.632152
 0 0.632197
 0 0.632198
 0 0.632205
 0 0.632205
 0 0.632206
 0 0.632267
 0 0.632287
 0 0.632308
 0 0.632308
 0 0.632312
 0 0.632313
 0 0.632352
 0 0.632409
 0 0.632425
 0 0.632425
 0 0.632425
 0 0.632425
 0 0.632428
 0 0.632448
 0 0.632463
 0 0.632467
 0 0.632484
 0 0.632532
 0 0.632532
 0 0.632532
 0 0.632534
 0 0.632538
 0 0.632539
 0 0.63254
 0 0.63254
 0 0.632602
 0 0.632602
 0 0.632602
 0 0.632648
 0 0.632667
 0 0.632674
 0 0.632698
 0 0.632703
 0 0.632703
 0 0.632715
 0 0.632716
 0 0.632725
 0 0.632725
 0 0.632739
 0 0.632739
 0 0.632761
 0 0.632772
 0 0.632774
 0 0.632775
 0 0.632776
 0 0.632776
 0 0.63278
 0 0.632786
 0 0.632788
 0 0.632788
 0 0.632808
 0 0.632814
 0 0.632814
 0 0.632837
 0 0.632837
 0 0.632837
 0 0.632838
 0 0.632838
 0 0.632874
 0 0.632874
 0 0.632875
 0 0.632875
 0 0.632875
 0 0.632875
 0 0.632905
 0 0.632905
 0 0.632906
 0 0.632909
 0 0.63291
 0 0.632912
 0 0.632937
 0 0.632937
 0 0.632937
 0 0.632937
 0 0.632938
 0 0.632938
 0 0.632939
 0 0.633018
 0 0.633025
 0 0.633025
 0 0.633025
 0 0.633044
 0 0.633073
 0 0.633082
 0 0.633082
 0 0.633083
 0 0.633167
 0 0.633168
 0 0.633168
 0 0.633185
 0 0.633185
 0 0.633187
 0 0.633187
 0 0.633188
 0 0.633189
 0 0.633192
 0 0.633192
 0 0.63321
 0 0.633224
 0 0.633224
 0 0.633243
 0 0.633243
 0 0.633243
 0 0.633252
 0 0.633269
 0 0.633282
 0 0.633282
 0 0.633282
 0 0.633297
 0 0.633298
 0 0.633367
 0 0.633367
 0 0.63339
 0 0.633411
 0 0.633411
 0 0.633412
 0 0.633424
 0 0.633424
 0 0.633424
 0 0.633479
 0 0.633481
 0 0.633484
 0 0.633484
 0 0.63349
 0 0.633513
 0 0.633523
 0 0.633597
 0 0.633604
 0 0.633604
 0 0.633613
 0 0.633613
 0 0.633613
 0 0.633667
 0 0.633667
 0 0.633668
 0 0.63367
 0 0.633673
 0 0.633689
 0 0.633689
 0 0.633708
 0 0.633714
 0 0.633716
 0 0.633746
 0 0.633751
 0 0.633752
 0 0.633755
 0 0.633763
 0 0.633764
 0 0.633784
 0 0.633784
 0 0.633784
 0 0.633784
 0 0.633784
 0 0.633808
 0 0.633818
 0 0.633819
 0 0.63384
 0 0.63384
 0 0.633843
 0 0.633847
 0 0.633847
 0 0.633849
 0 0.633896
 0 0.633897
 0 0.6339
 0 0.633902
 0 0.633909
 0 0.633909
 0 0.633909
 0 0.633947
 0 0.633947
 0 0.633947
 0 0.633949
 0 0.633954
 0 0.633955
 0 0.633967
 0 0.633967
 0 0.633967
 0 0.63398
 0 0.63398
 0 0.63398
 0 0.633991
 0 0.634039
 0 0.634066
 0 0.634076
 0 0.634076
 0 0.634077
 0 0.634077
 0 0.634077
 0 0.634077
 0 0.634084
 0 0.634098
 0 0.634098
 0 0.634098
 0 0.634104
 0 0.634124
 0 0.634124
 0 0.634126
 0 0.634142
 0 0.634142
 0 0.634156
 0 0.634182
 0 0.634182
 0 0.634183
 0 0.634197
 0 0.634198
 0 0.634222
 0 0.634238
 0 0.634239
 0 0.634239
 0 0.634239
 0 0.634251
 0 0.634256
 0 0.634264
 0 0.634264
 0 0.634267
 0 0.634328
 0 0.634328
 0 0.634341
 0 0.634342
 0 0.634342
 0 0.634342
 0 0.634346
 0 0.63437
 0 0.634392
 0 0.634392
 0 0.634392
 0 0.634394
 0 0.634394
 0 0.634453
 0 0.634466
 0 0.634466
 0 0.634468
 0 0.634492
 0 0.634492
 0 0.634547
 0 0.634547
 0 0.634547
 0 0.634547
 0 0.634547
 0 0.634552
 0 0.634553
 0 0.63456
 0 0.634581
 0 0.634581
 0 0.634611
 0 0.634611
 0 0.634611
 0 0.634611
 0 0.634612
 0 0.634643
 0 0.634695
 0 0.634695
 0 0.634697
 0 0.634697
 0 0.634698
 0 0.634698
 0 0.634699
 0 0.634699
 0 0.634699
 0 0.634703
 0 0.634704
 0 0.634726
 0 0.634726
 0 0.634745
 0 0.634746
 0 0.634761
 0 0.634765
 0 0.634779
 0 0.63478
 0 0.634783
 0 0.634785
 0 0.634785
 0 0.634803
 0 0.634803
 0 0.634823
 0 0.634824
 0 0.634824
 0 0.634835
 0 0.634835
 0 0.634836
 0 0.634841
 0 0.634841
 0 0.634842
 0 0.634843
 0 0.634862
 0 0.634862
 0 0.634873
 0 0.634874
 0 0.634874
 0 0.634874
 0 0.634874
 0 0.63488
 0 0.634897
 0 0.634897
 0 0.634897
 0 0.634935
 0 0.634936
 0 0.634938
 0 0.634938
 0 0.634962
 0 0.634971
 0 0.635009
 0 0.635009
 0 0.635041
 0 0.635043
 0 0.63505
 0 0.63505
 0 0.63505
 0 0.635051
 0 0.635054
 0 0.635054
 0 0.635071
 0 0.635072
 0 0.635072
 0 0.635072
 0 0.635072
 0 0.635073
 0 0.635076
 0 0.635076
 0 0.635076
 0 0.635095
 0 0.635095
 0 0.635096
 0 0.635096
 0 0.635096
 0 0.635118
 0 0.635118
 0 0.635145
 0 0.635145
 0 0.635145
 0 0.635154
 0 0.635155
 0 0.635156
 0 0.635157
 0 0.635158
 0 0.635158
 0 0.635172
 0 0.635173
 0 0.635173
 0 0.635174
 0 0.635175
 0 0.635183
 0 0.635183
 0 0.635212
 0 0.635214
 0 0.635224
 0 0.635224
 0 0.635225
 0 0.635225
 0 0.635225
 0 0.635226
 0 0.635236
 0 0.635236
 0 0.635236
 0 0.635236
 0 0.635236
 0 0.635251
 0 0.635252
 0 0.635259
 0 0.63526
 0 0.635305
 0 0.635306
 0 0.635341
 0 0.635341
 0 0.635342
 0 0.635342
 0 0.635347
 0 0.635352
 0 0.635353
 0 0.635354
 0 0.635354
 0 0.635362
 0 0.635367
 0 0.635367
 0 0.635388
 0 0.635388
 0 0.635388
 0 0.635388
 0 0.635398
 0 0.635398
 0 0.635413
 0 0.635423
 0 0.635423
 0 0.635424
 0 0.635424
 0 0.635424
 0 0.635432
 0 0.635432
 0 0.635439
 0 0.635439
 0 0.635439
 0 0.635473
 0 0.635473
 0 0.635473
 0 0.635487
 0 0.635495
 0 0.6355
 0 0.635503
 0 0.635504
 0 0.635504
 0 0.635505
 0 0.635514
 0 0.635514
 0 0.635529
 0 0.635529
 0 0.635535
 0 0.635537
 0 0.635539
 0 0.635539
 0 0.635545
 0 0.635557
 0 0.635557
 0 0.635558
 0 0.635578
 0 0.635579
 0 0.635589
 0 0.635608
 0 0.635608
 0 0.635609
 0 0.635639
 0 0.635639
 0 0.635644
 0 0.635646
 0 0.635646
 0 0.635646
 0 0.635646
 0 0.635648
 0 0.635651
 0 0.63567
 0 0.63567
 0 0.635683
 0 0.635683
 0 0.635683
 0 0.635695
 0 0.635696
 0 0.635699
 0 0.635701
 0 0.635701
 0 0.635705
 0 0.635705
 0 0.635705
 0 0.635725
 0 0.635725
 0 0.635726
 0 0.635726
 0 0.635726
 0 0.635727
 0 0.635727
 0 0.635729
 0 0.63573
 0 0.63573
 0 0.635731
 0 0.635731
 0 0.635756
 0 0.635756
 0 0.635757
 0 0.635759
 0 0.63576
 0 0.63576
 0 0.635782
 0 0.635802
 0 0.635803
 0 0.635813
 0 0.635828
 0 0.635828
 0 0.635837
 0 0.635839
 0 0.635839
 0 0.635876
 0 0.635876
 0 0.63589
 0 0.6359
 0 0.6359
 0 0.6359
 0 0.6359
 0 0.6359
 0 0.635901
 0 0.635901
 0 0.635901
 0 0.635931
 0 0.635934
 0 0.635934
 0 0.635935
 0 0.635935
 0 0.635942
 0 0.635945
 0 0.635945
 0 0.635946
 0 0.635985
 0 0.635986
 0 0.636006
 0 0.636006
 0 0.636006
 0 0.636048
 0 0.636049
 0 0.636052
 0 0.636087
 0 0.636099
 0 0.6361
 0 0.636114
 0 0.636121
 0 0.636121
 0 0.636121
 0 0.636126
 0 0.636127
 0 0.636127
 0 0.636127
 0 0.636147
 0 0.636156
 0 0.636177
 0 0.636177
 0 0.636177
 0 0.636195
 0 0.636218
 0 0.636236
 0 0.636247
 0 0.636255
 0 0.636256
 0 0.636257
 0 0.636257
 0 0.636281
 0 0.636313
 0 0.636313
 0 0.636333
 0 0.636334
 0 0.636339
 0 0.636344
 0 0.636344
 0 0.636365
 0 0.636365
 0 0.636366
 0 0.636366
 0 0.636366
 0 0.636366
 0 0.636369
 0 0.636369
 0 0.636373
 0 0.636384
 0 0.636391
 0 0.636391
 0 0.636397
 0 0.63642
 0 0.63642
 0 0.636432
 0 0.636433
 0 0.636457
 0 0.636457
 0 0.636474
 0 0.636474
 0 0.636486
 0 0.636486
 0 0.636486
 0 0.636486
 0 0.636498
 0 0.6365
 0 0.636502
 0 0.636505
 0 0.636505
 0 0.636505
 0 0.636505
 0 0.636508
 0 0.636548
 0 0.636549
 0 0.636566
 0 0.636566
 0 0.636579
 0 0.636586
 0 0.636593
 0 0.636594
 0 0.636598
 0 0.636598
 0 0.636601
 0 0.636602
 0 0.636608
 0 0.636609
 0 0.636623
 0 0.636623
 0 0.636633
 0 0.636644
 0 0.636645
 0 0.636655
 0 0.636655
 0 0.636682
 0 0.636682
 0 0.636683
 0 0.636683
 0 0.636698
 0 0.636698
 0 0.636702
 0 0.636719
 0 0.636723
 0 0.636723
 0 0.636749
 0 0.636756
 0 0.636757
 0 0.636757
 0 0.636759
 0 0.636759
 0 0.636781
 0 0.636781
 0 0.636782
 0 0.636782
 0 0.636783
 0 0.636786
 0 0.636787
 0 0.636795
 0 0.636796
 0 0.6368
 0 0.6368
 0 0.636803
 0 0.636815
 0 0.636815
 0 0.636815
 0 0.636857
 0 0.636857
 0 0.636858
 0 0.636859
 0 0.636859
 0 0.636866
 0 0.636866
 0 0.63687
 0 0.636871
 0 0.636915
 0 0.636915
 0 0.636915
 0 0.636924
 0 0.636926
 0 0.636926
 0 0.636928
 0 0.636953
 0 0.636953
 0 0.636953
 0 0.636957
 0 0.636957
 0 0.636957
 0 0.636957
 0 0.636966
 0 0.637003
 0 0.637004
 0 0.637004
 0 0.637004
 0 0.637019
 0 0.637023
 0 0.637023
 0 0.637034
 0 0.637034
 0 0.637034
 0 0.637034
 0 0.637048
 0 0.637048
 0 0.637064
 0 0.637069
 0 0.637069
 0 0.637072
 0 0.637072
 0 0.637072
 0 0.637073
 0 0.637083
 0 0.637085
 0 0.637088
 0 0.637088
 0 0.637089
 0 0.637089
 0 0.637089
 0 0.637101
 0 0.637101
 0 0.637141
 0 0.637145
 0 0.637154
 0 0.637155
 0 0.637164
 0 0.637198
 0 0.637198
 0 0.637221
 0 0.637222
 0 0.637246
 0 0.637276
 0 0.637276
 0 0.637286
 0 0.637286
 0 0.637288
 0 0.637288
 0 0.637288
 0 0.637311
 0 0.637324
 0 0.637371
 0 0.637397
 0 0.637402
 0 0.637402
 0 0.637409
 0 0.637424
 0 0.63746
 0 0.637465
 0 0.637465
 0 0.637479
 0 0.637479
 0 0.637479
 0 0.637496
 0 0.637502
 0 0.637502
 0 0.637502
 0 0.637515
 0 0.637531
 0 0.637533
 0 0.637549
 0 0.637549
 0 0.637552
 0 0.637552
 0 0.637558
 0 0.637559
 0 0.637577
 0 0.637644
 0 0.637649
 0 0.637649
 0 0.637649
 0 0.637686
 0 0.637687
 0 0.637699
 0 0.63773
 0 0.637731
 0 0.637731
 0 0.637738
 0 0.63774
 0 0.637741
 0 0.637765
 0 0.637766
 0 0.637773
 0 0.637773
 0 0.637773
 0 0.637773
 0 0.637782
 0 0.637782
 0 0.637803
 0 0.637816
 0 0.637828
 0 0.637829
 0 0.637829
 0 0.637859
 0 0.63786
 0 0.637913
 0 0.637914
 0 0.637914
 0 0.637983
 0 0.637998
 0 0.637999
 0 0.638
 0 0.638019
 0 0.638019
 0 0.63802
 0 0.63802
 0 0.638024
 0 0.638026
 0 0.638059
 0 0.638061
 0 0.638061
 0 0.638081
 0 0.638081
 0 0.638083
 0 0.638095
 0 0.638114
 0 0.638114
 0 0.638137
 0 0.638137
 0 0.638137
 0 0.638156
 0 0.638157
 0 0.638161
 0 0.638161
 0 0.638177
 0 0.638224
 0 0.638225
 0 0.638225
 0 0.638225
 0 0.63829
 0 0.638458
 0 0.638458
 0 0.638467
 0 0.638468
 0 0.638468
 0 0.638469
 0 0.638488
 0 0.638489
 0 0.638489
 0 0.638496
 0 0.638536
 0 0.638539
 0 0.638569
 0 0.6386
 0 0.638602
 0 0.638602
 0 0.63863
 0 0.63863
 0 0.63863
 0 0.638657
 0 0.638659
 0 0.638681
 0 0.638681
 0 0.638712
 0 0.638713
 0 0.638725
 0 0.638725
 0 0.638726
 0 0.638728
 0 0.638728
 0 0.638737
 0 0.638784
 0 0.638847
 0 0.638872
 0 0.638874
 0 0.638874
 0 0.638891
 0 0.638891
 0 0.638922
 0 0.638923
 0 0.638923
 0 0.638948
 0 0.639015
 0 0.639015
 0 0.639016
 0 0.639016
 0 0.639016
 0 0.639016
 0 0.639239
 0 0.639239
 0 0.639283
 0 0.639284
 0 0.639343
 0 0.639358
 0 0.639418
 0 0.639458
 0 0.639466
 0 0.639491
 0 0.639586
 0 0.639601
 0 0.639603
 0 0.639619
 0 0.63962
 0 0.63962
 0 0.639663
 0 0.639684
 0 0.639684
 0 0.639703
 0 0.639705
 0 0.639802
 0 0.639802
 0 0.639802
 0 0.639835
 0 0.639836
 0 0.639836
 0 0.639857
 0 0.639902
 0 0.639907
 0 0.639931
 0 0.639932
 0 0.639936
 0 0.640062
 0 0.640076
 0 0.640076
 0 0.640077
 0 0.640095
 0 0.640122
 0 0.640144
 0 0.640144
 0 0.640192
 0 0.640193
 0 0.64025
 0 0.640252
 0 0.640252
 0 0.640319
 0 0.640319
 0 0.64032
 0 0.640332
 0 0.640332
 0 0.64039
 0 0.640391
 0 0.640398
 0 0.640398
 0 0.640459
 0 0.640495
 0 0.640495
 0 0.640595
 0 0.640595
 0 0.640595
 0 0.640635
 0 0.640635
 0 0.640636
 0 0.640637
 0 0.640676
 0 0.640693
 0 0.640694
 0 0.640702
 0 0.640703
 0 0.640703
 0 0.640731
 0 0.6408
 0 0.6408
 0 0.640801
 0 0.640842
 0 0.640925
 0 0.640991
 0 0.641196
 0 0.641197
 0 0.641197
 0 0.641198
 0 0.641265
 0 0.641265
 0 0.641265
 0 0.641301
 0 0.641324
 0 0.641425
 0 0.641425
 0 0.64155
 0 0.641551
 0 0.641551
 0 0.641581
 0 0.641581
 0 0.641631
 0 0.641631
 0 0.641825
 0 0.641825
 0 0.641825
 0 0.642003
 0 0.642145
 0 0.642146
 0 0.64248
 0 0.642518
 0 0.6429
 0 0.6429
 0 0.643437
 0 0.643437
 0 0.643437
 0 0.643511
 0 0.643511
 0 0.643926
 0 0.643927
 0 0.644598
 0 0.644598
 0 0.644599
 0 0.644825
 0 0.644825
 0 0.644826
 0 0.644826
 0 0.645094
 0 0.64538
 0 0.645382
 0 0.648998
 0 0.648998
 0 0.649001
 0 0.649001
 0 0.65039
 0 0.65039
 0 inf
