 0 0.475466
 0 0.475937
 0 0.475937
 0 0.476195
 0 0.476782
 0 0.476782
 0 0.49452
 0 0.495206
 0 0.495206
 0 0.495207
 0 0.495766
 0 0.495766
 0 0.627229
 0 0.627559
 0 0.62765
 0 0.628131
 0 0.628131
 0 0.628553
 0 0.628587
 0 0.628702
 0 0.62907
 0 0.62907
 0 0.629099
 0 0.62912
 0 0.629249
 0 0.629535
 0 0.629535
 0 0.629536
 0 0.62954
 0 0.62954
 0 0.62954
 0 0.629542
 0 0.629683
 0 0.629683
 0 0.629684
 0 0.629743
 0 0.62976
 0 0.629761
 0 0.629885
 0 0.629892
 0 0.629893
 0 0.629893
 0 0.629893
 0 0.629893
 0 0.629992
 0 0.630049
 0 0.630297
 0 0.630297
 0 0.630298
 0 0.630298
 0 0.630338
 0 0.630338
 0 0.630339
 0 0.630417
 0 0.630481
 0 0.630481
 0 0.630481
 0 0.630481
 0 0.630481
 0 0.630481
 0 0.630482
 0 0.630485
 0 0.630497
 0 0.630529
 0 0.630531
 0 0.630531
 0 0.630531
 0 0.630583
 0 0.630584
 0 0.630585
 0 0.630586
 0 0.630586
 0 0.630593
 0 0.630604
 0 0.630605
 0 0.630605
 0 0.630611
 0 0.630611
 0 0.630622
 0 0.630622
 0 0.630622
 0 0.630623
 0 0.630624
 0 0.630632
 0 0.630632
 0 0.630634
 0 0.630661
 0 0.630662
 0 0.630662
 0 0.630663
 0 0.630668
 0 0.630687
 0 0.63069
 0 0.63069
 0 0.630691
 0 0.630709
 0 0.63071
 0 0.63071
 0 0.630713
 0 0.630755
 0 0.630765
 0 0.630765
 0 0.630766
 0 0.630766
 0 0.630837
 0 0.630837
 0 0.630896
 0 0.6309
 0 0.630901
 0 0.630976
 0 0.631003
 0 0.631003
 0 0.63101
 0 0.63101
 0 0.63101
 0 0.631013
 0 0.631015
 0 0.631032
 0 0.631063
 0 0.631064
 0 0.631078
 0 0.631078
 0 0.63108
 0 0.63108
 0 0.631097
 0 0.631101
 0 0.631103
 0 0.631104
 0 0.631104
 0 0.631132
 0 0.631132
 0 0.631132
 0 0.631157
 0 0.631158
 0 0.631159
 0 0.631193
 0 0.631193
 0 0.631193
 0 0.631197
 0 0.63121
 0 0.631229
 0 0.631229
 0 0.631229
 0 0.631275
 0 0.631287
 0 0.631318
 0 0.631376
 0 0.631383
 0 0.631383
 0 0.631393
 0 0.631394
 0 0.631394
 0 0.631459
 0 0.63146
 0 0.631461
 0 0.631462
 0 0.631465
 0 0.631467
 0 0.631502
 0 0.631502
 0 0.631502
 0 0.631528
 0 0.631528
 0 0.631528
 0 0.631602
 0 0.631629
 0 0.631629
 0 0.631629
 0 0.631658
 0 0.63166
 0 0.631678
 0 0.631686
 0 0.6317
 0 0.6317
 0 0.631701
 0 0.631725
 0 0.631725
 0 0.631755
 0 0.631756
 0 0.631764
 0 0.631764
 0 0.631764
 0 0.631793
 0 0.631793
 0 0.631808
 0 0.631811
 0 0.631813
 0 0.631813
 0 0.631813
 0 0.631817
 0 0.631818
 0 0.63185
 0 0.631856
 0 0.631856
 0 0.631861
 0 0.631861
 0 0.631861
 0 0.631863
 0 0.631869
 0 0.63187
 0 0.63187
 0 0.63187
 0 0.631873
 0 0.631874
 0 0.631879
 0 0.631892
 0 0.631892
 0 0.631897
 0 0.631897
 0 0.631897
 0 0.631924
 0 0.631926
 0 0.631927
 0 0.631928
 0 0.63193
 0 0.631933
 0 0.631934
 0 0.63196
 0 0.63196
 0 0.631967
 0 0.631969
 0 0.631969
 0 0.631971
 0 0.631971
 0 0.631976
 0 0.632007
 0 0.632008
 0 0.632014
 0 0.632014
 0 0.632014
 0 0.632016
 0 0.632016
 0 0.632021
 0 0.632021
 0 0.632021
 0 0.63204
 0 0.63205
 0 0.632059
 0 0.632059
 0 0.63206
 0 0.632061
 0 0.632076
 0 0.632076
 0 0.632084
 0 0.632085
 0 0.632095
 0 0.632096
 0 0.632096
 0 0.632096
 0 0.632105
 0 0.632106
 0 0.632107
 0 0.632153
 0 0.632161
 0 0.632167
 0 0.632168
 0 0.632174
 0 0.632174
 0 0.632219
 0 0.632219
 0 0.63222
 0 0.632255
 0 0.632258
 0 0.632275
 0 0.632282
 0 0.632282
 0 0.632286
 0 0.632306
 0 0.632306
 0 0.632308
 0 0.632309
 0 0.632309
 0 0.632313
 0 0.632344
 0 0.632345
 0 0.632392
 0 0.632399
 0 0.632399
 0 0.6324
 0 0.6324
 0 0.6324
 0 0.632401
 0 0.632404
 0 0.632424
 0 0.632445
 0 0.632448
 0 0.632448
 0 0.632501
 0 0.632502
 0 0.632502
 0 0.632522
 0 0.632523
 0 0.632534
 0 0.632534
 0 0.632534
 0 0.632616
 0 0.632616
 0 0.632616
 0 0.632617
 0 0.632617
 0 0.632635
 0 0.632635
 0 0.632636
 0 0.632637
 0 0.632665
 0 0.632687
 0 0.632691
 0 0.632691
 0 0.632695
 0 0.632696
 0 0.632698
 0 0.632712
 0 0.632714
 0 0.632715
 0 0.632715
 0 0.632715
 0 0.632719
 0 0.632725
 0 0.632725
 0 0.632725
 0 0.632744
 0 0.632744
 0 0.63275
 0 0.632751
 0 0.632751
 0 0.632761
 0 0.632791
 0 0.632791
 0 0.632795
 0 0.632803
 0 0.632803
 0 0.632807
 0 0.632815
 0 0.632815
 0 0.632815
 0 0.632836
 0 0.632844
 0 0.632845
 0 0.632849
 0 0.632885
 0 0.632885
 0 0.6329
 0 0.632906
 0 0.632907
 0 0.632907
 0 0.632918
 0 0.632922
 0 0.632922
 0 0.632931
 0 0.632931
 0 0.632936
 0 0.632954
 0 0.632955
 0 0.632966
 0 0.632971
 0 0.632971
 0 0.632977
 0 0.632984
 0 0.632988
 0 0.632997
 0 0.632999
 0 0.633002
 0 0.633002
 0 0.633002
 0 0.633003
 0 0.633004
 0 0.633004
 0 0.633006
 0 0.633007
 0 0.633023
 0 0.633023
 0 0.633023
 0 0.633023
 0 0.633032
 0 0.633032
 0 0.63304
 0 0.63304
 0 0.633054
 0 0.633067
 0 0.633068
 0 0.633068
 0 0.633072
 0 0.633072
 0 0.633072
 0 0.633072
 0 0.633072
 0 0.633074
 0 0.633092
 0 0.633092
 0 0.633092
 0 0.633093
 0 0.633094
 0 0.633116
 0 0.633117
 0 0.633122
 0 0.633122
 0 0.633123
 0 0.633124
 0 0.633132
 0 0.633133
 0 0.633139
 0 0.633143
 0 0.633143
 0 0.633144
 0 0.633146
 0 0.633148
 0 0.633157
 0 0.633159
 0 0.63317
 0 0.63317
 0 0.633171
 0 0.633173
 0 0.63321
 0 0.63321
 0 0.633226
 0 0.633226
 0 0.633231
 0 0.633231
 0 0.633231
 0 0.633231
 0 0.633231
 0 0.633231
 0 0.633232
 0 0.633249
 0 0.633249
 0 0.633249
 0 0.633249
 0 0.633267
 0 0.633269
 0 0.633269
 0 0.633277
 0 0.633278
 0 0.633287
 0 0.633288
 0 0.633289
 0 0.633305
 0 0.633319
 0 0.633351
 0 0.633357
 0 0.633359
 0 0.633373
 0 0.633386
 0 0.633387
 0 0.633387
 0 0.633388
 0 0.633401
 0 0.633402
 0 0.633417
 0 0.633421
 0 0.633421
 0 0.633441
 0 0.633442
 0 0.633443
 0 0.633462
 0 0.633462
 0 0.633462
 0 0.63347
 0 0.633473
 0 0.633489
 0 0.63349
 0 0.633491
 0 0.633513
 0 0.633513
 0 0.633516
 0 0.633521
 0 0.633532
 0 0.633539
 0 0.633541
 0 0.633541
 0 0.633544
 0 0.633544
 0 0.63355
 0 0.633554
 0 0.633554
 0 0.633561
 0 0.63357
 0 0.63357
 0 0.63357
 0 0.633573
 0 0.633575
 0 0.63358
 0 0.63358
 0 0.633581
 0 0.633582
 0 0.633582
 0 0.633583
 0 0.633584
 0 0.633586
 0 0.633587
 0 0.633588
 0 0.633595
 0 0.633595
 0 0.633595
 0 0.633596
 0 0.633596
 0 0.633602
 0 0.633602
 0 0.633603
 0 0.633604
 0 0.633607
 0 0.633612
 0 0.633612
 0 0.633614
 0 0.633616
 0 0.633616
 0 0.633617
 0 0.633623
 0 0.633624
 0 0.633648
 0 0.633648
 0 0.633648
 0 0.633651
 0 0.633651
 0 0.633655
 0 0.633655
 0 0.633656
 0 0.633658
 0 0.633667
 0 0.633677
 0 0.63368
 0 0.633682
 0 0.633685
 0 0.633701
 0 0.633701
 0 0.633726
 0 0.633726
 0 0.633727
 0 0.633727
 0 0.633728
 0 0.633729
 0 0.63373
 0 0.633731
 0 0.633732
 0 0.633733
 0 0.633733
 0 0.633741
 0 0.633743
 0 0.633743
 0 0.633743
 0 0.633747
 0 0.633747
 0 0.633764
 0 0.633765
 0 0.633766
 0 0.633768
 0 0.633769
 0 0.633777
 0 0.633777
 0 0.633777
 0 0.633777
 0 0.633778
 0 0.633781
 0 0.63382
 0 0.633831
 0 0.633831
 0 0.633831
 0 0.633831
 0 0.633854
 0 0.633854
 0 0.633854
 0 0.633854
 0 0.633855
 0 0.633858
 0 0.633866
 0 0.633872
 0 0.633872
 0 0.633874
 0 0.633875
 0 0.633875
 0 0.633881
 0 0.633887
 0 0.633888
 0 0.633888
 0 0.633888
 0 0.633893
 0 0.633895
 0 0.633895
 0 0.633898
 0 0.633899
 0 0.633899
 0 0.633942
 0 0.633943
 0 0.633998
 0 0.634005
 0 0.634006
 0 0.634017
 0 0.634018
 0 0.634018
 0 0.634037
 0 0.634037
 0 0.634046
 0 0.634057
 0 0.634057
 0 0.634068
 0 0.634088
 0 0.63409
 0 0.634102
 0 0.634117
 0 0.634117
 0 0.634119
 0 0.634122
 0 0.634124
 0 0.634128
 0 0.634134
 0 0.634151
 0 0.634152
 0 0.634152
 0 0.634152
 0 0.634154
 0 0.634157
 0 0.634169
 0 0.634169
 0 0.634169
 0 0.63417
 0 0.63417
 0 0.634172
 0 0.634172
 0 0.634172
 0 0.634198
 0 0.634199
 0 0.634229
 0 0.63423
 0 0.63423
 0 0.634253
 0 0.634253
 0 0.634255
 0 0.634274
 0 0.634277
 0 0.634277
 0 0.634278
 0 0.634278
 0 0.634302
 0 0.634304
 0 0.634305
 0 0.634305
 0 0.634338
 0 0.634352
 0 0.634352
 0 0.634352
 0 0.634363
 0 0.634364
 0 0.634364
 0 0.634364
 0 0.634364
 0 0.634365
 0 0.634365
 0 0.634365
 0 0.634365
 0 0.634366
 0 0.634367
 0 0.634373
 0 0.634379
 0 0.63438
 0 0.63438
 0 0.63438
 0 0.634389
 0 0.634407
 0 0.634412
 0 0.634412
 0 0.634412
 0 0.634414
 0 0.634424
 0 0.634424
 0 0.634424
 0 0.634428
 0 0.634428
 0 0.634433
 0 0.634435
 0 0.634436
 0 0.634436
 0 0.63445
 0 0.634452
 0 0.634473
 0 0.634475
 0 0.63449
 0 0.634499
 0 0.634499
 0 0.6345
 0 0.634505
 0 0.634505
 0 0.634505
 0 0.634506
 0 0.634521
 0 0.634522
 0 0.634523
 0 0.634529
 0 0.634529
 0 0.63453
 0 0.63453
 0 0.634538
 0 0.634552
 0 0.634554
 0 0.634554
 0 0.634561
 0 0.634566
 0 0.634566
 0 0.634577
 0 0.634579
 0 0.634579
 0 0.634597
 0 0.634605
 0 0.634605
 0 0.634613
 0 0.634625
 0 0.634634
 0 0.634653
 0 0.634654
 0 0.634654
 0 0.63466
 0 0.634692
 0 0.634692
 0 0.634692
 0 0.634693
 0 0.634693
 0 0.634693
 0 0.634693
 0 0.634693
 0 0.634694
 0 0.63471
 0 0.63471
 0 0.634712
 0 0.634712
 0 0.634713
 0 0.634714
 0 0.634714
 0 0.634719
 0 0.634719
 0 0.634738
 0 0.634745
 0 0.634748
 0 0.634748
 0 0.63475
 0 0.634759
 0 0.63476
 0 0.634769
 0 0.634769
 0 0.634769
 0 0.634769
 0 0.634778
 0 0.634781
 0 0.634802
 0 0.634815
 0 0.634823
 0 0.634824
 0 0.634836
 0 0.634836
 0 0.634837
 0 0.634851
 0 0.634851
 0 0.634852
 0 0.634852
 0 0.634859
 0 0.634859
 0 0.634859
 0 0.634859
 0 0.634871
 0 0.634879
 0 0.634881
 0 0.634881
 0 0.634896
 0 0.634911
 0 0.634913
 0 0.634913
 0 0.634913
 0 0.634926
 0 0.634926
 0 0.634934
 0 0.634934
 0 0.634934
 0 0.634935
 0 0.634935
 0 0.634936
 0 0.634936
 0 0.63494
 0 0.63494
 0 0.634945
 0 0.634947
 0 0.634947
 0 0.634947
 0 0.634949
 0 0.634959
 0 0.634966
 0 0.634971
 0 0.634971
 0 0.634971
 0 0.634971
 0 0.635023
 0 0.635024
 0 0.635024
 0 0.635024
 0 0.635025
 0 0.635027
 0 0.635027
 0 0.635028
 0 0.635028
 0 0.635028
 0 0.635031
 0 0.635032
 0 0.63504
 0 0.63504
 0 0.635042
 0 0.635044
 0 0.635062
 0 0.635063
 0 0.635085
 0 0.635085
 0 0.635087
 0 0.635087
 0 0.635097
 0 0.635099
 0 0.635099
 0 0.635106
 0 0.635107
 0 0.635107
 0 0.635107
 0 0.635108
 0 0.635109
 0 0.63511
 0 0.63511
 0 0.63511
 0 0.63512
 0 0.635126
 0 0.635126
 0 0.635137
 0 0.635137
 0 0.635139
 0 0.635142
 0 0.635143
 0 0.635143
 0 0.635143
 0 0.635145
 0 0.635145
 0 0.635159
 0 0.635176
 0 0.635176
 0 0.635179
 0 0.635188
 0 0.635201
 0 0.635202
 0 0.63521
 0 0.635217
 0 0.635218
 0 0.635218
 0 0.635237
 0 0.635237
 0 0.635241
 0 0.635244
 0 0.635248
 0 0.635254
 0 0.635262
 0 0.635262
 0 0.635264
 0 0.635264
 0 0.635265
 0 0.635265
 0 0.635272
 0 0.635272
 0 0.635274
 0 0.635274
 0 0.635287
 0 0.635287
 0 0.635297
 0 0.635297
 0 0.635299
 0 0.635299
 0 0.635299
 0 0.635311
 0 0.635313
 0 0.635329
 0 0.635332
 0 0.635332
 0 0.635332
 0 0.635344
 0 0.635344
 0 0.635363
 0 0.635378
 0 0.635381
 0 0.63539
 0 0.635397
 0 0.635397
 0 0.635398
 0 0.635398
 0 0.635398
 0 0.635401
 0 0.635401
 0 0.635404
 0 0.635406
 0 0.635406
 0 0.635407
 0 0.635407
 0 0.635429
 0 0.635445
 0 0.635445
 0 0.635446
 0 0.635446
 0 0.635452
 0 0.635454
 0 0.635476
 0 0.635477
 0 0.635482
 0 0.635486
 0 0.635486
 0 0.635486
 0 0.635487
 0 0.635517
 0 0.635518
 0 0.63553
 0 0.63553
 0 0.635532
 0 0.635532
 0 0.635532
 0 0.63554
 0 0.63554
 0 0.635543
 0 0.635569
 0 0.635569
 0 0.635571
 0 0.635577
 0 0.635578
 0 0.63558
 0 0.63558
 0 0.635589
 0 0.635591
 0 0.635591
 0 0.635613
 0 0.635616
 0 0.635617
 0 0.635618
 0 0.635618
 0 0.635626
 0 0.635627
 0 0.635628
 0 0.63563
 0 0.63563
 0 0.63563
 0 0.635633
 0 0.635642
 0 0.635645
 0 0.635646
 0 0.635646
 0 0.635646
 0 0.63565
 0 0.635652
 0 0.635652
 0 0.635655
 0 0.635657
 0 0.635658
 0 0.635667
 0 0.635668
 0 0.635668
 0 0.635668
 0 0.635668
 0 0.635678
 0 0.635678
 0 0.635684
 0 0.635687
 0 0.635687
 0 0.635688
 0 0.635688
 0 0.635705
 0 0.635706
 0 0.635717
 0 0.635722
 0 0.635737
 0 0.635738
 0 0.635746
 0 0.635755
 0 0.635755
 0 0.635755
 0 0.635777
 0 0.635778
 0 0.635791
 0 0.635791
 0 0.635796
 0 0.635796
 0 0.635798
 0 0.635818
 0 0.63582
 0 0.635853
 0 0.635858
 0 0.635861
 0 0.635863
 0 0.635864
 0 0.635864
 0 0.635869
 0 0.635876
 0 0.635879
 0 0.635879
 0 0.635913
 0 0.63593
 0 0.635944
 0 0.635944
 0 0.635945
 0 0.635945
 0 0.635985
 0 0.635992
 0 0.635992
 0 0.635992
 0 0.636003
 0 0.636003
 0 0.636003
 0 0.636008
 0 0.636016
 0 0.636022
 0 0.636045
 0 0.636057
 0 0.636058
 0 0.636058
 0 0.63606
 0 0.63606
 0 0.636068
 0 0.636069
 0 0.63607
 0 0.636086
 0 0.636086
 0 0.636087
 0 0.636087
 0 0.636092
 0 0.636092
 0 0.636125
 0 0.636125
 0 0.636127
 0 0.636129
 0 0.636129
 0 0.63613
 0 0.63613
 0 0.636132
 0 0.636136
 0 0.636137
 0 0.636137
 0 0.636137
 0 0.636137
 0 0.636146
 0 0.636155
 0 0.636156
 0 0.636156
 0 0.636156
 0 0.636158
 0 0.636158
 0 0.636158
 0 0.636158
 0 0.63617
 0 0.636171
 0 0.636185
 0 0.6362
 0 0.636202
 0 0.636202
 0 0.636203
 0 0.636209
 0 0.636209
 0 0.636217
 0 0.636217
 0 0.636218
 0 0.636218
 0 0.636218
 0 0.636218
 0 0.636219
 0 0.636223
 0 0.636229
 0 0.636234
 0 0.636236
 0 0.63625
 0 0.636275
 0 0.636275
 0 0.636303
 0 0.636303
 0 0.636303
 0 0.636303
 0 0.636314
 0 0.636316
 0 0.636319
 0 0.636379
 0 0.636379
 0 0.636382
 0 0.636383
 0 0.636383
 0 0.636386
 0 0.636389
 0 0.636393
 0 0.636406
 0 0.636407
 0 0.636407
 0 0.636418
 0 0.636418
 0 0.636418
 0 0.63642
 0 0.63642
 0 0.636423
 0 0.636423
 0 0.636425
 0 0.63643
 0 0.63643
 0 0.63643
 0 0.636432
 0 0.636432
 0 0.636432
 0 0.636442
 0 0.63646
 0 0.63646
 0 0.636461
 0 0.636506
 0 0.636508
 0 0.636519
 0 0.636522
 0 0.636523
 0 0.636524
 0 0.636569
 0 0.636569
 0 0.63657
 0 0.63657
 0 0.636592
 0 0.636599
 0 0.6366
 0 0.636602
 0 0.636605
 0 0.636605
 0 0.636624
 0 0.636625
 0 0.636625
 0 0.636634
 0 0.636635
 0 0.63664
 0 0.636641
 0 0.636646
 0 0.636647
 0 0.636649
 0 0.636649
 0 0.636649
 0 0.63665
 0 0.636662
 0 0.63667
 0 0.636675
 0 0.636676
 0 0.636679
 0 0.636679
 0 0.636681
 0 0.636689
 0 0.63669
 0 0.63669
 0 0.63669
 0 0.636691
 0 0.636708
 0 0.636725
 0 0.636726
 0 0.636726
 0 0.636761
 0 0.636761
 0 0.636761
 0 0.636762
 0 0.636762
 0 0.63677
 0 0.636771
 0 0.636771
 0 0.636771
 0 0.636771
 0 0.636783
 0 0.636786
 0 0.636809
 0 0.636811
 0 0.636842
 0 0.636843
 0 0.636896
 0 0.636919
 0 0.63693
 0 0.636931
 0 0.636934
 0 0.636936
 0 0.636936
 0 0.636947
 0 0.636948
 0 0.636948
 0 0.636963
 0 0.636972
 0 0.636973
 0 0.636985
 0 0.636986
 0 0.637013
 0 0.637031
 0 0.637032
 0 0.637032
 0 0.637032
 0 0.637038
 0 0.637054
 0 0.637054
 0 0.637055
 0 0.637055
 0 0.637069
 0 0.637071
 0 0.637097
 0 0.637097
 0 0.637097
 0 0.637097
 0 0.637097
 0 0.637099
 0 0.637099
 0 0.637106
 0 0.637107
 0 0.637108
 0 0.63711
 0 0.637111
 0 0.637111
 0 0.637113
 0 0.637114
 0 0.637146
 0 0.637162
 0 0.637202
 0 0.637209
 0 0.63721
 0 0.63721
 0 0.637213
 0 0.637214
 0 0.637214
 0 0.637214
 0 0.637214
 0 0.637239
 0 0.637239
 0 0.637239
 0 0.637253
 0 0.637258
 0 0.637259
 0 0.637271
 0 0.637273
 0 0.637273
 0 0.637274
 0 0.637274
 0 0.637287
 0 0.637287
 0 0.637311
 0 0.637322
 0 0.637323
 0 0.637355
 0 0.637369
 0 0.637369
 0 0.637369
 0 0.637371
 0 0.637371
 0 0.637383
 0 0.637405
 0 0.637408
 0 0.637418
 0 0.637418
 0 0.637418
 0 0.637418
 0 0.637419
 0 0.637429
 0 0.637431
 0 0.637436
 0 0.637436
 0 0.63746
 0 0.637476
 0 0.637484
 0 0.637484
 0 0.637484
 0 0.637484
 0 0.637495
 0 0.637496
 0 0.637499
 0 0.637514
 0 0.637514
 0 0.637514
 0 0.637524
 0 0.637525
 0 0.637527
 0 0.637535
 0 0.637562
 0 0.637563
 0 0.637571
 0 0.637597
 0 0.637597
 0 0.63764
 0 0.63766
 0 0.637661
 0 0.637662
 0 0.637662
 0 0.637663
 0 0.637663
 0 0.637663
 0 0.637694
 0 0.637697
 0 0.637697
 0 0.637698
 0 0.637698
 0 0.637732
 0 0.637732
 0 0.637735
 0 0.637736
 0 0.637753
 0 0.637753
 0 0.637774
 0 0.637776
 0 0.63783
 0 0.637832
 0 0.637836
 0 0.637851
 0 0.637853
 0 0.637855
 0 0.637856
 0 0.637856
 0 0.637856
 0 0.637856
 0 0.637856
 0 0.637857
 0 0.637858
 0 0.637904
 0 0.637905
 0 0.637905
 0 0.637912
 0 0.637913
 0 0.637915
 0 0.637934
 0 0.637934
 0 0.637979
 0 0.63798
 0 0.63798
 0 0.637985
 0 0.637985
 0 0.637985
 0 0.637996
 0 0.638004
 0 0.638007
 0 0.638007
 0 0.638028
 0 0.638044
 0 0.638048
 0 0.638076
 0 0.638077
 0 0.638077
 0 0.638095
 0 0.638095
 0 0.638102
 0 0.638112
 0 0.638181
 0 0.63819
 0 0.638206
 0 0.638206
 0 0.638223
 0 0.638223
 0 0.638223
 0 0.638245
 0 0.638258
 0 0.638259
 0 0.638264
 0 0.638264
 0 0.638265
 0 0.638265
 0 0.638267
 0 0.638267
 0 0.638268
 0 0.638268
 0 0.638269
 0 0.63827
 0 0.638271
 0 0.638299
 0 0.638317
 0 0.638319
 0 0.638319
 0 0.638336
 0 0.638336
 0 0.638336
 0 0.638337
 0 0.638338
 0 0.638339
 0 0.638339
 0 0.638339
 0 0.638426
 0 0.638426
 0 0.638427
 0 0.638427
 0 0.638449
 0 0.63845
 0 0.63845
 0 0.638451
 0 0.638452
 0 0.638453
 0 0.638453
 0 0.638473
 0 0.638473
 0 0.638493
 0 0.638494
 0 0.638499
 0 0.638611
 0 0.638625
 0 0.638626
 0 0.638664
 0 0.638703
 0 0.638704
 0 0.638722
 0 0.638722
 0 0.638766
 0 0.638795
 0 0.638795
 0 0.638943
 0 0.638945
 0 0.638946
 0 0.638957
 0 0.639049
 0 0.63905
 0 0.639056
 0 0.639078
 0 0.639079
 0 0.639079
 0 0.639108
 0 0.639482
 0 0.639484
 0 0.639484
 0 0.639484
 0 0.639485
 0 0.639649
 0 0.639649
 0 0.639748
 0 0.639748
 0 0.639934
 0 0.64002
 0 0.640101
 0 0.640101
 0 0.640127
 0 0.640129
 0 0.64013
 0 0.640145
 0 0.640173
 0 0.640219
 0 0.640331
 0 0.640331
 0 0.640354
 0 0.640354
 0 0.640354
 0 0.640395
 0 0.640408
 0 0.640409
 0 0.640409
 0 0.640409
 0 0.64041
 0 0.640604
 0 0.640608
 0 0.640716
 0 0.640718
 0 0.640718
 0 0.640718
 0 0.640776
 0 0.640814
 0 0.640827
 0 0.640828
 0 0.640912
 0 0.641003
 0 0.641004
 0 0.641088
 0 0.641089
 0 0.641089
 0 0.6411
 0 0.641172
 0 0.641172
 0 0.641267
 0 0.641409
 0 0.641409
 0 0.641433
 0 0.641523
 0 0.641525
 0 0.641564
 0 0.641564
 0 0.641619
 0 0.641619
 0 0.641698
 0 0.641705
 0 0.641705
 0 0.641708
 0 0.641711
 0 0.641711
 0 0.641867
 0 0.64231
 0 0.642507
 0 0.642718
 0 0.643473
 0 0.643473
 0 0.643525
 0 0.643525
 0 0.643525
 0 0.643867
 0 0.643867
 0 0.643869
 0 0.644012
 0 0.644015
 0 0.644018
 0 0.644267
 0 0.644267
 0 0.644268
 0 0.644268
 0 0.644271
 0 0.645262
 0 0.738589
 0 1.23947
 0 1.38585
 0 1.77188
 0 1.77276
 0 1.77324
 0 inf
