 0 0.617531
 0 0.617537
 0 0.617713
 0 0.617714
 0 0.617892
 0 0.617897
 0 0.618328
 0 0.618495
 0 0.618496
 0 0.618496
 0 0.618652
 0 0.618693
 0 0.618693
 0 0.618693
 0 0.618693
 0 0.618722
 0 0.618722
 0 0.618971
 0 0.619111
 0 0.619126
 0 0.619128
 0 0.619177
 0 0.619177
 0 0.619402
 0 0.619407
 0 0.619585
 0 0.619714
 0 0.619738
 0 0.620017
 0 0.620017
 0 0.620085
 0 0.620085
 0 0.620086
 0 0.620555
 0 0.620633
 0 0.620748
 0 0.620936
 0 0.620963
 0 0.620967
 0 0.621607
 0 0.621654
 0 0.621654
 0 0.621684
 0 0.621785
 0 0.621785
 0 0.621786
 0 0.621899
 0 0.622055
 0 0.622077
 0 0.622077
 0 0.622133
 0 0.622155
 0 0.622329
 0 0.622329
 0 0.622364
 0 0.622665
 0 0.622665
 0 0.622667
 0 0.622851
 0 0.62304
 0 0.623458
 0 0.623458
 0 0.623584
 0 0.623789
 0 0.623789
 0 0.623791
 0 0.623792
 0 0.623859
 0 0.623859
 0 0.623863
 0 0.624116
 0 0.624339
 0 0.624339
 0 0.624339
 0 0.624408
 0 0.624408
 0 0.624503
 0 0.624746
 0 0.624757
 0 0.624828
 0 0.624828
 0 0.624883
 0 0.625162
 0 0.625163
 0 0.625595
 0 0.625595
 0 0.625595
 0 0.62624
 0 0.626242
 0 0.626391
 0 0.626391
 0 0.626451
 0 0.62661
 0 0.626623
 0 0.626855
 0 0.626855
 0 0.626856
 0 0.627049
 0 0.627049
 0 0.627378
 0 0.627379
 0 0.627381
 0 0.627382
 0 0.627382
 0 0.627537
 0 0.627573
 0 0.627578
 0 0.62777
 0 0.627804
 0 0.627804
 0 0.627805
 0 0.62784
 0 0.627878
 0 0.62791
 0 0.62791
 0 0.627914
 0 0.627914
 0 0.627986
 0 0.627986
 0 0.628029
 0 0.628029
 0 0.628129
 0 0.628136
 0 0.628163
 0 0.628163
 0 0.628164
 0 0.628199
 0 0.628233
 0 0.628239
 0 0.628239
 0 0.628239
 0 0.628239
 0 0.62834
 0 0.628426
 0 0.628432
 0 0.628432
 0 0.628433
 0 0.628646
 0 0.628651
 0 0.628657
 0 0.62866
 0 0.62866
 0 0.628662
 0 0.628702
 0 0.628703
 0 0.62882
 0 0.62882
 0 0.62882
 0 0.628887
 0 0.628899
 0 0.628967
 0 0.628972
 0 0.629145
 0 0.629145
 0 0.629187
 0 0.629187
 0 0.629187
 0 0.629259
 0 0.629313
 0 0.629338
 0 0.629338
 0 0.629345
 0 0.629351
 0 0.629383
 0 0.629387
 0 0.629389
 0 0.629395
 0 0.629452
 0 0.629535
 0 0.629535
 0 0.629537
 0 0.629537
 0 0.62954
 0 0.629562
 0 0.629571
 0 0.629575
 0 0.629575
 0 0.629593
 0 0.629595
 0 0.629595
 0 0.629596
 0 0.629605
 0 0.629617
 0 0.629617
 0 0.629621
 0 0.629621
 0 0.629642
 0 0.629643
 0 0.629643
 0 0.629686
 0 0.629686
 0 0.629695
 0 0.629746
 0 0.629747
 0 0.629796
 0 0.629796
 0 0.629838
 0 0.629838
 0 0.629851
 0 0.629852
 0 0.629852
 0 0.629853
 0 0.629853
 0 0.629934
 0 0.629943
 0 0.630019
 0 0.630031
 0 0.630033
 0 0.630033
 0 0.630057
 0 0.630065
 0 0.63009
 0 0.630097
 0 0.630179
 0 0.630179
 0 0.630182
 0 0.630182
 0 0.630183
 0 0.630184
 0 0.630195
 0 0.630195
 0 0.630257
 0 0.630257
 0 0.630257
 0 0.630272
 0 0.630279
 0 0.630311
 0 0.630313
 0 0.630395
 0 0.630395
 0 0.630412
 0 0.630413
 0 0.630413
 0 0.630413
 0 0.630416
 0 0.630495
 0 0.630495
 0 0.630495
 0 0.63052
 0 0.630521
 0 0.630637
 0 0.63064
 0 0.630642
 0 0.630697
 0 0.630725
 0 0.630729
 0 0.630755
 0 0.630766
 0 0.630772
 0 0.630776
 0 0.630784
 0 0.630793
 0 0.630793
 0 0.630793
 0 0.630795
 0 0.63086
 0 0.630894
 0 0.630895
 0 0.630895
 0 0.630897
 0 0.630899
 0 0.6309
 0 0.6309
 0 0.63094
 0 0.63094
 0 0.630946
 0 0.630946
 0 0.630949
 0 0.631001
 0 0.631001
 0 0.63107
 0 0.63111
 0 0.631112
 0 0.631131
 0 0.631135
 0 0.631135
 0 0.631149
 0 0.631223
 0 0.631223
 0 0.631224
 0 0.631274
 0 0.631274
 0 0.631282
 0 0.631311
 0 0.631311
 0 0.631313
 0 0.631335
 0 0.631348
 0 0.631364
 0 0.631364
 0 0.631364
 0 0.631372
 0 0.631382
 0 0.631383
 0 0.631471
 0 0.631471
 0 0.631559
 0 0.631559
 0 0.63156
 0 0.631562
 0 0.631563
 0 0.631608
 0 0.631608
 0 0.63161
 0 0.631613
 0 0.631613
 0 0.631615
 0 0.631617
 0 0.631617
 0 0.631628
 0 0.631631
 0 0.631646
 0 0.631679
 0 0.631679
 0 0.631692
 0 0.631734
 0 0.631734
 0 0.631741
 0 0.63175
 0 0.631752
 0 0.631752
 0 0.63177
 0 0.63177
 0 0.631773
 0 0.631773
 0 0.631774
 0 0.631774
 0 0.631774
 0 0.631775
 0 0.63179
 0 0.631938
 0 0.632025
 0 0.63203
 0 0.632053
 0 0.632054
 0 0.632055
 0 0.632059
 0 0.632063
 0 0.632067
 0 0.632067
 0 0.632088
 0 0.632098
 0 0.632106
 0 0.632106
 0 0.632107
 0 0.632111
 0 0.632115
 0 0.632121
 0 0.632206
 0 0.632206
 0 0.632208
 0 0.632208
 0 0.632209
 0 0.632253
 0 0.632255
 0 0.632255
 0 0.632255
 0 0.632292
 0 0.632292
 0 0.632301
 0 0.632301
 0 0.632329
 0 0.63233
 0 0.63233
 0 0.632331
 0 0.632361
 0 0.632361
 0 0.632362
 0 0.632381
 0 0.632393
 0 0.632393
 0 0.632397
 0 0.632399
 0 0.632423
 0 0.632424
 0 0.632427
 0 0.632427
 0 0.632427
 0 0.632456
 0 0.632462
 0 0.632462
 0 0.632465
 0 0.632484
 0 0.632542
 0 0.632545
 0 0.632546
 0 0.632582
 0 0.632583
 0 0.632583
 0 0.632583
 0 0.632608
 0 0.632608
 0 0.632642
 0 0.632643
 0 0.632643
 0 0.632646
 0 0.632646
 0 0.632646
 0 0.632682
 0 0.632708
 0 0.632708
 0 0.632711
 0 0.632715
 0 0.632771
 0 0.632771
 0 0.632771
 0 0.632775
 0 0.632776
 0 0.632776
 0 0.632819
 0 0.632862
 0 0.632876
 0 0.632876
 0 0.632888
 0 0.63289
 0 0.632893
 0 0.632921
 0 0.632964
 0 0.632967
 0 0.632989
 0 0.633016
 0 0.633016
 0 0.633016
 0 0.633017
 0 0.633042
 0 0.633076
 0 0.633092
 0 0.633128
 0 0.633128
 0 0.633137
 0 0.633138
 0 0.633138
 0 0.633138
 0 0.633148
 0 0.633148
 0 0.633211
 0 0.633218
 0 0.633233
 0 0.633233
 0 0.633268
 0 0.633306
 0 0.633332
 0 0.633332
 0 0.633332
 0 0.633337
 0 0.633352
 0 0.633353
 0 0.633356
 0 0.633366
 0 0.633369
 0 0.633377
 0 0.63343
 0 0.633437
 0 0.633443
 0 0.63347
 0 0.633543
 0 0.633601
 0 0.633601
 0 0.633601
 0 0.633602
 0 0.633603
 0 0.633603
 0 0.633604
 0 0.633605
 0 0.633667
 0 0.633667
 0 0.633692
 0 0.633693
 0 0.633707
 0 0.633794
 0 0.633794
 0 0.633815
 0 0.633816
 0 0.633829
 0 0.633868
 0 0.633868
 0 0.633889
 0 0.633889
 0 0.63389
 0 0.63389
 0 0.633893
 0 0.633893
 0 0.633893
 0 0.633893
 0 0.633966
 0 0.633966
 0 0.633967
 0 0.63397
 0 0.633988
 0 0.633989
 0 0.634093
 0 0.634096
 0 0.634098
 0 0.634111
 0 0.63415
 0 0.634152
 0 0.634155
 0 0.634234
 0 0.634234
 0 0.634243
 0 0.634243
 0 0.634244
 0 0.63428
 0 0.634284
 0 0.634284
 0 0.634284
 0 0.634389
 0 0.63439
 0 0.634425
 0 0.634429
 0 0.634429
 0 0.634429
 0 0.634435
 0 0.634481
 0 0.634483
 0 0.634493
 0 0.634493
 0 0.634585
 0 0.634622
 0 0.634623
 0 0.634633
 0 0.634659
 0 0.634662
 0 0.634662
 0 0.634694
 0 0.634694
 0 0.634698
 0 0.634698
 0 0.634699
 0 0.634699
 0 0.634703
 0 0.634764
 0 0.634765
 0 0.634766
 0 0.634769
 0 0.634777
 0 0.634798
 0 0.634805
 0 0.634805
 0 0.634805
 0 0.63486
 0 0.63488
 0 0.63488
 0 0.634894
 0 0.63492
 0 0.634946
 0 0.63505
 0 0.63505
 0 0.635077
 0 0.635079
 0 0.635099
 0 0.635111
 0 0.63516
 0 0.635172
 0 0.635185
 0 0.635185
 0 0.635218
 0 0.635261
 0 0.635276
 0 0.635277
 0 0.635333
 0 0.635333
 0 0.635377
 0 0.635422
 0 0.635427
 0 0.635473
 0 0.635475
 0 0.635513
 0 0.635543
 0 0.635592
 0 0.635671
 0 0.635731
 0 0.635732
 0 0.635732
 0 0.635751
 0 0.635752
 0 0.635759
 0 0.63576
 0 0.635769
 0 0.635775
 0 0.635777
 0 0.635778
 0 0.635784
 0 0.635815
 0 0.635815
 0 0.635818
 0 0.635843
 0 0.635851
 0 0.635884
 0 0.635907
 0 0.635909
 0 0.635912
 0 0.635912
 0 0.635996
 0 0.636001
 0 0.636001
 0 0.636002
 0 0.636045
 0 0.636067
 0 0.636067
 0 0.636068
 0 0.636112
 0 0.636127
 0 0.636129
 0 0.636129
 0 0.63614
 0 0.63614
 0 0.636166
 0 0.636191
 0 0.636192
 0 0.636194
 0 0.636209
 0 0.63621
 0 0.63621
 0 0.636239
 0 0.636241
 0 0.636297
 0 0.636302
 0 0.63632
 0 0.636321
 0 0.636327
 0 0.636327
 0 0.63633
 0 0.63633
 0 0.63633
 0 0.636343
 0 0.636344
 0 0.63636
 0 0.636361
 0 0.636384
 0 0.636385
 0 0.636385
 0 0.636417
 0 0.636417
 0 0.636418
 0 0.636439
 0 0.636442
 0 0.636466
 0 0.636498
 0 0.63651
 0 0.63651
 0 0.636512
 0 0.636524
 0 0.636542
 0 0.636543
 0 0.636585
 0 0.636585
 0 0.636586
 0 0.636587
 0 0.636597
 0 0.636657
 0 0.63668
 0 0.63668
 0 0.636692
 0 0.636698
 0 0.636706
 0 0.636707
 0 0.636747
 0 0.636764
 0 0.636764
 0 0.636765
 0 0.636768
 0 0.636771
 0 0.636772
 0 0.636773
 0 0.636773
 0 0.636775
 0 0.636776
 0 0.636792
 0 0.636792
 0 0.636815
 0 0.636836
 0 0.636837
 0 0.636837
 0 0.636838
 0 0.63684
 0 0.636848
 0 0.636855
 0 0.636883
 0 0.636885
 0 0.636885
 0 0.636886
 0 0.636896
 0 0.636906
 0 0.636909
 0 0.636929
 0 0.636929
 0 0.63696
 0 0.636961
 0 0.636961
 0 0.636964
 0 0.637073
 0 0.637075
 0 0.637088
 0 0.637089
 0 0.637089
 0 0.637109
 0 0.637112
 0 0.637144
 0 0.637145
 0 0.637145
 0 0.637146
 0 0.637155
 0 0.637155
 0 0.637164
 0 0.637168
 0 0.637197
 0 0.637198
 0 0.637198
 0 0.637199
 0 0.637199
 0 0.637199
 0 0.637222
 0 0.637229
 0 0.63723
 0 0.637232
 0 0.637234
 0 0.637258
 0 0.637258
 0 0.63729
 0 0.637332
 0 0.637333
 0 0.63734
 0 0.637341
 0 0.63737
 0 0.63737
 0 0.637401
 0 0.637401
 0 0.637408
 0 0.637408
 0 0.63741
 0 0.63741
 0 0.637413
 0 0.637456
 0 0.637456
 0 0.637465
 0 0.63752
 0 0.637774
 0 0.637786
 0 0.637789
 0 0.637859
 0 0.637896
 0 0.637942
 0 0.638019
 0 0.638019
 0 0.63805
 0 0.63805
 0 0.638076
 0 0.638081
 0 0.638101
 0 0.638103
 0 0.638191
 0 0.638192
 0 0.638194
 0 0.638202
 0 0.638269
 0 0.638287
 0 0.63829
 0 0.638292
 0 0.638294
 0 0.638309
 0 0.63831
 0 0.638379
 0 0.638386
 0 0.638386
 0 0.638387
 0 0.638387
 0 0.638387
 0 0.638433
 0 0.638433
 0 0.638434
 0 0.638436
 0 0.638436
 0 0.638437
 0 0.638646
 0 0.638677
 0 0.638693
 0 0.638695
 0 0.638699
 0 0.6387
 0 0.6387
 0 0.638729
 0 0.638731
 0 0.638732
 0 0.638798
 0 0.638799
 0 0.638809
 0 0.638827
 0 0.63883
 0 0.638853
 0 0.63886
 0 0.638894
 0 0.6389
 0 0.6389
 0 0.638902
 0 0.638908
 0 0.638908
 0 0.638911
 0 0.638921
 0 0.638942
 0 0.63907
 0 0.63907
 0 0.63907
 0 0.63907
 0 0.639089
 0 0.639156
 0 0.639157
 0 0.639164
 0 0.639192
 0 0.639195
 0 0.639254
 0 0.639255
 0 0.63927
 0 0.639271
 0 0.639273
 0 0.639274
 0 0.639287
 0 0.639288
 0 0.639288
 0 0.639289
 0 0.639289
 0 0.639289
 0 0.63929
 0 0.639291
 0 0.639293
 0 0.6394
 0 0.6394
 0 0.639402
 0 0.639405
 0 0.639414
 0 0.639431
 0 0.639501
 0 0.639501
 0 0.639502
 0 0.639502
 0 0.639519
 0 0.639519
 0 0.639519
 0 0.63952
 0 0.639613
 0 0.639613
 0 0.639617
 0 0.63964
 0 0.63964
 0 0.639661
 0 0.639662
 0 0.639676
 0 0.639686
 0 0.639693
 0 0.639727
 0 0.63981
 0 0.63981
 0 0.63981
 0 0.639812
 0 0.639904
 0 0.639904
 0 0.639941
 0 0.639963
 0 0.639963
 0 0.639964
 0 0.640145
 0 0.640209
 0 0.640291
 0 0.640293
 0 0.640328
 0 0.640334
 0 0.64051
 0 0.64051
 0 0.64051
 0 0.640679
 0 0.640888
 0 0.64089
 0 0.640967
 0 0.64108
 0 0.641092
 0 0.641092
 0 0.641477
 0 0.641477
 0 0.641603
 0 0.641608
 0 0.641608
 0 0.641761
 0 0.641762
 0 0.641763
 0 0.641799
 0 0.641799
 0 0.64199
 0 0.641993
 0 0.642031
 0 0.64215
 0 0.642242
 0 0.642242
 0 0.642257
 0 0.642257
 0 0.642263
 0 0.642309
 0 0.642309
 0 0.642335
 0 0.642336
 0 0.642336
 0 0.642373
 0 0.642405
 0 0.642405
 0 0.642431
 0 0.642468
 0 0.642468
 0 0.642468
 0 0.642508
 0 0.642802
 0 0.642804
 0 0.643012
 0 0.643173
 0 0.643182
 0 0.643186
 0 0.643186
 0 0.643187
 0 0.64319
 0 0.64319
 0 0.643234
 0 0.643412
 0 0.643412
 0 0.643413
 0 0.64351
 0 0.643558
 0 0.643774
 0 0.643779
 0 0.643798
 0 0.643805
 0 0.643805
 0 0.643891
 0 0.643891
 0 0.643893
 0 0.643895
 0 0.643896
 0 0.643914
 0 0.643914
 0 0.643942
 0 0.64396
 0 0.64396
 0 0.644135
 0 0.644199
 0 0.644241
 0 0.644242
 0 0.644243
 0 0.644243
 0 0.644244
 0 0.644335
 0 0.644335
 0 0.644336
 0 0.644408
 0 0.644409
 0 0.644512
 0 0.644843
 0 0.645174
 0 0.645174
 0 0.645174
 0 0.645294
 0 0.645823
 0 0.645823
 0 0.646041
 0 2.00575
 0 2.00627
 0 2.00627
 0 2.0063
 0 2.00681
 0 2.00747
 0 inf
