 0 0.621059
 0 0.621059
 0 0.621062
 0 0.621062
 0 0.621568
 0 0.621885
 0 0.622083
 0 0.622506
 0 0.622506
 0 0.622601
 0 0.622601
 0 0.622743
 0 0.622746
 0 0.622797
 0 0.623084
 0 0.623234
 0 0.623235
 0 0.623342
 0 0.62338
 0 0.623473
 0 0.623473
 0 0.623529
 0 0.623713
 0 0.623713
 0 0.623713
 0 0.623771
 0 0.623771
 0 0.623784
 0 0.62384
 0 0.623847
 0 0.623875
 0 0.623958
 0 0.62414
 0 0.62414
 0 0.62414
 0 0.624273
 0 0.62429
 0 0.624291
 0 0.624338
 0 0.624391
 0 0.624391
 0 0.624391
 0 0.624391
 0 0.624562
 0 0.624578
 0 0.624605
 0 0.624605
 0 0.624751
 0 0.624751
 0 0.624751
 0 0.624754
 0 0.624754
 0 0.624772
 0 0.624772
 0 0.624772
 0 0.624812
 0 0.624816
 0 0.624832
 0 0.624833
 0 0.624834
 0 0.624874
 0 0.624876
 0 0.624876
 0 0.624876
 0 0.624877
 0 0.624887
 0 0.624993
 0 0.625147
 0 0.625188
 0 0.625188
 0 0.625368
 0 0.625372
 0 0.62544
 0 0.62544
 0 0.625559
 0 0.62556
 0 0.62556
 0 0.62556
 0 0.625572
 0 0.625743
 0 0.625745
 0 0.625803
 0 0.625803
 0 0.625929
 0 0.625957
 0 0.625957
 0 0.626081
 0 0.626081
 0 0.626081
 0 0.626311
 0 0.626311
 0 0.62642
 0 0.626447
 0 0.626447
 0 0.626455
 0 0.626455
 0 0.626476
 0 0.62649
 0 0.626615
 0 0.626627
 0 0.626688
 0 0.626689
 0 0.62669
 0 0.626728
 0 0.626728
 0 0.626728
 0 0.626739
 0 0.626739
 0 0.626742
 0 0.626751
 0 0.626751
 0 0.626751
 0 0.626752
 0 0.626752
 0 0.626756
 0 0.626928
 0 0.626941
 0 0.626945
 0 0.626945
 0 0.626945
 0 0.626952
 0 0.626953
 0 0.626987
 0 0.626996
 0 0.626998
 0 0.627046
 0 0.627056
 0 0.627149
 0 0.627149
 0 0.627149
 0 0.627207
 0 0.627207
 0 0.627208
 0 0.62724
 0 0.627241
 0 0.627241
 0 0.627243
 0 0.627246
 0 0.627291
 0 0.627291
 0 0.62734
 0 0.627342
 0 0.627343
 0 0.627343
 0 0.627475
 0 0.627475
 0 0.627541
 0 0.627543
 0 0.6276
 0 0.6276
 0 0.627607
 0 0.627608
 0 0.627651
 0 0.627672
 0 0.627674
 0 0.627689
 0 0.627751
 0 0.627751
 0 0.627775
 0 0.627775
 0 0.62779
 0 0.627793
 0 0.627807
 0 0.62782
 0 0.62782
 0 0.627855
 0 0.627856
 0 0.627856
 0 0.627856
 0 0.627856
 0 0.627893
 0 0.627894
 0 0.627903
 0 0.627903
 0 0.627919
 0 0.627919
 0 0.627932
 0 0.627934
 0 0.627934
 0 0.627959
 0 0.627968
 0 0.627969
 0 0.628039
 0 0.628039
 0 0.628046
 0 0.628046
 0 0.628048
 0 0.628148
 0 0.628282
 0 0.628282
 0 0.628282
 0 0.628284
 0 0.628296
 0 0.628296
 0 0.628299
 0 0.6283
 0 0.628332
 0 0.628332
 0 0.628332
 0 0.628333
 0 0.628352
 0 0.628468
 0 0.628468
 0 0.628493
 0 0.628493
 0 0.628513
 0 0.628597
 0 0.628612
 0 0.628612
 0 0.628614
 0 0.628641
 0 0.628685
 0 0.628686
 0 0.628686
 0 0.628696
 0 0.628697
 0 0.628727
 0 0.628727
 0 0.628727
 0 0.628745
 0 0.628745
 0 0.628748
 0 0.628753
 0 0.628755
 0 0.628772
 0 0.628772
 0 0.628772
 0 0.628792
 0 0.628792
 0 0.628793
 0 0.628797
 0 0.628802
 0 0.628861
 0 0.628863
 0 0.628897
 0 0.628937
 0 0.62894
 0 0.629116
 0 0.629135
 0 0.629136
 0 0.629137
 0 0.629138
 0 0.629138
 0 0.629188
 0 0.629189
 0 0.629278
 0 0.629292
 0 0.62931
 0 0.62931
 0 0.629339
 0 0.629339
 0 0.629339
 0 0.629391
 0 0.629393
 0 0.629407
 0 0.629407
 0 0.629448
 0 0.629448
 0 0.629448
 0 0.629451
 0 0.629512
 0 0.629556
 0 0.629556
 0 0.629556
 0 0.629558
 0 0.6296
 0 0.629617
 0 0.629617
 0 0.62963
 0 0.629657
 0 0.6297
 0 0.629757
 0 0.6298
 0 0.629802
 0 0.629802
 0 0.629802
 0 0.629802
 0 0.629803
 0 0.629803
 0 0.629804
 0 0.629964
 0 0.629964
 0 0.629965
 0 0.629966
 0 0.629968
 0 0.63002
 0 0.63002
 0 0.630021
 0 0.630021
 0 0.63005
 0 0.630154
 0 0.630168
 0 0.630243
 0 0.630243
 0 0.630266
 0 0.630266
 0 0.630269
 0 0.630336
 0 0.630336
 0 0.630336
 0 0.630353
 0 0.630353
 0 0.630353
 0 0.630356
 0 0.630392
 0 0.630394
 0 0.630406
 0 0.630414
 0 0.63044
 0 0.630443
 0 0.630566
 0 0.630566
 0 0.63057
 0 0.63057
 0 0.630571
 0 0.630572
 0 0.630642
 0 0.630642
 0 0.630642
 0 0.630643
 0 0.630659
 0 0.630659
 0 0.630693
 0 0.630699
 0 0.630701
 0 0.630703
 0 0.630742
 0 0.630743
 0 0.630777
 0 0.630777
 0 0.630778
 0 0.630798
 0 0.630837
 0 0.630906
 0 0.631028
 0 0.631031
 0 0.631032
 0 0.631067
 0 0.631067
 0 0.631067
 0 0.631067
 0 0.631139
 0 0.631158
 0 0.63116
 0 0.631222
 0 0.631235
 0 0.631235
 0 0.631321
 0 0.631372
 0 0.631373
 0 0.631373
 0 0.631374
 0 0.631374
 0 0.631395
 0 0.6314
 0 0.631437
 0 0.631437
 0 0.631441
 0 0.631441
 0 0.631465
 0 0.631467
 0 0.631493
 0 0.631533
 0 0.631631
 0 0.631631
 0 0.631631
 0 0.631631
 0 0.631669
 0 0.631707
 0 0.631708
 0 0.631713
 0 0.631732
 0 0.631741
 0 0.631741
 0 0.63179
 0 0.631793
 0 0.631793
 0 0.631799
 0 0.631824
 0 0.631824
 0 0.631825
 0 0.631847
 0 0.631857
 0 0.631857
 0 0.63186
 0 0.631874
 0 0.631898
 0 0.631899
 0 0.631901
 0 0.631918
 0 0.631919
 0 0.631939
 0 0.631944
 0 0.631944
 0 0.632012
 0 0.632065
 0 0.632076
 0 0.632076
 0 0.632077
 0 0.632126
 0 0.632126
 0 0.632127
 0 0.632127
 0 0.632146
 0 0.632146
 0 0.632147
 0 0.632185
 0 0.632185
 0 0.632218
 0 0.632219
 0 0.632219
 0 0.63222
 0 0.63222
 0 0.632309
 0 0.632326
 0 0.632327
 0 0.632411
 0 0.632413
 0 0.632413
 0 0.632425
 0 0.632426
 0 0.632469
 0 0.632471
 0 0.632483
 0 0.632485
 0 0.632485
 0 0.632493
 0 0.632495
 0 0.632499
 0 0.632507
 0 0.632545
 0 0.632547
 0 0.632558
 0 0.632558
 0 0.632561
 0 0.632597
 0 0.632625
 0 0.632627
 0 0.632628
 0 0.632641
 0 0.632641
 0 0.632641
 0 0.632645
 0 0.632646
 0 0.632646
 0 0.632647
 0 0.632648
 0 0.632648
 0 0.632675
 0 0.632676
 0 0.632688
 0 0.632688
 0 0.632726
 0 0.632726
 0 0.632726
 0 0.632726
 0 0.632726
 0 0.632951
 0 0.632956
 0 0.632956
 0 0.632956
 0 0.632991
 0 0.632991
 0 0.632991
 0 0.633009
 0 0.633018
 0 0.633051
 0 0.633054
 0 0.633054
 0 0.63308
 0 0.63308
 0 0.633081
 0 0.633084
 0 0.633167
 0 0.633167
 0 0.633169
 0 0.633169
 0 0.63321
 0 0.633231
 0 0.633232
 0 0.633235
 0 0.633241
 0 0.633288
 0 0.633301
 0 0.633303
 0 0.633303
 0 0.633322
 0 0.633323
 0 0.633325
 0 0.633349
 0 0.633356
 0 0.633357
 0 0.633358
 0 0.633359
 0 0.633359
 0 0.633381
 0 0.633383
 0 0.633389
 0 0.633488
 0 0.633489
 0 0.633571
 0 0.633571
 0 0.633578
 0 0.633597
 0 0.633651
 0 0.633651
 0 0.633651
 0 0.633651
 0 0.633661
 0 0.633667
 0 0.633702
 0 0.633735
 0 0.633736
 0 0.63374
 0 0.633762
 0 0.633809
 0 0.63381
 0 0.63381
 0 0.63381
 0 0.633817
 0 0.633817
 0 0.633829
 0 0.633831
 0 0.633832
 0 0.633832
 0 0.633852
 0 0.633852
 0 0.633858
 0 0.633901
 0 0.633915
 0 0.633916
 0 0.633916
 0 0.633919
 0 0.63392
 0 0.633922
 0 0.633922
 0 0.633923
 0 0.633923
 0 0.633925
 0 0.633937
 0 0.633942
 0 0.633943
 0 0.633947
 0 0.63395
 0 0.63395
 0 0.633971
 0 0.634029
 0 0.634029
 0 0.634073
 0 0.634103
 0 0.634144
 0 0.634144
 0 0.634158
 0 0.634164
 0 0.634164
 0 0.634189
 0 0.634205
 0 0.634205
 0 0.634219
 0 0.634219
 0 0.634221
 0 0.634251
 0 0.634252
 0 0.634262
 0 0.634264
 0 0.634274
 0 0.634274
 0 0.634336
 0 0.634357
 0 0.63436
 0 0.634362
 0 0.634377
 0 0.634399
 0 0.634413
 0 0.634415
 0 0.634417
 0 0.634456
 0 0.634457
 0 0.634461
 0 0.634462
 0 0.634482
 0 0.634483
 0 0.634484
 0 0.634547
 0 0.634548
 0 0.634558
 0 0.634558
 0 0.634558
 0 0.634578
 0 0.634579
 0 0.634579
 0 0.634598
 0 0.634603
 0 0.634604
 0 0.634604
 0 0.634604
 0 0.63467
 0 0.634682
 0 0.634682
 0 0.634693
 0 0.634693
 0 0.634693
 0 0.634693
 0 0.634757
 0 0.634795
 0 0.634805
 0 0.634805
 0 0.634811
 0 0.634811
 0 0.634813
 0 0.634848
 0 0.634849
 0 0.634944
 0 0.634944
 0 0.634944
 0 0.634944
 0 0.635002
 0 0.635003
 0 0.635044
 0 0.635045
 0 0.63506
 0 0.63506
 0 0.63506
 0 0.635065
 0 0.635065
 0 0.635067
 0 0.635068
 0 0.635102
 0 0.635129
 0 0.63513
 0 0.635141
 0 0.635142
 0 0.635227
 0 0.635255
 0 0.635255
 0 0.635258
 0 0.63526
 0 0.635287
 0 0.6353
 0 0.6353
 0 0.6353
 0 0.635365
 0 0.63539
 0 0.635403
 0 0.635405
 0 0.635405
 0 0.635405
 0 0.635406
 0 0.635406
 0 0.635412
 0 0.635505
 0 0.63553
 0 0.635605
 0 0.635605
 0 0.635647
 0 0.635648
 0 0.63565
 0 0.635703
 0 0.635713
 0 0.635713
 0 0.635734
 0 0.635769
 0 0.635818
 0 0.635818
 0 0.635966
 0 0.635976
 0 0.635977
 0 0.636039
 0 0.636039
 0 0.63607
 0 0.636091
 0 0.636129
 0 0.636267
 0 0.636269
 0 0.636295
 0 0.636295
 0 0.636296
 0 0.63633
 0 0.636354
 0 0.636355
 0 0.636373
 0 0.6364
 0 0.636416
 0 0.636417
 0 0.636504
 0 0.636504
 0 0.636504
 0 0.636504
 0 0.636504
 0 0.63651
 0 0.636569
 0 0.636652
 0 0.636653
 0 0.636668
 0 0.636674
 0 0.636685
 0 0.636707
 0 0.636711
 0 0.636712
 0 0.636746
 0 0.636747
 0 0.636748
 0 0.63675
 0 0.63675
 0 0.636833
 0 0.636839
 0 0.636855
 0 0.636855
 0 0.636868
 0 0.636869
 0 0.636876
 0 0.636876
 0 0.636891
 0 0.636893
 0 0.636894
 0 0.636901
 0 0.636904
 0 0.636919
 0 0.63692
 0 0.636921
 0 0.636932
 0 0.637019
 0 0.637031
 0 0.637031
 0 0.637031
 0 0.637032
 0 0.637032
 0 0.637032
 0 0.637109
 0 0.637186
 0 0.637188
 0 0.637196
 0 0.637217
 0 0.637218
 0 0.637219
 0 0.63722
 0 0.637306
 0 0.637308
 0 0.637353
 0 0.637355
 0 0.637383
 0 0.637386
 0 0.637397
 0 0.637398
 0 0.637399
 0 0.637402
 0 0.637402
 0 0.637402
 0 0.637402
 0 0.637402
 0 0.637403
 0 0.637412
 0 0.637412
 0 0.637415
 0 0.637424
 0 0.637446
 0 0.637449
 0 0.637449
 0 0.637449
 0 0.63746
 0 0.63748
 0 0.637502
 0 0.637534
 0 0.637535
 0 0.637544
 0 0.637546
 0 0.63756
 0 0.637623
 0 0.637624
 0 0.637624
 0 0.637649
 0 0.637649
 0 0.637649
 0 0.637661
 0 0.637661
 0 0.637663
 0 0.637664
 0 0.637664
 0 0.637704
 0 0.637711
 0 0.63774
 0 0.637748
 0 0.637856
 0 0.63789
 0 0.637913
 0 0.637913
 0 0.637913
 0 0.637924
 0 0.637924
 0 0.637924
 0 0.637971
 0 0.637976
 0 0.637976
 0 0.638001
 0 0.638045
 0 0.638046
 0 0.638069
 0 0.638069
 0 0.638075
 0 0.63808
 0 0.63808
 0 0.638129
 0 0.63813
 0 0.638131
 0 0.638133
 0 0.638133
 0 0.638134
 0 0.638134
 0 0.638151
 0 0.638151
 0 0.638151
 0 0.638196
 0 0.638197
 0 0.638217
 0 0.638217
 0 0.638258
 0 0.638259
 0 0.638259
 0 0.638259
 0 0.638259
 0 0.638269
 0 0.63827
 0 0.638277
 0 0.638278
 0 0.638278
 0 0.638279
 0 0.638324
 0 0.638325
 0 0.638331
 0 0.638338
 0 0.638338
 0 0.63834
 0 0.638349
 0 0.638349
 0 0.638349
 0 0.63835
 0 0.638351
 0 0.638351
 0 0.638351
 0 0.638351
 0 0.638352
 0 0.638361
 0 0.638361
 0 0.638363
 0 0.638421
 0 0.638421
 0 0.638421
 0 0.638421
 0 0.638497
 0 0.638499
 0 0.638499
 0 0.638506
 0 0.638506
 0 0.638529
 0 0.63862
 0 0.63862
 0 0.638626
 0 0.638677
 0 0.638735
 0 0.638735
 0 0.638769
 0 0.638771
 0 0.638774
 0 0.638774
 0 0.638793
 0 0.638793
 0 0.638805
 0 0.638811
 0 0.638811
 0 0.638851
 0 0.638946
 0 0.638946
 0 0.638947
 0 0.639007
 0 0.639007
 0 0.639007
 0 0.639007
 0 0.639008
 0 0.639008
 0 0.639034
 0 0.63904
 0 0.639058
 0 0.639079
 0 0.639079
 0 0.639115
 0 0.639116
 0 0.63915
 0 0.639241
 0 0.639241
 0 0.639241
 0 0.639253
 0 0.639254
 0 0.639297
 0 0.639298
 0 0.639323
 0 0.639323
 0 0.639324
 0 0.639351
 0 0.639352
 0 0.639368
 0 0.639384
 0 0.639445
 0 0.639454
 0 0.639477
 0 0.639503
 0 0.639505
 0 0.639568
 0 0.639569
 0 0.639569
 0 0.639569
 0 0.63957
 0 0.639586
 0 0.639626
 0 0.639627
 0 0.639642
 0 0.639642
 0 0.639719
 0 0.63972
 0 0.639801
 0 0.639813
 0 0.63986
 0 0.639861
 0 0.639862
 0 0.639907
 0 0.639907
 0 0.639935
 0 0.639935
 0 0.639935
 0 0.639978
 0 0.639981
 0 0.640055
 0 0.640056
 0 0.640058
 0 0.64014
 0 0.640141
 0 0.640212
 0 0.640215
 0 0.640215
 0 0.640318
 0 0.640318
 0 0.640339
 0 0.64034
 0 0.64034
 0 0.64036
 0 0.640361
 0 0.640361
 0 0.640361
 0 0.640361
 0 0.640366
 0 0.64044
 0 0.640594
 0 0.640594
 0 0.640594
 0 0.640598
 0 0.640599
 0 0.640626
 0 0.640629
 0 0.640629
 0 0.640629
 0 0.64066
 0 0.640661
 0 0.640797
 0 0.640803
 0 0.640826
 0 0.640876
 0 0.64088
 0 0.6409
 0 0.640902
 0 0.640945
 0 0.640945
 0 0.641008
 0 0.641177
 0 0.641213
 0 0.641213
 0 0.641213
 0 0.641312
 0 0.641598
 0 0.641601
 0 0.641882
 0 0.641883
 0 0.641883
 0 0.641884
 0 0.641906
 0 0.641906
 0 0.641906
 0 0.642019
 0 0.642022
 0 0.6422
 0 0.642555
 0 0.642557
 0 0.642586
 0 0.642588
 0 0.642588
 0 0.64275
 0 0.643224
 0 0.643347
 0 0.646513
 0 0.646513
 0 0.646919
 0 0.64692
 0 0.647653
 0 0.648059
 0 0.649875
 0 0.649878
 0 0.649919
 0 0.650319
 0 0.650771
 0 0.650771
 0 inf
