 0 0.619541
 0 0.619543
 0 0.620034
 0 0.620044
 0 0.620109
 0 0.620702
 0 0.62124
 0 0.621242
 0 0.621518
 0 0.622024
 0 0.622043
 0 0.622319
 0 0.624798
 0 0.624813
 0 0.625181
 0 0.625235
 0 0.625235
 0 0.625236
 0 0.625635
 0 0.625643
 0 0.625643
 0 0.625646
 0 0.625646
 0 0.625652
 0 0.625653
 0 0.625653
 0 0.625719
 0 0.625903
 0 0.625989
 0 0.62599
 0 0.625999
 0 0.626088
 0 0.626089
 0 0.626089
 0 0.626093
 0 0.626093
 0 0.6262
 0 0.626232
 0 0.626432
 0 0.626556
 0 0.626573
 0 0.626573
 0 0.626573
 0 0.626573
 0 0.626573
 0 0.626619
 0 0.626627
 0 0.626789
 0 0.626789
 0 0.626794
 0 0.626794
 0 0.626802
 0 0.626869
 0 0.626915
 0 0.627079
 0 0.627079
 0 0.627098
 0 0.627099
 0 0.627099
 0 0.627154
 0 0.627156
 0 0.627157
 0 0.627161
 0 0.6272
 0 0.627287
 0 0.627393
 0 0.627394
 0 0.627403
 0 0.6275
 0 0.627512
 0 0.627513
 0 0.627514
 0 0.627573
 0 0.627575
 0 0.62772
 0 0.62774
 0 0.627777
 0 0.627782
 0 0.627783
 0 0.627791
 0 0.627803
 0 0.627807
 0 0.627808
 0 0.627808
 0 0.627893
 0 0.627893
 0 0.627908
 0 0.627923
 0 0.62794
 0 0.62794
 0 0.62794
 0 0.628027
 0 0.628027
 0 0.6281
 0 0.628106
 0 0.628186
 0 0.628187
 0 0.628197
 0 0.628333
 0 0.628333
 0 0.62834
 0 0.628468
 0 0.628531
 0 0.628531
 0 0.628533
 0 0.628562
 0 0.628563
 0 0.628601
 0 0.62885
 0 0.628909
 0 0.628944
 0 0.628944
 0 0.628953
 0 0.628954
 0 0.629152
 0 0.629153
 0 0.629159
 0 0.629162
 0 0.629234
 0 0.629236
 0 0.629259
 0 0.629291
 0 0.629326
 0 0.629326
 0 0.629326
 0 0.629352
 0 0.629364
 0 0.629365
 0 0.62943
 0 0.629432
 0 0.629482
 0 0.629486
 0 0.62951
 0 0.629646
 0 0.629646
 0 0.629647
 0 0.629648
 0 0.629689
 0 0.629723
 0 0.629723
 0 0.629723
 0 0.629732
 0 0.629797
 0 0.629804
 0 0.629815
 0 0.629824
 0 0.629843
 0 0.629919
 0 0.629939
 0 0.62994
 0 0.629987
 0 0.629987
 0 0.629989
 0 0.629995
 0 0.63001
 0 0.630013
 0 0.630065
 0 0.630073
 0 0.630073
 0 0.630078
 0 0.630096
 0 0.630097
 0 0.630105
 0 0.630115
 0 0.630116
 0 0.630122
 0 0.630122
 0 0.630123
 0 0.630123
 0 0.630143
 0 0.630152
 0 0.630152
 0 0.630152
 0 0.630152
 0 0.630173
 0 0.630185
 0 0.630219
 0 0.630241
 0 0.630242
 0 0.630242
 0 0.630243
 0 0.6303
 0 0.6303
 0 0.6303
 0 0.630302
 0 0.630345
 0 0.630347
 0 0.630347
 0 0.630349
 0 0.630362
 0 0.630363
 0 0.630363
 0 0.630376
 0 0.630376
 0 0.630429
 0 0.630429
 0 0.630432
 0 0.630432
 0 0.630442
 0 0.630443
 0 0.630445
 0 0.630447
 0 0.630447
 0 0.630447
 0 0.630455
 0 0.630461
 0 0.630511
 0 0.630527
 0 0.630583
 0 0.630583
 0 0.630583
 0 0.630583
 0 0.630584
 0 0.630616
 0 0.630628
 0 0.630632
 0 0.630657
 0 0.630658
 0 0.630696
 0 0.630713
 0 0.630713
 0 0.630715
 0 0.630769
 0 0.630789
 0 0.630789
 0 0.630827
 0 0.630827
 0 0.630829
 0 0.630838
 0 0.630839
 0 0.630839
 0 0.63084
 0 0.630883
 0 0.630891
 0 0.630925
 0 0.630941
 0 0.630964
 0 0.63099
 0 0.63099
 0 0.631023
 0 0.631024
 0 0.631024
 0 0.631032
 0 0.631034
 0 0.63104
 0 0.631041
 0 0.631105
 0 0.631105
 0 0.631107
 0 0.631112
 0 0.631132
 0 0.631146
 0 0.631146
 0 0.631158
 0 0.631258
 0 0.631289
 0 0.631299
 0 0.631313
 0 0.631316
 0 0.631374
 0 0.631374
 0 0.631427
 0 0.631484
 0 0.631492
 0 0.631541
 0 0.631542
 0 0.631551
 0 0.631559
 0 0.631559
 0 0.63156
 0 0.631567
 0 0.631618
 0 0.631619
 0 0.631627
 0 0.631627
 0 0.631627
 0 0.631659
 0 0.631663
 0 0.631668
 0 0.631669
 0 0.631669
 0 0.631669
 0 0.631677
 0 0.631684
 0 0.631684
 0 0.631685
 0 0.631692
 0 0.631692
 0 0.631736
 0 0.63174
 0 0.631743
 0 0.631745
 0 0.631746
 0 0.631753
 0 0.631815
 0 0.631816
 0 0.631822
 0 0.631849
 0 0.631851
 0 0.631851
 0 0.631851
 0 0.631926
 0 0.631974
 0 0.631978
 0 0.631979
 0 0.631979
 0 0.63198
 0 0.632038
 0 0.632038
 0 0.632038
 0 0.63211
 0 0.632237
 0 0.632267
 0 0.632304
 0 0.632315
 0 0.632335
 0 0.63235
 0 0.632357
 0 0.632357
 0 0.632369
 0 0.63238
 0 0.632389
 0 0.632393
 0 0.632448
 0 0.632451
 0 0.632451
 0 0.63252
 0 0.632534
 0 0.632534
 0 0.632555
 0 0.632579
 0 0.632579
 0 0.632579
 0 0.632592
 0 0.63263
 0 0.632639
 0 0.63264
 0 0.632644
 0 0.63265
 0 0.632654
 0 0.632713
 0 0.632714
 0 0.632725
 0 0.632732
 0 0.632734
 0 0.632736
 0 0.632796
 0 0.632809
 0 0.632821
 0 0.632823
 0 0.632824
 0 0.632824
 0 0.632826
 0 0.632848
 0 0.63285
 0 0.632861
 0 0.632892
 0 0.632897
 0 0.632897
 0 0.632897
 0 0.632904
 0 0.633015
 0 0.633015
 0 0.63302
 0 0.633026
 0 0.633028
 0 0.63303
 0 0.633031
 0 0.633046
 0 0.633056
 0 0.63307
 0 0.633083
 0 0.633083
 0 0.633083
 0 0.633096
 0 0.63311
 0 0.633128
 0 0.633141
 0 0.633141
 0 0.633142
 0 0.633157
 0 0.633159
 0 0.633165
 0 0.633168
 0 0.633174
 0 0.633195
 0 0.633197
 0 0.633197
 0 0.633211
 0 0.633211
 0 0.633215
 0 0.633216
 0 0.633227
 0 0.633258
 0 0.63326
 0 0.633261
 0 0.633262
 0 0.633263
 0 0.633264
 0 0.633265
 0 0.633306
 0 0.633306
 0 0.633311
 0 0.63332
 0 0.63333
 0 0.633338
 0 0.633338
 0 0.633338
 0 0.63336
 0 0.63336
 0 0.633362
 0 0.633396
 0 0.633396
 0 0.63341
 0 0.633421
 0 0.633422
 0 0.633422
 0 0.633434
 0 0.633436
 0 0.63344
 0 0.633452
 0 0.633452
 0 0.633453
 0 0.63346
 0 0.633462
 0 0.633466
 0 0.633488
 0 0.633502
 0 0.633519
 0 0.633526
 0 0.63353
 0 0.633573
 0 0.633581
 0 0.633584
 0 0.633601
 0 0.633605
 0 0.633606
 0 0.633606
 0 0.633606
 0 0.633649
 0 0.633653
 0 0.633653
 0 0.633682
 0 0.633682
 0 0.633703
 0 0.633705
 0 0.633705
 0 0.633715
 0 0.633717
 0 0.633729
 0 0.633797
 0 0.633799
 0 0.6338
 0 0.633802
 0 0.633809
 0 0.633812
 0 0.633822
 0 0.633886
 0 0.633886
 0 0.633888
 0 0.6339
 0 0.6339
 0 0.633921
 0 0.633956
 0 0.633958
 0 0.633959
 0 0.633967
 0 0.633967
 0 0.633983
 0 0.63399
 0 0.633991
 0 0.633992
 0 0.634017
 0 0.634017
 0 0.634038
 0 0.634038
 0 0.634046
 0 0.634047
 0 0.634047
 0 0.634067
 0 0.634068
 0 0.634071
 0 0.63408
 0 0.634085
 0 0.634159
 0 0.634192
 0 0.634195
 0 0.634195
 0 0.634215
 0 0.634229
 0 0.634229
 0 0.634246
 0 0.634246
 0 0.63425
 0 0.634251
 0 0.634365
 0 0.634369
 0 0.634369
 0 0.634379
 0 0.634384
 0 0.634384
 0 0.634399
 0 0.6344
 0 0.634401
 0 0.634403
 0 0.63442
 0 0.634457
 0 0.634499
 0 0.634499
 0 0.634529
 0 0.634569
 0 0.634571
 0 0.634571
 0 0.634571
 0 0.634571
 0 0.634573
 0 0.634606
 0 0.634606
 0 0.634606
 0 0.63463
 0 0.634662
 0 0.634677
 0 0.63468
 0 0.634681
 0 0.634684
 0 0.634692
 0 0.634696
 0 0.634697
 0 0.634701
 0 0.634706
 0 0.634707
 0 0.634708
 0 0.634709
 0 0.634711
 0 0.634748
 0 0.634749
 0 0.63475
 0 0.63475
 0 0.634757
 0 0.634757
 0 0.634763
 0 0.634763
 0 0.634793
 0 0.634794
 0 0.634797
 0 0.634833
 0 0.634833
 0 0.634834
 0 0.634837
 0 0.634854
 0 0.634856
 0 0.634856
 0 0.634856
 0 0.634859
 0 0.634861
 0 0.634861
 0 0.634865
 0 0.634917
 0 0.634933
 0 0.634983
 0 0.634983
 0 0.634985
 0 0.634985
 0 0.634995
 0 0.634995
 0 0.635003
 0 0.635003
 0 0.635007
 0 0.635007
 0 0.635008
 0 0.635011
 0 0.635018
 0 0.635027
 0 0.635029
 0 0.635057
 0 0.635069
 0 0.635114
 0 0.635116
 0 0.635119
 0 0.635138
 0 0.635138
 0 0.635141
 0 0.635148
 0 0.63516
 0 0.635184
 0 0.635184
 0 0.635189
 0 0.635194
 0 0.635225
 0 0.635229
 0 0.63523
 0 0.635257
 0 0.635261
 0 0.635266
 0 0.635274
 0 0.635276
 0 0.63528
 0 0.63528
 0 0.635294
 0 0.635306
 0 0.635307
 0 0.635331
 0 0.635357
 0 0.635359
 0 0.635359
 0 0.635366
 0 0.635369
 0 0.635421
 0 0.635426
 0 0.635426
 0 0.635445
 0 0.635454
 0 0.635463
 0 0.635508
 0 0.635511
 0 0.635571
 0 0.635624
 0 0.635628
 0 0.635644
 0 0.635647
 0 0.635685
 0 0.635686
 0 0.635689
 0 0.635698
 0 0.635746
 0 0.635748
 0 0.635759
 0 0.635802
 0 0.635805
 0 0.635805
 0 0.635809
 0 0.635814
 0 0.635814
 0 0.635815
 0 0.635908
 0 0.635928
 0 0.635928
 0 0.635938
 0 0.635938
 0 0.635938
 0 0.635947
 0 0.635947
 0 0.635982
 0 0.635982
 0 0.635991
 0 0.636003
 0 0.636003
 0 0.636005
 0 0.636017
 0 0.636019
 0 0.636021
 0 0.636054
 0 0.63607
 0 0.636101
 0 0.636137
 0 0.636144
 0 0.636156
 0 0.636159
 0 0.636165
 0 0.636167
 0 0.636167
 0 0.636178
 0 0.636201
 0 0.636215
 0 0.636239
 0 0.63624
 0 0.63624
 0 0.636399
 0 0.636399
 0 0.636414
 0 0.636416
 0 0.636436
 0 0.636436
 0 0.636439
 0 0.63644
 0 0.636453
 0 0.636453
 0 0.636476
 0 0.636476
 0 0.636479
 0 0.636554
 0 0.636554
 0 0.636555
 0 0.636566
 0 0.636566
 0 0.6366
 0 0.6366
 0 0.6366
 0 0.636601
 0 0.636601
 0 0.636612
 0 0.636613
 0 0.636616
 0 0.636616
 0 0.636618
 0 0.636619
 0 0.636625
 0 0.636625
 0 0.636632
 0 0.636659
 0 0.636662
 0 0.636674
 0 0.636686
 0 0.636689
 0 0.636695
 0 0.636697
 0 0.636699
 0 0.636752
 0 0.636752
 0 0.63676
 0 0.63676
 0 0.636762
 0 0.636768
 0 0.636768
 0 0.636784
 0 0.636785
 0 0.636819
 0 0.636821
 0 0.636823
 0 0.636825
 0 0.636825
 0 0.636825
 0 0.636827
 0 0.636829
 0 0.636831
 0 0.636844
 0 0.636853
 0 0.636862
 0 0.636888
 0 0.636905
 0 0.636908
 0 0.636908
 0 0.636915
 0 0.636916
 0 0.63693
 0 0.636933
 0 0.637038
 0 0.637042
 0 0.637043
 0 0.637048
 0 0.637049
 0 0.637085
 0 0.637126
 0 0.63715
 0 0.637159
 0 0.63716
 0 0.637189
 0 0.637191
 0 0.637266
 0 0.63728
 0 0.63728
 0 0.637285
 0 0.637312
 0 0.637326
 0 0.637326
 0 0.637371
 0 0.637383
 0 0.637422
 0 0.637431
 0 0.637432
 0 0.637442
 0 0.637461
 0 0.637463
 0 0.637463
 0 0.637474
 0 0.637484
 0 0.637484
 0 0.637484
 0 0.637561
 0 0.637594
 0 0.637615
 0 0.637643
 0 0.637652
 0 0.637653
 0 0.63773
 0 0.63773
 0 0.637731
 0 0.637735
 0 0.63774
 0 0.637745
 0 0.637752
 0 0.637753
 0 0.637756
 0 0.637756
 0 0.637761
 0 0.637763
 0 0.637764
 0 0.637768
 0 0.637768
 0 0.637789
 0 0.637789
 0 0.637791
 0 0.637792
 0 0.637813
 0 0.637819
 0 0.63782
 0 0.637871
 0 0.637882
 0 0.637888
 0 0.637896
 0 0.637906
 0 0.637907
 0 0.637908
 0 0.637911
 0 0.637914
 0 0.637976
 0 0.637988
 0 0.637988
 0 0.638004
 0 0.638013
 0 0.638098
 0 0.638152
 0 0.638174
 0 0.638178
 0 0.638203
 0 0.638227
 0 0.638229
 0 0.638229
 0 0.638231
 0 0.638327
 0 0.638328
 0 0.638329
 0 0.63833
 0 0.638355
 0 0.63836
 0 0.638371
 0 0.638371
 0 0.638574
 0 0.638593
 0 0.638644
 0 0.638698
 0 0.638716
 0 0.638717
 0 0.638721
 0 0.638722
 0 0.638882
 0 0.638882
 0 0.638883
 0 0.638941
 0 0.638958
 0 0.638988
 0 0.639109
 0 0.639124
 0 0.639218
 0 0.63922
 0 0.639359
 0 0.639359
 0 0.639359
 0 0.63937
 0 0.639384
 0 0.639384
 0 0.639459
 0 0.639459
 0 0.639469
 0 0.639502
 0 0.639514
 0 0.639515
 0 0.639516
 0 0.639516
 0 0.63952
 0 0.639564
 0 0.639564
 0 0.639591
 0 0.639594
 0 0.639599
 0 0.639628
 0 0.639784
 0 0.639832
 0 0.639884
 0 0.639969
 0 0.639973
 0 0.639983
 0 0.639983
 0 0.639984
 0 0.640143
 0 0.640143
 0 0.640146
 0 0.640154
 0 0.640269
 0 0.640269
 0 0.640276
 0 0.640339
 0 0.64034
 0 0.640343
 0 0.640561
 0 0.640561
 0 0.640561
 0 0.640588
 0 0.640664
 0 0.640728
 0 0.640889
 0 0.640891
 0 0.640934
 0 0.64105
 0 0.641052
 0 0.641274
 0 0.641374
 0 0.641404
 0 0.641451
 0 0.641498
 0 0.641498
 0 0.641689
 0 0.641742
 0 0.641742
 0 0.641742
 0 0.641742
 0 0.641965
 0 0.642418
 0 0.642422
 0 0.642536
 0 0.642536
 0 0.642545
 0 0.642578
 0 0.642659
 0 0.642683
 0 0.643042
 0 0.643042
 0 0.64312
 0 0.643121
 0 0.643129
 0 0.643275
 0 0.643561
 0 0.643563
 0 0.643563
 0 0.643695
 0 0.643996
 0 0.643996
 0 0.6446
 0 0.644729
 0 0.644738
 0 inf
