 0 0.478324
 0 0.478325
 0 0.478325
 0 0.479053
 0 0.479151
 0 0.479151
 0 0.479751
 0 0.480352
 0 0.480714
 0 0.480714
 0 0.480714
 0 0.480714
 0 0.492432
 0 0.492432
 0 0.492556
 0 0.493113
 0 0.493113
 0 0.493113
 0 0.628105
 0 0.62815
 0 0.628152
 0 0.628152
 0 0.628598
 0 0.628721
 0 0.628746
 0 0.628746
 0 0.62876
 0 0.628907
 0 0.628907
 0 0.628909
 0 0.629167
 0 0.629167
 0 0.629168
 0 0.629168
 0 0.629267
 0 0.629268
 0 0.629285
 0 0.629578
 0 0.629579
 0 0.629579
 0 0.629623
 0 0.629682
 0 0.629684
 0 0.629687
 0 0.629687
 0 0.629687
 0 0.629687
 0 0.629689
 0 0.630108
 0 0.630108
 0 0.630172
 0 0.630214
 0 0.630216
 0 0.630244
 0 0.630402
 0 0.630654
 0 0.63082
 0 0.630821
 0 0.630825
 0 0.630845
 0 0.630846
 0 0.630865
 0 0.630871
 0 0.630871
 0 0.630871
 0 0.630871
 0 0.630873
 0 0.630948
 0 0.630951
 0 0.630951
 0 0.631015
 0 0.631017
 0 0.631091
 0 0.631091
 0 0.631118
 0 0.631118
 0 0.63116
 0 0.63116
 0 0.631164
 0 0.631237
 0 0.631243
 0 0.631244
 0 0.631244
 0 0.631261
 0 0.631263
 0 0.631268
 0 0.631316
 0 0.631316
 0 0.63132
 0 0.63132
 0 0.631333
 0 0.631333
 0 0.631362
 0 0.631381
 0 0.631381
 0 0.631414
 0 0.631415
 0 0.631415
 0 0.631432
 0 0.631432
 0 0.631454
 0 0.631457
 0 0.63146
 0 0.631463
 0 0.631463
 0 0.631463
 0 0.631496
 0 0.631552
 0 0.631552
 0 0.631553
 0 0.631605
 0 0.631605
 0 0.631635
 0 0.631635
 0 0.631654
 0 0.631712
 0 0.631718
 0 0.631718
 0 0.631722
 0 0.631724
 0 0.631726
 0 0.631726
 0 0.631726
 0 0.631766
 0 0.631766
 0 0.631805
 0 0.631806
 0 0.631809
 0 0.631818
 0 0.631818
 0 0.631896
 0 0.631916
 0 0.631917
 0 0.631919
 0 0.631925
 0 0.631925
 0 0.631925
 0 0.63197
 0 0.63197
 0 0.631971
 0 0.632003
 0 0.632003
 0 0.632011
 0 0.632023
 0 0.632026
 0 0.632029
 0 0.63203
 0 0.63203
 0 0.632041
 0 0.632041
 0 0.632041
 0 0.632109
 0 0.632109
 0 0.632132
 0 0.632176
 0 0.63218
 0 0.63218
 0 0.632214
 0 0.632225
 0 0.632245
 0 0.632245
 0 0.632266
 0 0.632286
 0 0.632287
 0 0.632289
 0 0.632289
 0 0.632301
 0 0.632302
 0 0.632302
 0 0.632332
 0 0.632332
 0 0.632332
 0 0.632334
 0 0.632437
 0 0.632441
 0 0.632464
 0 0.632465
 0 0.632467
 0 0.632467
 0 0.632489
 0 0.632518
 0 0.632521
 0 0.632537
 0 0.632591
 0 0.632608
 0 0.632636
 0 0.632638
 0 0.63264
 0 0.632641
 0 0.632641
 0 0.632643
 0 0.632741
 0 0.632742
 0 0.632787
 0 0.632789
 0 0.632813
 0 0.632814
 0 0.632816
 0 0.632824
 0 0.632833
 0 0.632902
 0 0.632912
 0 0.632915
 0 0.632915
 0 0.632915
 0 0.632956
 0 0.632957
 0 0.632957
 0 0.632957
 0 0.632966
 0 0.632981
 0 0.632981
 0 0.632981
 0 0.632983
 0 0.632983
 0 0.632983
 0 0.63303
 0 0.633045
 0 0.633087
 0 0.633088
 0 0.633088
 0 0.633091
 0 0.633091
 0 0.633139
 0 0.633148
 0 0.633148
 0 0.633154
 0 0.633155
 0 0.633155
 0 0.633155
 0 0.633156
 0 0.633156
 0 0.633157
 0 0.633215
 0 0.633215
 0 0.633261
 0 0.633262
 0 0.633262
 0 0.633262
 0 0.633263
 0 0.633263
 0 0.633263
 0 0.633281
 0 0.633284
 0 0.633286
 0 0.633287
 0 0.633288
 0 0.633289
 0 0.63329
 0 0.63329
 0 0.633304
 0 0.633344
 0 0.633344
 0 0.63337
 0 0.633395
 0 0.633395
 0 0.633398
 0 0.633408
 0 0.633408
 0 0.633414
 0 0.633414
 0 0.633448
 0 0.633449
 0 0.633449
 0 0.633449
 0 0.63348
 0 0.63348
 0 0.63348
 0 0.633488
 0 0.633489
 0 0.633495
 0 0.633496
 0 0.633506
 0 0.633515
 0 0.633515
 0 0.633531
 0 0.633569
 0 0.633572
 0 0.633645
 0 0.633647
 0 0.633647
 0 0.633647
 0 0.63365
 0 0.633706
 0 0.633706
 0 0.633719
 0 0.63372
 0 0.633728
 0 0.633728
 0 0.633729
 0 0.63373
 0 0.63373
 0 0.633747
 0 0.633778
 0 0.633778
 0 0.633785
 0 0.633785
 0 0.633819
 0 0.633819
 0 0.633842
 0 0.633844
 0 0.63385
 0 0.633852
 0 0.633852
 0 0.633852
 0 0.633852
 0 0.633872
 0 0.633873
 0 0.633873
 0 0.633873
 0 0.633884
 0 0.633896
 0 0.633896
 0 0.633897
 0 0.633897
 0 0.633908
 0 0.633923
 0 0.633928
 0 0.633929
 0 0.633941
 0 0.633949
 0 0.633949
 0 0.633972
 0 0.633972
 0 0.633973
 0 0.633985
 0 0.633988
 0 0.633991
 0 0.634015
 0 0.634018
 0 0.634018
 0 0.634024
 0 0.634024
 0 0.634026
 0 0.634027
 0 0.634053
 0 0.634053
 0 0.634054
 0 0.634054
 0 0.634082
 0 0.634098
 0 0.634106
 0 0.634121
 0 0.634136
 0 0.634139
 0 0.634149
 0 0.634158
 0 0.634198
 0 0.634198
 0 0.634198
 0 0.6342
 0 0.634202
 0 0.634208
 0 0.634209
 0 0.634222
 0 0.634222
 0 0.634243
 0 0.634245
 0 0.634258
 0 0.634303
 0 0.634303
 0 0.634304
 0 0.634304
 0 0.634304
 0 0.63431
 0 0.634322
 0 0.634352
 0 0.634361
 0 0.634361
 0 0.634376
 0 0.634376
 0 0.634415
 0 0.634418
 0 0.634419
 0 0.634423
 0 0.634433
 0 0.634435
 0 0.634436
 0 0.634436
 0 0.634456
 0 0.63447
 0 0.63447
 0 0.63447
 0 0.634478
 0 0.634496
 0 0.634496
 0 0.634496
 0 0.634504
 0 0.634504
 0 0.634511
 0 0.63453
 0 0.63453
 0 0.634531
 0 0.634533
 0 0.634556
 0 0.634566
 0 0.634568
 0 0.634591
 0 0.634597
 0 0.634597
 0 0.634597
 0 0.634597
 0 0.634609
 0 0.634612
 0 0.634626
 0 0.634626
 0 0.634635
 0 0.634688
 0 0.634688
 0 0.63471
 0 0.634718
 0 0.634763
 0 0.634769
 0 0.634771
 0 0.634771
 0 0.634771
 0 0.634774
 0 0.634774
 0 0.634774
 0 0.63478
 0 0.634784
 0 0.634787
 0 0.634787
 0 0.634793
 0 0.634794
 0 0.634807
 0 0.634816
 0 0.634816
 0 0.634816
 0 0.634829
 0 0.634832
 0 0.634832
 0 0.634834
 0 0.634836
 0 0.634836
 0 0.63484
 0 0.63484
 0 0.63484
 0 0.634843
 0 0.634871
 0 0.634871
 0 0.634873
 0 0.634873
 0 0.634874
 0 0.634874
 0 0.634901
 0 0.634903
 0 0.634926
 0 0.634926
 0 0.634932
 0 0.634932
 0 0.634939
 0 0.634941
 0 0.634967
 0 0.634968
 0 0.634982
 0 0.634994
 0 0.635
 0 0.635
 0 0.635001
 0 0.635001
 0 0.635012
 0 0.635019
 0 0.635019
 0 0.635019
 0 0.635019
 0 0.635026
 0 0.635027
 0 0.635032
 0 0.63505
 0 0.63505
 0 0.635056
 0 0.635072
 0 0.635072
 0 0.635085
 0 0.635087
 0 0.635094
 0 0.635095
 0 0.635097
 0 0.635109
 0 0.635127
 0 0.635134
 0 0.635145
 0 0.635146
 0 0.63515
 0 0.635151
 0 0.635179
 0 0.635214
 0 0.635221
 0 0.635221
 0 0.635222
 0 0.635227
 0 0.635247
 0 0.635249
 0 0.635257
 0 0.635283
 0 0.635283
 0 0.635291
 0 0.635291
 0 0.635291
 0 0.635293
 0 0.635293
 0 0.635294
 0 0.635321
 0 0.635322
 0 0.635322
 0 0.635322
 0 0.635325
 0 0.635326
 0 0.63534
 0 0.635354
 0 0.635354
 0 0.635367
 0 0.635367
 0 0.635387
 0 0.635388
 0 0.635388
 0 0.635389
 0 0.635389
 0 0.635393
 0 0.635393
 0 0.635394
 0 0.635394
 0 0.635454
 0 0.635455
 0 0.635458
 0 0.635461
 0 0.635464
 0 0.635464
 0 0.635465
 0 0.635468
 0 0.635469
 0 0.635472
 0 0.635494
 0 0.635494
 0 0.635494
 0 0.635496
 0 0.635507
 0 0.635507
 0 0.635507
 0 0.635528
 0 0.635528
 0 0.635528
 0 0.635546
 0 0.635551
 0 0.635552
 0 0.635553
 0 0.635553
 0 0.635562
 0 0.635564
 0 0.635568
 0 0.635578
 0 0.635578
 0 0.63558
 0 0.635581
 0 0.635581
 0 0.635581
 0 0.635586
 0 0.635587
 0 0.635588
 0 0.63559
 0 0.6356
 0 0.6356
 0 0.6356
 0 0.6356
 0 0.635602
 0 0.635607
 0 0.635607
 0 0.635607
 0 0.635608
 0 0.635629
 0 0.635637
 0 0.635637
 0 0.635638
 0 0.635638
 0 0.635641
 0 0.635641
 0 0.635647
 0 0.63566
 0 0.63566
 0 0.63566
 0 0.635661
 0 0.635661
 0 0.635661
 0 0.635667
 0 0.635667
 0 0.635671
 0 0.635677
 0 0.635699
 0 0.635699
 0 0.6357
 0 0.6357
 0 0.6357
 0 0.635701
 0 0.635702
 0 0.635702
 0 0.635702
 0 0.635703
 0 0.635714
 0 0.635714
 0 0.635716
 0 0.635716
 0 0.635716
 0 0.635716
 0 0.635723
 0 0.635723
 0 0.635736
 0 0.635749
 0 0.635755
 0 0.635757
 0 0.635758
 0 0.635758
 0 0.635759
 0 0.635759
 0 0.635767
 0 0.635774
 0 0.635774
 0 0.635786
 0 0.635789
 0 0.635795
 0 0.635821
 0 0.635827
 0 0.635827
 0 0.635827
 0 0.635831
 0 0.635831
 0 0.635833
 0 0.635833
 0 0.635844
 0 0.635873
 0 0.635879
 0 0.635882
 0 0.635886
 0 0.635892
 0 0.635892
 0 0.635895
 0 0.635895
 0 0.635896
 0 0.6359
 0 0.6359
 0 0.635911
 0 0.635911
 0 0.635911
 0 0.635911
 0 0.635939
 0 0.635939
 0 0.63595
 0 0.63595
 0 0.635952
 0 0.635961
 0 0.635989
 0 0.635989
 0 0.635996
 0 0.63602
 0 0.63602
 0 0.636022
 0 0.636024
 0 0.636024
 0 0.636028
 0 0.636028
 0 0.636028
 0 0.63603
 0 0.636048
 0 0.636048
 0 0.636048
 0 0.63605
 0 0.636051
 0 0.636051
 0 0.636052
 0 0.636052
 0 0.636054
 0 0.636054
 0 0.636055
 0 0.636055
 0 0.636059
 0 0.636059
 0 0.636072
 0 0.636073
 0 0.636073
 0 0.636074
 0 0.636078
 0 0.636078
 0 0.636078
 0 0.636079
 0 0.63608
 0 0.636081
 0 0.636084
 0 0.63609
 0 0.636091
 0 0.636091
 0 0.636104
 0 0.636104
 0 0.636105
 0 0.636106
 0 0.636141
 0 0.636151
 0 0.636168
 0 0.636169
 0 0.636174
 0 0.636218
 0 0.636237
 0 0.63624
 0 0.63624
 0 0.636255
 0 0.636262
 0 0.636278
 0 0.636278
 0 0.636278
 0 0.636278
 0 0.636285
 0 0.636288
 0 0.63629
 0 0.636292
 0 0.636304
 0 0.636304
 0 0.636306
 0 0.636307
 0 0.63631
 0 0.636312
 0 0.636313
 0 0.636313
 0 0.636325
 0 0.636327
 0 0.636328
 0 0.636328
 0 0.63636
 0 0.636368
 0 0.63637
 0 0.636383
 0 0.63639
 0 0.636391
 0 0.636394
 0 0.636397
 0 0.636397
 0 0.636418
 0 0.636425
 0 0.636425
 0 0.636426
 0 0.636431
 0 0.636432
 0 0.636432
 0 0.636447
 0 0.636447
 0 0.636447
 0 0.636457
 0 0.636458
 0 0.636471
 0 0.636474
 0 0.636475
 0 0.636493
 0 0.636496
 0 0.636496
 0 0.636496
 0 0.6365
 0 0.6365
 0 0.636511
 0 0.636513
 0 0.636513
 0 0.636514
 0 0.636517
 0 0.636518
 0 0.636522
 0 0.636524
 0 0.636537
 0 0.636537
 0 0.636538
 0 0.636549
 0 0.636584
 0 0.636584
 0 0.636585
 0 0.636589
 0 0.636613
 0 0.636616
 0 0.636623
 0 0.636636
 0 0.636639
 0 0.63665
 0 0.63665
 0 0.636652
 0 0.63667
 0 0.636672
 0 0.636683
 0 0.636683
 0 0.636683
 0 0.63669
 0 0.636697
 0 0.636724
 0 0.636744
 0 0.636748
 0 0.636751
 0 0.636752
 0 0.63677
 0 0.636784
 0 0.636784
 0 0.636784
 0 0.636784
 0 0.636784
 0 0.636787
 0 0.636787
 0 0.636793
 0 0.636793
 0 0.636794
 0 0.636807
 0 0.636815
 0 0.636816
 0 0.636816
 0 0.636836
 0 0.636836
 0 0.63685
 0 0.636856
 0 0.636856
 0 0.636856
 0 0.636858
 0 0.636872
 0 0.636872
 0 0.636874
 0 0.636877
 0 0.636883
 0 0.636884
 0 0.636884
 0 0.636884
 0 0.636884
 0 0.636887
 0 0.636891
 0 0.636894
 0 0.636894
 0 0.636896
 0 0.636898
 0 0.636899
 0 0.636906
 0 0.636906
 0 0.636907
 0 0.636917
 0 0.636926
 0 0.636926
 0 0.63694
 0 0.636955
 0 0.636958
 0 0.636966
 0 0.63697
 0 0.63697
 0 0.63697
 0 0.637019
 0 0.637022
 0 0.637022
 0 0.637022
 0 0.637022
 0 0.637022
 0 0.637022
 0 0.637039
 0 0.637088
 0 0.637089
 0 0.637098
 0 0.637098
 0 0.637098
 0 0.637101
 0 0.637112
 0 0.637116
 0 0.637127
 0 0.637127
 0 0.637132
 0 0.637135
 0 0.637176
 0 0.637178
 0 0.637178
 0 0.63718
 0 0.63718
 0 0.637181
 0 0.637181
 0 0.637183
 0 0.637196
 0 0.637196
 0 0.637196
 0 0.637223
 0 0.637224
 0 0.637225
 0 0.637228
 0 0.63723
 0 0.637231
 0 0.637231
 0 0.637257
 0 0.637257
 0 0.637257
 0 0.637257
 0 0.637257
 0 0.637257
 0 0.637271
 0 0.637271
 0 0.637281
 0 0.637281
 0 0.637284
 0 0.637291
 0 0.6373
 0 0.637302
 0 0.637303
 0 0.637303
 0 0.637309
 0 0.63731
 0 0.637312
 0 0.637313
 0 0.637316
 0 0.63732
 0 0.637321
 0 0.637357
 0 0.637357
 0 0.63737
 0 0.637417
 0 0.637417
 0 0.63742
 0 0.63742
 0 0.637421
 0 0.637421
 0 0.637421
 0 0.637436
 0 0.637438
 0 0.637455
 0 0.637459
 0 0.637459
 0 0.637463
 0 0.637463
 0 0.637478
 0 0.637478
 0 0.637496
 0 0.637498
 0 0.637499
 0 0.637499
 0 0.637499
 0 0.637537
 0 0.637537
 0 0.637539
 0 0.637539
 0 0.637549
 0 0.637551
 0 0.637552
 0 0.637553
 0 0.637555
 0 0.637581
 0 0.637581
 0 0.637581
 0 0.637581
 0 0.637585
 0 0.637589
 0 0.637598
 0 0.637602
 0 0.637603
 0 0.637603
 0 0.637618
 0 0.637629
 0 0.637629
 0 0.637636
 0 0.637636
 0 0.637637
 0 0.637653
 0 0.637661
 0 0.637662
 0 0.637664
 0 0.637669
 0 0.637676
 0 0.637678
 0 0.637678
 0 0.637681
 0 0.637681
 0 0.637681
 0 0.637683
 0 0.637699
 0 0.637715
 0 0.637716
 0 0.637733
 0 0.637733
 0 0.637762
 0 0.637763
 0 0.637764
 0 0.637766
 0 0.637791
 0 0.637791
 0 0.637805
 0 0.637806
 0 0.637807
 0 0.637807
 0 0.637808
 0 0.637812
 0 0.637836
 0 0.637842
 0 0.637842
 0 0.637843
 0 0.637844
 0 0.637844
 0 0.637846
 0 0.63785
 0 0.637854
 0 0.637854
 0 0.637894
 0 0.637894
 0 0.637898
 0 0.637901
 0 0.637903
 0 0.637904
 0 0.637915
 0 0.637916
 0 0.637916
 0 0.637916
 0 0.637916
 0 0.637918
 0 0.637918
 0 0.637919
 0 0.637921
 0 0.637921
 0 0.637922
 0 0.637922
 0 0.637923
 0 0.637923
 0 0.637923
 0 0.637926
 0 0.637926
 0 0.637927
 0 0.637927
 0 0.637927
 0 0.637927
 0 0.63793
 0 0.63794
 0 0.637949
 0 0.637951
 0 0.637953
 0 0.637953
 0 0.637961
 0 0.637961
 0 0.637964
 0 0.637979
 0 0.637982
 0 0.637984
 0 0.637985
 0 0.637989
 0 0.637989
 0 0.637998
 0 0.638013
 0 0.638014
 0 0.638032
 0 0.638035
 0 0.638051
 0 0.638053
 0 0.638055
 0 0.638085
 0 0.638085
 0 0.638094
 0 0.638101
 0 0.638144
 0 0.638152
 0 0.638158
 0 0.638158
 0 0.63817
 0 0.63817
 0 0.63817
 0 0.63817
 0 0.638171
 0 0.638195
 0 0.638195
 0 0.638196
 0 0.638198
 0 0.638218
 0 0.638218
 0 0.638218
 0 0.638233
 0 0.63825
 0 0.63825
 0 0.63825
 0 0.638253
 0 0.638254
 0 0.638267
 0 0.63827
 0 0.638274
 0 0.638274
 0 0.63828
 0 0.638283
 0 0.638283
 0 0.638286
 0 0.638301
 0 0.638301
 0 0.638319
 0 0.638321
 0 0.638323
 0 0.638329
 0 0.638337
 0 0.638353
 0 0.638353
 0 0.638354
 0 0.638354
 0 0.638357
 0 0.638379
 0 0.638397
 0 0.638397
 0 0.6384
 0 0.6384
 0 0.638442
 0 0.638445
 0 0.638462
 0 0.638462
 0 0.638466
 0 0.638476
 0 0.638476
 0 0.638476
 0 0.638476
 0 0.63849
 0 0.63849
 0 0.638501
 0 0.638501
 0 0.638502
 0 0.638505
 0 0.638505
 0 0.638515
 0 0.638531
 0 0.638531
 0 0.638539
 0 0.638568
 0 0.638574
 0 0.638574
 0 0.638574
 0 0.638589
 0 0.638593
 0 0.638597
 0 0.638597
 0 0.638601
 0 0.638618
 0 0.638619
 0 0.638625
 0 0.638625
 0 0.638637
 0 0.638683
 0 0.638683
 0 0.638701
 0 0.638703
 0 0.638703
 0 0.638706
 0 0.638732
 0 0.63874
 0 0.63874
 0 0.638742
 0 0.638742
 0 0.638755
 0 0.638759
 0 0.63876
 0 0.63876
 0 0.638763
 0 0.638765
 0 0.638766
 0 0.638766
 0 0.638785
 0 0.638801
 0 0.638806
 0 0.638809
 0 0.638809
 0 0.638809
 0 0.638809
 0 0.638815
 0 0.638817
 0 0.638817
 0 0.63882
 0 0.638859
 0 0.638859
 0 0.638876
 0 0.638876
 0 0.63888
 0 0.638882
 0 0.638912
 0 0.638912
 0 0.638912
 0 0.638913
 0 0.638919
 0 0.638919
 0 0.638919
 0 0.63892
 0 0.638961
 0 0.638964
 0 0.638993
 0 0.639
 0 0.639
 0 0.639
 0 0.639
 0 0.639
 0 0.639
 0 0.639005
 0 0.639019
 0 0.639021
 0 0.639021
 0 0.639029
 0 0.639033
 0 0.639038
 0 0.639038
 0 0.639038
 0 0.639041
 0 0.639066
 0 0.639066
 0 0.639066
 0 0.639073
 0 0.639073
 0 0.639073
 0 0.639074
 0 0.63908
 0 0.63908
 0 0.639088
 0 0.639088
 0 0.639089
 0 0.63909
 0 0.639097
 0 0.639097
 0 0.639098
 0 0.639109
 0 0.639111
 0 0.639117
 0 0.639158
 0 0.63916
 0 0.639178
 0 0.639213
 0 0.639236
 0 0.639236
 0 0.639257
 0 0.639257
 0 0.639258
 0 0.639258
 0 0.639307
 0 0.639311
 0 0.639315
 0 0.639336
 0 0.639336
 0 0.639356
 0 0.639358
 0 0.639379
 0 0.639382
 0 0.639382
 0 0.639411
 0 0.639421
 0 0.639424
 0 0.639433
 0 0.639433
 0 0.639442
 0 0.639444
 0 0.639445
 0 0.639445
 0 0.639447
 0 0.639494
 0 0.639494
 0 0.639494
 0 0.639508
 0 0.639585
 0 0.639585
 0 0.639605
 0 0.639605
 0 0.639606
 0 0.639606
 0 0.639609
 0 0.639609
 0 0.639612
 0 0.639615
 0 0.639615
 0 0.639617
 0 0.639617
 0 0.639617
 0 0.63964
 0 0.63964
 0 0.639645
 0 0.639645
 0 0.639657
 0 0.639726
 0 0.639726
 0 0.639762
 0 0.639763
 0 0.639765
 0 0.639784
 0 0.639809
 0 0.63981
 0 0.639815
 0 0.639815
 0 0.639816
 0 0.639832
 0 0.639832
 0 0.639904
 0 0.639906
 0 0.639946
 0 0.639946
 0 0.63996
 0 0.63996
 0 0.639961
 0 0.639994
 0 0.639995
 0 0.64002
 0 0.640027
 0 0.640036
 0 0.640036
 0 0.640036
 0 0.640081
 0 0.640081
 0 0.640082
 0 0.640123
 0 0.640162
 0 0.640175
 0 0.640215
 0 0.640225
 0 0.640226
 0 0.640239
 0 0.640267
 0 0.640271
 0 0.640271
 0 0.640276
 0 0.640278
 0 0.640278
 0 0.640413
 0 0.640413
 0 0.640503
 0 0.640517
 0 0.640517
 0 0.640518
 0 0.640527
 0 0.640527
 0 0.64054
 0 0.64056
 0 0.640561
 0 0.640588
 0 0.640599
 0 0.640693
 0 0.640764
 0 0.640765
 0 0.640792
 0 0.640989
 0 0.641065
 0 0.641065
 0 0.641066
 0 0.641066
 0 0.641075
 0 0.641075
 0 0.64124
 0 0.641375
 0 0.64154
 0 0.641593
 0 0.641619
 0 0.641676
 0 0.641677
 0 0.642016
 0 0.642016
 0 0.642018
 0 0.946307
 0 1.31629
 0 1.31629
 0 1.31662
 0 1.31663
 0 1.31794
 0 inf
