 0 0.489553
 0 0.489553
 0 0.489756
 0 0.490434
 0 0.490636
 0 0.490636
 0 0.501806
 0 0.502674
 0 0.502726
 0 0.502727
 0 0.503113
 0 0.503113
 0 0.626332
 0 0.62665
 0 0.626732
 0 0.626732
 0 0.626732
 0 0.626732
 0 0.626733
 0 0.627325
 0 0.627326
 0 0.627399
 0 0.627399
 0 0.6274
 0 0.627473
 0 0.627473
 0 0.627698
 0 0.627721
 0 0.627725
 0 0.627921
 0 0.62795
 0 0.628009
 0 0.628009
 0 0.628037
 0 0.628037
 0 0.628046
 0 0.628093
 0 0.628093
 0 0.628093
 0 0.628199
 0 0.628199
 0 0.628242
 0 0.628242
 0 0.628244
 0 0.628288
 0 0.628291
 0 0.628291
 0 0.628291
 0 0.628291
 0 0.628291
 0 0.628423
 0 0.628437
 0 0.628438
 0 0.628474
 0 0.628545
 0 0.628545
 0 0.628545
 0 0.628574
 0 0.628574
 0 0.628601
 0 0.628703
 0 0.628743
 0 0.628743
 0 0.628743
 0 0.628745
 0 0.628745
 0 0.628746
 0 0.628793
 0 0.628817
 0 0.628817
 0 0.628817
 0 0.628817
 0 0.62886
 0 0.628861
 0 0.628861
 0 0.628872
 0 0.628872
 0 0.628942
 0 0.628989
 0 0.628989
 0 0.629005
 0 0.629031
 0 0.629035
 0 0.629096
 0 0.629118
 0 0.629118
 0 0.629163
 0 0.629168
 0 0.62917
 0 0.629218
 0 0.629241
 0 0.629241
 0 0.629245
 0 0.629248
 0 0.629248
 0 0.629249
 0 0.62927
 0 0.629307
 0 0.629307
 0 0.6294
 0 0.6294
 0 0.629401
 0 0.62942
 0 0.629434
 0 0.629434
 0 0.629434
 0 0.629446
 0 0.629446
 0 0.629462
 0 0.629462
 0 0.629462
 0 0.629481
 0 0.629493
 0 0.629535
 0 0.629536
 0 0.629536
 0 0.629593
 0 0.629595
 0 0.62963
 0 0.62963
 0 0.629642
 0 0.629647
 0 0.629651
 0 0.629662
 0 0.629673
 0 0.629674
 0 0.629674
 0 0.629711
 0 0.629712
 0 0.629712
 0 0.629714
 0 0.629736
 0 0.629736
 0 0.629736
 0 0.629805
 0 0.629805
 0 0.629805
 0 0.629836
 0 0.629836
 0 0.62988
 0 0.629895
 0 0.629898
 0 0.629948
 0 0.62995
 0 0.629975
 0 0.629993
 0 0.630042
 0 0.630087
 0 0.630088
 0 0.630098
 0 0.630098
 0 0.630103
 0 0.630115
 0 0.630115
 0 0.630134
 0 0.630134
 0 0.630136
 0 0.630197
 0 0.630226
 0 0.630226
 0 0.630249
 0 0.630249
 0 0.630279
 0 0.630279
 0 0.63028
 0 0.63028
 0 0.630281
 0 0.630293
 0 0.630294
 0 0.630307
 0 0.630308
 0 0.63033
 0 0.63033
 0 0.63033
 0 0.630337
 0 0.630339
 0 0.630385
 0 0.630449
 0 0.630449
 0 0.63048
 0 0.630481
 0 0.630489
 0 0.630489
 0 0.63049
 0 0.630513
 0 0.630559
 0 0.630595
 0 0.630609
 0 0.630614
 0 0.630615
 0 0.630616
 0 0.630652
 0 0.630658
 0 0.630658
 0 0.630658
 0 0.630689
 0 0.630699
 0 0.630703
 0 0.630703
 0 0.630703
 0 0.630703
 0 0.630708
 0 0.630709
 0 0.630709
 0 0.630709
 0 0.630709
 0 0.630709
 0 0.630745
 0 0.630754
 0 0.630754
 0 0.630801
 0 0.630802
 0 0.630807
 0 0.630826
 0 0.630827
 0 0.630848
 0 0.63085
 0 0.63085
 0 0.630875
 0 0.630875
 0 0.630876
 0 0.630876
 0 0.630877
 0 0.63088
 0 0.63088
 0 0.630881
 0 0.630881
 0 0.630881
 0 0.630881
 0 0.630896
 0 0.630897
 0 0.630912
 0 0.630913
 0 0.630918
 0 0.63096
 0 0.63096
 0 0.630985
 0 0.631027
 0 0.631061
 0 0.631065
 0 0.631065
 0 0.631068
 0 0.631123
 0 0.631123
 0 0.631124
 0 0.631127
 0 0.631127
 0 0.631136
 0 0.631137
 0 0.631137
 0 0.631149
 0 0.631166
 0 0.631166
 0 0.631166
 0 0.63118
 0 0.63118
 0 0.63118
 0 0.63118
 0 0.631181
 0 0.631181
 0 0.631181
 0 0.631181
 0 0.631196
 0 0.631196
 0 0.631196
 0 0.631231
 0 0.631241
 0 0.631241
 0 0.631247
 0 0.631251
 0 0.631251
 0 0.631251
 0 0.63126
 0 0.631268
 0 0.631286
 0 0.631288
 0 0.631289
 0 0.631289
 0 0.631289
 0 0.631295
 0 0.631295
 0 0.631296
 0 0.631301
 0 0.631302
 0 0.631307
 0 0.631328
 0 0.631347
 0 0.631347
 0 0.631348
 0 0.631349
 0 0.631349
 0 0.631358
 0 0.631358
 0 0.631358
 0 0.631359
 0 0.631378
 0 0.631387
 0 0.631387
 0 0.631388
 0 0.631388
 0 0.631388
 0 0.631391
 0 0.631408
 0 0.63142
 0 0.631422
 0 0.631431
 0 0.631435
 0 0.631435
 0 0.631435
 0 0.631459
 0 0.631476
 0 0.6315
 0 0.631534
 0 0.631552
 0 0.631572
 0 0.631574
 0 0.63158
 0 0.631613
 0 0.631613
 0 0.631616
 0 0.631617
 0 0.631625
 0 0.631625
 0 0.631648
 0 0.631651
 0 0.631651
 0 0.631671
 0 0.631672
 0 0.631687
 0 0.63171
 0 0.631726
 0 0.631743
 0 0.631743
 0 0.631751
 0 0.631751
 0 0.631752
 0 0.631752
 0 0.631754
 0 0.631774
 0 0.631775
 0 0.631795
 0 0.631795
 0 0.631804
 0 0.631804
 0 0.631804
 0 0.631804
 0 0.631814
 0 0.631827
 0 0.631828
 0 0.631839
 0 0.631839
 0 0.63184
 0 0.631884
 0 0.631884
 0 0.631885
 0 0.631885
 0 0.631916
 0 0.631916
 0 0.631916
 0 0.63192
 0 0.63192
 0 0.631939
 0 0.631939
 0 0.631947
 0 0.631951
 0 0.631951
 0 0.631956
 0 0.631958
 0 0.631958
 0 0.631961
 0 0.631966
 0 0.631967
 0 0.631967
 0 0.631967
 0 0.631967
 0 0.631989
 0 0.632003
 0 0.632003
 0 0.632003
 0 0.632003
 0 0.632003
 0 0.632008
 0 0.632012
 0 0.632017
 0 0.632017
 0 0.632024
 0 0.632024
 0 0.632026
 0 0.632027
 0 0.632028
 0 0.632028
 0 0.632028
 0 0.632029
 0 0.632029
 0 0.632033
 0 0.632033
 0 0.632043
 0 0.632051
 0 0.632064
 0 0.632076
 0 0.632076
 0 0.632077
 0 0.632121
 0 0.632122
 0 0.632122
 0 0.632122
 0 0.632131
 0 0.632131
 0 0.632134
 0 0.632136
 0 0.63215
 0 0.63215
 0 0.632168
 0 0.632169
 0 0.632169
 0 0.632174
 0 0.632175
 0 0.632183
 0 0.632184
 0 0.632198
 0 0.632208
 0 0.632215
 0 0.632215
 0 0.632219
 0 0.632225
 0 0.632225
 0 0.632225
 0 0.632238
 0 0.632238
 0 0.632257
 0 0.63226
 0 0.63226
 0 0.632264
 0 0.632264
 0 0.632267
 0 0.632269
 0 0.632298
 0 0.632302
 0 0.632302
 0 0.632312
 0 0.632312
 0 0.63233
 0 0.63233
 0 0.63234
 0 0.63234
 0 0.632349
 0 0.632359
 0 0.632359
 0 0.632359
 0 0.63236
 0 0.632367
 0 0.632368
 0 0.632369
 0 0.632394
 0 0.632395
 0 0.632395
 0 0.632395
 0 0.632395
 0 0.632396
 0 0.632401
 0 0.632409
 0 0.63241
 0 0.632411
 0 0.632411
 0 0.632438
 0 0.632438
 0 0.632439
 0 0.63244
 0 0.632443
 0 0.632445
 0 0.632445
 0 0.632445
 0 0.632445
 0 0.632474
 0 0.632474
 0 0.632481
 0 0.632482
 0 0.632483
 0 0.632484
 0 0.632484
 0 0.632484
 0 0.632484
 0 0.632485
 0 0.632494
 0 0.632495
 0 0.632495
 0 0.632496
 0 0.632505
 0 0.632507
 0 0.632516
 0 0.632517
 0 0.63253
 0 0.63253
 0 0.632531
 0 0.632532
 0 0.632532
 0 0.632533
 0 0.632535
 0 0.632535
 0 0.63255
 0 0.632551
 0 0.632551
 0 0.632557
 0 0.632558
 0 0.632558
 0 0.632559
 0 0.632581
 0 0.632581
 0 0.632589
 0 0.63259
 0 0.63259
 0 0.63259
 0 0.63259
 0 0.632591
 0 0.632592
 0 0.632593
 0 0.632595
 0 0.632608
 0 0.632608
 0 0.632672
 0 0.632672
 0 0.632674
 0 0.632679
 0 0.63268
 0 0.632689
 0 0.632689
 0 0.632693
 0 0.632693
 0 0.632693
 0 0.632699
 0 0.632702
 0 0.632725
 0 0.632738
 0 0.632745
 0 0.632748
 0 0.632767
 0 0.632767
 0 0.632782
 0 0.632782
 0 0.632782
 0 0.632799
 0 0.632799
 0 0.632826
 0 0.632829
 0 0.632842
 0 0.632842
 0 0.632842
 0 0.632846
 0 0.632846
 0 0.632852
 0 0.632871
 0 0.63288
 0 0.63288
 0 0.632902
 0 0.632902
 0 0.632902
 0 0.632907
 0 0.632912
 0 0.632914
 0 0.632921
 0 0.632924
 0 0.632924
 0 0.632924
 0 0.632936
 0 0.632936
 0 0.632936
 0 0.632936
 0 0.632936
 0 0.632937
 0 0.632937
 0 0.632937
 0 0.632957
 0 0.632959
 0 0.632959
 0 0.632964
 0 0.632964
 0 0.632964
 0 0.632976
 0 0.632988
 0 0.632988
 0 0.633004
 0 0.633007
 0 0.633007
 0 0.63301
 0 0.633011
 0 0.633014
 0 0.633014
 0 0.633035
 0 0.633035
 0 0.633035
 0 0.633035
 0 0.633037
 0 0.633037
 0 0.633037
 0 0.633053
 0 0.633053
 0 0.633057
 0 0.633057
 0 0.633057
 0 0.633061
 0 0.633061
 0 0.633061
 0 0.633061
 0 0.633061
 0 0.633061
 0 0.633072
 0 0.633072
 0 0.633076
 0 0.633077
 0 0.633086
 0 0.633087
 0 0.633088
 0 0.633088
 0 0.633106
 0 0.633107
 0 0.633108
 0 0.63311
 0 0.633111
 0 0.633111
 0 0.63312
 0 0.63312
 0 0.633138
 0 0.63315
 0 0.633153
 0 0.633167
 0 0.633167
 0 0.633168
 0 0.633175
 0 0.633175
 0 0.633176
 0 0.633177
 0 0.633178
 0 0.633179
 0 0.633183
 0 0.633183
 0 0.633192
 0 0.633206
 0 0.633206
 0 0.633208
 0 0.633208
 0 0.633208
 0 0.633209
 0 0.63321
 0 0.633215
 0 0.633215
 0 0.633222
 0 0.633222
 0 0.633222
 0 0.633223
 0 0.633235
 0 0.633237
 0 0.633237
 0 0.633237
 0 0.633237
 0 0.633237
 0 0.633237
 0 0.633237
 0 0.63326
 0 0.63326
 0 0.63326
 0 0.633272
 0 0.633272
 0 0.633272
 0 0.633273
 0 0.633273
 0 0.633273
 0 0.633277
 0 0.633277
 0 0.633277
 0 0.633277
 0 0.633277
 0 0.633282
 0 0.633283
 0 0.633293
 0 0.633293
 0 0.633304
 0 0.633304
 0 0.633305
 0 0.633306
 0 0.63331
 0 0.633317
 0 0.633328
 0 0.633328
 0 0.633328
 0 0.633328
 0 0.633338
 0 0.633339
 0 0.633344
 0 0.633344
 0 0.633345
 0 0.633394
 0 0.633394
 0 0.633394
 0 0.633427
 0 0.633428
 0 0.63343
 0 0.633442
 0 0.633469
 0 0.63347
 0 0.633475
 0 0.633478
 0 0.633484
 0 0.633484
 0 0.633485
 0 0.633485
 0 0.633485
 0 0.633487
 0 0.633487
 0 0.633492
 0 0.633492
 0 0.6335
 0 0.633505
 0 0.633505
 0 0.633506
 0 0.633519
 0 0.63352
 0 0.633527
 0 0.633528
 0 0.633528
 0 0.633536
 0 0.633537
 0 0.633537
 0 0.633541
 0 0.633541
 0 0.633545
 0 0.633547
 0 0.633551
 0 0.633556
 0 0.633557
 0 0.633572
 0 0.633585
 0 0.633585
 0 0.633585
 0 0.633585
 0 0.633585
 0 0.633585
 0 0.633597
 0 0.633598
 0 0.633598
 0 0.633603
 0 0.633604
 0 0.633605
 0 0.633625
 0 0.633625
 0 0.633626
 0 0.633634
 0 0.633636
 0 0.633639
 0 0.633639
 0 0.633647
 0 0.633648
 0 0.633648
 0 0.633648
 0 0.633648
 0 0.633654
 0 0.633658
 0 0.633658
 0 0.63366
 0 0.63366
 0 0.63366
 0 0.63366
 0 0.63366
 0 0.633667
 0 0.633683
 0 0.633683
 0 0.633704
 0 0.633709
 0 0.633709
 0 0.633718
 0 0.633727
 0 0.633739
 0 0.63374
 0 0.633747
 0 0.633754
 0 0.633754
 0 0.633755
 0 0.633758
 0 0.633759
 0 0.633759
 0 0.633771
 0 0.633772
 0 0.633774
 0 0.633774
 0 0.633775
 0 0.633779
 0 0.633779
 0 0.633779
 0 0.633783
 0 0.633793
 0 0.633793
 0 0.633803
 0 0.633803
 0 0.633804
 0 0.633816
 0 0.633818
 0 0.633821
 0 0.633821
 0 0.633821
 0 0.633821
 0 0.633821
 0 0.63384
 0 0.633841
 0 0.633841
 0 0.633841
 0 0.63386
 0 0.633861
 0 0.633865
 0 0.633872
 0 0.633872
 0 0.633872
 0 0.633872
 0 0.633878
 0 0.633885
 0 0.63389
 0 0.633892
 0 0.633892
 0 0.633903
 0 0.633908
 0 0.633908
 0 0.633909
 0 0.633913
 0 0.633913
 0 0.633913
 0 0.633919
 0 0.633919
 0 0.633928
 0 0.633936
 0 0.633936
 0 0.633937
 0 0.633937
 0 0.633937
 0 0.633947
 0 0.633947
 0 0.633967
 0 0.633968
 0 0.633981
 0 0.633982
 0 0.634007
 0 0.634014
 0 0.634042
 0 0.634042
 0 0.634067
 0 0.634074
 0 0.634074
 0 0.634074
 0 0.634074
 0 0.634074
 0 0.634089
 0 0.634089
 0 0.634126
 0 0.634133
 0 0.634156
 0 0.634156
 0 0.634156
 0 0.634157
 0 0.634157
 0 0.634157
 0 0.634157
 0 0.634157
 0 0.634166
 0 0.634166
 0 0.634179
 0 0.634181
 0 0.634181
 0 0.634181
 0 0.634181
 0 0.634199
 0 0.6342
 0 0.634208
 0 0.634209
 0 0.634209
 0 0.634212
 0 0.634215
 0 0.634223
 0 0.634223
 0 0.634231
 0 0.634231
 0 0.634231
 0 0.634234
 0 0.634234
 0 0.634234
 0 0.634236
 0 0.634236
 0 0.634244
 0 0.634244
 0 0.634244
 0 0.634245
 0 0.634246
 0 0.634246
 0 0.634247
 0 0.634258
 0 0.634265
 0 0.634265
 0 0.634266
 0 0.634266
 0 0.63427
 0 0.63427
 0 0.634278
 0 0.634278
 0 0.634279
 0 0.634295
 0 0.634295
 0 0.634302
 0 0.634303
 0 0.634303
 0 0.634339
 0 0.634339
 0 0.634339
 0 0.634339
 0 0.634349
 0 0.634369
 0 0.634371
 0 0.634371
 0 0.634383
 0 0.634385
 0 0.634385
 0 0.634386
 0 0.634386
 0 0.634409
 0 0.634428
 0 0.634429
 0 0.634439
 0 0.634441
 0 0.634453
 0 0.634454
 0 0.63446
 0 0.634461
 0 0.634462
 0 0.634462
 0 0.634483
 0 0.634483
 0 0.634484
 0 0.634484
 0 0.634509
 0 0.634516
 0 0.634516
 0 0.634525
 0 0.634525
 0 0.634525
 0 0.634533
 0 0.634547
 0 0.634552
 0 0.634552
 0 0.634552
 0 0.634552
 0 0.634572
 0 0.634572
 0 0.634573
 0 0.634573
 0 0.634573
 0 0.634574
 0 0.634597
 0 0.634643
 0 0.634646
 0 0.634649
 0 0.634666
 0 0.634667
 0 0.634671
 0 0.634686
 0 0.634687
 0 0.634687
 0 0.634687
 0 0.634703
 0 0.634705
 0 0.634705
 0 0.634719
 0 0.63472
 0 0.634739
 0 0.634747
 0 0.634748
 0 0.634748
 0 0.634749
 0 0.634749
 0 0.634751
 0 0.634751
 0 0.634757
 0 0.634757
 0 0.634759
 0 0.634761
 0 0.634761
 0 0.634797
 0 0.634797
 0 0.634802
 0 0.634802
 0 0.634802
 0 0.634803
 0 0.634814
 0 0.634815
 0 0.634815
 0 0.634815
 0 0.63482
 0 0.63482
 0 0.634821
 0 0.634831
 0 0.634861
 0 0.634862
 0 0.634924
 0 0.634926
 0 0.634928
 0 0.634928
 0 0.634928
 0 0.634934
 0 0.634972
 0 0.634975
 0 0.634975
 0 0.634987
 0 0.635001
 0 0.635001
 0 0.63501
 0 0.635011
 0 0.635016
 0 0.635017
 0 0.635023
 0 0.635023
 0 0.635024
 0 0.635038
 0 0.635038
 0 0.635073
 0 0.635074
 0 0.63509
 0 0.635091
 0 0.635091
 0 0.635106
 0 0.635108
 0 0.635111
 0 0.635115
 0 0.635116
 0 0.635116
 0 0.635118
 0 0.635118
 0 0.635119
 0 0.635126
 0 0.635126
 0 0.635126
 0 0.635144
 0 0.635157
 0 0.635159
 0 0.635205
 0 0.635205
 0 0.635205
 0 0.635205
 0 0.63521
 0 0.63521
 0 0.635213
 0 0.635213
 0 0.635213
 0 0.635222
 0 0.635222
 0 0.63523
 0 0.63523
 0 0.635231
 0 0.635241
 0 0.635251
 0 0.635251
 0 0.635257
 0 0.635259
 0 0.635259
 0 0.635265
 0 0.635265
 0 0.635266
 0 0.635268
 0 0.635274
 0 0.635277
 0 0.635279
 0 0.635284
 0 0.635296
 0 0.635327
 0 0.635327
 0 0.635328
 0 0.635328
 0 0.635332
 0 0.635332
 0 0.635349
 0 0.63535
 0 0.635362
 0 0.635378
 0 0.63538
 0 0.635381
 0 0.635382
 0 0.635384
 0 0.635402
 0 0.635402
 0 0.635429
 0 0.635437
 0 0.635444
 0 0.635445
 0 0.635445
 0 0.635445
 0 0.635476
 0 0.635476
 0 0.635476
 0 0.635485
 0 0.635485
 0 0.635485
 0 0.635488
 0 0.635488
 0 0.635493
 0 0.635494
 0 0.635497
 0 0.635497
 0 0.635498
 0 0.635511
 0 0.635524
 0 0.635524
 0 0.635524
 0 0.635526
 0 0.635537
 0 0.635537
 0 0.63554
 0 0.63557
 0 0.63557
 0 0.635571
 0 0.635571
 0 0.635571
 0 0.635576
 0 0.635576
 0 0.635576
 0 0.635577
 0 0.635577
 0 0.635587
 0 0.635589
 0 0.635589
 0 0.635593
 0 0.635628
 0 0.635628
 0 0.635628
 0 0.635636
 0 0.635636
 0 0.635646
 0 0.635657
 0 0.635658
 0 0.635658
 0 0.635664
 0 0.635677
 0 0.635678
 0 0.635689
 0 0.635689
 0 0.635689
 0 0.635689
 0 0.635689
 0 0.6357
 0 0.6357
 0 0.635704
 0 0.635709
 0 0.635744
 0 0.635745
 0 0.635745
 0 0.635745
 0 0.635756
 0 0.635768
 0 0.63577
 0 0.63577
 0 0.635771
 0 0.635771
 0 0.635786
 0 0.635786
 0 0.635787
 0 0.635787
 0 0.635787
 0 0.635788
 0 0.635793
 0 0.635796
 0 0.635796
 0 0.635796
 0 0.635796
 0 0.635796
 0 0.635806
 0 0.635812
 0 0.635812
 0 0.635812
 0 0.635812
 0 0.635835
 0 0.635835
 0 0.635837
 0 0.635837
 0 0.635865
 0 0.635866
 0 0.635867
 0 0.635891
 0 0.635897
 0 0.635921
 0 0.635963
 0 0.635963
 0 0.635963
 0 0.63597
 0 0.635972
 0 0.635978
 0 0.635988
 0 0.635991
 0 0.635991
 0 0.635991
 0 0.635993
 0 0.635993
 0 0.636004
 0 0.636004
 0 0.636008
 0 0.636012
 0 0.636028
 0 0.636028
 0 0.636041
 0 0.636041
 0 0.636046
 0 0.636058
 0 0.636065
 0 0.636065
 0 0.63609
 0 0.636092
 0 0.636092
 0 0.636101
 0 0.636108
 0 0.636108
 0 0.636108
 0 0.636109
 0 0.636114
 0 0.636126
 0 0.636143
 0 0.636157
 0 0.636157
 0 0.636158
 0 0.636158
 0 0.636158
 0 0.636175
 0 0.636175
 0 0.63619
 0 0.636191
 0 0.636195
 0 0.636199
 0 0.636205
 0 0.636206
 0 0.636206
 0 0.636216
 0 0.636216
 0 0.636216
 0 0.636216
 0 0.636216
 0 0.636265
 0 0.636266
 0 0.636275
 0 0.636291
 0 0.636295
 0 0.636296
 0 0.636296
 0 0.636319
 0 0.636319
 0 0.636325
 0 0.636325
 0 0.636325
 0 0.636337
 0 0.636337
 0 0.636337
 0 0.636337
 0 0.636337
 0 0.636343
 0 0.63635
 0 0.636366
 0 0.63637
 0 0.63637
 0 0.63637
 0 0.636374
 0 0.636401
 0 0.636403
 0 0.636407
 0 0.636407
 0 0.636407
 0 0.636407
 0 0.636409
 0 0.63641
 0 0.63641
 0 0.636423
 0 0.636436
 0 0.63646
 0 0.63646
 0 0.63646
 0 0.636462
 0 0.636477
 0 0.636508
 0 0.636508
 0 0.636508
 0 0.636526
 0 0.636526
 0 0.636526
 0 0.636543
 0 0.636548
 0 0.636549
 0 0.636557
 0 0.636557
 0 0.636557
 0 0.636557
 0 0.636567
 0 0.636568
 0 0.636575
 0 0.636576
 0 0.636586
 0 0.636587
 0 0.636599
 0 0.636599
 0 0.6366
 0 0.636611
 0 0.636616
 0 0.636617
 0 0.636617
 0 0.636617
 0 0.636617
 0 0.636633
 0 0.636634
 0 0.636634
 0 0.636645
 0 0.636646
 0 0.636667
 0 0.636669
 0 0.636677
 0 0.636696
 0 0.636696
 0 0.636707
 0 0.636745
 0 0.636771
 0 0.636775
 0 0.636805
 0 0.636806
 0 0.636807
 0 0.636812
 0 0.636846
 0 0.636863
 0 0.636881
 0 0.636884
 0 0.63689
 0 0.63689
 0 0.63689
 0 0.63689
 0 0.636934
 0 0.636935
 0 0.636995
 0 0.636999
 0 0.636999
 0 0.636999
 0 0.637001
 0 0.637019
 0 0.63702
 0 0.63702
 0 0.637022
 0 0.637022
 0 0.637023
 0 0.637023
 0 0.637026
 0 0.637027
 0 0.637028
 0 0.637029
 0 0.637029
 0 0.637058
 0 0.637088
 0 0.637088
 0 0.637088
 0 0.637088
 0 0.637092
 0 0.637092
 0 0.637092
 0 0.637106
 0 0.637107
 0 0.637123
 0 0.637124
 0 0.637142
 0 0.637158
 0 0.637158
 0 0.637159
 0 0.637171
 0 0.637176
 0 0.637185
 0 0.637185
 0 0.637202
 0 0.637202
 0 0.637246
 0 0.637246
 0 0.637253
 0 0.637253
 0 0.63729
 0 0.637291
 0 0.637304
 0 0.637305
 0 0.637316
 0 0.637317
 0 0.637317
 0 0.637318
 0 0.637333
 0 0.637345
 0 0.637345
 0 0.637355
 0 0.637355
 0 0.637355
 0 0.637423
 0 0.637458
 0 0.63746
 0 0.63746
 0 0.63746
 0 0.637471
 0 0.637471
 0 0.637472
 0 0.637472
 0 0.637477
 0 0.637477
 0 0.637498
 0 0.6375
 0 0.637534
 0 0.637541
 0 0.637569
 0 0.637579
 0 0.637579
 0 0.637587
 0 0.637588
 0 0.637591
 0 0.637591
 0 0.637591
 0 0.637636
 0 0.637636
 0 0.637653
 0 0.637663
 0 0.637663
 0 0.637668
 0 0.637711
 0 0.637728
 0 0.637736
 0 0.637777
 0 0.637779
 0 0.637792
 0 0.637793
 0 0.637805
 0 0.637805
 0 0.637811
 0 0.637812
 0 0.637817
 0 0.637817
 0 0.637817
 0 0.637867
 0 0.637929
 0 0.637936
 0 0.637936
 0 0.637936
 0 0.637937
 0 0.637938
 0 0.637948
 0 0.637948
 0 0.637948
 0 0.637948
 0 0.637953
 0 0.637966
 0 0.63802
 0 0.638076
 0 0.63814
 0 0.63814
 0 0.638142
 0 0.638146
 0 0.638146
 0 0.638147
 0 0.638149
 0 0.638149
 0 0.638151
 0 0.638151
 0 0.638166
 0 0.638166
 0 0.638188
 0 0.638188
 0 0.638267
 0 0.638267
 0 0.638271
 0 0.638271
 0 0.638271
 0 0.63839
 0 0.638394
 0 0.638394
 0 0.638405
 0 0.638406
 0 0.638427
 0 0.638427
 0 0.638437
 0 0.638494
 0 0.638552
 0 0.638553
 0 0.638578
 0 0.638587
 0 0.638658
 0 0.638659
 0 0.638693
 0 0.638694
 0 0.638695
 0 0.638737
 0 0.63878
 0 0.638781
 0 0.638781
 0 0.638799
 0 0.638809
 0 0.638809
 0 0.638809
 0 0.638927
 0 0.638928
 0 0.638929
 0 0.638969
 0 0.638969
 0 0.638969
 0 0.638969
 0 0.63897
 0 0.639148
 0 0.639362
 0 0.639363
 0 0.639401
 0 0.639401
 0 0.639436
 0 0.639486
 0 0.639604
 0 0.639605
 0 0.639795
 0 0.639795
 0 0.640228
 0 0.640228
 0 0.640252
 0 0.640269
 0 0.640341
 0 0.640341
 0 0.640494
 0 0.640494
 0 0.640494
 0 0.640495
 0 0.640538
 0 0.640539
 0 0.640632
 0 0.641128
 0 0.641396
 0 0.641396
 0 0.641396
 0 0.641397
 0 0.641439
 0 0.641519
 0 0.641618
 0 0.641618
 0 0.641618
 0 0.64162
 0 0.641994
 0 0.641995
 0 inf
