 0 0.632153
 0 0.632153
 0 0.632517
 0 0.632518
 0 0.632521
 0 0.632521
 0 0.633298
 0 0.63346
 0 0.633582
 0 0.633586
 0 0.633761
 0 0.634288
 0 0.634288
 0 0.634288
 0 0.634392
 0 0.634393
 0 0.634587
 0 0.634587
 0 0.634642
 0 0.634642
 0 0.634642
 0 0.634643
 0 0.634643
 0 0.634703
 0 0.634829
 0 0.634829
 0 0.635105
 0 0.635134
 0 0.635134
 0 0.635137
 0 0.635212
 0 0.635214
 0 0.635215
 0 0.635215
 0 0.635215
 0 0.635295
 0 0.635298
 0 0.635379
 0 0.635379
 0 0.63541
 0 0.635416
 0 0.635416
 0 0.635419
 0 0.63542
 0 0.635491
 0 0.635524
 0 0.635524
 0 0.635547
 0 0.635551
 0 0.635717
 0 0.635719
 0 0.635768
 0 0.635916
 0 0.635946
 0 0.635947
 0 0.635952
 0 0.636356
 0 0.63653
 0 0.63653
 0 0.636533
 0 0.636563
 0 0.636564
 0 0.636753
 0 0.636756
 0 0.636787
 0 0.636787
 0 0.636787
 0 0.636793
 0 0.636793
 0 0.636885
 0 0.636885
 0 0.636937
 0 0.636937
 0 0.636938
 0 0.636995
 0 0.637078
 0 0.637186
 0 0.637368
 0 0.637384
 0 0.637385
 0 0.637436
 0 0.637436
 0 0.637436
 0 0.637436
 0 0.637436
 0 0.637445
 0 0.637446
 0 0.63747
 0 0.637534
 0 0.637534
 0 0.63763
 0 0.637633
 0 0.63766
 0 0.637661
 0 0.637661
 0 0.637661
 0 0.637661
 0 0.637661
 0 0.637661
 0 0.637663
 0 0.637663
 0 0.637663
 0 0.637734
 0 0.637734
 0 0.637746
 0 0.637747
 0 0.637749
 0 0.637754
 0 0.637759
 0 0.637759
 0 0.637784
 0 0.637784
 0 0.637862
 0 0.637865
 0 0.637904
 0 0.637905
 0 0.637915
 0 0.637916
 0 0.637916
 0 0.637959
 0 0.63796
 0 0.637962
 0 0.638001
 0 0.638002
 0 0.638002
 0 0.638039
 0 0.638057
 0 0.638057
 0 0.63806
 0 0.638067
 0 0.638177
 0 0.638206
 0 0.638206
 0 0.63821
 0 0.63821
 0 0.638218
 0 0.638261
 0 0.638283
 0 0.638285
 0 0.638303
 0 0.638304
 0 0.638305
 0 0.638308
 0 0.638308
 0 0.638337
 0 0.638416
 0 0.638475
 0 0.638505
 0 0.638572
 0 0.638629
 0 0.638632
 0 0.638633
 0 0.638638
 0 0.638638
 0 0.638716
 0 0.638738
 0 0.638739
 0 0.638741
 0 0.638741
 0 0.638771
 0 0.638774
 0 0.638785
 0 0.638859
 0 0.638886
 0 0.638888
 0 0.638891
 0 0.639001
 0 0.639087
 0 0.63909
 0 0.639111
 0 0.639111
 0 0.639114
 0 0.639114
 0 0.639152
 0 0.639152
 0 0.639171
 0 0.639171
 0 0.639231
 0 0.639233
 0 0.639286
 0 0.639287
 0 0.639291
 0 0.639291
 0 0.639291
 0 0.639291
 0 0.639294
 0 0.639303
 0 0.639303
 0 0.639305
 0 0.639344
 0 0.639344
 0 0.639344
 0 0.639344
 0 0.639344
 0 0.639362
 0 0.639399
 0 0.639451
 0 0.639453
 0 0.639455
 0 0.639455
 0 0.63947
 0 0.639488
 0 0.639489
 0 0.639489
 0 0.639489
 0 0.639491
 0 0.639649
 0 0.639673
 0 0.639673
 0 0.639692
 0 0.639693
 0 0.639693
 0 0.639695
 0 0.639696
 0 0.639696
 0 0.639697
 0 0.639697
 0 0.639697
 0 0.639733
 0 0.639772
 0 0.639773
 0 0.639774
 0 0.639774
 0 0.639804
 0 0.639806
 0 0.639821
 0 0.639822
 0 0.639823
 0 0.639823
 0 0.639823
 0 0.639823
 0 0.639823
 0 0.63984
 0 0.639845
 0 0.639871
 0 0.639873
 0 0.639874
 0 0.639874
 0 0.639896
 0 0.639896
 0 0.639898
 0 0.639933
 0 0.639933
 0 0.639991
 0 0.639991
 0 0.639992
 0 0.639992
 0 0.64007
 0 0.640096
 0 0.640097
 0 0.640097
 0 0.640098
 0 0.640098
 0 0.640098
 0 0.640098
 0 0.640144
 0 0.640146
 0 0.640148
 0 0.640148
 0 0.640148
 0 0.640176
 0 0.640176
 0 0.640204
 0 0.640204
 0 0.640216
 0 0.640226
 0 0.640235
 0 0.640235
 0 0.640243
 0 0.640247
 0 0.640247
 0 0.640301
 0 0.640333
 0 0.640341
 0 0.640365
 0 0.640365
 0 0.640365
 0 0.640365
 0 0.640409
 0 0.640409
 0 0.640508
 0 0.640508
 0 0.640508
 0 0.640509
 0 0.640509
 0 0.640529
 0 0.640538
 0 0.640539
 0 0.640539
 0 0.640567
 0 0.640569
 0 0.640595
 0 0.640688
 0 0.640689
 0 0.640737
 0 0.640741
 0 0.640761
 0 0.640805
 0 0.640858
 0 0.64086
 0 0.640937
 0 0.64094
 0 0.640958
 0 0.640979
 0 0.640979
 0 0.64098
 0 0.641019
 0 0.641026
 0 0.641085
 0 0.641085
 0 0.641131
 0 0.641151
 0 0.641152
 0 0.641156
 0 0.641159
 0 0.641168
 0 0.641168
 0 0.641168
 0 0.641186
 0 0.641222
 0 0.641231
 0 0.641232
 0 0.641232
 0 0.641232
 0 0.641235
 0 0.641235
 0 0.641253
 0 0.641253
 0 0.641253
 0 0.641253
 0 0.641266
 0 0.641266
 0 0.641287
 0 0.641287
 0 0.641288
 0 0.641288
 0 0.641305
 0 0.641324
 0 0.641326
 0 0.641369
 0 0.641416
 0 0.641419
 0 0.641419
 0 0.641431
 0 0.641631
 0 0.641632
 0 0.641632
 0 0.641644
 0 0.641644
 0 0.641669
 0 0.641692
 0 0.641711
 0 0.641712
 0 0.641712
 0 0.641713
 0 0.641723
 0 0.641754
 0 0.641754
 0 0.641755
 0 0.64181
 0 0.641828
 0 0.641829
 0 0.641829
 0 0.64183
 0 0.641854
 0 0.641854
 0 0.641855
 0 0.641855
 0 0.641855
 0 0.641855
 0 0.641865
 0 0.641868
 0 0.641868
 0 0.641868
 0 0.641868
 0 0.641909
 0 0.641911
 0 0.641955
 0 0.641963
 0 0.641963
 0 0.641973
 0 0.641975
 0 0.641979
 0 0.642052
 0 0.642052
 0 0.642056
 0 0.642056
 0 0.642056
 0 0.64207
 0 0.642094
 0 0.642237
 0 0.642239
 0 0.642346
 0 0.642347
 0 0.642347
 0 0.642349
 0 0.642351
 0 0.642356
 0 0.642358
 0 0.642359
 0 0.642389
 0 0.642389
 0 0.642406
 0 0.642407
 0 0.642407
 0 0.642428
 0 0.642462
 0 0.642464
 0 0.64248
 0 0.642488
 0 0.642497
 0 0.64253
 0 0.64253
 0 0.642559
 0 0.64256
 0 0.64256
 0 0.642572
 0 0.642579
 0 0.642581
 0 0.642583
 0 0.642583
 0 0.642583
 0 0.642602
 0 0.642639
 0 0.642642
 0 0.642648
 0 0.642649
 0 0.642649
 0 0.642649
 0 0.642649
 0 0.64265
 0 0.642656
 0 0.642656
 0 0.642667
 0 0.642712
 0 0.642739
 0 0.642762
 0 0.642784
 0 0.642784
 0 0.64279
 0 0.64279
 0 0.642814
 0 0.642836
 0 0.642837
 0 0.642844
 0 0.642845
 0 0.642852
 0 0.642853
 0 0.642857
 0 0.642898
 0 0.642898
 0 0.642901
 0 0.64291
 0 0.64291
 0 0.642912
 0 0.642913
 0 0.642913
 0 0.642935
 0 0.642935
 0 0.642938
 0 0.642941
 0 0.642941
 0 0.642941
 0 0.642941
 0 0.642941
 0 0.642942
 0 0.642942
 0 0.642944
 0 0.642944
 0 0.642962
 0 0.642962
 0 0.642963
 0 0.642982
 0 0.642982
 0 0.643019
 0 0.643044
 0 0.643067
 0 0.643068
 0 0.64309
 0 0.643143
 0 0.643144
 0 0.643163
 0 0.643188
 0 0.643191
 0 0.643201
 0 0.643202
 0 0.643202
 0 0.643219
 0 0.643219
 0 0.643221
 0 0.643223
 0 0.643233
 0 0.643234
 0 0.643246
 0 0.643247
 0 0.643256
 0 0.64329
 0 0.643318
 0 0.643318
 0 0.64333
 0 0.64333
 0 0.643341
 0 0.643344
 0 0.643351
 0 0.643351
 0 0.643381
 0 0.643381
 0 0.643382
 0 0.643389
 0 0.64339
 0 0.64339
 0 0.64339
 0 0.6434
 0 0.643403
 0 0.643426
 0 0.643427
 0 0.643429
 0 0.643439
 0 0.643439
 0 0.643439
 0 0.643445
 0 0.643445
 0 0.643446
 0 0.643501
 0 0.643503
 0 0.643505
 0 0.643506
 0 0.643506
 0 0.643507
 0 0.643508
 0 0.643528
 0 0.643561
 0 0.643567
 0 0.643601
 0 0.643619
 0 0.643619
 0 0.64362
 0 0.64362
 0 0.643631
 0 0.643719
 0 0.643719
 0 0.643719
 0 0.64372
 0 0.643723
 0 0.643724
 0 0.643724
 0 0.643724
 0 0.643752
 0 0.643754
 0 0.643755
 0 0.643768
 0 0.643782
 0 0.643782
 0 0.643783
 0 0.643785
 0 0.643786
 0 0.643786
 0 0.643787
 0 0.643788
 0 0.643788
 0 0.643806
 0 0.643807
 0 0.643811
 0 0.643854
 0 0.643854
 0 0.643859
 0 0.643866
 0 0.643866
 0 0.643866
 0 0.643871
 0 0.643909
 0 0.643911
 0 0.643918
 0 0.643918
 0 0.643948
 0 0.643949
 0 0.643949
 0 0.643949
 0 0.64395
 0 0.64395
 0 0.643951
 0 0.643951
 0 0.643952
 0 0.643963
 0 0.643966
 0 0.643966
 0 0.644029
 0 0.644031
 0 0.644031
 0 0.64409
 0 0.644106
 0 0.64415
 0 0.64415
 0 0.64415
 0 0.64415
 0 0.644151
 0 0.644151
 0 0.64417
 0 0.644172
 0 0.644172
 0 0.644176
 0 0.644176
 0 0.644176
 0 0.644198
 0 0.644202
 0 0.644202
 0 0.644205
 0 0.644205
 0 0.644205
 0 0.644206
 0 0.644206
 0 0.644219
 0 0.644229
 0 0.644232
 0 0.644238
 0 0.644238
 0 0.644242
 0 0.644256
 0 0.644256
 0 0.644256
 0 0.644294
 0 0.644296
 0 0.644296
 0 0.644303
 0 0.644303
 0 0.644303
 0 0.644306
 0 0.644309
 0 0.644318
 0 0.644336
 0 0.644336
 0 0.644336
 0 0.644336
 0 0.644336
 0 0.644355
 0 0.644398
 0 0.644398
 0 0.644399
 0 0.644399
 0 0.644407
 0 0.644409
 0 0.644409
 0 0.644412
 0 0.644423
 0 0.64443
 0 0.64443
 0 0.644431
 0 0.644431
 0 0.644434
 0 0.644436
 0 0.644437
 0 0.644437
 0 0.644447
 0 0.644448
 0 0.644449
 0 0.64445
 0 0.644459
 0 0.644488
 0 0.644488
 0 0.6445
 0 0.6445
 0 0.644503
 0 0.644536
 0 0.64456
 0 0.64458
 0 0.644588
 0 0.644589
 0 0.64459
 0 0.644597
 0 0.644619
 0 0.64462
 0 0.644635
 0 0.644651
 0 0.644652
 0 0.644653
 0 0.644653
 0 0.644655
 0 0.644663
 0 0.644665
 0 0.644665
 0 0.644666
 0 0.644666
 0 0.644672
 0 0.644684
 0 0.644693
 0 0.644694
 0 0.644698
 0 0.644712
 0 0.644713
 0 0.644713
 0 0.644713
 0 0.644714
 0 0.644715
 0 0.644718
 0 0.644724
 0 0.644724
 0 0.644724
 0 0.644726
 0 0.644726
 0 0.644749
 0 0.644834
 0 0.644837
 0 0.644876
 0 0.644876
 0 0.644876
 0 0.644879
 0 0.644879
 0 0.64488
 0 0.64488
 0 0.644913
 0 0.644958
 0 0.644958
 0 0.644958
 0 0.644964
 0 0.644964
 0 0.644964
 0 0.644967
 0 0.644967
 0 0.644968
 0 0.644969
 0 0.644969
 0 0.64497
 0 0.644988
 0 0.644996
 0 0.644997
 0 0.64503
 0 0.645057
 0 0.645058
 0 0.645087
 0 0.645087
 0 0.645087
 0 0.645107
 0 0.645117
 0 0.645181
 0 0.645181
 0 0.645184
 0 0.645185
 0 0.645194
 0 0.645197
 0 0.645204
 0 0.645254
 0 0.645257
 0 0.645257
 0 0.645259
 0 0.64526
 0 0.645264
 0 0.645267
 0 0.645267
 0 0.645285
 0 0.645293
 0 0.645319
 0 0.645319
 0 0.645332
 0 0.645347
 0 0.645349
 0 0.645359
 0 0.645368
 0 0.64538
 0 0.645382
 0 0.645383
 0 0.645383
 0 0.645386
 0 0.645386
 0 0.645387
 0 0.645393
 0 0.645393
 0 0.645407
 0 0.64546
 0 0.64546
 0 0.645497
 0 0.64553
 0 0.64553
 0 0.645551
 0 0.645551
 0 0.645556
 0 0.64558
 0 0.645586
 0 0.645587
 0 0.645613
 0 0.645614
 0 0.645615
 0 0.645617
 0 0.645628
 0 0.64563
 0 0.64563
 0 0.645639
 0 0.645639
 0 0.645641
 0 0.645666
 0 0.645666
 0 0.645666
 0 0.645666
 0 0.645667
 0 0.645667
 0 0.645667
 0 0.645699
 0 0.645699
 0 0.645702
 0 0.645719
 0 0.645726
 0 0.645738
 0 0.645738
 0 0.645738
 0 0.645791
 0 0.645791
 0 0.645792
 0 0.645795
 0 0.645812
 0 0.645812
 0 0.645813
 0 0.645826
 0 0.645827
 0 0.645829
 0 0.645829
 0 0.645829
 0 0.645836
 0 0.64584
 0 0.645854
 0 0.645856
 0 0.645856
 0 0.645856
 0 0.645868
 0 0.64587
 0 0.645893
 0 0.645893
 0 0.645895
 0 0.645913
 0 0.645922
 0 0.645922
 0 0.645925
 0 0.645925
 0 0.645925
 0 0.645954
 0 0.645961
 0 0.645961
 0 0.645961
 0 0.645961
 0 0.645962
 0 0.645968
 0 0.645976
 0 0.646014
 0 0.646063
 0 0.646064
 0 0.646065
 0 0.646069
 0 0.646088
 0 0.646091
 0 0.646106
 0 0.646107
 0 0.646113
 0 0.646128
 0 0.64616
 0 0.646178
 0 0.646203
 0 0.646213
 0 0.646213
 0 0.646216
 0 0.646251
 0 0.646272
 0 0.64628
 0 0.646284
 0 0.646286
 0 0.646286
 0 0.646286
 0 0.646295
 0 0.646318
 0 0.646318
 0 0.646318
 0 0.646333
 0 0.646335
 0 0.646335
 0 0.646335
 0 0.646336
 0 0.646341
 0 0.646344
 0 0.646344
 0 0.646355
 0 0.646355
 0 0.64639
 0 0.646402
 0 0.646428
 0 0.646428
 0 0.646428
 0 0.646443
 0 0.646443
 0 0.646445
 0 0.646445
 0 0.646476
 0 0.646478
 0 0.646519
 0 0.64652
 0 0.646559
 0 0.64656
 0 0.646613
 0 0.646613
 0 0.646613
 0 0.646617
 0 0.646625
 0 0.646628
 0 0.646633
 0 0.646689
 0 0.646692
 0 0.646748
 0 0.646748
 0 0.646768
 0 0.646781
 0 0.646781
 0 0.646816
 0 0.646817
 0 0.646839
 0 0.646839
 0 0.646839
 0 0.646839
 0 0.646839
 0 0.64686
 0 0.646862
 0 0.646875
 0 0.646877
 0 0.646894
 0 0.64691
 0 0.646911
 0 0.646912
 0 0.646912
 0 0.64692
 0 0.646953
 0 0.647019
 0 0.647019
 0 0.647063
 0 0.647066
 0 0.64709
 0 0.647092
 0 0.647094
 0 0.647097
 0 0.647112
 0 0.647135
 0 0.647135
 0 0.647242
 0 0.647242
 0 0.64725
 0 0.64725
 0 0.647251
 0 0.647251
 0 0.647251
 0 0.647253
 0 0.647253
 0 0.647253
 0 0.64726
 0 0.647273
 0 0.647273
 0 0.647287
 0 0.647291
 0 0.647311
 0 0.64734
 0 0.647409
 0 0.647409
 0 0.64749
 0 0.647515
 0 0.647515
 0 0.647515
 0 0.647563
 0 0.647563
 0 0.647587
 0 0.647589
 0 0.64759
 0 0.647617
 0 0.647618
 0 0.647626
 0 0.647653
 0 0.647654
 0 0.647687
 0 0.647687
 0 0.647708
 0 0.647754
 0 0.647768
 0 0.64777
 0 0.647771
 0 0.647772
 0 0.647772
 0 0.647773
 0 0.647797
 0 0.647797
 0 0.647797
 0 0.647854
 0 0.647854
 0 0.647909
 0 0.647936
 0 0.647939
 0 0.647979
 0 0.647979
 0 0.64798
 0 0.64798
 0 0.648009
 0 0.648085
 0 0.64811
 0 0.64826
 0 0.648262
 0 0.648391
 0 0.648391
 0 0.648462
 0 0.648463
 0 0.648557
 0 0.648769
 0 0.64877
 0 0.648953
 0 0.648983
 0 0.648983
 0 0.649023
 0 0.649024
 0 0.649024
 0 0.649024
 0 0.6491
 0 0.649285
 0 0.649285
 0 0.649287
 0 0.649287
 0 0.649287
 0 0.649557
 0 0.649558
 0 0.649558
 0 0.64963
 0 0.649631
 0 0.649724
 0 0.649733
 0 0.649734
 0 0.649736
 0 0.649797
 0 0.649865
 0 0.649865
 0 0.649931
 0 0.649931
 0 0.650408
 0 0.650408
 0 0.650409
 0 0.650506
 0 0.650506
 0 0.650508
 0 0.650508
 0 0.650686
 0 0.650715
 0 0.650786
 0 0.651338
 0 0.651358
 0 0.651425
 0 0.651516
 0 0.651516
 0 0.652148
 0 0.652148
 0 0.652179
 0 0.65218
 0 0.65218
 0 0.652732
 0 0.652733
 0 0.652951
 0 0.652952
 0 0.652994
 0 0.653674
 0 1.09543
 0 1.42186
 0 1.42186
 0 1.42214
 0 1.4225
 0 1.42318
 0 inf
