 0 0.486873
 0 0.486874
 0 0.487079
 0 0.487079
 0 0.487079
 0 0.487079
 0 0.491587
 0 0.491645
 0 0.492009
 0 0.492009
 0 0.492067
 0 0.492551
 0 0.6252
 0 0.625593
 0 0.625594
 0 0.625594
 0 0.625865
 0 0.625865
 0 0.625865
 0 0.625953
 0 0.625953
 0 0.626128
 0 0.626129
 0 0.626286
 0 0.626286
 0 0.626286
 0 0.626286
 0 0.626293
 0 0.626294
 0 0.626294
 0 0.626317
 0 0.626401
 0 0.626459
 0 0.626479
 0 0.62648
 0 0.626568
 0 0.626652
 0 0.626652
 0 0.626695
 0 0.626696
 0 0.626696
 0 0.626758
 0 0.626831
 0 0.626841
 0 0.626879
 0 0.626879
 0 0.626946
 0 0.626947
 0 0.626948
 0 0.626949
 0 0.626957
 0 0.626958
 0 0.62702
 0 0.627036
 0 0.627045
 0 0.627111
 0 0.627112
 0 0.627112
 0 0.627119
 0 0.62712
 0 0.627126
 0 0.627136
 0 0.62722
 0 0.62722
 0 0.62722
 0 0.627232
 0 0.627236
 0 0.627236
 0 0.627256
 0 0.627256
 0 0.627256
 0 0.627276
 0 0.627276
 0 0.627301
 0 0.627302
 0 0.627313
 0 0.627366
 0 0.627401
 0 0.62753
 0 0.627532
 0 0.627606
 0 0.627614
 0 0.627627
 0 0.627627
 0 0.627697
 0 0.627697
 0 0.627697
 0 0.627698
 0 0.627698
 0 0.627704
 0 0.627718
 0 0.627721
 0 0.627752
 0 0.627781
 0 0.627826
 0 0.627874
 0 0.627874
 0 0.627937
 0 0.627937
 0 0.628001
 0 0.628016
 0 0.628023
 0 0.628024
 0 0.628046
 0 0.628091
 0 0.628122
 0 0.628124
 0 0.628134
 0 0.628134
 0 0.628135
 0 0.628135
 0 0.628194
 0 0.628194
 0 0.628211
 0 0.628232
 0 0.628233
 0 0.628236
 0 0.628294
 0 0.628319
 0 0.62832
 0 0.628352
 0 0.628358
 0 0.628358
 0 0.628358
 0 0.628364
 0 0.62838
 0 0.62838
 0 0.62838
 0 0.628397
 0 0.628427
 0 0.628495
 0 0.62851
 0 0.62855
 0 0.628569
 0 0.628574
 0 0.628574
 0 0.628575
 0 0.62858
 0 0.628606
 0 0.628606
 0 0.628606
 0 0.628606
 0 0.628646
 0 0.628646
 0 0.628762
 0 0.628762
 0 0.628763
 0 0.628766
 0 0.628767
 0 0.628767
 0 0.628767
 0 0.628768
 0 0.628787
 0 0.628787
 0 0.62879
 0 0.628791
 0 0.62881
 0 0.628814
 0 0.628911
 0 0.628913
 0 0.628914
 0 0.628918
 0 0.628918
 0 0.628924
 0 0.628951
 0 0.628951
 0 0.628951
 0 0.628996
 0 0.62902
 0 0.62902
 0 0.629031
 0 0.629048
 0 0.629048
 0 0.629048
 0 0.629048
 0 0.629053
 0 0.629054
 0 0.629054
 0 0.629054
 0 0.629055
 0 0.629103
 0 0.629103
 0 0.629122
 0 0.629122
 0 0.629123
 0 0.629123
 0 0.629139
 0 0.629145
 0 0.629154
 0 0.629181
 0 0.629226
 0 0.629226
 0 0.629226
 0 0.629253
 0 0.629288
 0 0.629288
 0 0.629361
 0 0.629368
 0 0.629368
 0 0.629377
 0 0.629377
 0 0.629383
 0 0.629404
 0 0.629404
 0 0.629404
 0 0.62946
 0 0.62946
 0 0.629519
 0 0.629521
 0 0.62953
 0 0.629531
 0 0.629541
 0 0.629541
 0 0.629563
 0 0.62957
 0 0.629582
 0 0.629607
 0 0.629607
 0 0.629607
 0 0.629637
 0 0.629638
 0 0.629661
 0 0.629661
 0 0.629662
 0 0.629662
 0 0.629663
 0 0.629669
 0 0.629669
 0 0.629669
 0 0.62967
 0 0.62968
 0 0.62968
 0 0.62968
 0 0.629683
 0 0.629683
 0 0.629683
 0 0.629699
 0 0.6297
 0 0.629737
 0 0.629739
 0 0.629765
 0 0.629768
 0 0.629769
 0 0.629769
 0 0.629769
 0 0.629776
 0 0.629776
 0 0.629796
 0 0.629796
 0 0.629796
 0 0.629796
 0 0.629798
 0 0.629805
 0 0.629805
 0 0.62983
 0 0.62983
 0 0.629851
 0 0.629852
 0 0.629861
 0 0.629862
 0 0.629879
 0 0.629889
 0 0.629896
 0 0.629923
 0 0.629974
 0 0.629976
 0 0.629976
 0 0.629994
 0 0.629996
 0 0.629997
 0 0.630071
 0 0.630071
 0 0.630079
 0 0.630102
 0 0.630107
 0 0.630112
 0 0.630121
 0 0.630121
 0 0.630176
 0 0.630176
 0 0.630181
 0 0.630182
 0 0.630208
 0 0.630216
 0 0.630216
 0 0.630242
 0 0.630252
 0 0.630261
 0 0.630261
 0 0.63027
 0 0.63027
 0 0.630271
 0 0.630278
 0 0.630279
 0 0.630296
 0 0.630318
 0 0.630328
 0 0.630344
 0 0.630346
 0 0.630347
 0 0.630347
 0 0.630369
 0 0.630401
 0 0.630406
 0 0.630407
 0 0.63041
 0 0.63041
 0 0.630417
 0 0.630421
 0 0.630421
 0 0.630421
 0 0.63044
 0 0.630458
 0 0.630458
 0 0.630458
 0 0.630459
 0 0.630459
 0 0.63047
 0 0.630509
 0 0.630515
 0 0.630515
 0 0.63052
 0 0.63052
 0 0.630521
 0 0.630522
 0 0.630525
 0 0.630526
 0 0.630531
 0 0.630533
 0 0.630546
 0 0.630564
 0 0.630573
 0 0.630573
 0 0.630577
 0 0.630577
 0 0.630614
 0 0.630659
 0 0.630659
 0 0.630683
 0 0.630685
 0 0.630699
 0 0.630716
 0 0.630718
 0 0.630725
 0 0.630725
 0 0.630731
 0 0.630741
 0 0.630742
 0 0.630756
 0 0.630773
 0 0.630774
 0 0.630778
 0 0.630778
 0 0.630779
 0 0.630793
 0 0.630801
 0 0.630801
 0 0.630864
 0 0.630864
 0 0.63088
 0 0.63088
 0 0.630881
 0 0.630881
 0 0.630881
 0 0.630883
 0 0.630885
 0 0.630886
 0 0.630896
 0 0.6309
 0 0.630929
 0 0.63093
 0 0.630932
 0 0.630943
 0 0.630943
 0 0.630943
 0 0.630956
 0 0.630956
 0 0.630976
 0 0.630976
 0 0.630976
 0 0.630976
 0 0.630981
 0 0.630983
 0 0.630984
 0 0.631003
 0 0.631011
 0 0.631016
 0 0.631017
 0 0.63105
 0 0.631051
 0 0.631051
 0 0.631057
 0 0.631064
 0 0.631064
 0 0.631107
 0 0.631133
 0 0.631134
 0 0.631134
 0 0.631136
 0 0.631136
 0 0.631136
 0 0.631136
 0 0.631136
 0 0.631136
 0 0.631152
 0 0.631154
 0 0.631154
 0 0.631159
 0 0.63116
 0 0.631162
 0 0.631166
 0 0.631172
 0 0.631213
 0 0.631213
 0 0.631229
 0 0.631229
 0 0.631229
 0 0.631229
 0 0.631242
 0 0.631242
 0 0.631242
 0 0.631244
 0 0.631245
 0 0.631247
 0 0.631248
 0 0.631254
 0 0.631257
 0 0.631258
 0 0.631279
 0 0.631279
 0 0.631279
 0 0.631286
 0 0.631286
 0 0.631306
 0 0.631306
 0 0.631324
 0 0.631324
 0 0.631349
 0 0.631355
 0 0.631355
 0 0.631364
 0 0.63138
 0 0.63138
 0 0.631407
 0 0.631407
 0 0.631411
 0 0.631411
 0 0.631433
 0 0.631433
 0 0.631451
 0 0.631461
 0 0.631462
 0 0.631463
 0 0.631463
 0 0.631463
 0 0.631463
 0 0.631473
 0 0.631497
 0 0.631498
 0 0.631499
 0 0.631499
 0 0.631502
 0 0.631502
 0 0.631503
 0 0.631513
 0 0.631513
 0 0.631514
 0 0.631515
 0 0.631539
 0 0.631542
 0 0.631543
 0 0.631551
 0 0.631558
 0 0.631558
 0 0.631561
 0 0.631565
 0 0.631566
 0 0.631581
 0 0.631593
 0 0.631605
 0 0.631608
 0 0.631616
 0 0.631616
 0 0.631616
 0 0.631616
 0 0.631618
 0 0.631619
 0 0.631627
 0 0.631628
 0 0.631628
 0 0.631628
 0 0.631633
 0 0.631639
 0 0.631669
 0 0.631715
 0 0.631729
 0 0.631735
 0 0.631736
 0 0.631736
 0 0.631766
 0 0.631776
 0 0.631777
 0 0.631783
 0 0.631783
 0 0.631789
 0 0.631799
 0 0.631799
 0 0.631805
 0 0.631814
 0 0.631825
 0 0.631825
 0 0.631825
 0 0.631825
 0 0.631829
 0 0.63183
 0 0.631841
 0 0.631849
 0 0.631849
 0 0.631849
 0 0.631863
 0 0.631864
 0 0.631895
 0 0.631931
 0 0.631932
 0 0.631935
 0 0.631935
 0 0.631935
 0 0.631963
 0 0.631968
 0 0.631968
 0 0.631969
 0 0.631969
 0 0.63197
 0 0.632028
 0 0.632028
 0 0.632028
 0 0.632041
 0 0.632046
 0 0.632065
 0 0.632065
 0 0.632071
 0 0.632072
 0 0.632072
 0 0.632077
 0 0.632079
 0 0.632079
 0 0.632081
 0 0.632081
 0 0.632086
 0 0.632086
 0 0.632092
 0 0.632093
 0 0.632093
 0 0.632121
 0 0.632121
 0 0.632147
 0 0.63215
 0 0.63215
 0 0.632152
 0 0.632154
 0 0.632162
 0 0.632172
 0 0.632179
 0 0.632179
 0 0.632199
 0 0.632199
 0 0.632205
 0 0.632219
 0 0.632228
 0 0.632228
 0 0.632237
 0 0.632239
 0 0.632239
 0 0.632255
 0 0.632255
 0 0.632261
 0 0.632261
 0 0.632261
 0 0.632261
 0 0.632266
 0 0.632267
 0 0.632269
 0 0.63227
 0 0.632271
 0 0.632274
 0 0.632277
 0 0.632277
 0 0.632281
 0 0.632281
 0 0.632281
 0 0.632281
 0 0.632312
 0 0.63232
 0 0.632321
 0 0.632321
 0 0.632323
 0 0.632328
 0 0.632333
 0 0.632355
 0 0.632361
 0 0.632362
 0 0.632375
 0 0.632375
 0 0.63238
 0 0.632384
 0 0.632385
 0 0.632394
 0 0.632394
 0 0.632394
 0 0.632395
 0 0.6324
 0 0.632407
 0 0.63241
 0 0.63241
 0 0.63241
 0 0.632429
 0 0.632431
 0 0.632436
 0 0.632436
 0 0.632436
 0 0.632443
 0 0.632443
 0 0.632445
 0 0.632447
 0 0.632475
 0 0.632475
 0 0.632487
 0 0.632488
 0 0.632488
 0 0.632495
 0 0.632495
 0 0.632495
 0 0.632496
 0 0.632496
 0 0.632515
 0 0.632537
 0 0.632538
 0 0.632572
 0 0.632573
 0 0.632573
 0 0.632573
 0 0.632574
 0 0.632608
 0 0.632608
 0 0.632639
 0 0.632639
 0 0.63264
 0 0.63264
 0 0.63264
 0 0.632646
 0 0.632655
 0 0.632655
 0 0.632662
 0 0.632663
 0 0.632666
 0 0.632666
 0 0.63269
 0 0.632691
 0 0.632699
 0 0.632699
 0 0.632699
 0 0.632713
 0 0.632717
 0 0.632717
 0 0.632718
 0 0.632725
 0 0.632725
 0 0.632725
 0 0.632734
 0 0.632734
 0 0.632747
 0 0.632748
 0 0.632795
 0 0.632805
 0 0.632805
 0 0.632805
 0 0.63282
 0 0.632821
 0 0.632847
 0 0.632848
 0 0.632848
 0 0.632849
 0 0.632849
 0 0.63287
 0 0.632873
 0 0.632873
 0 0.632874
 0 0.632874
 0 0.632874
 0 0.632908
 0 0.632908
 0 0.632926
 0 0.632938
 0 0.632938
 0 0.632942
 0 0.632942
 0 0.632959
 0 0.632959
 0 0.632959
 0 0.63297
 0 0.632991
 0 0.632992
 0 0.632997
 0 0.633002
 0 0.633006
 0 0.633006
 0 0.633016
 0 0.633016
 0 0.633016
 0 0.63302
 0 0.633031
 0 0.633048
 0 0.63307
 0 0.633071
 0 0.633073
 0 0.633073
 0 0.633077
 0 0.633078
 0 0.633078
 0 0.633078
 0 0.633078
 0 0.633079
 0 0.633079
 0 0.633083
 0 0.633108
 0 0.633113
 0 0.633114
 0 0.633114
 0 0.633128
 0 0.633128
 0 0.633128
 0 0.633129
 0 0.633134
 0 0.633146
 0 0.633147
 0 0.633147
 0 0.633155
 0 0.633155
 0 0.633155
 0 0.633172
 0 0.633173
 0 0.633177
 0 0.633177
 0 0.633196
 0 0.633197
 0 0.633198
 0 0.633199
 0 0.633199
 0 0.633211
 0 0.633211
 0 0.633217
 0 0.633217
 0 0.633242
 0 0.633245
 0 0.633254
 0 0.633265
 0 0.633266
 0 0.633266
 0 0.633275
 0 0.633276
 0 0.633276
 0 0.633282
 0 0.633303
 0 0.633326
 0 0.63333
 0 0.63333
 0 0.63333
 0 0.633331
 0 0.633332
 0 0.633332
 0 0.633332
 0 0.633333
 0 0.633342
 0 0.633342
 0 0.633373
 0 0.633373
 0 0.633376
 0 0.633377
 0 0.633377
 0 0.633378
 0 0.63338
 0 0.633404
 0 0.633424
 0 0.633424
 0 0.633424
 0 0.633443
 0 0.633443
 0 0.633447
 0 0.633464
 0 0.633464
 0 0.633476
 0 0.633476
 0 0.633476
 0 0.633487
 0 0.633494
 0 0.633494
 0 0.633498
 0 0.633506
 0 0.633511
 0 0.633518
 0 0.633549
 0 0.633549
 0 0.63359
 0 0.63359
 0 0.63359
 0 0.633591
 0 0.633645
 0 0.633645
 0 0.633672
 0 0.633679
 0 0.633683
 0 0.633684
 0 0.633685
 0 0.633687
 0 0.633697
 0 0.633698
 0 0.633698
 0 0.633699
 0 0.633714
 0 0.633729
 0 0.633729
 0 0.633731
 0 0.633734
 0 0.633735
 0 0.633735
 0 0.633753
 0 0.633762
 0 0.633774
 0 0.633778
 0 0.633778
 0 0.6338
 0 0.633802
 0 0.633802
 0 0.633803
 0 0.633803
 0 0.633803
 0 0.633806
 0 0.633809
 0 0.63381
 0 0.63381
 0 0.633811
 0 0.633812
 0 0.633812
 0 0.633815
 0 0.633815
 0 0.633815
 0 0.633815
 0 0.633819
 0 0.633819
 0 0.633824
 0 0.633824
 0 0.63383
 0 0.633833
 0 0.633833
 0 0.633861
 0 0.633862
 0 0.633866
 0 0.633866
 0 0.633866
 0 0.63388
 0 0.633881
 0 0.633881
 0 0.633881
 0 0.633881
 0 0.633885
 0 0.633885
 0 0.633886
 0 0.633897
 0 0.633903
 0 0.633903
 0 0.633904
 0 0.633914
 0 0.633926
 0 0.633928
 0 0.633928
 0 0.633929
 0 0.63393
 0 0.633932
 0 0.633932
 0 0.633932
 0 0.633943
 0 0.633943
 0 0.633975
 0 0.633981
 0 0.633982
 0 0.633992
 0 0.633992
 0 0.633992
 0 0.633992
 0 0.633999
 0 0.63401
 0 0.634026
 0 0.634027
 0 0.634027
 0 0.634029
 0 0.634042
 0 0.634053
 0 0.634053
 0 0.634055
 0 0.634055
 0 0.634056
 0 0.634062
 0 0.634062
 0 0.634073
 0 0.634075
 0 0.634075
 0 0.634075
 0 0.634085
 0 0.634087
 0 0.634088
 0 0.634088
 0 0.6341
 0 0.6341
 0 0.634118
 0 0.634131
 0 0.63414
 0 0.634149
 0 0.634153
 0 0.634153
 0 0.634153
 0 0.634184
 0 0.634196
 0 0.634196
 0 0.634196
 0 0.634207
 0 0.634212
 0 0.634212
 0 0.634213
 0 0.634214
 0 0.634214
 0 0.634214
 0 0.634221
 0 0.634221
 0 0.634222
 0 0.634222
 0 0.634223
 0 0.634226
 0 0.634234
 0 0.634238
 0 0.634245
 0 0.634248
 0 0.634255
 0 0.634255
 0 0.634257
 0 0.634262
 0 0.634263
 0 0.634263
 0 0.634273
 0 0.634277
 0 0.634278
 0 0.634279
 0 0.634279
 0 0.634279
 0 0.634281
 0 0.634281
 0 0.634306
 0 0.634309
 0 0.634309
 0 0.634314
 0 0.634314
 0 0.634316
 0 0.634318
 0 0.634318
 0 0.634318
 0 0.634329
 0 0.63433
 0 0.63433
 0 0.634335
 0 0.634335
 0 0.634341
 0 0.634342
 0 0.634357
 0 0.634357
 0 0.634358
 0 0.634359
 0 0.634389
 0 0.634389
 0 0.63439
 0 0.634398
 0 0.6344
 0 0.634422
 0 0.634422
 0 0.634459
 0 0.634463
 0 0.634463
 0 0.634465
 0 0.634465
 0 0.634465
 0 0.63448
 0 0.63448
 0 0.634486
 0 0.634486
 0 0.634491
 0 0.634491
 0 0.634491
 0 0.634512
 0 0.634513
 0 0.634513
 0 0.634522
 0 0.634522
 0 0.634522
 0 0.634522
 0 0.634524
 0 0.634528
 0 0.634548
 0 0.634558
 0 0.634558
 0 0.634558
 0 0.634561
 0 0.634561
 0 0.634566
 0 0.634572
 0 0.634572
 0 0.634572
 0 0.634572
 0 0.634572
 0 0.634591
 0 0.634591
 0 0.634591
 0 0.634592
 0 0.634592
 0 0.634592
 0 0.634592
 0 0.634593
 0 0.634594
 0 0.634594
 0 0.634594
 0 0.6346
 0 0.634609
 0 0.634613
 0 0.634613
 0 0.634613
 0 0.634623
 0 0.634624
 0 0.634624
 0 0.634625
 0 0.63466
 0 0.634661
 0 0.634675
 0 0.634676
 0 0.634701
 0 0.634722
 0 0.634722
 0 0.634724
 0 0.634724
 0 0.63473
 0 0.634731
 0 0.634739
 0 0.634739
 0 0.634742
 0 0.634742
 0 0.634752
 0 0.634771
 0 0.634771
 0 0.634772
 0 0.634772
 0 0.634772
 0 0.634773
 0 0.634774
 0 0.634786
 0 0.634793
 0 0.634795
 0 0.634824
 0 0.634825
 0 0.63483
 0 0.634831
 0 0.634831
 0 0.634831
 0 0.634859
 0 0.63486
 0 0.63486
 0 0.634869
 0 0.634869
 0 0.634869
 0 0.634894
 0 0.634896
 0 0.634902
 0 0.634922
 0 0.634929
 0 0.634932
 0 0.634932
 0 0.634966
 0 0.634966
 0 0.634968
 0 0.634968
 0 0.634969
 0 0.634969
 0 0.63497
 0 0.63497
 0 0.634993
 0 0.634994
 0 0.634994
 0 0.634994
 0 0.634995
 0 0.635026
 0 0.635027
 0 0.635035
 0 0.635039
 0 0.635045
 0 0.635063
 0 0.635063
 0 0.635063
 0 0.635064
 0 0.635064
 0 0.635092
 0 0.635094
 0 0.635096
 0 0.635112
 0 0.635113
 0 0.635118
 0 0.635118
 0 0.635133
 0 0.635136
 0 0.635136
 0 0.63514
 0 0.635163
 0 0.635167
 0 0.635167
 0 0.635175
 0 0.635176
 0 0.635177
 0 0.63518
 0 0.63518
 0 0.635185
 0 0.635198
 0 0.635199
 0 0.6352
 0 0.635217
 0 0.635239
 0 0.635241
 0 0.635241
 0 0.635243
 0 0.635254
 0 0.63528
 0 0.63528
 0 0.63528
 0 0.63528
 0 0.635291
 0 0.635292
 0 0.635294
 0 0.635296
 0 0.635303
 0 0.635304
 0 0.635328
 0 0.635331
 0 0.635331
 0 0.635331
 0 0.635332
 0 0.635333
 0 0.635334
 0 0.635341
 0 0.635341
 0 0.635341
 0 0.635342
 0 0.635412
 0 0.635457
 0 0.635457
 0 0.635457
 0 0.635512
 0 0.635513
 0 0.635514
 0 0.635529
 0 0.635529
 0 0.635532
 0 0.635575
 0 0.635576
 0 0.635576
 0 0.635591
 0 0.635596
 0 0.635598
 0 0.635598
 0 0.635607
 0 0.635607
 0 0.63562
 0 0.635633
 0 0.635633
 0 0.635633
 0 0.63564
 0 0.635644
 0 0.635646
 0 0.635646
 0 0.635646
 0 0.635673
 0 0.635674
 0 0.635674
 0 0.635675
 0 0.635677
 0 0.635677
 0 0.635678
 0 0.635688
 0 0.635688
 0 0.635689
 0 0.635689
 0 0.635692
 0 0.635693
 0 0.635694
 0 0.635711
 0 0.635712
 0 0.635712
 0 0.635736
 0 0.635762
 0 0.635763
 0 0.635777
 0 0.635779
 0 0.6358
 0 0.635801
 0 0.635808
 0 0.635808
 0 0.635808
 0 0.63581
 0 0.63581
 0 0.635838
 0 0.635849
 0 0.635849
 0 0.63585
 0 0.63585
 0 0.63585
 0 0.63585
 0 0.635872
 0 0.635872
 0 0.635872
 0 0.635872
 0 0.635875
 0 0.635876
 0 0.635879
 0 0.635879
 0 0.635879
 0 0.635881
 0 0.635881
 0 0.635881
 0 0.635881
 0 0.635882
 0 0.635894
 0 0.635894
 0 0.635896
 0 0.635902
 0 0.635902
 0 0.635902
 0 0.635902
 0 0.635902
 0 0.635917
 0 0.635917
 0 0.635917
 0 0.635926
 0 0.635927
 0 0.635947
 0 0.635954
 0 0.635955
 0 0.635958
 0 0.635959
 0 0.635961
 0 0.635962
 0 0.635962
 0 0.635995
 0 0.635996
 0 0.636018
 0 0.636019
 0 0.636021
 0 0.636022
 0 0.636039
 0 0.636039
 0 0.636047
 0 0.636048
 0 0.636048
 0 0.636048
 0 0.636058
 0 0.636058
 0 0.636066
 0 0.636079
 0 0.636079
 0 0.636096
 0 0.636103
 0 0.636104
 0 0.636104
 0 0.636124
 0 0.63614
 0 0.63614
 0 0.63614
 0 0.636156
 0 0.6362
 0 0.6362
 0 0.636215
 0 0.63625
 0 0.636259
 0 0.636259
 0 0.636292
 0 0.636292
 0 0.636306
 0 0.636313
 0 0.636313
 0 0.636316
 0 0.636321
 0 0.636321
 0 0.636321
 0 0.636321
 0 0.636322
 0 0.636327
 0 0.636327
 0 0.636327
 0 0.636328
 0 0.636344
 0 0.63636
 0 0.636371
 0 0.636419
 0 0.636419
 0 0.636419
 0 0.636426
 0 0.636426
 0 0.636426
 0 0.636426
 0 0.636427
 0 0.636438
 0 0.636439
 0 0.636439
 0 0.636463
 0 0.636464
 0 0.636482
 0 0.636483
 0 0.636483
 0 0.636492
 0 0.636494
 0 0.636512
 0 0.636514
 0 0.636532
 0 0.636532
 0 0.636532
 0 0.636533
 0 0.636534
 0 0.636534
 0 0.636535
 0 0.636541
 0 0.636541
 0 0.636541
 0 0.636568
 0 0.636568
 0 0.636569
 0 0.636616
 0 0.636617
 0 0.636617
 0 0.636637
 0 0.636693
 0 0.636711
 0 0.63673
 0 0.636733
 0 0.636786
 0 0.636802
 0 0.636803
 0 0.636808
 0 0.636821
 0 0.636822
 0 0.636852
 0 0.636853
 0 0.636853
 0 0.636865
 0 0.636919
 0 0.636919
 0 0.636919
 0 0.636919
 0 0.636929
 0 0.636929
 0 0.636943
 0 0.636943
 0 0.636944
 0 0.63695
 0 0.63695
 0 0.636951
 0 0.636954
 0 0.636956
 0 0.636956
 0 0.636964
 0 0.63697
 0 0.637015
 0 0.63702
 0 0.637037
 0 0.637077
 0 0.637109
 0 0.637109
 0 0.63711
 0 0.63711
 0 0.637121
 0 0.637172
 0 0.637176
 0 0.637176
 0 0.637177
 0 0.63718
 0 0.63718
 0 0.637183
 0 0.637183
 0 0.637183
 0 0.637183
 0 0.637255
 0 0.637255
 0 0.637295
 0 0.637295
 0 0.637295
 0 0.637297
 0 0.637364
 0 0.637364
 0 0.637396
 0 0.637459
 0 0.637501
 0 0.637501
 0 0.637502
 0 0.637502
 0 0.637504
 0 0.637505
 0 0.637505
 0 0.637505
 0 0.637506
 0 0.637525
 0 0.637525
 0 0.637533
 0 0.637565
 0 0.637565
 0 0.637623
 0 0.637623
 0 0.637672
 0 0.637672
 0 0.637672
 0 0.637672
 0 0.637706
 0 0.637706
 0 0.637721
 0 0.637722
 0 0.637727
 0 0.637728
 0 0.637728
 0 0.637739
 0 0.637771
 0 0.637771
 0 0.637784
 0 0.637784
 0 0.637784
 0 0.637791
 0 0.637791
 0 0.637831
 0 0.637845
 0 0.637851
 0 0.637863
 0 0.637864
 0 0.637881
 0 0.637881
 0 0.637881
 0 0.637881
 0 0.637897
 0 0.637905
 0 0.637912
 0 0.63796
 0 0.638018
 0 0.638018
 0 0.63802
 0 0.63802
 0 0.63805
 0 0.638083
 0 0.638083
 0 0.638083
 0 0.638083
 0 0.638137
 0 0.638137
 0 0.638138
 0 0.63817
 0 0.638171
 0 0.638171
 0 0.638171
 0 0.638179
 0 0.638199
 0 0.638199
 0 0.638199
 0 0.638201
 0 0.638212
 0 0.638212
 0 0.638213
 0 0.638213
 0 0.638249
 0 0.638255
 0 0.638255
 0 0.638256
 0 0.638256
 0 0.638273
 0 0.638273
 0 0.638273
 0 0.63831
 0 0.638311
 0 0.63842
 0 0.638421
 0 0.638421
 0 0.638421
 0 0.638489
 0 0.63849
 0 0.638518
 0 0.638518
 0 0.638524
 0 0.638526
 0 0.638546
 0 0.638557
 0 0.638583
 0 0.63859
 0 0.638637
 0 0.638638
 0 0.638638
 0 0.638909
 0 0.638948
 0 0.639056
 0 0.639115
 0 0.639166
 0 0.639167
 0 0.639168
 0 0.639226
 0 0.63926
 0 0.639261
 0 0.639438
 0 0.639438
 0 0.639653
 0 0.639654
 0 0.639654
 0 0.639654
 0 0.639734
 0 0.639735
 0 0.639776
 0 0.639777
 0 0.640025
 0 0.64012
 0 0.64027
 0 0.64027
 0 0.64027
 0 0.640271
 0 0.640271
 0 0.64037
 0 0.640533
 0 0.640533
 0 0.640597
 0 0.640597
 0 0.640597
 0 0.640597
 0 0.641836
 0 0.641836
 0 inf
