 0 0.506191
 0 0.506191
 0 0.506192
 0 0.506368
 0 0.506369
 0 0.507549
 0 0.619536
 0 0.619538
 0 0.619872
 0 0.619873
 0 0.620037
 0 0.620776
 0 0.620777
 0 0.620778
 0 0.620838
 0 0.620838
 0 0.62084
 0 0.62084
 0 0.623125
 0 0.623125
 0 0.623216
 0 0.623216
 0 0.623779
 0 0.623953
 0 0.623954
 0 0.623954
 0 0.623978
 0 0.623978
 0 0.623979
 0 0.624159
 0 0.624186
 0 0.624186
 0 0.624187
 0 0.624446
 0 0.624543
 0 0.624619
 0 0.624619
 0 0.624622
 0 0.624736
 0 0.624737
 0 0.624822
 0 0.624822
 0 0.625033
 0 0.625035
 0 0.625291
 0 0.62539
 0 0.625394
 0 0.62546
 0 0.62559
 0 0.62559
 0 0.625593
 0 0.625712
 0 0.62576
 0 0.626083
 0 0.626085
 0 0.626146
 0 0.626147
 0 0.626159
 0 0.626176
 0 0.626206
 0 0.626206
 0 0.626286
 0 0.626311
 0 0.626311
 0 0.626313
 0 0.626313
 0 0.626317
 0 0.626317
 0 0.626333
 0 0.626334
 0 0.626346
 0 0.626347
 0 0.626385
 0 0.626385
 0 0.626414
 0 0.626414
 0 0.626414
 0 0.626425
 0 0.626425
 0 0.626426
 0 0.626426
 0 0.626426
 0 0.626426
 0 0.626537
 0 0.626679
 0 0.626679
 0 0.626714
 0 0.626752
 0 0.627046
 0 0.627046
 0 0.627048
 0 0.627076
 0 0.627076
 0 0.627077
 0 0.627078
 0 0.627111
 0 0.627153
 0 0.627232
 0 0.627244
 0 0.62735
 0 0.627351
 0 0.627351
 0 0.627351
 0 0.627367
 0 0.627368
 0 0.627389
 0 0.627394
 0 0.627456
 0 0.62753
 0 0.627551
 0 0.627551
 0 0.627582
 0 0.627609
 0 0.627667
 0 0.627668
 0 0.627682
 0 0.627685
 0 0.627685
 0 0.627703
 0 0.627706
 0 0.627706
 0 0.627764
 0 0.627765
 0 0.627765
 0 0.627806
 0 0.627838
 0 0.627838
 0 0.627839
 0 0.62784
 0 0.627845
 0 0.627857
 0 0.627865
 0 0.627865
 0 0.627867
 0 0.627867
 0 0.627892
 0 0.627894
 0 0.627919
 0 0.62792
 0 0.62792
 0 0.62792
 0 0.62792
 0 0.627977
 0 0.627979
 0 0.628009
 0 0.628045
 0 0.628045
 0 0.628047
 0 0.628048
 0 0.628048
 0 0.628056
 0 0.628084
 0 0.628086
 0 0.628126
 0 0.628204
 0 0.628211
 0 0.628213
 0 0.628215
 0 0.628215
 0 0.628215
 0 0.62826
 0 0.62826
 0 0.628293
 0 0.628294
 0 0.628294
 0 0.628295
 0 0.628295
 0 0.628295
 0 0.628301
 0 0.62831
 0 0.628311
 0 0.628337
 0 0.62834
 0 0.628341
 0 0.628342
 0 0.628359
 0 0.628359
 0 0.628411
 0 0.628411
 0 0.628412
 0 0.628423
 0 0.628431
 0 0.628431
 0 0.628432
 0 0.628432
 0 0.628456
 0 0.628485
 0 0.628486
 0 0.628498
 0 0.628498
 0 0.6285
 0 0.628584
 0 0.62861
 0 0.628673
 0 0.628681
 0 0.628681
 0 0.628685
 0 0.628685
 0 0.628696
 0 0.62871
 0 0.62871
 0 0.628731
 0 0.628778
 0 0.628784
 0 0.628784
 0 0.628826
 0 0.628839
 0 0.628839
 0 0.628876
 0 0.628876
 0 0.628877
 0 0.628886
 0 0.62892
 0 0.628921
 0 0.628921
 0 0.62893
 0 0.628931
 0 0.628957
 0 0.629037
 0 0.629046
 0 0.629046
 0 0.629074
 0 0.629074
 0 0.629086
 0 0.629086
 0 0.629118
 0 0.629158
 0 0.629161
 0 0.629165
 0 0.629175
 0 0.62923
 0 0.629231
 0 0.62925
 0 0.629252
 0 0.629315
 0 0.629317
 0 0.629317
 0 0.629318
 0 0.629384
 0 0.629385
 0 0.629386
 0 0.629388
 0 0.629391
 0 0.629432
 0 0.629433
 0 0.629468
 0 0.629468
 0 0.629472
 0 0.629472
 0 0.629472
 0 0.629472
 0 0.62954
 0 0.629541
 0 0.629542
 0 0.629546
 0 0.629546
 0 0.629546
 0 0.629547
 0 0.629587
 0 0.629588
 0 0.629611
 0 0.629611
 0 0.629612
 0 0.629614
 0 0.629634
 0 0.629655
 0 0.629655
 0 0.629655
 0 0.629671
 0 0.629672
 0 0.629681
 0 0.629683
 0 0.62971
 0 0.62971
 0 0.629711
 0 0.629711
 0 0.629754
 0 0.629772
 0 0.629773
 0 0.629774
 0 0.629775
 0 0.629781
 0 0.629797
 0 0.629798
 0 0.629798
 0 0.629855
 0 0.629915
 0 0.629937
 0 0.629938
 0 0.629939
 0 0.629945
 0 0.629962
 0 0.629972
 0 0.629972
 0 0.629972
 0 0.629973
 0 0.63005
 0 0.630051
 0 0.630156
 0 0.630156
 0 0.630159
 0 0.630159
 0 0.63021
 0 0.63023
 0 0.63023
 0 0.630254
 0 0.630262
 0 0.630266
 0 0.630266
 0 0.63027
 0 0.63028
 0 0.630282
 0 0.630301
 0 0.630301
 0 0.630302
 0 0.630303
 0 0.630303
 0 0.630303
 0 0.63033
 0 0.630336
 0 0.630338
 0 0.630387
 0 0.630389
 0 0.630406
 0 0.630408
 0 0.630408
 0 0.630462
 0 0.630462
 0 0.63047
 0 0.630471
 0 0.630475
 0 0.630555
 0 0.630556
 0 0.630556
 0 0.630556
 0 0.630556
 0 0.630584
 0 0.630645
 0 0.630696
 0 0.630718
 0 0.630718
 0 0.630742
 0 0.630753
 0 0.630793
 0 0.63083
 0 0.63083
 0 0.63083
 0 0.630846
 0 0.630899
 0 0.630901
 0 0.630977
 0 0.630977
 0 0.631045
 0 0.631045
 0 0.631045
 0 0.631054
 0 0.631058
 0 0.631072
 0 0.631072
 0 0.63112
 0 0.63112
 0 0.63112
 0 0.63112
 0 0.631122
 0 0.631127
 0 0.631127
 0 0.631201
 0 0.631221
 0 0.631221
 0 0.63124
 0 0.631269
 0 0.63127
 0 0.63127
 0 0.631318
 0 0.631319
 0 0.631319
 0 0.63132
 0 0.631321
 0 0.631321
 0 0.631321
 0 0.631321
 0 0.631393
 0 0.631393
 0 0.631397
 0 0.631397
 0 0.631399
 0 0.631401
 0 0.631401
 0 0.631412
 0 0.631412
 0 0.631457
 0 0.631458
 0 0.631492
 0 0.631492
 0 0.631537
 0 0.631541
 0 0.631544
 0 0.631544
 0 0.631562
 0 0.631563
 0 0.631597
 0 0.631602
 0 0.631635
 0 0.631635
 0 0.631638
 0 0.631638
 0 0.631656
 0 0.631658
 0 0.631658
 0 0.631662
 0 0.631663
 0 0.631664
 0 0.631668
 0 0.631668
 0 0.631691
 0 0.631691
 0 0.631703
 0 0.631704
 0 0.631718
 0 0.631764
 0 0.631764
 0 0.631957
 0 0.632033
 0 0.632033
 0 0.632034
 0 0.632034
 0 0.632039
 0 0.632046
 0 0.632046
 0 0.632117
 0 0.632119
 0 0.632124
 0 0.632124
 0 0.632124
 0 0.632124
 0 0.632146
 0 0.632182
 0 0.632189
 0 0.632191
 0 0.632195
 0 0.632226
 0 0.632228
 0 0.632231
 0 0.632242
 0 0.63225
 0 0.63225
 0 0.63225
 0 0.63226
 0 0.632299
 0 0.632317
 0 0.632333
 0 0.632345
 0 0.632395
 0 0.632421
 0 0.632424
 0 0.632424
 0 0.632424
 0 0.632454
 0 0.632527
 0 0.632528
 0 0.632528
 0 0.63257
 0 0.63257
 0 0.632573
 0 0.632617
 0 0.632618
 0 0.632629
 0 0.632629
 0 0.632665
 0 0.632677
 0 0.632679
 0 0.6327
 0 0.632737
 0 0.632745
 0 0.632757
 0 0.632792
 0 0.632792
 0 0.632802
 0 0.632802
 0 0.632804
 0 0.632809
 0 0.632836
 0 0.632837
 0 0.632878
 0 0.63289
 0 0.63289
 0 0.632906
 0 0.632906
 0 0.632936
 0 0.632937
 0 0.632937
 0 0.632937
 0 0.632938
 0 0.632939
 0 0.632968
 0 0.632974
 0 0.632974
 0 0.632975
 0 0.632976
 0 0.632977
 0 0.632988
 0 0.633008
 0 0.633009
 0 0.633009
 0 0.633009
 0 0.63301
 0 0.63301
 0 0.633019
 0 0.63302
 0 0.63302
 0 0.63302
 0 0.633023
 0 0.633044
 0 0.633044
 0 0.633065
 0 0.633066
 0 0.633066
 0 0.633066
 0 0.633067
 0 0.633069
 0 0.633075
 0 0.633075
 0 0.633076
 0 0.633077
 0 0.633078
 0 0.633092
 0 0.633092
 0 0.633092
 0 0.633103
 0 0.633104
 0 0.633105
 0 0.633105
 0 0.633107
 0 0.633108
 0 0.633109
 0 0.63313
 0 0.63313
 0 0.63314
 0 0.633145
 0 0.633145
 0 0.633146
 0 0.633147
 0 0.633156
 0 0.633156
 0 0.633156
 0 0.633225
 0 0.633227
 0 0.633228
 0 0.633229
 0 0.633247
 0 0.633247
 0 0.633294
 0 0.633355
 0 0.633357
 0 0.633358
 0 0.633358
 0 0.633359
 0 0.633407
 0 0.633407
 0 0.633408
 0 0.633408
 0 0.633409
 0 0.633412
 0 0.633413
 0 0.633433
 0 0.633434
 0 0.633434
 0 0.63347
 0 0.633471
 0 0.633471
 0 0.633471
 0 0.633489
 0 0.633506
 0 0.633513
 0 0.633514
 0 0.633514
 0 0.633527
 0 0.633548
 0 0.633552
 0 0.633566
 0 0.633567
 0 0.633604
 0 0.633663
 0 0.633664
 0 0.633665
 0 0.633679
 0 0.633688
 0 0.633688
 0 0.633699
 0 0.633702
 0 0.633703
 0 0.633703
 0 0.633724
 0 0.633724
 0 0.633745
 0 0.633747
 0 0.63376
 0 0.633764
 0 0.633764
 0 0.633764
 0 0.633798
 0 0.633801
 0 0.633801
 0 0.633804
 0 0.633821
 0 0.633821
 0 0.633826
 0 0.633826
 0 0.63385
 0 0.633854
 0 0.633856
 0 0.633858
 0 0.633864
 0 0.633913
 0 0.633913
 0 0.633953
 0 0.633954
 0 0.633961
 0 0.633961
 0 0.633963
 0 0.633963
 0 0.633964
 0 0.633968
 0 0.633981
 0 0.633994
 0 0.633997
 0 0.633997
 0 0.634009
 0 0.634013
 0 0.634013
 0 0.634013
 0 0.634014
 0 0.634036
 0 0.634036
 0 0.634037
 0 0.634049
 0 0.634086
 0 0.634086
 0 0.634087
 0 0.634087
 0 0.634089
 0 0.634089
 0 0.634145
 0 0.634147
 0 0.634184
 0 0.634184
 0 0.634184
 0 0.634184
 0 0.634187
 0 0.634189
 0 0.634189
 0 0.634192
 0 0.634224
 0 0.634224
 0 0.634224
 0 0.634224
 0 0.634227
 0 0.634228
 0 0.634229
 0 0.634229
 0 0.634229
 0 0.634229
 0 0.63423
 0 0.634244
 0 0.634272
 0 0.634323
 0 0.634323
 0 0.634325
 0 0.634325
 0 0.634328
 0 0.634328
 0 0.634332
 0 0.634332
 0 0.634383
 0 0.634389
 0 0.634418
 0 0.634419
 0 0.634434
 0 0.634434
 0 0.634435
 0 0.634435
 0 0.634437
 0 0.634437
 0 0.634459
 0 0.634459
 0 0.634464
 0 0.634482
 0 0.634492
 0 0.634499
 0 0.634501
 0 0.63454
 0 0.63454
 0 0.63454
 0 0.63454
 0 0.63454
 0 0.634542
 0 0.634543
 0 0.634563
 0 0.634564
 0 0.634565
 0 0.634566
 0 0.634567
 0 0.634568
 0 0.634568
 0 0.634568
 0 0.634573
 0 0.6346
 0 0.6346
 0 0.634602
 0 0.634602
 0 0.634633
 0 0.634633
 0 0.634634
 0 0.634635
 0 0.634635
 0 0.634656
 0 0.634656
 0 0.634681
 0 0.634683
 0 0.634684
 0 0.634686
 0 0.634688
 0 0.634697
 0 0.634732
 0 0.634733
 0 0.63474
 0 0.63474
 0 0.634746
 0 0.634746
 0 0.634787
 0 0.634787
 0 0.634787
 0 0.634787
 0 0.634807
 0 0.634807
 0 0.634808
 0 0.63481
 0 0.634813
 0 0.63482
 0 0.634868
 0 0.634871
 0 0.634871
 0 0.634874
 0 0.634875
 0 0.634875
 0 0.634882
 0 0.634896
 0 0.634896
 0 0.634899
 0 0.634912
 0 0.634912
 0 0.634912
 0 0.634925
 0 0.634926
 0 0.634929
 0 0.634929
 0 0.634936
 0 0.634936
 0 0.634938
 0 0.634944
 0 0.634964
 0 0.634993
 0 0.634995
 0 0.635
 0 0.635
 0 0.635005
 0 0.635009
 0 0.635009
 0 0.635012
 0 0.635036
 0 0.63506
 0 0.63506
 0 0.63506
 0 0.635065
 0 0.635068
 0 0.63507
 0 0.635107
 0 0.635107
 0 0.635127
 0 0.635157
 0 0.635158
 0 0.635158
 0 0.635164
 0 0.635183
 0 0.635192
 0 0.635196
 0 0.635196
 0 0.635196
 0 0.635212
 0 0.635212
 0 0.635213
 0 0.63523
 0 0.635231
 0 0.635236
 0 0.635237
 0 0.63527
 0 0.635271
 0 0.63529
 0 0.635299
 0 0.635318
 0 0.635318
 0 0.635319
 0 0.635347
 0 0.635355
 0 0.635363
 0 0.635369
 0 0.635369
 0 0.635374
 0 0.635375
 0 0.635378
 0 0.635378
 0 0.635378
 0 0.635378
 0 0.635379
 0 0.635379
 0 0.635379
 0 0.635382
 0 0.635393
 0 0.635394
 0 0.635394
 0 0.635408
 0 0.635422
 0 0.635433
 0 0.635433
 0 0.635433
 0 0.635434
 0 0.635437
 0 0.635437
 0 0.635437
 0 0.635441
 0 0.635444
 0 0.635444
 0 0.635446
 0 0.635455
 0 0.635488
 0 0.635488
 0 0.635489
 0 0.635491
 0 0.635491
 0 0.635498
 0 0.635501
 0 0.635518
 0 0.635544
 0 0.635544
 0 0.635563
 0 0.635563
 0 0.635578
 0 0.635579
 0 0.63558
 0 0.635583
 0 0.635583
 0 0.635595
 0 0.635612
 0 0.635613
 0 0.635619
 0 0.63562
 0 0.635626
 0 0.635629
 0 0.635634
 0 0.635634
 0 0.635634
 0 0.63565
 0 0.63565
 0 0.635651
 0 0.635651
 0 0.635669
 0 0.635671
 0 0.635671
 0 0.635687
 0 0.635687
 0 0.635715
 0 0.635717
 0 0.635748
 0 0.635748
 0 0.635752
 0 0.635752
 0 0.635753
 0 0.635753
 0 0.635785
 0 0.635786
 0 0.635786
 0 0.635787
 0 0.635787
 0 0.635787
 0 0.635806
 0 0.635806
 0 0.635811
 0 0.635811
 0 0.635848
 0 0.635865
 0 0.635866
 0 0.635866
 0 0.635891
 0 0.635891
 0 0.635936
 0 0.635943
 0 0.635943
 0 0.636004
 0 0.636011
 0 0.636013
 0 0.636013
 0 0.636014
 0 0.636026
 0 0.636047
 0 0.636048
 0 0.636048
 0 0.636048
 0 0.636054
 0 0.636062
 0 0.636062
 0 0.636062
 0 0.636066
 0 0.636066
 0 0.636069
 0 0.636098
 0 0.636099
 0 0.636103
 0 0.636105
 0 0.636106
 0 0.636106
 0 0.636131
 0 0.636133
 0 0.636135
 0 0.63614
 0 0.636148
 0 0.63615
 0 0.636156
 0 0.636163
 0 0.636164
 0 0.636165
 0 0.636165
 0 0.636165
 0 0.636176
 0 0.636176
 0 0.636176
 0 0.636177
 0 0.636177
 0 0.636177
 0 0.636184
 0 0.636185
 0 0.636192
 0 0.636195
 0 0.636195
 0 0.636208
 0 0.636229
 0 0.636229
 0 0.63623
 0 0.636239
 0 0.63624
 0 0.636241
 0 0.636241
 0 0.636241
 0 0.636299
 0 0.636299
 0 0.636299
 0 0.636318
 0 0.636319
 0 0.636319
 0 0.63632
 0 0.636353
 0 0.636353
 0 0.636354
 0 0.636355
 0 0.636367
 0 0.636367
 0 0.63638
 0 0.63638
 0 0.63641
 0 0.636411
 0 0.636417
 0 0.636435
 0 0.636436
 0 0.636436
 0 0.636436
 0 0.636443
 0 0.636444
 0 0.636444
 0 0.636457
 0 0.636464
 0 0.636467
 0 0.636504
 0 0.636507
 0 0.636507
 0 0.636507
 0 0.636529
 0 0.63653
 0 0.63653
 0 0.63653
 0 0.636539
 0 0.63656
 0 0.63656
 0 0.636569
 0 0.636573
 0 0.636609
 0 0.636612
 0 0.636613
 0 0.636621
 0 0.636621
 0 0.636621
 0 0.636647
 0 0.636648
 0 0.636648
 0 0.636652
 0 0.636652
 0 0.636665
 0 0.636671
 0 0.636671
 0 0.636671
 0 0.636736
 0 0.636736
 0 0.636737
 0 0.636737
 0 0.636738
 0 0.636741
 0 0.636768
 0 0.636769
 0 0.636772
 0 0.636775
 0 0.636775
 0 0.636775
 0 0.636776
 0 0.636776
 0 0.636777
 0 0.636787
 0 0.636803
 0 0.636818
 0 0.636825
 0 0.636825
 0 0.636828
 0 0.63684
 0 0.636841
 0 0.636843
 0 0.636844
 0 0.636905
 0 0.636914
 0 0.636918
 0 0.636919
 0 0.636978
 0 0.636992
 0 0.637004
 0 0.637031
 0 0.637031
 0 0.637031
 0 0.637031
 0 0.637031
 0 0.637034
 0 0.637038
 0 0.637044
 0 0.637061
 0 0.637064
 0 0.637067
 0 0.63712
 0 0.63712
 0 0.637129
 0 0.63713
 0 0.637132
 0 0.637144
 0 0.637145
 0 0.637145
 0 0.637146
 0 0.637162
 0 0.637312
 0 0.637313
 0 0.637315
 0 0.637315
 0 0.637316
 0 0.637316
 0 0.637334
 0 0.637353
 0 0.637354
 0 0.637354
 0 0.637356
 0 0.637356
 0 0.637356
 0 0.637378
 0 0.637379
 0 0.63738
 0 0.637381
 0 0.637384
 0 0.637385
 0 0.637385
 0 0.637388
 0 0.63739
 0 0.63739
 0 0.6374
 0 0.637403
 0 0.63741
 0 0.63741
 0 0.637411
 0 0.637411
 0 0.637423
 0 0.637424
 0 0.637424
 0 0.637424
 0 0.637428
 0 0.637458
 0 0.637458
 0 0.637462
 0 0.637484
 0 0.63749
 0 0.637543
 0 0.637546
 0 0.637586
 0 0.637587
 0 0.637599
 0 0.637622
 0 0.637622
 0 0.637642
 0 0.63765
 0 0.637651
 0 0.637655
 0 0.637674
 0 0.637674
 0 0.637685
 0 0.637685
 0 0.637688
 0 0.637689
 0 0.63777
 0 0.637798
 0 0.637799
 0 0.637801
 0 0.637801
 0 0.637802
 0 0.63783
 0 0.637851
 0 0.637851
 0 0.637852
 0 0.637868
 0 0.637868
 0 0.637868
 0 0.637886
 0 0.63789
 0 0.637894
 0 0.637895
 0 0.637896
 0 0.637896
 0 0.637896
 0 0.637896
 0 0.637948
 0 0.637949
 0 0.637956
 0 0.637957
 0 0.637957
 0 0.637957
 0 0.637958
 0 0.637958
 0 0.637974
 0 0.637976
 0 0.637984
 0 0.638011
 0 0.638053
 0 0.638055
 0 0.638055
 0 0.638056
 0 0.638086
 0 0.638195
 0 0.638204
 0 0.638231
 0 0.638232
 0 0.638232
 0 0.638252
 0 0.638252
 0 0.638252
 0 0.638254
 0 0.638255
 0 0.63826
 0 0.638265
 0 0.638275
 0 0.638287
 0 0.638313
 0 0.638392
 0 0.638393
 0 0.638399
 0 0.638401
 0 0.638401
 0 0.638402
 0 0.638402
 0 0.638427
 0 0.638427
 0 0.638428
 0 0.638436
 0 0.638436
 0 0.638436
 0 0.638451
 0 0.638454
 0 0.638456
 0 0.638457
 0 0.638458
 0 0.638462
 0 0.638462
 0 0.638464
 0 0.638498
 0 0.638501
 0 0.638515
 0 0.638515
 0 0.638515
 0 0.638515
 0 0.638515
 0 0.638516
 0 0.638534
 0 0.638537
 0 0.638537
 0 0.63854
 0 0.63855
 0 0.638551
 0 0.638572
 0 0.638572
 0 0.638575
 0 0.638604
 0 0.638609
 0 0.638609
 0 0.63861
 0 0.638611
 0 0.638624
 0 0.638624
 0 0.638653
 0 0.638653
 0 0.638657
 0 0.638657
 0 0.638658
 0 0.63866
 0 0.63866
 0 0.638777
 0 0.638777
 0 0.638777
 0 0.638874
 0 0.638874
 0 0.638875
 0 0.638875
 0 0.638883
 0 0.638884
 0 0.638932
 0 0.638932
 0 0.638932
 0 0.638934
 0 0.638936
 0 0.638947
 0 0.638947
 0 0.638947
 0 0.638947
 0 0.638947
 0 0.638954
 0 0.638955
 0 0.638955
 0 0.638988
 0 0.638989
 0 0.63899
 0 0.63899
 0 0.63899
 0 0.639027
 0 0.639055
 0 0.639069
 0 0.639069
 0 0.639074
 0 0.639103
 0 0.639104
 0 0.639168
 0 0.63917
 0 0.639194
 0 0.639252
 0 0.639252
 0 0.639253
 0 0.639253
 0 0.63937
 0 0.639412
 0 0.639415
 0 0.639415
 0 0.639474
 0 0.639483
 0 0.639488
 0 0.639488
 0 0.639488
 0 0.639488
 0 0.639489
 0 0.639596
 0 0.639609
 0 0.639641
 0 0.639692
 0 0.639696
 0 0.639696
 0 0.639696
 0 0.639697
 0 0.639703
 0 0.639703
 0 0.639703
 0 0.639703
 0 0.63976
 0 0.639764
 0 0.639764
 0 0.639911
 0 0.639911
 0 0.639929
 0 0.639929
 0 0.639929
 0 0.639931
 0 0.639934
 0 0.640024
 0 0.640076
 0 0.640076
 0 0.64008
 0 0.640107
 0 0.640122
 0 0.64026
 0 0.64026
 0 0.640283
 0 0.640283
 0 0.640358
 0 0.640359
 0 0.640374
 0 0.640374
 0 0.640378
 0 0.640378
 0 0.640384
 0 0.640403
 0 0.640403
 0 0.640403
 0 0.64054
 0 0.640559
 0 0.640559
 0 0.64056
 0 0.640593
 0 0.640632
 0 0.640632
 0 0.640633
 0 0.640652
 0 0.640652
 0 0.640652
 0 0.640714
 0 0.640894
 0 0.640901
 0 0.640945
 0 0.640947
 0 0.640948
 0 0.640948
 0 0.640948
 0 0.640966
 0 0.640967
 0 0.640967
 0 0.640968
 0 0.640969
 0 0.64097
 0 0.64098
 0 0.64098
 0 0.640983
 0 0.640987
 0 0.640989
 0 0.640989
 0 0.64101
 0 0.64101
 0 0.64101
 0 0.64101
 0 0.641018
 0 0.641018
 0 0.641018
 0 0.641019
 0 0.641019
 0 0.641105
 0 0.641107
 0 0.641209
 0 0.641209
 0 0.641209
 0 0.64121
 0 0.641227
 0 0.641228
 0 0.641228
 0 0.641264
 0 0.641267
 0 0.641267
 0 0.641276
 0 0.641276
 0 0.641285
 0 0.6413
 0 0.6413
 0 0.6413
 0 0.641301
 0 0.641301
 0 0.641305
 0 0.641309
 0 0.641309
 0 0.641379
 0 0.641397
 0 0.641397
 0 0.641418
 0 0.641418
 0 0.641465
 0 0.64152
 0 0.641521
 0 0.641521
 0 0.641522
 0 0.641552
 0 0.641552
 0 0.641701
 0 0.641702
 0 0.641749
 0 0.641749
 0 0.641751
 0 0.641795
 0 0.641795
 0 0.641831
 0 0.641887
 0 0.641938
 0 0.641961
 0 0.641962
 0 0.641964
 0 0.641967
 0 0.641967
 0 0.641967
 0 0.642087
 0 0.642087
 0 0.642088
 0 0.642101
 0 0.64213
 0 0.642131
 0 0.642228
 0 0.642313
 0 0.642418
 0 0.642484
 0 0.642484
 0 0.642484
 0 0.642613
 0 0.642623
 0 0.642679
 0 0.642679
 0 0.642686
 0 0.642688
 0 0.642702
 0 0.642718
 0 0.642727
 0 0.642938
 0 0.64302
 0 0.643093
 0 0.643093
 0 0.643309
 0 0.643447
 0 0.643524
 0 0.643536
 0 0.643622
 0 0.643622
 0 0.643623
 0 0.643665
 0 0.643665
 0 0.643667
 0 0.643677
 0 0.643679
 0 0.643799
 0 0.643954
 0 0.643994
 0 0.644284
 0 0.644501
 0 0.644501
 0 0.644513
 0 0.6446
 0 0.644627
 0 0.644628
 0 0.644631
 0 0.644714
 0 0.64483
 0 0.644832
 0 0.646075
 0 0.646075
 0 0.646075
 0 0.64621
 0 0.646655
 0 0.646846
 0 0.646846
 0 0.647062
 0 0.647062
 0 0.647062
 0 0.647335
 0 0.647335
 0 0.647591
 0 0.647592
 0 0.648383
 0 0.648631
 0 0.648632
 0 0.648633
 0 0.648642
 0 0.648642
 0 0.648642
 0 0.649256
 0 0.649611
 0 0.649613
 0 2.05974
 0 2.27996
 0 2.27996
 0 2.28088
 0 2.28088
 0 2.28153
 0 inf
