 0 0.490018
 0 0.490038
 0 0.490039
 0 0.490955
 0 0.490955
 0 0.490955
 0 0.491229
 0 0.491229
 0 0.491229
 0 0.492326
 0 0.492765
 0 0.492765
 0 0.619404
 0 0.619913
 0 0.619913
 0 0.62048
 0 0.62048
 0 0.62048
 0 0.621181
 0 0.621181
 0 0.621516
 0 0.621517
 0 0.621517
 0 0.622451
 0 0.623097
 0 0.623097
 0 0.623347
 0 0.623347
 0 0.623361
 0 0.623656
 0 0.623865
 0 0.623865
 0 0.623865
 0 0.623935
 0 0.623935
 0 0.623937
 0 0.623937
 0 0.623937
 0 0.624128
 0 0.62413
 0 0.62413
 0 0.624165
 0 0.624414
 0 0.624466
 0 0.624466
 0 0.624492
 0 0.624629
 0 0.624629
 0 0.624921
 0 0.624921
 0 0.624959
 0 0.625032
 0 0.625228
 0 0.625228
 0 0.625484
 0 0.625484
 0 0.62552
 0 0.62552
 0 0.62552
 0 0.625575
 0 0.625575
 0 0.625576
 0 0.625576
 0 0.625579
 0 0.625621
 0 0.625739
 0 0.625739
 0 0.625763
 0 0.625867
 0 0.625867
 0 0.625867
 0 0.625867
 0 0.625873
 0 0.625965
 0 0.625966
 0 0.625966
 0 0.625966
 0 0.626051
 0 0.626101
 0 0.626103
 0 0.626109
 0 0.626118
 0 0.626119
 0 0.626119
 0 0.626132
 0 0.626132
 0 0.626132
 0 0.626154
 0 0.626154
 0 0.626154
 0 0.626154
 0 0.626154
 0 0.6262
 0 0.626202
 0 0.626235
 0 0.626238
 0 0.626238
 0 0.626238
 0 0.626238
 0 0.626305
 0 0.626305
 0 0.62633
 0 0.62633
 0 0.626333
 0 0.626333
 0 0.626333
 0 0.626334
 0 0.626334
 0 0.626508
 0 0.626509
 0 0.626509
 0 0.626808
 0 0.626913
 0 0.626933
 0 0.626933
 0 0.626933
 0 0.626933
 0 0.626984
 0 0.627039
 0 0.627048
 0 0.627063
 0 0.627064
 0 0.627064
 0 0.627138
 0 0.627138
 0 0.627165
 0 0.627167
 0 0.627227
 0 0.627227
 0 0.627275
 0 0.627275
 0 0.627275
 0 0.627275
 0 0.627275
 0 0.627367
 0 0.627368
 0 0.627368
 0 0.627376
 0 0.627377
 0 0.627383
 0 0.627383
 0 0.627393
 0 0.627442
 0 0.627444
 0 0.627466
 0 0.627466
 0 0.62748
 0 0.627499
 0 0.627499
 0 0.627622
 0 0.627622
 0 0.627636
 0 0.627644
 0 0.627644
 0 0.627644
 0 0.627644
 0 0.627646
 0 0.627714
 0 0.627714
 0 0.627716
 0 0.627717
 0 0.627758
 0 0.627758
 0 0.627761
 0 0.627762
 0 0.627763
 0 0.627816
 0 0.627827
 0 0.627827
 0 0.627856
 0 0.627856
 0 0.627906
 0 0.627906
 0 0.627906
 0 0.627917
 0 0.627981
 0 0.628099
 0 0.628099
 0 0.628106
 0 0.628123
 0 0.628123
 0 0.628123
 0 0.628126
 0 0.628126
 0 0.628247
 0 0.628252
 0 0.628253
 0 0.628253
 0 0.628253
 0 0.628257
 0 0.628284
 0 0.628284
 0 0.628284
 0 0.628285
 0 0.628347
 0 0.628348
 0 0.628358
 0 0.628378
 0 0.628378
 0 0.628393
 0 0.628477
 0 0.628639
 0 0.628639
 0 0.628641
 0 0.628716
 0 0.628749
 0 0.62875
 0 0.62875
 0 0.628755
 0 0.628756
 0 0.628756
 0 0.628756
 0 0.628772
 0 0.628819
 0 0.628913
 0 0.62892
 0 0.62892
 0 0.628927
 0 0.628927
 0 0.628927
 0 0.628929
 0 0.62901
 0 0.629067
 0 0.629067
 0 0.629069
 0 0.629069
 0 0.629075
 0 0.629118
 0 0.629131
 0 0.629192
 0 0.629192
 0 0.629216
 0 0.629216
 0 0.629217
 0 0.62922
 0 0.629221
 0 0.629234
 0 0.629234
 0 0.629238
 0 0.629241
 0 0.629241
 0 0.629241
 0 0.629241
 0 0.629242
 0 0.629261
 0 0.629336
 0 0.629336
 0 0.629337
 0 0.629337
 0 0.629338
 0 0.629392
 0 0.629392
 0 0.629401
 0 0.629401
 0 0.629401
 0 0.629434
 0 0.629511
 0 0.629512
 0 0.629522
 0 0.629522
 0 0.62953
 0 0.629531
 0 0.629531
 0 0.629542
 0 0.629542
 0 0.629542
 0 0.62958
 0 0.629586
 0 0.629633
 0 0.629633
 0 0.629643
 0 0.629643
 0 0.629643
 0 0.629652
 0 0.629652
 0 0.62969
 0 0.62969
 0 0.629794
 0 0.629798
 0 0.629798
 0 0.629883
 0 0.629884
 0 0.629884
 0 0.629938
 0 0.629962
 0 0.629962
 0 0.629997
 0 0.629997
 0 0.629997
 0 0.630075
 0 0.630093
 0 0.630094
 0 0.630094
 0 0.630095
 0 0.630134
 0 0.630146
 0 0.630226
 0 0.630226
 0 0.630226
 0 0.630229
 0 0.63023
 0 0.63023
 0 0.63023
 0 0.630243
 0 0.630254
 0 0.630255
 0 0.630255
 0 0.630255
 0 0.630268
 0 0.630268
 0 0.630268
 0 0.630281
 0 0.630281
 0 0.630282
 0 0.630284
 0 0.630324
 0 0.630325
 0 0.630325
 0 0.630328
 0 0.630419
 0 0.630445
 0 0.630451
 0 0.630452
 0 0.630456
 0 0.630457
 0 0.630475
 0 0.630475
 0 0.630481
 0 0.630521
 0 0.630521
 0 0.630521
 0 0.630521
 0 0.630563
 0 0.630566
 0 0.630566
 0 0.630582
 0 0.630589
 0 0.630593
 0 0.630593
 0 0.630598
 0 0.630598
 0 0.630615
 0 0.630615
 0 0.630649
 0 0.63068
 0 0.630687
 0 0.630737
 0 0.630737
 0 0.630738
 0 0.630738
 0 0.630759
 0 0.630759
 0 0.630764
 0 0.630765
 0 0.630766
 0 0.630766
 0 0.630788
 0 0.630788
 0 0.630788
 0 0.630788
 0 0.63079
 0 0.630791
 0 0.630791
 0 0.630791
 0 0.630791
 0 0.630791
 0 0.630791
 0 0.630791
 0 0.630802
 0 0.630802
 0 0.630802
 0 0.630829
 0 0.630829
 0 0.630829
 0 0.630879
 0 0.630879
 0 0.630888
 0 0.63089
 0 0.630899
 0 0.630899
 0 0.6309
 0 0.630925
 0 0.630925
 0 0.63094
 0 0.630942
 0 0.630942
 0 0.630943
 0 0.630978
 0 0.630978
 0 0.630984
 0 0.630997
 0 0.630997
 0 0.630997
 0 0.631006
 0 0.631007
 0 0.631032
 0 0.631047
 0 0.63107
 0 0.631073
 0 0.631073
 0 0.631115
 0 0.631125
 0 0.631125
 0 0.631134
 0 0.631135
 0 0.631135
 0 0.631135
 0 0.631147
 0 0.631181
 0 0.631191
 0 0.631192
 0 0.631192
 0 0.631215
 0 0.631215
 0 0.631219
 0 0.631219
 0 0.631222
 0 0.631243
 0 0.631248
 0 0.631248
 0 0.631259
 0 0.63126
 0 0.631263
 0 0.631263
 0 0.631264
 0 0.631314
 0 0.631314
 0 0.631314
 0 0.631314
 0 0.631314
 0 0.631323
 0 0.631323
 0 0.631323
 0 0.631323
 0 0.631325
 0 0.631333
 0 0.631334
 0 0.631345
 0 0.631345
 0 0.631345
 0 0.631346
 0 0.631371
 0 0.631371
 0 0.631414
 0 0.631414
 0 0.631414
 0 0.631418
 0 0.631425
 0 0.631426
 0 0.631427
 0 0.631428
 0 0.631454
 0 0.631454
 0 0.631454
 0 0.63146
 0 0.631504
 0 0.631504
 0 0.631517
 0 0.631517
 0 0.631517
 0 0.631526
 0 0.631526
 0 0.631613
 0 0.631614
 0 0.631616
 0 0.631616
 0 0.631621
 0 0.631622
 0 0.631652
 0 0.631661
 0 0.631662
 0 0.631663
 0 0.631686
 0 0.631712
 0 0.631712
 0 0.631712
 0 0.631712
 0 0.631712
 0 0.63173
 0 0.63173
 0 0.63173
 0 0.631739
 0 0.631739
 0 0.631739
 0 0.6318
 0 0.631831
 0 0.631834
 0 0.63184
 0 0.631841
 0 0.631841
 0 0.631846
 0 0.631847
 0 0.631851
 0 0.631851
 0 0.631852
 0 0.631857
 0 0.631857
 0 0.631877
 0 0.631882
 0 0.631883
 0 0.631884
 0 0.631884
 0 0.631886
 0 0.631888
 0 0.63189
 0 0.631913
 0 0.631918
 0 0.631919
 0 0.631922
 0 0.631928
 0 0.631951
 0 0.631951
 0 0.631979
 0 0.632017
 0 0.632036
 0 0.632036
 0 0.632036
 0 0.632053
 0 0.632054
 0 0.632067
 0 0.632069
 0 0.63209
 0 0.632093
 0 0.632093
 0 0.632093
 0 0.632093
 0 0.63212
 0 0.63212
 0 0.632153
 0 0.632163
 0 0.632165
 0 0.6322
 0 0.6322
 0 0.632207
 0 0.632226
 0 0.632226
 0 0.632227
 0 0.632238
 0 0.632239
 0 0.632249
 0 0.632249
 0 0.632249
 0 0.632255
 0 0.632255
 0 0.632274
 0 0.632274
 0 0.632274
 0 0.632274
 0 0.632274
 0 0.632327
 0 0.63235
 0 0.632369
 0 0.632369
 0 0.632369
 0 0.63237
 0 0.632375
 0 0.632376
 0 0.632376
 0 0.632459
 0 0.63246
 0 0.632473
 0 0.632473
 0 0.632475
 0 0.632482
 0 0.632482
 0 0.632482
 0 0.632482
 0 0.632483
 0 0.632498
 0 0.632533
 0 0.632534
 0 0.632558
 0 0.632558
 0 0.632559
 0 0.632573
 0 0.632574
 0 0.632599
 0 0.632618
 0 0.632672
 0 0.632672
 0 0.63272
 0 0.63272
 0 0.63272
 0 0.632729
 0 0.63275
 0 0.632751
 0 0.632751
 0 0.632752
 0 0.632752
 0 0.63276
 0 0.632762
 0 0.632767
 0 0.632767
 0 0.632792
 0 0.632794
 0 0.63282
 0 0.63282
 0 0.632837
 0 0.632837
 0 0.632837
 0 0.632871
 0 0.632872
 0 0.632872
 0 0.632872
 0 0.632875
 0 0.632876
 0 0.632876
 0 0.632882
 0 0.632895
 0 0.632963
 0 0.632966
 0 0.632966
 0 0.632984
 0 0.632998
 0 0.633014
 0 0.633014
 0 0.633037
 0 0.633037
 0 0.633038
 0 0.633038
 0 0.633046
 0 0.633061
 0 0.633062
 0 0.633086
 0 0.633086
 0 0.633088
 0 0.633095
 0 0.633153
 0 0.633192
 0 0.633262
 0 0.633266
 0 0.633266
 0 0.633266
 0 0.633266
 0 0.633267
 0 0.633284
 0 0.633284
 0 0.633285
 0 0.633303
 0 0.633303
 0 0.633335
 0 0.633336
 0 0.633349
 0 0.633349
 0 0.633349
 0 0.633376
 0 0.633383
 0 0.633384
 0 0.633396
 0 0.633455
 0 0.633455
 0 0.633457
 0 0.633457
 0 0.633467
 0 0.633467
 0 0.633475
 0 0.633477
 0 0.633477
 0 0.633477
 0 0.633487
 0 0.633489
 0 0.63349
 0 0.63349
 0 0.633503
 0 0.633528
 0 0.633528
 0 0.633533
 0 0.633536
 0 0.633536
 0 0.63359
 0 0.633591
 0 0.633594
 0 0.633595
 0 0.633595
 0 0.633672
 0 0.633672
 0 0.633698
 0 0.633698
 0 0.633714
 0 0.633726
 0 0.633728
 0 0.633736
 0 0.63374
 0 0.63374
 0 0.63374
 0 0.633741
 0 0.633743
 0 0.633743
 0 0.633747
 0 0.633747
 0 0.633755
 0 0.633758
 0 0.633791
 0 0.633793
 0 0.633793
 0 0.633793
 0 0.633795
 0 0.633796
 0 0.633821
 0 0.633821
 0 0.633821
 0 0.633821
 0 0.63383
 0 0.633868
 0 0.633869
 0 0.633881
 0 0.633881
 0 0.633903
 0 0.633937
 0 0.633945
 0 0.633972
 0 0.633972
 0 0.633976
 0 0.633989
 0 0.634064
 0 0.634064
 0 0.634074
 0 0.634074
 0 0.6341
 0 0.6341
 0 0.634102
 0 0.634103
 0 0.634103
 0 0.634111
 0 0.634146
 0 0.634146
 0 0.634146
 0 0.634146
 0 0.634154
 0 0.634168
 0 0.634168
 0 0.634224
 0 0.634225
 0 0.634287
 0 0.634287
 0 0.634294
 0 0.634294
 0 0.634308
 0 0.634313
 0 0.634313
 0 0.634313
 0 0.634313
 0 0.634323
 0 0.634329
 0 0.634329
 0 0.63433
 0 0.63433
 0 0.634345
 0 0.634359
 0 0.63436
 0 0.634365
 0 0.634367
 0 0.634367
 0 0.634367
 0 0.634368
 0 0.634385
 0 0.634387
 0 0.634387
 0 0.634387
 0 0.634407
 0 0.634407
 0 0.63442
 0 0.634424
 0 0.634439
 0 0.634455
 0 0.634455
 0 0.634472
 0 0.634496
 0 0.634496
 0 0.634498
 0 0.634512
 0 0.63453
 0 0.634531
 0 0.634535
 0 0.634536
 0 0.634536
 0 0.634538
 0 0.634539
 0 0.63454
 0 0.634543
 0 0.634544
 0 0.634571
 0 0.634571
 0 0.634579
 0 0.634592
 0 0.634592
 0 0.634594
 0 0.634594
 0 0.634595
 0 0.634597
 0 0.634637
 0 0.63464
 0 0.634642
 0 0.634686
 0 0.634686
 0 0.634689
 0 0.6347
 0 0.634716
 0 0.634718
 0 0.634718
 0 0.634718
 0 0.634728
 0 0.63473
 0 0.634738
 0 0.634751
 0 0.634752
 0 0.634752
 0 0.634752
 0 0.634752
 0 0.634752
 0 0.634753
 0 0.634769
 0 0.634769
 0 0.634769
 0 0.634789
 0 0.63479
 0 0.634808
 0 0.634808
 0 0.634808
 0 0.634871
 0 0.634894
 0 0.634902
 0 0.634903
 0 0.634904
 0 0.634905
 0 0.634906
 0 0.634906
 0 0.634906
 0 0.634918
 0 0.634919
 0 0.63493
 0 0.63493
 0 0.634932
 0 0.634936
 0 0.634958
 0 0.634959
 0 0.634975
 0 0.634979
 0 0.634979
 0 0.635001
 0 0.635025
 0 0.635028
 0 0.635029
 0 0.635029
 0 0.635039
 0 0.635039
 0 0.635039
 0 0.635049
 0 0.63505
 0 0.635051
 0 0.635051
 0 0.635052
 0 0.635052
 0 0.635052
 0 0.635052
 0 0.635052
 0 0.635075
 0 0.63508
 0 0.63508
 0 0.635081
 0 0.635082
 0 0.635082
 0 0.635085
 0 0.635085
 0 0.635107
 0 0.635124
 0 0.635157
 0 0.635173
 0 0.635183
 0 0.635192
 0 0.635192
 0 0.635194
 0 0.635226
 0 0.635227
 0 0.635227
 0 0.635248
 0 0.635249
 0 0.635251
 0 0.635251
 0 0.635251
 0 0.635252
 0 0.635259
 0 0.63526
 0 0.635261
 0 0.635264
 0 0.635264
 0 0.635294
 0 0.635303
 0 0.635303
 0 0.635311
 0 0.635317
 0 0.635318
 0 0.635321
 0 0.635321
 0 0.635321
 0 0.635322
 0 0.635323
 0 0.635323
 0 0.635323
 0 0.635326
 0 0.635327
 0 0.635331
 0 0.635332
 0 0.635334
 0 0.635334
 0 0.635335
 0 0.635335
 0 0.635343
 0 0.635343
 0 0.635344
 0 0.63535
 0 0.635372
 0 0.635384
 0 0.635387
 0 0.635387
 0 0.635393
 0 0.635397
 0 0.635397
 0 0.635397
 0 0.6354
 0 0.635401
 0 0.635417
 0 0.635417
 0 0.635434
 0 0.635434
 0 0.635444
 0 0.635474
 0 0.635507
 0 0.635507
 0 0.635507
 0 0.635508
 0 0.63551
 0 0.635516
 0 0.635524
 0 0.635541
 0 0.635541
 0 0.635542
 0 0.635542
 0 0.635555
 0 0.635556
 0 0.635556
 0 0.635564
 0 0.635564
 0 0.635585
 0 0.635586
 0 0.635589
 0 0.635589
 0 0.63563
 0 0.63563
 0 0.63563
 0 0.635632
 0 0.635632
 0 0.635633
 0 0.635633
 0 0.635655
 0 0.635655
 0 0.635677
 0 0.635677
 0 0.635677
 0 0.635682
 0 0.635691
 0 0.635693
 0 0.635723
 0 0.635728
 0 0.635729
 0 0.635729
 0 0.63573
 0 0.63573
 0 0.63573
 0 0.63573
 0 0.635737
 0 0.635738
 0 0.635739
 0 0.635741
 0 0.635803
 0 0.635803
 0 0.635814
 0 0.635815
 0 0.635817
 0 0.63582
 0 0.635839
 0 0.635839
 0 0.635849
 0 0.635849
 0 0.63585
 0 0.63585
 0 0.635859
 0 0.635879
 0 0.635882
 0 0.635891
 0 0.635901
 0 0.635903
 0 0.635933
 0 0.636002
 0 0.636002
 0 0.636002
 0 0.636003
 0 0.636006
 0 0.636027
 0 0.636027
 0 0.636027
 0 0.636041
 0 0.636041
 0 0.636041
 0 0.636042
 0 0.636056
 0 0.636057
 0 0.636057
 0 0.636061
 0 0.636062
 0 0.636135
 0 0.636136
 0 0.636136
 0 0.636136
 0 0.636136
 0 0.636136
 0 0.636137
 0 0.636153
 0 0.636153
 0 0.636153
 0 0.636153
 0 0.636154
 0 0.636155
 0 0.636155
 0 0.636157
 0 0.636172
 0 0.636172
 0 0.636172
 0 0.636172
 0 0.636172
 0 0.636176
 0 0.636179
 0 0.63618
 0 0.636183
 0 0.636184
 0 0.636186
 0 0.636187
 0 0.63619
 0 0.636196
 0 0.636196
 0 0.636217
 0 0.636217
 0 0.636227
 0 0.636227
 0 0.636238
 0 0.636242
 0 0.636242
 0 0.636247
 0 0.636247
 0 0.636247
 0 0.636257
 0 0.636257
 0 0.636262
 0 0.636262
 0 0.636267
 0 0.636267
 0 0.636278
 0 0.636304
 0 0.636306
 0 0.636306
 0 0.636306
 0 0.636306
 0 0.636308
 0 0.636313
 0 0.636324
 0 0.636325
 0 0.636325
 0 0.636325
 0 0.636345
 0 0.636346
 0 0.636346
 0 0.636359
 0 0.636359
 0 0.63636
 0 0.636364
 0 0.636365
 0 0.636365
 0 0.636367
 0 0.636375
 0 0.636375
 0 0.636376
 0 0.636404
 0 0.636407
 0 0.636408
 0 0.636416
 0 0.636416
 0 0.636417
 0 0.636417
 0 0.636435
 0 0.636435
 0 0.636448
 0 0.63645
 0 0.63645
 0 0.636451
 0 0.636451
 0 0.636454
 0 0.636454
 0 0.636458
 0 0.636471
 0 0.636472
 0 0.636473
 0 0.636473
 0 0.636473
 0 0.636473
 0 0.636494
 0 0.636495
 0 0.636498
 0 0.636504
 0 0.636504
 0 0.63652
 0 0.63652
 0 0.63652
 0 0.63652
 0 0.636532
 0 0.636532
 0 0.636532
 0 0.636547
 0 0.636548
 0 0.636549
 0 0.636572
 0 0.636573
 0 0.636573
 0 0.636576
 0 0.636576
 0 0.636582
 0 0.636591
 0 0.636592
 0 0.6366
 0 0.636607
 0 0.636608
 0 0.636614
 0 0.636614
 0 0.636622
 0 0.636622
 0 0.636622
 0 0.636623
 0 0.636623
 0 0.636627
 0 0.636649
 0 0.636649
 0 0.63665
 0 0.636674
 0 0.636675
 0 0.63668
 0 0.63668
 0 0.6367
 0 0.636702
 0 0.636703
 0 0.636708
 0 0.636711
 0 0.636712
 0 0.636722
 0 0.636724
 0 0.636724
 0 0.636724
 0 0.636728
 0 0.636744
 0 0.636747
 0 0.636747
 0 0.636768
 0 0.636796
 0 0.636827
 0 0.636827
 0 0.636832
 0 0.636832
 0 0.636836
 0 0.636836
 0 0.636887
 0 0.636888
 0 0.636888
 0 0.636888
 0 0.63689
 0 0.636896
 0 0.636897
 0 0.636906
 0 0.636906
 0 0.636925
 0 0.636931
 0 0.636932
 0 0.636941
 0 0.636942
 0 0.636972
 0 0.636973
 0 0.636987
 0 0.636997
 0 0.637005
 0 0.637012
 0 0.637032
 0 0.637032
 0 0.637039
 0 0.637057
 0 0.637071
 0 0.637071
 0 0.637081
 0 0.637082
 0 0.637095
 0 0.637096
 0 0.637096
 0 0.637096
 0 0.637103
 0 0.637104
 0 0.637122
 0 0.637123
 0 0.637123
 0 0.637127
 0 0.637127
 0 0.637127
 0 0.63716
 0 0.637161
 0 0.637161
 0 0.637174
 0 0.637175
 0 0.637175
 0 0.637177
 0 0.637177
 0 0.637178
 0 0.637202
 0 0.637207
 0 0.637223
 0 0.637252
 0 0.637262
 0 0.637276
 0 0.637277
 0 0.637277
 0 0.637277
 0 0.637278
 0 0.637288
 0 0.637288
 0 0.637288
 0 0.637321
 0 0.637321
 0 0.637326
 0 0.637326
 0 0.637354
 0 0.637355
 0 0.63736
 0 0.637364
 0 0.637364
 0 0.637365
 0 0.63738
 0 0.637381
 0 0.637381
 0 0.637381
 0 0.637386
 0 0.637388
 0 0.637388
 0 0.63739
 0 0.637391
 0 0.637399
 0 0.637409
 0 0.63741
 0 0.637449
 0 0.63745
 0 0.637455
 0 0.637472
 0 0.637474
 0 0.637474
 0 0.637511
 0 0.637524
 0 0.637524
 0 0.637526
 0 0.637527
 0 0.637544
 0 0.637544
 0 0.637568
 0 0.637568
 0 0.637568
 0 0.637568
 0 0.637572
 0 0.637572
 0 0.637606
 0 0.637606
 0 0.637606
 0 0.637613
 0 0.637613
 0 0.637613
 0 0.637623
 0 0.63764
 0 0.637699
 0 0.637785
 0 0.637785
 0 0.6378
 0 0.637803
 0 0.637803
 0 0.637804
 0 0.637805
 0 0.637864
 0 0.637866
 0 0.637867
 0 0.637914
 0 0.637932
 0 0.637932
 0 0.637966
 0 0.637966
 0 0.637998
 0 0.637999
 0 0.638007
 0 0.638007
 0 0.638039
 0 0.638051
 0 0.638098
 0 0.638106
 0 0.638106
 0 0.638106
 0 0.638138
 0 0.638139
 0 0.638139
 0 0.638142
 0 0.638142
 0 0.638142
 0 0.638164
 0 0.638225
 0 0.63823
 0 0.63823
 0 0.638255
 0 0.638333
 0 0.638333
 0 0.638369
 0 0.638467
 0 0.638546
 0 0.638546
 0 0.63855
 0 0.63855
 0 0.638551
 0 0.638596
 0 0.638598
 0 0.638599
 0 0.6386
 0 0.6386
 0 0.6386
 0 0.638653
 0 0.638653
 0 0.638653
 0 0.638658
 0 0.638688
 0 0.638688
 0 0.638689
 0 0.638739
 0 0.638739
 0 0.638739
 0 0.638771
 0 0.638808
 0 0.638808
 0 0.638808
 0 0.63881
 0 0.63881
 0 0.638909
 0 0.638909
 0 0.638909
 0 0.638909
 0 0.638963
 0 0.638963
 0 0.638963
 0 0.638963
 0 0.638995
 0 0.638995
 0 0.638995
 0 0.638996
 0 0.639006
 0 0.639007
 0 0.639034
 0 0.639035
 0 0.639057
 0 0.639057
 0 0.639076
 0 0.639085
 0 0.639085
 0 0.639093
 0 0.639094
 0 0.639115
 0 0.639166
 0 0.639166
 0 0.639169
 0 0.639187
 0 0.639187
 0 0.63922
 0 0.63922
 0 0.639221
 0 0.639235
 0 0.639236
 0 0.639245
 0 0.639251
 0 0.639353
 0 0.639362
 0 0.639362
 0 0.639523
 0 0.639523
 0 0.639692
 0 0.639692
 0 0.639727
 0 0.639727
 0 0.639727
 0 0.639731
 0 0.639732
 0 0.639732
 0 0.639738
 0 0.639739
 0 0.639739
 0 0.63976
 0 0.63976
 0 0.63976
 0 0.63976
 0 0.639794
 0 0.63983
 0 0.639841
 0 0.639841
 0 0.639842
 0 0.639958
 0 0.639958
 0 0.639958
 0 0.63996
 0 0.63996
 0 0.640026
 0 0.640027
 0 0.640082
 0 0.640084
 0 0.640142
 0 0.640142
 0 0.640143
 0 0.640144
 0 0.640146
 0 0.640176
 0 0.640177
 0 0.640177
 0 0.640177
 0 0.640295
 0 0.640296
 0 0.640297
 0 0.640305
 0 0.640305
 0 0.640316
 0 0.640316
 0 0.640397
 0 0.640507
 0 0.640507
 0 0.640533
 0 0.640601
 0 0.640603
 0 0.640672
 0 0.640672
 0 0.640711
 0 0.640766
 0 0.640766
 0 0.640786
 0 0.6408
 0 0.640832
 0 0.640833
 0 0.640869
 0 0.640869
 0 0.640923
 0 0.640923
 0 0.640923
 0 0.640923
 0 0.641011
 0 0.641034
 0 0.641034
 0 0.641034
 0 0.641089
 0 0.641113
 0 0.641113
 0 0.641113
 0 0.641114
 0 0.641169
 0 0.641235
 0 0.641235
 0 0.641243
 0 0.641245
 0 0.641245
 0 0.64126
 0 0.641352
 0 0.64138
 0 0.641381
 0 0.641511
 0 0.641511
 0 0.641512
 0 0.641551
 0 0.641553
 0 0.641708
 0 0.64178
 0 0.641802
 0 0.641802
 0 0.641802
 0 0.641802
 0 0.641802
 0 0.641989
 0 0.641989
 0 0.642019
 0 0.642019
 0 0.642103
 0 0.642157
 0 0.64224
 0 0.64224
 0 0.642262
 0 0.642263
 0 0.642263
 0 0.642368
 0 0.642434
 0 0.642504
 0 0.642504
 0 0.642504
 0 0.642975
 0 0.642975
 0 0.642975
 0 0.642976
 0 0.642977
 0 0.643087
 0 0.643087
 0 0.643087
 0 0.643087
 0 0.643087
 0 0.643088
 0 0.643088
 0 0.643088
 0 0.643207
 0 0.643374
 0 0.643374
 0 0.643374
 0 0.643786
 0 0.64409
 0 0.644262
 0 0.644263
 0 0.644265
 0 0.644782
 0 0.644785
 0 0.646414
 0 0.646414
 0 0.646415
 0 0.646781
 0 0.646782
 0 0.647266
 0 0.649114
 0 0.649114
 0 0.649114
 0 0.649302
 0 0.650644
 0 0.650646
 0 inf
