 0 0.478302
 0 0.478303
 0 0.47884
 0 0.47884
 0 0.479056
 0 0.479592
 0 0.627243
 0 0.627243
 0 0.627246
 0 0.627248
 0 0.628913
 0 0.628962
 0 0.628964
 0 0.629129
 0 0.629129
 0 0.62913
 0 0.629196
 0 0.629197
 0 0.629197
 0 0.629198
 0 0.629199
 0 0.629387
 0 0.629447
 0 0.629573
 0 0.629646
 0 0.629648
 0 0.62965
 0 0.62968
 0 0.629681
 0 0.629969
 0 0.629969
 0 0.630213
 0 0.630233
 0 0.630233
 0 0.630233
 0 0.630338
 0 0.630343
 0 0.630344
 0 0.630344
 0 0.630357
 0 0.630357
 0 0.630421
 0 0.63051
 0 0.63051
 0 0.630519
 0 0.630521
 0 0.630539
 0 0.630543
 0 0.63063
 0 0.63064
 0 0.630642
 0 0.630643
 0 0.630682
 0 0.630686
 0 0.630686
 0 0.630717
 0 0.630718
 0 0.630719
 0 0.630728
 0 0.630733
 0 0.630792
 0 0.630792
 0 0.630813
 0 0.630851
 0 0.630878
 0 0.630936
 0 0.630936
 0 0.630938
 0 0.631041
 0 0.631075
 0 0.631118
 0 0.631118
 0 0.631118
 0 0.63112
 0 0.631131
 0 0.631134
 0 0.631153
 0 0.631163
 0 0.631181
 0 0.63119
 0 0.631196
 0 0.631196
 0 0.631229
 0 0.631236
 0 0.631236
 0 0.631237
 0 0.631296
 0 0.631298
 0 0.631299
 0 0.631299
 0 0.631299
 0 0.6313
 0 0.631301
 0 0.631304
 0 0.631307
 0 0.631309
 0 0.63131
 0 0.63131
 0 0.631316
 0 0.631319
 0 0.631319
 0 0.631352
 0 0.631352
 0 0.631355
 0 0.631387
 0 0.631387
 0 0.63139
 0 0.63139
 0 0.631396
 0 0.631396
 0 0.631416
 0 0.631418
 0 0.63142
 0 0.631421
 0 0.631422
 0 0.631462
 0 0.631462
 0 0.631462
 0 0.631463
 0 0.631482
 0 0.631495
 0 0.631495
 0 0.631512
 0 0.631514
 0 0.631529
 0 0.631531
 0 0.631532
 0 0.631532
 0 0.631534
 0 0.631552
 0 0.631566
 0 0.631568
 0 0.631568
 0 0.631575
 0 0.631584
 0 0.631585
 0 0.631587
 0 0.631588
 0 0.631596
 0 0.631597
 0 0.631647
 0 0.631648
 0 0.63165
 0 0.631652
 0 0.631661
 0 0.631675
 0 0.631676
 0 0.631684
 0 0.631707
 0 0.631707
 0 0.631709
 0 0.631757
 0 0.631767
 0 0.631781
 0 0.631783
 0 0.631789
 0 0.631791
 0 0.631791
 0 0.631799
 0 0.631799
 0 0.631811
 0 0.631812
 0 0.631842
 0 0.631857
 0 0.631857
 0 0.631874
 0 0.631876
 0 0.631886
 0 0.63189
 0 0.631891
 0 0.631891
 0 0.631906
 0 0.631906
 0 0.631908
 0 0.631909
 0 0.631955
 0 0.631956
 0 0.631958
 0 0.631958
 0 0.631962
 0 0.631962
 0 0.631962
 0 0.631963
 0 0.631963
 0 0.631964
 0 0.631967
 0 0.63197
 0 0.63197
 0 0.631971
 0 0.631972
 0 0.631973
 0 0.631973
 0 0.631973
 0 0.631982
 0 0.631983
 0 0.631993
 0 0.632001
 0 0.632006
 0 0.632008
 0 0.632008
 0 0.632011
 0 0.632021
 0 0.632023
 0 0.632046
 0 0.632062
 0 0.632066
 0 0.632067
 0 0.632083
 0 0.632085
 0 0.632087
 0 0.632087
 0 0.632089
 0 0.63209
 0 0.632091
 0 0.632108
 0 0.632108
 0 0.632108
 0 0.632115
 0 0.632115
 0 0.632121
 0 0.632121
 0 0.632121
 0 0.632122
 0 0.632124
 0 0.632125
 0 0.632137
 0 0.632137
 0 0.632139
 0 0.632139
 0 0.632139
 0 0.632142
 0 0.632144
 0 0.632149
 0 0.63215
 0 0.63216
 0 0.632166
 0 0.632167
 0 0.632168
 0 0.632169
 0 0.632179
 0 0.632191
 0 0.632191
 0 0.632199
 0 0.632199
 0 0.632199
 0 0.632204
 0 0.632205
 0 0.632211
 0 0.632212
 0 0.632214
 0 0.632215
 0 0.632218
 0 0.632228
 0 0.632229
 0 0.632231
 0 0.632238
 0 0.632242
 0 0.632243
 0 0.632243
 0 0.632243
 0 0.632254
 0 0.632272
 0 0.632274
 0 0.632275
 0 0.632276
 0 0.63228
 0 0.632282
 0 0.632304
 0 0.632305
 0 0.632306
 0 0.632306
 0 0.632306
 0 0.632307
 0 0.632308
 0 0.632313
 0 0.632313
 0 0.632313
 0 0.632314
 0 0.63232
 0 0.632323
 0 0.632324
 0 0.632342
 0 0.632355
 0 0.632357
 0 0.632357
 0 0.632357
 0 0.632359
 0 0.632363
 0 0.632363
 0 0.632365
 0 0.632365
 0 0.632384
 0 0.632395
 0 0.632405
 0 0.632408
 0 0.632411
 0 0.632427
 0 0.632428
 0 0.632428
 0 0.632428
 0 0.632428
 0 0.632429
 0 0.632438
 0 0.632438
 0 0.632438
 0 0.632444
 0 0.632444
 0 0.632446
 0 0.632447
 0 0.632448
 0 0.632449
 0 0.63245
 0 0.632455
 0 0.632458
 0 0.632464
 0 0.632466
 0 0.632466
 0 0.632467
 0 0.632467
 0 0.632474
 0 0.632474
 0 0.632476
 0 0.632476
 0 0.632476
 0 0.632482
 0 0.632482
 0 0.632482
 0 0.632482
 0 0.632483
 0 0.632487
 0 0.632489
 0 0.63249
 0 0.632503
 0 0.632503
 0 0.632504
 0 0.632508
 0 0.632509
 0 0.632509
 0 0.632509
 0 0.632509
 0 0.63251
 0 0.63251
 0 0.632511
 0 0.632512
 0 0.632512
 0 0.632512
 0 0.632514
 0 0.632525
 0 0.632526
 0 0.632526
 0 0.632539
 0 0.632539
 0 0.632541
 0 0.632542
 0 0.632547
 0 0.632548
 0 0.632558
 0 0.632559
 0 0.632561
 0 0.632561
 0 0.632561
 0 0.632563
 0 0.632571
 0 0.632571
 0 0.632571
 0 0.632573
 0 0.632573
 0 0.632574
 0 0.632578
 0 0.632581
 0 0.632581
 0 0.632596
 0 0.632596
 0 0.632596
 0 0.632598
 0 0.632598
 0 0.632601
 0 0.632601
 0 0.632604
 0 0.632604
 0 0.632605
 0 0.632605
 0 0.632605
 0 0.632605
 0 0.632607
 0 0.632609
 0 0.63261
 0 0.632611
 0 0.632611
 0 0.632616
 0 0.632616
 0 0.632618
 0 0.632618
 0 0.632619
 0 0.632623
 0 0.632623
 0 0.632623
 0 0.632623
 0 0.632623
 0 0.632627
 0 0.632629
 0 0.632636
 0 0.632639
 0 0.632641
 0 0.632642
 0 0.632642
 0 0.632644
 0 0.632648
 0 0.632651
 0 0.632652
 0 0.632653
 0 0.632656
 0 0.632656
 0 0.632681
 0 0.632682
 0 0.632689
 0 0.63269
 0 0.632692
 0 0.632693
 0 0.632698
 0 0.632698
 0 0.632698
 0 0.632701
 0 0.632703
 0 0.632706
 0 0.632712
 0 0.632712
 0 0.632714
 0 0.632714
 0 0.632716
 0 0.632719
 0 0.63272
 0 0.632724
 0 0.632725
 0 0.632728
 0 0.632728
 0 0.63273
 0 0.632732
 0 0.632732
 0 0.632733
 0 0.632735
 0 0.632736
 0 0.632736
 0 0.632736
 0 0.632736
 0 0.632737
 0 0.632737
 0 0.632737
 0 0.632737
 0 0.632737
 0 0.632737
 0 0.63274
 0 0.63274
 0 0.63274
 0 0.632744
 0 0.632744
 0 0.632745
 0 0.632747
 0 0.632749
 0 0.632753
 0 0.632778
 0 0.63278
 0 0.632785
 0 0.632786
 0 0.632791
 0 0.632792
 0 0.632792
 0 0.632793
 0 0.632798
 0 0.632798
 0 0.632798
 0 0.632799
 0 0.632811
 0 0.632817
 0 0.632818
 0 0.632818
 0 0.632819
 0 0.632819
 0 0.632829
 0 0.632831
 0 0.632832
 0 0.632834
 0 0.632835
 0 0.632838
 0 0.63284
 0 0.632848
 0 0.632854
 0 0.632856
 0 0.632858
 0 0.632862
 0 0.632863
 0 0.632864
 0 0.632867
 0 0.632869
 0 0.632869
 0 0.632874
 0 0.632874
 0 0.632879
 0 0.632879
 0 0.632879
 0 0.632879
 0 0.63288
 0 0.632883
 0 0.632887
 0 0.632891
 0 0.632892
 0 0.632893
 0 0.632893
 0 0.632894
 0 0.632894
 0 0.6329
 0 0.6329
 0 0.632902
 0 0.632908
 0 0.632911
 0 0.632914
 0 0.632917
 0 0.632918
 0 0.632924
 0 0.632937
 0 0.632938
 0 0.632938
 0 0.632946
 0 0.632951
 0 0.632951
 0 0.632953
 0 0.632954
 0 0.632955
 0 0.632958
 0 0.63296
 0 0.63296
 0 0.632964
 0 0.632966
 0 0.632966
 0 0.632966
 0 0.632969
 0 0.632976
 0 0.632976
 0 0.632976
 0 0.632977
 0 0.632978
 0 0.632978
 0 0.632987
 0 0.632987
 0 0.632987
 0 0.632987
 0 0.632988
 0 0.632988
 0 0.63299
 0 0.632992
 0 0.632994
 0 0.632994
 0 0.632994
 0 0.632999
 0 0.633005
 0 0.633005
 0 0.633013
 0 0.633021
 0 0.633022
 0 0.633023
 0 0.633023
 0 0.633023
 0 0.633023
 0 0.633024
 0 0.63303
 0 0.633031
 0 0.633037
 0 0.633037
 0 0.633037
 0 0.633042
 0 0.633044
 0 0.633048
 0 0.633049
 0 0.633055
 0 0.633055
 0 0.633055
 0 0.633056
 0 0.633056
 0 0.633058
 0 0.633059
 0 0.633061
 0 0.633066
 0 0.633066
 0 0.633067
 0 0.633067
 0 0.633067
 0 0.633068
 0 0.633069
 0 0.633071
 0 0.633071
 0 0.633072
 0 0.633072
 0 0.633073
 0 0.633074
 0 0.633074
 0 0.633075
 0 0.633075
 0 0.633075
 0 0.633076
 0 0.633076
 0 0.633076
 0 0.633088
 0 0.633088
 0 0.633089
 0 0.633097
 0 0.633098
 0 0.633098
 0 0.6331
 0 0.633102
 0 0.633103
 0 0.633103
 0 0.633105
 0 0.633115
 0 0.633116
 0 0.633122
 0 0.633124
 0 0.633125
 0 0.633126
 0 0.633127
 0 0.633127
 0 0.633127
 0 0.633128
 0 0.633128
 0 0.633129
 0 0.633129
 0 0.63313
 0 0.633132
 0 0.633132
 0 0.633139
 0 0.633139
 0 0.63314
 0 0.63314
 0 0.63314
 0 0.633144
 0 0.633146
 0 0.633146
 0 0.633146
 0 0.633147
 0 0.633148
 0 0.633153
 0 0.63316
 0 0.633161
 0 0.633161
 0 0.633161
 0 0.633162
 0 0.633166
 0 0.633166
 0 0.63317
 0 0.633185
 0 0.633185
 0 0.633185
 0 0.633196
 0 0.633198
 0 0.633199
 0 0.633199
 0 0.6332
 0 0.633204
 0 0.633204
 0 0.633204
 0 0.633205
 0 0.633206
 0 0.633206
 0 0.633207
 0 0.633209
 0 0.63321
 0 0.633211
 0 0.633221
 0 0.633221
 0 0.633221
 0 0.633221
 0 0.633225
 0 0.633225
 0 0.633228
 0 0.633228
 0 0.633228
 0 0.633235
 0 0.633242
 0 0.633244
 0 0.633244
 0 0.633248
 0 0.633248
 0 0.633248
 0 0.633253
 0 0.633254
 0 0.633254
 0 0.633256
 0 0.633258
 0 0.633259
 0 0.633264
 0 0.633266
 0 0.633266
 0 0.633271
 0 0.633273
 0 0.63328
 0 0.63328
 0 0.633282
 0 0.633285
 0 0.633285
 0 0.633286
 0 0.633286
 0 0.633288
 0 0.63329
 0 0.63329
 0 0.633298
 0 0.633298
 0 0.633298
 0 0.633298
 0 0.6333
 0 0.6333
 0 0.6333
 0 0.633302
 0 0.633302
 0 0.633303
 0 0.633305
 0 0.633315
 0 0.633317
 0 0.633318
 0 0.633319
 0 0.63332
 0 0.63332
 0 0.633328
 0 0.633328
 0 0.633328
 0 0.633329
 0 0.633331
 0 0.633332
 0 0.633335
 0 0.633336
 0 0.633336
 0 0.633338
 0 0.633344
 0 0.633346
 0 0.633346
 0 0.633346
 0 0.633348
 0 0.633349
 0 0.633349
 0 0.63335
 0 0.633354
 0 0.633356
 0 0.633357
 0 0.633357
 0 0.633357
 0 0.633358
 0 0.633363
 0 0.633363
 0 0.633363
 0 0.63337
 0 0.633373
 0 0.633375
 0 0.633376
 0 0.633376
 0 0.633383
 0 0.633384
 0 0.633384
 0 0.633385
 0 0.633388
 0 0.633388
 0 0.63339
 0 0.633391
 0 0.633391
 0 0.633392
 0 0.633393
 0 0.633394
 0 0.633394
 0 0.633398
 0 0.633404
 0 0.633412
 0 0.633413
 0 0.633414
 0 0.633421
 0 0.633422
 0 0.633422
 0 0.633422
 0 0.633423
 0 0.633423
 0 0.633423
 0 0.633424
 0 0.633425
 0 0.633426
 0 0.633426
 0 0.633427
 0 0.633427
 0 0.633429
 0 0.633429
 0 0.633431
 0 0.633432
 0 0.633434
 0 0.633435
 0 0.633435
 0 0.633435
 0 0.633438
 0 0.633439
 0 0.633441
 0 0.633443
 0 0.633443
 0 0.633443
 0 0.633443
 0 0.633445
 0 0.633446
 0 0.633446
 0 0.633447
 0 0.63345
 0 0.63345
 0 0.633452
 0 0.633453
 0 0.633454
 0 0.633455
 0 0.633456
 0 0.633458
 0 0.633461
 0 0.633472
 0 0.633474
 0 0.633474
 0 0.633474
 0 0.633476
 0 0.63348
 0 0.633483
 0 0.633483
 0 0.633483
 0 0.633486
 0 0.633489
 0 0.633489
 0 0.633489
 0 0.63349
 0 0.63349
 0 0.63349
 0 0.63349
 0 0.63349
 0 0.63349
 0 0.633493
 0 0.633508
 0 0.633509
 0 0.633509
 0 0.633509
 0 0.633512
 0 0.633516
 0 0.633519
 0 0.633519
 0 0.633519
 0 0.633519
 0 0.633519
 0 0.633519
 0 0.633521
 0 0.633521
 0 0.633523
 0 0.633524
 0 0.633524
 0 0.633525
 0 0.633529
 0 0.633529
 0 0.63353
 0 0.633531
 0 0.633532
 0 0.633533
 0 0.633533
 0 0.633534
 0 0.633535
 0 0.633535
 0 0.633535
 0 0.633535
 0 0.633535
 0 0.63354
 0 0.63354
 0 0.63354
 0 0.633542
 0 0.633543
 0 0.633543
 0 0.633543
 0 0.633544
 0 0.633546
 0 0.633546
 0 0.633546
 0 0.633546
 0 0.633546
 0 0.633546
 0 0.633546
 0 0.633548
 0 0.633549
 0 0.633549
 0 0.63355
 0 0.633551
 0 0.633552
 0 0.633552
 0 0.633554
 0 0.633554
 0 0.633563
 0 0.633568
 0 0.63357
 0 0.63357
 0 0.633572
 0 0.633572
 0 0.633572
 0 0.633575
 0 0.633576
 0 0.633577
 0 0.633577
 0 0.633582
 0 0.633582
 0 0.633584
 0 0.633584
 0 0.633584
 0 0.633585
 0 0.633585
 0 0.633586
 0 0.633598
 0 0.633598
 0 0.633599
 0 0.633599
 0 0.633601
 0 0.633602
 0 0.633609
 0 0.633614
 0 0.633615
 0 0.633618
 0 0.633624
 0 0.633624
 0 0.633626
 0 0.633627
 0 0.63363
 0 0.63363
 0 0.633631
 0 0.633632
 0 0.633633
 0 0.633633
 0 0.633633
 0 0.633634
 0 0.633635
 0 0.633635
 0 0.633635
 0 0.633638
 0 0.633639
 0 0.633645
 0 0.633646
 0 0.633646
 0 0.633646
 0 0.633647
 0 0.633647
 0 0.633649
 0 0.633653
 0 0.633656
 0 0.63366
 0 0.63366
 0 0.633662
 0 0.633662
 0 0.633662
 0 0.633663
 0 0.633665
 0 0.633666
 0 0.63367
 0 0.633671
 0 0.633672
 0 0.633672
 0 0.633674
 0 0.633675
 0 0.633675
 0 0.633675
 0 0.633682
 0 0.633683
 0 0.633683
 0 0.633683
 0 0.633686
 0 0.633686
 0 0.633689
 0 0.63369
 0 0.63369
 0 0.633691
 0 0.633692
 0 0.633692
 0 0.633694
 0 0.633696
 0 0.6337
 0 0.633703
 0 0.633712
 0 0.633712
 0 0.633712
 0 0.633715
 0 0.633715
 0 0.633727
 0 0.633739
 0 0.63374
 0 0.633747
 0 0.633747
 0 0.633747
 0 0.63375
 0 0.633752
 0 0.633752
 0 0.633753
 0 0.633753
 0 0.633754
 0 0.633754
 0 0.633754
 0 0.633754
 0 0.633755
 0 0.633756
 0 0.63376
 0 0.633761
 0 0.633762
 0 0.633763
 0 0.633764
 0 0.633765
 0 0.633767
 0 0.63377
 0 0.633771
 0 0.633773
 0 0.633773
 0 0.633773
 0 0.633773
 0 0.633775
 0 0.633777
 0 0.633777
 0 0.63378
 0 0.633786
 0 0.633789
 0 0.63379
 0 0.63379
 0 0.63379
 0 0.633792
 0 0.633792
 0 0.633792
 0 0.633796
 0 0.633797
 0 0.633799
 0 0.633801
 0 0.633801
 0 0.633803
 0 0.633803
 0 0.63381
 0 0.633811
 0 0.633812
 0 0.633813
 0 0.633813
 0 0.633813
 0 0.633814
 0 0.63382
 0 0.633825
 0 0.633827
 0 0.633828
 0 0.633831
 0 0.633831
 0 0.633833
 0 0.633835
 0 0.633836
 0 0.633836
 0 0.633837
 0 0.633837
 0 0.633841
 0 0.633842
 0 0.633845
 0 0.633846
 0 0.633846
 0 0.633846
 0 0.633847
 0 0.633849
 0 0.63385
 0 0.63385
 0 0.633854
 0 0.633856
 0 0.633857
 0 0.633857
 0 0.633859
 0 0.633859
 0 0.63386
 0 0.63386
 0 0.633863
 0 0.633864
 0 0.633864
 0 0.633864
 0 0.633864
 0 0.633864
 0 0.633864
 0 0.633865
 0 0.633866
 0 0.633866
 0 0.633871
 0 0.633871
 0 0.633871
 0 0.633872
 0 0.633872
 0 0.633872
 0 0.633873
 0 0.633873
 0 0.633874
 0 0.633876
 0 0.633878
 0 0.633882
 0 0.633883
 0 0.633883
 0 0.633886
 0 0.633886
 0 0.633887
 0 0.633888
 0 0.633888
 0 0.633889
 0 0.633889
 0 0.63389
 0 0.63389
 0 0.63389
 0 0.633891
 0 0.633892
 0 0.633893
 0 0.633893
 0 0.633904
 0 0.633905
 0 0.633905
 0 0.633907
 0 0.633907
 0 0.633907
 0 0.63391
 0 0.63391
 0 0.633911
 0 0.633913
 0 0.633913
 0 0.633913
 0 0.633913
 0 0.633913
 0 0.633915
 0 0.633919
 0 0.633919
 0 0.633919
 0 0.633924
 0 0.633925
 0 0.633925
 0 0.633926
 0 0.633941
 0 0.633941
 0 0.633944
 0 0.633944
 0 0.633944
 0 0.633944
 0 0.633945
 0 0.633945
 0 0.633949
 0 0.633953
 0 0.633954
 0 0.633954
 0 0.633954
 0 0.633955
 0 0.633955
 0 0.633956
 0 0.633957
 0 0.633959
 0 0.633959
 0 0.63396
 0 0.63396
 0 0.63396
 0 0.633961
 0 0.633961
 0 0.633963
 0 0.633967
 0 0.633971
 0 0.633972
 0 0.633972
 0 0.633974
 0 0.633976
 0 0.633983
 0 0.633983
 0 0.633985
 0 0.633985
 0 0.633985
 0 0.633985
 0 0.633986
 0 0.633987
 0 0.633987
 0 0.63399
 0 0.63399
 0 0.63399
 0 0.633992
 0 0.633993
 0 0.634001
 0 0.634001
 0 0.634002
 0 0.634004
 0 0.634006
 0 0.634007
 0 0.634009
 0 0.63401
 0 0.63401
 0 0.634014
 0 0.634014
 0 0.634014
 0 0.634017
 0 0.634018
 0 0.634023
 0 0.634023
 0 0.634023
 0 0.634023
 0 0.634024
 0 0.634027
 0 0.634028
 0 0.634028
 0 0.63403
 0 0.634037
 0 0.634038
 0 0.634039
 0 0.634039
 0 0.634041
 0 0.634043
 0 0.634045
 0 0.634046
 0 0.634046
 0 0.634047
 0 0.634047
 0 0.634047
 0 0.63405
 0 0.634052
 0 0.634052
 0 0.634056
 0 0.634062
 0 0.634065
 0 0.634066
 0 0.63407
 0 0.63407
 0 0.634071
 0 0.634073
 0 0.634073
 0 0.634073
 0 0.634078
 0 0.634078
 0 0.634078
 0 0.634079
 0 0.634079
 0 0.634087
 0 0.634088
 0 0.634092
 0 0.634094
 0 0.634094
 0 0.634094
 0 0.634098
 0 0.634101
 0 0.634106
 0 0.634108
 0 0.634109
 0 0.63411
 0 0.634117
 0 0.634117
 0 0.634124
 0 0.634128
 0 0.634129
 0 0.634132
 0 0.634132
 0 0.634133
 0 0.634133
 0 0.634133
 0 0.634134
 0 0.634134
 0 0.634136
 0 0.634136
 0 0.634137
 0 0.634137
 0 0.634138
 0 0.634138
 0 0.63414
 0 0.634141
 0 0.634142
 0 0.634142
 0 0.634144
 0 0.634145
 0 0.634145
 0 0.634148
 0 0.634148
 0 0.634148
 0 0.634151
 0 0.634152
 0 0.634152
 0 0.634153
 0 0.634155
 0 0.634155
 0 0.634158
 0 0.634164
 0 0.634165
 0 0.634165
 0 0.634167
 0 0.634168
 0 0.634169
 0 0.634169
 0 0.634169
 0 0.634169
 0 0.634175
 0 0.634176
 0 0.634177
 0 0.634178
 0 0.634179
 0 0.634181
 0 0.634183
 0 0.634187
 0 0.634189
 0 0.634192
 0 0.634192
 0 0.634195
 0 0.634195
 0 0.634205
 0 0.634206
 0 0.634207
 0 0.634209
 0 0.634213
 0 0.634225
 0 0.634225
 0 0.634227
 0 0.634229
 0 0.634229
 0 0.634229
 0 0.63423
 0 0.634233
 0 0.634233
 0 0.634233
 0 0.634234
 0 0.634235
 0 0.634237
 0 0.63424
 0 0.63424
 0 0.63424
 0 0.63424
 0 0.63424
 0 0.63424
 0 0.634241
 0 0.634241
 0 0.634242
 0 0.634242
 0 0.634243
 0 0.634244
 0 0.634246
 0 0.634246
 0 0.63425
 0 0.634251
 0 0.634252
 0 0.634252
 0 0.634252
 0 0.634252
 0 0.634252
 0 0.634252
 0 0.634252
 0 0.634253
 0 0.634253
 0 0.634253
 0 0.634253
 0 0.634254
 0 0.634256
 0 0.634257
 0 0.634258
 0 0.634259
 0 0.634259
 0 0.634262
 0 0.634262
 0 0.634263
 0 0.634264
 0 0.634264
 0 0.634268
 0 0.634269
 0 0.634269
 0 0.63427
 0 0.634272
 0 0.634272
 0 0.634272
 0 0.634272
 0 0.634278
 0 0.634279
 0 0.634282
 0 0.634282
 0 0.634282
 0 0.634282
 0 0.634282
 0 0.634283
 0 0.634283
 0 0.634289
 0 0.634297
 0 0.6343
 0 0.6343
 0 0.634301
 0 0.634304
 0 0.634304
 0 0.634305
 0 0.634305
 0 0.634306
 0 0.634306
 0 0.634314
 0 0.634316
 0 0.634316
 0 0.634316
 0 0.634317
 0 0.634318
 0 0.634319
 0 0.634319
 0 0.634323
 0 0.634323
 0 0.634326
 0 0.634326
 0 0.634328
 0 0.634329
 0 0.634329
 0 0.63433
 0 0.63433
 0 0.634333
 0 0.634337
 0 0.634338
 0 0.634339
 0 0.63434
 0 0.63434
 0 0.634341
 0 0.634341
 0 0.634342
 0 0.634342
 0 0.634342
 0 0.634342
 0 0.634345
 0 0.634346
 0 0.634346
 0 0.634349
 0 0.634349
 0 0.634349
 0 0.634352
 0 0.634353
 0 0.634359
 0 0.634361
 0 0.634363
 0 0.63437
 0 0.634372
 0 0.634377
 0 0.634379
 0 0.634388
 0 0.634389
 0 0.634391
 0 0.634392
 0 0.634392
 0 0.634393
 0 0.634395
 0 0.634395
 0 0.634395
 0 0.634395
 0 0.634395
 0 0.634395
 0 0.634398
 0 0.634401
 0 0.634401
 0 0.634404
 0 0.634405
 0 0.634407
 0 0.634407
 0 0.634408
 0 0.634408
 0 0.634411
 0 0.634414
 0 0.634415
 0 0.634416
 0 0.634417
 0 0.634417
 0 0.634418
 0 0.634419
 0 0.634419
 0 0.63442
 0 0.63442
 0 0.634421
 0 0.634422
 0 0.634422
 0 0.634424
 0 0.634427
 0 0.634428
 0 0.634429
 0 0.634429
 0 0.634429
 0 0.634429
 0 0.634432
 0 0.634433
 0 0.634434
 0 0.634435
 0 0.634435
 0 0.634435
 0 0.634435
 0 0.634435
 0 0.634435
 0 0.634436
 0 0.634436
 0 0.634437
 0 0.634438
 0 0.634438
 0 0.634439
 0 0.634439
 0 0.63444
 0 0.63444
 0 0.634441
 0 0.634441
 0 0.634441
 0 0.634446
 0 0.634447
 0 0.634448
 0 0.634448
 0 0.634449
 0 0.634449
 0 0.634452
 0 0.634453
 0 0.634468
 0 0.634471
 0 0.634471
 0 0.634471
 0 0.634471
 0 0.634472
 0 0.634479
 0 0.634483
 0 0.634483
 0 0.634483
 0 0.634483
 0 0.634483
 0 0.634486
 0 0.634487
 0 0.634487
 0 0.634487
 0 0.634499
 0 0.634503
 0 0.634504
 0 0.634504
 0 0.634504
 0 0.634504
 0 0.634505
 0 0.634505
 0 0.634505
 0 0.634505
 0 0.634506
 0 0.634508
 0 0.634509
 0 0.634511
 0 0.634511
 0 0.634513
 0 0.634513
 0 0.634518
 0 0.634518
 0 0.634518
 0 0.634519
 0 0.634525
 0 0.634525
 0 0.634527
 0 0.634527
 0 0.634527
 0 0.634534
 0 0.634535
 0 0.634546
 0 0.634546
 0 0.634547
 0 0.634548
 0 0.634556
 0 0.634556
 0 0.634559
 0 0.634561
 0 0.634562
 0 0.634566
 0 0.634566
 0 0.634567
 0 0.634569
 0 0.634569
 0 0.634569
 0 0.634569
 0 0.634573
 0 0.634573
 0 0.634575
 0 0.634575
 0 0.634575
 0 0.634575
 0 0.634576
 0 0.634577
 0 0.634578
 0 0.634587
 0 0.634597
 0 0.634599
 0 0.634599
 0 0.6346
 0 0.6346
 0 0.634601
 0 0.634602
 0 0.634604
 0 0.634605
 0 0.634607
 0 0.634607
 0 0.63461
 0 0.634612
 0 0.634612
 0 0.634612
 0 0.634612
 0 0.634614
 0 0.634616
 0 0.634618
 0 0.634618
 0 0.634622
 0 0.634622
 0 0.634623
 0 0.634624
 0 0.634625
 0 0.634629
 0 0.634632
 0 0.634632
 0 0.634633
 0 0.634637
 0 0.634637
 0 0.634637
 0 0.634637
 0 0.634637
 0 0.634646
 0 0.634647
 0 0.634648
 0 0.634648
 0 0.634648
 0 0.63465
 0 0.634653
 0 0.634654
 0 0.634654
 0 0.634655
 0 0.634655
 0 0.634655
 0 0.634655
 0 0.634656
 0 0.634657
 0 0.634657
 0 0.634657
 0 0.634659
 0 0.63466
 0 0.634665
 0 0.634666
 0 0.634666
 0 0.634667
 0 0.634668
 0 0.634669
 0 0.634672
 0 0.634672
 0 0.634672
 0 0.634673
 0 0.634673
 0 0.634673
 0 0.634673
 0 0.63468
 0 0.634686
 0 0.634686
 0 0.634686
 0 0.634687
 0 0.63469
 0 0.634691
 0 0.634693
 0 0.634693
 0 0.634693
 0 0.634695
 0 0.634697
 0 0.634697
 0 0.634698
 0 0.634698
 0 0.634699
 0 0.634705
 0 0.634705
 0 0.634705
 0 0.634707
 0 0.634708
 0 0.63471
 0 0.634712
 0 0.634712
 0 0.634713
 0 0.634713
 0 0.634713
 0 0.634714
 0 0.634714
 0 0.634727
 0 0.634727
 0 0.634731
 0 0.634731
 0 0.634731
 0 0.634731
 0 0.634732
 0 0.634732
 0 0.634733
 0 0.634735
 0 0.634736
 0 0.634738
 0 0.634741
 0 0.634742
 0 0.634745
 0 0.634746
 0 0.634746
 0 0.634747
 0 0.634748
 0 0.634748
 0 0.63475
 0 0.634756
 0 0.634759
 0 0.634768
 0 0.634778
 0 0.63478
 0 0.63478
 0 0.63478
 0 0.63478
 0 0.634781
 0 0.634782
 0 0.634783
 0 0.634788
 0 0.634788
 0 0.63479
 0 0.63479
 0 0.634791
 0 0.634792
 0 0.634797
 0 0.634797
 0 0.634799
 0 0.6348
 0 0.634801
 0 0.634801
 0 0.634801
 0 0.634801
 0 0.634803
 0 0.634805
 0 0.634805
 0 0.634805
 0 0.634807
 0 0.634807
 0 0.634808
 0 0.634808
 0 0.63481
 0 0.634811
 0 0.634813
 0 0.634813
 0 0.634815
 0 0.634815
 0 0.634816
 0 0.634818
 0 0.634818
 0 0.634818
 0 0.634819
 0 0.63482
 0 0.63482
 0 0.634821
 0 0.634821
 0 0.634822
 0 0.634825
 0 0.634825
 0 0.634829
 0 0.63483
 0 0.63483
 0 0.63483
 0 0.634832
 0 0.634832
 0 0.634833
 0 0.634833
 0 0.634833
 0 0.634834
 0 0.634836
 0 0.634837
 0 0.634838
 0 0.634842
 0 0.634842
 0 0.634843
 0 0.634851
 0 0.634855
 0 0.634858
 0 0.63486
 0 0.634862
 0 0.634862
 0 0.634865
 0 0.634871
 0 0.634872
 0 0.634872
 0 0.634877
 0 0.63488
 0 0.63488
 0 0.63488
 0 0.634882
 0 0.634882
 0 0.634882
 0 0.634886
 0 0.634887
 0 0.634888
 0 0.634888
 0 0.634889
 0 0.634889
 0 0.634889
 0 0.634889
 0 0.634896
 0 0.634896
 0 0.634897
 0 0.634897
 0 0.634898
 0 0.634899
 0 0.634901
 0 0.634902
 0 0.634906
 0 0.634906
 0 0.634907
 0 0.634909
 0 0.634911
 0 0.634912
 0 0.634912
 0 0.634917
 0 0.634917
 0 0.634919
 0 0.634925
 0 0.634927
 0 0.634928
 0 0.634937
 0 0.634937
 0 0.634939
 0 0.63494
 0 0.634944
 0 0.634949
 0 0.634949
 0 0.634949
 0 0.634949
 0 0.634951
 0 0.634952
 0 0.634953
 0 0.634953
 0 0.634953
 0 0.634954
 0 0.634954
 0 0.634955
 0 0.634959
 0 0.634961
 0 0.634964
 0 0.634965
 0 0.634965
 0 0.634966
 0 0.634967
 0 0.63497
 0 0.634975
 0 0.634985
 0 0.634987
 0 0.634987
 0 0.634988
 0 0.63499
 0 0.634991
 0 0.634994
 0 0.634994
 0 0.634996
 0 0.634998
 0 0.634998
 0 0.634998
 0 0.635
 0 0.635001
 0 0.635003
 0 0.635003
 0 0.635008
 0 0.635011
 0 0.635012
 0 0.635012
 0 0.635012
 0 0.635013
 0 0.635014
 0 0.635015
 0 0.635015
 0 0.635017
 0 0.635018
 0 0.635019
 0 0.635019
 0 0.63502
 0 0.63502
 0 0.63502
 0 0.635022
 0 0.635022
 0 0.635022
 0 0.635024
 0 0.635026
 0 0.635026
 0 0.635027
 0 0.635029
 0 0.635029
 0 0.635029
 0 0.635035
 0 0.635035
 0 0.635039
 0 0.635041
 0 0.635041
 0 0.635042
 0 0.635043
 0 0.63505
 0 0.635051
 0 0.635051
 0 0.635052
 0 0.635065
 0 0.635065
 0 0.635072
 0 0.635075
 0 0.635085
 0 0.635088
 0 0.635089
 0 0.635093
 0 0.635093
 0 0.635096
 0 0.635097
 0 0.635097
 0 0.635098
 0 0.635098
 0 0.635098
 0 0.635099
 0 0.635101
 0 0.635103
 0 0.635104
 0 0.635106
 0 0.635108
 0 0.635108
 0 0.635109
 0 0.63511
 0 0.635111
 0 0.635112
 0 0.635112
 0 0.635116
 0 0.635121
 0 0.635124
 0 0.635124
 0 0.635125
 0 0.635128
 0 0.63513
 0 0.63513
 0 0.63513
 0 0.63513
 0 0.63513
 0 0.635131
 0 0.635135
 0 0.635135
 0 0.635137
 0 0.63514
 0 0.635142
 0 0.635144
 0 0.635147
 0 0.635148
 0 0.63515
 0 0.635151
 0 0.635152
 0 0.635152
 0 0.635153
 0 0.635153
 0 0.635155
 0 0.635156
 0 0.635158
 0 0.635159
 0 0.635163
 0 0.635165
 0 0.635172
 0 0.635175
 0 0.635179
 0 0.635179
 0 0.63518
 0 0.635181
 0 0.635182
 0 0.635183
 0 0.635184
 0 0.635188
 0 0.635189
 0 0.635189
 0 0.635189
 0 0.635189
 0 0.63519
 0 0.635195
 0 0.635197
 0 0.635203
 0 0.635204
 0 0.635205
 0 0.635206
 0 0.635206
 0 0.635206
 0 0.635206
 0 0.635206
 0 0.635209
 0 0.635209
 0 0.635215
 0 0.635216
 0 0.635217
 0 0.635217
 0 0.635217
 0 0.635218
 0 0.635218
 0 0.635226
 0 0.63523
 0 0.63524
 0 0.63524
 0 0.635241
 0 0.635251
 0 0.635253
 0 0.635254
 0 0.635255
 0 0.635258
 0 0.635258
 0 0.635259
 0 0.63526
 0 0.635272
 0 0.635272
 0 0.635274
 0 0.635278
 0 0.635278
 0 0.635278
 0 0.635278
 0 0.63528
 0 0.63528
 0 0.635281
 0 0.635284
 0 0.635284
 0 0.635284
 0 0.635284
 0 0.635285
 0 0.635288
 0 0.63529
 0 0.6353
 0 0.6353
 0 0.635305
 0 0.635305
 0 0.635311
 0 0.635312
 0 0.635314
 0 0.635318
 0 0.635318
 0 0.635318
 0 0.635318
 0 0.635319
 0 0.635319
 0 0.635331
 0 0.635332
 0 0.635335
 0 0.635341
 0 0.635341
 0 0.635343
 0 0.635343
 0 0.635344
 0 0.635345
 0 0.635345
 0 0.635348
 0 0.635354
 0 0.635354
 0 0.635354
 0 0.635358
 0 0.635358
 0 0.635361
 0 0.635361
 0 0.635363
 0 0.635365
 0 0.635366
 0 0.635368
 0 0.635371
 0 0.635372
 0 0.635373
 0 0.635373
 0 0.635374
 0 0.63538
 0 0.63538
 0 0.635381
 0 0.635382
 0 0.635384
 0 0.635385
 0 0.63539
 0 0.635391
 0 0.635391
 0 0.635396
 0 0.635396
 0 0.635402
 0 0.635402
 0 0.635402
 0 0.635404
 0 0.635405
 0 0.635412
 0 0.635412
 0 0.635413
 0 0.635416
 0 0.635416
 0 0.635425
 0 0.635429
 0 0.635435
 0 0.635437
 0 0.635437
 0 0.63544
 0 0.63544
 0 0.63544
 0 0.635447
 0 0.63545
 0 0.63545
 0 0.63546
 0 0.63546
 0 0.635469
 0 0.635477
 0 0.6355
 0 0.6355
 0 0.6355
 0 0.6355
 0 0.635502
 0 0.635503
 0 0.635503
 0 0.635503
 0 0.635503
 0 0.635505
 0 0.635506
 0 0.635509
 0 0.635516
 0 0.635517
 0 0.635518
 0 0.635524
 0 0.635528
 0 0.635547
 0 0.635554
 0 0.635555
 0 0.635555
 0 0.635559
 0 0.635568
 0 0.635569
 0 0.63557
 0 0.635571
 0 0.635572
 0 0.635572
 0 0.635575
 0 0.635582
 0 0.635583
 0 0.635588
 0 0.635588
 0 0.635595
 0 0.635596
 0 0.6356
 0 0.6356
 0 0.6356
 0 0.63561
 0 0.635614
 0 0.635615
 0 0.635615
 0 0.635616
 0 0.635618
 0 0.635618
 0 0.635618
 0 0.63562
 0 0.63562
 0 0.635621
 0 0.635624
 0 0.63564
 0 0.63564
 0 0.63564
 0 0.635642
 0 0.635643
 0 0.635643
 0 0.635644
 0 0.635645
 0 0.635645
 0 0.635658
 0 0.635661
 0 0.635667
 0 0.635674
 0 0.635675
 0 0.635675
 0 0.63569
 0 0.63569
 0 0.63569
 0 0.635707
 0 0.635716
 0 0.63572
 0 0.635726
 0 0.635727
 0 0.635736
 0 0.635737
 0 0.635737
 0 0.63574
 0 0.63574
 0 0.635743
 0 0.635745
 0 0.635753
 0 0.635753
 0 0.635754
 0 0.635755
 0 0.635759
 0 0.635761
 0 0.635761
 0 0.635761
 0 0.635762
 0 0.635763
 0 0.635766
 0 0.635777
 0 0.635778
 0 0.635778
 0 0.635779
 0 0.635779
 0 0.63578
 0 0.635781
 0 0.635782
 0 0.635782
 0 0.635789
 0 0.63579
 0 0.63579
 0 0.63579
 0 0.635795
 0 0.635804
 0 0.635813
 0 0.635824
 0 0.635832
 0 0.635832
 0 0.635833
 0 0.635835
 0 0.635895
 0 0.635896
 0 0.635898
 0 0.635899
 0 0.635902
 0 0.635903
 0 0.635905
 0 0.635912
 0 0.635912
 0 0.63592
 0 0.635921
 0 0.635938
 0 0.63594
 0 0.635952
 0 0.635952
 0 0.635952
 0 0.635977
 0 0.635978
 0 0.635978
 0 0.63598
 0 0.635981
 0 0.635985
 0 0.635992
 0 0.636032
 0 0.63608
 0 0.636081
 0 0.636081
 0 0.636082
 0 0.636083
 0 0.636083
 0 0.636084
 0 0.636084
 0 0.636084
 0 0.636125
 0 0.636125
 0 0.636128
 0 0.63613
 0 0.636143
 0 0.636146
 0 0.636157
 0 0.636163
 0 0.636164
 0 0.636166
 0 0.636184
 0 0.636196
 0 0.636203
 0 0.636214
 0 0.636219
 0 0.636222
 0 0.63623
 0 0.636239
 0 0.636248
 0 0.63625
 0 0.636257
 0 0.636259
 0 0.636291
 0 0.636302
 0 0.636303
 0 0.636304
 0 0.636304
 0 0.636356
 0 0.636368
 0 0.636373
 0 0.636388
 0 0.636408
 0 0.636408
 0 0.636416
 0 0.636416
 0 0.636418
 0 0.636418
 0 0.63642
 0 0.63643
 0 0.63643
 0 0.636482
 0 0.63649
 0 0.636491
 0 0.636492
 0 0.636506
 0 0.636507
 0 0.636509
 0 0.636509
 0 0.636514
 0 0.636532
 0 0.636537
 0 0.636547
 0 0.636548
 0 0.636571
 0 0.636594
 0 0.636594
 0 0.636599
 0 0.636623
 0 0.636624
 0 0.636624
 0 0.636625
 0 0.636626
 0 0.636626
 0 0.636626
 0 0.636629
 0 0.636629
 0 0.636632
 0 0.636633
 0 0.636648
 0 0.636649
 0 0.636653
 0 0.636701
 0 0.636702
 0 0.636702
 0 0.636727
 0 0.636727
 0 0.63673
 0 0.636757
 0 0.636838
 0 0.636838
 0 0.636839
 0 0.636927
 0 0.636927
 0 0.636928
 0 0.636958
 0 0.636961
 0 0.636971
 0 0.636972
 0 0.636972
 0 0.636974
 0 0.637045
 0 0.637108
 0 0.637207
 0 0.63721
 0 0.637239
 0 0.637239
 0 0.637239
 0 0.63724
 0 0.637318
 0 0.637318
 0 0.637345
 0 0.637398
 0 0.637463
 0 0.637604
 0 0.637604
 0 0.637631
 0 0.637795
 0 0.637942
 0 0.637988
 0 0.637988
 0 0.638208
 0 0.638209
 0 0.638228
 0 0.638229
 0 0.63823
 0 0.638318
 0 0.638318
 0 0.638584
 0 0.638584
 0 0.638592
 0 0.638613
 0 0.638887
 0 0.638938
 0 0.639023
 0 0.639032
 0 0.639034
 0 0.639094
 0 0.639094
 0 0.639263
 0 0.639279
 0 0.639628
 0 0.639702
 0 0.639726
 0 0.639729
 0 0.639822
 0 0.639823
 0 0.640028
 0 0.64003
 0 0.640155
 0 0.640155
 0 0.640156
 0 0.640157
 0 0.640157
 0 0.640215
 0 0.640216
 0 0.640315
 0 0.64035
 0 0.64035
 0 0.640716
 0 0.640718
 0 0.640874
 0 0.640875
 0 0.640875
 0 0.641113
 0 0.641113
 0 0.641114
 0 0.64141
 0 0.641602
 0 0.641602
 0 0.641603
 0 0.641677
 0 0.641681
 0 0.641717
 0 0.641717
 0 1.83729
 0 1.83729
 0 1.83729
 0 1.83729
 0 1.83762
 0 1.83762
 0 inf
