 0 0.493691
 0 0.493691
 0 0.494049
 0 0.494049
 0 0.49405
 0 0.49405
 0 0.494875
 0 0.494875
 0 0.494875
 0 0.495131
 0 0.496166
 0 0.496166
 0 0.623091
 0 0.623091
 0 0.623816
 0 0.624126
 0 0.624127
 0 0.624127
 0 0.624322
 0 0.62443
 0 0.62443
 0 0.624575
 0 0.624682
 0 0.624682
 0 0.625457
 0 0.625457
 0 0.625458
 0 0.625458
 0 0.625697
 0 0.625958
 0 0.62596
 0 0.62596
 0 0.626095
 0 0.626095
 0 0.626095
 0 0.626487
 0 0.626487
 0 0.626635
 0 0.626695
 0 0.626695
 0 0.626791
 0 0.626958
 0 0.627006
 0 0.62709
 0 0.62719
 0 0.627191
 0 0.627191
 0 0.627259
 0 0.627458
 0 0.627768
 0 0.627781
 0 0.627782
 0 0.62781
 0 0.62781
 0 0.627962
 0 0.627964
 0 0.628061
 0 0.628061
 0 0.628176
 0 0.628176
 0 0.62828
 0 0.628282
 0 0.628303
 0 0.628304
 0 0.628335
 0 0.628367
 0 0.628395
 0 0.628415
 0 0.628488
 0 0.628525
 0 0.628525
 0 0.628525
 0 0.628575
 0 0.628576
 0 0.628601
 0 0.628748
 0 0.628771
 0 0.628772
 0 0.628798
 0 0.62887
 0 0.628879
 0 0.628886
 0 0.628887
 0 0.628909
 0 0.628965
 0 0.629115
 0 0.629115
 0 0.629134
 0 0.629134
 0 0.629143
 0 0.629144
 0 0.629144
 0 0.629146
 0 0.629147
 0 0.629147
 0 0.629147
 0 0.629148
 0 0.629148
 0 0.629149
 0 0.629161
 0 0.629165
 0 0.629203
 0 0.629223
 0 0.629224
 0 0.629242
 0 0.629243
 0 0.629264
 0 0.629264
 0 0.629306
 0 0.629318
 0 0.629391
 0 0.629394
 0 0.629394
 0 0.629412
 0 0.629415
 0 0.629415
 0 0.629459
 0 0.629459
 0 0.62947
 0 0.629516
 0 0.629516
 0 0.62957
 0 0.629584
 0 0.629584
 0 0.629586
 0 0.629586
 0 0.629588
 0 0.629588
 0 0.629603
 0 0.629605
 0 0.629606
 0 0.629619
 0 0.629642
 0 0.629642
 0 0.629671
 0 0.62968
 0 0.62968
 0 0.629683
 0 0.629683
 0 0.629683
 0 0.629683
 0 0.629683
 0 0.629683
 0 0.629709
 0 0.62971
 0 0.62971
 0 0.62971
 0 0.629715
 0 0.629716
 0 0.629716
 0 0.629801
 0 0.629815
 0 0.629838
 0 0.629838
 0 0.629923
 0 0.629923
 0 0.629924
 0 0.629924
 0 0.629924
 0 0.629924
 0 0.62994
 0 0.62994
 0 0.62994
 0 0.629996
 0 0.629999
 0 0.630014
 0 0.630023
 0 0.630027
 0 0.630027
 0 0.630035
 0 0.630036
 0 0.63004
 0 0.630048
 0 0.630052
 0 0.630052
 0 0.630087
 0 0.630096
 0 0.630097
 0 0.630105
 0 0.630108
 0 0.630109
 0 0.630115
 0 0.630115
 0 0.630115
 0 0.630116
 0 0.630116
 0 0.630171
 0 0.630171
 0 0.630185
 0 0.630185
 0 0.63019
 0 0.63019
 0 0.630208
 0 0.630208
 0 0.630209
 0 0.630209
 0 0.63021
 0 0.630216
 0 0.630217
 0 0.630219
 0 0.630219
 0 0.630226
 0 0.630251
 0 0.630252
 0 0.630252
 0 0.630259
 0 0.630259
 0 0.630259
 0 0.630267
 0 0.630268
 0 0.630268
 0 0.630268
 0 0.630268
 0 0.630268
 0 0.63027
 0 0.630302
 0 0.630309
 0 0.630338
 0 0.630358
 0 0.630383
 0 0.630385
 0 0.630398
 0 0.630423
 0 0.630424
 0 0.630429
 0 0.630459
 0 0.630461
 0 0.630461
 0 0.630462
 0 0.630462
 0 0.630462
 0 0.630498
 0 0.630499
 0 0.630516
 0 0.630518
 0 0.630518
 0 0.630518
 0 0.630518
 0 0.630518
 0 0.630524
 0 0.630524
 0 0.630525
 0 0.630525
 0 0.630525
 0 0.630572
 0 0.630606
 0 0.630606
 0 0.630606
 0 0.630612
 0 0.630613
 0 0.630613
 0 0.630614
 0 0.630614
 0 0.630626
 0 0.630637
 0 0.630637
 0 0.630638
 0 0.630638
 0 0.630696
 0 0.630696
 0 0.630721
 0 0.630721
 0 0.630754
 0 0.630754
 0 0.630754
 0 0.630754
 0 0.630754
 0 0.630759
 0 0.63076
 0 0.63076
 0 0.630769
 0 0.630806
 0 0.630807
 0 0.630874
 0 0.630877
 0 0.630896
 0 0.630896
 0 0.630918
 0 0.630929
 0 0.63093
 0 0.63093
 0 0.630943
 0 0.630943
 0 0.630943
 0 0.630944
 0 0.63098
 0 0.630987
 0 0.63099
 0 0.630997
 0 0.631
 0 0.631001
 0 0.631014
 0 0.631015
 0 0.631029
 0 0.631061
 0 0.631063
 0 0.631074
 0 0.631074
 0 0.631086
 0 0.631086
 0 0.631087
 0 0.631104
 0 0.631105
 0 0.631106
 0 0.631127
 0 0.631127
 0 0.631127
 0 0.631128
 0 0.631128
 0 0.631129
 0 0.631145
 0 0.631145
 0 0.631153
 0 0.631153
 0 0.631154
 0 0.631157
 0 0.631179
 0 0.631192
 0 0.631192
 0 0.631207
 0 0.631207
 0 0.631225
 0 0.631226
 0 0.631235
 0 0.631235
 0 0.631236
 0 0.631248
 0 0.631266
 0 0.631267
 0 0.631267
 0 0.631272
 0 0.631324
 0 0.631324
 0 0.631324
 0 0.631348
 0 0.631404
 0 0.631432
 0 0.631432
 0 0.631432
 0 0.631472
 0 0.631473
 0 0.631491
 0 0.631498
 0 0.631513
 0 0.631513
 0 0.631513
 0 0.631513
 0 0.63152
 0 0.631523
 0 0.631523
 0 0.631523
 0 0.631523
 0 0.631524
 0 0.631535
 0 0.631571
 0 0.631572
 0 0.631583
 0 0.631589
 0 0.631589
 0 0.631624
 0 0.631624
 0 0.63163
 0 0.631649
 0 0.631649
 0 0.631649
 0 0.631667
 0 0.631667
 0 0.631668
 0 0.631711
 0 0.631711
 0 0.631711
 0 0.631711
 0 0.631715
 0 0.631715
 0 0.631717
 0 0.631718
 0 0.631723
 0 0.631723
 0 0.631723
 0 0.631735
 0 0.631735
 0 0.631751
 0 0.631752
 0 0.631775
 0 0.631827
 0 0.631827
 0 0.631828
 0 0.631829
 0 0.631829
 0 0.631832
 0 0.631837
 0 0.631838
 0 0.631846
 0 0.631856
 0 0.631856
 0 0.63188
 0 0.63188
 0 0.63188
 0 0.631888
 0 0.631888
 0 0.631889
 0 0.631889
 0 0.631889
 0 0.631889
 0 0.631895
 0 0.631895
 0 0.631901
 0 0.631901
 0 0.631902
 0 0.631902
 0 0.631902
 0 0.631915
 0 0.631915
 0 0.631925
 0 0.631925
 0 0.631926
 0 0.631926
 0 0.631926
 0 0.631934
 0 0.631939
 0 0.631939
 0 0.63194
 0 0.631941
 0 0.631941
 0 0.631951
 0 0.631977
 0 0.631977
 0 0.631991
 0 0.631992
 0 0.631996
 0 0.631997
 0 0.632023
 0 0.632023
 0 0.632049
 0 0.632052
 0 0.632052
 0 0.632054
 0 0.632055
 0 0.632055
 0 0.632055
 0 0.632055
 0 0.632066
 0 0.632067
 0 0.632093
 0 0.632093
 0 0.632105
 0 0.632114
 0 0.632117
 0 0.632134
 0 0.632134
 0 0.632134
 0 0.632135
 0 0.632146
 0 0.63215
 0 0.63215
 0 0.632158
 0 0.632158
 0 0.632187
 0 0.632188
 0 0.632205
 0 0.632205
 0 0.632205
 0 0.632205
 0 0.632206
 0 0.632213
 0 0.63223
 0 0.63223
 0 0.632245
 0 0.632272
 0 0.632272
 0 0.632272
 0 0.632274
 0 0.632274
 0 0.632277
 0 0.632277
 0 0.632277
 0 0.632281
 0 0.632281
 0 0.632285
 0 0.632287
 0 0.632292
 0 0.632301
 0 0.632302
 0 0.632311
 0 0.632312
 0 0.632312
 0 0.632312
 0 0.632312
 0 0.632318
 0 0.632329
 0 0.632338
 0 0.632357
 0 0.632357
 0 0.632358
 0 0.632365
 0 0.632365
 0 0.632371
 0 0.632381
 0 0.632381
 0 0.632381
 0 0.632394
 0 0.632395
 0 0.632396
 0 0.6324
 0 0.63242
 0 0.632421
 0 0.632421
 0 0.632422
 0 0.632427
 0 0.632435
 0 0.632435
 0 0.632435
 0 0.632436
 0 0.632436
 0 0.63245
 0 0.632451
 0 0.632451
 0 0.632456
 0 0.632457
 0 0.632457
 0 0.632471
 0 0.632477
 0 0.632477
 0 0.632485
 0 0.632485
 0 0.632494
 0 0.632495
 0 0.632495
 0 0.632495
 0 0.632495
 0 0.632495
 0 0.632495
 0 0.632495
 0 0.632496
 0 0.632497
 0 0.632497
 0 0.632498
 0 0.632498
 0 0.632499
 0 0.632499
 0 0.632499
 0 0.632499
 0 0.632499
 0 0.632514
 0 0.632536
 0 0.632554
 0 0.632555
 0 0.632561
 0 0.632561
 0 0.63257
 0 0.63259
 0 0.632653
 0 0.63266
 0 0.632672
 0 0.632672
 0 0.632672
 0 0.632682
 0 0.632683
 0 0.632703
 0 0.632703
 0 0.632703
 0 0.632703
 0 0.632703
 0 0.632705
 0 0.632705
 0 0.632722
 0 0.632722
 0 0.632722
 0 0.632732
 0 0.632732
 0 0.632735
 0 0.632735
 0 0.63274
 0 0.632741
 0 0.632741
 0 0.632744
 0 0.632744
 0 0.632778
 0 0.632788
 0 0.632791
 0 0.632795
 0 0.632796
 0 0.632796
 0 0.632812
 0 0.632813
 0 0.632813
 0 0.632826
 0 0.632826
 0 0.632828
 0 0.632829
 0 0.63283
 0 0.632831
 0 0.632833
 0 0.632836
 0 0.632836
 0 0.632843
 0 0.632843
 0 0.632845
 0 0.632845
 0 0.632867
 0 0.632867
 0 0.632867
 0 0.632875
 0 0.632881
 0 0.632882
 0 0.632889
 0 0.632889
 0 0.6329
 0 0.632908
 0 0.632916
 0 0.632924
 0 0.632928
 0 0.632929
 0 0.632931
 0 0.632945
 0 0.632963
 0 0.632969
 0 0.632975
 0 0.632975
 0 0.632995
 0 0.633001
 0 0.633002
 0 0.633002
 0 0.633002
 0 0.633004
 0 0.633016
 0 0.633027
 0 0.633032
 0 0.633032
 0 0.633034
 0 0.633051
 0 0.633051
 0 0.633051
 0 0.633051
 0 0.633051
 0 0.633063
 0 0.633069
 0 0.633069
 0 0.633069
 0 0.633073
 0 0.633078
 0 0.633089
 0 0.633089
 0 0.633089
 0 0.633089
 0 0.633092
 0 0.633095
 0 0.633095
 0 0.633116
 0 0.633116
 0 0.633121
 0 0.633124
 0 0.633124
 0 0.633124
 0 0.633124
 0 0.63313
 0 0.63313
 0 0.633131
 0 0.633132
 0 0.633139
 0 0.633156
 0 0.633167
 0 0.633169
 0 0.633169
 0 0.633169
 0 0.633213
 0 0.633213
 0 0.633213
 0 0.633217
 0 0.633217
 0 0.633218
 0 0.633218
 0 0.633219
 0 0.633225
 0 0.633225
 0 0.633231
 0 0.633231
 0 0.633231
 0 0.633232
 0 0.633258
 0 0.633259
 0 0.633263
 0 0.633263
 0 0.633285
 0 0.633286
 0 0.633286
 0 0.633287
 0 0.633288
 0 0.633288
 0 0.633288
 0 0.633294
 0 0.633305
 0 0.633305
 0 0.63331
 0 0.63331
 0 0.633334
 0 0.633334
 0 0.633343
 0 0.633344
 0 0.633345
 0 0.633352
 0 0.633376
 0 0.633376
 0 0.633376
 0 0.633376
 0 0.633376
 0 0.633381
 0 0.633389
 0 0.633389
 0 0.633389
 0 0.633395
 0 0.633395
 0 0.633404
 0 0.633406
 0 0.633406
 0 0.633416
 0 0.633416
 0 0.633417
 0 0.633417
 0 0.633417
 0 0.633432
 0 0.63345
 0 0.633473
 0 0.633473
 0 0.633487
 0 0.63349
 0 0.63349
 0 0.633507
 0 0.633509
 0 0.633509
 0 0.633512
 0 0.633514
 0 0.633514
 0 0.633527
 0 0.633528
 0 0.633528
 0 0.633529
 0 0.633529
 0 0.633566
 0 0.633569
 0 0.633574
 0 0.633574
 0 0.633595
 0 0.633595
 0 0.633603
 0 0.633626
 0 0.633626
 0 0.633626
 0 0.633626
 0 0.633634
 0 0.633639
 0 0.633645
 0 0.633645
 0 0.633645
 0 0.633645
 0 0.63365
 0 0.633651
 0 0.633676
 0 0.633677
 0 0.633677
 0 0.633686
 0 0.633698
 0 0.633707
 0 0.633707
 0 0.633707
 0 0.633707
 0 0.633717
 0 0.633727
 0 0.633727
 0 0.633727
 0 0.633728
 0 0.633729
 0 0.633738
 0 0.633738
 0 0.633767
 0 0.633767
 0 0.633778
 0 0.633782
 0 0.633784
 0 0.63379
 0 0.63379
 0 0.633791
 0 0.633804
 0 0.633805
 0 0.633811
 0 0.633814
 0 0.633816
 0 0.633816
 0 0.633817
 0 0.633825
 0 0.633825
 0 0.633827
 0 0.633828
 0 0.633829
 0 0.633829
 0 0.63383
 0 0.63383
 0 0.633838
 0 0.633838
 0 0.633849
 0 0.633854
 0 0.633855
 0 0.633859
 0 0.63386
 0 0.633865
 0 0.633866
 0 0.633875
 0 0.633887
 0 0.633894
 0 0.633896
 0 0.633916
 0 0.633916
 0 0.633918
 0 0.633919
 0 0.63392
 0 0.633925
 0 0.633948
 0 0.633948
 0 0.633953
 0 0.633969
 0 0.63397
 0 0.63397
 0 0.633979
 0 0.633985
 0 0.633985
 0 0.633985
 0 0.633985
 0 0.633993
 0 0.634012
 0 0.634012
 0 0.634038
 0 0.634041
 0 0.634041
 0 0.634044
 0 0.634044
 0 0.634058
 0 0.634059
 0 0.634059
 0 0.634066
 0 0.634068
 0 0.634068
 0 0.634073
 0 0.634083
 0 0.634083
 0 0.634086
 0 0.634088
 0 0.634088
 0 0.634106
 0 0.634117
 0 0.634119
 0 0.634119
 0 0.634129
 0 0.634134
 0 0.634134
 0 0.634134
 0 0.634134
 0 0.634162
 0 0.634162
 0 0.634162
 0 0.634175
 0 0.634188
 0 0.634188
 0 0.634199
 0 0.634199
 0 0.634203
 0 0.634203
 0 0.634203
 0 0.634228
 0 0.634228
 0 0.634286
 0 0.634314
 0 0.634314
 0 0.634338
 0 0.634379
 0 0.634379
 0 0.634386
 0 0.634405
 0 0.634416
 0 0.634416
 0 0.634418
 0 0.634418
 0 0.63442
 0 0.63442
 0 0.63442
 0 0.634428
 0 0.634428
 0 0.63443
 0 0.63443
 0 0.634439
 0 0.63444
 0 0.634455
 0 0.634455
 0 0.634455
 0 0.634478
 0 0.63448
 0 0.634482
 0 0.634483
 0 0.634483
 0 0.634483
 0 0.634483
 0 0.634483
 0 0.634492
 0 0.634493
 0 0.634493
 0 0.634502
 0 0.634503
 0 0.634504
 0 0.634504
 0 0.634508
 0 0.634508
 0 0.634512
 0 0.634528
 0 0.63453
 0 0.634552
 0 0.634553
 0 0.634557
 0 0.634558
 0 0.634563
 0 0.634591
 0 0.634629
 0 0.634629
 0 0.634629
 0 0.634629
 0 0.634629
 0 0.634636
 0 0.634636
 0 0.634636
 0 0.634636
 0 0.634647
 0 0.634647
 0 0.634653
 0 0.634655
 0 0.634661
 0 0.634662
 0 0.634662
 0 0.634671
 0 0.634671
 0 0.634671
 0 0.634676
 0 0.634693
 0 0.634693
 0 0.634713
 0 0.634713
 0 0.634713
 0 0.634717
 0 0.634717
 0 0.634717
 0 0.634743
 0 0.634748
 0 0.634765
 0 0.634767
 0 0.634767
 0 0.634777
 0 0.634779
 0 0.634779
 0 0.63478
 0 0.634789
 0 0.63479
 0 0.63479
 0 0.6348
 0 0.6348
 0 0.634807
 0 0.634807
 0 0.634807
 0 0.634807
 0 0.634807
 0 0.634808
 0 0.634808
 0 0.634808
 0 0.634842
 0 0.634843
 0 0.634858
 0 0.634859
 0 0.63486
 0 0.63486
 0 0.634863
 0 0.634863
 0 0.634871
 0 0.634871
 0 0.634875
 0 0.634893
 0 0.634893
 0 0.634897
 0 0.634897
 0 0.634921
 0 0.634921
 0 0.634921
 0 0.634922
 0 0.634922
 0 0.634928
 0 0.634928
 0 0.634928
 0 0.634937
 0 0.634937
 0 0.634938
 0 0.634954
 0 0.634954
 0 0.634956
 0 0.634965
 0 0.634965
 0 0.634984
 0 0.634997
 0 0.634997
 0 0.634997
 0 0.635012
 0 0.635013
 0 0.635023
 0 0.635023
 0 0.635038
 0 0.635038
 0 0.635047
 0 0.635048
 0 0.635048
 0 0.635048
 0 0.635048
 0 0.635048
 0 0.635048
 0 0.635058
 0 0.635059
 0 0.635067
 0 0.635084
 0 0.635084
 0 0.635109
 0 0.63512
 0 0.63512
 0 0.63512
 0 0.635122
 0 0.635128
 0 0.635143
 0 0.635144
 0 0.635146
 0 0.635173
 0 0.635183
 0 0.635188
 0 0.635201
 0 0.635202
 0 0.635202
 0 0.635202
 0 0.635202
 0 0.63523
 0 0.63524
 0 0.63524
 0 0.63524
 0 0.635248
 0 0.635248
 0 0.63525
 0 0.635251
 0 0.635253
 0 0.635255
 0 0.635271
 0 0.635271
 0 0.635277
 0 0.63529
 0 0.63529
 0 0.63529
 0 0.635304
 0 0.635327
 0 0.635327
 0 0.635347
 0 0.635364
 0 0.635364
 0 0.635365
 0 0.635385
 0 0.635399
 0 0.635402
 0 0.635402
 0 0.635403
 0 0.635411
 0 0.635412
 0 0.635413
 0 0.635413
 0 0.635416
 0 0.635416
 0 0.635429
 0 0.635429
 0 0.635436
 0 0.635436
 0 0.635448
 0 0.635451
 0 0.635453
 0 0.635455
 0 0.635455
 0 0.635455
 0 0.635488
 0 0.635491
 0 0.635491
 0 0.635502
 0 0.635502
 0 0.635517
 0 0.635517
 0 0.635521
 0 0.635521
 0 0.635523
 0 0.635529
 0 0.635531
 0 0.635544
 0 0.635544
 0 0.635554
 0 0.635554
 0 0.635556
 0 0.635556
 0 0.635556
 0 0.635562
 0 0.635564
 0 0.635566
 0 0.635568
 0 0.635574
 0 0.635574
 0 0.635574
 0 0.635586
 0 0.635587
 0 0.635587
 0 0.635592
 0 0.635596
 0 0.635596
 0 0.635596
 0 0.635612
 0 0.635626
 0 0.635627
 0 0.635628
 0 0.635628
 0 0.635635
 0 0.63569
 0 0.63569
 0 0.63569
 0 0.635693
 0 0.635693
 0 0.635694
 0 0.635723
 0 0.635723
 0 0.635724
 0 0.635724
 0 0.635725
 0 0.635764
 0 0.635778
 0 0.635786
 0 0.635786
 0 0.635786
 0 0.635788
 0 0.635788
 0 0.635814
 0 0.635815
 0 0.635815
 0 0.635815
 0 0.635816
 0 0.635816
 0 0.635824
 0 0.635824
 0 0.635825
 0 0.635829
 0 0.63583
 0 0.635831
 0 0.635838
 0 0.635852
 0 0.635862
 0 0.635862
 0 0.635863
 0 0.635863
 0 0.635868
 0 0.635868
 0 0.635868
 0 0.635906
 0 0.635922
 0 0.635922
 0 0.635923
 0 0.63593
 0 0.635933
 0 0.635951
 0 0.635951
 0 0.635985
 0 0.63602
 0 0.63602
 0 0.636022
 0 0.636022
 0 0.636033
 0 0.636041
 0 0.636043
 0 0.636065
 0 0.636072
 0 0.636074
 0 0.636076
 0 0.636076
 0 0.636076
 0 0.636077
 0 0.636077
 0 0.636084
 0 0.636098
 0 0.636099
 0 0.636101
 0 0.636102
 0 0.636105
 0 0.636106
 0 0.636108
 0 0.636121
 0 0.636134
 0 0.636143
 0 0.636144
 0 0.636164
 0 0.636184
 0 0.636184
 0 0.636186
 0 0.636187
 0 0.636195
 0 0.636196
 0 0.636196
 0 0.636202
 0 0.636227
 0 0.636228
 0 0.63623
 0 0.636231
 0 0.636231
 0 0.636231
 0 0.636249
 0 0.636266
 0 0.636267
 0 0.636268
 0 0.636268
 0 0.636268
 0 0.636274
 0 0.636275
 0 0.636275
 0 0.636275
 0 0.636275
 0 0.636276
 0 0.636283
 0 0.636283
 0 0.636285
 0 0.636288
 0 0.636288
 0 0.636288
 0 0.636288
 0 0.636297
 0 0.636297
 0 0.636297
 0 0.636297
 0 0.636299
 0 0.6363
 0 0.6363
 0 0.6363
 0 0.636301
 0 0.636328
 0 0.636328
 0 0.636329
 0 0.636334
 0 0.636334
 0 0.636334
 0 0.636334
 0 0.636335
 0 0.636349
 0 0.636352
 0 0.636398
 0 0.6364
 0 0.63641
 0 0.636411
 0 0.636412
 0 0.636431
 0 0.636432
 0 0.636432
 0 0.636432
 0 0.636433
 0 0.636445
 0 0.636447
 0 0.636481
 0 0.63652
 0 0.636549
 0 0.63655
 0 0.636566
 0 0.636582
 0 0.636588
 0 0.636588
 0 0.636599
 0 0.636599
 0 0.636599
 0 0.636616
 0 0.636617
 0 0.636617
 0 0.636629
 0 0.636629
 0 0.636629
 0 0.636631
 0 0.636632
 0 0.636632
 0 0.636632
 0 0.636664
 0 0.636665
 0 0.636665
 0 0.636699
 0 0.636699
 0 0.63677
 0 0.636787
 0 0.636788
 0 0.636794
 0 0.636796
 0 0.636797
 0 0.636808
 0 0.63681
 0 0.636816
 0 0.636818
 0 0.636827
 0 0.636828
 0 0.636833
 0 0.63684
 0 0.636841
 0 0.636841
 0 0.636846
 0 0.636847
 0 0.636848
 0 0.636862
 0 0.636862
 0 0.636863
 0 0.636869
 0 0.63687
 0 0.63687
 0 0.636871
 0 0.636871
 0 0.636878
 0 0.636889
 0 0.636889
 0 0.636891
 0 0.636891
 0 0.636891
 0 0.636906
 0 0.636906
 0 0.636908
 0 0.636908
 0 0.636915
 0 0.636916
 0 0.636916
 0 0.63693
 0 0.636931
 0 0.636938
 0 0.63694
 0 0.63694
 0 0.636941
 0 0.636948
 0 0.636948
 0 0.636961
 0 0.636961
 0 0.636969
 0 0.636976
 0 0.636981
 0 0.636981
 0 0.636981
 0 0.636981
 0 0.636982
 0 0.636982
 0 0.636996
 0 0.636997
 0 0.63701
 0 0.637013
 0 0.637018
 0 0.637018
 0 0.637048
 0 0.637048
 0 0.637048
 0 0.637048
 0 0.637048
 0 0.637064
 0 0.637064
 0 0.637068
 0 0.637078
 0 0.637083
 0 0.637083
 0 0.637111
 0 0.637138
 0 0.637138
 0 0.637138
 0 0.637138
 0 0.637157
 0 0.637165
 0 0.637165
 0 0.637165
 0 0.637173
 0 0.637183
 0 0.637203
 0 0.637205
 0 0.637208
 0 0.637209
 0 0.637235
 0 0.637235
 0 0.637251
 0 0.637255
 0 0.637255
 0 0.637256
 0 0.637273
 0 0.637297
 0 0.6373
 0 0.6373
 0 0.637301
 0 0.637301
 0 0.637322
 0 0.637322
 0 0.637322
 0 0.63736
 0 0.637361
 0 0.63737
 0 0.637387
 0 0.637419
 0 0.63742
 0 0.637431
 0 0.63744
 0 0.63744
 0 0.637474
 0 0.637491
 0 0.637491
 0 0.637499
 0 0.63751
 0 0.63751
 0 0.637528
 0 0.637552
 0 0.63759
 0 0.637606
 0 0.637621
 0 0.637621
 0 0.637622
 0 0.637643
 0 0.63766
 0 0.63766
 0 0.637661
 0 0.637662
 0 0.637686
 0 0.637686
 0 0.6377
 0 0.637712
 0 0.637738
 0 0.637762
 0 0.637763
 0 0.637779
 0 0.637779
 0 0.637779
 0 0.637788
 0 0.637788
 0 0.637889
 0 0.637898
 0 0.637899
 0 0.637904
 0 0.637911
 0 0.637911
 0 0.637911
 0 0.637936
 0 0.637937
 0 0.637963
 0 0.637963
 0 0.637963
 0 0.637982
 0 0.637982
 0 0.637982
 0 0.637989
 0 0.638001
 0 0.638001
 0 0.638001
 0 0.638001
 0 0.638002
 0 0.63801
 0 0.63801
 0 0.63801
 0 0.63801
 0 0.638024
 0 0.63805
 0 0.638136
 0 0.638137
 0 0.638137
 0 0.638157
 0 0.638179
 0 0.638179
 0 0.638179
 0 0.638208
 0 0.638246
 0 0.638246
 0 0.638249
 0 0.638249
 0 0.638249
 0 0.638261
 0 0.638263
 0 0.638289
 0 0.638377
 0 0.638377
 0 0.638405
 0 0.638419
 0 0.638419
 0 0.63842
 0 0.63853
 0 0.63853
 0 0.638531
 0 0.638531
 0 0.638537
 0 0.638544
 0 0.638544
 0 0.638555
 0 0.638638
 0 0.638638
 0 0.638638
 0 0.638663
 0 0.638663
 0 0.638674
 0 0.638744
 0 0.638863
 0 0.638894
 0 0.638912
 0 0.638912
 0 0.638912
 0 0.638913
 0 0.638913
 0 0.639003
 0 0.639003
 0 0.639005
 0 0.639131
 0 0.639131
 0 0.639275
 0 0.639621
 0 0.639766
 0 0.639766
 0 0.639766
 0 0.639767
 0 0.63982
 0 0.63982
 0 0.640011
 0 0.640012
 0 0.640109
 0 0.64011
 0 0.640139
 0 0.640139
 0 0.640313
 0 0.640314
 0 0.640439
 0 0.640439
 0 0.64044
 0 0.64057
 0 0.641344
 0 0.641645
 0 0.642509
 0 0.642935
 0 0.642935
 0 0.643177
 0 0.643177
 0 0.643684
 0 inf
