 0 0.490623
 0 0.491048
 0 0.491049
 0 0.491281
 0 0.491488
 0 0.491721
 0 0.496969
 0 0.49697
 0 0.497025
 0 0.497025
 0 0.497026
 0 0.497878
 0 0.626402
 0 0.626402
 0 0.626402
 0 0.626721
 0 0.626721
 0 0.626835
 0 0.62694
 0 0.62694
 0 0.627078
 0 0.627078
 0 0.627078
 0 0.627078
 0 0.627153
 0 0.627245
 0 0.627245
 0 0.627247
 0 0.627247
 0 0.627422
 0 0.627424
 0 0.627506
 0 0.627529
 0 0.627529
 0 0.62753
 0 0.627603
 0 0.627603
 0 0.627683
 0 0.627994
 0 0.628021
 0 0.628029
 0 0.62803
 0 0.628069
 0 0.628069
 0 0.62808
 0 0.62808
 0 0.628096
 0 0.628252
 0 0.628252
 0 0.628258
 0 0.628258
 0 0.628258
 0 0.628259
 0 0.628346
 0 0.628347
 0 0.628412
 0 0.628412
 0 0.62849
 0 0.62849
 0 0.62874
 0 0.628836
 0 0.628836
 0 0.628863
 0 0.628864
 0 0.628874
 0 0.628874
 0 0.62888
 0 0.62888
 0 0.628881
 0 0.628885
 0 0.628892
 0 0.628892
 0 0.628894
 0 0.629074
 0 0.629074
 0 0.629074
 0 0.629074
 0 0.629079
 0 0.62908
 0 0.62908
 0 0.629111
 0 0.629111
 0 0.629156
 0 0.629156
 0 0.629156
 0 0.629156
 0 0.629156
 0 0.629176
 0 0.629178
 0 0.629217
 0 0.629217
 0 0.629217
 0 0.629224
 0 0.629239
 0 0.629242
 0 0.62928
 0 0.629283
 0 0.629283
 0 0.629283
 0 0.629283
 0 0.629346
 0 0.629413
 0 0.629434
 0 0.629442
 0 0.629443
 0 0.629443
 0 0.629443
 0 0.629506
 0 0.629552
 0 0.629586
 0 0.629586
 0 0.629599
 0 0.629615
 0 0.629649
 0 0.629749
 0 0.629751
 0 0.62977
 0 0.62977
 0 0.62977
 0 0.62977
 0 0.62979
 0 0.629797
 0 0.629815
 0 0.629817
 0 0.629838
 0 0.629838
 0 0.629856
 0 0.629856
 0 0.629857
 0 0.629857
 0 0.629858
 0 0.629861
 0 0.629864
 0 0.629864
 0 0.629884
 0 0.629884
 0 0.629889
 0 0.629889
 0 0.62989
 0 0.629925
 0 0.629925
 0 0.629926
 0 0.629977
 0 0.629978
 0 0.629978
 0 0.629993
 0 0.629993
 0 0.630017
 0 0.630035
 0 0.630038
 0 0.630071
 0 0.630071
 0 0.630126
 0 0.630126
 0 0.630126
 0 0.63013
 0 0.630151
 0 0.63016
 0 0.630164
 0 0.630177
 0 0.630177
 0 0.630178
 0 0.630179
 0 0.630185
 0 0.630185
 0 0.630185
 0 0.630186
 0 0.630198
 0 0.6302
 0 0.6302
 0 0.6302
 0 0.6302
 0 0.630217
 0 0.630217
 0 0.630239
 0 0.630239
 0 0.630262
 0 0.630262
 0 0.630287
 0 0.630287
 0 0.630287
 0 0.630288
 0 0.630302
 0 0.630333
 0 0.630335
 0 0.630385
 0 0.630386
 0 0.630427
 0 0.63045
 0 0.63045
 0 0.630451
 0 0.630461
 0 0.630469
 0 0.63047
 0 0.630471
 0 0.630486
 0 0.630486
 0 0.630487
 0 0.630495
 0 0.630495
 0 0.630495
 0 0.63055
 0 0.63055
 0 0.630558
 0 0.630558
 0 0.630559
 0 0.630559
 0 0.630559
 0 0.630566
 0 0.630574
 0 0.630621
 0 0.630635
 0 0.630635
 0 0.63068
 0 0.630681
 0 0.630693
 0 0.630693
 0 0.630693
 0 0.630715
 0 0.630734
 0 0.630739
 0 0.63074
 0 0.630754
 0 0.630754
 0 0.630761
 0 0.630761
 0 0.630763
 0 0.630763
 0 0.630763
 0 0.630767
 0 0.630782
 0 0.630782
 0 0.630799
 0 0.630801
 0 0.630829
 0 0.630829
 0 0.630846
 0 0.630847
 0 0.630876
 0 0.630876
 0 0.630876
 0 0.630902
 0 0.63093
 0 0.630959
 0 0.630959
 0 0.630966
 0 0.630984
 0 0.630984
 0 0.630984
 0 0.630993
 0 0.630994
 0 0.631001
 0 0.631002
 0 0.63101
 0 0.631019
 0 0.631019
 0 0.631019
 0 0.631019
 0 0.631019
 0 0.631019
 0 0.631019
 0 0.631026
 0 0.631026
 0 0.631026
 0 0.631049
 0 0.631057
 0 0.631066
 0 0.63107
 0 0.631092
 0 0.631106
 0 0.631121
 0 0.631129
 0 0.631149
 0 0.631153
 0 0.631198
 0 0.631198
 0 0.631206
 0 0.631232
 0 0.631232
 0 0.631248
 0 0.631272
 0 0.631274
 0 0.631274
 0 0.631274
 0 0.631286
 0 0.631286
 0 0.631286
 0 0.631286
 0 0.631288
 0 0.631331
 0 0.631357
 0 0.63138
 0 0.631388
 0 0.631394
 0 0.631395
 0 0.631426
 0 0.631426
 0 0.631426
 0 0.631437
 0 0.631437
 0 0.631437
 0 0.631451
 0 0.631463
 0 0.631464
 0 0.631464
 0 0.631498
 0 0.631502
 0 0.631502
 0 0.631502
 0 0.631503
 0 0.631507
 0 0.631508
 0 0.631534
 0 0.631534
 0 0.631575
 0 0.631577
 0 0.631585
 0 0.631585
 0 0.631587
 0 0.631591
 0 0.631591
 0 0.631596
 0 0.631597
 0 0.631597
 0 0.631604
 0 0.631604
 0 0.631613
 0 0.631614
 0 0.631615
 0 0.631621
 0 0.631625
 0 0.631625
 0 0.631625
 0 0.631628
 0 0.631628
 0 0.631633
 0 0.631634
 0 0.631639
 0 0.631656
 0 0.631656
 0 0.631662
 0 0.631664
 0 0.631672
 0 0.631672
 0 0.631678
 0 0.631678
 0 0.631699
 0 0.6317
 0 0.631727
 0 0.631733
 0 0.631735
 0 0.631735
 0 0.631735
 0 0.631735
 0 0.631737
 0 0.631741
 0 0.631741
 0 0.631742
 0 0.631759
 0 0.631759
 0 0.631761
 0 0.631761
 0 0.631761
 0 0.631764
 0 0.631764
 0 0.631765
 0 0.631768
 0 0.631768
 0 0.631774
 0 0.63178
 0 0.631781
 0 0.631787
 0 0.631795
 0 0.631795
 0 0.631806
 0 0.631818
 0 0.631831
 0 0.631831
 0 0.631832
 0 0.631845
 0 0.631845
 0 0.631846
 0 0.631846
 0 0.631849
 0 0.63185
 0 0.63185
 0 0.63185
 0 0.63185
 0 0.631884
 0 0.631884
 0 0.631916
 0 0.631916
 0 0.631918
 0 0.631918
 0 0.631919
 0 0.631925
 0 0.631925
 0 0.631926
 0 0.631941
 0 0.631942
 0 0.631977
 0 0.631977
 0 0.631979
 0 0.632001
 0 0.632001
 0 0.63203
 0 0.632033
 0 0.632034
 0 0.632034
 0 0.632046
 0 0.632046
 0 0.632052
 0 0.632061
 0 0.632061
 0 0.632061
 0 0.632062
 0 0.632103
 0 0.632105
 0 0.632105
 0 0.632115
 0 0.632124
 0 0.632126
 0 0.632126
 0 0.632131
 0 0.632131
 0 0.632131
 0 0.632132
 0 0.632154
 0 0.632155
 0 0.632166
 0 0.632167
 0 0.632167
 0 0.632168
 0 0.632168
 0 0.632179
 0 0.632179
 0 0.632187
 0 0.63219
 0 0.63219
 0 0.632207
 0 0.632208
 0 0.632211
 0 0.632273
 0 0.632274
 0 0.632274
 0 0.632274
 0 0.632274
 0 0.632275
 0 0.632281
 0 0.632281
 0 0.632281
 0 0.632281
 0 0.632281
 0 0.632282
 0 0.632297
 0 0.632297
 0 0.632297
 0 0.632298
 0 0.632299
 0 0.632304
 0 0.632305
 0 0.632313
 0 0.632314
 0 0.632314
 0 0.632317
 0 0.632318
 0 0.632327
 0 0.632329
 0 0.63233
 0 0.632333
 0 0.632334
 0 0.632334
 0 0.632341
 0 0.632352
 0 0.632362
 0 0.632362
 0 0.632384
 0 0.632384
 0 0.632385
 0 0.63239
 0 0.632397
 0 0.632397
 0 0.632424
 0 0.632424
 0 0.632431
 0 0.632431
 0 0.632431
 0 0.632431
 0 0.632431
 0 0.632431
 0 0.632445
 0 0.632445
 0 0.632484
 0 0.632485
 0 0.632485
 0 0.632496
 0 0.632496
 0 0.632501
 0 0.632501
 0 0.632516
 0 0.632526
 0 0.632526
 0 0.632527
 0 0.632528
 0 0.632533
 0 0.632534
 0 0.632547
 0 0.632553
 0 0.632558
 0 0.632559
 0 0.632559
 0 0.63256
 0 0.632564
 0 0.632564
 0 0.632576
 0 0.632577
 0 0.632577
 0 0.632577
 0 0.632577
 0 0.632581
 0 0.632583
 0 0.632583
 0 0.632583
 0 0.632586
 0 0.632599
 0 0.632607
 0 0.632607
 0 0.632608
 0 0.632614
 0 0.632616
 0 0.632621
 0 0.632621
 0 0.63264
 0 0.632641
 0 0.632642
 0 0.632651
 0 0.632651
 0 0.632652
 0 0.632656
 0 0.632656
 0 0.632658
 0 0.632659
 0 0.632659
 0 0.632659
 0 0.632662
 0 0.632666
 0 0.632672
 0 0.632705
 0 0.632713
 0 0.632713
 0 0.632714
 0 0.632737
 0 0.632738
 0 0.632738
 0 0.632745
 0 0.632749
 0 0.63275
 0 0.63275
 0 0.63275
 0 0.63275
 0 0.63275
 0 0.632754
 0 0.632756
 0 0.632756
 0 0.63276
 0 0.63276
 0 0.632767
 0 0.632769
 0 0.63277
 0 0.63277
 0 0.632774
 0 0.632774
 0 0.632774
 0 0.632775
 0 0.632786
 0 0.632797
 0 0.632797
 0 0.632797
 0 0.632799
 0 0.6328
 0 0.632808
 0 0.632817
 0 0.632822
 0 0.632824
 0 0.632824
 0 0.632825
 0 0.632825
 0 0.632827
 0 0.63283
 0 0.632836
 0 0.632837
 0 0.632837
 0 0.632838
 0 0.632848
 0 0.632864
 0 0.632872
 0 0.632888
 0 0.632899
 0 0.632899
 0 0.632951
 0 0.632951
 0 0.632951
 0 0.632953
 0 0.632953
 0 0.632953
 0 0.632953
 0 0.632953
 0 0.632975
 0 0.632976
 0 0.632976
 0 0.632976
 0 0.632991
 0 0.632994
 0 0.632994
 0 0.632994
 0 0.632995
 0 0.632995
 0 0.633016
 0 0.633016
 0 0.633033
 0 0.633034
 0 0.633045
 0 0.633045
 0 0.633051
 0 0.633051
 0 0.633051
 0 0.633051
 0 0.633053
 0 0.633063
 0 0.633072
 0 0.633089
 0 0.633108
 0 0.633128
 0 0.633128
 0 0.633131
 0 0.633146
 0 0.633146
 0 0.633146
 0 0.633149
 0 0.633168
 0 0.633168
 0 0.633178
 0 0.633178
 0 0.633186
 0 0.633203
 0 0.633204
 0 0.633207
 0 0.633209
 0 0.63321
 0 0.633211
 0 0.633227
 0 0.633227
 0 0.633228
 0 0.633232
 0 0.633232
 0 0.633279
 0 0.633279
 0 0.633284
 0 0.633284
 0 0.633285
 0 0.633288
 0 0.633288
 0 0.633326
 0 0.633326
 0 0.633327
 0 0.63333
 0 0.63333
 0 0.63333
 0 0.633331
 0 0.633346
 0 0.633347
 0 0.633349
 0 0.633349
 0 0.633351
 0 0.633351
 0 0.633351
 0 0.633353
 0 0.633357
 0 0.633357
 0 0.633357
 0 0.633357
 0 0.633376
 0 0.633376
 0 0.633376
 0 0.633377
 0 0.633385
 0 0.633385
 0 0.633392
 0 0.633393
 0 0.633425
 0 0.633425
 0 0.633425
 0 0.633426
 0 0.633434
 0 0.633434
 0 0.633451
 0 0.633468
 0 0.633468
 0 0.633479
 0 0.633479
 0 0.633479
 0 0.633479
 0 0.633499
 0 0.6335
 0 0.633506
 0 0.633506
 0 0.633506
 0 0.633543
 0 0.633543
 0 0.633544
 0 0.633544
 0 0.633546
 0 0.633554
 0 0.633554
 0 0.633556
 0 0.633557
 0 0.633563
 0 0.633569
 0 0.633569
 0 0.633569
 0 0.633574
 0 0.633574
 0 0.633576
 0 0.633576
 0 0.633576
 0 0.633581
 0 0.633602
 0 0.633603
 0 0.633603
 0 0.63362
 0 0.63362
 0 0.633633
 0 0.633634
 0 0.633634
 0 0.633641
 0 0.633647
 0 0.633651
 0 0.633653
 0 0.633676
 0 0.633683
 0 0.63371
 0 0.633711
 0 0.633711
 0 0.63372
 0 0.633726
 0 0.633726
 0 0.633726
 0 0.633726
 0 0.633727
 0 0.633728
 0 0.633729
 0 0.633729
 0 0.633729
 0 0.633738
 0 0.633748
 0 0.633749
 0 0.633759
 0 0.633759
 0 0.633759
 0 0.633759
 0 0.633761
 0 0.63377
 0 0.63377
 0 0.63377
 0 0.633774
 0 0.63379
 0 0.633791
 0 0.633794
 0 0.633803
 0 0.633804
 0 0.63381
 0 0.63381
 0 0.633831
 0 0.633831
 0 0.633831
 0 0.63385
 0 0.63385
 0 0.63385
 0 0.633856
 0 0.633857
 0 0.633857
 0 0.633863
 0 0.633864
 0 0.633864
 0 0.633866
 0 0.633867
 0 0.633876
 0 0.633893
 0 0.633893
 0 0.633893
 0 0.633893
 0 0.633894
 0 0.633914
 0 0.633918
 0 0.63392
 0 0.63392
 0 0.63392
 0 0.633931
 0 0.633933
 0 0.63394
 0 0.63394
 0 0.633942
 0 0.633944
 0 0.633953
 0 0.633953
 0 0.633953
 0 0.633953
 0 0.633954
 0 0.633964
 0 0.633964
 0 0.633964
 0 0.633973
 0 0.633974
 0 0.633979
 0 0.633981
 0 0.63399
 0 0.634012
 0 0.634025
 0 0.634025
 0 0.634025
 0 0.634025
 0 0.634025
 0 0.63403
 0 0.634037
 0 0.634037
 0 0.634037
 0 0.63404
 0 0.63404
 0 0.634045
 0 0.634046
 0 0.634064
 0 0.634064
 0 0.634064
 0 0.634066
 0 0.634066
 0 0.634081
 0 0.634122
 0 0.634123
 0 0.634124
 0 0.634124
 0 0.634124
 0 0.634125
 0 0.634127
 0 0.634127
 0 0.63413
 0 0.634141
 0 0.634164
 0 0.634164
 0 0.634167
 0 0.634201
 0 0.634201
 0 0.634201
 0 0.634205
 0 0.634205
 0 0.634207
 0 0.634209
 0 0.634227
 0 0.634228
 0 0.634228
 0 0.634238
 0 0.634238
 0 0.634238
 0 0.634264
 0 0.634264
 0 0.634264
 0 0.634282
 0 0.634282
 0 0.634282
 0 0.634297
 0 0.6343
 0 0.63431
 0 0.634315
 0 0.634315
 0 0.634316
 0 0.634316
 0 0.634323
 0 0.634323
 0 0.634328
 0 0.634328
 0 0.634341
 0 0.634341
 0 0.634348
 0 0.634358
 0 0.634358
 0 0.63436
 0 0.63436
 0 0.634361
 0 0.634361
 0 0.634361
 0 0.634367
 0 0.634368
 0 0.634389
 0 0.634389
 0 0.634391
 0 0.634391
 0 0.634391
 0 0.634397
 0 0.634402
 0 0.634402
 0 0.634402
 0 0.634402
 0 0.634404
 0 0.634404
 0 0.634414
 0 0.634414
 0 0.63442
 0 0.634421
 0 0.634447
 0 0.634447
 0 0.634453
 0 0.634453
 0 0.634453
 0 0.634455
 0 0.634473
 0 0.634473
 0 0.634475
 0 0.634476
 0 0.634477
 0 0.634477
 0 0.634477
 0 0.634477
 0 0.634478
 0 0.634497
 0 0.634498
 0 0.634519
 0 0.634519
 0 0.63452
 0 0.634528
 0 0.634528
 0 0.634533
 0 0.634533
 0 0.634537
 0 0.634537
 0 0.634547
 0 0.634559
 0 0.63457
 0 0.634571
 0 0.634572
 0 0.634572
 0 0.634587
 0 0.634588
 0 0.634604
 0 0.634604
 0 0.634609
 0 0.63461
 0 0.634626
 0 0.63463
 0 0.634632
 0 0.634634
 0 0.634634
 0 0.634635
 0 0.634635
 0 0.634642
 0 0.634642
 0 0.634648
 0 0.634664
 0 0.634664
 0 0.634664
 0 0.634664
 0 0.634673
 0 0.634673
 0 0.634684
 0 0.634685
 0 0.634688
 0 0.634688
 0 0.634709
 0 0.634709
 0 0.634716
 0 0.634718
 0 0.634719
 0 0.634721
 0 0.634722
 0 0.634723
 0 0.634724
 0 0.634726
 0 0.634736
 0 0.634736
 0 0.634745
 0 0.634746
 0 0.634747
 0 0.634747
 0 0.634747
 0 0.634751
 0 0.634752
 0 0.634776
 0 0.634777
 0 0.634777
 0 0.634783
 0 0.634793
 0 0.634793
 0 0.634793
 0 0.634839
 0 0.634843
 0 0.634843
 0 0.634843
 0 0.63485
 0 0.63485
 0 0.634858
 0 0.634859
 0 0.63486
 0 0.634881
 0 0.634894
 0 0.634895
 0 0.634896
 0 0.634898
 0 0.634901
 0 0.634903
 0 0.634903
 0 0.634906
 0 0.634906
 0 0.634934
 0 0.634951
 0 0.634953
 0 0.634954
 0 0.634954
 0 0.634957
 0 0.634959
 0 0.634959
 0 0.634965
 0 0.634965
 0 0.634965
 0 0.634965
 0 0.634976
 0 0.634987
 0 0.634987
 0 0.634993
 0 0.634999
 0 0.635
 0 0.635
 0 0.635002
 0 0.635015
 0 0.635021
 0 0.635033
 0 0.635035
 0 0.635035
 0 0.635035
 0 0.635041
 0 0.635041
 0 0.635041
 0 0.635041
 0 0.635049
 0 0.635051
 0 0.63506
 0 0.63506
 0 0.635062
 0 0.635064
 0 0.635065
 0 0.635071
 0 0.635072
 0 0.635072
 0 0.635072
 0 0.635072
 0 0.635135
 0 0.635146
 0 0.635158
 0 0.635158
 0 0.635158
 0 0.635158
 0 0.635163
 0 0.635163
 0 0.635164
 0 0.635164
 0 0.635164
 0 0.63518
 0 0.63518
 0 0.635186
 0 0.635188
 0 0.635189
 0 0.635189
 0 0.635198
 0 0.635206
 0 0.635206
 0 0.635206
 0 0.635206
 0 0.635211
 0 0.635229
 0 0.635229
 0 0.635229
 0 0.635243
 0 0.635262
 0 0.635262
 0 0.635262
 0 0.635265
 0 0.635265
 0 0.635279
 0 0.635281
 0 0.635293
 0 0.635293
 0 0.635295
 0 0.635296
 0 0.635302
 0 0.635302
 0 0.63531
 0 0.635311
 0 0.635314
 0 0.63533
 0 0.63533
 0 0.63534
 0 0.635354
 0 0.635354
 0 0.635373
 0 0.635379
 0 0.635379
 0 0.635379
 0 0.635408
 0 0.635413
 0 0.635423
 0 0.635424
 0 0.635425
 0 0.635427
 0 0.635436
 0 0.635436
 0 0.635437
 0 0.635438
 0 0.635439
 0 0.635439
 0 0.635459
 0 0.63546
 0 0.63546
 0 0.635461
 0 0.635467
 0 0.635473
 0 0.635477
 0 0.635478
 0 0.635524
 0 0.635525
 0 0.635525
 0 0.635532
 0 0.635532
 0 0.635533
 0 0.635549
 0 0.635549
 0 0.635549
 0 0.63555
 0 0.635552
 0 0.635558
 0 0.635585
 0 0.635585
 0 0.635586
 0 0.635586
 0 0.635587
 0 0.635587
 0 0.635587
 0 0.635588
 0 0.635589
 0 0.635596
 0 0.635596
 0 0.635624
 0 0.635624
 0 0.63564
 0 0.63564
 0 0.635667
 0 0.635693
 0 0.635729
 0 0.635733
 0 0.635738
 0 0.635738
 0 0.63575
 0 0.635751
 0 0.635751
 0 0.635755
 0 0.635755
 0 0.635757
 0 0.635758
 0 0.635761
 0 0.635764
 0 0.635764
 0 0.635796
 0 0.635798
 0 0.6358
 0 0.6358
 0 0.635801
 0 0.635801
 0 0.635814
 0 0.635823
 0 0.635823
 0 0.635831
 0 0.635837
 0 0.635837
 0 0.635866
 0 0.635869
 0 0.635886
 0 0.635889
 0 0.635893
 0 0.635893
 0 0.635895
 0 0.635897
 0 0.635897
 0 0.635901
 0 0.635902
 0 0.635902
 0 0.635902
 0 0.635906
 0 0.635906
 0 0.635915
 0 0.63593
 0 0.635938
 0 0.635953
 0 0.635953
 0 0.635954
 0 0.635955
 0 0.635955
 0 0.635976
 0 0.635985
 0 0.635991
 0 0.635992
 0 0.635992
 0 0.635992
 0 0.636008
 0 0.636009
 0 0.636015
 0 0.636015
 0 0.636016
 0 0.63603
 0 0.63603
 0 0.63603
 0 0.63603
 0 0.63603
 0 0.636039
 0 0.636039
 0 0.636043
 0 0.636078
 0 0.636079
 0 0.636079
 0 0.636081
 0 0.636081
 0 0.63609
 0 0.63609
 0 0.636092
 0 0.636106
 0 0.636106
 0 0.636124
 0 0.636124
 0 0.636129
 0 0.636129
 0 0.636129
 0 0.636129
 0 0.63613
 0 0.63613
 0 0.636137
 0 0.636152
 0 0.636152
 0 0.636184
 0 0.636184
 0 0.636193
 0 0.636213
 0 0.636226
 0 0.636227
 0 0.636229
 0 0.636229
 0 0.636247
 0 0.636255
 0 0.636255
 0 0.636255
 0 0.636256
 0 0.636268
 0 0.636268
 0 0.636269
 0 0.636283
 0 0.636292
 0 0.636312
 0 0.636317
 0 0.636317
 0 0.636317
 0 0.636317
 0 0.636319
 0 0.636319
 0 0.636324
 0 0.636355
 0 0.636379
 0 0.636379
 0 0.636381
 0 0.636398
 0 0.636399
 0 0.636407
 0 0.636411
 0 0.636412
 0 0.636448
 0 0.636449
 0 0.63646
 0 0.63646
 0 0.636461
 0 0.636461
 0 0.636466
 0 0.636467
 0 0.636489
 0 0.636489
 0 0.636499
 0 0.636499
 0 0.636499
 0 0.636503
 0 0.636506
 0 0.636506
 0 0.636507
 0 0.636529
 0 0.636532
 0 0.636532
 0 0.63656
 0 0.636567
 0 0.63657
 0 0.636582
 0 0.636582
 0 0.636582
 0 0.636588
 0 0.636589
 0 0.636589
 0 0.636604
 0 0.636604
 0 0.636604
 0 0.636605
 0 0.636606
 0 0.636608
 0 0.636633
 0 0.636633
 0 0.636635
 0 0.636657
 0 0.636659
 0 0.636659
 0 0.636659
 0 0.636659
 0 0.636706
 0 0.636706
 0 0.636709
 0 0.636714
 0 0.636715
 0 0.636715
 0 0.636763
 0 0.636763
 0 0.636763
 0 0.636781
 0 0.636798
 0 0.636799
 0 0.6368
 0 0.6368
 0 0.636809
 0 0.636809
 0 0.636829
 0 0.636835
 0 0.636836
 0 0.636836
 0 0.636846
 0 0.636847
 0 0.636854
 0 0.636855
 0 0.636855
 0 0.636855
 0 0.636888
 0 0.636888
 0 0.636889
 0 0.636889
 0 0.636931
 0 0.636932
 0 0.636932
 0 0.636934
 0 0.63695
 0 0.636972
 0 0.636974
 0 0.636983
 0 0.636988
 0 0.636988
 0 0.637
 0 0.637
 0 0.637
 0 0.637008
 0 0.637009
 0 0.63701
 0 0.637016
 0 0.637016
 0 0.637016
 0 0.637041
 0 0.637042
 0 0.637045
 0 0.637057
 0 0.637057
 0 0.637057
 0 0.637058
 0 0.637058
 0 0.637123
 0 0.637139
 0 0.637139
 0 0.637144
 0 0.637145
 0 0.637145
 0 0.637145
 0 0.637158
 0 0.637158
 0 0.637168
 0 0.637171
 0 0.637176
 0 0.637176
 0 0.637239
 0 0.637289
 0 0.637289
 0 0.637294
 0 0.63732
 0 0.637341
 0 0.637348
 0 0.637348
 0 0.637357
 0 0.637359
 0 0.637359
 0 0.637412
 0 0.637416
 0 0.637417
 0 0.637417
 0 0.637427
 0 0.637428
 0 0.63743
 0 0.637448
 0 0.637456
 0 0.637456
 0 0.637456
 0 0.637465
 0 0.637465
 0 0.637465
 0 0.637465
 0 0.637471
 0 0.637472
 0 0.63749
 0 0.637494
 0 0.637497
 0 0.637511
 0 0.637547
 0 0.637554
 0 0.637554
 0 0.637554
 0 0.637554
 0 0.637554
 0 0.637587
 0 0.637587
 0 0.637593
 0 0.637618
 0 0.637619
 0 0.63765
 0 0.637691
 0 0.6377
 0 0.6377
 0 0.6377
 0 0.637711
 0 0.637741
 0 0.637741
 0 0.637762
 0 0.637764
 0 0.637775
 0 0.637829
 0 0.637829
 0 0.637832
 0 0.637832
 0 0.637875
 0 0.637875
 0 0.637894
 0 0.637894
 0 0.637901
 0 0.637901
 0 0.637901
 0 0.637901
 0 0.637917
 0 0.637918
 0 0.637918
 0 0.637942
 0 0.63807
 0 0.638071
 0 0.638072
 0 0.638074
 0 0.638075
 0 0.638111
 0 0.638112
 0 0.63816
 0 0.638161
 0 0.638161
 0 0.638164
 0 0.638164
 0 0.638236
 0 0.638252
 0 0.638253
 0 0.638289
 0 0.638289
 0 0.63829
 0 0.638306
 0 0.638328
 0 0.638346
 0 0.638347
 0 0.638359
 0 0.63836
 0 0.638424
 0 0.638465
 0 0.638468
 0 0.638468
 0 0.638479
 0 0.638572
 0 0.638583
 0 0.638585
 0 0.638664
 0 0.638664
 0 0.638664
 0 0.638664
 0 0.638749
 0 0.638749
 0 0.638749
 0 0.638827
 0 0.638857
 0 0.638875
 0 0.638875
 0 0.638902
 0 0.638903
 0 0.639105
 0 0.639106
 0 0.639107
 0 0.639157
 0 0.639157
 0 0.639157
 0 0.639219
 0 0.639291
 0 0.639325
 0 0.639369
 0 0.63941
 0 0.639492
 0 0.639665
 0 0.639745
 0 0.639791
 0 0.639801
 0 0.639801
 0 0.640182
 0 0.640214
 0 0.640215
 0 0.640215
 0 0.640227
 0 0.640227
 0 0.640252
 0 0.641097
 0 0.642448
 0 0.642448
 0 0.64245
 0 0.64245
 0 0.642753
 0 0.642967
 0 inf
