 0 0.511151
 0 0.512052
 0 0.512052
 0 0.512138
 0 0.512139
 0 0.512139
 0 0.620701
 0 0.620716
 0 0.621003
 0 0.621003
 0 0.621004
 0 0.621618
 0 0.621621
 0 0.621691
 0 0.621692
 0 0.621692
 0 0.62179
 0 0.621793
 0 0.621793
 0 0.621941
 0 0.622307
 0 0.622309
 0 0.623006
 0 0.623007
 0 0.62343
 0 0.62349
 0 0.623732
 0 0.623733
 0 0.624113
 0 0.624114
 0 0.624946
 0 0.624947
 0 0.624947
 0 0.624948
 0 0.62579
 0 0.625791
 0 0.625829
 0 0.626248
 0 0.626345
 0 0.626346
 0 0.626384
 0 0.626384
 0 0.626387
 0 0.626787
 0 0.626787
 0 0.626788
 0 0.626788
 0 0.626853
 0 0.626853
 0 0.626855
 0 0.626856
 0 0.627118
 0 0.627118
 0 0.627182
 0 0.627233
 0 0.627233
 0 0.627234
 0 0.627299
 0 0.627328
 0 0.627329
 0 0.627383
 0 0.627529
 0 0.627546
 0 0.627546
 0 0.627588
 0 0.62771
 0 0.627778
 0 0.627799
 0 0.628008
 0 0.628008
 0 0.628054
 0 0.628054
 0 0.628054
 0 0.628057
 0 0.62812
 0 0.62812
 0 0.628173
 0 0.628173
 0 0.628174
 0 0.62823
 0 0.628271
 0 0.628271
 0 0.628272
 0 0.628376
 0 0.628376
 0 0.62838
 0 0.628417
 0 0.628417
 0 0.628425
 0 0.628425
 0 0.628471
 0 0.628474
 0 0.628527
 0 0.628611
 0 0.628612
 0 0.628697
 0 0.628713
 0 0.628715
 0 0.628728
 0 0.628796
 0 0.628799
 0 0.6288
 0 0.628824
 0 0.628825
 0 0.628825
 0 0.628826
 0 0.628826
 0 0.628883
 0 0.628914
 0 0.628916
 0 0.628916
 0 0.628918
 0 0.629124
 0 0.629124
 0 0.629125
 0 0.629134
 0 0.629134
 0 0.629144
 0 0.629149
 0 0.629149
 0 0.629149
 0 0.629149
 0 0.629173
 0 0.629175
 0 0.629176
 0 0.629176
 0 0.629214
 0 0.62928
 0 0.62928
 0 0.629383
 0 0.629383
 0 0.629384
 0 0.629393
 0 0.629395
 0 0.629507
 0 0.629507
 0 0.629528
 0 0.629528
 0 0.629528
 0 0.629529
 0 0.629532
 0 0.629559
 0 0.629567
 0 0.629569
 0 0.62957
 0 0.629587
 0 0.629591
 0 0.629591
 0 0.629628
 0 0.62963
 0 0.62963
 0 0.629632
 0 0.62964
 0 0.62968
 0 0.629709
 0 0.629756
 0 0.629759
 0 0.629853
 0 0.62986
 0 0.629861
 0 0.629861
 0 0.629863
 0 0.629869
 0 0.629906
 0 0.629984
 0 0.630031
 0 0.630044
 0 0.630047
 0 0.630047
 0 0.630049
 0 0.630064
 0 0.630098
 0 0.630098
 0 0.630111
 0 0.630124
 0 0.630124
 0 0.630129
 0 0.630129
 0 0.630129
 0 0.63013
 0 0.630136
 0 0.630137
 0 0.630186
 0 0.630188
 0 0.6302
 0 0.6302
 0 0.630201
 0 0.630247
 0 0.630265
 0 0.630276
 0 0.630277
 0 0.630323
 0 0.630338
 0 0.630339
 0 0.630345
 0 0.630345
 0 0.630347
 0 0.630356
 0 0.630356
 0 0.63047
 0 0.630475
 0 0.630477
 0 0.630477
 0 0.630477
 0 0.630478
 0 0.630479
 0 0.630498
 0 0.630506
 0 0.63051
 0 0.630513
 0 0.630515
 0 0.630516
 0 0.630525
 0 0.630525
 0 0.630526
 0 0.63054
 0 0.630602
 0 0.630636
 0 0.630651
 0 0.630682
 0 0.630684
 0 0.630685
 0 0.630685
 0 0.630685
 0 0.63069
 0 0.63069
 0 0.630693
 0 0.630698
 0 0.630701
 0 0.630709
 0 0.63073
 0 0.63073
 0 0.630735
 0 0.630742
 0 0.630769
 0 0.630771
 0 0.630772
 0 0.630772
 0 0.630773
 0 0.630789
 0 0.63081
 0 0.630818
 0 0.630834
 0 0.63092
 0 0.630946
 0 0.630986
 0 0.631014
 0 0.631017
 0 0.631031
 0 0.631035
 0 0.631035
 0 0.631035
 0 0.631036
 0 0.631036
 0 0.631049
 0 0.63105
 0 0.631052
 0 0.631054
 0 0.631054
 0 0.63111
 0 0.631159
 0 0.63117
 0 0.631199
 0 0.631201
 0 0.631204
 0 0.631227
 0 0.631245
 0 0.631245
 0 0.631307
 0 0.631317
 0 0.631317
 0 0.631338
 0 0.631348
 0 0.631349
 0 0.63135
 0 0.63135
 0 0.63135
 0 0.631351
 0 0.631351
 0 0.631356
 0 0.631357
 0 0.631381
 0 0.631384
 0 0.631387
 0 0.63139
 0 0.63139
 0 0.63139
 0 0.63139
 0 0.631428
 0 0.631446
 0 0.63147
 0 0.631477
 0 0.631493
 0 0.631493
 0 0.631508
 0 0.631508
 0 0.631508
 0 0.631526
 0 0.631526
 0 0.631526
 0 0.631527
 0 0.631552
 0 0.631552
 0 0.631564
 0 0.631566
 0 0.631568
 0 0.631575
 0 0.631581
 0 0.631581
 0 0.631597
 0 0.631622
 0 0.631627
 0 0.63167
 0 0.63167
 0 0.631676
 0 0.631694
 0 0.631695
 0 0.6317
 0 0.631706
 0 0.631706
 0 0.631706
 0 0.631723
 0 0.631723
 0 0.631725
 0 0.631738
 0 0.631745
 0 0.631745
 0 0.631754
 0 0.631765
 0 0.631787
 0 0.631791
 0 0.631812
 0 0.631813
 0 0.631819
 0 0.631822
 0 0.631823
 0 0.631825
 0 0.631826
 0 0.631828
 0 0.631833
 0 0.631835
 0 0.63184
 0 0.63184
 0 0.63184
 0 0.63184
 0 0.631899
 0 0.631899
 0 0.631899
 0 0.631902
 0 0.631902
 0 0.631906
 0 0.631932
 0 0.631935
 0 0.631935
 0 0.631957
 0 0.631991
 0 0.632014
 0 0.632027
 0 0.632027
 0 0.632036
 0 0.632038
 0 0.632039
 0 0.632042
 0 0.632072
 0 0.632154
 0 0.632156
 0 0.632157
 0 0.632172
 0 0.632172
 0 0.632172
 0 0.632173
 0 0.632181
 0 0.632182
 0 0.632183
 0 0.632211
 0 0.632216
 0 0.632217
 0 0.632221
 0 0.632226
 0 0.632229
 0 0.632229
 0 0.632248
 0 0.632304
 0 0.63231
 0 0.63231
 0 0.632312
 0 0.632314
 0 0.632352
 0 0.632387
 0 0.63242
 0 0.632421
 0 0.632422
 0 0.63244
 0 0.632462
 0 0.632496
 0 0.632505
 0 0.63252
 0 0.632526
 0 0.632526
 0 0.632535
 0 0.632535
 0 0.632567
 0 0.632567
 0 0.632567
 0 0.632568
 0 0.632568
 0 0.632572
 0 0.632575
 0 0.632575
 0 0.632575
 0 0.632575
 0 0.632575
 0 0.632576
 0 0.632583
 0 0.632583
 0 0.632599
 0 0.632599
 0 0.632601
 0 0.632629
 0 0.632633
 0 0.632634
 0 0.632651
 0 0.632654
 0 0.632655
 0 0.632674
 0 0.632674
 0 0.632697
 0 0.632697
 0 0.632708
 0 0.632731
 0 0.63276
 0 0.632761
 0 0.632761
 0 0.6328
 0 0.632808
 0 0.632808
 0 0.632829
 0 0.632829
 0 0.632902
 0 0.632903
 0 0.632915
 0 0.632922
 0 0.632922
 0 0.632922
 0 0.632924
 0 0.632925
 0 0.632942
 0 0.632942
 0 0.632945
 0 0.632959
 0 0.632961
 0 0.632964
 0 0.632985
 0 0.632988
 0 0.632989
 0 0.633
 0 0.633027
 0 0.633027
 0 0.63304
 0 0.633043
 0 0.633043
 0 0.633059
 0 0.63309
 0 0.63309
 0 0.633101
 0 0.633101
 0 0.633101
 0 0.633144
 0 0.633148
 0 0.633185
 0 0.633195
 0 0.633197
 0 0.633197
 0 0.633198
 0 0.633233
 0 0.633299
 0 0.633299
 0 0.633313
 0 0.633314
 0 0.633367
 0 0.633367
 0 0.633368
 0 0.633368
 0 0.633368
 0 0.633382
 0 0.633382
 0 0.633383
 0 0.633408
 0 0.633411
 0 0.633445
 0 0.633448
 0 0.633449
 0 0.633495
 0 0.633533
 0 0.633579
 0 0.633582
 0 0.633588
 0 0.633589
 0 0.633589
 0 0.633615
 0 0.633616
 0 0.633616
 0 0.633623
 0 0.633628
 0 0.63363
 0 0.63363
 0 0.63371
 0 0.633762
 0 0.633765
 0 0.633781
 0 0.633785
 0 0.633785
 0 0.633788
 0 0.633789
 0 0.633814
 0 0.633814
 0 0.633828
 0 0.633829
 0 0.633835
 0 0.633838
 0 0.633853
 0 0.633855
 0 0.633858
 0 0.633859
 0 0.633859
 0 0.63389
 0 0.633909
 0 0.633913
 0 0.633917
 0 0.633917
 0 0.633934
 0 0.633934
 0 0.633983
 0 0.633984
 0 0.633986
 0 0.633987
 0 0.633998
 0 0.633999
 0 0.634002
 0 0.634002
 0 0.634002
 0 0.634083
 0 0.634083
 0 0.634086
 0 0.634089
 0 0.634092
 0 0.634108
 0 0.634137
 0 0.634137
 0 0.634149
 0 0.634156
 0 0.634193
 0 0.634193
 0 0.634193
 0 0.634194
 0 0.634221
 0 0.634221
 0 0.634244
 0 0.63425
 0 0.634253
 0 0.634262
 0 0.634269
 0 0.63433
 0 0.634398
 0 0.634399
 0 0.634399
 0 0.634436
 0 0.634454
 0 0.634493
 0 0.634551
 0 0.634551
 0 0.634569
 0 0.634576
 0 0.63461
 0 0.634611
 0 0.634623
 0 0.634624
 0 0.634628
 0 0.63463
 0 0.634641
 0 0.634641
 0 0.634642
 0 0.634642
 0 0.634665
 0 0.634665
 0 0.634682
 0 0.634717
 0 0.634737
 0 0.634737
 0 0.63474
 0 0.634774
 0 0.634774
 0 0.634785
 0 0.634834
 0 0.634837
 0 0.634843
 0 0.634843
 0 0.634846
 0 0.634846
 0 0.634859
 0 0.634895
 0 0.634898
 0 0.634898
 0 0.634898
 0 0.634898
 0 0.634899
 0 0.634899
 0 0.6349
 0 0.634918
 0 0.634921
 0 0.634922
 0 0.634924
 0 0.634942
 0 0.634946
 0 0.634957
 0 0.634957
 0 0.634957
 0 0.634958
 0 0.634982
 0 0.634982
 0 0.634982
 0 0.634994
 0 0.634996
 0 0.635005
 0 0.635006
 0 0.635006
 0 0.635043
 0 0.635146
 0 0.635152
 0 0.635152
 0 0.635153
 0 0.635192
 0 0.635199
 0 0.635202
 0 0.63523
 0 0.635232
 0 0.635232
 0 0.635258
 0 0.635259
 0 0.63526
 0 0.635308
 0 0.635313
 0 0.635317
 0 0.635319
 0 0.635325
 0 0.635325
 0 0.635329
 0 0.635329
 0 0.63535
 0 0.635352
 0 0.635353
 0 0.635353
 0 0.63538
 0 0.635385
 0 0.635386
 0 0.635394
 0 0.635407
 0 0.63546
 0 0.635466
 0 0.635467
 0 0.63548
 0 0.635484
 0 0.635518
 0 0.635519
 0 0.635522
 0 0.635523
 0 0.635528
 0 0.635533
 0 0.635539
 0 0.635539
 0 0.635541
 0 0.635541
 0 0.635543
 0 0.635543
 0 0.635543
 0 0.635547
 0 0.635558
 0 0.635564
 0 0.63559
 0 0.635596
 0 0.635597
 0 0.635598
 0 0.635598
 0 0.635617
 0 0.635617
 0 0.63564
 0 0.635653
 0 0.635653
 0 0.635693
 0 0.635693
 0 0.635693
 0 0.635708
 0 0.635709
 0 0.63572
 0 0.635722
 0 0.635722
 0 0.635722
 0 0.635749
 0 0.635749
 0 0.63575
 0 0.635753
 0 0.635754
 0 0.63576
 0 0.635761
 0 0.635818
 0 0.635821
 0 0.635823
 0 0.635838
 0 0.635838
 0 0.63585
 0 0.635859
 0 0.63586
 0 0.635909
 0 0.635909
 0 0.63591
 0 0.635911
 0 0.635913
 0 0.635927
 0 0.635927
 0 0.635929
 0 0.635931
 0 0.635931
 0 0.635938
 0 0.635942
 0 0.635981
 0 0.635982
 0 0.635991
 0 0.635992
 0 0.635993
 0 0.635996
 0 0.636
 0 0.636
 0 0.636001
 0 0.636012
 0 0.636025
 0 0.636039
 0 0.636041
 0 0.636041
 0 0.636044
 0 0.636077
 0 0.636081
 0 0.636083
 0 0.636085
 0 0.636092
 0 0.636092
 0 0.636108
 0 0.636123
 0 0.636136
 0 0.636136
 0 0.636141
 0 0.636141
 0 0.636141
 0 0.636157
 0 0.636172
 0 0.636181
 0 0.636207
 0 0.636219
 0 0.636225
 0 0.636241
 0 0.636246
 0 0.636247
 0 0.636258
 0 0.636259
 0 0.63626
 0 0.63626
 0 0.63626
 0 0.636265
 0 0.636266
 0 0.636266
 0 0.636266
 0 0.636346
 0 0.636353
 0 0.636375
 0 0.636379
 0 0.636384
 0 0.636385
 0 0.636395
 0 0.636398
 0 0.636411
 0 0.636419
 0 0.636419
 0 0.636435
 0 0.636438
 0 0.636438
 0 0.636439
 0 0.636439
 0 0.636439
 0 0.636466
 0 0.636467
 0 0.636467
 0 0.636467
 0 0.636467
 0 0.636474
 0 0.636484
 0 0.636488
 0 0.636504
 0 0.636504
 0 0.636518
 0 0.63652
 0 0.636523
 0 0.636599
 0 0.636602
 0 0.636603
 0 0.636605
 0 0.636606
 0 0.636625
 0 0.636658
 0 0.636715
 0 0.636715
 0 0.636719
 0 0.636719
 0 0.63672
 0 0.636741
 0 0.636743
 0 0.636744
 0 0.636746
 0 0.636746
 0 0.636793
 0 0.636793
 0 0.636793
 0 0.636796
 0 0.636797
 0 0.636798
 0 0.636832
 0 0.636849
 0 0.63685
 0 0.63685
 0 0.636879
 0 0.636879
 0 0.636891
 0 0.636898
 0 0.636917
 0 0.636966
 0 0.636969
 0 0.636991
 0 0.636991
 0 0.637032
 0 0.637047
 0 0.637052
 0 0.637068
 0 0.637068
 0 0.637075
 0 0.637088
 0 0.637088
 0 0.637094
 0 0.637097
 0 0.637098
 0 0.637121
 0 0.637164
 0 0.637243
 0 0.637243
 0 0.637251
 0 0.637252
 0 0.637253
 0 0.637263
 0 0.63727
 0 0.637302
 0 0.637313
 0 0.637316
 0 0.637319
 0 0.637319
 0 0.637322
 0 0.637323
 0 0.637323
 0 0.637326
 0 0.637326
 0 0.637326
 0 0.637326
 0 0.637328
 0 0.637344
 0 0.637344
 0 0.637344
 0 0.637348
 0 0.637348
 0 0.637359
 0 0.637363
 0 0.637378
 0 0.637411
 0 0.637417
 0 0.637423
 0 0.637423
 0 0.637442
 0 0.637585
 0 0.637609
 0 0.637628
 0 0.637681
 0 0.637681
 0 0.637683
 0 0.63769
 0 0.637691
 0 0.637695
 0 0.637698
 0 0.637698
 0 0.637698
 0 0.637716
 0 0.637717
 0 0.637719
 0 0.637723
 0 0.637723
 0 0.637736
 0 0.637746
 0 0.637746
 0 0.637747
 0 0.637748
 0 0.637748
 0 0.637766
 0 0.637766
 0 0.637767
 0 0.637795
 0 0.637795
 0 0.637826
 0 0.637827
 0 0.637937
 0 0.637938
 0 0.637985
 0 0.637985
 0 0.637989
 0 0.637989
 0 0.637989
 0 0.638016
 0 0.638017
 0 0.638017
 0 0.638091
 0 0.638093
 0 0.638093
 0 0.638094
 0 0.638155
 0 0.638187
 0 0.638203
 0 0.638203
 0 0.638204
 0 0.638204
 0 0.638205
 0 0.638209
 0 0.638209
 0 0.638215
 0 0.638243
 0 0.638243
 0 0.638243
 0 0.638269
 0 0.63827
 0 0.638287
 0 0.638289
 0 0.63829
 0 0.638322
 0 0.638322
 0 0.638324
 0 0.638325
 0 0.638326
 0 0.638351
 0 0.638407
 0 0.638418
 0 0.638441
 0 0.638442
 0 0.638468
 0 0.638469
 0 0.63847
 0 0.63847
 0 0.638473
 0 0.638474
 0 0.638476
 0 0.638476
 0 0.638507
 0 0.63851
 0 0.63851
 0 0.638523
 0 0.638528
 0 0.638528
 0 0.638548
 0 0.63855
 0 0.638565
 0 0.638569
 0 0.638569
 0 0.63857
 0 0.638574
 0 0.638575
 0 0.638583
 0 0.638592
 0 0.638622
 0 0.638623
 0 0.638634
 0 0.638646
 0 0.638648
 0 0.638648
 0 0.638674
 0 0.638674
 0 0.638675
 0 0.638675
 0 0.638678
 0 0.638704
 0 0.638704
 0 0.638704
 0 0.638713
 0 0.638715
 0 0.638715
 0 0.638715
 0 0.638737
 0 0.638738
 0 0.63874
 0 0.63874
 0 0.638771
 0 0.638771
 0 0.638775
 0 0.638794
 0 0.638816
 0 0.638868
 0 0.63887
 0 0.638901
 0 0.638902
 0 0.638931
 0 0.638931
 0 0.638932
 0 0.638977
 0 0.638977
 0 0.638984
 0 0.639022
 0 0.639023
 0 0.639026
 0 0.639027
 0 0.639039
 0 0.639041
 0 0.639041
 0 0.639063
 0 0.639063
 0 0.639078
 0 0.639101
 0 0.639116
 0 0.639164
 0 0.639164
 0 0.639165
 0 0.639165
 0 0.63917
 0 0.639179
 0 0.639193
 0 0.639221
 0 0.639221
 0 0.639222
 0 0.639234
 0 0.639238
 0 0.639239
 0 0.639239
 0 0.639241
 0 0.639246
 0 0.639246
 0 0.639254
 0 0.639285
 0 0.639285
 0 0.639318
 0 0.639318
 0 0.639321
 0 0.639321
 0 0.639333
 0 0.639333
 0 0.639333
 0 0.639336
 0 0.639341
 0 0.639348
 0 0.639348
 0 0.63935
 0 0.639352
 0 0.639359
 0 0.639361
 0 0.639363
 0 0.639364
 0 0.639365
 0 0.639368
 0 0.639368
 0 0.639377
 0 0.639412
 0 0.639418
 0 0.639432
 0 0.639432
 0 0.639446
 0 0.639447
 0 0.639448
 0 0.639458
 0 0.639518
 0 0.639519
 0 0.639522
 0 0.639522
 0 0.639522
 0 0.639534
 0 0.639601
 0 0.639616
 0 0.639624
 0 0.639634
 0 0.639636
 0 0.639671
 0 0.639695
 0 0.639695
 0 0.639696
 0 0.639723
 0 0.639723
 0 0.639732
 0 0.639739
 0 0.639744
 0 0.639756
 0 0.639776
 0 0.639776
 0 0.639777
 0 0.63978
 0 0.639781
 0 0.639784
 0 0.639785
 0 0.639789
 0 0.639789
 0 0.639792
 0 0.639813
 0 0.639825
 0 0.639849
 0 0.639877
 0 0.639908
 0 0.639908
 0 0.639908
 0 0.639909
 0 0.63992
 0 0.639929
 0 0.639929
 0 0.639929
 0 0.63993
 0 0.639951
 0 0.639952
 0 0.63996
 0 0.639996
 0 0.639996
 0 0.639996
 0 0.640008
 0 0.64002
 0 0.64002
 0 0.640021
 0 0.640021
 0 0.640036
 0 0.640036
 0 0.640036
 0 0.640054
 0 0.640065
 0 0.640065
 0 0.640067
 0 0.640067
 0 0.640067
 0 0.640108
 0 0.640108
 0 0.640196
 0 0.640203
 0 0.640203
 0 0.640204
 0 0.640223
 0 0.640223
 0 0.640254
 0 0.640254
 0 0.640258
 0 0.640273
 0 0.640273
 0 0.640338
 0 0.640338
 0 0.64034
 0 0.64034
 0 0.64034
 0 0.640342
 0 0.640424
 0 0.640424
 0 0.640431
 0 0.640431
 0 0.640432
 0 0.640462
 0 0.640495
 0 0.640495
 0 0.640495
 0 0.640495
 0 0.640496
 0 0.640504
 0 0.640513
 0 0.640553
 0 0.640553
 0 0.640553
 0 0.640554
 0 0.640571
 0 0.640571
 0 0.640571
 0 0.640572
 0 0.640573
 0 0.640573
 0 0.64062
 0 0.64062
 0 0.640631
 0 0.640632
 0 0.640654
 0 0.640654
 0 0.640654
 0 0.640664
 0 0.640664
 0 0.640665
 0 0.64068
 0 0.640685
 0 0.640685
 0 0.640703
 0 0.640704
 0 0.640705
 0 0.640717
 0 0.640717
 0 0.640728
 0 0.640742
 0 0.640757
 0 0.640757
 0 0.640796
 0 0.640802
 0 0.640803
 0 0.640822
 0 0.640987
 0 0.640989
 0 0.64099
 0 0.64099
 0 0.641047
 0 0.641048
 0 0.641051
 0 0.641078
 0 0.641082
 0 0.641086
 0 0.641095
 0 0.641096
 0 0.641114
 0 0.641114
 0 0.641114
 0 0.641116
 0 0.641132
 0 0.641133
 0 0.641133
 0 0.641133
 0 0.641133
 0 0.641182
 0 0.641182
 0 0.641189
 0 0.641202
 0 0.641202
 0 0.641239
 0 0.641241
 0 0.641283
 0 0.641283
 0 0.641284
 0 0.641302
 0 0.641302
 0 0.641302
 0 0.641303
 0 0.641349
 0 0.641581
 0 0.641605
 0 0.641608
 0 0.641642
 0 0.641642
 0 0.641643
 0 0.641691
 0 0.641694
 0 0.641791
 0 0.641794
 0 0.641794
 0 0.641794
 0 0.641827
 0 0.641907
 0 0.641918
 0 0.641918
 0 0.641919
 0 0.641923
 0 0.642018
 0 0.642051
 0 0.642462
 0 0.642462
 0 0.642466
 0 0.64247
 0 0.642558
 0 0.642559
 0 0.642601
 0 0.642621
 0 0.642621
 0 0.642655
 0 0.642684
 0 0.642685
 0 0.642815
 0 0.642817
 0 0.642823
 0 0.642824
 0 0.642901
 0 0.642902
 0 0.642902
 0 0.642935
 0 0.643001
 0 0.643001
 0 0.643002
 0 0.643008
 0 0.643008
 0 0.643032
 0 0.643032
 0 0.643032
 0 0.643049
 0 0.643109
 0 0.64319
 0 0.643233
 0 0.643233
 0 0.643422
 0 0.643438
 0 0.643438
 0 0.643438
 0 0.643514
 0 0.643579
 0 0.643585
 0 0.643604
 0 0.643611
 0 0.6437
 0 0.643723
 0 0.643733
 0 0.643734
 0 0.643763
 0 0.643837
 0 0.643923
 0 0.643999
 0 0.644002
 0 0.644267
 0 0.644269
 0 0.644324
 0 0.644391
 0 0.644391
 0 0.644393
 0 0.644398
 0 0.644399
 0 0.644503
 0 0.644509
 0 0.644509
 0 0.644603
 0 0.644603
 0 0.644604
 0 0.644646
 0 0.644646
 0 0.644671
 0 0.644742
 0 0.644743
 0 0.644743
 0 0.644866
 0 0.644936
 0 0.644936
 0 0.644936
 0 0.644936
 0 0.645076
 0 0.645195
 0 0.645195
 0 0.645196
 0 0.645196
 0 0.645255
 0 0.645387
 0 0.645387
 0 0.645403
 0 0.645405
 0 0.645555
 0 0.645557
 0 0.645749
 0 0.645752
 0 0.645753
 0 0.645753
 0 0.645753
 0 0.645754
 0 0.646067
 0 0.646067
 0 0.646174
 0 0.646401
 0 0.647361
 0 0.647989
 0 0.647993
 0 0.647993
 0 0.647993
 0 0.647993
 0 0.802502
 0 0.817455
 0 0.817821
 0 0.817821
 0 0.817981
 0 0.817982
 0 0.818752
 0 0.864854
 0 0.865072
 0 0.865832
 0 0.865835
 0 0.865835
 0 0.877809
 0 0.983216
 0 0.983952
 0 0.983958
 0 0.984261
 0 0.984267
 0 inf
