 0 0.485425
 0 0.4855
 0 0.486268
 0 0.486269
 0 0.486343
 0 0.486343
 0 0.624323
 0 0.624324
 0 0.624607
 0 0.625338
 0 0.625564
 0 0.625565
 0 0.625566
 0 0.626155
 0 0.62619
 0 0.626394
 0 0.626395
 0 0.626521
 0 0.626521
 0 0.626606
 0 0.626969
 0 0.627005
 0 0.627006
 0 0.627332
 0 0.627966
 0 0.628136
 0 0.628136
 0 0.628204
 0 0.628205
 0 0.62852
 0 0.628638
 0 0.628638
 0 0.628638
 0 0.628742
 0 0.628768
 0 0.628768
 0 0.628915
 0 0.628915
 0 0.629051
 0 0.629051
 0 0.629051
 0 0.629051
 0 0.629051
 0 0.629079
 0 0.629079
 0 0.629084
 0 0.62911
 0 0.629117
 0 0.629149
 0 0.62915
 0 0.629212
 0 0.629213
 0 0.629213
 0 0.629213
 0 0.629214
 0 0.629223
 0 0.629225
 0 0.629225
 0 0.629332
 0 0.629332
 0 0.629333
 0 0.62934
 0 0.629341
 0 0.629341
 0 0.629366
 0 0.629366
 0 0.629543
 0 0.629543
 0 0.629597
 0 0.629614
 0 0.629614
 0 0.629702
 0 0.629718
 0 0.629735
 0 0.62981
 0 0.629811
 0 0.629838
 0 0.629849
 0 0.629851
 0 0.629862
 0 0.629865
 0 0.629885
 0 0.629956
 0 0.629971
 0 0.629973
 0 0.629973
 0 0.629973
 0 0.629984
 0 0.630019
 0 0.630021
 0 0.630032
 0 0.630033
 0 0.630033
 0 0.630033
 0 0.630057
 0 0.63008
 0 0.63008
 0 0.630084
 0 0.630084
 0 0.630094
 0 0.630109
 0 0.63011
 0 0.63011
 0 0.630118
 0 0.630119
 0 0.630119
 0 0.630132
 0 0.630166
 0 0.630167
 0 0.630189
 0 0.630206
 0 0.630208
 0 0.630213
 0 0.630231
 0 0.630315
 0 0.630316
 0 0.630316
 0 0.630316
 0 0.630347
 0 0.630347
 0 0.630348
 0 0.630363
 0 0.630363
 0 0.630371
 0 0.630372
 0 0.630379
 0 0.630485
 0 0.630487
 0 0.630488
 0 0.630527
 0 0.630527
 0 0.630528
 0 0.630531
 0 0.630531
 0 0.630547
 0 0.630548
 0 0.630548
 0 0.630595
 0 0.630603
 0 0.630637
 0 0.630661
 0 0.630666
 0 0.630667
 0 0.630667
 0 0.630692
 0 0.630731
 0 0.630736
 0 0.630738
 0 0.630837
 0 0.630848
 0 0.630848
 0 0.630886
 0 0.630886
 0 0.630887
 0 0.630887
 0 0.630896
 0 0.630896
 0 0.630898
 0 0.630898
 0 0.630925
 0 0.630925
 0 0.630925
 0 0.630931
 0 0.630946
 0 0.630947
 0 0.630956
 0 0.630958
 0 0.630977
 0 0.630993
 0 0.630994
 0 0.631006
 0 0.63101
 0 0.631011
 0 0.631042
 0 0.631054
 0 0.631073
 0 0.631074
 0 0.631085
 0 0.631086
 0 0.631105
 0 0.631106
 0 0.631107
 0 0.631124
 0 0.631143
 0 0.631191
 0 0.631192
 0 0.631197
 0 0.631228
 0 0.631228
 0 0.631242
 0 0.63127
 0 0.631272
 0 0.631272
 0 0.631285
 0 0.631307
 0 0.631308
 0 0.631326
 0 0.631349
 0 0.631362
 0 0.631363
 0 0.63138
 0 0.63138
 0 0.631381
 0 0.6314
 0 0.631438
 0 0.631439
 0 0.631447
 0 0.631476
 0 0.631476
 0 0.631485
 0 0.631486
 0 0.631501
 0 0.631509
 0 0.631521
 0 0.631521
 0 0.631526
 0 0.631527
 0 0.631535
 0 0.631536
 0 0.631565
 0 0.631565
 0 0.631565
 0 0.631565
 0 0.631584
 0 0.631584
 0 0.631617
 0 0.631628
 0 0.631628
 0 0.631629
 0 0.631629
 0 0.631681
 0 0.63169
 0 0.631691
 0 0.631691
 0 0.631691
 0 0.631694
 0 0.631697
 0 0.631703
 0 0.631706
 0 0.631706
 0 0.631708
 0 0.631719
 0 0.63172
 0 0.631749
 0 0.631749
 0 0.631749
 0 0.631777
 0 0.631777
 0 0.631788
 0 0.631814
 0 0.631814
 0 0.631861
 0 0.631861
 0 0.631864
 0 0.631864
 0 0.631865
 0 0.631865
 0 0.631882
 0 0.631896
 0 0.631896
 0 0.631896
 0 0.631898
 0 0.631952
 0 0.631952
 0 0.631952
 0 0.631952
 0 0.631952
 0 0.631959
 0 0.631962
 0 0.631962
 0 0.631993
 0 0.631994
 0 0.632003
 0 0.632003
 0 0.632003
 0 0.632021
 0 0.632026
 0 0.632032
 0 0.632033
 0 0.632034
 0 0.632035
 0 0.632054
 0 0.632063
 0 0.632063
 0 0.63211
 0 0.632119
 0 0.632119
 0 0.632125
 0 0.632125
 0 0.632125
 0 0.632128
 0 0.632128
 0 0.632145
 0 0.632145
 0 0.632145
 0 0.632147
 0 0.632175
 0 0.632178
 0 0.63218
 0 0.632212
 0 0.632258
 0 0.632266
 0 0.632267
 0 0.632267
 0 0.63228
 0 0.63228
 0 0.632294
 0 0.632309
 0 0.632309
 0 0.632323
 0 0.632324
 0 0.632333
 0 0.632334
 0 0.632351
 0 0.632364
 0 0.632365
 0 0.632382
 0 0.632409
 0 0.632409
 0 0.632409
 0 0.632438
 0 0.632438
 0 0.632438
 0 0.632438
 0 0.632449
 0 0.63245
 0 0.632468
 0 0.632478
 0 0.632478
 0 0.632478
 0 0.632479
 0 0.632503
 0 0.632504
 0 0.63251
 0 0.63251
 0 0.632523
 0 0.632523
 0 0.632538
 0 0.632538
 0 0.632555
 0 0.632555
 0 0.632555
 0 0.632581
 0 0.632581
 0 0.632583
 0 0.632606
 0 0.632606
 0 0.63263
 0 0.63271
 0 0.632711
 0 0.632711
 0 0.632724
 0 0.632741
 0 0.632741
 0 0.632767
 0 0.632767
 0 0.632767
 0 0.632767
 0 0.632768
 0 0.632768
 0 0.632793
 0 0.632793
 0 0.632808
 0 0.632825
 0 0.63283
 0 0.632835
 0 0.632837
 0 0.632868
 0 0.632868
 0 0.632868
 0 0.632868
 0 0.632876
 0 0.632876
 0 0.632879
 0 0.632886
 0 0.632908
 0 0.632925
 0 0.632927
 0 0.632934
 0 0.632934
 0 0.632943
 0 0.632943
 0 0.632944
 0 0.632945
 0 0.632984
 0 0.632984
 0 0.632987
 0 0.632987
 0 0.63301
 0 0.63301
 0 0.633038
 0 0.63304
 0 0.63305
 0 0.633051
 0 0.633051
 0 0.633052
 0 0.633052
 0 0.633053
 0 0.633063
 0 0.633072
 0 0.633102
 0 0.633155
 0 0.633156
 0 0.633171
 0 0.633171
 0 0.633171
 0 0.633193
 0 0.633193
 0 0.633194
 0 0.633194
 0 0.633199
 0 0.6332
 0 0.633209
 0 0.633209
 0 0.63321
 0 0.63321
 0 0.633211
 0 0.633212
 0 0.633212
 0 0.633227
 0 0.633258
 0 0.633264
 0 0.633265
 0 0.633265
 0 0.633284
 0 0.633285
 0 0.633291
 0 0.633291
 0 0.633291
 0 0.633293
 0 0.633299
 0 0.633304
 0 0.633304
 0 0.633305
 0 0.633305
 0 0.633307
 0 0.633319
 0 0.633322
 0 0.633322
 0 0.633322
 0 0.633326
 0 0.633332
 0 0.633332
 0 0.633332
 0 0.633332
 0 0.633332
 0 0.633335
 0 0.633356
 0 0.633368
 0 0.633369
 0 0.63337
 0 0.63337
 0 0.633382
 0 0.633382
 0 0.633383
 0 0.633383
 0 0.633395
 0 0.633395
 0 0.633395
 0 0.633395
 0 0.633395
 0 0.633395
 0 0.633399
 0 0.633399
 0 0.6334
 0 0.633416
 0 0.633418
 0 0.633432
 0 0.633432
 0 0.633446
 0 0.633446
 0 0.633446
 0 0.633484
 0 0.633484
 0 0.633485
 0 0.633497
 0 0.633499
 0 0.633511
 0 0.633512
 0 0.633512
 0 0.633534
 0 0.633534
 0 0.633535
 0 0.633575
 0 0.633576
 0 0.633577
 0 0.633578
 0 0.633593
 0 0.633594
 0 0.633594
 0 0.633627
 0 0.633634
 0 0.633654
 0 0.633654
 0 0.633658
 0 0.633664
 0 0.633664
 0 0.633692
 0 0.633692
 0 0.633698
 0 0.633722
 0 0.633749
 0 0.633752
 0 0.633752
 0 0.633752
 0 0.633752
 0 0.633753
 0 0.633755
 0 0.633773
 0 0.633773
 0 0.633787
 0 0.633787
 0 0.633821
 0 0.633823
 0 0.633827
 0 0.633835
 0 0.633835
 0 0.63385
 0 0.63385
 0 0.633858
 0 0.633859
 0 0.633887
 0 0.633904
 0 0.633904
 0 0.633925
 0 0.633926
 0 0.633926
 0 0.633931
 0 0.633931
 0 0.633931
 0 0.633931
 0 0.633932
 0 0.633942
 0 0.633942
 0 0.633943
 0 0.633949
 0 0.63395
 0 0.633953
 0 0.633954
 0 0.633954
 0 0.633955
 0 0.633975
 0 0.633976
 0 0.633976
 0 0.633988
 0 0.633998
 0 0.633998
 0 0.633998
 0 0.634001
 0 0.634024
 0 0.634038
 0 0.634051
 0 0.634058
 0 0.634063
 0 0.634068
 0 0.634068
 0 0.634068
 0 0.634075
 0 0.634075
 0 0.634075
 0 0.634076
 0 0.634077
 0 0.634077
 0 0.634077
 0 0.634077
 0 0.634111
 0 0.634111
 0 0.634111
 0 0.634146
 0 0.63415
 0 0.634157
 0 0.634174
 0 0.634197
 0 0.634197
 0 0.634197
 0 0.634228
 0 0.634229
 0 0.634229
 0 0.634237
 0 0.634237
 0 0.634242
 0 0.634247
 0 0.634258
 0 0.634259
 0 0.634259
 0 0.634259
 0 0.634259
 0 0.63426
 0 0.63426
 0 0.634281
 0 0.634284
 0 0.634284
 0 0.634284
 0 0.634289
 0 0.63429
 0 0.63429
 0 0.634291
 0 0.634339
 0 0.634339
 0 0.63434
 0 0.634349
 0 0.634349
 0 0.634355
 0 0.634368
 0 0.63437
 0 0.63437
 0 0.634376
 0 0.634391
 0 0.634394
 0 0.634401
 0 0.63442
 0 0.63442
 0 0.634429
 0 0.63443
 0 0.63443
 0 0.63443
 0 0.63443
 0 0.634441
 0 0.634449
 0 0.634453
 0 0.634456
 0 0.634462
 0 0.634467
 0 0.634467
 0 0.634472
 0 0.634484
 0 0.634489
 0 0.634491
 0 0.634491
 0 0.634497
 0 0.6345
 0 0.634521
 0 0.634529
 0 0.634529
 0 0.634531
 0 0.634531
 0 0.634532
 0 0.634533
 0 0.634534
 0 0.634543
 0 0.634543
 0 0.634611
 0 0.634613
 0 0.634666
 0 0.634666
 0 0.634682
 0 0.634682
 0 0.634692
 0 0.634717
 0 0.634719
 0 0.634719
 0 0.63472
 0 0.634738
 0 0.634739
 0 0.634742
 0 0.634742
 0 0.634765
 0 0.63481
 0 0.63481
 0 0.634814
 0 0.634814
 0 0.634843
 0 0.634843
 0 0.634844
 0 0.634852
 0 0.634882
 0 0.634888
 0 0.63489
 0 0.634897
 0 0.634897
 0 0.634897
 0 0.634899
 0 0.6349
 0 0.634908
 0 0.634908
 0 0.634916
 0 0.634916
 0 0.634916
 0 0.634938
 0 0.63494
 0 0.63495
 0 0.63495
 0 0.63495
 0 0.634972
 0 0.63499
 0 0.634991
 0 0.634994
 0 0.634996
 0 0.635
 0 0.635
 0 0.635001
 0 0.635001
 0 0.63505
 0 0.63505
 0 0.63505
 0 0.635052
 0 0.635069
 0 0.63507
 0 0.63507
 0 0.63507
 0 0.63507
 0 0.635098
 0 0.6351
 0 0.6351
 0 0.635125
 0 0.635126
 0 0.635126
 0 0.635126
 0 0.635126
 0 0.635145
 0 0.635145
 0 0.635145
 0 0.635145
 0 0.635145
 0 0.635166
 0 0.635213
 0 0.635213
 0 0.635213
 0 0.635213
 0 0.635227
 0 0.635233
 0 0.635253
 0 0.635253
 0 0.635258
 0 0.635266
 0 0.635266
 0 0.635293
 0 0.635293
 0 0.635294
 0 0.635306
 0 0.635333
 0 0.635334
 0 0.635335
 0 0.63535
 0 0.63535
 0 0.635393
 0 0.635425
 0 0.635426
 0 0.635457
 0 0.635457
 0 0.635469
 0 0.635494
 0 0.635494
 0 0.635513
 0 0.635542
 0 0.635549
 0 0.63555
 0 0.63555
 0 0.635568
 0 0.635569
 0 0.635589
 0 0.635614
 0 0.635624
 0 0.635624
 0 0.635624
 0 0.635624
 0 0.635637
 0 0.635661
 0 0.635661
 0 0.635661
 0 0.635662
 0 0.635662
 0 0.635669
 0 0.635678
 0 0.635678
 0 0.635682
 0 0.635692
 0 0.635692
 0 0.635692
 0 0.635704
 0 0.635705
 0 0.63574
 0 0.635759
 0 0.635759
 0 0.635759
 0 0.635763
 0 0.635764
 0 0.635796
 0 0.635796
 0 0.635796
 0 0.635797
 0 0.635803
 0 0.635803
 0 0.635805
 0 0.635809
 0 0.635809
 0 0.635809
 0 0.635809
 0 0.635825
 0 0.635825
 0 0.635826
 0 0.635838
 0 0.635839
 0 0.635903
 0 0.635909
 0 0.635922
 0 0.635978
 0 0.635978
 0 0.636063
 0 0.636064
 0 0.636064
 0 0.636083
 0 0.636174
 0 0.636175
 0 0.636175
 0 0.636197
 0 0.636197
 0 0.636211
 0 0.636213
 0 0.636213
 0 0.636215
 0 0.636215
 0 0.636219
 0 0.636227
 0 0.636323
 0 0.636327
 0 0.636327
 0 0.636334
 0 0.636334
 0 0.636341
 0 0.636353
 0 0.636378
 0 0.636381
 0 0.636381
 0 0.6364
 0 0.636482
 0 0.636483
 0 0.636483
 0 0.636503
 0 0.636527
 0 0.636535
 0 0.636536
 0 0.636537
 0 0.636541
 0 0.636541
 0 0.636542
 0 0.636566
 0 0.636566
 0 0.636566
 0 0.63657
 0 0.636577
 0 0.636577
 0 0.636577
 0 0.636577
 0 0.636595
 0 0.636617
 0 0.636617
 0 0.636633
 0 0.636634
 0 0.636855
 0 0.637097
 0 0.637097
 0 0.637159
 0 0.637439
 0 0.63744
 0 0.63744
 0 0.63744
 0 0.63744
 0 0.637516
 0 0.637541
 0 0.637541
 0 0.63757
 0 0.637571
 0 0.637607
 0 0.637679
 0 0.637722
 0 0.637722
 0 0.637722
 0 0.637735
 0 0.637735
 0 0.637821
 0 0.637822
 0 0.637823
 0 0.63786
 0 0.63786
 0 0.637877
 0 0.637879
 0 0.637917
 0 0.637991
 0 0.638059
 0 0.638059
 0 0.638286
 0 0.638341
 0 0.638343
 0 0.638372
 0 0.638372
 0 0.638374
 0 0.638424
 0 0.638493
 0 0.638502
 0 0.638503
 0 0.638503
 0 0.638612
 0 0.638652
 0 0.638719
 0 0.638725
 0 0.638806
 0 0.638807
 0 0.638807
 0 0.638807
 0 0.638807
 0 0.638824
 0 0.638845
 0 0.639045
 0 0.639045
 0 0.639078
 0 0.639109
 0 0.639109
 0 0.63911
 0 0.639163
 0 0.639588
 0 0.639589
 0 0.639641
 0 0.639691
 0 0.639692
 0 0.639692
 0 0.639898
 0 0.639898
 0 0.640039
 0 0.640039
 0 0.640039
 0 0.640241
 0 0.640814
 0 0.640815
 0 0.640918
 0 0.640919
 0 0.640919
 0 0.640919
 0 0.640919
 0 0.640947
 0 inf
