 0 0.517989
 0 0.517989
 0 0.518047
 0 0.518047
 0 0.519051
 0 0.519109
 0 0.616465
 0 0.616465
 0 0.616815
 0 0.617091
 0 0.617091
 0 0.617091
 0 0.617295
 0 0.617665
 0 0.617716
 0 0.617716
 0 0.617718
 0 0.617718
 0 0.618635
 0 0.618914
 0 0.618922
 0 0.618922
 0 0.619004
 0 0.619004
 0 0.619004
 0 0.619005
 0 0.619007
 0 0.619007
 0 0.619195
 0 0.619195
 0 0.619195
 0 0.619392
 0 0.619392
 0 0.619762
 0 0.619762
 0 0.619933
 0 0.619933
 0 0.620003
 0 0.620065
 0 0.620065
 0 0.620065
 0 0.620221
 0 0.620222
 0 0.620446
 0 0.620446
 0 0.620516
 0 0.620571
 0 0.620635
 0 0.620636
 0 0.620648
 0 0.620657
 0 0.620988
 0 0.621349
 0 0.621349
 0 0.62135
 0 0.621489
 0 0.621489
 0 0.62149
 0 0.62149
 0 0.621953
 0 0.622548
 0 0.622548
 0 0.622887
 0 0.622887
 0 0.623077
 0 0.623078
 0 0.623078
 0 0.623261
 0 0.623261
 0 0.623261
 0 0.623361
 0 0.623412
 0 0.623446
 0 0.623622
 0 0.623622
 0 0.623622
 0 0.623822
 0 0.623822
 0 0.623822
 0 0.623823
 0 0.62385
 0 0.623851
 0 0.623853
 0 0.623853
 0 0.623856
 0 0.623946
 0 0.623947
 0 0.624036
 0 0.624036
 0 0.624136
 0 0.62429
 0 0.624792
 0 0.624792
 0 0.624792
 0 0.624792
 0 0.624792
 0 0.625089
 0 0.62509
 0 0.625217
 0 0.625217
 0 0.625218
 0 0.625218
 0 0.625244
 0 0.625246
 0 0.625251
 0 0.625251
 0 0.625312
 0 0.625313
 0 0.625412
 0 0.625716
 0 0.625716
 0 0.625716
 0 0.625726
 0 0.625726
 0 0.625726
 0 0.62574
 0 0.625954
 0 0.625954
 0 0.625955
 0 0.625961
 0 0.626064
 0 0.626119
 0 0.626119
 0 0.626224
 0 0.626225
 0 0.626306
 0 0.626318
 0 0.626521
 0 0.626521
 0 0.626523
 0 0.626525
 0 0.626526
 0 0.626526
 0 0.626526
 0 0.626563
 0 0.626567
 0 0.626567
 0 0.626569
 0 0.626591
 0 0.626624
 0 0.626624
 0 0.626624
 0 0.626813
 0 0.626813
 0 0.626917
 0 0.626917
 0 0.626919
 0 0.626949
 0 0.62695
 0 0.626969
 0 0.62697
 0 0.62697
 0 0.62697
 0 0.627057
 0 0.627057
 0 0.627057
 0 0.627057
 0 0.627129
 0 0.627129
 0 0.627207
 0 0.627207
 0 0.627208
 0 0.627233
 0 0.627233
 0 0.627233
 0 0.627565
 0 0.627713
 0 0.627714
 0 0.627745
 0 0.627746
 0 0.627746
 0 0.627746
 0 0.627747
 0 0.627797
 0 0.627798
 0 0.627846
 0 0.627864
 0 0.627894
 0 0.627961
 0 0.627963
 0 0.627963
 0 0.627983
 0 0.62803
 0 0.628031
 0 0.628124
 0 0.628129
 0 0.628177
 0 0.628271
 0 0.628273
 0 0.628389
 0 0.62839
 0 0.62839
 0 0.628391
 0 0.628441
 0 0.628441
 0 0.628441
 0 0.628466
 0 0.628466
 0 0.628485
 0 0.628503
 0 0.628507
 0 0.628507
 0 0.628546
 0 0.628546
 0 0.628562
 0 0.628562
 0 0.628562
 0 0.628574
 0 0.62861
 0 0.628611
 0 0.628658
 0 0.62868
 0 0.62868
 0 0.628718
 0 0.628719
 0 0.62876
 0 0.628761
 0 0.628812
 0 0.628812
 0 0.628881
 0 0.628882
 0 0.628984
 0 0.628999
 0 0.629
 0 0.629
 0 0.629001
 0 0.629042
 0 0.629048
 0 0.629162
 0 0.629165
 0 0.629166
 0 0.629169
 0 0.629213
 0 0.629213
 0 0.629249
 0 0.629286
 0 0.629286
 0 0.629286
 0 0.629308
 0 0.629308
 0 0.629311
 0 0.629312
 0 0.629312
 0 0.629313
 0 0.629346
 0 0.629347
 0 0.629348
 0 0.629369
 0 0.629433
 0 0.629503
 0 0.629503
 0 0.629503
 0 0.629523
 0 0.629587
 0 0.629589
 0 0.629589
 0 0.629604
 0 0.629604
 0 0.629618
 0 0.629618
 0 0.629618
 0 0.629621
 0 0.629665
 0 0.629665
 0 0.629666
 0 0.629675
 0 0.62968
 0 0.629681
 0 0.629682
 0 0.629715
 0 0.629715
 0 0.629716
 0 0.629772
 0 0.629773
 0 0.629773
 0 0.629781
 0 0.629781
 0 0.629814
 0 0.629814
 0 0.629814
 0 0.629814
 0 0.629815
 0 0.62982
 0 0.62982
 0 0.629834
 0 0.629857
 0 0.629916
 0 0.629942
 0 0.629948
 0 0.629948
 0 0.629949
 0 0.629992
 0 0.629992
 0 0.63
 0 0.63
 0 0.630003
 0 0.630042
 0 0.630065
 0 0.630067
 0 0.630092
 0 0.630093
 0 0.630093
 0 0.630093
 0 0.630106
 0 0.630106
 0 0.630171
 0 0.630172
 0 0.630175
 0 0.630175
 0 0.630214
 0 0.630248
 0 0.630248
 0 0.630248
 0 0.630249
 0 0.630249
 0 0.630284
 0 0.63029
 0 0.630291
 0 0.63031
 0 0.63031
 0 0.63031
 0 0.63031
 0 0.630332
 0 0.630332
 0 0.630366
 0 0.630366
 0 0.630391
 0 0.630391
 0 0.630392
 0 0.630405
 0 0.630455
 0 0.630455
 0 0.630465
 0 0.630465
 0 0.630473
 0 0.630473
 0 0.630474
 0 0.630474
 0 0.630475
 0 0.630562
 0 0.630562
 0 0.630588
 0 0.630609
 0 0.63063
 0 0.630631
 0 0.630651
 0 0.630651
 0 0.63068
 0 0.63068
 0 0.630693
 0 0.63074
 0 0.630742
 0 0.630755
 0 0.630848
 0 0.63085
 0 0.630872
 0 0.630892
 0 0.630892
 0 0.630892
 0 0.630915
 0 0.630927
 0 0.630927
 0 0.630934
 0 0.630934
 0 0.631028
 0 0.631056
 0 0.631057
 0 0.631078
 0 0.631079
 0 0.631095
 0 0.631095
 0 0.631115
 0 0.631115
 0 0.631115
 0 0.631154
 0 0.631155
 0 0.631229
 0 0.631263
 0 0.631263
 0 0.631264
 0 0.631276
 0 0.631276
 0 0.631276
 0 0.631278
 0 0.631304
 0 0.631317
 0 0.631318
 0 0.631318
 0 0.631434
 0 0.631463
 0 0.631507
 0 0.631646
 0 0.631646
 0 0.631667
 0 0.631667
 0 0.631689
 0 0.631694
 0 0.631694
 0 0.63172
 0 0.631731
 0 0.631748
 0 0.631801
 0 0.631897
 0 0.631898
 0 0.631898
 0 0.631898
 0 0.631899
 0 0.631922
 0 0.631923
 0 0.631923
 0 0.631944
 0 0.631946
 0 0.632016
 0 0.632048
 0 0.632048
 0 0.632066
 0 0.632067
 0 0.632067
 0 0.632067
 0 0.632068
 0 0.632072
 0 0.632103
 0 0.632103
 0 0.632143
 0 0.632144
 0 0.632146
 0 0.632146
 0 0.632149
 0 0.632196
 0 0.632197
 0 0.632197
 0 0.632222
 0 0.632224
 0 0.632245
 0 0.632256
 0 0.632257
 0 0.632258
 0 0.632374
 0 0.632374
 0 0.632388
 0 0.632388
 0 0.632388
 0 0.632457
 0 0.632458
 0 0.632488
 0 0.63257
 0 0.632573
 0 0.632575
 0 0.63261
 0 0.632647
 0 0.632779
 0 0.63278
 0 0.632804
 0 0.632805
 0 0.632826
 0 0.632826
 0 0.632826
 0 0.632919
 0 0.632921
 0 0.632921
 0 0.632921
 0 0.632921
 0 0.632921
 0 0.63295
 0 0.632964
 0 0.632964
 0 0.632965
 0 0.63298
 0 0.632981
 0 0.632981
 0 0.632981
 0 0.633006
 0 0.633006
 0 0.633071
 0 0.633071
 0 0.633082
 0 0.633082
 0 0.633082
 0 0.633082
 0 0.633147
 0 0.633149
 0 0.63315
 0 0.63315
 0 0.633196
 0 0.633196
 0 0.633228
 0 0.633228
 0 0.633228
 0 0.633228
 0 0.633284
 0 0.633285
 0 0.633298
 0 0.633298
 0 0.633426
 0 0.633436
 0 0.633442
 0 0.633442
 0 0.63347
 0 0.63347
 0 0.633471
 0 0.633472
 0 0.633473
 0 0.633474
 0 0.633482
 0 0.633482
 0 0.633482
 0 0.633483
 0 0.633503
 0 0.633503
 0 0.633519
 0 0.633628
 0 0.633629
 0 0.633676
 0 0.633676
 0 0.633676
 0 0.633676
 0 0.633677
 0 0.633687
 0 0.633688
 0 0.633688
 0 0.633689
 0 0.633689
 0 0.633689
 0 0.633747
 0 0.63377
 0 0.63377
 0 0.633771
 0 0.633771
 0 0.633775
 0 0.633798
 0 0.633798
 0 0.633798
 0 0.633812
 0 0.633821
 0 0.633866
 0 0.633867
 0 0.633928
 0 0.633928
 0 0.633944
 0 0.633944
 0 0.633945
 0 0.633945
 0 0.633954
 0 0.633954
 0 0.633954
 0 0.633954
 0 0.63397
 0 0.63397
 0 0.633995
 0 0.634032
 0 0.634032
 0 0.63406
 0 0.63406
 0 0.634062
 0 0.634074
 0 0.634074
 0 0.634081
 0 0.634081
 0 0.634081
 0 0.634087
 0 0.634114
 0 0.634115
 0 0.634127
 0 0.634127
 0 0.634181
 0 0.634184
 0 0.634185
 0 0.634193
 0 0.634193
 0 0.63421
 0 0.634212
 0 0.634212
 0 0.634251
 0 0.634251
 0 0.634265
 0 0.634272
 0 0.634273
 0 0.634273
 0 0.634273
 0 0.634276
 0 0.634277
 0 0.634283
 0 0.63436
 0 0.634373
 0 0.634373
 0 0.634373
 0 0.6344
 0 0.634449
 0 0.634519
 0 0.63452
 0 0.63452
 0 0.634604
 0 0.634604
 0 0.634648
 0 0.634648
 0 0.634679
 0 0.634679
 0 0.634697
 0 0.634718
 0 0.634732
 0 0.634748
 0 0.634749
 0 0.634753
 0 0.634753
 0 0.634753
 0 0.634768
 0 0.634792
 0 0.634798
 0 0.634813
 0 0.634813
 0 0.634814
 0 0.634814
 0 0.634861
 0 0.634861
 0 0.634861
 0 0.634861
 0 0.634889
 0 0.634889
 0 0.63489
 0 0.634909
 0 0.63491
 0 0.634962
 0 0.63499
 0 0.634991
 0 0.635004
 0 0.635026
 0 0.635027
 0 0.635041
 0 0.635041
 0 0.635041
 0 0.635046
 0 0.635059
 0 0.635059
 0 0.63506
 0 0.63506
 0 0.635101
 0 0.635102
 0 0.635132
 0 0.635164
 0 0.635164
 0 0.635165
 0 0.635197
 0 0.635199
 0 0.635214
 0 0.635214
 0 0.635275
 0 0.635275
 0 0.635287
 0 0.635288
 0 0.635341
 0 0.635343
 0 0.635343
 0 0.635343
 0 0.635351
 0 0.635352
 0 0.635352
 0 0.635352
 0 0.635352
 0 0.635455
 0 0.635479
 0 0.635479
 0 0.635479
 0 0.635516
 0 0.635553
 0 0.635558
 0 0.635565
 0 0.635569
 0 0.635569
 0 0.63557
 0 0.635574
 0 0.635617
 0 0.635626
 0 0.635627
 0 0.635649
 0 0.635699
 0 0.6357
 0 0.635709
 0 0.63574
 0 0.635741
 0 0.635744
 0 0.635775
 0 0.635775
 0 0.635775
 0 0.63588
 0 0.635894
 0 0.635894
 0 0.636001
 0 0.63602
 0 0.63607
 0 0.63607
 0 0.636086
 0 0.636121
 0 0.636122
 0 0.636124
 0 0.636124
 0 0.636124
 0 0.636124
 0 0.636154
 0 0.636175
 0 0.636267
 0 0.636335
 0 0.636335
 0 0.636369
 0 0.636369
 0 0.6364
 0 0.6364
 0 0.6364
 0 0.6364
 0 0.636403
 0 0.636473
 0 0.636476
 0 0.636482
 0 0.636484
 0 0.636541
 0 0.636559
 0 0.636652
 0 0.636758
 0 0.636758
 0 0.636783
 0 0.636785
 0 0.636807
 0 0.636833
 0 0.636833
 0 0.636862
 0 0.636862
 0 0.636906
 0 0.636906
 0 0.636919
 0 0.636919
 0 0.636933
 0 0.636933
 0 0.636934
 0 0.636934
 0 0.636946
 0 0.637032
 0 0.637032
 0 0.637061
 0 0.63711
 0 0.637127
 0 0.637148
 0 0.637148
 0 0.63716
 0 0.637162
 0 0.637162
 0 0.637221
 0 0.637222
 0 0.637264
 0 0.637264
 0 0.637264
 0 0.637305
 0 0.637307
 0 0.637308
 0 0.637344
 0 0.637344
 0 0.637349
 0 0.63735
 0 0.637372
 0 0.637372
 0 0.637381
 0 0.637381
 0 0.637381
 0 0.637386
 0 0.63739
 0 0.637392
 0 0.637424
 0 0.637424
 0 0.637471
 0 0.637472
 0 0.637472
 0 0.637498
 0 0.637499
 0 0.6375
 0 0.637628
 0 0.637644
 0 0.637653
 0 0.637653
 0 0.637653
 0 0.637674
 0 0.637692
 0 0.637699
 0 0.6377
 0 0.637748
 0 0.637748
 0 0.637769
 0 0.637769
 0 0.637773
 0 0.637773
 0 0.637774
 0 0.637786
 0 0.637786
 0 0.637788
 0 0.63785
 0 0.637876
 0 0.637876
 0 0.63794
 0 0.63794
 0 0.63796
 0 0.63796
 0 0.638035
 0 0.638035
 0 0.638035
 0 0.638067
 0 0.638068
 0 0.638073
 0 0.638073
 0 0.638106
 0 0.638106
 0 0.638113
 0 0.638114
 0 0.638114
 0 0.638114
 0 0.638114
 0 0.638126
 0 0.638135
 0 0.638136
 0 0.638169
 0 0.638171
 0 0.638183
 0 0.638189
 0 0.638192
 0 0.638219
 0 0.63822
 0 0.638246
 0 0.638246
 0 0.638246
 0 0.638296
 0 0.638301
 0 0.638306
 0 0.638326
 0 0.638327
 0 0.638431
 0 0.638431
 0 0.638436
 0 0.638439
 0 0.638439
 0 0.638484
 0 0.638484
 0 0.638525
 0 0.638534
 0 0.638553
 0 0.638553
 0 0.638553
 0 0.638572
 0 0.638589
 0 0.638605
 0 0.638632
 0 0.63865
 0 0.63865
 0 0.63865
 0 0.63865
 0 0.63865
 0 0.638655
 0 0.63868
 0 0.638734
 0 0.63875
 0 0.63875
 0 0.63875
 0 0.638756
 0 0.638756
 0 0.638756
 0 0.638769
 0 0.63877
 0 0.638782
 0 0.638802
 0 0.638844
 0 0.638881
 0 0.638918
 0 0.638943
 0 0.638943
 0 0.638943
 0 0.638944
 0 0.638959
 0 0.63896
 0 0.638972
 0 0.638979
 0 0.639013
 0 0.639047
 0 0.639047
 0 0.639135
 0 0.639136
 0 0.639149
 0 0.63915
 0 0.639151
 0 0.639152
 0 0.639152
 0 0.639174
 0 0.639175
 0 0.639175
 0 0.639197
 0 0.639197
 0 0.639199
 0 0.639206
 0 0.639207
 0 0.639207
 0 0.639249
 0 0.639253
 0 0.639253
 0 0.639254
 0 0.639289
 0 0.639289
 0 0.63935
 0 0.639351
 0 0.639352
 0 0.639382
 0 0.639385
 0 0.639386
 0 0.639466
 0 0.639466
 0 0.639473
 0 0.639473
 0 0.639473
 0 0.639473
 0 0.639473
 0 0.639478
 0 0.639511
 0 0.639598
 0 0.639738
 0 0.639776
 0 0.639789
 0 0.639853
 0 0.639854
 0 0.639894
 0 0.639894
 0 0.639915
 0 0.639916
 0 0.63999
 0 0.639996
 0 0.640046
 0 0.640067
 0 0.640077
 0 0.640077
 0 0.640094
 0 0.640144
 0 0.640178
 0 0.640178
 0 0.640179
 0 0.640189
 0 0.64026
 0 0.640301
 0 0.640301
 0 0.640302
 0 0.640311
 0 0.640372
 0 0.640372
 0 0.640516
 0 0.640516
 0 0.640526
 0 0.640532
 0 0.640533
 0 0.640534
 0 0.640572
 0 0.640573
 0 0.640605
 0 0.640636
 0 0.640665
 0 0.640736
 0 0.640781
 0 0.640781
 0 0.640823
 0 0.640845
 0 0.640845
 0 0.640845
 0 0.640845
 0 0.640853
 0 0.640853
 0 0.640853
 0 0.64088
 0 0.640938
 0 0.640939
 0 0.640972
 0 0.640973
 0 0.641089
 0 0.641089
 0 0.641089
 0 0.641122
 0 0.641183
 0 0.641207
 0 0.641207
 0 0.641263
 0 0.641325
 0 0.641325
 0 0.641325
 0 0.641325
 0 0.641337
 0 0.641337
 0 0.641338
 0 0.641338
 0 0.641338
 0 0.641416
 0 0.641417
 0 0.641417
 0 0.641437
 0 0.641484
 0 0.641492
 0 0.641495
 0 0.641495
 0 0.641495
 0 0.641495
 0 0.641535
 0 0.641655
 0 0.641656
 0 0.641673
 0 0.641675
 0 0.641675
 0 0.641873
 0 0.641873
 0 0.641959
 0 0.641959
 0 0.641959
 0 0.64196
 0 0.641986
 0 0.641987
 0 0.642082
 0 0.642088
 0 0.642095
 0 0.642096
 0 0.642147
 0 0.642147
 0 0.642147
 0 0.642147
 0 0.642167
 0 0.642167
 0 0.642177
 0 0.642181
 0 0.64219
 0 0.642191
 0 0.642191
 0 0.642225
 0 0.642341
 0 0.642341
 0 0.642356
 0 0.642434
 0 0.642441
 0 0.642464
 0 0.64257
 0 0.642571
 0 0.642571
 0 0.642571
 0 0.642591
 0 0.642593
 0 0.642593
 0 0.642595
 0 0.64262
 0 0.642657
 0 0.642658
 0 0.642674
 0 0.642689
 0 0.642689
 0 0.642709
 0 0.64271
 0 0.642832
 0 0.642925
 0 0.642985
 0 0.642985
 0 0.643047
 0 0.643132
 0 0.643153
 0 0.643172
 0 0.643172
 0 0.643172
 0 0.643215
 0 0.643343
 0 0.64335
 0 0.643404
 0 0.643405
 0 0.643423
 0 0.643423
 0 0.643423
 0 0.643505
 0 0.643647
 0 0.643647
 0 0.643846
 0 0.643998
 0 0.643999
 0 0.644031
 0 0.644123
 0 0.644123
 0 0.644123
 0 0.644123
 0 0.644233
 0 0.644353
 0 0.644456
 0 0.644526
 0 0.644562
 0 0.644563
 0 0.644564
 0 0.64457
 0 0.64457
 0 0.64457
 0 0.644574
 0 0.644575
 0 0.644699
 0 0.644699
 0 0.644835
 0 0.644835
 0 0.644835
 0 0.645044
 0 0.645045
 0 0.645415
 0 0.645416
 0 0.645416
 0 0.645551
 0 0.645558
 0 0.645558
 0 0.645685
 0 0.646654
 0 0.646684
 0 0.646684
 0 0.646719
 0 0.646719
 0 0.648028
 0 0.648029
 0 0.648556
 0 0.64864
 0 0.648816
 0 0.649426
 0 inf
