 0 0.482715
 0 0.482925
 0 0.482926
 0 0.483584
 0 0.483584
 0 0.483585
 0 0.488802
 0 0.48917
 0 0.489173
 0 0.489198
 0 0.489201
 0 0.490113
 0 0.617902
 0 0.618953
 0 0.618954
 0 0.619488
 0 0.61949
 0 0.61949
 0 0.619508
 0 0.619808
 0 0.620351
 0 0.620352
 0 0.620352
 0 0.620352
 0 0.620681
 0 0.620832
 0 0.620968
 0 0.621113
 0 0.621113
 0 0.621317
 0 0.621317
 0 0.621317
 0 0.621373
 0 0.621782
 0 0.621789
 0 0.621789
 0 0.622062
 0 0.622354
 0 0.622354
 0 0.622452
 0 0.622456
 0 0.622542
 0 0.622591
 0 0.622591
 0 0.623105
 0 0.623106
 0 0.623106
 0 0.623282
 0 0.623282
 0 0.623282
 0 0.623282
 0 0.623283
 0 0.623822
 0 0.623928
 0 0.623964
 0 0.624301
 0 0.624302
 0 0.624302
 0 0.624302
 0 0.624604
 0 0.624698
 0 0.624699
 0 0.624701
 0 0.624739
 0 0.624739
 0 0.624739
 0 0.624739
 0 0.624828
 0 0.624948
 0 0.624965
 0 0.624966
 0 0.625054
 0 0.625214
 0 0.625214
 0 0.625214
 0 0.625235
 0 0.625235
 0 0.62551
 0 0.62551
 0 0.625542
 0 0.625564
 0 0.625564
 0 0.625565
 0 0.6256
 0 0.62573
 0 0.62573
 0 0.625749
 0 0.625749
 0 0.625766
 0 0.625769
 0 0.62578
 0 0.62578
 0 0.625782
 0 0.625859
 0 0.625859
 0 0.625887
 0 0.625887
 0 0.625887
 0 0.626115
 0 0.62614
 0 0.626141
 0 0.626227
 0 0.626275
 0 0.626434
 0 0.626467
 0 0.626467
 0 0.626467
 0 0.626514
 0 0.626748
 0 0.626748
 0 0.626748
 0 0.62675
 0 0.62675
 0 0.626799
 0 0.626821
 0 0.627011
 0 0.627012
 0 0.627012
 0 0.627052
 0 0.627077
 0 0.627121
 0 0.627123
 0 0.627123
 0 0.627123
 0 0.627123
 0 0.627175
 0 0.627176
 0 0.627176
 0 0.627193
 0 0.627193
 0 0.627226
 0 0.627267
 0 0.627268
 0 0.627312
 0 0.627386
 0 0.627387
 0 0.62739
 0 0.627394
 0 0.627446
 0 0.627643
 0 0.627829
 0 0.62788
 0 0.627893
 0 0.627895
 0 0.627895
 0 0.627969
 0 0.62797
 0 0.62797
 0 0.627974
 0 0.627974
 0 0.627975
 0 0.628036
 0 0.62804
 0 0.628057
 0 0.628146
 0 0.628148
 0 0.628148
 0 0.628149
 0 0.628156
 0 0.62816
 0 0.62816
 0 0.628163
 0 0.628204
 0 0.628229
 0 0.62824
 0 0.628246
 0 0.628246
 0 0.628271
 0 0.628354
 0 0.628356
 0 0.628358
 0 0.628358
 0 0.628359
 0 0.628422
 0 0.628431
 0 0.628432
 0 0.628435
 0 0.628435
 0 0.628435
 0 0.628435
 0 0.628506
 0 0.628524
 0 0.628524
 0 0.628526
 0 0.628527
 0 0.628529
 0 0.628529
 0 0.628567
 0 0.628577
 0 0.628637
 0 0.628669
 0 0.628691
 0 0.628692
 0 0.628716
 0 0.628716
 0 0.628716
 0 0.628729
 0 0.62873
 0 0.628743
 0 0.628743
 0 0.628743
 0 0.628781
 0 0.628782
 0 0.628784
 0 0.628817
 0 0.628817
 0 0.628842
 0 0.628842
 0 0.628842
 0 0.62888
 0 0.628886
 0 0.628887
 0 0.628887
 0 0.628887
 0 0.6289
 0 0.628907
 0 0.628907
 0 0.628907
 0 0.628907
 0 0.62896
 0 0.628963
 0 0.628963
 0 0.628965
 0 0.629051
 0 0.62916
 0 0.629167
 0 0.629167
 0 0.629178
 0 0.629178
 0 0.629178
 0 0.629196
 0 0.629215
 0 0.629215
 0 0.629217
 0 0.629273
 0 0.629277
 0 0.629278
 0 0.629413
 0 0.629493
 0 0.629505
 0 0.629505
 0 0.629549
 0 0.62961
 0 0.629611
 0 0.629613
 0 0.629613
 0 0.629686
 0 0.629711
 0 0.629711
 0 0.629741
 0 0.629741
 0 0.629744
 0 0.62976
 0 0.629763
 0 0.629767
 0 0.629783
 0 0.62981
 0 0.62981
 0 0.62981
 0 0.62982
 0 0.629839
 0 0.629856
 0 0.629857
 0 0.6299
 0 0.6299
 0 0.629959
 0 0.62996
 0 0.629961
 0 0.630008
 0 0.630015
 0 0.630025
 0 0.630051
 0 0.63006
 0 0.630062
 0 0.630087
 0 0.630098
 0 0.630101
 0 0.630106
 0 0.630107
 0 0.630108
 0 0.630111
 0 0.630158
 0 0.630158
 0 0.630158
 0 0.630165
 0 0.630167
 0 0.630185
 0 0.630185
 0 0.630187
 0 0.630187
 0 0.630198
 0 0.630211
 0 0.630255
 0 0.630307
 0 0.630307
 0 0.630325
 0 0.630325
 0 0.630325
 0 0.630336
 0 0.63036
 0 0.63036
 0 0.630361
 0 0.630362
 0 0.630362
 0 0.630376
 0 0.630376
 0 0.630376
 0 0.630394
 0 0.630394
 0 0.630435
 0 0.630436
 0 0.630436
 0 0.630436
 0 0.630437
 0 0.630437
 0 0.630457
 0 0.63052
 0 0.630522
 0 0.630527
 0 0.630527
 0 0.63057
 0 0.63057
 0 0.63057
 0 0.630597
 0 0.630611
 0 0.630611
 0 0.630614
 0 0.630614
 0 0.630614
 0 0.630665
 0 0.630668
 0 0.630681
 0 0.630773
 0 0.630775
 0 0.630775
 0 0.630779
 0 0.630779
 0 0.630785
 0 0.630848
 0 0.630873
 0 0.630873
 0 0.630876
 0 0.630876
 0 0.630877
 0 0.630901
 0 0.630931
 0 0.630939
 0 0.630939
 0 0.630939
 0 0.630939
 0 0.630963
 0 0.630963
 0 0.631009
 0 0.631011
 0 0.631011
 0 0.631039
 0 0.631039
 0 0.631049
 0 0.631071
 0 0.631108
 0 0.631109
 0 0.631204
 0 0.631234
 0 0.631234
 0 0.631235
 0 0.631246
 0 0.631321
 0 0.631321
 0 0.631383
 0 0.631383
 0 0.631383
 0 0.631386
 0 0.631386
 0 0.631428
 0 0.63143
 0 0.631445
 0 0.631445
 0 0.631449
 0 0.631514
 0 0.631515
 0 0.63154
 0 0.631552
 0 0.631554
 0 0.631554
 0 0.631561
 0 0.631562
 0 0.631562
 0 0.631562
 0 0.631562
 0 0.631602
 0 0.631602
 0 0.631748
 0 0.631748
 0 0.63176
 0 0.631762
 0 0.631762
 0 0.631763
 0 0.631772
 0 0.631786
 0 0.631792
 0 0.631793
 0 0.631793
 0 0.6318
 0 0.6318
 0 0.631801
 0 0.631802
 0 0.631832
 0 0.631835
 0 0.631871
 0 0.631872
 0 0.631872
 0 0.631884
 0 0.631884
 0 0.631884
 0 0.631885
 0 0.631885
 0 0.631888
 0 0.631888
 0 0.631889
 0 0.631913
 0 0.631914
 0 0.631914
 0 0.631914
 0 0.631934
 0 0.631936
 0 0.63194
 0 0.631943
 0 0.631977
 0 0.631977
 0 0.631977
 0 0.631977
 0 0.631977
 0 0.631979
 0 0.632008
 0 0.632029
 0 0.632051
 0 0.632053
 0 0.632055
 0 0.632144
 0 0.632144
 0 0.632144
 0 0.632145
 0 0.632191
 0 0.632226
 0 0.632248
 0 0.632249
 0 0.632255
 0 0.632267
 0 0.632267
 0 0.632268
 0 0.632268
 0 0.63233
 0 0.632331
 0 0.632331
 0 0.632331
 0 0.63237
 0 0.632371
 0 0.632371
 0 0.632371
 0 0.632445
 0 0.632497
 0 0.632507
 0 0.632586
 0 0.632587
 0 0.632587
 0 0.632589
 0 0.63259
 0 0.632603
 0 0.632603
 0 0.632604
 0 0.632635
 0 0.632635
 0 0.632635
 0 0.632646
 0 0.632646
 0 0.632658
 0 0.63266
 0 0.632668
 0 0.632671
 0 0.632676
 0 0.632677
 0 0.632677
 0 0.632687
 0 0.632689
 0 0.632689
 0 0.63271
 0 0.63271
 0 0.632729
 0 0.632729
 0 0.63273
 0 0.632738
 0 0.632739
 0 0.632739
 0 0.632773
 0 0.632773
 0 0.632773
 0 0.632773
 0 0.632773
 0 0.632805
 0 0.632812
 0 0.63282
 0 0.63282
 0 0.632826
 0 0.632872
 0 0.632874
 0 0.632875
 0 0.632875
 0 0.632886
 0 0.632886
 0 0.632888
 0 0.632889
 0 0.632921
 0 0.632922
 0 0.632923
 0 0.632924
 0 0.632926
 0 0.632939
 0 0.632939
 0 0.632955
 0 0.632955
 0 0.632959
 0 0.632959
 0 0.63304
 0 0.633041
 0 0.633092
 0 0.633098
 0 0.633113
 0 0.633114
 0 0.633124
 0 0.633141
 0 0.633141
 0 0.633256
 0 0.633281
 0 0.633281
 0 0.633281
 0 0.633281
 0 0.633281
 0 0.633281
 0 0.633282
 0 0.633285
 0 0.633307
 0 0.633307
 0 0.633307
 0 0.633307
 0 0.633325
 0 0.633369
 0 0.633369
 0 0.63343
 0 0.633434
 0 0.633437
 0 0.633488
 0 0.633488
 0 0.633507
 0 0.633507
 0 0.63352
 0 0.63352
 0 0.633546
 0 0.633547
 0 0.633573
 0 0.633573
 0 0.633573
 0 0.633574
 0 0.63358
 0 0.633581
 0 0.633581
 0 0.633582
 0 0.633583
 0 0.633596
 0 0.633599
 0 0.6336
 0 0.633601
 0 0.633601
 0 0.633603
 0 0.633604
 0 0.633604
 0 0.633604
 0 0.633604
 0 0.633627
 0 0.633632
 0 0.633646
 0 0.633654
 0 0.633654
 0 0.633677
 0 0.633678
 0 0.633684
 0 0.633697
 0 0.633725
 0 0.633747
 0 0.633747
 0 0.633754
 0 0.633754
 0 0.633755
 0 0.633755
 0 0.633785
 0 0.633786
 0 0.633786
 0 0.633811
 0 0.633814
 0 0.633815
 0 0.633841
 0 0.63385
 0 0.63385
 0 0.63385
 0 0.63385
 0 0.633891
 0 0.633892
 0 0.633906
 0 0.633915
 0 0.633917
 0 0.633927
 0 0.633927
 0 0.633941
 0 0.633941
 0 0.633941
 0 0.633983
 0 0.633986
 0 0.634026
 0 0.634035
 0 0.634058
 0 0.634059
 0 0.634069
 0 0.634071
 0 0.634071
 0 0.634074
 0 0.63408
 0 0.63408
 0 0.634096
 0 0.634097
 0 0.634098
 0 0.634099
 0 0.634117
 0 0.634127
 0 0.634128
 0 0.634131
 0 0.634132
 0 0.634132
 0 0.634146
 0 0.634179
 0 0.634179
 0 0.634179
 0 0.634184
 0 0.634197
 0 0.634197
 0 0.634205
 0 0.634205
 0 0.634206
 0 0.634235
 0 0.634238
 0 0.634239
 0 0.634239
 0 0.634252
 0 0.634254
 0 0.634264
 0 0.634287
 0 0.634292
 0 0.634292
 0 0.634294
 0 0.634294
 0 0.634294
 0 0.634294
 0 0.634307
 0 0.634311
 0 0.634367
 0 0.634386
 0 0.634387
 0 0.634389
 0 0.634389
 0 0.634396
 0 0.634418
 0 0.634418
 0 0.634422
 0 0.634424
 0 0.634424
 0 0.634425
 0 0.634425
 0 0.634429
 0 0.634429
 0 0.634429
 0 0.634441
 0 0.634453
 0 0.634465
 0 0.634476
 0 0.634478
 0 0.634479
 0 0.634479
 0 0.634483
 0 0.634488
 0 0.634496
 0 0.634496
 0 0.634548
 0 0.634565
 0 0.634566
 0 0.634566
 0 0.634568
 0 0.634568
 0 0.634569
 0 0.634576
 0 0.634579
 0 0.634579
 0 0.634579
 0 0.634592
 0 0.634594
 0 0.634594
 0 0.634595
 0 0.634595
 0 0.634595
 0 0.634595
 0 0.634596
 0 0.634596
 0 0.634604
 0 0.63461
 0 0.63461
 0 0.634611
 0 0.634632
 0 0.634647
 0 0.634647
 0 0.634647
 0 0.634691
 0 0.634691
 0 0.634712
 0 0.634712
 0 0.634724
 0 0.634724
 0 0.634757
 0 0.634757
 0 0.634764
 0 0.634812
 0 0.634825
 0 0.634825
 0 0.634843
 0 0.634846
 0 0.634861
 0 0.634871
 0 0.634871
 0 0.634871
 0 0.634882
 0 0.634889
 0 0.634909
 0 0.63491
 0 0.634921
 0 0.634921
 0 0.634948
 0 0.634968
 0 0.634971
 0 0.634971
 0 0.634971
 0 0.634971
 0 0.634972
 0 0.634985
 0 0.634999
 0 0.635037
 0 0.635037
 0 0.63506
 0 0.63506
 0 0.635069
 0 0.635071
 0 0.635071
 0 0.635078
 0 0.635079
 0 0.635079
 0 0.635079
 0 0.635129
 0 0.635129
 0 0.635139
 0 0.635139
 0 0.635139
 0 0.635177
 0 0.635213
 0 0.635215
 0 0.635245
 0 0.635246
 0 0.635247
 0 0.635249
 0 0.635249
 0 0.635251
 0 0.635285
 0 0.635291
 0 0.635292
 0 0.635303
 0 0.635337
 0 0.635366
 0 0.635386
 0 0.635387
 0 0.635388
 0 0.635389
 0 0.635398
 0 0.635422
 0 0.635422
 0 0.635448
 0 0.635455
 0 0.635468
 0 0.63547
 0 0.635495
 0 0.635496
 0 0.635517
 0 0.635528
 0 0.635539
 0 0.635556
 0 0.635572
 0 0.635583
 0 0.635584
 0 0.635585
 0 0.635585
 0 0.635605
 0 0.635613
 0 0.635613
 0 0.635627
 0 0.63563
 0 0.635662
 0 0.635663
 0 0.635683
 0 0.635725
 0 0.635726
 0 0.635726
 0 0.635744
 0 0.635748
 0 0.635749
 0 0.63575
 0 0.63575
 0 0.635806
 0 0.635808
 0 0.635808
 0 0.635809
 0 0.635814
 0 0.635818
 0 0.635818
 0 0.635818
 0 0.635882
 0 0.635885
 0 0.635885
 0 0.635894
 0 0.6359
 0 0.635908
 0 0.63591
 0 0.63591
 0 0.635912
 0 0.635913
 0 0.635934
 0 0.635934
 0 0.635936
 0 0.635937
 0 0.635937
 0 0.635944
 0 0.635945
 0 0.63595
 0 0.635966
 0 0.635967
 0 0.635973
 0 0.635973
 0 0.635973
 0 0.635973
 0 0.636004
 0 0.636019
 0 0.636019
 0 0.636022
 0 0.636068
 0 0.63608
 0 0.636081
 0 0.636088
 0 0.636088
 0 0.636113
 0 0.636114
 0 0.636143
 0 0.636158
 0 0.636161
 0 0.636204
 0 0.636204
 0 0.636205
 0 0.636206
 0 0.636211
 0 0.636211
 0 0.636218
 0 0.636221
 0 0.636239
 0 0.63624
 0 0.63624
 0 0.636273
 0 0.636289
 0 0.636289
 0 0.636289
 0 0.636289
 0 0.636289
 0 0.63629
 0 0.63629
 0 0.63629
 0 0.636292
 0 0.636298
 0 0.636299
 0 0.63631
 0 0.636335
 0 0.636396
 0 0.636397
 0 0.636397
 0 0.636434
 0 0.636458
 0 0.636483
 0 0.636487
 0 0.636487
 0 0.636494
 0 0.636495
 0 0.636506
 0 0.63652
 0 0.63652
 0 0.636521
 0 0.636527
 0 0.636527
 0 0.636543
 0 0.636569
 0 0.636569
 0 0.636571
 0 0.636572
 0 0.636573
 0 0.636573
 0 0.636576
 0 0.636576
 0 0.636576
 0 0.636578
 0 0.636578
 0 0.63658
 0 0.63658
 0 0.636597
 0 0.6366
 0 0.636601
 0 0.636602
 0 0.636604
 0 0.636618
 0 0.636618
 0 0.636618
 0 0.636618
 0 0.636664
 0 0.636664
 0 0.636664
 0 0.636679
 0 0.636679
 0 0.636699
 0 0.636708
 0 0.636729
 0 0.63673
 0 0.636731
 0 0.636749
 0 0.636775
 0 0.636778
 0 0.636796
 0 0.636796
 0 0.636832
 0 0.636834
 0 0.636834
 0 0.636836
 0 0.636842
 0 0.636842
 0 0.636846
 0 0.636846
 0 0.636852
 0 0.636852
 0 0.636853
 0 0.636853
 0 0.636854
 0 0.636856
 0 0.636873
 0 0.636874
 0 0.636874
 0 0.636878
 0 0.636935
 0 0.637017
 0 0.637021
 0 0.637022
 0 0.637024
 0 0.637027
 0 0.637067
 0 0.637122
 0 0.637129
 0 0.63713
 0 0.637138
 0 0.637141
 0 0.637192
 0 0.637192
 0 0.637201
 0 0.637205
 0 0.637238
 0 0.63724
 0 0.637274
 0 0.637278
 0 0.637278
 0 0.637284
 0 0.637284
 0 0.637321
 0 0.637342
 0 0.637349
 0 0.63735
 0 0.63743
 0 0.637431
 0 0.637435
 0 0.637437
 0 0.637444
 0 0.637445
 0 0.637445
 0 0.637452
 0 0.637519
 0 0.637519
 0 0.637519
 0 0.637552
 0 0.637552
 0 0.637552
 0 0.637555
 0 0.637573
 0 0.637573
 0 0.637574
 0 0.637576
 0 0.637576
 0 0.637598
 0 0.637598
 0 0.637598
 0 0.637663
 0 0.637665
 0 0.637666
 0 0.637666
 0 0.637711
 0 0.637714
 0 0.637714
 0 0.637716
 0 0.637716
 0 0.637717
 0 0.637727
 0 0.637729
 0 0.637729
 0 0.637729
 0 0.637741
 0 0.637742
 0 0.637745
 0 0.637745
 0 0.637764
 0 0.637764
 0 0.637766
 0 0.637768
 0 0.637768
 0 0.637799
 0 0.637799
 0 0.637887
 0 0.637887
 0 0.637893
 0 0.637896
 0 0.637896
 0 0.637896
 0 0.637919
 0 0.63792
 0 0.637927
 0 0.637929
 0 0.637929
 0 0.637964
 0 0.637965
 0 0.637975
 0 0.637985
 0 0.637986
 0 0.637986
 0 0.637988
 0 0.637988
 0 0.637989
 0 0.637989
 0 0.638048
 0 0.638049
 0 0.63805
 0 0.638113
 0 0.638146
 0 0.638147
 0 0.638162
 0 0.638175
 0 0.638175
 0 0.638184
 0 0.638184
 0 0.638187
 0 0.638227
 0 0.638229
 0 0.63823
 0 0.63823
 0 0.638265
 0 0.638268
 0 0.638294
 0 0.638294
 0 0.638296
 0 0.638296
 0 0.638301
 0 0.638304
 0 0.638331
 0 0.638338
 0 0.638338
 0 0.638338
 0 0.63835
 0 0.638439
 0 0.638449
 0 0.638512
 0 0.638512
 0 0.638568
 0 0.638568
 0 0.638577
 0 0.638619
 0 0.638619
 0 0.63863
 0 0.63864
 0 0.63865
 0 0.638651
 0 0.638662
 0 0.638663
 0 0.638663
 0 0.638667
 0 0.638667
 0 0.638717
 0 0.638743
 0 0.638743
 0 0.638763
 0 0.638808
 0 0.638825
 0 0.638826
 0 0.638857
 0 0.638857
 0 0.638857
 0 0.638859
 0 0.638859
 0 0.63886
 0 0.638861
 0 0.638866
 0 0.638867
 0 0.638871
 0 0.638873
 0 0.638873
 0 0.638876
 0 0.638908
 0 0.638908
 0 0.638908
 0 0.638919
 0 0.638919
 0 0.638921
 0 0.638922
 0 0.638922
 0 0.638976
 0 0.63898
 0 0.638987
 0 0.638988
 0 0.639008
 0 0.639022
 0 0.639023
 0 0.639044
 0 0.639044
 0 0.639046
 0 0.639048
 0 0.639048
 0 0.639107
 0 0.639114
 0 0.639114
 0 0.639159
 0 0.639159
 0 0.63916
 0 0.639175
 0 0.639176
 0 0.639202
 0 0.639202
 0 0.639202
 0 0.639212
 0 0.639212
 0 0.639287
 0 0.639291
 0 0.639337
 0 0.639338
 0 0.639338
 0 0.63935
 0 0.63935
 0 0.639353
 0 0.639353
 0 0.639362
 0 0.639394
 0 0.639394
 0 0.639395
 0 0.639429
 0 0.639429
 0 0.639429
 0 0.639433
 0 0.639433
 0 0.639484
 0 0.639484
 0 0.639489
 0 0.639491
 0 0.639492
 0 0.639504
 0 0.639504
 0 0.639504
 0 0.639504
 0 0.639509
 0 0.639509
 0 0.639526
 0 0.639566
 0 0.639567
 0 0.639567
 0 0.639567
 0 0.639567
 0 0.639567
 0 0.639572
 0 0.639576
 0 0.639594
 0 0.639614
 0 0.639615
 0 0.639615
 0 0.639615
 0 0.639615
 0 0.639677
 0 0.639678
 0 0.639679
 0 0.639727
 0 0.639727
 0 0.63973
 0 0.639749
 0 0.639794
 0 0.639828
 0 0.639902
 0 0.639902
 0 0.639904
 0 0.639968
 0 0.639968
 0 0.639972
 0 0.639973
 0 0.639975
 0 0.639979
 0 0.640019
 0 0.640019
 0 0.640019
 0 0.64002
 0 0.64002
 0 0.640034
 0 0.640114
 0 0.640115
 0 0.640127
 0 0.640127
 0 0.64013
 0 0.64013
 0 0.640141
 0 0.640142
 0 0.640142
 0 0.640144
 0 0.640144
 0 0.640145
 0 0.640145
 0 0.640146
 0 0.640198
 0 0.640209
 0 0.64021
 0 0.640265
 0 0.640276
 0 0.640302
 0 0.640302
 0 0.640314
 0 0.640315
 0 0.64032
 0 0.640355
 0 0.640369
 0 0.640369
 0 0.640371
 0 0.640377
 0 0.640377
 0 0.64038
 0 0.64038
 0 0.640386
 0 0.6404
 0 0.640401
 0 0.640416
 0 0.640418
 0 0.640418
 0 0.64042
 0 0.640433
 0 0.640433
 0 0.640492
 0 0.640494
 0 0.640555
 0 0.640603
 0 0.640605
 0 0.640606
 0 0.640616
 0 0.640616
 0 0.640632
 0 0.640648
 0 0.640649
 0 0.640677
 0 0.640678
 0 0.640679
 0 0.640679
 0 0.640714
 0 0.640741
 0 0.640741
 0 0.640741
 0 0.640771
 0 0.640772
 0 0.640779
 0 0.640841
 0 0.640853
 0 0.640853
 0 0.640856
 0 0.640857
 0 0.640857
 0 0.640857
 0 0.64087
 0 0.64087
 0 0.640872
 0 0.640872
 0 0.640914
 0 0.640917
 0 0.640927
 0 0.640964
 0 0.640964
 0 0.641003
 0 0.641003
 0 0.641013
 0 0.641013
 0 0.641055
 0 0.641055
 0 0.641055
 0 0.641055
 0 0.641058
 0 0.641075
 0 0.641125
 0 0.641132
 0 0.641165
 0 0.641175
 0 0.641274
 0 0.641327
 0 0.64145
 0 0.641469
 0 0.641478
 0 0.641478
 0 0.641526
 0 0.641558
 0 0.641559
 0 0.641565
 0 0.641575
 0 0.641575
 0 0.641595
 0 0.641595
 0 0.641597
 0 0.641654
 0 0.641681
 0 0.641708
 0 0.641734
 0 0.641756
 0 0.641789
 0 0.641789
 0 0.641799
 0 0.641801
 0 0.641826
 0 0.641826
 0 0.641826
 0 0.641909
 0 0.641954
 0 0.641956
 0 0.642062
 0 0.642063
 0 0.642063
 0 0.64207
 0 0.642071
 0 0.64209
 0 0.64209
 0 0.642151
 0 0.642151
 0 0.642167
 0 0.642167
 0 0.642167
 0 0.642323
 0 0.642377
 0 0.642378
 0 0.64238
 0 0.642383
 0 0.642386
 0 0.642433
 0 0.642434
 0 0.642435
 0 0.642561
 0 0.642629
 0 0.64263
 0 0.64263
 0 0.642677
 0 0.642677
 0 0.642677
 0 0.642677
 0 0.642677
 0 0.642678
 0 0.64268
 0 0.642685
 0 0.642685
 0 0.642688
 0 0.642704
 0 0.642704
 0 0.642721
 0 0.642774
 0 0.642774
 0 0.642935
 0 0.642935
 0 0.642936
 0 0.642973
 0 0.642983
 0 0.642984
 0 0.643045
 0 0.643048
 0 0.643106
 0 0.643156
 0 0.643157
 0 0.643181
 0 0.643181
 0 0.643278
 0 0.643337
 0 0.643358
 0 0.643358
 0 0.643447
 0 0.643447
 0 0.643447
 0 0.643448
 0 0.643448
 0 0.643575
 0 0.643576
 0 0.643624
 0 0.643625
 0 0.643699
 0 0.6437
 0 0.643769
 0 0.643864
 0 0.643877
 0 0.643878
 0 0.643882
 0 0.643882
 0 0.643883
 0 0.644005
 0 0.644008
 0 0.644008
 0 0.644056
 0 0.644057
 0 0.644057
 0 0.644113
 0 0.644116
 0 0.644116
 0 0.644116
 0 0.644116
 0 0.644156
 0 0.644196
 0 0.644208
 0 0.644385
 0 0.644387
 0 0.644387
 0 0.644626
 0 0.644634
 0 0.644634
 0 0.644647
 0 0.644647
 0 0.64471
 0 0.644774
 0 0.644775
 0 0.644776
 0 0.644777
 0 0.644777
 0 0.644895
 0 0.644913
 0 0.644913
 0 0.644984
 0 0.644984
 0 0.645028
 0 0.645188
 0 0.645212
 0 0.645212
 0 0.645391
 0 0.645392
 0 0.645394
 0 0.645419
 0 0.645419
 0 0.645459
 0 0.645504
 0 0.645504
 0 0.645572
 0 0.645576
 0 0.645716
 0 0.645758
 0 0.645775
 0 0.645778
 0 0.645778
 0 0.645778
 0 0.645778
 0 0.645784
 0 0.645784
 0 0.645786
 0 0.645883
 0 0.645883
 0 0.645884
 0 0.646059
 0 0.646061
 0 0.646276
 0 0.646276
 0 0.646352
 0 0.646378
 0 0.646379
 0 0.646409
 0 0.646494
 0 0.646533
 0 0.646561
 0 0.646561
 0 0.646564
 0 0.646707
 0 0.646943
 0 0.646944
 0 0.647115
 0 0.647179
 0 0.647179
 0 0.647179
 0 0.647217
 0 0.647217
 0 0.647279
 0 0.647279
 0 0.647325
 0 0.647523
 0 0.647523
 0 0.647524
 0 0.647584
 0 0.647623
 0 0.647724
 0 0.647725
 0 0.647741
 0 0.647971
 0 0.647972
 0 0.647972
 0 0.648209
 0 0.64821
 0 0.648327
 0 0.648328
 0 0.64847
 0 0.648599
 0 0.648661
 0 0.648707
 0 0.648939
 0 0.648939
 0 0.650473
 0 0.650473
 0 0.650576
 0 0.650576
 0 0.651168
 0 0.651376
 0 0.652825
 0 0.653285
 0 0.653498
 0 0.653865
 0 0.653961
 0 0.653962
 0 inf
