 0 0.494004
 0 0.494004
 0 0.494005
 0 0.494428
 0 0.49443
 0 0.494766
 0 0.618775
 0 0.618829
 0 0.618829
 0 0.61883
 0 0.618831
 0 0.619203
 0 0.61934
 0 0.619343
 0 0.619343
 0 0.619862
 0 0.619862
 0 0.62043
 0 0.623514
 0 0.624438
 0 0.62444
 0 0.624484
 0 0.624485
 0 0.624485
 0 0.625125
 0 0.625125
 0 0.625413
 0 0.625573
 0 0.625573
 0 0.62586
 0 0.626381
 0 0.626382
 0 0.626499
 0 0.626521
 0 0.626522
 0 0.627019
 0 0.627166
 0 0.627166
 0 0.627216
 0 0.627217
 0 0.627217
 0 0.627365
 0 0.627471
 0 0.627823
 0 0.628042
 0 0.628043
 0 0.628179
 0 0.628179
 0 0.628206
 0 0.628213
 0 0.628373
 0 0.628412
 0 0.628413
 0 0.628434
 0 0.628437
 0 0.628437
 0 0.628437
 0 0.628668
 0 0.628669
 0 0.628784
 0 0.628843
 0 0.628843
 0 0.629056
 0 0.629056
 0 0.629056
 0 0.629079
 0 0.629079
 0 0.629079
 0 0.629146
 0 0.629154
 0 0.629154
 0 0.629205
 0 0.629205
 0 0.629205
 0 0.629251
 0 0.629252
 0 0.629252
 0 0.629321
 0 0.629389
 0 0.629389
 0 0.629425
 0 0.629426
 0 0.629681
 0 0.629681
 0 0.629681
 0 0.629683
 0 0.629696
 0 0.629713
 0 0.629713
 0 0.629801
 0 0.629801
 0 0.629809
 0 0.629923
 0 0.629934
 0 0.629976
 0 0.629976
 0 0.629993
 0 0.630018
 0 0.63002
 0 0.63002
 0 0.63002
 0 0.63002
 0 0.630021
 0 0.630037
 0 0.630038
 0 0.630038
 0 0.630061
 0 0.630061
 0 0.630061
 0 0.630061
 0 0.630062
 0 0.630075
 0 0.630107
 0 0.630107
 0 0.630107
 0 0.630195
 0 0.63023
 0 0.63024
 0 0.63024
 0 0.630242
 0 0.630242
 0 0.630303
 0 0.630303
 0 0.63033
 0 0.630411
 0 0.630411
 0 0.630411
 0 0.630422
 0 0.630424
 0 0.630424
 0 0.630436
 0 0.630639
 0 0.63064
 0 0.63064
 0 0.630673
 0 0.630673
 0 0.630674
 0 0.630742
 0 0.630754
 0 0.630754
 0 0.630754
 0 0.630754
 0 0.630755
 0 0.63086
 0 0.63086
 0 0.630891
 0 0.630892
 0 0.630892
 0 0.630901
 0 0.630901
 0 0.630945
 0 0.630948
 0 0.630954
 0 0.630954
 0 0.630955
 0 0.630955
 0 0.630956
 0 0.631009
 0 0.631009
 0 0.631071
 0 0.631086
 0 0.631114
 0 0.631127
 0 0.631127
 0 0.631146
 0 0.631147
 0 0.631162
 0 0.631177
 0 0.631177
 0 0.631177
 0 0.631178
 0 0.631267
 0 0.631267
 0 0.631269
 0 0.631295
 0 0.631295
 0 0.631296
 0 0.631348
 0 0.63139
 0 0.631391
 0 0.631405
 0 0.631405
 0 0.631531
 0 0.631534
 0 0.631704
 0 0.631707
 0 0.631708
 0 0.631712
 0 0.631727
 0 0.63173
 0 0.63173
 0 0.63173
 0 0.63173
 0 0.631736
 0 0.631736
 0 0.631808
 0 0.631808
 0 0.631934
 0 0.631934
 0 0.631934
 0 0.631934
 0 0.631934
 0 0.631934
 0 0.631935
 0 0.631974
 0 0.631992
 0 0.631993
 0 0.632023
 0 0.63206
 0 0.63206
 0 0.63206
 0 0.63206
 0 0.632091
 0 0.632191
 0 0.632191
 0 0.632226
 0 0.632226
 0 0.632227
 0 0.632275
 0 0.632275
 0 0.632308
 0 0.632318
 0 0.632319
 0 0.632319
 0 0.63234
 0 0.63234
 0 0.632346
 0 0.632362
 0 0.632388
 0 0.632399
 0 0.632399
 0 0.6324
 0 0.632414
 0 0.632451
 0 0.632512
 0 0.632512
 0 0.632516
 0 0.632536
 0 0.632548
 0 0.632549
 0 0.63255
 0 0.632551
 0 0.632583
 0 0.632583
 0 0.632598
 0 0.632722
 0 0.632743
 0 0.632744
 0 0.632829
 0 0.63283
 0 0.632842
 0 0.632842
 0 0.632955
 0 0.632956
 0 0.632956
 0 0.632978
 0 0.632978
 0 0.63298
 0 0.63298
 0 0.63298
 0 0.632982
 0 0.632985
 0 0.633026
 0 0.633026
 0 0.633026
 0 0.633038
 0 0.63304
 0 0.633042
 0 0.633057
 0 0.63308
 0 0.63308
 0 0.633141
 0 0.633141
 0 0.633193
 0 0.633226
 0 0.633249
 0 0.633249
 0 0.633252
 0 0.633274
 0 0.633323
 0 0.633324
 0 0.633324
 0 0.633324
 0 0.633324
 0 0.633324
 0 0.633326
 0 0.633376
 0 0.633404
 0 0.633438
 0 0.633442
 0 0.633442
 0 0.633442
 0 0.633476
 0 0.633589
 0 0.63365
 0 0.633685
 0 0.633689
 0 0.633695
 0 0.633695
 0 0.633695
 0 0.633695
 0 0.633711
 0 0.633726
 0 0.633735
 0 0.633735
 0 0.633736
 0 0.633755
 0 0.633756
 0 0.633759
 0 0.633759
 0 0.63376
 0 0.633764
 0 0.633765
 0 0.633776
 0 0.633776
 0 0.633782
 0 0.633783
 0 0.633784
 0 0.633806
 0 0.633807
 0 0.633859
 0 0.633859
 0 0.633865
 0 0.633866
 0 0.633866
 0 0.633887
 0 0.633887
 0 0.633888
 0 0.633888
 0 0.633912
 0 0.633912
 0 0.633944
 0 0.633944
 0 0.633944
 0 0.633944
 0 0.633974
 0 0.633975
 0 0.633979
 0 0.633979
 0 0.63398
 0 0.63398
 0 0.63398
 0 0.634008
 0 0.63401
 0 0.63401
 0 0.634011
 0 0.634011
 0 0.634013
 0 0.634014
 0 0.634016
 0 0.634016
 0 0.634016
 0 0.634024
 0 0.634024
 0 0.634048
 0 0.63405
 0 0.634056
 0 0.634056
 0 0.63415
 0 0.634152
 0 0.634157
 0 0.634157
 0 0.634157
 0 0.634157
 0 0.634157
 0 0.634182
 0 0.634182
 0 0.634213
 0 0.634213
 0 0.634234
 0 0.634234
 0 0.634234
 0 0.634237
 0 0.634237
 0 0.634237
 0 0.634265
 0 0.634313
 0 0.634314
 0 0.63433
 0 0.634331
 0 0.634331
 0 0.634331
 0 0.634392
 0 0.634419
 0 0.634419
 0 0.634419
 0 0.634419
 0 0.634419
 0 0.63442
 0 0.63442
 0 0.63442
 0 0.634421
 0 0.634421
 0 0.634422
 0 0.634428
 0 0.634429
 0 0.634429
 0 0.634431
 0 0.634483
 0 0.634483
 0 0.634521
 0 0.634521
 0 0.634522
 0 0.634559
 0 0.634572
 0 0.634616
 0 0.63465
 0 0.634689
 0 0.634689
 0 0.634689
 0 0.634704
 0 0.634717
 0 0.634717
 0 0.634844
 0 0.634844
 0 0.63485
 0 0.634852
 0 0.634852
 0 0.634886
 0 0.634886
 0 0.634906
 0 0.634931
 0 0.634931
 0 0.634931
 0 0.63496
 0 0.63496
 0 0.634995
 0 0.634995
 0 0.635045
 0 0.635045
 0 0.635047
 0 0.635054
 0 0.635072
 0 0.635072
 0 0.635101
 0 0.635101
 0 0.635104
 0 0.635209
 0 0.635321
 0 0.635328
 0 0.635344
 0 0.635396
 0 0.635396
 0 0.635397
 0 0.635397
 0 0.635397
 0 0.635456
 0 0.635457
 0 0.635463
 0 0.635464
 0 0.635504
 0 0.635505
 0 0.635505
 0 0.635505
 0 0.635539
 0 0.635539
 0 0.635625
 0 0.635779
 0 0.635779
 0 0.635787
 0 0.635787
 0 0.635787
 0 0.635787
 0 0.635787
 0 0.635787
 0 0.635787
 0 0.635805
 0 0.635807
 0 0.635807
 0 0.635807
 0 0.635816
 0 0.635816
 0 0.635816
 0 0.635817
 0 0.635827
 0 0.635831
 0 0.635831
 0 0.635831
 0 0.635832
 0 0.635832
 0 0.635863
 0 0.635931
 0 0.635933
 0 0.636032
 0 0.636033
 0 0.636063
 0 0.636063
 0 0.636063
 0 0.636067
 0 0.636067
 0 0.636067
 0 0.63621
 0 0.63621
 0 0.636219
 0 0.636234
 0 0.636235
 0 0.636235
 0 0.636272
 0 0.636274
 0 0.636274
 0 0.636296
 0 0.636311
 0 0.636311
 0 0.636331
 0 0.636333
 0 0.636334
 0 0.636348
 0 0.636363
 0 0.636363
 0 0.636375
 0 0.636375
 0 0.636377
 0 0.636407
 0 0.63641
 0 0.636411
 0 0.636454
 0 0.636455
 0 0.636455
 0 0.636511
 0 0.636511
 0 0.636512
 0 0.636513
 0 0.636552
 0 0.636552
 0 0.63665
 0 0.636667
 0 0.636667
 0 0.636707
 0 0.636709
 0 0.636709
 0 0.636787
 0 0.636787
 0 0.636787
 0 0.636788
 0 0.636789
 0 0.636789
 0 0.636812
 0 0.636813
 0 0.636814
 0 0.636818
 0 0.636843
 0 0.636844
 0 0.636849
 0 0.63685
 0 0.636883
 0 0.636884
 0 0.636895
 0 0.636897
 0 0.636897
 0 0.636901
 0 0.636901
 0 0.636901
 0 0.636966
 0 0.636968
 0 0.636968
 0 0.636968
 0 0.63701
 0 0.637012
 0 0.637013
 0 0.637119
 0 0.63712
 0 0.63712
 0 0.637141
 0 0.637143
 0 0.63716
 0 0.637195
 0 0.637195
 0 0.637195
 0 0.637195
 0 0.637195
 0 0.637211
 0 0.637211
 0 0.637212
 0 0.637251
 0 0.637251
 0 0.637252
 0 0.637253
 0 0.637277
 0 0.637284
 0 0.637285
 0 0.637296
 0 0.637296
 0 0.637299
 0 0.637301
 0 0.637302
 0 0.637303
 0 0.637317
 0 0.637317
 0 0.637319
 0 0.637319
 0 0.637327
 0 0.637328
 0 0.637328
 0 0.637361
 0 0.637374
 0 0.637392
 0 0.637409
 0 0.637426
 0 0.63746
 0 0.637461
 0 0.637464
 0 0.637465
 0 0.637466
 0 0.637483
 0 0.637502
 0 0.637529
 0 0.637615
 0 0.63773
 0 0.637731
 0 0.637731
 0 0.637798
 0 0.637862
 0 0.637863
 0 0.637977
 0 0.637977
 0 0.63798
 0 0.637983
 0 0.638013
 0 0.638015
 0 0.638098
 0 0.638124
 0 0.638125
 0 0.638126
 0 0.638139
 0 0.63814
 0 0.638141
 0 0.638167
 0 0.638167
 0 0.638167
 0 0.638167
 0 0.638168
 0 0.638189
 0 0.638204
 0 0.638204
 0 0.638244
 0 0.638287
 0 0.638287
 0 0.638289
 0 0.638313
 0 0.638314
 0 0.638361
 0 0.638362
 0 0.638388
 0 0.638388
 0 0.638389
 0 0.638389
 0 0.638453
 0 0.638453
 0 0.638605
 0 0.638606
 0 0.638672
 0 0.638746
 0 0.638776
 0 0.638814
 0 0.638814
 0 0.638815
 0 0.638818
 0 0.638896
 0 0.638897
 0 0.638925
 0 0.638926
 0 0.638931
 0 0.638955
 0 0.638955
 0 0.63898
 0 0.638996
 0 0.638997
 0 0.638997
 0 0.639007
 0 0.639047
 0 0.639047
 0 0.63917
 0 0.63917
 0 0.63917
 0 0.639171
 0 0.639171
 0 0.639194
 0 0.639209
 0 0.63921
 0 0.63921
 0 0.63921
 0 0.639223
 0 0.639243
 0 0.639243
 0 0.639329
 0 0.639329
 0 0.639422
 0 0.639423
 0 0.639423
 0 0.639423
 0 0.639504
 0 0.639539
 0 0.639539
 0 0.639543
 0 0.639618
 0 0.639623
 0 0.639623
 0 0.639624
 0 0.639676
 0 0.639676
 0 0.63969
 0 0.639691
 0 0.639719
 0 0.639721
 0 0.639768
 0 0.639775
 0 0.639786
 0 0.639786
 0 0.639786
 0 0.639797
 0 0.63981
 0 0.639906
 0 0.639926
 0 0.639926
 0 0.639926
 0 0.639934
 0 0.640042
 0 0.640062
 0 0.640107
 0 0.640109
 0 0.640109
 0 0.640111
 0 0.640157
 0 0.640157
 0 0.640157
 0 0.640183
 0 0.640184
 0 0.640217
 0 0.640288
 0 0.640321
 0 0.640352
 0 0.640352
 0 0.640378
 0 0.640378
 0 0.640378
 0 0.640378
 0 0.64039
 0 0.640391
 0 0.640445
 0 0.640446
 0 0.640565
 0 0.640565
 0 0.640566
 0 0.640571
 0 0.640596
 0 0.640641
 0 0.640682
 0 0.640682
 0 0.640726
 0 0.6409
 0 0.64105
 0 0.64105
 0 0.641069
 0 0.641069
 0 0.641069
 0 0.641069
 0 0.641142
 0 0.641143
 0 0.641144
 0 0.641277
 0 0.641296
 0 0.641385
 0 0.641385
 0 0.641415
 0 0.641416
 0 0.641416
 0 0.641591
 0 0.641693
 0 0.641701
 0 0.641778
 0 0.641837
 0 0.641837
 0 0.641943
 0 0.641943
 0 0.642236
 0 0.642236
 0 0.642272
 0 0.642272
 0 0.642272
 0 0.642397
 0 0.642429
 0 0.642431
 0 0.642431
 0 0.64251
 0 0.64251
 0 0.64251
 0 0.64251
 0 0.642589
 0 0.642711
 0 0.642712
 0 0.642839
 0 0.642839
 0 0.642839
 0 0.642969
 0 0.642969
 0 0.642969
 0 0.642969
 0 0.642969
 0 0.643007
 0 0.643009
 0 0.64304
 0 0.643085
 0 0.643085
 0 0.643597
 0 0.644653
 0 0.644657
 0 0.645872
 0 0.645876
 0 0.645876
 0 0.645876
 0 0.647353
 0 0.647354
 0 0.647354
 0 0.647354
 0 0.647354
 0 0.647354
 0 0.649463
 0 0.649463
 0 0.649555
 0 0.649618
 0 0.650538
 0 0.650538
 0 1.32094
 0 3.02169
 0 3.02212
 0 3.02225
 0 3.02225
 0 3.02255
 0 inf
