 0 0.488497
 0 0.488584
 0 0.488587
 0 0.48891
 0 0.48891
 0 0.488911
 0 0.493175
 0 0.493318
 0 0.493318
 0 0.493318
 0 0.4934
 0 0.4934
 0 0.609853
 0 0.609853
 0 0.609854
 0 0.609855
 0 0.610545
 0 0.610545
 0 0.615782
 0 0.61592
 0 0.61592
 0 0.61592
 0 0.61592
 0 0.616805
 0 0.617348
 0 0.617836
 0 0.617838
 0 0.617971
 0 0.617972
 0 0.618066
 0 0.618067
 0 0.618194
 0 0.618267
 0 0.618292
 0 0.618292
 0 0.618292
 0 0.618292
 0 0.618298
 0 0.618385
 0 0.618389
 0 0.618492
 0 0.618611
 0 0.618697
 0 0.61902
 0 0.619054
 0 0.619181
 0 0.619233
 0 0.619264
 0 0.621002
 0 0.621279
 0 0.62128
 0 0.62128
 0 0.621405
 0 0.621406
 0 0.62164
 0 0.621643
 0 0.621659
 0 0.621659
 0 0.621671
 0 0.621845
 0 0.621845
 0 0.621845
 0 0.621845
 0 0.621847
 0 0.621992
 0 0.622164
 0 0.622165
 0 0.622223
 0 0.622223
 0 0.622223
 0 0.622223
 0 0.622261
 0 0.622261
 0 0.622262
 0 0.622264
 0 0.622274
 0 0.622341
 0 0.622419
 0 0.622494
 0 0.622494
 0 0.622495
 0 0.622495
 0 0.622512
 0 0.622514
 0 0.622515
 0 0.622535
 0 0.622579
 0 0.622582
 0 0.622592
 0 0.6226
 0 0.6226
 0 0.622843
 0 0.622912
 0 0.622914
 0 0.622914
 0 0.622914
 0 0.622928
 0 0.622928
 0 0.622947
 0 0.622948
 0 0.622948
 0 0.622949
 0 0.622949
 0 0.622949
 0 0.623393
 0 0.623523
 0 0.623523
 0 0.623531
 0 0.623532
 0 0.623532
 0 0.623533
 0 0.623547
 0 0.623553
 0 0.623625
 0 0.624005
 0 0.624005
 0 0.624017
 0 0.624038
 0 0.624099
 0 0.6241
 0 0.624124
 0 0.624128
 0 0.62413
 0 0.624227
 0 0.624277
 0 0.624279
 0 0.624281
 0 0.624339
 0 0.624606
 0 0.624607
 0 0.624702
 0 0.624702
 0 0.624769
 0 0.624771
 0 0.624784
 0 0.624784
 0 0.624919
 0 0.624944
 0 0.624944
 0 0.62497
 0 0.625039
 0 0.625039
 0 0.62504
 0 0.625041
 0 0.625051
 0 0.625158
 0 0.62527
 0 0.625271
 0 0.625339
 0 0.625346
 0 0.625385
 0 0.625387
 0 0.625389
 0 0.625389
 0 0.625395
 0 0.625395
 0 0.625397
 0 0.625424
 0 0.625427
 0 0.625427
 0 0.625427
 0 0.625428
 0 0.625449
 0 0.625452
 0 0.625452
 0 0.625452
 0 0.625452
 0 0.625454
 0 0.625455
 0 0.625456
 0 0.62552
 0 0.625521
 0 0.625521
 0 0.625521
 0 0.625524
 0 0.625525
 0 0.625671
 0 0.625723
 0 0.625772
 0 0.625772
 0 0.625772
 0 0.625789
 0 0.625792
 0 0.625815
 0 0.625815
 0 0.625824
 0 0.625903
 0 0.625903
 0 0.625953
 0 0.62598
 0 0.625981
 0 0.625981
 0 0.625984
 0 0.626023
 0 0.626039
 0 0.626039
 0 0.626059
 0 0.626061
 0 0.626094
 0 0.6261
 0 0.626102
 0 0.626103
 0 0.626108
 0 0.626109
 0 0.62611
 0 0.626131
 0 0.626191
 0 0.6262
 0 0.626202
 0 0.626203
 0 0.626203
 0 0.626218
 0 0.626223
 0 0.626231
 0 0.626262
 0 0.626304
 0 0.626306
 0 0.62631
 0 0.626378
 0 0.62638
 0 0.626422
 0 0.626422
 0 0.626424
 0 0.626424
 0 0.62644
 0 0.626446
 0 0.626448
 0 0.626471
 0 0.626567
 0 0.626567
 0 0.626569
 0 0.62657
 0 0.626579
 0 0.626579
 0 0.626658
 0 0.62666
 0 0.626661
 0 0.626693
 0 0.62672
 0 0.626722
 0 0.626755
 0 0.626758
 0 0.626764
 0 0.626769
 0 0.626769
 0 0.62677
 0 0.626838
 0 0.626874
 0 0.626925
 0 0.627073
 0 0.627073
 0 0.627075
 0 0.6271
 0 0.627103
 0 0.627217
 0 0.627217
 0 0.627248
 0 0.627248
 0 0.627255
 0 0.62729
 0 0.627292
 0 0.62734
 0 0.62734
 0 0.627383
 0 0.627387
 0 0.627403
 0 0.627405
 0 0.627527
 0 0.627527
 0 0.627528
 0 0.627542
 0 0.627543
 0 0.627575
 0 0.627582
 0 0.627582
 0 0.627633
 0 0.627633
 0 0.627637
 0 0.627679
 0 0.627696
 0 0.627698
 0 0.627703
 0 0.627704
 0 0.627816
 0 0.627816
 0 0.627816
 0 0.627884
 0 0.627911
 0 0.62798
 0 0.62804
 0 0.628042
 0 0.628042
 0 0.62806
 0 0.628063
 0 0.628063
 0 0.628101
 0 0.628208
 0 0.628242
 0 0.628276
 0 0.628276
 0 0.628276
 0 0.628281
 0 0.628282
 0 0.628282
 0 0.628293
 0 0.628294
 0 0.628357
 0 0.628384
 0 0.628499
 0 0.628505
 0 0.628506
 0 0.628604
 0 0.628606
 0 0.628633
 0 0.628633
 0 0.628791
 0 0.628836
 0 0.628876
 0 0.628877
 0 0.628878
 0 0.628889
 0 0.628889
 0 0.62889
 0 0.628958
 0 0.628958
 0 0.628958
 0 0.628958
 0 0.62897
 0 0.62904
 0 0.62904
 0 0.629109
 0 0.62911
 0 0.62911
 0 0.629112
 0 0.629125
 0 0.629179
 0 0.62918
 0 0.629204
 0 0.629214
 0 0.629251
 0 0.629251
 0 0.629263
 0 0.629268
 0 0.629275
 0 0.629296
 0 0.629297
 0 0.629297
 0 0.629302
 0 0.629303
 0 0.629318
 0 0.629318
 0 0.629318
 0 0.629385
 0 0.629385
 0 0.62947
 0 0.629497
 0 0.629604
 0 0.629605
 0 0.629606
 0 0.629609
 0 0.629642
 0 0.629671
 0 0.629698
 0 0.629699
 0 0.6297
 0 0.629754
 0 0.629755
 0 0.629772
 0 0.629772
 0 0.629809
 0 0.629809
 0 0.629809
 0 0.629843
 0 0.629858
 0 0.629866
 0 0.629918
 0 0.629924
 0 0.629924
 0 0.629945
 0 0.629949
 0 0.629984
 0 0.62999
 0 0.629991
 0 0.629991
 0 0.629991
 0 0.630036
 0 0.630036
 0 0.630038
 0 0.630039
 0 0.630059
 0 0.630059
 0 0.630064
 0 0.630087
 0 0.630087
 0 0.630089
 0 0.630091
 0 0.630095
 0 0.630096
 0 0.630097
 0 0.63019
 0 0.63022
 0 0.630249
 0 0.63025
 0 0.630252
 0 0.630253
 0 0.630254
 0 0.630321
 0 0.630368
 0 0.630369
 0 0.630369
 0 0.630399
 0 0.6304
 0 0.630402
 0 0.630447
 0 0.630449
 0 0.630473
 0 0.630477
 0 0.630604
 0 0.630605
 0 0.630606
 0 0.630606
 0 0.63071
 0 0.630713
 0 0.630713
 0 0.63074
 0 0.630742
 0 0.630766
 0 0.630767
 0 0.630873
 0 0.630876
 0 0.631042
 0 0.631043
 0 0.631044
 0 0.631044
 0 0.631056
 0 0.63106
 0 0.631167
 0 0.631168
 0 0.631168
 0 0.631191
 0 0.631191
 0 0.631196
 0 0.631199
 0 0.631199
 0 0.631218
 0 0.631238
 0 0.631238
 0 0.631298
 0 0.631343
 0 0.631343
 0 0.631343
 0 0.631423
 0 0.631423
 0 0.631426
 0 0.631445
 0 0.631493
 0 0.631493
 0 0.631495
 0 0.631522
 0 0.631544
 0 0.631545
 0 0.631547
 0 0.631547
 0 0.631556
 0 0.631558
 0 0.631594
 0 0.631594
 0 0.631597
 0 0.631689
 0 0.631716
 0 0.631718
 0 0.63172
 0 0.631746
 0 0.631747
 0 0.631747
 0 0.631748
 0 0.631748
 0 0.631748
 0 0.631748
 0 0.631748
 0 0.631761
 0 0.631761
 0 0.631783
 0 0.631784
 0 0.631878
 0 0.631881
 0 0.631881
 0 0.631894
 0 0.631914
 0 0.631919
 0 0.63192
 0 0.631927
 0 0.631971
 0 0.631971
 0 0.63198
 0 0.631982
 0 0.631982
 0 0.631983
 0 0.631983
 0 0.631989
 0 0.632002
 0 0.632105
 0 0.632154
 0 0.632156
 0 0.632163
 0 0.632163
 0 0.632188
 0 0.632193
 0 0.632242
 0 0.632242
 0 0.632258
 0 0.632258
 0 0.632259
 0 0.632262
 0 0.632267
 0 0.632268
 0 0.632268
 0 0.632268
 0 0.632268
 0 0.632268
 0 0.632292
 0 0.632292
 0 0.632293
 0 0.632293
 0 0.632296
 0 0.63232
 0 0.632361
 0 0.632365
 0 0.632365
 0 0.632369
 0 0.632369
 0 0.632369
 0 0.6324
 0 0.632403
 0 0.632434
 0 0.632434
 0 0.632472
 0 0.632482
 0 0.632492
 0 0.632493
 0 0.632495
 0 0.632501
 0 0.632538
 0 0.632541
 0 0.632542
 0 0.632569
 0 0.632569
 0 0.632646
 0 0.632688
 0 0.632697
 0 0.632757
 0 0.632758
 0 0.63276
 0 0.632781
 0 0.632807
 0 0.632809
 0 0.632845
 0 0.632881
 0 0.632894
 0 0.632894
 0 0.632922
 0 0.632922
 0 0.63293
 0 0.632947
 0 0.633052
 0 0.633052
 0 0.633061
 0 0.633061
 0 0.633078
 0 0.633081
 0 0.633096
 0 0.633099
 0 0.633128
 0 0.633166
 0 0.633202
 0 0.633203
 0 0.63321
 0 0.63321
 0 0.633212
 0 0.633258
 0 0.633258
 0 0.633277
 0 0.633329
 0 0.633375
 0 0.633376
 0 0.63338
 0 0.633395
 0 0.633405
 0 0.633409
 0 0.633409
 0 0.633409
 0 0.633409
 0 0.63343
 0 0.633531
 0 0.633531
 0 0.633535
 0 0.633538
 0 0.633538
 0 0.633538
 0 0.633539
 0 0.633621
 0 0.633654
 0 0.633654
 0 0.633654
 0 0.63369
 0 0.633692
 0 0.633719
 0 0.63372
 0 0.633742
 0 0.633742
 0 0.633743
 0 0.633745
 0 0.633774
 0 0.633774
 0 0.633779
 0 0.633782
 0 0.633782
 0 0.633785
 0 0.63379
 0 0.63379
 0 0.633791
 0 0.633808
 0 0.633811
 0 0.633839
 0 0.633842
 0 0.633884
 0 0.633945
 0 0.633946
 0 0.633947
 0 0.633948
 0 0.633963
 0 0.633965
 0 0.633986
 0 0.633987
 0 0.634003
 0 0.63402
 0 0.63402
 0 0.63402
 0 0.634025
 0 0.634026
 0 0.634027
 0 0.634029
 0 0.634029
 0 0.634061
 0 0.634068
 0 0.634086
 0 0.634089
 0 0.634089
 0 0.634089
 0 0.634101
 0 0.634101
 0 0.634105
 0 0.634129
 0 0.634177
 0 0.634192
 0 0.634192
 0 0.634192
 0 0.6342
 0 0.63422
 0 0.634247
 0 0.634247
 0 0.634257
 0 0.634286
 0 0.634288
 0 0.634289
 0 0.634292
 0 0.634293
 0 0.634294
 0 0.634296
 0 0.634312
 0 0.634338
 0 0.634365
 0 0.634366
 0 0.634366
 0 0.634397
 0 0.6344
 0 0.634402
 0 0.634451
 0 0.63447
 0 0.63448
 0 0.634528
 0 0.634544
 0 0.634564
 0 0.634565
 0 0.634567
 0 0.634567
 0 0.634568
 0 0.634571
 0 0.634606
 0 0.634606
 0 0.634608
 0 0.634608
 0 0.634612
 0 0.634615
 0 0.634637
 0 0.634645
 0 0.634645
 0 0.634648
 0 0.634659
 0 0.634704
 0 0.634707
 0 0.634714
 0 0.634747
 0 0.634747
 0 0.634748
 0 0.634748
 0 0.634748
 0 0.634754
 0 0.634777
 0 0.634777
 0 0.634782
 0 0.634782
 0 0.634784
 0 0.634784
 0 0.63479
 0 0.634792
 0 0.634792
 0 0.634802
 0 0.634802
 0 0.634811
 0 0.634813
 0 0.634813
 0 0.634813
 0 0.634822
 0 0.634824
 0 0.634828
 0 0.634828
 0 0.634839
 0 0.634848
 0 0.634877
 0 0.634878
 0 0.634878
 0 0.634886
 0 0.634895
 0 0.634897
 0 0.634913
 0 0.634916
 0 0.634916
 0 0.634919
 0 0.634925
 0 0.634926
 0 0.634965
 0 0.634967
 0 0.634968
 0 0.634973
 0 0.634974
 0 0.634975
 0 0.635001
 0 0.635004
 0 0.635033
 0 0.635051
 0 0.635051
 0 0.635051
 0 0.635052
 0 0.635058
 0 0.635058
 0 0.635061
 0 0.635065
 0 0.635067
 0 0.635067
 0 0.635078
 0 0.635099
 0 0.635101
 0 0.635109
 0 0.635122
 0 0.635124
 0 0.635138
 0 0.635151
 0 0.635151
 0 0.635176
 0 0.635181
 0 0.635186
 0 0.635205
 0 0.635206
 0 0.635207
 0 0.63522
 0 0.635238
 0 0.635248
 0 0.63527
 0 0.635273
 0 0.6353
 0 0.6353
 0 0.63531
 0 0.635337
 0 0.635338
 0 0.635338
 0 0.635356
 0 0.635358
 0 0.635358
 0 0.635363
 0 0.635364
 0 0.635373
 0 0.635374
 0 0.635438
 0 0.635438
 0 0.63544
 0 0.63544
 0 0.635454
 0 0.635454
 0 0.635466
 0 0.635466
 0 0.635477
 0 0.635486
 0 0.635488
 0 0.635488
 0 0.635505
 0 0.635549
 0 0.635562
 0 0.635572
 0 0.635577
 0 0.635591
 0 0.635614
 0 0.635622
 0 0.635625
 0 0.635672
 0 0.635672
 0 0.635675
 0 0.635702
 0 0.635715
 0 0.635716
 0 0.635756
 0 0.635756
 0 0.635777
 0 0.635777
 0 0.635778
 0 0.63578
 0 0.635781
 0 0.635782
 0 0.635783
 0 0.635787
 0 0.63583
 0 0.635871
 0 0.635874
 0 0.635876
 0 0.635878
 0 0.635878
 0 0.63588
 0 0.635883
 0 0.635908
 0 0.635913
 0 0.635917
 0 0.635944
 0 0.635946
 0 0.635946
 0 0.635946
 0 0.635946
 0 0.635946
 0 0.635946
 0 0.63595
 0 0.635951
 0 0.635967
 0 0.635979
 0 0.635983
 0 0.636004
 0 0.636007
 0 0.636008
 0 0.636008
 0 0.636008
 0 0.636035
 0 0.636035
 0 0.636039
 0 0.636067
 0 0.636069
 0 0.6361
 0 0.636101
 0 0.636127
 0 0.636128
 0 0.636128
 0 0.63613
 0 0.636155
 0 0.636189
 0 0.636191
 0 0.636191
 0 0.636192
 0 0.636192
 0 0.636235
 0 0.636235
 0 0.636246
 0 0.636247
 0 0.636248
 0 0.636249
 0 0.636249
 0 0.63625
 0 0.63629
 0 0.636291
 0 0.636293
 0 0.636294
 0 0.636312
 0 0.636312
 0 0.636314
 0 0.636316
 0 0.636316
 0 0.636325
 0 0.636354
 0 0.636354
 0 0.636354
 0 0.636355
 0 0.636361
 0 0.636363
 0 0.636366
 0 0.636388
 0 0.636388
 0 0.63641
 0 0.636438
 0 0.63644
 0 0.63644
 0 0.636452
 0 0.636457
 0 0.636509
 0 0.636614
 0 0.636618
 0 0.636618
 0 0.636684
 0 0.636686
 0 0.636686
 0 0.636688
 0 0.636715
 0 0.636717
 0 0.636717
 0 0.636717
 0 0.636767
 0 0.636782
 0 0.636784
 0 0.636794
 0 0.636806
 0 0.636809
 0 0.636811
 0 0.636812
 0 0.636907
 0 0.636917
 0 0.636919
 0 0.636919
 0 0.636933
 0 0.636935
 0 0.636947
 0 0.636948
 0 0.636948
 0 0.636951
 0 0.636951
 0 0.63696
 0 0.636962
 0 0.636985
 0 0.636986
 0 0.637013
 0 0.637013
 0 0.637013
 0 0.637013
 0 0.637013
 0 0.637015
 0 0.63702
 0 0.63702
 0 0.637021
 0 0.637021
 0 0.637027
 0 0.637029
 0 0.637029
 0 0.637032
 0 0.637033
 0 0.637052
 0 0.637054
 0 0.637055
 0 0.637077
 0 0.637117
 0 0.637152
 0 0.637154
 0 0.637155
 0 0.637155
 0 0.637155
 0 0.637189
 0 0.637189
 0 0.637206
 0 0.637207
 0 0.637208
 0 0.637214
 0 0.637214
 0 0.637215
 0 0.637217
 0 0.637217
 0 0.637265
 0 0.637266
 0 0.637268
 0 0.637271
 0 0.63732
 0 0.63732
 0 0.63732
 0 0.637368
 0 0.637371
 0 0.637372
 0 0.63742
 0 0.637424
 0 0.637426
 0 0.637426
 0 0.63745
 0 0.637478
 0 0.637478
 0 0.63748
 0 0.637508
 0 0.637515
 0 0.637528
 0 0.637528
 0 0.637529
 0 0.637531
 0 0.637531
 0 0.637542
 0 0.637549
 0 0.637549
 0 0.637566
 0 0.637567
 0 0.637577
 0 0.637577
 0 0.637577
 0 0.637577
 0 0.637577
 0 0.637577
 0 0.637579
 0 0.63758
 0 0.63758
 0 0.637581
 0 0.637582
 0 0.637616
 0 0.637618
 0 0.637619
 0 0.637619
 0 0.637619
 0 0.637647
 0 0.637661
 0 0.637663
 0 0.637756
 0 0.637756
 0 0.637756
 0 0.637765
 0 0.637766
 0 0.637815
 0 0.637828
 0 0.637828
 0 0.637829
 0 0.637835
 0 0.637835
 0 0.637837
 0 0.637852
 0 0.637852
 0 0.637852
 0 0.637857
 0 0.637858
 0 0.637859
 0 0.637862
 0 0.637896
 0 0.6379
 0 0.637928
 0 0.63793
 0 0.63793
 0 0.637932
 0 0.637932
 0 0.637941
 0 0.637943
 0 0.638027
 0 0.638027
 0 0.638064
 0 0.638067
 0 0.638097
 0 0.638117
 0 0.638129
 0 0.638144
 0 0.638145
 0 0.638145
 0 0.638147
 0 0.638167
 0 0.638169
 0 0.638179
 0 0.638179
 0 0.638179
 0 0.638179
 0 0.638179
 0 0.638201
 0 0.638201
 0 0.638201
 0 0.638203
 0 0.638208
 0 0.638228
 0 0.638299
 0 0.638303
 0 0.638326
 0 0.638327
 0 0.638339
 0 0.63834
 0 0.638353
 0 0.638355
 0 0.638377
 0 0.638377
 0 0.63838
 0 0.638389
 0 0.638391
 0 0.63848
 0 0.63848
 0 0.63849
 0 0.63849
 0 0.638493
 0 0.638495
 0 0.638508
 0 0.638509
 0 0.638522
 0 0.638523
 0 0.638523
 0 0.638529
 0 0.638529
 0 0.638564
 0 0.63858
 0 0.638582
 0 0.638639
 0 0.63864
 0 0.638689
 0 0.638699
 0 0.638704
 0 0.638746
 0 0.638746
 0 0.638748
 0 0.638776
 0 0.638777
 0 0.638777
 0 0.63879
 0 0.638807
 0 0.638843
 0 0.638843
 0 0.638843
 0 0.638843
 0 0.638843
 0 0.638845
 0 0.638845
 0 0.638847
 0 0.638847
 0 0.638878
 0 0.638878
 0 0.638878
 0 0.638878
 0 0.638879
 0 0.638993
 0 0.638997
 0 0.639044
 0 0.639085
 0 0.639097
 0 0.639098
 0 0.639099
 0 0.639102
 0 0.639102
 0 0.639102
 0 0.639115
 0 0.639116
 0 0.639116
 0 0.639119
 0 0.639139
 0 0.639141
 0 0.639185
 0 0.639185
 0 0.639204
 0 0.639228
 0 0.639238
 0 0.63924
 0 0.639241
 0 0.63925
 0 0.63925
 0 0.639265
 0 0.639293
 0 0.639293
 0 0.639311
 0 0.639335
 0 0.639335
 0 0.639337
 0 0.639365
 0 0.639367
 0 0.639369
 0 0.63937
 0 0.639371
 0 0.639378
 0 0.639447
 0 0.639448
 0 0.63945
 0 0.63945
 0 0.639451
 0 0.639454
 0 0.639472
 0 0.639472
 0 0.639473
 0 0.63951
 0 0.639551
 0 0.639556
 0 0.639557
 0 0.639562
 0 0.639625
 0 0.639625
 0 0.639681
 0 0.639681
 0 0.639745
 0 0.639825
 0 0.639826
 0 0.639828
 0 0.639832
 0 0.63986
 0 0.639861
 0 0.639866
 0 0.639867
 0 0.639868
 0 0.639883
 0 0.639883
 0 0.639902
 0 0.639902
 0 0.639903
 0 0.639903
 0 0.639903
 0 0.639931
 0 0.63996
 0 0.639985
 0 0.639985
 0 0.639989
 0 0.639989
 0 0.640009
 0 0.640014
 0 0.640019
 0 0.640053
 0 0.640054
 0 0.640054
 0 0.640082
 0 0.640082
 0 0.640085
 0 0.640112
 0 0.640113
 0 0.640125
 0 0.640148
 0 0.640148
 0 0.640148
 0 0.640148
 0 0.640152
 0 0.640152
 0 0.640162
 0 0.640165
 0 0.640256
 0 0.640256
 0 0.640317
 0 0.640328
 0 0.640351
 0 0.640477
 0 0.640485
 0 0.640487
 0 0.640488
 0 0.640552
 0 0.640554
 0 0.640554
 0 0.640567
 0 0.640647
 0 0.640648
 0 0.64065
 0 0.640657
 0 0.640657
 0 0.640679
 0 0.64074
 0 0.64074
 0 0.64075
 0 0.640786
 0 0.640786
 0 0.640827
 0 0.640842
 0 0.640845
 0 0.640845
 0 0.640878
 0 0.64088
 0 0.640887
 0 0.640898
 0 0.640898
 0 0.640899
 0 0.640931
 0 0.640933
 0 0.640934
 0 0.640968
 0 0.641049
 0 0.641061
 0 0.641062
 0 0.64107
 0 0.641074
 0 0.641074
 0 0.641127
 0 0.641234
 0 0.641235
 0 0.641248
 0 0.641251
 0 0.641302
 0 0.641303
 0 0.641305
 0 0.64132
 0 0.64135
 0 0.64135
 0 0.641351
 0 0.641411
 0 0.641413
 0 0.641591
 0 0.641599
 0 0.641599
 0 0.641687
 0 0.641687
 0 0.641689
 0 0.641689
 0 0.641753
 0 0.64178
 0 0.641819
 0 0.64182
 0 0.6419
 0 0.641929
 0 0.641929
 0 0.64193
 0 0.641942
 0 0.641942
 0 0.641942
 0 0.641942
 0 0.642079
 0 0.642079
 0 0.6421
 0 0.6421
 0 0.642102
 0 0.64213
 0 0.64213
 0 0.642266
 0 0.642278
 0 0.642281
 0 0.642281
 0 0.642361
 0 0.642363
 0 0.642364
 0 0.642382
 0 0.642416
 0 0.642443
 0 0.642538
 0 0.64254
 0 0.642612
 0 0.642713
 0 0.642779
 0 0.642779
 0 0.642779
 0 0.642806
 0 0.642861
 0 0.642862
 0 0.642862
 0 0.642873
 0 0.64294
 0 0.642942
 0 0.642978
 0 0.642996
 0 0.642996
 0 0.642997
 0 0.642997
 0 0.642998
 0 0.64301
 0 0.643012
 0 0.643037
 0 0.64312
 0 0.643122
 0 0.643124
 0 0.643126
 0 0.643159
 0 0.643182
 0 0.643183
 0 0.643281
 0 0.643284
 0 0.643284
 0 0.643284
 0 0.643361
 0 0.643365
 0 0.643442
 0 0.643442
 0 0.643442
 0 0.643442
 0 0.643474
 0 0.643476
 0 0.643486
 0 0.643488
 0 0.643576
 0 0.643576
 0 0.643651
 0 0.643651
 0 0.643656
 0 0.643658
 0 0.643732
 0 0.643798
 0 0.6438
 0 0.643848
 0 0.643872
 0 0.643872
 0 0.64391
 0 0.643911
 0 0.643996
 0 0.644004
 0 0.644025
 0 0.644028
 0 0.644073
 0 0.644073
 0 0.644103
 0 0.644111
 0 0.644197
 0 0.644197
 0 0.64429
 0 0.644291
 0 0.644405
 0 0.644419
 0 0.644489
 0 0.644489
 0 0.644489
 0 0.644489
 0 0.644502
 0 0.644518
 0 0.644519
 0 0.644519
 0 0.644521
 0 0.644536
 0 0.644536
 0 0.644536
 0 0.644617
 0 0.644633
 0 0.644642
 0 0.644642
 0 0.644642
 0 0.644691
 0 0.644835
 0 0.644835
 0 0.644957
 0 0.644957
 0 0.644958
 0 0.644976
 0 0.644976
 0 0.644984
 0 0.644984
 0 0.644984
 0 0.645032
 0 0.645034
 0 0.645034
 0 0.645035
 0 0.645085
 0 0.645085
 0 0.645089
 0 0.645099
 0 0.645099
 0 0.6451
 0 0.645185
 0 0.645185
 0 0.645185
 0 0.645196
 0 0.645287
 0 0.645288
 0 0.645322
 0 0.645322
 0 0.645362
 0 0.645422
 0 0.645422
 0 0.645424
 0 0.645488
 0 0.645492
 0 0.645705
 0 0.645709
 0 0.645709
 0 0.645975
 0 0.645975
 0 0.645988
 0 0.646071
 0 0.646087
 0 0.646087
 0 0.646087
 0 0.646088
 0 0.646167
 0 0.646277
 0 0.646277
 0 0.646285
 0 0.646285
 0 0.646287
 0 0.646342
 0 0.646396
 0 0.646397
 0 0.646473
 0 0.646473
 0 0.646474
 0 0.646523
 0 0.646706
 0 0.646707
 0 0.646747
 0 0.646748
 0 0.646751
 0 0.646814
 0 0.646816
 0 0.647014
 0 0.647086
 0 0.647138
 0 0.647138
 0 0.647139
 0 0.647167
 0 0.647167
 0 0.647177
 0 0.647177
 0 0.647177
 0 0.64721
 0 0.64721
 0 0.647211
 0 0.647213
 0 0.647333
 0 0.647418
 0 0.647418
 0 0.647526
 0 0.647526
 0 0.647526
 0 0.647567
 0 0.647646
 0 0.647648
 0 0.647648
 0 0.647699
 0 0.647699
 0 0.647701
 0 0.647713
 0 0.647757
 0 0.647758
 0 0.647865
 0 0.647932
 0 0.647933
 0 0.647956
 0 0.647957
 0 0.649067
 0 0.649067
 0 0.64927
 0 0.64927
 0 0.649888
 0 0.650091
 0 0.651137
 0 0.651139
 0 0.651139
 0 0.651232
 0 0.651492
 0 0.651612
 0 0.651614
 0 0.651738
 0 0.651742
 0 0.652362
 0 0.652787
 0 0.653039
 0 0.656917
 0 0.657429
 0 0.657429
 0 0.657505
 0 0.657505
 0 0.657506
 0 inf
