 10.1072 10.4917
 9.99749 10.1605
 9.31804 10.2985
 8.3624 8.99032
 7.90811 7.9207
 7.73804 7.75723
 7.69137 7.694
 7.68538 9.01474
 7.583 7.9937
 7.46282 7.6534
 7.40625 7.84314
 7.35403 7.36516
 7.34264 7.46213
 7.33031 7.34204
 7.30817 7.31899
 7.10485 7.38777
 7.07146 7.6895
 7.01592 7.41766
 7.00676 7.01081
 6.98325 7.42801
 6.89379 7.71189
 6.85015 7.01023
 6.81433 6.91287
 6.7829 6.79314
 6.69384 6.87625
 6.65264 6.70082
 6.63555 6.86326
 6.60199 7.90311
 6.59984 6.87513
 6.50768 6.65064
 6.49803 7.81334
 6.39403 6.69681
 6.37198 7.64281
 6.3552 7.90855
 6.33695 6.34745
 6.23641 7.58968
 6.2272 7.13809
 6.18494 6.45318
 6.17515 8.15309
 6.1411 7.61999
 6.10353 8.4351
 6.09436 7.00296
 6.08755 6.91446
 6.07596 7.60544
 6.0674 6.87098
 6.0475 8.03882
 5.98199 6.02541
 5.94221 8.71576
 5.87269 7.1321
 5.83568 6.58282
 5.80153 7.98443
 5.79649 5.97221
 5.7878 6.04191
 5.7461 6.45058
 5.6148 7.23097
 5.61099 5.99897
 5.60972 7.72482
 5.58206 8.23405
 5.56788 5.61266
 5.56249 5.85815
 5.52037 6.45275
 5.29118 5.42524
 5.26471 8.44863
 5.26208 6.31813
 5.25521 5.25669
 5.25503 5.25653
 5.25276 5.27848
 5.23484 5.24664
 5.23443 5.29237
 5.23355 5.41849
 5.18203 5.95654
 5.17088 5.39925
 5.14484 5.93911
 5.11146 5.22475
 5.09925 9.17653
 5.09622 5.19076
 5.06992 5.24061
 5.02704 5.5452
 5.01819 5.19851
 5.00778 8.08312
 4.99721 6.3695
 4.97363 6.06074
 4.96872 5.13786
 4.96366 7.71857
 4.95103 5.15397
 4.92962 4.95012
 4.92271 4.93812
 4.80215 5.79562
 4.7843 7.7721
 4.77529 4.90313
 4.7373 4.80358
 4.72658 4.72674
 4.71604 8.5566
 4.71553 5.61437
 4.71088 5.21362
 4.69979 6.39335
 4.68929 5.26131
 4.67559 4.90139
 4.66615 7.41009
 4.60573 4.63613
 4.59136 4.75495
 4.58482 4.65839
 4.547 4.75168
 4.53523 6.45764
 4.51838 4.86412
 4.49423 7.90004
 4.45357 4.51665
 4.34832 7.77267
 4.34775 8.38692
 4.28268 4.78217
 4.23688 4.24025
 4.22664 4.4557
 4.15001 5.20869
 4.14529 8.6279
 4.10156 6.78459
 4.06547 9.24805
 3.76202 8.78867
