 0 0.618713
 0 0.618713
 0 0.618747
 0 0.618747
 0 0.619211
 0 0.619345
 0 0.62092
 0 0.620926
 0 0.620927
 0 0.621186
 0 0.622413
 0 0.622419
 0 0.624275
 0 0.624918
 0 0.624963
 0 0.625
 0 0.625001
 0 0.625095
 0 0.625142
 0 0.625142
 0 0.62515
 0 0.62515
 0 0.625397
 0 0.625398
 0 0.625398
 0 0.625508
 0 0.625508
 0 0.625692
 0 0.625692
 0 0.625818
 0 0.625844
 0 0.626029
 0 0.626033
 0 0.626033
 0 0.626034
 0 0.626184
 0 0.62619
 0 0.626191
 0 0.626191
 0 0.626194
 0 0.626203
 0 0.626204
 0 0.626332
 0 0.626333
 0 0.626333
 0 0.626334
 0 0.626371
 0 0.626371
 0 0.626371
 0 0.626371
 0 0.626372
 0 0.626413
 0 0.626509
 0 0.626541
 0 0.626545
 0 0.62669
 0 0.62669
 0 0.626691
 0 0.626719
 0 0.626773
 0 0.626777
 0 0.626847
 0 0.62685
 0 0.626851
 0 0.626854
 0 0.626854
 0 0.626936
 0 0.627072
 0 0.627101
 0 0.627101
 0 0.627101
 0 0.62717
 0 0.62717
 0 0.62717
 0 0.627195
 0 0.62724
 0 0.62724
 0 0.627315
 0 0.627316
 0 0.627368
 0 0.627368
 0 0.627385
 0 0.627391
 0 0.627391
 0 0.627416
 0 0.627428
 0 0.627428
 0 0.627428
 0 0.627505
 0 0.627537
 0 0.627537
 0 0.627552
 0 0.62756
 0 0.62756
 0 0.627577
 0 0.627577
 0 0.627578
 0 0.627578
 0 0.627623
 0 0.627624
 0 0.627629
 0 0.627629
 0 0.627794
 0 0.627794
 0 0.627794
 0 0.627803
 0 0.627805
 0 0.627808
 0 0.627814
 0 0.627818
 0 0.627818
 0 0.627828
 0 0.627841
 0 0.627841
 0 0.62785
 0 0.6279
 0 0.627912
 0 0.627913
 0 0.627922
 0 0.627955
 0 0.628003
 0 0.628007
 0 0.628066
 0 0.628069
 0 0.628069
 0 0.62813
 0 0.628219
 0 0.628219
 0 0.628219
 0 0.628232
 0 0.628233
 0 0.628233
 0 0.62833
 0 0.628407
 0 0.628455
 0 0.62846
 0 0.62846
 0 0.628498
 0 0.628513
 0 0.628514
 0 0.628514
 0 0.628514
 0 0.628514
 0 0.628529
 0 0.628529
 0 0.62853
 0 0.628552
 0 0.628578
 0 0.628584
 0 0.628584
 0 0.628584
 0 0.628601
 0 0.628602
 0 0.62875
 0 0.62875
 0 0.62875
 0 0.628791
 0 0.628792
 0 0.628792
 0 0.628792
 0 0.628796
 0 0.628798
 0 0.628799
 0 0.628801
 0 0.628802
 0 0.628802
 0 0.628802
 0 0.628802
 0 0.628808
 0 0.628808
 0 0.628818
 0 0.628831
 0 0.628854
 0 0.628855
 0 0.628855
 0 0.628897
 0 0.628898
 0 0.628904
 0 0.628906
 0 0.628906
 0 0.628906
 0 0.628907
 0 0.628908
 0 0.628908
 0 0.628909
 0 0.628909
 0 0.628911
 0 0.628916
 0 0.628916
 0 0.628961
 0 0.629016
 0 0.629029
 0 0.629029
 0 0.629039
 0 0.629039
 0 0.629107
 0 0.629109
 0 0.629111
 0 0.629112
 0 0.629121
 0 0.62916
 0 0.62916
 0 0.629188
 0 0.629188
 0 0.62931
 0 0.62931
 0 0.629325
 0 0.629325
 0 0.62934
 0 0.629354
 0 0.629354
 0 0.629355
 0 0.629357
 0 0.629363
 0 0.629363
 0 0.629363
 0 0.629445
 0 0.629452
 0 0.629453
 0 0.629461
 0 0.629461
 0 0.629463
 0 0.629463
 0 0.629471
 0 0.629471
 0 0.629472
 0 0.629478
 0 0.629486
 0 0.62949
 0 0.629491
 0 0.629507
 0 0.629507
 0 0.629508
 0 0.629509
 0 0.62952
 0 0.62952
 0 0.62952
 0 0.629521
 0 0.629543
 0 0.629543
 0 0.629543
 0 0.629554
 0 0.629568
 0 0.629573
 0 0.629591
 0 0.629605
 0 0.629606
 0 0.629606
 0 0.629609
 0 0.629612
 0 0.629613
 0 0.629614
 0 0.62968
 0 0.629682
 0 0.629698
 0 0.629702
 0 0.629727
 0 0.629776
 0 0.629807
 0 0.629808
 0 0.62982
 0 0.629832
 0 0.629833
 0 0.629836
 0 0.629836
 0 0.629836
 0 0.629935
 0 0.629942
 0 0.629942
 0 0.629947
 0 0.629952
 0 0.629952
 0 0.629952
 0 0.62996
 0 0.630004
 0 0.630005
 0 0.630022
 0 0.630022
 0 0.630022
 0 0.630022
 0 0.630026
 0 0.630026
 0 0.630027
 0 0.630029
 0 0.630029
 0 0.630036
 0 0.630053
 0 0.630058
 0 0.630059
 0 0.63006
 0 0.630079
 0 0.630094
 0 0.6301
 0 0.630102
 0 0.630149
 0 0.630149
 0 0.630149
 0 0.630154
 0 0.630154
 0 0.630156
 0 0.630157
 0 0.630161
 0 0.630161
 0 0.630161
 0 0.630161
 0 0.630161
 0 0.630161
 0 0.630178
 0 0.630182
 0 0.630189
 0 0.630202
 0 0.630202
 0 0.630204
 0 0.630204
 0 0.630204
 0 0.630204
 0 0.630211
 0 0.630214
 0 0.630214
 0 0.630222
 0 0.630222
 0 0.630229
 0 0.63023
 0 0.63023
 0 0.630241
 0 0.630241
 0 0.630246
 0 0.630248
 0 0.630248
 0 0.630248
 0 0.630253
 0 0.630253
 0 0.63026
 0 0.63026
 0 0.63026
 0 0.630264
 0 0.630264
 0 0.630268
 0 0.630285
 0 0.630308
 0 0.630314
 0 0.630322
 0 0.630322
 0 0.630322
 0 0.63034
 0 0.630345
 0 0.630346
 0 0.630353
 0 0.630362
 0 0.630369
 0 0.630369
 0 0.630378
 0 0.630433
 0 0.630433
 0 0.630433
 0 0.630434
 0 0.630435
 0 0.630468
 0 0.630468
 0 0.630475
 0 0.630478
 0 0.630478
 0 0.630509
 0 0.63051
 0 0.630536
 0 0.630539
 0 0.63054
 0 0.630541
 0 0.630584
 0 0.630585
 0 0.630609
 0 0.63061
 0 0.630615
 0 0.630627
 0 0.630684
 0 0.630684
 0 0.630684
 0 0.630713
 0 0.63076
 0 0.63076
 0 0.630761
 0 0.630761
 0 0.630763
 0 0.630789
 0 0.630809
 0 0.63081
 0 0.630813
 0 0.630882
 0 0.63095
 0 0.630964
 0 0.630991
 0 0.631013
 0 0.631013
 0 0.631016
 0 0.631027
 0 0.631028
 0 0.631043
 0 0.631046
 0 0.631046
 0 0.631046
 0 0.631047
 0 0.631048
 0 0.631052
 0 0.631064
 0 0.631108
 0 0.631143
 0 0.631158
 0 0.631164
 0 0.631166
 0 0.631168
 0 0.631193
 0 0.631198
 0 0.631198
 0 0.631198
 0 0.631204
 0 0.631216
 0 0.631218
 0 0.631218
 0 0.631231
 0 0.631305
 0 0.631305
 0 0.631349
 0 0.631359
 0 0.631362
 0 0.631362
 0 0.631362
 0 0.631362
 0 0.631363
 0 0.631365
 0 0.631365
 0 0.631365
 0 0.631365
 0 0.631369
 0 0.63137
 0 0.631372
 0 0.631402
 0 0.631403
 0 0.631404
 0 0.631404
 0 0.631409
 0 0.631422
 0 0.631422
 0 0.631443
 0 0.631445
 0 0.631447
 0 0.631448
 0 0.631449
 0 0.63145
 0 0.631453
 0 0.631462
 0 0.631495
 0 0.631511
 0 0.631513
 0 0.631513
 0 0.631544
 0 0.631544
 0 0.631555
 0 0.631556
 0 0.631556
 0 0.631556
 0 0.631556
 0 0.631562
 0 0.631562
 0 0.631562
 0 0.631576
 0 0.631576
 0 0.631579
 0 0.631583
 0 0.631583
 0 0.631587
 0 0.631608
 0 0.631608
 0 0.631609
 0 0.631609
 0 0.631609
 0 0.631609
 0 0.63161
 0 0.631646
 0 0.631646
 0 0.631651
 0 0.631651
 0 0.631657
 0 0.631657
 0 0.631658
 0 0.631667
 0 0.631696
 0 0.631696
 0 0.631697
 0 0.631697
 0 0.63171
 0 0.63171
 0 0.63174
 0 0.63174
 0 0.631751
 0 0.631752
 0 0.631752
 0 0.63177
 0 0.63177
 0 0.631785
 0 0.631832
 0 0.631832
 0 0.631833
 0 0.631833
 0 0.631833
 0 0.63184
 0 0.63184
 0 0.63184
 0 0.631844
 0 0.631848
 0 0.631877
 0 0.631886
 0 0.631886
 0 0.631893
 0 0.631903
 0 0.631906
 0 0.631915
 0 0.631926
 0 0.631949
 0 0.631962
 0 0.631964
 0 0.631966
 0 0.631992
 0 0.631993
 0 0.631993
 0 0.632002
 0 0.632004
 0 0.632004
 0 0.632005
 0 0.632005
 0 0.632006
 0 0.632023
 0 0.632023
 0 0.632032
 0 0.632038
 0 0.632043
 0 0.632047
 0 0.632052
 0 0.632052
 0 0.632052
 0 0.632056
 0 0.632057
 0 0.632089
 0 0.632094
 0 0.632094
 0 0.632106
 0 0.632106
 0 0.632117
 0 0.632117
 0 0.632118
 0 0.632118
 0 0.632118
 0 0.632118
 0 0.632122
 0 0.632122
 0 0.632128
 0 0.632137
 0 0.632156
 0 0.632156
 0 0.632158
 0 0.632165
 0 0.632175
 0 0.632177
 0 0.632177
 0 0.632185
 0 0.632185
 0 0.632189
 0 0.63219
 0 0.632195
 0 0.6322
 0 0.63221
 0 0.632232
 0 0.632235
 0 0.632243
 0 0.632257
 0 0.632259
 0 0.632271
 0 0.632277
 0 0.632286
 0 0.6323
 0 0.6323
 0 0.63231
 0 0.63232
 0 0.632321
 0 0.632324
 0 0.632334
 0 0.632334
 0 0.632334
 0 0.632356
 0 0.632356
 0 0.632356
 0 0.632363
 0 0.632373
 0 0.632374
 0 0.632375
 0 0.63238
 0 0.632382
 0 0.632382
 0 0.6324
 0 0.6324
 0 0.632401
 0 0.632401
 0 0.632402
 0 0.632409
 0 0.632409
 0 0.63241
 0 0.632416
 0 0.632419
 0 0.632433
 0 0.632449
 0 0.632451
 0 0.632462
 0 0.632462
 0 0.632462
 0 0.632465
 0 0.632466
 0 0.632467
 0 0.632467
 0 0.632475
 0 0.632475
 0 0.632475
 0 0.632476
 0 0.632476
 0 0.632477
 0 0.63248
 0 0.632497
 0 0.632497
 0 0.632498
 0 0.632498
 0 0.632498
 0 0.632498
 0 0.632504
 0 0.632505
 0 0.632508
 0 0.632515
 0 0.632515
 0 0.632515
 0 0.63252
 0 0.63252
 0 0.632532
 0 0.632543
 0 0.632543
 0 0.632543
 0 0.63255
 0 0.63256
 0 0.632561
 0 0.632561
 0 0.632563
 0 0.632575
 0 0.632579
 0 0.632579
 0 0.632579
 0 0.632589
 0 0.632599
 0 0.632609
 0 0.632617
 0 0.632633
 0 0.632633
 0 0.632635
 0 0.632663
 0 0.632693
 0 0.632699
 0 0.632702
 0 0.632702
 0 0.632702
 0 0.632702
 0 0.632707
 0 0.632712
 0 0.63272
 0 0.632727
 0 0.632728
 0 0.632744
 0 0.632749
 0 0.632771
 0 0.632771
 0 0.632776
 0 0.632778
 0 0.632778
 0 0.63278
 0 0.632783
 0 0.632785
 0 0.632788
 0 0.632789
 0 0.632789
 0 0.632789
 0 0.632791
 0 0.632791
 0 0.632791
 0 0.632791
 0 0.63282
 0 0.63282
 0 0.63285
 0 0.63285
 0 0.63285
 0 0.632856
 0 0.632864
 0 0.632864
 0 0.632868
 0 0.632892
 0 0.632892
 0 0.632892
 0 0.632914
 0 0.632914
 0 0.632918
 0 0.632919
 0 0.632925
 0 0.632925
 0 0.632931
 0 0.632932
 0 0.632932
 0 0.632976
 0 0.632976
 0 0.632988
 0 0.632988
 0 0.632994
 0 0.632999
 0 0.632999
 0 0.633
 0 0.633
 0 0.633013
 0 0.633026
 0 0.633026
 0 0.633042
 0 0.633052
 0 0.633059
 0 0.633059
 0 0.633076
 0 0.633079
 0 0.633079
 0 0.633079
 0 0.6331
 0 0.6331
 0 0.6331
 0 0.633104
 0 0.633109
 0 0.63311
 0 0.63311
 0 0.633139
 0 0.633139
 0 0.633154
 0 0.633165
 0 0.633167
 0 0.633168
 0 0.633168
 0 0.633173
 0 0.633178
 0 0.633178
 0 0.63318
 0 0.633202
 0 0.633202
 0 0.633203
 0 0.633208
 0 0.633208
 0 0.63322
 0 0.63322
 0 0.633221
 0 0.633223
 0 0.633224
 0 0.633224
 0 0.633236
 0 0.63324
 0 0.633241
 0 0.633268
 0 0.633268
 0 0.633279
 0 0.633297
 0 0.633297
 0 0.633299
 0 0.633301
 0 0.633301
 0 0.633307
 0 0.633314
 0 0.633318
 0 0.633325
 0 0.633326
 0 0.633337
 0 0.633337
 0 0.633338
 0 0.633338
 0 0.633339
 0 0.633342
 0 0.633345
 0 0.633345
 0 0.633351
 0 0.633351
 0 0.633352
 0 0.633352
 0 0.633364
 0 0.633364
 0 0.633373
 0 0.633374
 0 0.633374
 0 0.633392
 0 0.633392
 0 0.633433
 0 0.63344
 0 0.633442
 0 0.633444
 0 0.633444
 0 0.633444
 0 0.633455
 0 0.633455
 0 0.633456
 0 0.633458
 0 0.633469
 0 0.633471
 0 0.633471
 0 0.633471
 0 0.63348
 0 0.633481
 0 0.633487
 0 0.63349
 0 0.633492
 0 0.633492
 0 0.633534
 0 0.633545
 0 0.633546
 0 0.633546
 0 0.633546
 0 0.633546
 0 0.633563
 0 0.633564
 0 0.633564
 0 0.633569
 0 0.633595
 0 0.633596
 0 0.633604
 0 0.633604
 0 0.633611
 0 0.633612
 0 0.633612
 0 0.633616
 0 0.633616
 0 0.633616
 0 0.633623
 0 0.633623
 0 0.633624
 0 0.633624
 0 0.633624
 0 0.633634
 0 0.633634
 0 0.633644
 0 0.63366
 0 0.633681
 0 0.633681
 0 0.633682
 0 0.633682
 0 0.63369
 0 0.633711
 0 0.63372
 0 0.633756
 0 0.633756
 0 0.63376
 0 0.633808
 0 0.633836
 0 0.633841
 0 0.633841
 0 0.633843
 0 0.633844
 0 0.633845
 0 0.633847
 0 0.633847
 0 0.633887
 0 0.633893
 0 0.633893
 0 0.633903
 0 0.633916
 0 0.633923
 0 0.633925
 0 0.633926
 0 0.633941
 0 0.633941
 0 0.633946
 0 0.633949
 0 0.63396
 0 0.633961
 0 0.633962
 0 0.633962
 0 0.633964
 0 0.633965
 0 0.633968
 0 0.633968
 0 0.633972
 0 0.633987
 0 0.633987
 0 0.633988
 0 0.633988
 0 0.634004
 0 0.634004
 0 0.634007
 0 0.634007
 0 0.634008
 0 0.634023
 0 0.634029
 0 0.634029
 0 0.634034
 0 0.634037
 0 0.634041
 0 0.634042
 0 0.634044
 0 0.634044
 0 0.634044
 0 0.634049
 0 0.63405
 0 0.634051
 0 0.634052
 0 0.634053
 0 0.634053
 0 0.634055
 0 0.634056
 0 0.634062
 0 0.634062
 0 0.634062
 0 0.634071
 0 0.634071
 0 0.634072
 0 0.634073
 0 0.634076
 0 0.634076
 0 0.634078
 0 0.634083
 0 0.634083
 0 0.634092
 0 0.634117
 0 0.634159
 0 0.634159
 0 0.634163
 0 0.63417
 0 0.634175
 0 0.63421
 0 0.634214
 0 0.634214
 0 0.634215
 0 0.634215
 0 0.634217
 0 0.634217
 0 0.634218
 0 0.634218
 0 0.634218
 0 0.63422
 0 0.63422
 0 0.634223
 0 0.634223
 0 0.634223
 0 0.634223
 0 0.634248
 0 0.634249
 0 0.634252
 0 0.634261
 0 0.634266
 0 0.634268
 0 0.634268
 0 0.634271
 0 0.634271
 0 0.634272
 0 0.634279
 0 0.634279
 0 0.634279
 0 0.634284
 0 0.634284
 0 0.634285
 0 0.634285
 0 0.634288
 0 0.634289
 0 0.634289
 0 0.634299
 0 0.634299
 0 0.634304
 0 0.634332
 0 0.634332
 0 0.634333
 0 0.634333
 0 0.634334
 0 0.634354
 0 0.634393
 0 0.634394
 0 0.634397
 0 0.634401
 0 0.634401
 0 0.634404
 0 0.634404
 0 0.634416
 0 0.634434
 0 0.634434
 0 0.634436
 0 0.634436
 0 0.634436
 0 0.634436
 0 0.634448
 0 0.634449
 0 0.63445
 0 0.634459
 0 0.634471
 0 0.634498
 0 0.634504
 0 0.634504
 0 0.634504
 0 0.634511
 0 0.634512
 0 0.634512
 0 0.634512
 0 0.634513
 0 0.634522
 0 0.634524
 0 0.634525
 0 0.634527
 0 0.634528
 0 0.634533
 0 0.634533
 0 0.63456
 0 0.634566
 0 0.634566
 0 0.634566
 0 0.634569
 0 0.634569
 0 0.63457
 0 0.63457
 0 0.63457
 0 0.634584
 0 0.634591
 0 0.634597
 0 0.634601
 0 0.634601
 0 0.634609
 0 0.634609
 0 0.634615
 0 0.63462
 0 0.634623
 0 0.634623
 0 0.634623
 0 0.634625
 0 0.634625
 0 0.634629
 0 0.634632
 0 0.634635
 0 0.634636
 0 0.634641
 0 0.634642
 0 0.634645
 0 0.634645
 0 0.634657
 0 0.634662
 0 0.634662
 0 0.634667
 0 0.634673
 0 0.634675
 0 0.634675
 0 0.634688
 0 0.634688
 0 0.634688
 0 0.634698
 0 0.634699
 0 0.634707
 0 0.634708
 0 0.63471
 0 0.63471
 0 0.634742
 0 0.634743
 0 0.634743
 0 0.634764
 0 0.634768
 0 0.634769
 0 0.634776
 0 0.634783
 0 0.634784
 0 0.634787
 0 0.634787
 0 0.634788
 0 0.634793
 0 0.6348
 0 0.6348
 0 0.634801
 0 0.634803
 0 0.634806
 0 0.634807
 0 0.63481
 0 0.63481
 0 0.634814
 0 0.634814
 0 0.634817
 0 0.634817
 0 0.634822
 0 0.634822
 0 0.634832
 0 0.634834
 0 0.634834
 0 0.634845
 0 0.634846
 0 0.634847
 0 0.63485
 0 0.634851
 0 0.634855
 0 0.634881
 0 0.634887
 0 0.634894
 0 0.634901
 0 0.634901
 0 0.634901
 0 0.634924
 0 0.634924
 0 0.634924
 0 0.634934
 0 0.634934
 0 0.634937
 0 0.634938
 0 0.634941
 0 0.634941
 0 0.634945
 0 0.634946
 0 0.634949
 0 0.634949
 0 0.634951
 0 0.634953
 0 0.634966
 0 0.634969
 0 0.634983
 0 0.634984
 0 0.634984
 0 0.634984
 0 0.634988
 0 0.634989
 0 0.634994
 0 0.634994
 0 0.635016
 0 0.635017
 0 0.635024
 0 0.635025
 0 0.635026
 0 0.635033
 0 0.635035
 0 0.635035
 0 0.635066
 0 0.635066
 0 0.635066
 0 0.635082
 0 0.635083
 0 0.635087
 0 0.635099
 0 0.6351
 0 0.635107
 0 0.635111
 0 0.635111
 0 0.635116
 0 0.635117
 0 0.635117
 0 0.635134
 0 0.635134
 0 0.635135
 0 0.635135
 0 0.635138
 0 0.635141
 0 0.635166
 0 0.635166
 0 0.635167
 0 0.63518
 0 0.63518
 0 0.635181
 0 0.635183
 0 0.635198
 0 0.635211
 0 0.635212
 0 0.635218
 0 0.635218
 0 0.635218
 0 0.63522
 0 0.635221
 0 0.635221
 0 0.635227
 0 0.635227
 0 0.635227
 0 0.635227
 0 0.635233
 0 0.635248
 0 0.635249
 0 0.635249
 0 0.635249
 0 0.635249
 0 0.635249
 0 0.635251
 0 0.635252
 0 0.635252
 0 0.635253
 0 0.635253
 0 0.635253
 0 0.635255
 0 0.635255
 0 0.635271
 0 0.635271
 0 0.635271
 0 0.635275
 0 0.635296
 0 0.635297
 0 0.635297
 0 0.635297
 0 0.635308
 0 0.635308
 0 0.635309
 0 0.635309
 0 0.635309
 0 0.63531
 0 0.635312
 0 0.635331
 0 0.635332
 0 0.635356
 0 0.63536
 0 0.63536
 0 0.63536
 0 0.635363
 0 0.635364
 0 0.63537
 0 0.635372
 0 0.635375
 0 0.635379
 0 0.63538
 0 0.635381
 0 0.635397
 0 0.635397
 0 0.635442
 0 0.635442
 0 0.635443
 0 0.635443
 0 0.635449
 0 0.635449
 0 0.635449
 0 0.63545
 0 0.63545
 0 0.635451
 0 0.635451
 0 0.635461
 0 0.635464
 0 0.635466
 0 0.635466
 0 0.635473
 0 0.635474
 0 0.635474
 0 0.63548
 0 0.63548
 0 0.635486
 0 0.635516
 0 0.63552
 0 0.63552
 0 0.63552
 0 0.635522
 0 0.635533
 0 0.635566
 0 0.635571
 0 0.635588
 0 0.635588
 0 0.635588
 0 0.635588
 0 0.635591
 0 0.635591
 0 0.6356
 0 0.635607
 0 0.635607
 0 0.635607
 0 0.635607
 0 0.635608
 0 0.635618
 0 0.635618
 0 0.635619
 0 0.635625
 0 0.635644
 0 0.635685
 0 0.635686
 0 0.635704
 0 0.635705
 0 0.635705
 0 0.63572
 0 0.635724
 0 0.635724
 0 0.635724
 0 0.635725
 0 0.635725
 0 0.635731
 0 0.635733
 0 0.635758
 0 0.635761
 0 0.635762
 0 0.635762
 0 0.635765
 0 0.635766
 0 0.635768
 0 0.635768
 0 0.635768
 0 0.635794
 0 0.635794
 0 0.635797
 0 0.635805
 0 0.635805
 0 0.635805
 0 0.635805
 0 0.635807
 0 0.63582
 0 0.635825
 0 0.635839
 0 0.635843
 0 0.635848
 0 0.63585
 0 0.635851
 0 0.635851
 0 0.635852
 0 0.635857
 0 0.635857
 0 0.635859
 0 0.635872
 0 0.635885
 0 0.635887
 0 0.63589
 0 0.635895
 0 0.635895
 0 0.635903
 0 0.635904
 0 0.635909
 0 0.635909
 0 0.63591
 0 0.635915
 0 0.635917
 0 0.635917
 0 0.635917
 0 0.635917
 0 0.635932
 0 0.635939
 0 0.635939
 0 0.635939
 0 0.63594
 0 0.63595
 0 0.635957
 0 0.635957
 0 0.63596
 0 0.635968
 0 0.635968
 0 0.635969
 0 0.635991
 0 0.635991
 0 0.635991
 0 0.636
 0 0.636
 0 0.636
 0 0.636008
 0 0.636008
 0 0.636008
 0 0.636018
 0 0.636049
 0 0.636049
 0 0.63605
 0 0.636052
 0 0.636053
 0 0.636057
 0 0.636057
 0 0.636062
 0 0.636063
 0 0.636064
 0 0.636064
 0 0.636077
 0 0.636083
 0 0.636085
 0 0.636088
 0 0.636088
 0 0.636092
 0 0.636092
 0 0.636092
 0 0.636096
 0 0.636096
 0 0.636099
 0 0.636099
 0 0.636099
 0 0.636099
 0 0.6361
 0 0.6361
 0 0.6361
 0 0.6361
 0 0.636103
 0 0.636103
 0 0.636105
 0 0.636107
 0 0.636107
 0 0.636109
 0 0.636114
 0 0.636115
 0 0.636115
 0 0.636115
 0 0.636117
 0 0.636117
 0 0.636146
 0 0.636146
 0 0.636147
 0 0.636147
 0 0.636147
 0 0.636148
 0 0.636157
 0 0.636157
 0 0.636168
 0 0.636168
 0 0.636168
 0 0.636168
 0 0.636178
 0 0.636192
 0 0.636206
 0 0.636211
 0 0.636211
 0 0.63622
 0 0.63622
 0 0.636223
 0 0.636223
 0 0.636225
 0 0.636227
 0 0.636227
 0 0.636229
 0 0.63623
 0 0.636243
 0 0.636243
 0 0.636244
 0 0.636246
 0 0.636247
 0 0.636275
 0 0.636285
 0 0.636285
 0 0.636287
 0 0.636294
 0 0.636295
 0 0.636296
 0 0.636298
 0 0.636311
 0 0.636312
 0 0.636322
 0 0.636322
 0 0.636326
 0 0.636326
 0 0.636331
 0 0.636344
 0 0.636349
 0 0.636352
 0 0.636352
 0 0.636353
 0 0.636354
 0 0.636354
 0 0.636362
 0 0.636364
 0 0.636364
 0 0.636365
 0 0.63637
 0 0.636376
 0 0.636382
 0 0.636388
 0 0.636394
 0 0.636405
 0 0.636405
 0 0.636417
 0 0.636418
 0 0.636418
 0 0.636442
 0 0.636442
 0 0.636443
 0 0.636446
 0 0.636469
 0 0.636474
 0 0.636475
 0 0.63648
 0 0.63648
 0 0.636481
 0 0.636481
 0 0.636481
 0 0.636483
 0 0.636503
 0 0.636503
 0 0.636505
 0 0.636505
 0 0.636506
 0 0.636508
 0 0.636508
 0 0.636508
 0 0.636514
 0 0.636516
 0 0.636543
 0 0.636559
 0 0.63656
 0 0.636561
 0 0.636561
 0 0.636561
 0 0.636561
 0 0.636567
 0 0.636568
 0 0.636569
 0 0.636578
 0 0.636578
 0 0.63658
 0 0.63658
 0 0.636591
 0 0.636591
 0 0.636597
 0 0.636597
 0 0.636597
 0 0.636603
 0 0.636612
 0 0.636623
 0 0.636643
 0 0.636643
 0 0.636653
 0 0.636653
 0 0.636653
 0 0.63666
 0 0.636662
 0 0.636662
 0 0.636665
 0 0.636667
 0 0.636667
 0 0.63667
 0 0.636671
 0 0.636673
 0 0.636675
 0 0.636675
 0 0.636679
 0 0.636681
 0 0.636681
 0 0.636682
 0 0.636689
 0 0.636704
 0 0.636708
 0 0.636708
 0 0.636715
 0 0.636718
 0 0.63672
 0 0.63672
 0 0.636738
 0 0.636748
 0 0.636749
 0 0.636751
 0 0.636753
 0 0.636754
 0 0.636754
 0 0.636757
 0 0.636759
 0 0.63676
 0 0.63676
 0 0.636767
 0 0.636781
 0 0.636787
 0 0.636788
 0 0.636788
 0 0.636789
 0 0.636794
 0 0.636794
 0 0.636794
 0 0.636794
 0 0.636794
 0 0.636795
 0 0.636795
 0 0.636797
 0 0.636798
 0 0.636801
 0 0.636802
 0 0.636802
 0 0.636826
 0 0.636828
 0 0.636829
 0 0.636829
 0 0.636834
 0 0.636836
 0 0.636838
 0 0.636838
 0 0.636841
 0 0.63685
 0 0.636857
 0 0.636858
 0 0.636865
 0 0.636865
 0 0.636865
 0 0.63687
 0 0.63687
 0 0.636875
 0 0.636875
 0 0.636879
 0 0.636881
 0 0.636885
 0 0.636885
 0 0.63693
 0 0.63693
 0 0.636932
 0 0.636934
 0 0.636953
 0 0.636953
 0 0.636954
 0 0.636955
 0 0.636956
 0 0.636956
 0 0.63696
 0 0.636961
 0 0.636965
 0 0.636967
 0 0.636975
 0 0.636976
 0 0.636977
 0 0.636983
 0 0.636985
 0 0.636987
 0 0.636991
 0 0.636996
 0 0.636996
 0 0.637011
 0 0.637013
 0 0.637025
 0 0.637026
 0 0.637027
 0 0.637029
 0 0.63703
 0 0.637032
 0 0.637032
 0 0.637033
 0 0.637074
 0 0.637076
 0 0.637078
 0 0.637078
 0 0.637108
 0 0.637111
 0 0.637111
 0 0.637115
 0 0.637116
 0 0.637129
 0 0.637129
 0 0.63713
 0 0.63713
 0 0.637135
 0 0.637136
 0 0.637136
 0 0.637141
 0 0.637147
 0 0.637154
 0 0.637155
 0 0.637159
 0 0.63716
 0 0.63716
 0 0.637165
 0 0.637165
 0 0.637169
 0 0.637169
 0 0.63717
 0 0.637176
 0 0.637184
 0 0.637185
 0 0.637185
 0 0.637197
 0 0.637197
 0 0.637201
 0 0.637217
 0 0.637217
 0 0.637217
 0 0.637217
 0 0.637218
 0 0.63723
 0 0.63723
 0 0.637234
 0 0.637262
 0 0.637267
 0 0.637267
 0 0.637267
 0 0.637268
 0 0.63727
 0 0.637271
 0 0.637273
 0 0.637281
 0 0.63729
 0 0.637319
 0 0.637323
 0 0.637327
 0 0.637338
 0 0.637338
 0 0.637345
 0 0.637345
 0 0.637353
 0 0.637365
 0 0.637376
 0 0.637377
 0 0.637377
 0 0.637377
 0 0.637379
 0 0.637388
 0 0.637404
 0 0.637415
 0 0.637419
 0 0.63742
 0 0.637424
 0 0.637432
 0 0.637433
 0 0.637434
 0 0.637436
 0 0.637437
 0 0.637438
 0 0.637455
 0 0.637457
 0 0.637457
 0 0.637464
 0 0.637497
 0 0.637497
 0 0.637501
 0 0.637503
 0 0.637539
 0 0.637544
 0 0.637549
 0 0.63755
 0 0.637554
 0 0.637554
 0 0.637554
 0 0.637572
 0 0.637573
 0 0.637588
 0 0.63759
 0 0.637593
 0 0.637623
 0 0.637625
 0 0.637631
 0 0.637665
 0 0.637665
 0 0.637718
 0 0.637724
 0 0.637724
 0 0.637736
 0 0.637741
 0 0.637746
 0 0.637755
 0 0.637755
 0 0.637769
 0 0.637778
 0 0.637778
 0 0.637778
 0 0.637778
 0 0.637785
 0 0.637818
 0 0.637819
 0 0.637821
 0 0.637821
 0 0.637821
 0 0.637822
 0 0.637832
 0 0.637837
 0 0.637843
 0 0.637843
 0 0.637844
 0 0.637844
 0 0.637847
 0 0.637847
 0 0.637859
 0 0.63788
 0 0.637886
 0 0.637886
 0 0.637891
 0 0.637891
 0 0.637891
 0 0.637891
 0 0.637896
 0 0.637896
 0 0.637917
 0 0.637917
 0 0.637922
 0 0.637922
 0 0.637967
 0 0.637972
 0 0.637972
 0 0.637984
 0 0.637991
 0 0.637991
 0 0.638001
 0 0.638001
 0 0.638005
 0 0.638012
 0 0.638013
 0 0.638016
 0 0.638016
 0 0.638019
 0 0.638042
 0 0.638043
 0 0.638065
 0 0.638065
 0 0.638084
 0 0.638084
 0 0.638086
 0 0.638087
 0 0.638097
 0 0.63811
 0 0.638111
 0 0.638116
 0 0.638116
 0 0.638146
 0 0.638155
 0 0.638158
 0 0.638158
 0 0.63816
 0 0.63816
 0 0.63816
 0 0.63816
 0 0.638161
 0 0.638163
 0 0.638163
 0 0.638229
 0 0.638268
 0 0.638268
 0 0.638302
 0 0.638302
 0 0.638309
 0 0.63832
 0 0.638357
 0 0.638357
 0 0.638357
 0 0.638382
 0 0.638382
 0 0.638382
 0 0.638382
 0 0.638388
 0 0.638415
 0 0.638476
 0 0.638478
 0 0.638479
 0 0.638503
 0 0.638536
 0 0.638536
 0 0.638541
 0 0.638551
 0 0.638551
 0 0.638636
 0 0.638637
 0 0.638642
 0 0.638644
 0 0.638666
 0 0.638666
 0 0.638666
 0 0.638666
 0 0.63868
 0 0.63868
 0 0.638688
 0 0.638718
 0 0.638739
 0 0.63877
 0 0.63877
 0 0.638776
 0 0.63878
 0 0.63878
 0 0.63878
 0 0.638782
 0 0.638782
 0 0.638782
 0 0.638782
 0 0.638785
 0 0.638786
 0 0.638798
 0 0.6388
 0 0.638804
 0 0.638804
 0 0.638905
 0 0.638905
 0 0.638905
 0 0.638906
 0 0.638926
 0 0.638926
 0 0.638926
 0 0.63893
 0 0.63893
 0 0.638936
 0 0.638993
 0 0.638993
 0 0.639007
 0 0.639008
 0 0.639058
 0 0.639085
 0 0.639094
 0 0.639094
 0 0.639097
 0 0.639129
 0 0.63913
 0 0.639185
 0 0.639258
 0 0.639288
 0 0.639304
 0 0.639307
 0 0.639307
 0 0.639337
 0 0.639337
 0 0.639355
 0 0.63937
 0 0.63937
 0 0.639371
 0 0.639372
 0 0.639376
 0 0.639382
 0 0.639382
 0 0.639384
 0 0.639384
 0 0.639407
 0 0.639407
 0 0.639411
 0 0.63942
 0 0.639421
 0 0.639421
 0 0.639429
 0 0.639437
 0 0.639437
 0 0.639437
 0 0.63945
 0 0.63945
 0 0.639547
 0 0.639547
 0 0.639547
 0 0.639551
 0 0.639551
 0 0.639567
 0 0.639568
 0 0.639568
 0 0.639588
 0 0.639615
 0 0.639624
 0 0.639627
 0 0.639659
 0 0.63966
 0 0.639663
 0 0.639667
 0 0.639667
 0 0.639667
 0 0.639672
 0 0.639672
 0 0.639673
 0 0.639754
 0 0.639759
 0 0.639759
 0 0.639801
 0 0.639802
 0 0.639843
 0 0.63985
 0 0.639851
 0 0.639854
 0 0.639884
 0 0.639943
 0 0.63997
 0 0.63997
 0 0.639978
 0 0.639978
 0 0.639978
 0 0.63999
 0 0.640015
 0 0.640015
 0 0.64002
 0 0.640021
 0 0.640026
 0 0.640027
 0 0.640041
 0 0.640041
 0 0.640062
 0 0.640062
 0 0.640063
 0 0.640078
 0 0.640078
 0 0.640078
 0 0.640094
 0 0.640095
 0 0.640095
 0 0.640095
 0 0.640096
 0 0.64012
 0 0.640142
 0 0.640142
 0 0.640143
 0 0.640149
 0 0.640149
 0 0.640162
 0 0.640162
 0 0.640168
 0 0.640168
 0 0.640168
 0 0.640172
 0 0.640255
 0 0.640265
 0 0.640265
 0 0.640266
 0 0.640266
 0 0.640303
 0 0.640303
 0 0.64031
 0 0.64031
 0 0.640345
 0 0.640367
 0 0.640367
 0 0.640382
 0 0.640404
 0 0.640407
 0 0.64041
 0 0.640424
 0 0.640424
 0 0.640424
 0 0.640433
 0 0.640439
 0 0.640466
 0 0.640466
 0 0.640467
 0 0.640549
 0 0.640555
 0 0.640567
 0 0.640567
 0 0.640571
 0 0.640572
 0 0.640602
 0 0.640654
 0 0.640701
 0 0.640714
 0 0.640714
 0 0.640733
 0 0.640734
 0 0.640734
 0 0.64077
 0 0.640787
 0 0.640787
 0 0.640791
 0 0.6408
 0 0.640815
 0 0.640828
 0 0.640828
 0 0.640828
 0 0.640845
 0 0.640845
 0 0.640874
 0 0.640888
 0 0.640889
 0 0.640889
 0 0.640889
 0 0.640929
 0 0.640968
 0 0.641028
 0 0.641066
 0 0.641067
 0 0.641087
 0 0.641104
 0 0.641104
 0 0.641108
 0 0.641108
 0 0.641163
 0 0.641163
 0 0.64117
 0 0.64117
 0 0.641198
 0 0.641208
 0 0.64129
 0 0.641294
 0 0.641316
 0 0.641316
 0 0.641374
 0 0.641376
 0 0.641376
 0 0.6414
 0 0.641418
 0 0.641418
 0 0.641419
 0 0.641419
 0 0.641419
 0 0.641426
 0 0.64147
 0 0.641482
 0 0.641482
 0 0.641482
 0 0.641482
 0 0.641507
 0 0.641634
 0 0.641634
 0 0.641649
 0 0.641649
 0 0.641651
 0 0.641658
 0 0.641704
 0 0.641726
 0 0.641805
 0 0.641809
 0 0.641873
 0 0.641873
 0 0.641873
 0 0.641875
 0 0.641875
 0 0.641973
 0 0.641989
 0 0.642005
 0 0.642121
 0 0.642202
 0 0.642202
 0 0.642202
 0 0.642267
 0 0.642267
 0 0.642267
 0 0.642271
 0 0.642297
 0 0.642297
 0 0.642346
 0 0.642361
 0 0.642389
 0 0.642389
 0 0.642409
 0 0.642412
 0 0.642412
 0 0.64253
 0 0.642558
 0 0.642643
 0 0.64265
 0 0.64265
 0 0.64265
 0 0.642756
 0 0.642822
 0 0.642884
 0 0.642898
 0 0.642899
 0 0.64298
 0 0.64298
 0 0.642986
 0 0.643042
 0 0.643215
 0 0.643225
 0 0.643226
 0 0.643226
 0 0.643271
 0 0.64331
 0 0.643311
 0 0.643313
 0 0.643336
 0 0.643337
 0 0.643416
 0 0.643592
 0 0.643704
 0 0.643705
 0 0.643797
 0 0.643797
 0 0.64381
 0 0.643829
 0 0.643829
 0 0.643829
 0 0.643831
 0 0.643835
 0 0.64409
 0 0.644277
 0 0.644349
 0 0.644353
 0 0.644353
 0 0.644372
 0 0.644372
 0 0.644378
 0 0.644594
 0 0.644597
 0 0.644617
 0 0.644798
 0 0.644888
 0 0.644894
 0 0.644939
 0 0.644948
 0 0.644949
 0 0.645003
 0 0.645029
 0 0.645029
 0 0.645029
 0 0.645029
 0 0.645192
 0 0.645192
 0 0.645301
 0 0.645301
 0 0.645682
 0 0.645682
 0 0.645684
 0 0.646058
 0 0.646058
 0 0.646645
 0 3.48948
 0 4.14473
 0 4.14514
 0 4.14514
 0 4.14516
 0 4.14517
 0 inf
