 9.99399 10.0064
 8.85152 9.30912
 8.35972 8.98188
 7.84525 7.87401
 7.66144 7.81851
 7.43207 7.77079
 7.30327 8.60177
 7.23776 7.26344
 7.2202 7.51177
 7.07848 7.1012
 6.94159 6.96317
 6.88758 6.9117
 6.79936 7.02176
 6.70652 8.50568
 6.5732 6.83675
 6.53795 6.85797
 6.53275 6.53705
 6.40272 6.62733
 6.384 7.12526
 6.35139 6.6179
 6.34988 6.42241
 6.31018 8.75853
 6.26323 6.58225
 6.25472 6.42856
 6.20657 6.47723
 6.17536 6.37922
 6.16128 6.5349
 6.10857 7.20605
 6.08954 6.14542
 6.07636 9.31479
 6.00924 6.66369
 5.93041 5.95729
 5.91235 7.19934
 5.91023 6.54127
 5.90915 6.26837
 5.87945 7.41358
 5.86893 7.72739
 5.79262 6.80489
 5.72639 5.77436
 5.54291 6.54058
 5.52901 5.60042
 5.48881 6.35791
 5.48422 8.91882
 5.39556 5.52254
 5.35729 6.55449
 5.30085 6.54168
 5.20722 5.96351
 5.19413 5.20017
 5.18359 5.65085
 5.17686 5.18068
 5.17308 5.17925
 5.15924 5.3794
 5.15192 5.15853
 5.14359 7.51144
 5.14078 5.14886
 5.13159 6.27983
 5.11152 5.75459
 5.06689 5.07978
 5.06105 5.07633
 5.03807 7.43629
 5.02592 5.04615
 5.01666 6.33781
 5.01126 5.38786
 5.00905 5.09963
 4.99612 6.91226
 4.99529 5.01396
 4.99446 5.54514
 4.99239 5.00059
 4.9814 5.60073
 4.96744 5.03639
 4.96403 4.98241
 4.95828 4.97653
 4.95264 5.51688
 4.95237 4.95283
 4.94258 4.96709
 4.93589 4.93913
 4.93399 4.95217
 4.92592 5.0563
 4.91219 4.93833
 4.91064 4.91232
 4.90543 4.91693
 4.90482 4.95506
 4.90425 5.07721
 4.90138 4.91444
 4.8967 7.49417
 4.88856 4.90455
 4.88324 4.88487
 4.88305 5.19675
 4.88023 5.10215
 4.88004 4.9601
 4.87324 4.88546
 4.8606 4.88302
 4.84156 4.85882
 4.83807 4.86042
 4.83296 4.9795
 4.83017 6.29739
 4.8244 4.82683
 4.8239 4.84005
 4.81947 4.83676
 4.81633 4.82823
 4.81578 4.83923
 4.80944 4.82212
 4.80278 4.86851
 4.80166 5.00823
 4.79478 4.81213
 4.79349 4.81533
 4.78536 4.78761
 4.78134 4.79944
 4.78003 4.88153
 4.77546 5.80026
 4.77143 4.90748
 4.7698 5.00128
 4.76894 4.78627
 4.76164 6.63428
 4.76135 5.01352
 4.75601 4.7823
 4.75284 7.47083
 4.75251 4.75773
 4.75196 4.75468
 4.74963 5.70299
 4.7438 4.76452
 4.73504 6.30462
 4.73502 4.75456
 4.73429 4.75969
 4.73234 4.76208
 4.72292 7.33323
 4.71365 4.74722
 4.71026 4.73415
 4.70437 6.88573
 4.70331 4.72698
 4.70223 4.71324
 4.70211 4.80809
 4.70118 4.73783
 4.6996 4.70907
 4.69767 5.48856
 4.69367 4.80836
 4.68429 4.71256
 4.68339 4.93625
 4.6821 4.71124
 4.6739 4.67544
 4.67313 4.67368
 4.6714 4.67354
 4.66434 4.68175
 4.6608 4.87177
 4.65897 4.67589
 4.65813 4.70629
 4.65596 4.67331
 4.65374 4.74272
 4.6536 4.66767
 4.64518 4.66988
 4.64382 4.65159
 4.6328 6.39654
 4.62927 4.83026
 4.62901 4.78083
 4.615 4.62011
 4.59835 5.04516
 4.58854 4.59297
 4.58784 4.98896
 4.58701 5.04658
 4.58465 4.59913
 4.58417 4.80543
 4.58346 7.13778
 4.57177 4.59327
 4.57029 4.77588
 4.56228 4.58041
 4.55575 4.56112
 4.54995 4.60029
 4.54909 4.95253
 4.54676 6.11549
 4.53583 7.50026
 4.53304 5.02672
 4.52286 4.5363
 4.51943 4.87018
 4.50607 4.93731
 4.44111 5.82026
 4.43523 5.36589
 4.42114 5.08631
 4.40203 5.29997
 4.39225 5.22122
 4.38134 5.07993
 4.37158 5.13944
 4.36126 5.18683
 4.35025 5.10681
 4.33637 7.78619
 4.32594 7.79243
 4.30281 4.30368
 4.29337 7.89343
 4.28588 5.32323
 4.25792 5.25122
 4.25031 8.20823
 4.24945 7.19059
 4.24238 6.19139
 4.23232 4.55519
 4.21616 8.76765
 4.19382 6.34003
 4.18488 5.28358
 4.1623 5.30002
 4.08504 5.27912
 4.04477 4.04544
 4.03791 7.87973
 4.00881 4.01344
 3.9796 3.98724
 3.97111 8.21432
 3.95891 9.87678
 3.95819 3.96808
 3.94297 3.95676
 3.93489 4.76479
 3.90965 5.25646
 3.831 6.28317
 3.81756 8.79793
 3.53133 9.85858
