 0 0.62114
 0 0.621567
 0 0.621647
 0 0.621647
 0 0.621647
 0 0.621647
 0 0.624659
 0 0.62466
 0 0.624737
 0 0.624737
 0 0.624737
 0 0.624739
 0 0.62474
 0 0.624915
 0 0.624915
 0 0.624915
 0 0.624947
 0 0.625383
 0 0.625384
 0 0.625386
 0 0.625386
 0 0.625457
 0 0.625457
 0 0.625457
 0 0.625521
 0 0.625522
 0 0.625522
 0 0.625525
 0 0.625525
 0 0.625526
 0 0.625726
 0 0.625727
 0 0.625727
 0 0.625844
 0 0.625872
 0 0.625874
 0 0.625882
 0 0.625883
 0 0.625883
 0 0.625884
 0 0.625884
 0 0.625884
 0 0.625884
 0 0.625884
 0 0.625888
 0 0.625915
 0 0.625915
 0 0.625931
 0 0.625953
 0 0.625953
 0 0.625953
 0 0.625953
 0 0.626031
 0 0.626034
 0 0.626055
 0 0.626056
 0 0.626249
 0 0.62625
 0 0.626375
 0 0.626395
 0 0.626395
 0 0.626395
 0 0.626395
 0 0.626472
 0 0.626644
 0 0.626645
 0 0.626645
 0 0.626646
 0 0.626659
 0 0.626738
 0 0.626738
 0 0.626739
 0 0.626802
 0 0.626803
 0 0.626805
 0 0.626841
 0 0.626844
 0 0.62689
 0 0.626891
 0 0.626891
 0 0.626899
 0 0.6269
 0 0.6269
 0 0.626933
 0 0.626934
 0 0.626934
 0 0.626934
 0 0.626997
 0 0.626997
 0 0.627013
 0 0.627046
 0 0.627064
 0 0.62715
 0 0.627302
 0 0.627302
 0 0.627304
 0 0.627304
 0 0.627304
 0 0.627315
 0 0.627317
 0 0.627392
 0 0.627508
 0 0.627574
 0 0.627574
 0 0.627633
 0 0.627635
 0 0.627635
 0 0.627636
 0 0.627636
 0 0.627675
 0 0.627676
 0 0.627694
 0 0.627729
 0 0.627729
 0 0.627737
 0 0.627769
 0 0.627769
 0 0.627769
 0 0.627802
 0 0.627822
 0 0.627822
 0 0.627823
 0 0.627823
 0 0.627924
 0 0.627928
 0 0.627965
 0 0.627965
 0 0.627965
 0 0.628159
 0 0.628159
 0 0.628218
 0 0.628218
 0 0.628258
 0 0.628259
 0 0.628259
 0 0.628261
 0 0.62829
 0 0.628357
 0 0.628357
 0 0.628358
 0 0.628358
 0 0.628386
 0 0.628386
 0 0.628403
 0 0.628404
 0 0.628456
 0 0.628456
 0 0.628496
 0 0.628498
 0 0.628498
 0 0.628498
 0 0.628649
 0 0.628651
 0 0.628671
 0 0.628705
 0 0.628705
 0 0.628705
 0 0.628706
 0 0.628767
 0 0.628767
 0 0.628805
 0 0.628806
 0 0.628807
 0 0.628807
 0 0.628828
 0 0.628837
 0 0.628837
 0 0.628858
 0 0.628858
 0 0.62887
 0 0.62887
 0 0.628877
 0 0.628881
 0 0.628913
 0 0.628913
 0 0.628913
 0 0.628925
 0 0.628985
 0 0.628985
 0 0.629018
 0 0.629019
 0 0.62902
 0 0.629021
 0 0.629037
 0 0.629037
 0 0.629101
 0 0.629117
 0 0.629117
 0 0.629117
 0 0.629119
 0 0.629121
 0 0.629121
 0 0.629142
 0 0.629142
 0 0.629176
 0 0.629198
 0 0.629249
 0 0.62925
 0 0.629251
 0 0.629251
 0 0.629252
 0 0.629275
 0 0.629326
 0 0.629345
 0 0.629347
 0 0.62935
 0 0.62935
 0 0.629369
 0 0.629371
 0 0.629392
 0 0.629428
 0 0.629429
 0 0.629498
 0 0.629498
 0 0.629498
 0 0.6295
 0 0.629506
 0 0.62952
 0 0.62952
 0 0.629536
 0 0.629536
 0 0.629537
 0 0.629616
 0 0.629616
 0 0.629697
 0 0.629697
 0 0.629713
 0 0.629713
 0 0.629713
 0 0.62972
 0 0.629765
 0 0.629768
 0 0.629768
 0 0.629769
 0 0.629819
 0 0.629819
 0 0.629821
 0 0.629828
 0 0.62983
 0 0.62983
 0 0.629877
 0 0.629877
 0 0.629897
 0 0.629897
 0 0.629902
 0 0.629904
 0 0.629994
 0 0.629999
 0 0.63007
 0 0.630077
 0 0.630103
 0 0.630103
 0 0.63012
 0 0.630125
 0 0.630158
 0 0.63016
 0 0.63016
 0 0.630164
 0 0.630165
 0 0.630179
 0 0.63018
 0 0.630181
 0 0.630185
 0 0.630186
 0 0.630198
 0 0.630212
 0 0.630215
 0 0.630215
 0 0.630244
 0 0.630245
 0 0.630251
 0 0.630252
 0 0.63027
 0 0.630271
 0 0.630271
 0 0.630299
 0 0.630361
 0 0.630398
 0 0.630398
 0 0.630399
 0 0.630416
 0 0.630433
 0 0.630433
 0 0.630434
 0 0.630435
 0 0.630441
 0 0.630443
 0 0.630443
 0 0.63045
 0 0.630451
 0 0.63046
 0 0.630461
 0 0.630462
 0 0.630477
 0 0.630477
 0 0.630477
 0 0.630477
 0 0.630516
 0 0.630525
 0 0.630526
 0 0.630552
 0 0.630556
 0 0.630565
 0 0.630565
 0 0.630565
 0 0.630566
 0 0.630591
 0 0.630591
 0 0.630593
 0 0.630593
 0 0.630639
 0 0.630639
 0 0.630664
 0 0.630665
 0 0.630675
 0 0.630675
 0 0.630675
 0 0.630689
 0 0.630695
 0 0.630698
 0 0.630743
 0 0.63075
 0 0.63075
 0 0.630773
 0 0.630773
 0 0.630773
 0 0.630777
 0 0.630777
 0 0.630811
 0 0.630811
 0 0.630819
 0 0.630819
 0 0.630819
 0 0.63082
 0 0.630824
 0 0.630829
 0 0.630851
 0 0.630871
 0 0.63088
 0 0.630888
 0 0.630889
 0 0.630892
 0 0.630892
 0 0.63091
 0 0.630912
 0 0.63092
 0 0.630922
 0 0.630946
 0 0.630947
 0 0.630947
 0 0.630947
 0 0.630953
 0 0.630955
 0 0.630969
 0 0.630969
 0 0.630975
 0 0.63098
 0 0.630982
 0 0.630982
 0 0.630991
 0 0.631004
 0 0.63101
 0 0.63101
 0 0.631016
 0 0.631016
 0 0.631031
 0 0.631032
 0 0.631042
 0 0.63105
 0 0.631051
 0 0.63112
 0 0.631121
 0 0.631145
 0 0.631146
 0 0.631149
 0 0.63115
 0 0.63115
 0 0.631152
 0 0.631152
 0 0.631153
 0 0.631153
 0 0.631153
 0 0.631159
 0 0.63117
 0 0.63117
 0 0.631171
 0 0.631174
 0 0.631175
 0 0.63119
 0 0.631218
 0 0.631218
 0 0.631218
 0 0.631223
 0 0.631228
 0 0.63123
 0 0.631233
 0 0.631234
 0 0.631237
 0 0.631241
 0 0.631241
 0 0.631242
 0 0.631247
 0 0.631248
 0 0.631248
 0 0.631284
 0 0.631284
 0 0.631285
 0 0.631285
 0 0.631293
 0 0.631296
 0 0.631299
 0 0.631306
 0 0.631306
 0 0.631307
 0 0.631309
 0 0.63131
 0 0.631314
 0 0.631316
 0 0.631317
 0 0.631371
 0 0.631371
 0 0.631376
 0 0.63138
 0 0.63138
 0 0.631384
 0 0.631385
 0 0.631412
 0 0.631428
 0 0.631428
 0 0.631428
 0 0.631428
 0 0.631435
 0 0.631435
 0 0.631459
 0 0.631473
 0 0.631522
 0 0.631546
 0 0.631547
 0 0.631547
 0 0.631563
 0 0.631575
 0 0.631615
 0 0.631619
 0 0.631619
 0 0.631628
 0 0.631628
 0 0.631635
 0 0.631635
 0 0.631636
 0 0.631636
 0 0.631647
 0 0.631651
 0 0.63166
 0 0.63166
 0 0.63166
 0 0.631703
 0 0.631703
 0 0.631718
 0 0.631718
 0 0.631718
 0 0.631719
 0 0.631725
 0 0.631726
 0 0.631726
 0 0.631726
 0 0.631729
 0 0.631729
 0 0.63174
 0 0.63174
 0 0.631744
 0 0.631744
 0 0.63175
 0 0.631751
 0 0.631753
 0 0.631753
 0 0.631753
 0 0.631757
 0 0.631762
 0 0.631763
 0 0.631763
 0 0.631763
 0 0.631803
 0 0.631804
 0 0.631804
 0 0.631805
 0 0.631809
 0 0.631812
 0 0.631828
 0 0.631842
 0 0.631843
 0 0.631844
 0 0.631852
 0 0.631855
 0 0.631855
 0 0.631861
 0 0.631876
 0 0.631876
 0 0.631879
 0 0.631884
 0 0.631885
 0 0.631887
 0 0.631901
 0 0.631901
 0 0.631902
 0 0.631902
 0 0.631902
 0 0.631904
 0 0.631905
 0 0.631913
 0 0.631913
 0 0.631919
 0 0.631921
 0 0.631925
 0 0.63195
 0 0.631965
 0 0.631972
 0 0.631986
 0 0.631992
 0 0.632001
 0 0.632002
 0 0.632002
 0 0.632004
 0 0.632004
 0 0.632005
 0 0.632011
 0 0.632012
 0 0.632012
 0 0.632026
 0 0.632026
 0 0.632027
 0 0.632027
 0 0.632027
 0 0.632028
 0 0.632028
 0 0.632028
 0 0.632031
 0 0.632046
 0 0.632046
 0 0.632047
 0 0.632047
 0 0.632047
 0 0.632047
 0 0.632047
 0 0.632049
 0 0.63205
 0 0.63205
 0 0.632067
 0 0.632067
 0 0.632069
 0 0.632069
 0 0.63207
 0 0.63207
 0 0.632071
 0 0.632071
 0 0.632124
 0 0.632126
 0 0.632129
 0 0.63213
 0 0.632132
 0 0.632132
 0 0.63214
 0 0.632142
 0 0.632178
 0 0.632203
 0 0.632223
 0 0.632223
 0 0.63226
 0 0.63226
 0 0.632266
 0 0.632267
 0 0.632305
 0 0.632306
 0 0.632309
 0 0.632309
 0 0.632343
 0 0.632346
 0 0.632356
 0 0.632356
 0 0.632356
 0 0.632368
 0 0.632368
 0 0.63238
 0 0.63238
 0 0.632389
 0 0.63239
 0 0.63239
 0 0.632394
 0 0.632406
 0 0.632406
 0 0.632406
 0 0.632406
 0 0.632407
 0 0.63241
 0 0.632428
 0 0.632445
 0 0.632445
 0 0.632445
 0 0.632446
 0 0.632474
 0 0.63248
 0 0.63248
 0 0.632488
 0 0.632492
 0 0.632497
 0 0.632514
 0 0.632514
 0 0.632514
 0 0.632514
 0 0.632515
 0 0.632532
 0 0.632533
 0 0.63254
 0 0.632544
 0 0.632545
 0 0.632546
 0 0.632546
 0 0.632548
 0 0.63255
 0 0.632561
 0 0.632567
 0 0.632576
 0 0.632577
 0 0.632578
 0 0.632578
 0 0.632578
 0 0.632578
 0 0.632578
 0 0.632578
 0 0.63258
 0 0.63258
 0 0.63258
 0 0.632585
 0 0.632607
 0 0.632608
 0 0.632608
 0 0.632608
 0 0.632609
 0 0.63261
 0 0.632612
 0 0.632618
 0 0.632618
 0 0.63263
 0 0.63263
 0 0.632645
 0 0.632645
 0 0.632648
 0 0.632649
 0 0.632663
 0 0.632666
 0 0.632666
 0 0.63267
 0 0.632673
 0 0.632673
 0 0.632673
 0 0.632673
 0 0.632674
 0 0.632674
 0 0.632698
 0 0.632698
 0 0.632698
 0 0.632713
 0 0.632713
 0 0.632731
 0 0.632743
 0 0.632744
 0 0.632744
 0 0.632744
 0 0.632751
 0 0.632751
 0 0.632755
 0 0.632755
 0 0.632778
 0 0.632779
 0 0.63278
 0 0.632786
 0 0.632805
 0 0.632805
 0 0.632856
 0 0.63286
 0 0.632863
 0 0.632863
 0 0.632864
 0 0.632864
 0 0.632865
 0 0.632865
 0 0.632865
 0 0.632868
 0 0.632868
 0 0.632871
 0 0.632873
 0 0.632903
 0 0.632903
 0 0.632903
 0 0.632913
 0 0.632922
 0 0.632931
 0 0.632931
 0 0.632931
 0 0.632932
 0 0.632949
 0 0.632951
 0 0.632959
 0 0.632959
 0 0.632961
 0 0.632961
 0 0.632964
 0 0.632964
 0 0.632971
 0 0.632973
 0 0.632997
 0 0.633035
 0 0.633035
 0 0.633047
 0 0.633048
 0 0.633054
 0 0.633055
 0 0.633055
 0 0.633064
 0 0.633064
 0 0.633065
 0 0.633068
 0 0.633068
 0 0.633068
 0 0.633069
 0 0.633071
 0 0.633086
 0 0.633086
 0 0.633093
 0 0.633093
 0 0.633111
 0 0.633111
 0 0.633111
 0 0.633112
 0 0.633126
 0 0.633126
 0 0.633126
 0 0.633127
 0 0.633148
 0 0.633148
 0 0.633152
 0 0.633152
 0 0.633155
 0 0.633158
 0 0.633165
 0 0.633171
 0 0.633193
 0 0.633194
 0 0.633198
 0 0.633198
 0 0.633201
 0 0.633201
 0 0.633204
 0 0.633229
 0 0.633231
 0 0.633241
 0 0.633241
 0 0.633262
 0 0.633262
 0 0.633262
 0 0.633271
 0 0.633272
 0 0.633288
 0 0.633292
 0 0.633292
 0 0.633297
 0 0.633299
 0 0.633301
 0 0.633303
 0 0.633305
 0 0.633305
 0 0.633306
 0 0.633313
 0 0.633314
 0 0.633314
 0 0.633316
 0 0.63332
 0 0.633323
 0 0.633324
 0 0.63333
 0 0.63333
 0 0.633336
 0 0.633337
 0 0.633348
 0 0.633348
 0 0.633349
 0 0.633351
 0 0.633351
 0 0.633356
 0 0.633356
 0 0.633375
 0 0.633375
 0 0.633375
 0 0.633391
 0 0.633393
 0 0.633394
 0 0.633396
 0 0.633396
 0 0.633405
 0 0.633412
 0 0.633412
 0 0.633412
 0 0.633412
 0 0.633412
 0 0.633414
 0 0.633424
 0 0.63343
 0 0.63343
 0 0.63343
 0 0.633433
 0 0.633438
 0 0.633442
 0 0.633445
 0 0.633459
 0 0.633461
 0 0.633461
 0 0.633461
 0 0.633471
 0 0.633471
 0 0.633471
 0 0.633489
 0 0.633489
 0 0.633491
 0 0.633507
 0 0.633507
 0 0.633513
 0 0.63352
 0 0.633522
 0 0.633522
 0 0.633527
 0 0.633528
 0 0.63353
 0 0.63353
 0 0.63356
 0 0.633569
 0 0.633569
 0 0.633575
 0 0.633578
 0 0.633583
 0 0.633584
 0 0.633584
 0 0.633585
 0 0.633593
 0 0.633613
 0 0.633613
 0 0.633628
 0 0.633631
 0 0.633632
 0 0.633638
 0 0.633638
 0 0.633638
 0 0.633658
 0 0.633659
 0 0.633667
 0 0.633667
 0 0.633675
 0 0.633675
 0 0.633678
 0 0.633689
 0 0.633689
 0 0.633689
 0 0.633689
 0 0.633697
 0 0.633702
 0 0.633702
 0 0.63371
 0 0.633719
 0 0.633719
 0 0.633719
 0 0.633726
 0 0.633726
 0 0.633726
 0 0.633727
 0 0.633757
 0 0.633757
 0 0.633763
 0 0.633763
 0 0.63377
 0 0.63377
 0 0.633771
 0 0.633773
 0 0.633773
 0 0.633774
 0 0.633778
 0 0.633779
 0 0.633782
 0 0.633811
 0 0.633811
 0 0.63382
 0 0.633821
 0 0.633821
 0 0.633824
 0 0.63383
 0 0.63383
 0 0.633839
 0 0.633839
 0 0.63384
 0 0.633854
 0 0.633854
 0 0.633861
 0 0.633862
 0 0.633863
 0 0.633865
 0 0.633866
 0 0.633866
 0 0.633866
 0 0.633878
 0 0.633893
 0 0.633894
 0 0.633896
 0 0.633898
 0 0.633907
 0 0.633907
 0 0.633911
 0 0.633928
 0 0.633928
 0 0.633933
 0 0.633964
 0 0.633974
 0 0.633976
 0 0.633976
 0 0.633976
 0 0.633985
 0 0.633987
 0 0.633987
 0 0.633987
 0 0.633987
 0 0.633988
 0 0.633988
 0 0.63399
 0 0.634003
 0 0.634007
 0 0.63401
 0 0.63401
 0 0.63401
 0 0.634012
 0 0.634015
 0 0.634022
 0 0.634027
 0 0.634049
 0 0.63408
 0 0.63408
 0 0.63408
 0 0.634086
 0 0.634086
 0 0.634086
 0 0.634086
 0 0.634087
 0 0.634098
 0 0.634099
 0 0.6341
 0 0.634116
 0 0.634117
 0 0.634118
 0 0.634118
 0 0.63412
 0 0.634121
 0 0.634125
 0 0.634128
 0 0.634128
 0 0.634133
 0 0.634136
 0 0.634139
 0 0.63414
 0 0.634141
 0 0.634147
 0 0.634151
 0 0.634154
 0 0.634162
 0 0.634162
 0 0.634167
 0 0.634168
 0 0.634169
 0 0.634169
 0 0.634169
 0 0.634177
 0 0.634177
 0 0.634181
 0 0.634182
 0 0.634184
 0 0.634184
 0 0.634186
 0 0.634191
 0 0.634192
 0 0.634195
 0 0.634195
 0 0.634196
 0 0.634206
 0 0.634206
 0 0.634206
 0 0.634215
 0 0.634217
 0 0.634217
 0 0.634229
 0 0.634229
 0 0.634234
 0 0.634234
 0 0.634235
 0 0.634235
 0 0.634246
 0 0.634246
 0 0.634249
 0 0.634251
 0 0.634251
 0 0.634251
 0 0.634253
 0 0.634263
 0 0.634264
 0 0.634264
 0 0.634275
 0 0.634275
 0 0.634276
 0 0.634301
 0 0.634301
 0 0.634301
 0 0.634303
 0 0.634308
 0 0.634308
 0 0.634308
 0 0.634309
 0 0.634333
 0 0.634333
 0 0.634334
 0 0.634351
 0 0.634351
 0 0.634351
 0 0.634353
 0 0.634364
 0 0.634367
 0 0.63437
 0 0.634371
 0 0.634371
 0 0.634386
 0 0.634391
 0 0.634395
 0 0.634396
 0 0.634396
 0 0.634399
 0 0.634399
 0 0.634414
 0 0.634429
 0 0.634433
 0 0.634435
 0 0.634447
 0 0.634447
 0 0.634448
 0 0.634453
 0 0.634455
 0 0.634456
 0 0.634456
 0 0.634456
 0 0.634456
 0 0.634456
 0 0.634465
 0 0.634467
 0 0.634468
 0 0.634472
 0 0.63448
 0 0.634484
 0 0.634484
 0 0.634484
 0 0.634495
 0 0.634495
 0 0.634496
 0 0.634496
 0 0.634505
 0 0.634505
 0 0.634507
 0 0.634518
 0 0.634518
 0 0.634519
 0 0.634521
 0 0.634528
 0 0.634532
 0 0.634532
 0 0.634533
 0 0.634535
 0 0.634535
 0 0.634541
 0 0.634543
 0 0.634543
 0 0.634543
 0 0.634552
 0 0.634553
 0 0.634553
 0 0.634567
 0 0.634568
 0 0.634568
 0 0.634569
 0 0.63457
 0 0.634571
 0 0.634591
 0 0.634592
 0 0.634592
 0 0.6346
 0 0.6346
 0 0.634613
 0 0.634627
 0 0.63463
 0 0.634644
 0 0.634652
 0 0.63466
 0 0.634661
 0 0.634671
 0 0.634689
 0 0.634717
 0 0.634719
 0 0.634727
 0 0.634728
 0 0.634729
 0 0.634735
 0 0.634736
 0 0.634744
 0 0.634746
 0 0.634763
 0 0.634775
 0 0.634775
 0 0.63478
 0 0.63478
 0 0.63478
 0 0.634807
 0 0.634807
 0 0.634807
 0 0.634815
 0 0.634817
 0 0.634819
 0 0.634842
 0 0.634842
 0 0.634842
 0 0.634843
 0 0.634843
 0 0.634857
 0 0.634858
 0 0.634878
 0 0.634878
 0 0.63488
 0 0.634888
 0 0.634888
 0 0.634888
 0 0.634902
 0 0.634903
 0 0.634903
 0 0.634916
 0 0.634919
 0 0.634943
 0 0.634943
 0 0.63495
 0 0.634963
 0 0.635001
 0 0.635001
 0 0.635016
 0 0.635025
 0 0.635027
 0 0.635027
 0 0.63503
 0 0.635036
 0 0.635038
 0 0.635038
 0 0.635039
 0 0.635042
 0 0.635042
 0 0.635042
 0 0.635045
 0 0.635046
 0 0.635049
 0 0.635049
 0 0.635052
 0 0.635056
 0 0.635057
 0 0.635057
 0 0.635063
 0 0.635063
 0 0.635063
 0 0.635064
 0 0.635064
 0 0.635065
 0 0.63507
 0 0.63507
 0 0.635071
 0 0.635072
 0 0.635072
 0 0.635072
 0 0.635085
 0 0.635085
 0 0.635087
 0 0.635098
 0 0.635108
 0 0.635111
 0 0.635111
 0 0.635118
 0 0.635119
 0 0.63512
 0 0.63512
 0 0.63512
 0 0.635154
 0 0.635154
 0 0.635166
 0 0.635166
 0 0.635185
 0 0.635212
 0 0.635228
 0 0.63523
 0 0.63523
 0 0.63523
 0 0.63523
 0 0.635246
 0 0.635246
 0 0.635255
 0 0.635256
 0 0.635268
 0 0.635279
 0 0.635291
 0 0.635293
 0 0.635295
 0 0.635296
 0 0.635298
 0 0.635298
 0 0.635299
 0 0.635301
 0 0.635308
 0 0.635311
 0 0.635313
 0 0.635315
 0 0.635315
 0 0.635316
 0 0.635322
 0 0.635333
 0 0.63535
 0 0.635353
 0 0.635362
 0 0.635373
 0 0.635394
 0 0.635394
 0 0.635409
 0 0.63541
 0 0.63541
 0 0.63541
 0 0.635412
 0 0.635413
 0 0.635414
 0 0.635414
 0 0.635429
 0 0.63543
 0 0.63544
 0 0.635464
 0 0.635475
 0 0.635475
 0 0.635476
 0 0.635479
 0 0.635497
 0 0.635498
 0 0.635498
 0 0.635498
 0 0.635499
 0 0.6355
 0 0.6355
 0 0.6355
 0 0.635501
 0 0.63553
 0 0.63553
 0 0.63553
 0 0.635531
 0 0.635534
 0 0.635538
 0 0.635545
 0 0.635546
 0 0.635549
 0 0.635575
 0 0.635576
 0 0.635576
 0 0.635576
 0 0.635611
 0 0.635613
 0 0.63562
 0 0.635632
 0 0.635633
 0 0.635639
 0 0.635641
 0 0.635645
 0 0.635661
 0 0.635668
 0 0.635677
 0 0.635701
 0 0.635702
 0 0.635712
 0 0.635712
 0 0.635714
 0 0.635718
 0 0.63572
 0 0.635721
 0 0.635724
 0 0.63574
 0 0.635741
 0 0.635741
 0 0.635741
 0 0.635743
 0 0.635743
 0 0.635743
 0 0.635743
 0 0.635743
 0 0.635744
 0 0.635769
 0 0.635769
 0 0.635801
 0 0.635812
 0 0.635812
 0 0.635813
 0 0.635844
 0 0.635845
 0 0.635845
 0 0.635862
 0 0.635862
 0 0.635864
 0 0.635867
 0 0.635867
 0 0.635869
 0 0.63587
 0 0.635882
 0 0.635882
 0 0.635882
 0 0.635882
 0 0.635882
 0 0.635882
 0 0.635889
 0 0.635894
 0 0.635894
 0 0.635898
 0 0.635907
 0 0.635909
 0 0.635909
 0 0.635911
 0 0.635918
 0 0.635919
 0 0.635919
 0 0.63592
 0 0.63592
 0 0.635935
 0 0.635935
 0 0.635935
 0 0.635936
 0 0.635944
 0 0.635948
 0 0.635964
 0 0.635975
 0 0.635975
 0 0.635975
 0 0.635976
 0 0.635977
 0 0.635989
 0 0.635995
 0 0.635996
 0 0.635997
 0 0.635998
 0 0.636014
 0 0.636014
 0 0.636014
 0 0.636022
 0 0.636028
 0 0.636028
 0 0.636036
 0 0.636036
 0 0.636041
 0 0.636041
 0 0.636042
 0 0.636042
 0 0.636042
 0 0.636042
 0 0.636052
 0 0.636055
 0 0.636056
 0 0.636061
 0 0.636067
 0 0.636067
 0 0.636068
 0 0.636068
 0 0.636089
 0 0.6361
 0 0.636102
 0 0.636102
 0 0.636103
 0 0.636105
 0 0.636114
 0 0.63612
 0 0.636122
 0 0.63614
 0 0.636141
 0 0.636141
 0 0.636142
 0 0.636155
 0 0.636155
 0 0.636155
 0 0.636177
 0 0.636177
 0 0.636184
 0 0.636187
 0 0.63619
 0 0.636191
 0 0.636194
 0 0.636194
 0 0.636194
 0 0.636197
 0 0.636197
 0 0.636197
 0 0.636205
 0 0.636205
 0 0.636205
 0 0.636206
 0 0.636232
 0 0.636232
 0 0.636236
 0 0.636237
 0 0.636237
 0 0.636241
 0 0.636278
 0 0.636278
 0 0.636278
 0 0.636284
 0 0.636303
 0 0.636306
 0 0.636307
 0 0.636308
 0 0.636309
 0 0.63631
 0 0.63631
 0 0.636322
 0 0.636327
 0 0.636327
 0 0.63633
 0 0.636337
 0 0.636343
 0 0.636357
 0 0.636359
 0 0.636381
 0 0.636381
 0 0.636391
 0 0.636392
 0 0.636392
 0 0.636398
 0 0.636398
 0 0.6364
 0 0.6364
 0 0.636401
 0 0.636403
 0 0.636405
 0 0.636407
 0 0.636409
 0 0.636428
 0 0.63643
 0 0.636433
 0 0.636437
 0 0.636449
 0 0.636456
 0 0.636456
 0 0.636458
 0 0.636464
 0 0.636467
 0 0.636467
 0 0.636467
 0 0.636485
 0 0.636528
 0 0.636528
 0 0.636542
 0 0.636552
 0 0.636555
 0 0.636557
 0 0.63656
 0 0.63656
 0 0.63656
 0 0.636563
 0 0.636564
 0 0.636566
 0 0.636566
 0 0.636566
 0 0.636571
 0 0.636589
 0 0.636601
 0 0.636606
 0 0.63661
 0 0.63661
 0 0.63661
 0 0.63661
 0 0.63661
 0 0.636633
 0 0.636649
 0 0.63665
 0 0.63665
 0 0.636655
 0 0.636655
 0 0.636661
 0 0.636662
 0 0.636664
 0 0.636665
 0 0.636671
 0 0.636682
 0 0.636683
 0 0.636697
 0 0.636697
 0 0.6367
 0 0.6367
 0 0.6367
 0 0.636705
 0 0.636706
 0 0.636706
 0 0.636708
 0 0.636708
 0 0.636709
 0 0.636709
 0 0.636713
 0 0.636715
 0 0.636715
 0 0.636736
 0 0.636738
 0 0.636745
 0 0.636768
 0 0.636768
 0 0.636768
 0 0.636768
 0 0.636819
 0 0.636832
 0 0.636832
 0 0.636832
 0 0.636832
 0 0.63685
 0 0.636851
 0 0.636858
 0 0.636859
 0 0.63686
 0 0.63686
 0 0.636865
 0 0.636868
 0 0.636868
 0 0.636871
 0 0.63688
 0 0.636883
 0 0.636899
 0 0.636905
 0 0.636905
 0 0.636905
 0 0.636916
 0 0.636916
 0 0.636921
 0 0.63693
 0 0.636931
 0 0.636931
 0 0.636931
 0 0.636933
 0 0.636933
 0 0.636933
 0 0.636933
 0 0.636941
 0 0.636941
 0 0.636941
 0 0.636943
 0 0.636943
 0 0.636945
 0 0.636947
 0 0.636949
 0 0.636949
 0 0.636951
 0 0.636951
 0 0.636984
 0 0.636986
 0 0.636986
 0 0.637012
 0 0.637012
 0 0.637012
 0 0.637012
 0 0.637034
 0 0.637034
 0 0.63706
 0 0.637064
 0 0.637068
 0 0.63707
 0 0.63707
 0 0.63707
 0 0.637077
 0 0.637096
 0 0.637096
 0 0.637103
 0 0.637103
 0 0.637125
 0 0.637125
 0 0.637128
 0 0.637131
 0 0.637137
 0 0.637137
 0 0.637137
 0 0.637138
 0 0.637145
 0 0.637152
 0 0.637153
 0 0.637153
 0 0.637156
 0 0.637158
 0 0.637158
 0 0.637173
 0 0.637173
 0 0.637173
 0 0.637173
 0 0.637173
 0 0.637186
 0 0.637186
 0 0.637192
 0 0.637195
 0 0.637195
 0 0.637196
 0 0.637196
 0 0.637198
 0 0.637199
 0 0.637201
 0 0.637201
 0 0.637217
 0 0.637217
 0 0.637229
 0 0.637229
 0 0.63723
 0 0.637231
 0 0.637235
 0 0.637235
 0 0.637236
 0 0.637239
 0 0.637251
 0 0.637286
 0 0.637286
 0 0.637288
 0 0.637292
 0 0.637292
 0 0.637307
 0 0.637308
 0 0.637319
 0 0.63732
 0 0.637321
 0 0.637323
 0 0.637323
 0 0.637328
 0 0.637359
 0 0.637359
 0 0.637365
 0 0.63737
 0 0.637375
 0 0.637389
 0 0.63739
 0 0.637403
 0 0.637407
 0 0.637409
 0 0.637416
 0 0.637417
 0 0.637422
 0 0.637423
 0 0.637436
 0 0.637436
 0 0.637436
 0 0.637446
 0 0.637461
 0 0.637462
 0 0.637462
 0 0.637472
 0 0.637474
 0 0.637485
 0 0.637496
 0 0.637496
 0 0.637496
 0 0.637514
 0 0.637514
 0 0.637521
 0 0.637521
 0 0.637531
 0 0.637531
 0 0.637549
 0 0.637549
 0 0.637549
 0 0.637549
 0 0.637549
 0 0.637566
 0 0.637566
 0 0.637567
 0 0.637609
 0 0.63761
 0 0.63761
 0 0.637643
 0 0.637647
 0 0.637652
 0 0.637652
 0 0.637652
 0 0.637652
 0 0.637659
 0 0.637659
 0 0.637667
 0 0.637677
 0 0.637681
 0 0.637681
 0 0.637681
 0 0.637681
 0 0.637703
 0 0.637703
 0 0.637704
 0 0.637706
 0 0.63772
 0 0.63772
 0 0.637722
 0 0.637724
 0 0.63774
 0 0.63774
 0 0.637742
 0 0.637756
 0 0.637757
 0 0.637758
 0 0.63778
 0 0.637783
 0 0.637791
 0 0.637796
 0 0.637828
 0 0.63783
 0 0.637834
 0 0.637835
 0 0.637835
 0 0.637851
 0 0.637851
 0 0.637855
 0 0.637856
 0 0.637856
 0 0.637867
 0 0.637874
 0 0.637874
 0 0.637887
 0 0.637887
 0 0.637887
 0 0.637892
 0 0.637909
 0 0.637909
 0 0.63791
 0 0.637931
 0 0.637941
 0 0.637942
 0 0.637942
 0 0.637942
 0 0.637942
 0 0.637951
 0 0.637951
 0 0.637973
 0 0.637973
 0 0.637974
 0 0.637979
 0 0.63798
 0 0.637986
 0 0.638003
 0 0.638006
 0 0.638024
 0 0.638032
 0 0.638035
 0 0.638035
 0 0.638037
 0 0.63804
 0 0.63804
 0 0.638045
 0 0.638052
 0 0.638052
 0 0.638053
 0 0.638064
 0 0.638064
 0 0.63808
 0 0.63808
 0 0.638102
 0 0.638108
 0 0.638108
 0 0.638113
 0 0.638116
 0 0.638116
 0 0.638116
 0 0.63812
 0 0.638131
 0 0.638131
 0 0.638131
 0 0.638132
 0 0.638133
 0 0.638135
 0 0.638145
 0 0.63815
 0 0.638163
 0 0.638185
 0 0.638187
 0 0.638189
 0 0.63819
 0 0.638191
 0 0.6382
 0 0.6382
 0 0.6382
 0 0.638202
 0 0.638206
 0 0.638206
 0 0.638208
 0 0.638208
 0 0.638223
 0 0.638226
 0 0.638227
 0 0.638228
 0 0.638228
 0 0.638228
 0 0.63824
 0 0.63824
 0 0.638243
 0 0.638273
 0 0.638273
 0 0.638302
 0 0.638314
 0 0.638348
 0 0.638348
 0 0.638363
 0 0.638375
 0 0.638375
 0 0.638378
 0 0.638379
 0 0.638379
 0 0.638383
 0 0.638383
 0 0.638383
 0 0.638392
 0 0.638392
 0 0.638393
 0 0.638405
 0 0.638414
 0 0.638443
 0 0.638461
 0 0.638461
 0 0.638464
 0 0.638464
 0 0.638536
 0 0.638537
 0 0.63854
 0 0.638553
 0 0.638564
 0 0.638565
 0 0.638584
 0 0.638584
 0 0.638588
 0 0.63864
 0 0.638686
 0 0.638687
 0 0.638723
 0 0.638734
 0 0.638734
 0 0.638742
 0 0.638745
 0 0.638768
 0 0.638769
 0 0.638776
 0 0.638779
 0 0.638783
 0 0.638792
 0 0.638792
 0 0.638847
 0 0.638847
 0 0.638852
 0 0.638852
 0 0.638852
 0 0.638857
 0 0.638857
 0 0.638857
 0 0.638864
 0 0.638865
 0 0.638865
 0 0.638865
 0 0.638875
 0 0.638875
 0 0.638877
 0 0.638879
 0 0.638879
 0 0.638908
 0 0.638908
 0 0.638931
 0 0.638932
 0 0.638942
 0 0.638945
 0 0.638959
 0 0.638966
 0 0.638987
 0 0.638987
 0 0.63899
 0 0.639007
 0 0.639008
 0 0.639027
 0 0.639029
 0 0.639031
 0 0.639036
 0 0.639044
 0 0.639044
 0 0.639044
 0 0.639081
 0 0.639081
 0 0.639082
 0 0.639097
 0 0.639098
 0 0.639098
 0 0.639098
 0 0.639102
 0 0.639107
 0 0.639107
 0 0.63912
 0 0.63912
 0 0.639135
 0 0.639136
 0 0.639168
 0 0.639168
 0 0.639168
 0 0.6392
 0 0.639208
 0 0.639208
 0 0.639215
 0 0.639215
 0 0.639217
 0 0.639246
 0 0.639246
 0 0.639247
 0 0.63927
 0 0.639313
 0 0.639331
 0 0.639331
 0 0.639331
 0 0.639332
 0 0.639358
 0 0.63936
 0 0.63936
 0 0.63936
 0 0.63936
 0 0.639363
 0 0.639363
 0 0.639364
 0 0.639364
 0 0.639383
 0 0.639384
 0 0.639391
 0 0.639412
 0 0.639413
 0 0.639413
 0 0.639416
 0 0.639417
 0 0.639428
 0 0.639428
 0 0.63946
 0 0.63946
 0 0.63946
 0 0.639463
 0 0.639463
 0 0.639463
 0 0.639463
 0 0.639464
 0 0.639508
 0 0.639508
 0 0.639536
 0 0.639553
 0 0.639554
 0 0.639565
 0 0.639618
 0 0.639618
 0 0.639618
 0 0.63962
 0 0.639633
 0 0.639643
 0 0.639646
 0 0.639646
 0 0.639669
 0 0.63967
 0 0.63967
 0 0.639691
 0 0.639691
 0 0.639694
 0 0.6397
 0 0.6397
 0 0.639701
 0 0.639703
 0 0.639711
 0 0.639712
 0 0.639741
 0 0.639742
 0 0.639746
 0 0.639747
 0 0.639748
 0 0.639748
 0 0.639751
 0 0.639751
 0 0.63981
 0 0.63981
 0 0.639811
 0 0.639823
 0 0.639823
 0 0.639831
 0 0.63984
 0 0.63984
 0 0.63984
 0 0.639841
 0 0.639856
 0 0.639857
 0 0.639859
 0 0.639879
 0 0.63988
 0 0.639909
 0 0.639925
 0 0.639925
 0 0.639925
 0 0.639925
 0 0.639925
 0 0.639927
 0 0.639937
 0 0.639965
 0 0.639966
 0 0.639966
 0 0.639975
 0 0.639976
 0 0.639976
 0 0.639977
 0 0.639979
 0 0.63999
 0 0.63999
 0 0.63999
 0 0.639998
 0 0.640002
 0 0.640002
 0 0.640013
 0 0.640057
 0 0.640069
 0 0.640069
 0 0.640076
 0 0.640076
 0 0.64008
 0 0.64009
 0 0.640091
 0 0.640091
 0 0.640091
 0 0.640106
 0 0.640107
 0 0.640117
 0 0.640117
 0 0.640119
 0 0.640119
 0 0.640141
 0 0.640152
 0 0.640152
 0 0.640163
 0 0.640163
 0 0.640166
 0 0.640169
 0 0.64017
 0 0.64017
 0 0.640171
 0 0.640172
 0 0.640173
 0 0.640173
 0 0.640175
 0 0.640175
 0 0.640189
 0 0.640189
 0 0.640197
 0 0.640204
 0 0.640232
 0 0.640239
 0 0.640256
 0 0.640256
 0 0.640256
 0 0.640315
 0 0.640316
 0 0.640318
 0 0.640318
 0 0.640319
 0 0.64032
 0 0.64032
 0 0.64032
 0 0.640323
 0 0.640324
 0 0.640325
 0 0.640328
 0 0.640346
 0 0.64035
 0 0.640351
 0 0.640354
 0 0.640354
 0 0.640401
 0 0.64042
 0 0.640438
 0 0.640438
 0 0.640453
 0 0.640453
 0 0.64046
 0 0.640476
 0 0.640477
 0 0.640502
 0 0.640502
 0 0.640502
 0 0.640535
 0 0.640535
 0 0.640536
 0 0.640536
 0 0.640542
 0 0.64056
 0 0.640582
 0 0.640582
 0 0.640591
 0 0.640603
 0 0.640604
 0 0.640663
 0 0.640663
 0 0.640663
 0 0.640664
 0 0.640693
 0 0.640693
 0 0.640693
 0 0.640734
 0 0.640753
 0 0.640755
 0 0.640755
 0 0.640791
 0 0.640792
 0 0.640844
 0 0.640863
 0 0.640882
 0 0.640882
 0 0.640919
 0 0.640923
 0 0.640923
 0 0.640942
 0 0.640948
 0 0.640948
 0 0.641016
 0 0.641032
 0 0.641041
 0 0.64107
 0 0.641151
 0 0.641152
 0 0.641177
 0 0.641177
 0 0.641179
 0 0.641181
 0 0.641181
 0 0.641221
 0 0.641222
 0 0.641222
 0 0.641223
 0 0.641223
 0 0.641232
 0 0.641255
 0 0.6413
 0 0.6413
 0 0.641303
 0 0.641312
 0 0.641312
 0 0.641312
 0 0.641336
 0 0.641336
 0 0.64134
 0 0.64134
 0 0.641364
 0 0.641365
 0 0.641365
 0 0.641365
 0 0.641412
 0 0.64142
 0 0.641422
 0 0.641438
 0 0.641438
 0 0.64144
 0 0.641479
 0 0.641479
 0 0.641516
 0 0.64153
 0 0.64155
 0 0.64155
 0 0.641565
 0 0.641603
 0 0.641603
 0 0.641604
 0 0.641604
 0 0.641627
 0 0.641632
 0 0.641636
 0 0.64165
 0 0.64165
 0 0.64165
 0 0.641681
 0 0.641735
 0 0.641735
 0 0.641735
 0 0.64176
 0 0.641761
 0 0.641761
 0 0.641863
 0 0.641864
 0 0.641864
 0 0.641879
 0 0.641901
 0 0.641921
 0 0.641921
 0 0.64195
 0 0.64195
 0 0.641955
 0 0.641955
 0 0.641955
 0 0.641959
 0 0.641968
 0 0.641968
 0 0.642003
 0 0.642009
 0 0.642035
 0 0.642037
 0 0.642049
 0 0.642158
 0 0.642158
 0 0.642159
 0 0.642159
 0 0.64216
 0 0.64216
 0 0.642161
 0 0.642161
 0 0.642161
 0 0.642165
 0 0.642231
 0 0.642234
 0 0.642234
 0 0.642236
 0 0.642236
 0 0.642349
 0 0.64235
 0 0.642392
 0 0.642392
 0 0.642394
 0 0.642422
 0 0.642422
 0 0.642436
 0 0.642479
 0 0.64256
 0 0.64256
 0 0.642665
 0 0.642668
 0 0.642668
 0 0.642669
 0 0.642669
 0 0.642802
 0 0.64287
 0 0.642989
 0 0.642992
 0 0.643223
 0 0.643225
 0 0.643264
 0 0.643325
 0 0.643326
 0 0.643385
 0 0.643385
 0 0.643386
 0 0.643387
 0 0.643387
 0 0.643387
 0 0.643632
 0 0.643675
 0 0.643676
 0 0.643778
 0 0.643779
 0 0.643855
 0 0.643855
 0 0.643992
 0 0.64407
 0 0.64407
 0 0.64407
 0 0.64407
 0 0.644287
 0 0.644288
 0 0.644373
 0 0.644434
 0 0.644446
 0 0.644663
 0 0.644666
 0 0.644666
 0 0.644666
 0 0.644666
 0 0.644681
 0 0.644835
 0 0.644835
 0 0.644925
 0 0.644925
 0 0.644927
 0 0.644927
 0 0.644948
 0 0.645007
 0 0.64502
 0 inf
