 0 0.488039
 0 0.488276
 0 0.48857
 0 0.488632
 0 0.488715
 0 0.488906
 0 0.489054
 0 0.489142
 0 0.489142
 0 0.489475
 0 0.489893
 0 0.489958
 0 0.623157
 0 0.623157
 0 0.623278
 0 0.623431
 0 0.623432
 0 0.623432
 0 0.624695
 0 0.624695
 0 0.624969
 0 0.624969
 0 0.624969
 0 0.625093
 0 0.62515
 0 0.625341
 0 0.625378
 0 0.625523
 0 0.625523
 0 0.625526
 0 0.625886
 0 0.625887
 0 0.625891
 0 0.625893
 0 0.625893
 0 0.625894
 0 0.625948
 0 0.625957
 0 0.62596
 0 0.626067
 0 0.626126
 0 0.626126
 0 0.626166
 0 0.626166
 0 0.626166
 0 0.626175
 0 0.626175
 0 0.62624
 0 0.626547
 0 0.626547
 0 0.626636
 0 0.626636
 0 0.626636
 0 0.626642
 0 0.626642
 0 0.62667
 0 0.62667
 0 0.62667
 0 0.6267
 0 0.6267
 0 0.6267
 0 0.626783
 0 0.626783
 0 0.62681
 0 0.626953
 0 0.627093
 0 0.6271
 0 0.627192
 0 0.627239
 0 0.62724
 0 0.627251
 0 0.627251
 0 0.627295
 0 0.627311
 0 0.627312
 0 0.627369
 0 0.627369
 0 0.627412
 0 0.627421
 0 0.627421
 0 0.627421
 0 0.627436
 0 0.627436
 0 0.627442
 0 0.627442
 0 0.627477
 0 0.627533
 0 0.627533
 0 0.627533
 0 0.627609
 0 0.627622
 0 0.627624
 0 0.627632
 0 0.627654
 0 0.627655
 0 0.627655
 0 0.627662
 0 0.627662
 0 0.627693
 0 0.627694
 0 0.627737
 0 0.627749
 0 0.62775
 0 0.627804
 0 0.627818
 0 0.627825
 0 0.627906
 0 0.627906
 0 0.627911
 0 0.627912
 0 0.627973
 0 0.628011
 0 0.628011
 0 0.628031
 0 0.628032
 0 0.628091
 0 0.628091
 0 0.628092
 0 0.6281
 0 0.628101
 0 0.628121
 0 0.628173
 0 0.628173
 0 0.628173
 0 0.628173
 0 0.628205
 0 0.628206
 0 0.628206
 0 0.62821
 0 0.62821
 0 0.628244
 0 0.62825
 0 0.628283
 0 0.628287
 0 0.628287
 0 0.628287
 0 0.628307
 0 0.628335
 0 0.628384
 0 0.628426
 0 0.628441
 0 0.628441
 0 0.628441
 0 0.628442
 0 0.628456
 0 0.628456
 0 0.628456
 0 0.62848
 0 0.628501
 0 0.628501
 0 0.628501
 0 0.628507
 0 0.628509
 0 0.628516
 0 0.628518
 0 0.62852
 0 0.628588
 0 0.628588
 0 0.628619
 0 0.628623
 0 0.628623
 0 0.62863
 0 0.628631
 0 0.628645
 0 0.628676
 0 0.628748
 0 0.628774
 0 0.628774
 0 0.628774
 0 0.628839
 0 0.628839
 0 0.628846
 0 0.628846
 0 0.628852
 0 0.628852
 0 0.628871
 0 0.628875
 0 0.628904
 0 0.62894
 0 0.628946
 0 0.62895
 0 0.628953
 0 0.628973
 0 0.629002
 0 0.629002
 0 0.629008
 0 0.629008
 0 0.629026
 0 0.629026
 0 0.629026
 0 0.629027
 0 0.629038
 0 0.629039
 0 0.62904
 0 0.62904
 0 0.629057
 0 0.629057
 0 0.62906
 0 0.62906
 0 0.629098
 0 0.629099
 0 0.629099
 0 0.629112
 0 0.629121
 0 0.629122
 0 0.629124
 0 0.629124
 0 0.629144
 0 0.629151
 0 0.629254
 0 0.629254
 0 0.629261
 0 0.6293
 0 0.6293
 0 0.629301
 0 0.629327
 0 0.629327
 0 0.629327
 0 0.62935
 0 0.62935
 0 0.629352
 0 0.629352
 0 0.629355
 0 0.629355
 0 0.629356
 0 0.629356
 0 0.629378
 0 0.629384
 0 0.629384
 0 0.629384
 0 0.629384
 0 0.629409
 0 0.629409
 0 0.62942
 0 0.629428
 0 0.629458
 0 0.629458
 0 0.629492
 0 0.629492
 0 0.629492
 0 0.629548
 0 0.629548
 0 0.629549
 0 0.62955
 0 0.629551
 0 0.629552
 0 0.629553
 0 0.629553
 0 0.629563
 0 0.629564
 0 0.629601
 0 0.629601
 0 0.629608
 0 0.62962
 0 0.62962
 0 0.62962
 0 0.629621
 0 0.629648
 0 0.629649
 0 0.629653
 0 0.629655
 0 0.629655
 0 0.629656
 0 0.629658
 0 0.629658
 0 0.629659
 0 0.629659
 0 0.629686
 0 0.629735
 0 0.629766
 0 0.629772
 0 0.629823
 0 0.629828
 0 0.629828
 0 0.629861
 0 0.629877
 0 0.629886
 0 0.629895
 0 0.629923
 0 0.629947
 0 0.629973
 0 0.629978
 0 0.629978
 0 0.629979
 0 0.629994
 0 0.629995
 0 0.629995
 0 0.630081
 0 0.630081
 0 0.630087
 0 0.630095
 0 0.630119
 0 0.630127
 0 0.630127
 0 0.630137
 0 0.630147
 0 0.630154
 0 0.630154
 0 0.630154
 0 0.630171
 0 0.630171
 0 0.630171
 0 0.630179
 0 0.630215
 0 0.630215
 0 0.630215
 0 0.630217
 0 0.630255
 0 0.630255
 0 0.630255
 0 0.630266
 0 0.630277
 0 0.630278
 0 0.630292
 0 0.630293
 0 0.630293
 0 0.630293
 0 0.630293
 0 0.630298
 0 0.630298
 0 0.630313
 0 0.630314
 0 0.630314
 0 0.630321
 0 0.630337
 0 0.630337
 0 0.630347
 0 0.63035
 0 0.63035
 0 0.63035
 0 0.63035
 0 0.630375
 0 0.630375
 0 0.630397
 0 0.630417
 0 0.630417
 0 0.630429
 0 0.630429
 0 0.630429
 0 0.630432
 0 0.630436
 0 0.630436
 0 0.630444
 0 0.630542
 0 0.630547
 0 0.630548
 0 0.630565
 0 0.630588
 0 0.630618
 0 0.630621
 0 0.630623
 0 0.630625
 0 0.630655
 0 0.630655
 0 0.630675
 0 0.630707
 0 0.630711
 0 0.630721
 0 0.630743
 0 0.630763
 0 0.630807
 0 0.63081
 0 0.630868
 0 0.630869
 0 0.630872
 0 0.630875
 0 0.630915
 0 0.630919
 0 0.63097
 0 0.631006
 0 0.631021
 0 0.631023
 0 0.631023
 0 0.631027
 0 0.631047
 0 0.631047
 0 0.631047
 0 0.631071
 0 0.63108
 0 0.631092
 0 0.631092
 0 0.631095
 0 0.6311
 0 0.6311
 0 0.6311
 0 0.631102
 0 0.631113
 0 0.631199
 0 0.631199
 0 0.631204
 0 0.631205
 0 0.631214
 0 0.631229
 0 0.631229
 0 0.631231
 0 0.631232
 0 0.631232
 0 0.631293
 0 0.631302
 0 0.631306
 0 0.631306
 0 0.631316
 0 0.631316
 0 0.631316
 0 0.631342
 0 0.631342
 0 0.631346
 0 0.631347
 0 0.631351
 0 0.631351
 0 0.631353
 0 0.631357
 0 0.631358
 0 0.631361
 0 0.631362
 0 0.631363
 0 0.631374
 0 0.631386
 0 0.631409
 0 0.63141
 0 0.631425
 0 0.631426
 0 0.631432
 0 0.631437
 0 0.631468
 0 0.631468
 0 0.63147
 0 0.631472
 0 0.631475
 0 0.631482
 0 0.631507
 0 0.631507
 0 0.631507
 0 0.631515
 0 0.631545
 0 0.631545
 0 0.631574
 0 0.631592
 0 0.631593
 0 0.631593
 0 0.631595
 0 0.63161
 0 0.631614
 0 0.631615
 0 0.631624
 0 0.631627
 0 0.631627
 0 0.63164
 0 0.63164
 0 0.631652
 0 0.631652
 0 0.631666
 0 0.631667
 0 0.631669
 0 0.631697
 0 0.631698
 0 0.631698
 0 0.631699
 0 0.6317
 0 0.631712
 0 0.631742
 0 0.631742
 0 0.631742
 0 0.631761
 0 0.631761
 0 0.631762
 0 0.631762
 0 0.631763
 0 0.631764
 0 0.631777
 0 0.63178
 0 0.631787
 0 0.631787
 0 0.631867
 0 0.631867
 0 0.631867
 0 0.631882
 0 0.631882
 0 0.631882
 0 0.631882
 0 0.631886
 0 0.631886
 0 0.631894
 0 0.631894
 0 0.631894
 0 0.631894
 0 0.631895
 0 0.631906
 0 0.631923
 0 0.631926
 0 0.631926
 0 0.631926
 0 0.631927
 0 0.631927
 0 0.631927
 0 0.631928
 0 0.631928
 0 0.631936
 0 0.63194
 0 0.631947
 0 0.631959
 0 0.631982
 0 0.631995
 0 0.631996
 0 0.631996
 0 0.63201
 0 0.632011
 0 0.632031
 0 0.632033
 0 0.632034
 0 0.632034
 0 0.632071
 0 0.632071
 0 0.632071
 0 0.632072
 0 0.632073
 0 0.632075
 0 0.63208
 0 0.632084
 0 0.632084
 0 0.632084
 0 0.632109
 0 0.632116
 0 0.632117
 0 0.632124
 0 0.632143
 0 0.632145
 0 0.632145
 0 0.632151
 0 0.632158
 0 0.632163
 0 0.632192
 0 0.632192
 0 0.632192
 0 0.632197
 0 0.632197
 0 0.632198
 0 0.632201
 0 0.632202
 0 0.632203
 0 0.632203
 0 0.632203
 0 0.632217
 0 0.632219
 0 0.63223
 0 0.63223
 0 0.63223
 0 0.632231
 0 0.632231
 0 0.632249
 0 0.632249
 0 0.63225
 0 0.632253
 0 0.632255
 0 0.632256
 0 0.63226
 0 0.632264
 0 0.632264
 0 0.632271
 0 0.632279
 0 0.63228
 0 0.632287
 0 0.632287
 0 0.632292
 0 0.632293
 0 0.632295
 0 0.632312
 0 0.632313
 0 0.632314
 0 0.632324
 0 0.632358
 0 0.632358
 0 0.632391
 0 0.632392
 0 0.632398
 0 0.632399
 0 0.632399
 0 0.632414
 0 0.632423
 0 0.632425
 0 0.632442
 0 0.632446
 0 0.632446
 0 0.632451
 0 0.632451
 0 0.632451
 0 0.632451
 0 0.632456
 0 0.632456
 0 0.632458
 0 0.632462
 0 0.632462
 0 0.632462
 0 0.632484
 0 0.632484
 0 0.632485
 0 0.632492
 0 0.632502
 0 0.632517
 0 0.632518
 0 0.632532
 0 0.632573
 0 0.632573
 0 0.632579
 0 0.63258
 0 0.632582
 0 0.632582
 0 0.632589
 0 0.632589
 0 0.632601
 0 0.632612
 0 0.632615
 0 0.63262
 0 0.632645
 0 0.632645
 0 0.632646
 0 0.632646
 0 0.632647
 0 0.632657
 0 0.632657
 0 0.632667
 0 0.632691
 0 0.63271
 0 0.632713
 0 0.632713
 0 0.632721
 0 0.632724
 0 0.632772
 0 0.632781
 0 0.632787
 0 0.632787
 0 0.632787
 0 0.632792
 0 0.6328
 0 0.632803
 0 0.632804
 0 0.632805
 0 0.632812
 0 0.632812
 0 0.632812
 0 0.632815
 0 0.632829
 0 0.63285
 0 0.632851
 0 0.632858
 0 0.632862
 0 0.632897
 0 0.632904
 0 0.632905
 0 0.632905
 0 0.632906
 0 0.632906
 0 0.632935
 0 0.632935
 0 0.632939
 0 0.632942
 0 0.632942
 0 0.632942
 0 0.632942
 0 0.632942
 0 0.632946
 0 0.632957
 0 0.63296
 0 0.63296
 0 0.632976
 0 0.632976
 0 0.632983
 0 0.632983
 0 0.632997
 0 0.632997
 0 0.633004
 0 0.633008
 0 0.633009
 0 0.63301
 0 0.633021
 0 0.633021
 0 0.633027
 0 0.633033
 0 0.633033
 0 0.633038
 0 0.633038
 0 0.633038
 0 0.633042
 0 0.633059
 0 0.633066
 0 0.633066
 0 0.633069
 0 0.633072
 0 0.633075
 0 0.633075
 0 0.633077
 0 0.633077
 0 0.633078
 0 0.633078
 0 0.633078
 0 0.633087
 0 0.633089
 0 0.633091
 0 0.633097
 0 0.633097
 0 0.633098
 0 0.633098
 0 0.633114
 0 0.633117
 0 0.633117
 0 0.633118
 0 0.633119
 0 0.633119
 0 0.633123
 0 0.633123
 0 0.633123
 0 0.633125
 0 0.633158
 0 0.633158
 0 0.633163
 0 0.633168
 0 0.633168
 0 0.633168
 0 0.633168
 0 0.633169
 0 0.633169
 0 0.633169
 0 0.633179
 0 0.633179
 0 0.63318
 0 0.633193
 0 0.633212
 0 0.63324
 0 0.63324
 0 0.63324
 0 0.633249
 0 0.633259
 0 0.633259
 0 0.633261
 0 0.633261
 0 0.633263
 0 0.633263
 0 0.633272
 0 0.633272
 0 0.633279
 0 0.633279
 0 0.63328
 0 0.63328
 0 0.63328
 0 0.633281
 0 0.633282
 0 0.633288
 0 0.633299
 0 0.633299
 0 0.633299
 0 0.633299
 0 0.633299
 0 0.633314
 0 0.633321
 0 0.633321
 0 0.633334
 0 0.633335
 0 0.633369
 0 0.633369
 0 0.633369
 0 0.633374
 0 0.633394
 0 0.633394
 0 0.633412
 0 0.633417
 0 0.633419
 0 0.633419
 0 0.63342
 0 0.63342
 0 0.633432
 0 0.633432
 0 0.633452
 0 0.633468
 0 0.633471
 0 0.633473
 0 0.633473
 0 0.633487
 0 0.633487
 0 0.633495
 0 0.633501
 0 0.633501
 0 0.633528
 0 0.633535
 0 0.633535
 0 0.633552
 0 0.633552
 0 0.633555
 0 0.633556
 0 0.63356
 0 0.633562
 0 0.633573
 0 0.633605
 0 0.63361
 0 0.633638
 0 0.633639
 0 0.63364
 0 0.633643
 0 0.633662
 0 0.633667
 0 0.633667
 0 0.633688
 0 0.633696
 0 0.633696
 0 0.633702
 0 0.633706
 0 0.633706
 0 0.633706
 0 0.633707
 0 0.633708
 0 0.633708
 0 0.633713
 0 0.633713
 0 0.633713
 0 0.633721
 0 0.633721
 0 0.633728
 0 0.633735
 0 0.633736
 0 0.633736
 0 0.63375
 0 0.633751
 0 0.633751
 0 0.633755
 0 0.633756
 0 0.63378
 0 0.633782
 0 0.633784
 0 0.633789
 0 0.633792
 0 0.633793
 0 0.6338
 0 0.633809
 0 0.633811
 0 0.633822
 0 0.633837
 0 0.633838
 0 0.63385
 0 0.633852
 0 0.633852
 0 0.633853
 0 0.633861
 0 0.633862
 0 0.633879
 0 0.633879
 0 0.633879
 0 0.633879
 0 0.633883
 0 0.633889
 0 0.633889
 0 0.633892
 0 0.633914
 0 0.633914
 0 0.633914
 0 0.633914
 0 0.633937
 0 0.633951
 0 0.633951
 0 0.633951
 0 0.633961
 0 0.633962
 0 0.633962
 0 0.633962
 0 0.633962
 0 0.633969
 0 0.633979
 0 0.633989
 0 0.633989
 0 0.633989
 0 0.633991
 0 0.633991
 0 0.634005
 0 0.634005
 0 0.634005
 0 0.634008
 0 0.634008
 0 0.634047
 0 0.634061
 0 0.634061
 0 0.634073
 0 0.634073
 0 0.634077
 0 0.634105
 0 0.634105
 0 0.634105
 0 0.634132
 0 0.634132
 0 0.634137
 0 0.634138
 0 0.634149
 0 0.634166
 0 0.634168
 0 0.634171
 0 0.634171
 0 0.634171
 0 0.634175
 0 0.63418
 0 0.634213
 0 0.634214
 0 0.634216
 0 0.634217
 0 0.634221
 0 0.634221
 0 0.634245
 0 0.634248
 0 0.634256
 0 0.634257
 0 0.634269
 0 0.634272
 0 0.634291
 0 0.634313
 0 0.634315
 0 0.634333
 0 0.634336
 0 0.634336
 0 0.634343
 0 0.634343
 0 0.634347
 0 0.63438
 0 0.63438
 0 0.63438
 0 0.634381
 0 0.634382
 0 0.634382
 0 0.634382
 0 0.634388
 0 0.634398
 0 0.634398
 0 0.634405
 0 0.63443
 0 0.634432
 0 0.634433
 0 0.634441
 0 0.634441
 0 0.634447
 0 0.634468
 0 0.634474
 0 0.634488
 0 0.634508
 0 0.634512
 0 0.634518
 0 0.63453
 0 0.634536
 0 0.634542
 0 0.634566
 0 0.634571
 0 0.634574
 0 0.634575
 0 0.634575
 0 0.634612
 0 0.634612
 0 0.634614
 0 0.634625
 0 0.634627
 0 0.634633
 0 0.634639
 0 0.634641
 0 0.634645
 0 0.634645
 0 0.634645
 0 0.634646
 0 0.634646
 0 0.634648
 0 0.634667
 0 0.634667
 0 0.634672
 0 0.634682
 0 0.634686
 0 0.634688
 0 0.634689
 0 0.634695
 0 0.634695
 0 0.634695
 0 0.634718
 0 0.634729
 0 0.634729
 0 0.634746
 0 0.634752
 0 0.634763
 0 0.634768
 0 0.634768
 0 0.634783
 0 0.634783
 0 0.634783
 0 0.634783
 0 0.634783
 0 0.634784
 0 0.634797
 0 0.634832
 0 0.634832
 0 0.634834
 0 0.634834
 0 0.634835
 0 0.634839
 0 0.634839
 0 0.63484
 0 0.63484
 0 0.634841
 0 0.634846
 0 0.634846
 0 0.634853
 0 0.634908
 0 0.634962
 0 0.635
 0 0.635007
 0 0.635007
 0 0.635007
 0 0.63505
 0 0.63505
 0 0.635051
 0 0.635052
 0 0.63506
 0 0.635061
 0 0.635064
 0 0.635065
 0 0.635069
 0 0.63507
 0 0.63507
 0 0.635071
 0 0.635071
 0 0.635083
 0 0.635086
 0 0.635093
 0 0.635096
 0 0.635128
 0 0.635136
 0 0.635149
 0 0.635151
 0 0.635152
 0 0.635155
 0 0.635155
 0 0.635155
 0 0.635155
 0 0.635184
 0 0.63519
 0 0.63519
 0 0.635192
 0 0.635192
 0 0.635193
 0 0.635198
 0 0.635198
 0 0.635199
 0 0.6352
 0 0.6352
 0 0.635208
 0 0.635209
 0 0.635255
 0 0.635255
 0 0.635271
 0 0.635271
 0 0.635279
 0 0.635293
 0 0.635293
 0 0.635296
 0 0.635296
 0 0.635297
 0 0.635304
 0 0.635304
 0 0.635305
 0 0.635322
 0 0.635322
 0 0.635322
 0 0.635325
 0 0.635326
 0 0.635327
 0 0.635327
 0 0.635343
 0 0.635344
 0 0.635344
 0 0.635344
 0 0.635349
 0 0.635376
 0 0.635376
 0 0.635382
 0 0.635383
 0 0.635397
 0 0.635398
 0 0.635402
 0 0.635404
 0 0.635427
 0 0.63543
 0 0.63543
 0 0.635433
 0 0.635445
 0 0.635445
 0 0.635445
 0 0.635466
 0 0.635469
 0 0.635469
 0 0.635473
 0 0.635478
 0 0.635479
 0 0.635502
 0 0.635502
 0 0.635522
 0 0.635522
 0 0.635532
 0 0.635532
 0 0.635534
 0 0.635552
 0 0.635562
 0 0.635573
 0 0.635573
 0 0.635573
 0 0.635597
 0 0.635599
 0 0.635615
 0 0.635615
 0 0.635615
 0 0.635617
 0 0.635621
 0 0.635638
 0 0.635639
 0 0.635653
 0 0.635653
 0 0.635653
 0 0.635667
 0 0.635667
 0 0.635668
 0 0.635673
 0 0.635695
 0 0.635699
 0 0.6357
 0 0.635702
 0 0.635723
 0 0.635723
 0 0.635726
 0 0.635726
 0 0.635726
 0 0.63573
 0 0.63573
 0 0.63573
 0 0.635745
 0 0.635756
 0 0.63576
 0 0.63576
 0 0.635776
 0 0.635776
 0 0.635776
 0 0.635782
 0 0.635793
 0 0.635793
 0 0.635796
 0 0.635796
 0 0.635824
 0 0.635828
 0 0.635828
 0 0.635828
 0 0.635833
 0 0.635854
 0 0.635854
 0 0.635854
 0 0.635879
 0 0.635911
 0 0.635911
 0 0.635923
 0 0.635925
 0 0.635925
 0 0.635925
 0 0.635928
 0 0.635928
 0 0.635932
 0 0.635932
 0 0.635939
 0 0.635968
 0 0.635968
 0 0.635968
 0 0.635979
 0 0.635981
 0 0.635981
 0 0.63605
 0 0.636056
 0 0.636056
 0 0.63607
 0 0.636077
 0 0.636077
 0 0.636087
 0 0.636089
 0 0.636092
 0 0.636093
 0 0.636103
 0 0.636105
 0 0.636108
 0 0.63611
 0 0.63611
 0 0.63611
 0 0.636111
 0 0.636116
 0 0.636133
 0 0.636137
 0 0.636157
 0 0.636157
 0 0.636161
 0 0.636169
 0 0.63618
 0 0.63618
 0 0.636181
 0 0.636181
 0 0.636181
 0 0.636181
 0 0.636181
 0 0.636197
 0 0.6362
 0 0.636211
 0 0.636212
 0 0.636212
 0 0.636212
 0 0.636233
 0 0.636261
 0 0.636261
 0 0.636262
 0 0.636262
 0 0.636264
 0 0.636266
 0 0.636275
 0 0.636284
 0 0.636286
 0 0.636286
 0 0.636287
 0 0.636287
 0 0.636289
 0 0.63629
 0 0.636291
 0 0.636315
 0 0.636319
 0 0.636319
 0 0.636322
 0 0.636323
 0 0.636323
 0 0.636323
 0 0.636333
 0 0.636337
 0 0.636342
 0 0.636343
 0 0.636366
 0 0.636366
 0 0.636407
 0 0.636407
 0 0.636407
 0 0.636408
 0 0.63641
 0 0.636411
 0 0.636412
 0 0.636412
 0 0.636417
 0 0.63644
 0 0.636448
 0 0.636448
 0 0.636463
 0 0.636463
 0 0.636478
 0 0.636481
 0 0.636481
 0 0.636486
 0 0.636486
 0 0.636494
 0 0.636499
 0 0.6365
 0 0.636541
 0 0.636541
 0 0.636541
 0 0.636546
 0 0.636584
 0 0.636585
 0 0.636587
 0 0.636588
 0 0.636589
 0 0.63659
 0 0.63659
 0 0.63659
 0 0.636597
 0 0.636597
 0 0.636608
 0 0.63661
 0 0.63661
 0 0.636628
 0 0.636635
 0 0.636635
 0 0.636668
 0 0.636669
 0 0.636685
 0 0.636687
 0 0.636705
 0 0.636726
 0 0.636747
 0 0.636747
 0 0.636759
 0 0.636772
 0 0.636785
 0 0.636786
 0 0.636786
 0 0.636793
 0 0.636793
 0 0.636831
 0 0.636832
 0 0.636832
 0 0.636833
 0 0.636834
 0 0.636834
 0 0.636834
 0 0.636835
 0 0.636838
 0 0.636846
 0 0.636846
 0 0.636855
 0 0.636863
 0 0.636872
 0 0.636897
 0 0.63693
 0 0.637002
 0 0.637008
 0 0.637009
 0 0.637009
 0 0.637009
 0 0.63701
 0 0.637026
 0 0.637075
 0 0.637075
 0 0.63709
 0 0.637092
 0 0.637109
 0 0.63711
 0 0.63711
 0 0.637115
 0 0.637118
 0 0.63712
 0 0.637121
 0 0.637121
 0 0.637121
 0 0.637121
 0 0.637141
 0 0.637141
 0 0.637144
 0 0.637146
 0 0.637146
 0 0.637165
 0 0.637184
 0 0.637184
 0 0.637188
 0 0.637192
 0 0.637236
 0 0.637244
 0 0.637251
 0 0.637261
 0 0.637261
 0 0.637266
 0 0.637268
 0 0.637276
 0 0.637276
 0 0.637276
 0 0.637287
 0 0.637287
 0 0.637319
 0 0.63732
 0 0.637321
 0 0.637323
 0 0.637323
 0 0.637323
 0 0.637333
 0 0.637333
 0 0.637337
 0 0.637343
 0 0.637343
 0 0.637402
 0 0.637404
 0 0.637411
 0 0.637411
 0 0.637411
 0 0.637412
 0 0.637472
 0 0.637481
 0 0.637486
 0 0.637486
 0 0.637489
 0 0.637498
 0 0.637498
 0 0.637511
 0 0.637512
 0 0.637512
 0 0.63752
 0 0.637539
 0 0.637543
 0 0.637553
 0 0.637553
 0 0.637556
 0 0.637559
 0 0.637565
 0 0.637593
 0 0.637642
 0 0.637674
 0 0.637742
 0 0.637742
 0 0.637757
 0 0.637757
 0 0.637771
 0 0.637783
 0 0.637801
 0 0.637808
 0 0.637808
 0 0.637808
 0 0.637857
 0 0.637867
 0 0.637868
 0 0.637868
 0 0.637881
 0 0.637881
 0 0.637908
 0 0.637908
 0 0.637908
 0 0.637961
 0 0.637961
 0 0.637998
 0 0.637998
 0 0.638007
 0 0.638066
 0 0.638072
 0 0.638072
 0 0.638105
 0 0.638108
 0 0.638223
 0 0.638223
 0 0.638268
 0 0.638277
 0 0.638345
 0 0.638363
 0 0.638365
 0 0.638384
 0 0.638436
 0 0.63844
 0 0.63844
 0 0.638454
 0 0.638455
 0 0.638474
 0 0.638475
 0 0.638475
 0 0.638584
 0 0.638584
 0 0.638584
 0 0.638616
 0 0.63862
 0 0.638624
 0 0.638627
 0 0.638653
 0 0.638653
 0 0.638656
 0 0.638657
 0 0.638659
 0 0.638659
 0 0.638659
 0 0.638663
 0 0.638728
 0 0.638736
 0 0.63877
 0 0.638781
 0 0.638781
 0 0.638798
 0 0.638799
 0 0.638802
 0 0.638835
 0 0.638835
 0 0.638836
 0 0.638865
 0 0.638892
 0 0.638898
 0 0.638915
 0 0.639001
 0 0.639038
 0 0.63904
 0 0.639106
 0 0.639318
 0 0.639319
 0 0.639343
 0 0.639343
 0 0.639344
 0 0.639354
 0 0.63936
 0 0.639409
 0 0.639409
 0 0.639409
 0 0.639497
 0 0.639497
 0 0.639561
 0 0.639561
 0 0.639812
 0 0.639829
 0 0.640038
 0 0.640038
 0 0.640076
 0 0.640082
 0 0.640202
 0 0.640253
 0 0.640258
 0 0.640282
 0 0.640283
 0 0.640408
 0 0.640408
 0 0.640525
 0 0.640526
 0 0.640526
 0 0.640546
 0 0.640546
 0 0.640602
 0 0.640603
 0 0.640606
 0 0.640607
 0 0.640716
 0 0.640718
 0 0.640718
 0 0.64072
 0 0.640721
 0 0.640738
 0 0.640741
 0 0.640743
 0 0.640744
 0 0.640982
 0 0.641031
 0 0.641083
 0 0.641087
 0 0.641274
 0 0.641469
 0 0.641469
 0 0.64147
 0 0.641738
 0 0.641744
 0 0.641767
 0 0.641767
 0 0.641768
 0 0.641771
 0 0.641771
 0 0.641771
 0 0.642131
 0 0.642131
 0 0.642131
 0 0.6422
 0 0.642201
 0 0.642665
 0 0.643473
 0 inf
