 8.92567 9.4593
 8.31843 8.41377
 7.91435 8.44965
 7.67006 7.73566
 7.64224 7.74776
 7.47433 7.66382
 7.39564 8.07213
 7.31546 9.30066
 7.314 8.69017
 7.02866 8.30902
 6.89502 7.0002
 6.89137 7.59236
 6.79423 7.36543
 6.64002 7.07519
 6.61901 6.84482
 6.53577 6.56087
 6.49258 6.57126
 6.46874 7.05682
 6.4474 7.39802
 6.27416 6.33839
 6.27412 8.0538
 6.16156 6.27325
 6.0835 7.67621
 6.04619 7.69806
 5.93744 5.97011
 5.90916 5.94353
 5.8033 6.7698
 5.79485 8.30873
 5.78826 5.99399
 5.75749 5.76939
 5.73905 5.79702
 5.73145 5.74486
 5.72592 5.96565
 5.70764 5.72262
 5.69025 5.89303
 5.68374 5.699
 5.534 7.26259
 5.41712 6.0287
 5.30939 5.33481
 5.29808 5.36336
 5.28195 5.76502
 5.16756 5.19458
 5.13114 5.31984
 5.03707 5.05004
 5.02575 5.54734
 4.94134 5.00522
 4.90731 6.49063
 4.89778 4.95684
 4.89315 4.95309
 4.88896 4.90047
 4.86564 4.90053
 4.80218 4.80509
 4.77365 7.18603
 4.76463 5.05131
 4.7486 4.75531
 4.7467 4.7511
 4.74509 4.75258
 4.73938 4.74843
 4.73104 5.30868
 4.72575 4.75205
 4.71947 4.72381
 4.71768 4.71869
 4.71246 4.71671
 4.71018 4.71426
 4.70762 4.73548
 4.70437 5.02069
 4.70156 4.71222
 4.70017 4.72196
 4.69988 4.70484
 4.6944 4.72323
 4.69185 4.70567
 4.69108 4.81312
 4.69015 4.69536
 4.69014 4.69242
 4.68844 4.7159
 4.68475 4.71423
 4.68084 4.71023
 4.68053 4.73629
 4.67999 4.71131
 4.67931 4.92933
 4.67682 4.67988
 4.67316 4.67483
 4.66735 4.67614
 4.66377 4.6643
 4.66225 4.77761
 4.65446 4.65524
 4.65422 4.67003
 4.65236 4.70204
 4.65215 4.67212
 4.64685 4.83988
 4.64483 4.64574
 4.64166 4.65241
 4.64023 4.64867
 4.63777 4.63902
 4.63724 4.68538
 4.63328 4.91527
 4.63089 4.90715
 4.63065 5.38673
 4.6022 4.60828
 4.59196 4.60316
 4.58741 4.60731
 4.58331 8.40489
 4.57716 4.59379
 4.57074 4.58279
 4.56959 5.12821
 4.56458 4.85292
 4.56311 4.58469
 4.55603 4.58032
 4.55307 4.58104
 4.5523 4.76869
 4.55225 4.5551
 4.55053 4.5682
 4.54989 4.58062
 4.53532 4.57125
 4.53524 5.04158
 4.53317 4.5361
 4.53163 4.54372
 4.52925 5.00476
 4.52681 4.54179
 4.52537 4.56659
 4.52414 4.613
 4.52194 7.89438
 4.52073 8.18307
 4.51783 7.91497
 4.49446 4.49539
 4.47174 4.9982
 4.46234 4.46618
 4.45023 4.62319
 4.446 4.45507
 4.44258 4.89377
 4.42202 4.42356
 4.41299 8.80078
 4.4001 4.96504
 4.36456 4.65888
 4.35956 4.37358
 4.35934 4.37244
 4.34512 7.93479
 4.33228 8.79346
 4.30673 4.30812
 4.30257 4.30529
 4.27804 8.32202
 4.24004 4.72251
 4.2253 4.53759
 4.22381 5.50874
 4.21946 4.23531
 4.21797 5.19649
 4.19219 4.2134
 4.18981 4.99785
 4.17793 9.50901
 4.12263 5.22233
 3.89128 8.46343
