 0 0.483671
 0 0.483671
 0 0.48454
 0 0.48454
 0 0.48454
 0 0.484658
 0 0.619015
 0 0.619232
 0 0.619974
 0 0.619974
 0 0.620189
 0 0.620191
 0 0.62407
 0 0.62407
 0 0.624072
 0 0.624072
 0 0.624072
 0 0.625113
 0 0.625662
 0 0.625668
 0 0.62567
 0 0.626323
 0 0.626323
 0 0.626324
 0 0.626324
 0 0.626444
 0 0.626463
 0 0.626464
 0 0.626467
 0 0.62652
 0 0.626521
 0 0.62698
 0 0.627163
 0 0.627163
 0 0.627371
 0 0.62741
 0 0.62741
 0 0.627447
 0 0.627465
 0 0.627517
 0 0.627517
 0 0.627518
 0 0.627652
 0 0.627652
 0 0.627713
 0 0.627719
 0 0.627817
 0 0.627873
 0 0.627953
 0 0.62796
 0 0.627972
 0 0.62798
 0 0.62798
 0 0.628059
 0 0.628076
 0 0.628153
 0 0.628155
 0 0.628251
 0 0.62829
 0 0.628423
 0 0.628462
 0 0.628465
 0 0.628466
 0 0.628606
 0 0.628606
 0 0.628651
 0 0.628665
 0 0.628666
 0 0.628728
 0 0.628734
 0 0.628761
 0 0.628761
 0 0.628762
 0 0.628762
 0 0.628768
 0 0.628821
 0 0.628911
 0 0.628915
 0 0.628916
 0 0.628916
 0 0.629019
 0 0.62902
 0 0.62902
 0 0.629032
 0 0.629032
 0 0.629032
 0 0.629034
 0 0.629095
 0 0.629098
 0 0.629106
 0 0.629106
 0 0.629126
 0 0.629155
 0 0.62929
 0 0.629294
 0 0.629295
 0 0.629305
 0 0.629305
 0 0.629306
 0 0.629306
 0 0.629373
 0 0.629404
 0 0.629404
 0 0.629422
 0 0.629453
 0 0.629461
 0 0.629461
 0 0.629461
 0 0.629461
 0 0.629502
 0 0.629522
 0 0.629546
 0 0.629546
 0 0.629555
 0 0.629555
 0 0.629575
 0 0.629575
 0 0.629576
 0 0.629582
 0 0.629582
 0 0.629585
 0 0.629594
 0 0.629594
 0 0.629603
 0 0.629604
 0 0.629604
 0 0.629606
 0 0.629651
 0 0.629653
 0 0.629668
 0 0.629675
 0 0.629679
 0 0.62971
 0 0.629712
 0 0.629713
 0 0.629715
 0 0.629721
 0 0.629722
 0 0.629747
 0 0.62985
 0 0.629864
 0 0.629867
 0 0.629871
 0 0.629895
 0 0.629914
 0 0.629918
 0 0.629918
 0 0.629928
 0 0.629928
 0 0.629936
 0 0.629936
 0 0.629937
 0 0.629937
 0 0.629988
 0 0.629989
 0 0.630016
 0 0.630042
 0 0.630043
 0 0.630061
 0 0.630084
 0 0.630089
 0 0.630093
 0 0.630095
 0 0.630095
 0 0.630222
 0 0.630223
 0 0.630227
 0 0.630227
 0 0.630227
 0 0.630227
 0 0.63027
 0 0.630273
 0 0.630278
 0 0.630282
 0 0.630284
 0 0.630285
 0 0.630296
 0 0.630297
 0 0.630316
 0 0.630316
 0 0.630316
 0 0.630326
 0 0.630328
 0 0.63033
 0 0.630347
 0 0.63036
 0 0.630361
 0 0.630372
 0 0.630379
 0 0.630379
 0 0.630379
 0 0.630435
 0 0.630436
 0 0.630436
 0 0.630461
 0 0.63047
 0 0.630485
 0 0.630485
 0 0.630507
 0 0.630507
 0 0.630507
 0 0.630514
 0 0.630515
 0 0.630516
 0 0.630516
 0 0.630547
 0 0.630547
 0 0.630551
 0 0.630551
 0 0.630551
 0 0.630552
 0 0.630556
 0 0.630556
 0 0.630578
 0 0.630584
 0 0.630588
 0 0.630593
 0 0.630599
 0 0.630603
 0 0.630603
 0 0.630611
 0 0.630611
 0 0.630621
 0 0.630626
 0 0.630639
 0 0.630645
 0 0.630645
 0 0.630645
 0 0.630646
 0 0.630647
 0 0.630647
 0 0.630647
 0 0.630651
 0 0.630653
 0 0.63067
 0 0.63067
 0 0.63067
 0 0.630677
 0 0.630677
 0 0.630681
 0 0.630681
 0 0.630685
 0 0.630693
 0 0.630697
 0 0.630705
 0 0.630705
 0 0.630757
 0 0.630761
 0 0.630761
 0 0.630768
 0 0.630776
 0 0.630795
 0 0.630795
 0 0.630798
 0 0.630798
 0 0.630799
 0 0.630809
 0 0.630809
 0 0.63081
 0 0.630811
 0 0.630812
 0 0.630813
 0 0.630815
 0 0.630816
 0 0.630839
 0 0.630839
 0 0.630854
 0 0.630854
 0 0.630854
 0 0.630854
 0 0.630861
 0 0.630861
 0 0.630863
 0 0.630895
 0 0.630896
 0 0.630896
 0 0.630902
 0 0.630902
 0 0.630903
 0 0.630915
 0 0.630915
 0 0.630923
 0 0.630924
 0 0.630924
 0 0.630936
 0 0.630937
 0 0.630937
 0 0.630937
 0 0.630957
 0 0.63096
 0 0.630961
 0 0.630966
 0 0.630966
 0 0.630966
 0 0.630975
 0 0.630987
 0 0.630988
 0 0.630988
 0 0.631002
 0 0.631016
 0 0.631026
 0 0.631026
 0 0.631027
 0 0.631033
 0 0.631034
 0 0.631035
 0 0.63104
 0 0.631044
 0 0.631054
 0 0.631054
 0 0.631064
 0 0.631074
 0 0.631076
 0 0.63108
 0 0.631081
 0 0.631082
 0 0.631082
 0 0.631082
 0 0.631084
 0 0.631084
 0 0.631084
 0 0.631084
 0 0.631085
 0 0.631091
 0 0.631092
 0 0.631092
 0 0.631102
 0 0.631136
 0 0.631137
 0 0.631137
 0 0.631139
 0 0.631149
 0 0.631152
 0 0.631152
 0 0.631152
 0 0.631152
 0 0.631152
 0 0.631153
 0 0.631153
 0 0.631155
 0 0.631156
 0 0.631156
 0 0.63116
 0 0.631164
 0 0.631165
 0 0.631166
 0 0.631179
 0 0.631184
 0 0.631184
 0 0.631185
 0 0.631185
 0 0.631186
 0 0.631191
 0 0.631195
 0 0.631195
 0 0.631196
 0 0.631196
 0 0.631196
 0 0.63121
 0 0.631214
 0 0.631215
 0 0.631218
 0 0.631218
 0 0.631218
 0 0.631232
 0 0.631233
 0 0.631234
 0 0.631244
 0 0.631245
 0 0.631245
 0 0.631265
 0 0.631269
 0 0.631273
 0 0.631273
 0 0.631274
 0 0.631289
 0 0.631289
 0 0.63129
 0 0.63129
 0 0.631299
 0 0.631299
 0 0.631301
 0 0.631301
 0 0.631307
 0 0.631307
 0 0.631309
 0 0.63131
 0 0.63131
 0 0.631311
 0 0.631311
 0 0.631311
 0 0.631311
 0 0.631312
 0 0.631312
 0 0.631361
 0 0.631365
 0 0.631373
 0 0.631375
 0 0.631377
 0 0.631387
 0 0.631387
 0 0.631388
 0 0.63139
 0 0.631392
 0 0.631403
 0 0.631404
 0 0.631407
 0 0.631412
 0 0.631412
 0 0.631412
 0 0.631413
 0 0.631418
 0 0.63142
 0 0.63142
 0 0.631422
 0 0.631423
 0 0.631425
 0 0.631427
 0 0.631446
 0 0.631447
 0 0.63145
 0 0.631456
 0 0.631472
 0 0.631478
 0 0.631479
 0 0.631495
 0 0.631495
 0 0.631505
 0 0.631505
 0 0.631534
 0 0.631537
 0 0.631537
 0 0.631542
 0 0.63157
 0 0.631571
 0 0.631572
 0 0.631573
 0 0.631577
 0 0.631589
 0 0.63159
 0 0.631592
 0 0.631601
 0 0.631627
 0 0.631627
 0 0.631627
 0 0.631629
 0 0.631629
 0 0.631643
 0 0.631652
 0 0.631652
 0 0.631668
 0 0.63167
 0 0.631697
 0 0.631703
 0 0.631704
 0 0.631704
 0 0.631704
 0 0.631704
 0 0.631705
 0 0.631712
 0 0.631712
 0 0.631714
 0 0.631714
 0 0.631717
 0 0.631729
 0 0.631733
 0 0.631733
 0 0.631739
 0 0.631743
 0 0.631746
 0 0.63175
 0 0.631751
 0 0.631755
 0 0.631759
 0 0.63176
 0 0.631763
 0 0.631764
 0 0.631773
 0 0.631773
 0 0.631774
 0 0.631774
 0 0.631794
 0 0.631807
 0 0.631808
 0 0.631821
 0 0.631822
 0 0.631826
 0 0.631836
 0 0.631841
 0 0.631842
 0 0.631842
 0 0.631876
 0 0.63189
 0 0.63189
 0 0.63189
 0 0.631909
 0 0.631909
 0 0.631914
 0 0.631918
 0 0.631921
 0 0.631924
 0 0.631924
 0 0.631924
 0 0.631924
 0 0.631928
 0 0.631928
 0 0.631929
 0 0.631934
 0 0.631934
 0 0.631938
 0 0.631938
 0 0.631938
 0 0.631938
 0 0.631946
 0 0.631952
 0 0.631953
 0 0.631969
 0 0.631969
 0 0.631971
 0 0.631971
 0 0.631975
 0 0.631976
 0 0.63198
 0 0.631986
 0 0.631986
 0 0.631992
 0 0.631997
 0 0.631997
 0 0.631998
 0 0.632
 0 0.632001
 0 0.632003
 0 0.632008
 0 0.632008
 0 0.63201
 0 0.63202
 0 0.632021
 0 0.632021
 0 0.632021
 0 0.632021
 0 0.632044
 0 0.632044
 0 0.632046
 0 0.632047
 0 0.632048
 0 0.63205
 0 0.632065
 0 0.632066
 0 0.632066
 0 0.632066
 0 0.632096
 0 0.632111
 0 0.632112
 0 0.632112
 0 0.632114
 0 0.632114
 0 0.632118
 0 0.632129
 0 0.632129
 0 0.63213
 0 0.632131
 0 0.632132
 0 0.632132
 0 0.632132
 0 0.632132
 0 0.632134
 0 0.632136
 0 0.632137
 0 0.632144
 0 0.63215
 0 0.632153
 0 0.632153
 0 0.632153
 0 0.632153
 0 0.632155
 0 0.632159
 0 0.632159
 0 0.632159
 0 0.632165
 0 0.632165
 0 0.632165
 0 0.632182
 0 0.632187
 0 0.632187
 0 0.632188
 0 0.632188
 0 0.632203
 0 0.632205
 0 0.632206
 0 0.632206
 0 0.632206
 0 0.632207
 0 0.632209
 0 0.63221
 0 0.63221
 0 0.632213
 0 0.632214
 0 0.632214
 0 0.632216
 0 0.632217
 0 0.632218
 0 0.632237
 0 0.632239
 0 0.63224
 0 0.632242
 0 0.632243
 0 0.632243
 0 0.632243
 0 0.632249
 0 0.632249
 0 0.632249
 0 0.632258
 0 0.63226
 0 0.632265
 0 0.632274
 0 0.632277
 0 0.632285
 0 0.63229
 0 0.63229
 0 0.63229
 0 0.63229
 0 0.632291
 0 0.632292
 0 0.6323
 0 0.6323
 0 0.632301
 0 0.632301
 0 0.632307
 0 0.632307
 0 0.632307
 0 0.632323
 0 0.632333
 0 0.632336
 0 0.632339
 0 0.632364
 0 0.632366
 0 0.632366
 0 0.632374
 0 0.632378
 0 0.632378
 0 0.632378
 0 0.6324
 0 0.632401
 0 0.632401
 0 0.632407
 0 0.632411
 0 0.632412
 0 0.632412
 0 0.632425
 0 0.632425
 0 0.632425
 0 0.632425
 0 0.632427
 0 0.632427
 0 0.632444
 0 0.632445
 0 0.632446
 0 0.632447
 0 0.632461
 0 0.632463
 0 0.632463
 0 0.632464
 0 0.632464
 0 0.632466
 0 0.632466
 0 0.632467
 0 0.632467
 0 0.632467
 0 0.632467
 0 0.632475
 0 0.632475
 0 0.632476
 0 0.632482
 0 0.632483
 0 0.632483
 0 0.632483
 0 0.632483
 0 0.632483
 0 0.632485
 0 0.632491
 0 0.632499
 0 0.632503
 0 0.632509
 0 0.632509
 0 0.632511
 0 0.632518
 0 0.632523
 0 0.632523
 0 0.632523
 0 0.632525
 0 0.632525
 0 0.632529
 0 0.632533
 0 0.632533
 0 0.632533
 0 0.63254
 0 0.632541
 0 0.632546
 0 0.632547
 0 0.632548
 0 0.632565
 0 0.632566
 0 0.632569
 0 0.632571
 0 0.632571
 0 0.632571
 0 0.632571
 0 0.632572
 0 0.632581
 0 0.632582
 0 0.632583
 0 0.632583
 0 0.632585
 0 0.632588
 0 0.632588
 0 0.632588
 0 0.63259
 0 0.63259
 0 0.632596
 0 0.6326
 0 0.632602
 0 0.632604
 0 0.632615
 0 0.632616
 0 0.632616
 0 0.632617
 0 0.632619
 0 0.632619
 0 0.632621
 0 0.632623
 0 0.632623
 0 0.632623
 0 0.632634
 0 0.632634
 0 0.632642
 0 0.632644
 0 0.632646
 0 0.632646
 0 0.632649
 0 0.632649
 0 0.632649
 0 0.632649
 0 0.632649
 0 0.63265
 0 0.63266
 0 0.632663
 0 0.632667
 0 0.632667
 0 0.632667
 0 0.632674
 0 0.632675
 0 0.632678
 0 0.632678
 0 0.632679
 0 0.632679
 0 0.632681
 0 0.632681
 0 0.632684
 0 0.632686
 0 0.632698
 0 0.632699
 0 0.632701
 0 0.632703
 0 0.632703
 0 0.632704
 0 0.632709
 0 0.632709
 0 0.632715
 0 0.632716
 0 0.632726
 0 0.632728
 0 0.632739
 0 0.632739
 0 0.632741
 0 0.632741
 0 0.632741
 0 0.632741
 0 0.632742
 0 0.632745
 0 0.632746
 0 0.63276
 0 0.632761
 0 0.632761
 0 0.632764
 0 0.632769
 0 0.632769
 0 0.632771
 0 0.632773
 0 0.632773
 0 0.632785
 0 0.632789
 0 0.632811
 0 0.632814
 0 0.632814
 0 0.632814
 0 0.632814
 0 0.632824
 0 0.632824
 0 0.632824
 0 0.632827
 0 0.632829
 0 0.632829
 0 0.632832
 0 0.632838
 0 0.632842
 0 0.632842
 0 0.632842
 0 0.632842
 0 0.632842
 0 0.632843
 0 0.632843
 0 0.632843
 0 0.632853
 0 0.632853
 0 0.632853
 0 0.632853
 0 0.632854
 0 0.632855
 0 0.632857
 0 0.632857
 0 0.632864
 0 0.632864
 0 0.632864
 0 0.632871
 0 0.632871
 0 0.632878
 0 0.632879
 0 0.63288
 0 0.632881
 0 0.632881
 0 0.632882
 0 0.632888
 0 0.632913
 0 0.632914
 0 0.632914
 0 0.632919
 0 0.63292
 0 0.63292
 0 0.63292
 0 0.632921
 0 0.632921
 0 0.632922
 0 0.632922
 0 0.632927
 0 0.63294
 0 0.632942
 0 0.632942
 0 0.632943
 0 0.632944
 0 0.632944
 0 0.632944
 0 0.632985
 0 0.633013
 0 0.633014
 0 0.633014
 0 0.633014
 0 0.633015
 0 0.633028
 0 0.633029
 0 0.633029
 0 0.63304
 0 0.633042
 0 0.633042
 0 0.633042
 0 0.633061
 0 0.633061
 0 0.633061
 0 0.633062
 0 0.633062
 0 0.633062
 0 0.633063
 0 0.633063
 0 0.633066
 0 0.633076
 0 0.633079
 0 0.63308
 0 0.633081
 0 0.633082
 0 0.633083
 0 0.633087
 0 0.633089
 0 0.63309
 0 0.633097
 0 0.633097
 0 0.6331
 0 0.633106
 0 0.633107
 0 0.633111
 0 0.633111
 0 0.633111
 0 0.633111
 0 0.633111
 0 0.633116
 0 0.633116
 0 0.633136
 0 0.633136
 0 0.633154
 0 0.633154
 0 0.633162
 0 0.633162
 0 0.633162
 0 0.633166
 0 0.633167
 0 0.633168
 0 0.633168
 0 0.63317
 0 0.633179
 0 0.633192
 0 0.633221
 0 0.633221
 0 0.633222
 0 0.633228
 0 0.633229
 0 0.633229
 0 0.63323
 0 0.633232
 0 0.633236
 0 0.633236
 0 0.633241
 0 0.633244
 0 0.633247
 0 0.633247
 0 0.633248
 0 0.633248
 0 0.63325
 0 0.633253
 0 0.633255
 0 0.633256
 0 0.63326
 0 0.633262
 0 0.633266
 0 0.633269
 0 0.633272
 0 0.633289
 0 0.633303
 0 0.633303
 0 0.633304
 0 0.633305
 0 0.633323
 0 0.633325
 0 0.633328
 0 0.633334
 0 0.633336
 0 0.633342
 0 0.633343
 0 0.633343
 0 0.633354
 0 0.633354
 0 0.633359
 0 0.633361
 0 0.633368
 0 0.633369
 0 0.633374
 0 0.633377
 0 0.633379
 0 0.633379
 0 0.633388
 0 0.633388
 0 0.633396
 0 0.633396
 0 0.633402
 0 0.633402
 0 0.633405
 0 0.633405
 0 0.633406
 0 0.63341
 0 0.633412
 0 0.633413
 0 0.633416
 0 0.633418
 0 0.633419
 0 0.63342
 0 0.63342
 0 0.63342
 0 0.63342
 0 0.633428
 0 0.63343
 0 0.63343
 0 0.63343
 0 0.63343
 0 0.633431
 0 0.633431
 0 0.633443
 0 0.633446
 0 0.633446
 0 0.633454
 0 0.633454
 0 0.63346
 0 0.633461
 0 0.633463
 0 0.633468
 0 0.633468
 0 0.633471
 0 0.633473
 0 0.633473
 0 0.633474
 0 0.633479
 0 0.633479
 0 0.63348
 0 0.633481
 0 0.633483
 0 0.633491
 0 0.633491
 0 0.633492
 0 0.633492
 0 0.633495
 0 0.633497
 0 0.633499
 0 0.633499
 0 0.6335
 0 0.633502
 0 0.633502
 0 0.633519
 0 0.633519
 0 0.633525
 0 0.633532
 0 0.633537
 0 0.63354
 0 0.63354
 0 0.633541
 0 0.633541
 0 0.633542
 0 0.633542
 0 0.633545
 0 0.633546
 0 0.633553
 0 0.633555
 0 0.633557
 0 0.633557
 0 0.633557
 0 0.633557
 0 0.633559
 0 0.633561
 0 0.633562
 0 0.633563
 0 0.633565
 0 0.633566
 0 0.633569
 0 0.633571
 0 0.633572
 0 0.633572
 0 0.633574
 0 0.633574
 0 0.633575
 0 0.633576
 0 0.633589
 0 0.63359
 0 0.633594
 0 0.633595
 0 0.633596
 0 0.633598
 0 0.6336
 0 0.633601
 0 0.633601
 0 0.633601
 0 0.633601
 0 0.633601
 0 0.633603
 0 0.633605
 0 0.633612
 0 0.633614
 0 0.633623
 0 0.633624
 0 0.633633
 0 0.633636
 0 0.633638
 0 0.633648
 0 0.633648
 0 0.633649
 0 0.633659
 0 0.63366
 0 0.633661
 0 0.633661
 0 0.633661
 0 0.633663
 0 0.633663
 0 0.633663
 0 0.633666
 0 0.633673
 0 0.633673
 0 0.633673
 0 0.633674
 0 0.633675
 0 0.633678
 0 0.633678
 0 0.633679
 0 0.633679
 0 0.633691
 0 0.633694
 0 0.633694
 0 0.633695
 0 0.633695
 0 0.63371
 0 0.63371
 0 0.633711
 0 0.633711
 0 0.633712
 0 0.633712
 0 0.633712
 0 0.633716
 0 0.633716
 0 0.633718
 0 0.633719
 0 0.633719
 0 0.633719
 0 0.633721
 0 0.633721
 0 0.633725
 0 0.633725
 0 0.633733
 0 0.633733
 0 0.633733
 0 0.633738
 0 0.633738
 0 0.633738
 0 0.633738
 0 0.633748
 0 0.633752
 0 0.633752
 0 0.633753
 0 0.633753
 0 0.633791
 0 0.633799
 0 0.633801
 0 0.633802
 0 0.633802
 0 0.633803
 0 0.633803
 0 0.633803
 0 0.633804
 0 0.633804
 0 0.633807
 0 0.63381
 0 0.63381
 0 0.633814
 0 0.633814
 0 0.633815
 0 0.633816
 0 0.633818
 0 0.633818
 0 0.633819
 0 0.633819
 0 0.633819
 0 0.633819
 0 0.633819
 0 0.633819
 0 0.633819
 0 0.633819
 0 0.633831
 0 0.633831
 0 0.633834
 0 0.633834
 0 0.633839
 0 0.63384
 0 0.633842
 0 0.63385
 0 0.633861
 0 0.633865
 0 0.633866
 0 0.633877
 0 0.633877
 0 0.633893
 0 0.633894
 0 0.633897
 0 0.633897
 0 0.633899
 0 0.633905
 0 0.63391
 0 0.63391
 0 0.633913
 0 0.633913
 0 0.633913
 0 0.633913
 0 0.633914
 0 0.633918
 0 0.633919
 0 0.633927
 0 0.63393
 0 0.63393
 0 0.633937
 0 0.633937
 0 0.633938
 0 0.633938
 0 0.633952
 0 0.633953
 0 0.633955
 0 0.633955
 0 0.633962
 0 0.633962
 0 0.633963
 0 0.633964
 0 0.633965
 0 0.633965
 0 0.633967
 0 0.633969
 0 0.63397
 0 0.633982
 0 0.633982
 0 0.633983
 0 0.633987
 0 0.633987
 0 0.633996
 0 0.633996
 0 0.634
 0 0.634003
 0 0.634003
 0 0.634003
 0 0.634004
 0 0.634009
 0 0.63401
 0 0.634011
 0 0.634011
 0 0.634011
 0 0.634011
 0 0.634012
 0 0.634016
 0 0.634016
 0 0.634017
 0 0.634017
 0 0.634017
 0 0.634017
 0 0.634018
 0 0.63402
 0 0.63402
 0 0.63402
 0 0.63403
 0 0.63404
 0 0.634057
 0 0.634057
 0 0.634058
 0 0.634061
 0 0.63407
 0 0.63407
 0 0.63407
 0 0.634075
 0 0.634076
 0 0.634076
 0 0.634099
 0 0.634101
 0 0.634101
 0 0.634102
 0 0.634103
 0 0.634103
 0 0.634114
 0 0.634114
 0 0.634115
 0 0.634115
 0 0.634116
 0 0.634116
 0 0.634122
 0 0.634122
 0 0.634122
 0 0.634122
 0 0.634128
 0 0.634131
 0 0.634137
 0 0.634137
 0 0.634138
 0 0.63414
 0 0.63414
 0 0.634141
 0 0.634141
 0 0.634142
 0 0.634142
 0 0.634151
 0 0.634169
 0 0.634169
 0 0.63417
 0 0.63417
 0 0.634172
 0 0.63418
 0 0.63418
 0 0.634188
 0 0.634188
 0 0.634192
 0 0.634197
 0 0.634209
 0 0.634209
 0 0.634212
 0 0.634224
 0 0.634232
 0 0.634233
 0 0.634235
 0 0.634235
 0 0.634249
 0 0.634249
 0 0.63425
 0 0.63425
 0 0.634251
 0 0.634251
 0 0.634251
 0 0.634251
 0 0.634254
 0 0.634256
 0 0.634262
 0 0.634263
 0 0.634263
 0 0.634263
 0 0.634264
 0 0.634264
 0 0.634264
 0 0.634264
 0 0.63427
 0 0.634271
 0 0.634276
 0 0.63428
 0 0.634281
 0 0.634282
 0 0.634282
 0 0.634291
 0 0.634291
 0 0.634313
 0 0.634315
 0 0.634323
 0 0.634325
 0 0.634337
 0 0.634339
 0 0.634339
 0 0.634339
 0 0.634341
 0 0.634341
 0 0.634351
 0 0.634351
 0 0.634351
 0 0.634351
 0 0.634352
 0 0.634356
 0 0.634356
 0 0.634359
 0 0.63437
 0 0.63437
 0 0.634371
 0 0.634371
 0 0.634375
 0 0.634377
 0 0.634377
 0 0.634415
 0 0.634417
 0 0.63442
 0 0.63442
 0 0.634431
 0 0.634431
 0 0.634431
 0 0.634435
 0 0.634435
 0 0.634435
 0 0.634435
 0 0.634438
 0 0.634439
 0 0.634439
 0 0.634441
 0 0.634442
 0 0.634442
 0 0.634442
 0 0.634443
 0 0.634443
 0 0.634444
 0 0.634454
 0 0.634455
 0 0.634474
 0 0.634483
 0 0.634483
 0 0.634483
 0 0.634483
 0 0.634484
 0 0.634485
 0 0.634485
 0 0.634491
 0 0.634491
 0 0.634491
 0 0.634496
 0 0.634498
 0 0.634498
 0 0.634499
 0 0.634499
 0 0.6345
 0 0.634501
 0 0.63451
 0 0.634525
 0 0.634528
 0 0.634528
 0 0.634529
 0 0.63453
 0 0.634531
 0 0.634532
 0 0.634533
 0 0.634533
 0 0.634535
 0 0.634535
 0 0.634535
 0 0.634535
 0 0.634536
 0 0.634541
 0 0.634541
 0 0.634541
 0 0.634554
 0 0.634556
 0 0.634562
 0 0.634562
 0 0.634562
 0 0.634564
 0 0.634566
 0 0.634566
 0 0.634575
 0 0.634581
 0 0.634584
 0 0.634594
 0 0.634601
 0 0.63461
 0 0.634616
 0 0.634618
 0 0.634619
 0 0.634621
 0 0.634623
 0 0.634629
 0 0.634639
 0 0.63464
 0 0.634655
 0 0.634656
 0 0.634667
 0 0.63467
 0 0.63467
 0 0.63467
 0 0.634672
 0 0.634672
 0 0.634688
 0 0.634688
 0 0.634688
 0 0.634689
 0 0.634689
 0 0.63469
 0 0.63469
 0 0.634708
 0 0.634713
 0 0.634719
 0 0.634719
 0 0.634721
 0 0.634721
 0 0.634721
 0 0.634731
 0 0.634731
 0 0.634731
 0 0.634731
 0 0.634731
 0 0.634731
 0 0.634733
 0 0.634734
 0 0.634737
 0 0.634738
 0 0.634738
 0 0.634748
 0 0.634748
 0 0.634755
 0 0.634757
 0 0.634766
 0 0.634767
 0 0.634768
 0 0.634768
 0 0.634769
 0 0.634769
 0 0.634769
 0 0.634782
 0 0.634782
 0 0.634782
 0 0.634783
 0 0.634783
 0 0.634783
 0 0.634783
 0 0.634784
 0 0.634784
 0 0.634787
 0 0.634787
 0 0.634787
 0 0.634792
 0 0.634794
 0 0.634804
 0 0.634804
 0 0.634805
 0 0.634805
 0 0.634812
 0 0.634812
 0 0.634812
 0 0.634815
 0 0.634829
 0 0.63483
 0 0.63487
 0 0.634871
 0 0.634874
 0 0.634874
 0 0.634875
 0 0.634881
 0 0.634894
 0 0.634897
 0 0.634897
 0 0.634897
 0 0.634902
 0 0.634911
 0 0.634917
 0 0.634919
 0 0.63492
 0 0.634937
 0 0.63494
 0 0.63494
 0 0.63494
 0 0.63494
 0 0.634941
 0 0.634942
 0 0.634943
 0 0.634943
 0 0.634947
 0 0.634947
 0 0.634948
 0 0.634949
 0 0.634963
 0 0.634963
 0 0.634964
 0 0.634976
 0 0.634985
 0 0.634987
 0 0.634987
 0 0.634988
 0 0.634994
 0 0.634995
 0 0.634995
 0 0.634998
 0 0.634998
 0 0.635007
 0 0.635009
 0 0.635009
 0 0.635009
 0 0.635009
 0 0.63501
 0 0.635011
 0 0.635014
 0 0.635014
 0 0.635014
 0 0.635019
 0 0.635025
 0 0.635034
 0 0.635037
 0 0.635037
 0 0.635037
 0 0.635037
 0 0.635038
 0 0.635039
 0 0.635044
 0 0.635045
 0 0.635045
 0 0.635046
 0 0.635047
 0 0.635057
 0 0.635064
 0 0.635065
 0 0.635067
 0 0.635069
 0 0.635078
 0 0.635079
 0 0.635079
 0 0.63508
 0 0.635083
 0 0.635083
 0 0.635083
 0 0.635084
 0 0.635084
 0 0.635094
 0 0.635094
 0 0.635094
 0 0.635094
 0 0.635101
 0 0.635102
 0 0.635102
 0 0.635113
 0 0.635116
 0 0.635116
 0 0.635136
 0 0.635146
 0 0.635165
 0 0.635166
 0 0.635167
 0 0.635167
 0 0.635177
 0 0.635177
 0 0.635185
 0 0.635185
 0 0.635185
 0 0.63519
 0 0.635198
 0 0.635208
 0 0.635209
 0 0.635209
 0 0.63521
 0 0.635211
 0 0.635211
 0 0.635212
 0 0.635212
 0 0.635221
 0 0.635236
 0 0.635236
 0 0.635236
 0 0.635242
 0 0.635242
 0 0.635244
 0 0.635244
 0 0.63525
 0 0.635253
 0 0.635253
 0 0.635253
 0 0.635253
 0 0.635254
 0 0.635255
 0 0.635255
 0 0.63527
 0 0.635276
 0 0.635276
 0 0.635277
 0 0.635282
 0 0.635282
 0 0.635284
 0 0.635285
 0 0.635286
 0 0.635286
 0 0.635297
 0 0.635305
 0 0.635312
 0 0.635312
 0 0.63532
 0 0.635321
 0 0.635321
 0 0.635323
 0 0.635324
 0 0.635324
 0 0.635324
 0 0.635331
 0 0.635332
 0 0.635332
 0 0.635333
 0 0.635336
 0 0.635336
 0 0.635336
 0 0.635342
 0 0.635343
 0 0.635354
 0 0.635354
 0 0.635378
 0 0.635379
 0 0.635379
 0 0.635381
 0 0.635381
 0 0.635385
 0 0.635386
 0 0.635386
 0 0.635386
 0 0.635411
 0 0.635411
 0 0.635412
 0 0.635412
 0 0.635448
 0 0.635451
 0 0.635456
 0 0.635456
 0 0.635464
 0 0.635466
 0 0.635469
 0 0.635478
 0 0.635479
 0 0.635484
 0 0.635484
 0 0.635492
 0 0.635495
 0 0.635496
 0 0.6355
 0 0.635502
 0 0.635503
 0 0.635503
 0 0.635504
 0 0.635505
 0 0.635506
 0 0.635512
 0 0.635519
 0 0.63552
 0 0.635522
 0 0.635524
 0 0.635524
 0 0.635524
 0 0.635535
 0 0.635539
 0 0.635539
 0 0.635539
 0 0.635542
 0 0.635544
 0 0.635545
 0 0.635545
 0 0.635546
 0 0.635548
 0 0.635549
 0 0.635549
 0 0.635549
 0 0.635557
 0 0.635561
 0 0.635561
 0 0.635561
 0 0.635563
 0 0.63557
 0 0.635571
 0 0.635601
 0 0.635601
 0 0.635619
 0 0.635619
 0 0.63562
 0 0.635623
 0 0.635624
 0 0.635626
 0 0.635636
 0 0.635637
 0 0.635639
 0 0.635639
 0 0.635642
 0 0.635674
 0 0.635679
 0 0.63568
 0 0.63568
 0 0.635681
 0 0.635691
 0 0.635694
 0 0.635696
 0 0.635726
 0 0.635733
 0 0.635741
 0 0.635742
 0 0.635742
 0 0.635754
 0 0.635762
 0 0.635768
 0 0.635768
 0 0.635774
 0 0.635774
 0 0.635774
 0 0.635774
 0 0.635777
 0 0.635778
 0 0.63578
 0 0.635799
 0 0.635804
 0 0.635808
 0 0.635808
 0 0.635811
 0 0.635812
 0 0.635813
 0 0.635815
 0 0.635815
 0 0.635818
 0 0.635819
 0 0.635819
 0 0.635821
 0 0.635821
 0 0.635828
 0 0.635828
 0 0.635832
 0 0.635832
 0 0.635834
 0 0.635834
 0 0.635838
 0 0.635843
 0 0.635845
 0 0.63585
 0 0.63585
 0 0.635851
 0 0.635861
 0 0.635863
 0 0.635863
 0 0.635863
 0 0.635866
 0 0.635869
 0 0.63587
 0 0.63587
 0 0.635871
 0 0.635871
 0 0.635891
 0 0.635892
 0 0.635897
 0 0.635897
 0 0.635908
 0 0.635913
 0 0.635916
 0 0.635917
 0 0.635917
 0 0.635927
 0 0.63593
 0 0.635936
 0 0.635938
 0 0.635947
 0 0.63595
 0 0.635979
 0 0.635998
 0 0.636001
 0 0.636003
 0 0.636025
 0 0.636026
 0 0.636031
 0 0.636031
 0 0.636045
 0 0.636049
 0 0.636053
 0 0.636053
 0 0.636058
 0 0.636058
 0 0.636066
 0 0.636067
 0 0.636067
 0 0.636069
 0 0.636069
 0 0.63607
 0 0.63607
 0 0.63607
 0 0.63607
 0 0.636071
 0 0.636071
 0 0.636072
 0 0.636072
 0 0.636074
 0 0.636089
 0 0.636089
 0 0.63609
 0 0.63609
 0 0.63609
 0 0.636098
 0 0.636098
 0 0.636101
 0 0.636102
 0 0.636107
 0 0.636107
 0 0.636107
 0 0.63611
 0 0.63611
 0 0.636111
 0 0.636112
 0 0.636112
 0 0.636135
 0 0.636139
 0 0.636139
 0 0.636147
 0 0.636149
 0 0.636151
 0 0.636151
 0 0.636152
 0 0.636154
 0 0.636163
 0 0.636164
 0 0.636165
 0 0.636168
 0 0.63617
 0 0.63617
 0 0.636171
 0 0.636185
 0 0.636188
 0 0.636191
 0 0.636192
 0 0.636192
 0 0.636211
 0 0.636211
 0 0.63622
 0 0.636221
 0 0.636228
 0 0.636228
 0 0.636232
 0 0.636233
 0 0.636234
 0 0.636242
 0 0.636242
 0 0.636243
 0 0.636243
 0 0.636261
 0 0.636261
 0 0.636262
 0 0.636262
 0 0.636262
 0 0.636262
 0 0.636263
 0 0.636265
 0 0.636273
 0 0.636275
 0 0.636275
 0 0.636276
 0 0.636279
 0 0.636279
 0 0.636281
 0 0.636283
 0 0.636284
 0 0.636285
 0 0.636294
 0 0.636294
 0 0.636304
 0 0.636305
 0 0.636305
 0 0.636305
 0 0.636306
 0 0.636306
 0 0.636309
 0 0.636324
 0 0.636324
 0 0.636327
 0 0.636335
 0 0.636347
 0 0.636357
 0 0.636357
 0 0.636357
 0 0.636359
 0 0.636378
 0 0.636379
 0 0.636381
 0 0.636382
 0 0.636398
 0 0.636407
 0 0.636407
 0 0.636416
 0 0.636416
 0 0.636422
 0 0.636425
 0 0.636425
 0 0.636431
 0 0.636431
 0 0.636435
 0 0.636436
 0 0.636441
 0 0.636441
 0 0.636442
 0 0.636443
 0 0.636447
 0 0.636447
 0 0.636456
 0 0.636456
 0 0.636457
 0 0.636459
 0 0.636459
 0 0.63646
 0 0.636462
 0 0.636462
 0 0.636466
 0 0.636471
 0 0.636472
 0 0.636473
 0 0.636493
 0 0.636495
 0 0.636495
 0 0.636496
 0 0.636501
 0 0.636501
 0 0.636504
 0 0.636504
 0 0.636512
 0 0.636515
 0 0.636515
 0 0.636516
 0 0.636519
 0 0.636519
 0 0.63653
 0 0.636531
 0 0.636533
 0 0.636537
 0 0.636538
 0 0.636539
 0 0.636549
 0 0.636549
 0 0.636556
 0 0.636558
 0 0.636573
 0 0.636574
 0 0.636581
 0 0.636589
 0 0.636589
 0 0.63659
 0 0.636592
 0 0.636607
 0 0.636607
 0 0.636608
 0 0.636611
 0 0.636611
 0 0.636612
 0 0.636622
 0 0.636624
 0 0.636625
 0 0.636641
 0 0.636685
 0 0.636687
 0 0.636687
 0 0.636691
 0 0.636694
 0 0.636694
 0 0.636694
 0 0.636699
 0 0.6367
 0 0.636706
 0 0.636706
 0 0.636711
 0 0.636718
 0 0.636724
 0 0.63673
 0 0.636765
 0 0.636765
 0 0.636765
 0 0.636767
 0 0.636768
 0 0.636769
 0 0.636773
 0 0.636778
 0 0.636783
 0 0.636784
 0 0.636784
 0 0.636786
 0 0.636786
 0 0.636787
 0 0.636787
 0 0.63679
 0 0.636799
 0 0.636804
 0 0.636806
 0 0.636806
 0 0.636814
 0 0.636814
 0 0.636816
 0 0.636816
 0 0.636824
 0 0.636825
 0 0.636828
 0 0.636828
 0 0.636835
 0 0.636853
 0 0.636855
 0 0.636855
 0 0.636855
 0 0.636856
 0 0.636859
 0 0.63686
 0 0.636881
 0 0.636888
 0 0.636888
 0 0.636889
 0 0.636891
 0 0.636892
 0 0.636893
 0 0.636893
 0 0.636895
 0 0.636895
 0 0.636902
 0 0.636903
 0 0.636904
 0 0.636906
 0 0.636906
 0 0.636912
 0 0.636912
 0 0.636912
 0 0.636913
 0 0.636915
 0 0.636918
 0 0.636919
 0 0.636924
 0 0.636924
 0 0.636928
 0 0.636933
 0 0.636934
 0 0.636934
 0 0.63694
 0 0.636956
 0 0.636956
 0 0.636956
 0 0.636961
 0 0.636967
 0 0.636968
 0 0.636968
 0 0.636975
 0 0.636977
 0 0.636977
 0 0.636977
 0 0.63698
 0 0.636983
 0 0.636983
 0 0.636988
 0 0.636988
 0 0.636988
 0 0.636992
 0 0.637013
 0 0.637022
 0 0.637022
 0 0.637023
 0 0.637026
 0 0.637026
 0 0.637026
 0 0.637027
 0 0.637033
 0 0.637091
 0 0.637106
 0 0.637106
 0 0.63711
 0 0.637112
 0 0.637113
 0 0.637113
 0 0.637121
 0 0.637141
 0 0.637141
 0 0.637143
 0 0.637147
 0 0.637151
 0 0.637171
 0 0.637184
 0 0.637184
 0 0.637186
 0 0.637187
 0 0.637189
 0 0.637212
 0 0.637221
 0 0.637223
 0 0.637224
 0 0.637224
 0 0.637233
 0 0.637233
 0 0.63725
 0 0.637251
 0 0.637251
 0 0.637251
 0 0.637274
 0 0.637274
 0 0.637274
 0 0.637274
 0 0.637274
 0 0.637279
 0 0.63728
 0 0.63728
 0 0.637326
 0 0.637326
 0 0.637335
 0 0.637335
 0 0.637346
 0 0.637347
 0 0.637347
 0 0.637363
 0 0.637363
 0 0.637363
 0 0.637373
 0 0.637373
 0 0.637374
 0 0.637376
 0 0.637378
 0 0.637385
 0 0.637385
 0 0.637385
 0 0.63739
 0 0.63739
 0 0.63739
 0 0.637393
 0 0.637393
 0 0.637409
 0 0.637409
 0 0.637409
 0 0.637416
 0 0.637416
 0 0.637421
 0 0.637421
 0 0.637436
 0 0.637437
 0 0.637442
 0 0.637449
 0 0.637468
 0 0.637469
 0 0.637471
 0 0.637472
 0 0.637474
 0 0.637476
 0 0.637476
 0 0.637479
 0 0.637514
 0 0.637534
 0 0.637534
 0 0.637566
 0 0.637567
 0 0.637576
 0 0.637582
 0 0.637588
 0 0.63759
 0 0.637608
 0 0.637633
 0 0.637635
 0 0.637637
 0 0.637643
 0 0.637653
 0 0.637659
 0 0.63766
 0 0.637686
 0 0.637686
 0 0.637686
 0 0.637696
 0 0.637696
 0 0.637697
 0 0.637704
 0 0.637704
 0 0.637705
 0 0.637707
 0 0.637707
 0 0.637707
 0 0.637708
 0 0.637709
 0 0.637717
 0 0.637734
 0 0.637737
 0 0.637761
 0 0.637766
 0 0.637769
 0 0.637769
 0 0.637776
 0 0.637817
 0 0.637822
 0 0.637822
 0 0.637822
 0 0.637822
 0 0.637823
 0 0.637829
 0 0.637844
 0 0.637844
 0 0.637852
 0 0.637866
 0 0.637897
 0 0.637906
 0 0.637906
 0 0.637925
 0 0.637938
 0 0.637955
 0 0.637958
 0 0.637961
 0 0.637967
 0 0.63798
 0 0.637983
 0 0.638002
 0 0.638004
 0 0.638005
 0 0.638005
 0 0.638056
 0 0.638095
 0 0.638106
 0 0.63813
 0 0.63813
 0 0.638132
 0 0.638132
 0 0.638133
 0 0.638133
 0 0.638133
 0 0.638135
 0 0.638149
 0 0.63815
 0 0.63815
 0 0.638173
 0 0.638174
 0 0.638175
 0 0.638189
 0 0.638194
 0 0.638234
 0 0.638234
 0 0.638236
 0 0.638267
 0 0.638268
 0 0.638279
 0 0.638282
 0 0.638282
 0 0.638282
 0 0.638284
 0 0.638284
 0 0.638285
 0 0.63829
 0 0.638315
 0 0.638325
 0 0.638325
 0 0.638337
 0 0.638377
 0 0.638393
 0 0.638409
 0 0.638409
 0 0.638428
 0 0.638428
 0 0.638428
 0 0.638428
 0 0.638463
 0 0.638463
 0 0.638496
 0 0.638523
 0 0.638527
 0 0.638527
 0 0.638549
 0 0.638551
 0 0.638552
 0 0.638552
 0 0.638552
 0 0.638554
 0 0.638555
 0 0.638556
 0 0.638556
 0 0.638568
 0 0.638568
 0 0.638622
 0 0.638684
 0 0.638689
 0 0.638772
 0 0.638772
 0 0.638777
 0 0.638777
 0 0.638779
 0 0.638779
 0 0.638792
 0 0.638792
 0 0.638805
 0 0.638806
 0 0.638806
 0 0.638806
 0 0.638821
 0 0.638822
 0 0.638823
 0 0.638825
 0 0.638829
 0 0.638879
 0 0.63888
 0 0.638907
 0 0.638908
 0 0.638953
 0 0.638964
 0 0.638964
 0 0.638973
 0 0.638982
 0 0.638982
 0 0.638982
 0 0.638989
 0 0.638991
 0 0.639002
 0 0.639005
 0 0.639005
 0 0.639013
 0 0.639132
 0 0.63918
 0 0.639181
 0 0.639201
 0 0.639201
 0 0.639219
 0 0.639221
 0 0.639222
 0 0.639222
 0 0.639223
 0 0.639223
 0 0.639228
 0 0.639229
 0 0.639229
 0 0.639268
 0 0.639268
 0 0.639282
 0 0.639282
 0 0.639322
 0 0.639322
 0 0.63935
 0 0.639381
 0 0.639383
 0 0.639526
 0 0.639526
 0 0.63958
 0 0.63961
 0 0.639694
 0 0.639728
 0 0.639751
 0 0.639753
 0 0.639771
 0 0.639771
 0 0.639792
 0 0.639808
 0 0.640002
 0 0.640002
 0 0.640003
 0 0.640003
 0 0.640003
 0 0.640058
 0 0.640077
 0 0.640078
 0 0.640078
 0 0.640156
 0 0.640176
 0 0.640216
 0 0.640216
 0 0.640217
 0 0.640269
 0 0.640269
 0 0.640269
 0 0.640273
 0 0.640588
 0 0.640591
 0 0.640626
 0 0.640628
 0 0.640665
 0 0.640668
 0 0.640785
 0 0.640841
 0 0.640843
 0 0.640891
 0 0.640895
 0 0.640899
 0 0.640952
 0 0.641053
 0 0.641399
 0 0.641399
 0 0.641399
 0 0.6414
 0 0.641674
 0 0.641674
 0 0.642086
 0 0.643575
 0 0.643668
 0 0.643668
 0 0.64367
 0 0.64367
 0 0.64368
 0 0.64368
 0 0.644217
 0 0.644217
 0 0.644221
 0 0.644222
 0 0.644225
 0 inf
