 0 0.474858
 0 0.474858
 0 0.475489
 0 0.475489
 0 0.475489
 0 0.475931
 0 0.497444
 0 0.497979
 0 0.497985
 0 0.497985
 0 0.498139
 0 0.498139
 0 0.501809
 0 0.502633
 0 0.503056
 0 0.503058
 0 0.503058
 0 0.503058
 0 0.624341
 0 0.624344
 0 0.624344
 0 0.624416
 0 0.625667
 0 0.625669
 0 0.625992
 0 0.625994
 0 0.626413
 0 0.626727
 0 0.62673
 0 0.627071
 0 0.627071
 0 0.627073
 0 0.627124
 0 0.627277
 0 0.627717
 0 0.627843
 0 0.627891
 0 0.627895
 0 0.62796
 0 0.62796
 0 0.627996
 0 0.628
 0 0.628061
 0 0.628119
 0 0.628149
 0 0.628149
 0 0.628149
 0 0.628209
 0 0.628209
 0 0.628401
 0 0.628401
 0 0.628403
 0 0.628497
 0 0.628499
 0 0.628584
 0 0.628584
 0 0.628584
 0 0.628584
 0 0.628584
 0 0.628653
 0 0.62866
 0 0.628662
 0 0.628662
 0 0.628666
 0 0.628667
 0 0.628669
 0 0.628669
 0 0.628677
 0 0.628679
 0 0.628679
 0 0.628721
 0 0.628739
 0 0.628739
 0 0.628778
 0 0.628786
 0 0.62879
 0 0.628832
 0 0.628833
 0 0.628866
 0 0.628867
 0 0.628886
 0 0.628887
 0 0.628887
 0 0.628887
 0 0.628894
 0 0.628894
 0 0.628896
 0 0.628911
 0 0.628913
 0 0.628923
 0 0.628924
 0 0.628924
 0 0.628932
 0 0.628935
 0 0.628936
 0 0.629004
 0 0.629004
 0 0.629004
 0 0.629041
 0 0.629055
 0 0.629113
 0 0.629113
 0 0.629121
 0 0.629121
 0 0.629122
 0 0.629125
 0 0.629131
 0 0.629172
 0 0.629174
 0 0.629175
 0 0.629176
 0 0.629195
 0 0.629195
 0 0.629195
 0 0.629223
 0 0.629238
 0 0.62924
 0 0.62924
 0 0.629251
 0 0.629282
 0 0.629283
 0 0.629345
 0 0.629388
 0 0.629388
 0 0.629389
 0 0.629391
 0 0.629424
 0 0.629424
 0 0.629434
 0 0.629434
 0 0.629439
 0 0.629444
 0 0.629446
 0 0.629446
 0 0.629448
 0 0.629512
 0 0.629514
 0 0.629516
 0 0.629516
 0 0.629516
 0 0.629613
 0 0.629649
 0 0.629707
 0 0.629707
 0 0.629707
 0 0.629709
 0 0.629715
 0 0.629716
 0 0.629719
 0 0.629732
 0 0.629759
 0 0.629764
 0 0.629788
 0 0.629788
 0 0.629807
 0 0.629807
 0 0.62981
 0 0.629816
 0 0.629817
 0 0.629818
 0 0.62983
 0 0.629833
 0 0.629833
 0 0.629837
 0 0.629837
 0 0.62984
 0 0.629841
 0 0.629841
 0 0.629866
 0 0.629866
 0 0.62988
 0 0.629883
 0 0.629899
 0 0.629899
 0 0.629916
 0 0.629916
 0 0.629916
 0 0.629916
 0 0.629934
 0 0.629938
 0 0.629978
 0 0.629978
 0 0.62998
 0 0.630051
 0 0.630052
 0 0.630052
 0 0.630092
 0 0.630092
 0 0.630125
 0 0.630126
 0 0.630126
 0 0.630186
 0 0.630186
 0 0.630189
 0 0.630191
 0 0.630256
 0 0.630258
 0 0.630259
 0 0.630259
 0 0.630279
 0 0.630308
 0 0.630312
 0 0.630347
 0 0.630362
 0 0.630369
 0 0.630392
 0 0.630393
 0 0.63041
 0 0.630411
 0 0.630411
 0 0.630412
 0 0.630412
 0 0.630463
 0 0.630466
 0 0.630469
 0 0.630472
 0 0.630484
 0 0.630484
 0 0.630487
 0 0.63049
 0 0.630491
 0 0.630505
 0 0.630531
 0 0.630549
 0 0.630629
 0 0.630634
 0 0.630636
 0 0.630653
 0 0.630653
 0 0.630659
 0 0.630661
 0 0.630674
 0 0.630681
 0 0.630701
 0 0.630726
 0 0.630726
 0 0.630726
 0 0.630726
 0 0.630731
 0 0.630742
 0 0.630742
 0 0.630743
 0 0.630744
 0 0.630747
 0 0.630767
 0 0.630789
 0 0.630814
 0 0.630816
 0 0.630821
 0 0.630837
 0 0.630837
 0 0.630852
 0 0.630855
 0 0.630862
 0 0.630864
 0 0.630892
 0 0.630895
 0 0.630901
 0 0.630901
 0 0.630901
 0 0.630902
 0 0.63092
 0 0.630953
 0 0.630953
 0 0.630989
 0 0.630989
 0 0.63099
 0 0.63099
 0 0.631041
 0 0.631042
 0 0.631043
 0 0.631055
 0 0.63106
 0 0.63106
 0 0.631065
 0 0.631069
 0 0.631077
 0 0.631077
 0 0.631079
 0 0.631081
 0 0.631105
 0 0.631114
 0 0.631132
 0 0.631132
 0 0.631132
 0 0.631134
 0 0.631135
 0 0.631149
 0 0.631149
 0 0.631149
 0 0.63115
 0 0.63115
 0 0.631178
 0 0.631209
 0 0.631209
 0 0.631213
 0 0.63124
 0 0.631256
 0 0.631261
 0 0.631261
 0 0.631262
 0 0.631269
 0 0.631286
 0 0.631288
 0 0.631289
 0 0.631374
 0 0.631375
 0 0.631375
 0 0.631375
 0 0.631376
 0 0.631418
 0 0.631418
 0 0.631423
 0 0.631444
 0 0.631444
 0 0.631446
 0 0.631462
 0 0.631463
 0 0.63148
 0 0.631491
 0 0.631491
 0 0.631543
 0 0.631563
 0 0.631563
 0 0.631584
 0 0.631585
 0 0.631586
 0 0.631587
 0 0.631588
 0 0.631596
 0 0.631598
 0 0.631598
 0 0.631605
 0 0.63166
 0 0.631675
 0 0.631677
 0 0.631708
 0 0.631715
 0 0.631753
 0 0.631758
 0 0.631763
 0 0.631763
 0 0.631768
 0 0.631769
 0 0.631773
 0 0.631773
 0 0.63178
 0 0.631783
 0 0.631783
 0 0.631783
 0 0.631785
 0 0.631785
 0 0.631786
 0 0.631788
 0 0.631793
 0 0.631793
 0 0.631806
 0 0.631806
 0 0.631813
 0 0.631857
 0 0.631865
 0 0.631927
 0 0.631935
 0 0.63194
 0 0.631941
 0 0.631944
 0 0.631948
 0 0.631948
 0 0.631953
 0 0.631953
 0 0.631955
 0 0.631957
 0 0.631961
 0 0.631967
 0 0.631967
 0 0.631967
 0 0.631972
 0 0.631974
 0 0.631978
 0 0.631978
 0 0.631981
 0 0.631982
 0 0.631982
 0 0.631992
 0 0.632003
 0 0.632029
 0 0.632029
 0 0.632029
 0 0.632029
 0 0.632029
 0 0.632033
 0 0.632038
 0 0.63204
 0 0.632047
 0 0.63206
 0 0.632062
 0 0.632062
 0 0.632063
 0 0.632085
 0 0.632105
 0 0.632106
 0 0.632106
 0 0.63211
 0 0.63211
 0 0.632113
 0 0.632113
 0 0.632131
 0 0.632131
 0 0.632131
 0 0.632137
 0 0.632144
 0 0.63221
 0 0.632221
 0 0.632225
 0 0.632239
 0 0.632239
 0 0.63224
 0 0.63224
 0 0.63224
 0 0.632242
 0 0.632247
 0 0.63225
 0 0.632252
 0 0.632252
 0 0.632252
 0 0.632268
 0 0.632268
 0 0.632275
 0 0.632275
 0 0.632317
 0 0.632317
 0 0.632334
 0 0.632334
 0 0.632336
 0 0.632336
 0 0.632337
 0 0.632342
 0 0.632342
 0 0.632342
 0 0.632359
 0 0.632359
 0 0.632359
 0 0.632369
 0 0.63237
 0 0.63237
 0 0.632373
 0 0.632374
 0 0.632375
 0 0.632378
 0 0.632381
 0 0.632382
 0 0.632406
 0 0.632407
 0 0.632407
 0 0.632461
 0 0.632469
 0 0.63247
 0 0.632471
 0 0.632472
 0 0.632476
 0 0.632478
 0 0.632485
 0 0.632485
 0 0.632486
 0 0.632493
 0 0.632494
 0 0.63254
 0 0.632561
 0 0.632581
 0 0.632581
 0 0.632585
 0 0.632595
 0 0.632601
 0 0.632604
 0 0.632604
 0 0.632616
 0 0.632617
 0 0.632617
 0 0.63263
 0 0.632637
 0 0.632638
 0 0.632652
 0 0.632653
 0 0.632654
 0 0.632664
 0 0.632666
 0 0.632666
 0 0.632685
 0 0.632694
 0 0.632694
 0 0.632694
 0 0.632694
 0 0.632729
 0 0.632729
 0 0.632729
 0 0.632733
 0 0.632743
 0 0.63276
 0 0.632766
 0 0.632767
 0 0.632771
 0 0.632786
 0 0.632793
 0 0.632793
 0 0.632793
 0 0.632794
 0 0.632794
 0 0.632795
 0 0.632795
 0 0.6328
 0 0.632833
 0 0.632833
 0 0.632833
 0 0.632846
 0 0.632852
 0 0.632856
 0 0.632857
 0 0.632872
 0 0.6329
 0 0.63293
 0 0.63293
 0 0.632931
 0 0.632933
 0 0.632986
 0 0.633009
 0 0.633021
 0 0.633022
 0 0.633024
 0 0.633037
 0 0.633052
 0 0.633052
 0 0.633052
 0 0.633054
 0 0.63307
 0 0.63307
 0 0.63307
 0 0.633071
 0 0.633071
 0 0.633076
 0 0.63308
 0 0.633081
 0 0.633082
 0 0.633083
 0 0.633092
 0 0.633103
 0 0.633148
 0 0.63315
 0 0.633157
 0 0.633179
 0 0.633179
 0 0.633182
 0 0.633195
 0 0.633195
 0 0.633195
 0 0.633197
 0 0.633197
 0 0.633199
 0 0.633199
 0 0.6332
 0 0.633204
 0 0.633205
 0 0.633259
 0 0.633267
 0 0.633271
 0 0.633271
 0 0.633272
 0 0.633276
 0 0.633278
 0 0.633279
 0 0.633279
 0 0.633283
 0 0.633284
 0 0.633312
 0 0.633312
 0 0.633321
 0 0.633322
 0 0.633379
 0 0.633379
 0 0.633386
 0 0.633394
 0 0.633395
 0 0.633397
 0 0.633397
 0 0.6334
 0 0.633411
 0 0.633411
 0 0.633436
 0 0.633444
 0 0.633455
 0 0.633455
 0 0.633456
 0 0.633462
 0 0.633476
 0 0.633505
 0 0.633509
 0 0.633511
 0 0.633511
 0 0.633511
 0 0.633518
 0 0.633525
 0 0.633529
 0 0.633531
 0 0.633531
 0 0.63354
 0 0.633543
 0 0.633573
 0 0.633574
 0 0.633578
 0 0.63358
 0 0.633594
 0 0.633595
 0 0.633601
 0 0.633602
 0 0.633606
 0 0.633616
 0 0.63362
 0 0.63362
 0 0.633632
 0 0.633634
 0 0.633634
 0 0.633635
 0 0.633643
 0 0.633645
 0 0.633645
 0 0.633648
 0 0.633649
 0 0.633653
 0 0.633667
 0 0.633703
 0 0.633709
 0 0.633713
 0 0.633717
 0 0.633717
 0 0.633722
 0 0.633722
 0 0.633726
 0 0.63373
 0 0.633736
 0 0.633749
 0 0.633759
 0 0.633763
 0 0.633771
 0 0.633771
 0 0.633771
 0 0.633771
 0 0.633772
 0 0.633777
 0 0.633778
 0 0.633778
 0 0.633778
 0 0.633778
 0 0.633783
 0 0.633783
 0 0.633783
 0 0.633785
 0 0.63379
 0 0.633794
 0 0.633794
 0 0.633794
 0 0.633798
 0 0.633799
 0 0.6338
 0 0.6338
 0 0.633802
 0 0.633803
 0 0.633803
 0 0.633806
 0 0.633806
 0 0.633807
 0 0.633856
 0 0.633862
 0 0.633862
 0 0.633862
 0 0.633862
 0 0.633863
 0 0.633866
 0 0.633886
 0 0.633886
 0 0.633888
 0 0.633888
 0 0.633894
 0 0.633894
 0 0.633898
 0 0.633898
 0 0.633898
 0 0.633904
 0 0.633934
 0 0.633935
 0 0.633935
 0 0.633968
 0 0.633975
 0 0.633985
 0 0.633987
 0 0.633991
 0 0.633993
 0 0.633993
 0 0.633995
 0 0.633995
 0 0.634
 0 0.634
 0 0.634
 0 0.634002
 0 0.634003
 0 0.634043
 0 0.634044
 0 0.634047
 0 0.634047
 0 0.634049
 0 0.634049
 0 0.634057
 0 0.634057
 0 0.634058
 0 0.634058
 0 0.634079
 0 0.634079
 0 0.63408
 0 0.634094
 0 0.634094
 0 0.634097
 0 0.634097
 0 0.634098
 0 0.634098
 0 0.634104
 0 0.634104
 0 0.634107
 0 0.634107
 0 0.634108
 0 0.634109
 0 0.634115
 0 0.634116
 0 0.63412
 0 0.634123
 0 0.634127
 0 0.634127
 0 0.634127
 0 0.634152
 0 0.634152
 0 0.634152
 0 0.634154
 0 0.634158
 0 0.634158
 0 0.634159
 0 0.634169
 0 0.634169
 0 0.634184
 0 0.634184
 0 0.634189
 0 0.634191
 0 0.6342
 0 0.6342
 0 0.634212
 0 0.634212
 0 0.634218
 0 0.634219
 0 0.634243
 0 0.634243
 0 0.634244
 0 0.634244
 0 0.634246
 0 0.634246
 0 0.634252
 0 0.634254
 0 0.634256
 0 0.634257
 0 0.634261
 0 0.634268
 0 0.634275
 0 0.634275
 0 0.63428
 0 0.634283
 0 0.634284
 0 0.634292
 0 0.634295
 0 0.634314
 0 0.634351
 0 0.634352
 0 0.63436
 0 0.634393
 0 0.634413
 0 0.634414
 0 0.634415
 0 0.634417
 0 0.634431
 0 0.634433
 0 0.634446
 0 0.634446
 0 0.634449
 0 0.634449
 0 0.634452
 0 0.634465
 0 0.634478
 0 0.634493
 0 0.634493
 0 0.6345
 0 0.6345
 0 0.634511
 0 0.634514
 0 0.634514
 0 0.634515
 0 0.634515
 0 0.634526
 0 0.634527
 0 0.634527
 0 0.634527
 0 0.634528
 0 0.63453
 0 0.634531
 0 0.634533
 0 0.634533
 0 0.634556
 0 0.634556
 0 0.634558
 0 0.634563
 0 0.634563
 0 0.634566
 0 0.634567
 0 0.634567
 0 0.634585
 0 0.634586
 0 0.634593
 0 0.634594
 0 0.634596
 0 0.634597
 0 0.634597
 0 0.634604
 0 0.634611
 0 0.634611
 0 0.634617
 0 0.634622
 0 0.634622
 0 0.634622
 0 0.634623
 0 0.634623
 0 0.634623
 0 0.634623
 0 0.634623
 0 0.634627
 0 0.634637
 0 0.634638
 0 0.634638
 0 0.63464
 0 0.634641
 0 0.634642
 0 0.634642
 0 0.634651
 0 0.634657
 0 0.634657
 0 0.63467
 0 0.634682
 0 0.634682
 0 0.634682
 0 0.634682
 0 0.634683
 0 0.634704
 0 0.634704
 0 0.634705
 0 0.634711
 0 0.634714
 0 0.634735
 0 0.634736
 0 0.634736
 0 0.634744
 0 0.634744
 0 0.634752
 0 0.63476
 0 0.634764
 0 0.634766
 0 0.63477
 0 0.634786
 0 0.634788
 0 0.634788
 0 0.634788
 0 0.634789
 0 0.634789
 0 0.634812
 0 0.634813
 0 0.634818
 0 0.634818
 0 0.63482
 0 0.63482
 0 0.634822
 0 0.634823
 0 0.634823
 0 0.634828
 0 0.634832
 0 0.634832
 0 0.634843
 0 0.634856
 0 0.634856
 0 0.634881
 0 0.634885
 0 0.634886
 0 0.634916
 0 0.634918
 0 0.634918
 0 0.63492
 0 0.634921
 0 0.634921
 0 0.634923
 0 0.634923
 0 0.634927
 0 0.634928
 0 0.634928
 0 0.634928
 0 0.634933
 0 0.634944
 0 0.634944
 0 0.634944
 0 0.634959
 0 0.634964
 0 0.634967
 0 0.634967
 0 0.634967
 0 0.634971
 0 0.634993
 0 0.634994
 0 0.634998
 0 0.635
 0 0.635
 0 0.635003
 0 0.63504
 0 0.635042
 0 0.635042
 0 0.635042
 0 0.635051
 0 0.635052
 0 0.635052
 0 0.635078
 0 0.635079
 0 0.63508
 0 0.635118
 0 0.635121
 0 0.635122
 0 0.635123
 0 0.635123
 0 0.635123
 0 0.63514
 0 0.635148
 0 0.635149
 0 0.635151
 0 0.63516
 0 0.635161
 0 0.635162
 0 0.635165
 0 0.635169
 0 0.635171
 0 0.635174
 0 0.635178
 0 0.635184
 0 0.63519
 0 0.635191
 0 0.635191
 0 0.635192
 0 0.635192
 0 0.635192
 0 0.635192
 0 0.635193
 0 0.635199
 0 0.635216
 0 0.635216
 0 0.635216
 0 0.635216
 0 0.635243
 0 0.635243
 0 0.635286
 0 0.635287
 0 0.635287
 0 0.635287
 0 0.635298
 0 0.63531
 0 0.635316
 0 0.635329
 0 0.635331
 0 0.63536
 0 0.635361
 0 0.635362
 0 0.635363
 0 0.635364
 0 0.635366
 0 0.635371
 0 0.635372
 0 0.635374
 0 0.635374
 0 0.635375
 0 0.635375
 0 0.635375
 0 0.635375
 0 0.635375
 0 0.635384
 0 0.635424
 0 0.635427
 0 0.635427
 0 0.635427
 0 0.635427
 0 0.635434
 0 0.635447
 0 0.635449
 0 0.635449
 0 0.635451
 0 0.635464
 0 0.635482
 0 0.635491
 0 0.635518
 0 0.635518
 0 0.63552
 0 0.635524
 0 0.635524
 0 0.635525
 0 0.635533
 0 0.635534
 0 0.635535
 0 0.635535
 0 0.635535
 0 0.635538
 0 0.635544
 0 0.635545
 0 0.635549
 0 0.635549
 0 0.635555
 0 0.635559
 0 0.635574
 0 0.635576
 0 0.635597
 0 0.635597
 0 0.635597
 0 0.635604
 0 0.635611
 0 0.635613
 0 0.635613
 0 0.635614
 0 0.635615
 0 0.635615
 0 0.635615
 0 0.635615
 0 0.635617
 0 0.635618
 0 0.635618
 0 0.635619
 0 0.635621
 0 0.635639
 0 0.63564
 0 0.635641
 0 0.635645
 0 0.635645
 0 0.635648
 0 0.635667
 0 0.635681
 0 0.635692
 0 0.635699
 0 0.635699
 0 0.6357
 0 0.635716
 0 0.635716
 0 0.635722
 0 0.635729
 0 0.635729
 0 0.635737
 0 0.635752
 0 0.635758
 0 0.63576
 0 0.63577
 0 0.635776
 0 0.635776
 0 0.635778
 0 0.635781
 0 0.635781
 0 0.635786
 0 0.635789
 0 0.635835
 0 0.635839
 0 0.635842
 0 0.635842
 0 0.635844
 0 0.635845
 0 0.635868
 0 0.635869
 0 0.63587
 0 0.635877
 0 0.635877
 0 0.635878
 0 0.635889
 0 0.635889
 0 0.635891
 0 0.635903
 0 0.635904
 0 0.635907
 0 0.63592
 0 0.635926
 0 0.635971
 0 0.635974
 0 0.635974
 0 0.635977
 0 0.635996
 0 0.635996
 0 0.636001
 0 0.636001
 0 0.636003
 0 0.636004
 0 0.636012
 0 0.636019
 0 0.636022
 0 0.636025
 0 0.636034
 0 0.636034
 0 0.636034
 0 0.636037
 0 0.636039
 0 0.636039
 0 0.636039
 0 0.63604
 0 0.636041
 0 0.636057
 0 0.636057
 0 0.636083
 0 0.636083
 0 0.636087
 0 0.636087
 0 0.63609
 0 0.63609
 0 0.636099
 0 0.636099
 0 0.636106
 0 0.636111
 0 0.636113
 0 0.636119
 0 0.636128
 0 0.636128
 0 0.636128
 0 0.636128
 0 0.636128
 0 0.636139
 0 0.636143
 0 0.636144
 0 0.636146
 0 0.636157
 0 0.636161
 0 0.636162
 0 0.636162
 0 0.636165
 0 0.636176
 0 0.636187
 0 0.636223
 0 0.636231
 0 0.636234
 0 0.636236
 0 0.636237
 0 0.636238
 0 0.636239
 0 0.636242
 0 0.636266
 0 0.636266
 0 0.636285
 0 0.636288
 0 0.636288
 0 0.636291
 0 0.636291
 0 0.636294
 0 0.636297
 0 0.636297
 0 0.636318
 0 0.636321
 0 0.636322
 0 0.636322
 0 0.636328
 0 0.636329
 0 0.636329
 0 0.63635
 0 0.636353
 0 0.636354
 0 0.636358
 0 0.636359
 0 0.63636
 0 0.63636
 0 0.63637
 0 0.63638
 0 0.636381
 0 0.636383
 0 0.636384
 0 0.63639
 0 0.63639
 0 0.636405
 0 0.636419
 0 0.636419
 0 0.636419
 0 0.636425
 0 0.636426
 0 0.636426
 0 0.636426
 0 0.636444
 0 0.636473
 0 0.636474
 0 0.636482
 0 0.636487
 0 0.636491
 0 0.636493
 0 0.636497
 0 0.636517
 0 0.636517
 0 0.636535
 0 0.636537
 0 0.636537
 0 0.636537
 0 0.636538
 0 0.636552
 0 0.636581
 0 0.636581
 0 0.636581
 0 0.636599
 0 0.636599
 0 0.6366
 0 0.6366
 0 0.636601
 0 0.636603
 0 0.636623
 0 0.63663
 0 0.636633
 0 0.636641
 0 0.636643
 0 0.636643
 0 0.636644
 0 0.63666
 0 0.63667
 0 0.63667
 0 0.63667
 0 0.63668
 0 0.63668
 0 0.636697
 0 0.636698
 0 0.636703
 0 0.636704
 0 0.63673
 0 0.636775
 0 0.636775
 0 0.636786
 0 0.636787
 0 0.636789
 0 0.636789
 0 0.636789
 0 0.63679
 0 0.636801
 0 0.636802
 0 0.636814
 0 0.636814
 0 0.636815
 0 0.636815
 0 0.636832
 0 0.636834
 0 0.636855
 0 0.636855
 0 0.636862
 0 0.636886
 0 0.636892
 0 0.636892
 0 0.636913
 0 0.636916
 0 0.636916
 0 0.636935
 0 0.63694
 0 0.636947
 0 0.636957
 0 0.63696
 0 0.63696
 0 0.63696
 0 0.636961
 0 0.636961
 0 0.636974
 0 0.636992
 0 0.637003
 0 0.637005
 0 0.637024
 0 0.637024
 0 0.637031
 0 0.637045
 0 0.63706
 0 0.63706
 0 0.637068
 0 0.63707
 0 0.637093
 0 0.637094
 0 0.637119
 0 0.637122
 0 0.637122
 0 0.637122
 0 0.637162
 0 0.637166
 0 0.637166
 0 0.637176
 0 0.637181
 0 0.637185
 0 0.637188
 0 0.637227
 0 0.637228
 0 0.637229
 0 0.637229
 0 0.637229
 0 0.637229
 0 0.63723
 0 0.63724
 0 0.637249
 0 0.637264
 0 0.637266
 0 0.637272
 0 0.637272
 0 0.637272
 0 0.637274
 0 0.637274
 0 0.637274
 0 0.637274
 0 0.637277
 0 0.637283
 0 0.637289
 0 0.63729
 0 0.63729
 0 0.63733
 0 0.63733
 0 0.63733
 0 0.637362
 0 0.637367
 0 0.637367
 0 0.637367
 0 0.637404
 0 0.637416
 0 0.637418
 0 0.63742
 0 0.637447
 0 0.637451
 0 0.637459
 0 0.637459
 0 0.637459
 0 0.637482
 0 0.637492
 0 0.637492
 0 0.637526
 0 0.637526
 0 0.637526
 0 0.637529
 0 0.63753
 0 0.637531
 0 0.637531
 0 0.637546
 0 0.637546
 0 0.63755
 0 0.637562
 0 0.637569
 0 0.637592
 0 0.637595
 0 0.63761
 0 0.63761
 0 0.637632
 0 0.637632
 0 0.637651
 0 0.637652
 0 0.637657
 0 0.637695
 0 0.637698
 0 0.637701
 0 0.637718
 0 0.637759
 0 0.637759
 0 0.637759
 0 0.637767
 0 0.637767
 0 0.637768
 0 0.637768
 0 0.637768
 0 0.637769
 0 0.63786
 0 0.637873
 0 0.637882
 0 0.637882
 0 0.637882
 0 0.637888
 0 0.63789
 0 0.637893
 0 0.637894
 0 0.637894
 0 0.637894
 0 0.637897
 0 0.637899
 0 0.637901
 0 0.637901
 0 0.637929
 0 0.637929
 0 0.637931
 0 0.637932
 0 0.637964
 0 0.637964
 0 0.637964
 0 0.637981
 0 0.637981
 0 0.638017
 0 0.638038
 0 0.638041
 0 0.638041
 0 0.638041
 0 0.638073
 0 0.638076
 0 0.638079
 0 0.638093
 0 0.6381
 0 0.638119
 0 0.638125
 0 0.638125
 0 0.63814
 0 0.638154
 0 0.638159
 0 0.638159
 0 0.638159
 0 0.638163
 0 0.638163
 0 0.638191
 0 0.638191
 0 0.638192
 0 0.638192
 0 0.638193
 0 0.638193
 0 0.638195
 0 0.638196
 0 0.638222
 0 0.638235
 0 0.638268
 0 0.638268
 0 0.638284
 0 0.638289
 0 0.638289
 0 0.638294
 0 0.638378
 0 0.638423
 0 0.638442
 0 0.638444
 0 0.638445
 0 0.638468
 0 0.638518
 0 0.638523
 0 0.638546
 0 0.638546
 0 0.638639
 0 0.638639
 0 0.63864
 0 0.638641
 0 0.638663
 0 0.638663
 0 0.638663
 0 0.638669
 0 0.638705
 0 0.638709
 0 0.63877
 0 0.638772
 0 0.638782
 0 0.638784
 0 0.638792
 0 0.638796
 0 0.638796
 0 0.638797
 0 0.638797
 0 0.638804
 0 0.638838
 0 0.638838
 0 0.638839
 0 0.638843
 0 0.638845
 0 0.638967
 0 0.638987
 0 0.639041
 0 0.639042
 0 0.639047
 0 0.639052
 0 0.639085
 0 0.639085
 0 0.639085
 0 0.639086
 0 0.639116
 0 0.639117
 0 0.639118
 0 0.639123
 0 0.639123
 0 0.639135
 0 0.639135
 0 0.639188
 0 0.639206
 0 0.639206
 0 0.639213
 0 0.639213
 0 0.639218
 0 0.639227
 0 0.639227
 0 0.639297
 0 0.639332
 0 0.639333
 0 0.639394
 0 0.639413
 0 0.639481
 0 0.639482
 0 0.639482
 0 0.639588
 0 0.6396
 0 0.639647
 0 0.639649
 0 0.639691
 0 0.639691
 0 0.639712
 0 0.639712
 0 0.639713
 0 0.639754
 0 0.639754
 0 0.639755
 0 0.639832
 0 0.639845
 0 0.639872
 0 0.639891
 0 0.639891
 0 0.639895
 0 0.639895
 0 0.639907
 0 0.639907
 0 0.639907
 0 0.639908
 0 0.63991
 0 0.639969
 0 0.63997
 0 0.6401
 0 0.640107
 0 0.640124
 0 0.640136
 0 0.640162
 0 0.64018
 0 0.640187
 0 0.64024
 0 0.640288
 0 0.64029
 0 0.64029
 0 0.64029
 0 0.640297
 0 0.640337
 0 0.640338
 0 0.640338
 0 0.640338
 0 0.640342
 0 0.640417
 0 0.640489
 0 0.640524
 0 0.640564
 0 0.640568
 0 0.64057
 0 0.640571
 0 0.640571
 0 0.640618
 0 0.640665
 0 0.640665
 0 0.640717
 0 0.640815
 0 0.640815
 0 0.640815
 0 0.640902
 0 0.640903
 0 0.64101
 0 0.641011
 0 0.641118
 0 0.641207
 0 0.641207
 0 0.64121
 0 0.641228
 0 0.641481
 0 0.641481
 0 0.641501
 0 0.641504
 0 0.641507
 0 0.641592
 0 0.641592
 0 0.641592
 0 0.641707
 0 0.641707
 0 0.6418
 0 0.6418
 0 0.6418
 0 0.641945
 0 0.64204
 0 0.642043
 0 0.642043
 0 0.642117
 0 0.642117
 0 0.642117
 0 0.642247
 0 0.642349
 0 0.644593
 0 0.644596
 0 0.645016
 0 0.645494
 0 0.645498
 0 0.645913
 0 inf
