 0 0.495754
 0 0.496477
 0 0.496722
 0 0.497126
 0 0.497126
 0 0.49737
 0 0.624302
 0 0.624643
 0 0.624643
 0 0.62502
 0 0.625022
 0 0.625022
 0 0.625284
 0 0.625286
 0 0.625287
 0 0.62544
 0 0.62544
 0 0.625473
 0 0.625476
 0 0.625514
 0 0.625538
 0 0.625746
 0 0.625918
 0 0.626024
 0 0.626251
 0 0.626251
 0 0.626441
 0 0.626445
 0 0.626701
 0 0.626706
 0 0.626706
 0 0.626762
 0 0.626768
 0 0.626771
 0 0.626986
 0 0.627002
 0 0.627056
 0 0.627065
 0 0.627164
 0 0.627302
 0 0.627302
 0 0.627303
 0 0.627304
 0 0.627445
 0 0.627445
 0 0.627481
 0 0.627482
 0 0.627687
 0 0.627687
 0 0.627757
 0 0.627897
 0 0.627899
 0 0.627901
 0 0.627902
 0 0.627908
 0 0.627908
 0 0.627908
 0 0.627966
 0 0.627967
 0 0.627967
 0 0.62797
 0 0.627993
 0 0.627993
 0 0.628075
 0 0.628113
 0 0.628263
 0 0.628368
 0 0.628371
 0 0.628374
 0 0.628375
 0 0.628565
 0 0.628643
 0 0.628645
 0 0.628717
 0 0.628787
 0 0.628906
 0 0.628906
 0 0.62897
 0 0.628972
 0 0.629094
 0 0.629097
 0 0.629097
 0 0.629097
 0 0.629113
 0 0.629113
 0 0.629129
 0 0.629328
 0 0.629328
 0 0.629338
 0 0.629344
 0 0.629403
 0 0.629447
 0 0.629484
 0 0.62949
 0 0.629563
 0 0.62958
 0 0.629635
 0 0.629636
 0 0.629638
 0 0.629656
 0 0.629671
 0 0.629671
 0 0.629677
 0 0.62968
 0 0.629863
 0 0.629863
 0 0.629863
 0 0.629863
 0 0.629867
 0 0.629867
 0 0.629869
 0 0.629873
 0 0.629873
 0 0.629895
 0 0.629897
 0 0.629942
 0 0.629953
 0 0.629988
 0 0.629996
 0 0.630019
 0 0.630089
 0 0.630093
 0 0.630093
 0 0.63013
 0 0.630147
 0 0.630189
 0 0.630189
 0 0.630192
 0 0.630226
 0 0.630227
 0 0.630232
 0 0.630232
 0 0.630306
 0 0.630309
 0 0.63031
 0 0.630313
 0 0.630313
 0 0.630352
 0 0.630353
 0 0.630359
 0 0.630363
 0 0.630367
 0 0.630369
 0 0.630474
 0 0.63049
 0 0.630506
 0 0.630507
 0 0.630509
 0 0.630552
 0 0.630552
 0 0.630598
 0 0.630616
 0 0.630616
 0 0.630618
 0 0.630622
 0 0.630702
 0 0.630703
 0 0.630708
 0 0.630726
 0 0.630726
 0 0.630728
 0 0.630729
 0 0.630729
 0 0.630797
 0 0.630803
 0 0.630807
 0 0.630829
 0 0.630829
 0 0.630832
 0 0.630833
 0 0.630894
 0 0.630911
 0 0.630915
 0 0.630915
 0 0.630925
 0 0.630932
 0 0.630938
 0 0.630938
 0 0.630938
 0 0.630953
 0 0.630954
 0 0.630965
 0 0.630969
 0 0.631018
 0 0.631058
 0 0.631059
 0 0.631189
 0 0.631191
 0 0.631249
 0 0.631251
 0 0.631253
 0 0.631292
 0 0.631294
 0 0.631313
 0 0.631315
 0 0.631319
 0 0.631326
 0 0.631326
 0 0.631326
 0 0.631338
 0 0.631338
 0 0.631356
 0 0.631356
 0 0.631383
 0 0.631477
 0 0.631495
 0 0.631543
 0 0.631543
 0 0.631586
 0 0.63159
 0 0.63159
 0 0.631601
 0 0.631603
 0 0.631606
 0 0.631623
 0 0.631667
 0 0.631725
 0 0.631726
 0 0.631783
 0 0.631785
 0 0.631789
 0 0.631861
 0 0.631861
 0 0.631862
 0 0.631862
 0 0.631906
 0 0.631909
 0 0.63191
 0 0.631912
 0 0.631912
 0 0.632038
 0 0.632103
 0 0.632106
 0 0.632128
 0 0.632161
 0 0.632161
 0 0.632173
 0 0.632173
 0 0.632235
 0 0.632235
 0 0.632236
 0 0.63224
 0 0.63224
 0 0.632244
 0 0.632244
 0 0.632244
 0 0.632267
 0 0.632288
 0 0.632291
 0 0.632315
 0 0.632328
 0 0.632328
 0 0.63233
 0 0.632336
 0 0.632336
 0 0.632336
 0 0.632376
 0 0.632381
 0 0.632383
 0 0.632396
 0 0.632441
 0 0.632441
 0 0.632441
 0 0.632563
 0 0.632563
 0 0.632583
 0 0.632621
 0 0.63263
 0 0.632661
 0 0.632662
 0 0.632666
 0 0.632666
 0 0.632666
 0 0.632666
 0 0.632672
 0 0.632673
 0 0.632674
 0 0.632676
 0 0.632676
 0 0.632676
 0 0.632702
 0 0.632702
 0 0.632702
 0 0.632723
 0 0.632786
 0 0.632806
 0 0.632808
 0 0.632808
 0 0.632858
 0 0.632862
 0 0.632864
 0 0.632865
 0 0.632866
 0 0.632872
 0 0.632876
 0 0.632892
 0 0.632892
 0 0.6329
 0 0.632901
 0 0.63293
 0 0.63293
 0 0.632973
 0 0.632975
 0 0.632979
 0 0.632983
 0 0.633
 0 0.633003
 0 0.633044
 0 0.633045
 0 0.633049
 0 0.633056
 0 0.633057
 0 0.633062
 0 0.633063
 0 0.633064
 0 0.633101
 0 0.633102
 0 0.633102
 0 0.633103
 0 0.633103
 0 0.633123
 0 0.633125
 0 0.633125
 0 0.633128
 0 0.633136
 0 0.633157
 0 0.633181
 0 0.633181
 0 0.633184
 0 0.63319
 0 0.633191
 0 0.633199
 0 0.6332
 0 0.633222
 0 0.633222
 0 0.633222
 0 0.633249
 0 0.633249
 0 0.633251
 0 0.633253
 0 0.633253
 0 0.633268
 0 0.633269
 0 0.63327
 0 0.633271
 0 0.633274
 0 0.633276
 0 0.633289
 0 0.633289
 0 0.633291
 0 0.633293
 0 0.633293
 0 0.633323
 0 0.633326
 0 0.633326
 0 0.633331
 0 0.633339
 0 0.633341
 0 0.633342
 0 0.633343
 0 0.633345
 0 0.633382
 0 0.633382
 0 0.633387
 0 0.633388
 0 0.633409
 0 0.633435
 0 0.633442
 0 0.633458
 0 0.633463
 0 0.633479
 0 0.633483
 0 0.633525
 0 0.633546
 0 0.63355
 0 0.63355
 0 0.633561
 0 0.633561
 0 0.633561
 0 0.633583
 0 0.633617
 0 0.633621
 0 0.633644
 0 0.633644
 0 0.633674
 0 0.63371
 0 0.633717
 0 0.633732
 0 0.633733
 0 0.633733
 0 0.633738
 0 0.633759
 0 0.63376
 0 0.633763
 0 0.633763
 0 0.63377
 0 0.633771
 0 0.633771
 0 0.633789
 0 0.63379
 0 0.633811
 0 0.633811
 0 0.633811
 0 0.633813
 0 0.633814
 0 0.633818
 0 0.633821
 0 0.633822
 0 0.633842
 0 0.633849
 0 0.63385
 0 0.633868
 0 0.633881
 0 0.633891
 0 0.633891
 0 0.633893
 0 0.633893
 0 0.633893
 0 0.633894
 0 0.633894
 0 0.633932
 0 0.633937
 0 0.633937
 0 0.633943
 0 0.633943
 0 0.633953
 0 0.633953
 0 0.633953
 0 0.633956
 0 0.633972
 0 0.633987
 0 0.633987
 0 0.633988
 0 0.633993
 0 0.633997
 0 0.633997
 0 0.633998
 0 0.633999
 0 0.634
 0 0.634002
 0 0.634006
 0 0.634006
 0 0.634008
 0 0.634009
 0 0.634038
 0 0.634039
 0 0.634043
 0 0.634043
 0 0.634046
 0 0.634056
 0 0.634062
 0 0.634075
 0 0.634077
 0 0.634077
 0 0.634079
 0 0.63408
 0 0.634081
 0 0.634105
 0 0.634105
 0 0.634148
 0 0.634152
 0 0.634156
 0 0.63417
 0 0.63417
 0 0.634222
 0 0.634238
 0 0.634241
 0 0.634241
 0 0.634241
 0 0.634266
 0 0.634269
 0 0.634272
 0 0.634272
 0 0.634275
 0 0.634275
 0 0.634296
 0 0.634304
 0 0.634306
 0 0.634309
 0 0.634331
 0 0.634332
 0 0.634332
 0 0.634337
 0 0.63435
 0 0.634352
 0 0.634373
 0 0.634373
 0 0.634373
 0 0.634375
 0 0.634376
 0 0.634376
 0 0.634376
 0 0.634388
 0 0.634388
 0 0.634397
 0 0.634401
 0 0.634401
 0 0.63441
 0 0.634414
 0 0.634423
 0 0.634426
 0 0.634428
 0 0.634439
 0 0.634439
 0 0.634453
 0 0.634454
 0 0.634473
 0 0.634475
 0 0.634475
 0 0.634475
 0 0.634475
 0 0.6345
 0 0.634505
 0 0.634506
 0 0.634507
 0 0.634512
 0 0.634513
 0 0.634518
 0 0.63452
 0 0.63452
 0 0.634522
 0 0.634525
 0 0.634526
 0 0.634526
 0 0.634527
 0 0.63453
 0 0.63453
 0 0.634532
 0 0.634533
 0 0.634533
 0 0.634534
 0 0.634534
 0 0.63454
 0 0.634582
 0 0.634582
 0 0.634604
 0 0.634604
 0 0.634604
 0 0.634604
 0 0.634614
 0 0.634614
 0 0.634615
 0 0.634615
 0 0.634615
 0 0.634618
 0 0.634618
 0 0.634619
 0 0.634619
 0 0.63462
 0 0.634632
 0 0.634636
 0 0.634653
 0 0.634655
 0 0.63468
 0 0.634683
 0 0.634684
 0 0.634684
 0 0.634686
 0 0.634704
 0 0.634714
 0 0.634714
 0 0.634747
 0 0.634749
 0 0.634749
 0 0.634749
 0 0.634751
 0 0.634757
 0 0.634758
 0 0.634759
 0 0.634766
 0 0.634767
 0 0.634773
 0 0.634773
 0 0.634773
 0 0.634779
 0 0.634779
 0 0.63478
 0 0.634782
 0 0.634785
 0 0.634794
 0 0.634794
 0 0.634845
 0 0.634845
 0 0.634876
 0 0.634884
 0 0.634884
 0 0.634897
 0 0.634898
 0 0.634908
 0 0.634942
 0 0.634942
 0 0.634947
 0 0.634947
 0 0.634948
 0 0.634956
 0 0.634956
 0 0.63497
 0 0.63497
 0 0.634975
 0 0.634982
 0 0.635
 0 0.635002
 0 0.635005
 0 0.635019
 0 0.635019
 0 0.635021
 0 0.635023
 0 0.635025
 0 0.635025
 0 0.635051
 0 0.635068
 0 0.635069
 0 0.635069
 0 0.635078
 0 0.63508
 0 0.6351
 0 0.635114
 0 0.635121
 0 0.635149
 0 0.635183
 0 0.635187
 0 0.635189
 0 0.635189
 0 0.635189
 0 0.635189
 0 0.63519
 0 0.63519
 0 0.635193
 0 0.63522
 0 0.635224
 0 0.635249
 0 0.635265
 0 0.635273
 0 0.63528
 0 0.635281
 0 0.635281
 0 0.63529
 0 0.63529
 0 0.63529
 0 0.635297
 0 0.635297
 0 0.635297
 0 0.635299
 0 0.635318
 0 0.635319
 0 0.635336
 0 0.635339
 0 0.635339
 0 0.63534
 0 0.63534
 0 0.635344
 0 0.635344
 0 0.635347
 0 0.635365
 0 0.635407
 0 0.635407
 0 0.635408
 0 0.635408
 0 0.635408
 0 0.635411
 0 0.635436
 0 0.635438
 0 0.635439
 0 0.635439
 0 0.635478
 0 0.635479
 0 0.635519
 0 0.635521
 0 0.635521
 0 0.635521
 0 0.635533
 0 0.635538
 0 0.635559
 0 0.635559
 0 0.635562
 0 0.635562
 0 0.635574
 0 0.635588
 0 0.635595
 0 0.635598
 0 0.635603
 0 0.635603
 0 0.635614
 0 0.635615
 0 0.635629
 0 0.635642
 0 0.635644
 0 0.635646
 0 0.635646
 0 0.63566
 0 0.63566
 0 0.635662
 0 0.635662
 0 0.635662
 0 0.635667
 0 0.635672
 0 0.635673
 0 0.635678
 0 0.635695
 0 0.635696
 0 0.635712
 0 0.635738
 0 0.635739
 0 0.63574
 0 0.635749
 0 0.635754
 0 0.635759
 0 0.635759
 0 0.63576
 0 0.635766
 0 0.635768
 0 0.635768
 0 0.635769
 0 0.635775
 0 0.63578
 0 0.635794
 0 0.635802
 0 0.635813
 0 0.635814
 0 0.635822
 0 0.635829
 0 0.635836
 0 0.635836
 0 0.63584
 0 0.635868
 0 0.635871
 0 0.635876
 0 0.635878
 0 0.635878
 0 0.635879
 0 0.635879
 0 0.635879
 0 0.635881
 0 0.635887
 0 0.635888
 0 0.635888
 0 0.635888
 0 0.63589
 0 0.635891
 0 0.635891
 0 0.635893
 0 0.635893
 0 0.635894
 0 0.635895
 0 0.635896
 0 0.635897
 0 0.635897
 0 0.635918
 0 0.63592
 0 0.635942
 0 0.635948
 0 0.635958
 0 0.635958
 0 0.63596
 0 0.635993
 0 0.635995
 0 0.636008
 0 0.636008
 0 0.636009
 0 0.636012
 0 0.636026
 0 0.636027
 0 0.636029
 0 0.636029
 0 0.636031
 0 0.636031
 0 0.636031
 0 0.636044
 0 0.636047
 0 0.636048
 0 0.636049
 0 0.636051
 0 0.636057
 0 0.636059
 0 0.636074
 0 0.63608
 0 0.63608
 0 0.636091
 0 0.636091
 0 0.636091
 0 0.636091
 0 0.636092
 0 0.636099
 0 0.636157
 0 0.636163
 0 0.636177
 0 0.636177
 0 0.63618
 0 0.636181
 0 0.636184
 0 0.636184
 0 0.636185
 0 0.636194
 0 0.636217
 0 0.636217
 0 0.63622
 0 0.63622
 0 0.636225
 0 0.636243
 0 0.636244
 0 0.636244
 0 0.636247
 0 0.63625
 0 0.636254
 0 0.636292
 0 0.636299
 0 0.636317
 0 0.636319
 0 0.636324
 0 0.636324
 0 0.636329
 0 0.636329
 0 0.636353
 0 0.636355
 0 0.636355
 0 0.636355
 0 0.636355
 0 0.636361
 0 0.636363
 0 0.636364
 0 0.636364
 0 0.63638
 0 0.63638
 0 0.636384
 0 0.636388
 0 0.6364
 0 0.636411
 0 0.636411
 0 0.636422
 0 0.636422
 0 0.636422
 0 0.636424
 0 0.636428
 0 0.636428
 0 0.636428
 0 0.636431
 0 0.636444
 0 0.636446
 0 0.636449
 0 0.636467
 0 0.636467
 0 0.636471
 0 0.636473
 0 0.636477
 0 0.636477
 0 0.636485
 0 0.63649
 0 0.636491
 0 0.636492
 0 0.636494
 0 0.636499
 0 0.6365
 0 0.636506
 0 0.636508
 0 0.63651
 0 0.636512
 0 0.636512
 0 0.636542
 0 0.636569
 0 0.636571
 0 0.636572
 0 0.636576
 0 0.636577
 0 0.63659
 0 0.636604
 0 0.636605
 0 0.636606
 0 0.636606
 0 0.636607
 0 0.636607
 0 0.636611
 0 0.636618
 0 0.636618
 0 0.636646
 0 0.636659
 0 0.636659
 0 0.636659
 0 0.636662
 0 0.636664
 0 0.636667
 0 0.636675
 0 0.636675
 0 0.636675
 0 0.636675
 0 0.636675
 0 0.636678
 0 0.636678
 0 0.636679
 0 0.636679
 0 0.63668
 0 0.636684
 0 0.636687
 0 0.636688
 0 0.636688
 0 0.636689
 0 0.636689
 0 0.63669
 0 0.63669
 0 0.636696
 0 0.636696
 0 0.636756
 0 0.636762
 0 0.636762
 0 0.636765
 0 0.63677
 0 0.636776
 0 0.636776
 0 0.636777
 0 0.636777
 0 0.63678
 0 0.63678
 0 0.63678
 0 0.63678
 0 0.636783
 0 0.636793
 0 0.636794
 0 0.636795
 0 0.636796
 0 0.636817
 0 0.636829
 0 0.636829
 0 0.636834
 0 0.636836
 0 0.636843
 0 0.636843
 0 0.636845
 0 0.636854
 0 0.636856
 0 0.63686
 0 0.636867
 0 0.63687
 0 0.636872
 0 0.636872
 0 0.636872
 0 0.636902
 0 0.636906
 0 0.636931
 0 0.636932
 0 0.636947
 0 0.636951
 0 0.636967
 0 0.636976
 0 0.636996
 0 0.636996
 0 0.636996
 0 0.636996
 0 0.637029
 0 0.637036
 0 0.637046
 0 0.637059
 0 0.637078
 0 0.637088
 0 0.637102
 0 0.637155
 0 0.637162
 0 0.637162
 0 0.637165
 0 0.637168
 0 0.637188
 0 0.63719
 0 0.63719
 0 0.637214
 0 0.637248
 0 0.637249
 0 0.637253
 0 0.637253
 0 0.637254
 0 0.637266
 0 0.637297
 0 0.637297
 0 0.637299
 0 0.6373
 0 0.637311
 0 0.637313
 0 0.637314
 0 0.637315
 0 0.637315
 0 0.637336
 0 0.637349
 0 0.637349
 0 0.637349
 0 0.637357
 0 0.637363
 0 0.637367
 0 0.637375
 0 0.637379
 0 0.637379
 0 0.637382
 0 0.637384
 0 0.637385
 0 0.637387
 0 0.637387
 0 0.637389
 0 0.637396
 0 0.637409
 0 0.637413
 0 0.637413
 0 0.637418
 0 0.637422
 0 0.637424
 0 0.637424
 0 0.637431
 0 0.637431
 0 0.637445
 0 0.637445
 0 0.63745
 0 0.637452
 0 0.637454
 0 0.63747
 0 0.63748
 0 0.63748
 0 0.637483
 0 0.637484
 0 0.637496
 0 0.637498
 0 0.637498
 0 0.6375
 0 0.6375
 0 0.637502
 0 0.637503
 0 0.637503
 0 0.637508
 0 0.637508
 0 0.637509
 0 0.63751
 0 0.637512
 0 0.637518
 0 0.637518
 0 0.637524
 0 0.63753
 0 0.637558
 0 0.63756
 0 0.637595
 0 0.637606
 0 0.637623
 0 0.637627
 0 0.63763
 0 0.63763
 0 0.63763
 0 0.637662
 0 0.637662
 0 0.637664
 0 0.637664
 0 0.637669
 0 0.637746
 0 0.637756
 0 0.637781
 0 0.637796
 0 0.637802
 0 0.637815
 0 0.637815
 0 0.637816
 0 0.637819
 0 0.63782
 0 0.637823
 0 0.637824
 0 0.637825
 0 0.637834
 0 0.637858
 0 0.637866
 0 0.637869
 0 0.637869
 0 0.637871
 0 0.637871
 0 0.637887
 0 0.637895
 0 0.637897
 0 0.637899
 0 0.637899
 0 0.6379
 0 0.637901
 0 0.637902
 0 0.637929
 0 0.637934
 0 0.637937
 0 0.637937
 0 0.637937
 0 0.637937
 0 0.637938
 0 0.637958
 0 0.637961
 0 0.637984
 0 0.637989
 0 0.637992
 0 0.638009
 0 0.638018
 0 0.638021
 0 0.638025
 0 0.638058
 0 0.638059
 0 0.638062
 0 0.638062
 0 0.638062
 0 0.638066
 0 0.638066
 0 0.638068
 0 0.638068
 0 0.638096
 0 0.638099
 0 0.638129
 0 0.638131
 0 0.638131
 0 0.638131
 0 0.638133
 0 0.638147
 0 0.638147
 0 0.638161
 0 0.638164
 0 0.638164
 0 0.638167
 0 0.638168
 0 0.638168
 0 0.63817
 0 0.638199
 0 0.638228
 0 0.638249
 0 0.638249
 0 0.638249
 0 0.638268
 0 0.638268
 0 0.638271
 0 0.638274
 0 0.638274
 0 0.638278
 0 0.638282
 0 0.638291
 0 0.638291
 0 0.638291
 0 0.638291
 0 0.638302
 0 0.63831
 0 0.638333
 0 0.638334
 0 0.638334
 0 0.638343
 0 0.638357
 0 0.63836
 0 0.63836
 0 0.638369
 0 0.638379
 0 0.638383
 0 0.638383
 0 0.638388
 0 0.638389
 0 0.63839
 0 0.63839
 0 0.638391
 0 0.638395
 0 0.638396
 0 0.638419
 0 0.638421
 0 0.638425
 0 0.638425
 0 0.638437
 0 0.638441
 0 0.638443
 0 0.638445
 0 0.638466
 0 0.638466
 0 0.638483
 0 0.638483
 0 0.638519
 0 0.638522
 0 0.638522
 0 0.638522
 0 0.638541
 0 0.638542
 0 0.638557
 0 0.638575
 0 0.63858
 0 0.638597
 0 0.638611
 0 0.638624
 0 0.638626
 0 0.638629
 0 0.638651
 0 0.638655
 0 0.638658
 0 0.638677
 0 0.638677
 0 0.638689
 0 0.638689
 0 0.638696
 0 0.638696
 0 0.6387
 0 0.638727
 0 0.638728
 0 0.638732
 0 0.638739
 0 0.638782
 0 0.638808
 0 0.638844
 0 0.638884
 0 0.638886
 0 0.638891
 0 0.638891
 0 0.638945
 0 0.638946
 0 0.638946
 0 0.638973
 0 0.639014
 0 0.639025
 0 0.639028
 0 0.639029
 0 0.639034
 0 0.639034
 0 0.639096
 0 0.639105
 0 0.639105
 0 0.639136
 0 0.639145
 0 0.63915
 0 0.639152
 0 0.639159
 0 0.639159
 0 0.639166
 0 0.639198
 0 0.639201
 0 0.639205
 0 0.639224
 0 0.639225
 0 0.639227
 0 0.639227
 0 0.63923
 0 0.639232
 0 0.639233
 0 0.639237
 0 0.639242
 0 0.639244
 0 0.639259
 0 0.639259
 0 0.63927
 0 0.639285
 0 0.639288
 0 0.639288
 0 0.639304
 0 0.639308
 0 0.639309
 0 0.639309
 0 0.63937
 0 0.639373
 0 0.639391
 0 0.6394
 0 0.63946
 0 0.639462
 0 0.639475
 0 0.639475
 0 0.639481
 0 0.639481
 0 0.639481
 0 0.639483
 0 0.639487
 0 0.639512
 0 0.639516
 0 0.639557
 0 0.639561
 0 0.639563
 0 0.639563
 0 0.639564
 0 0.639565
 0 0.639566
 0 0.639584
 0 0.639588
 0 0.63963
 0 0.639641
 0 0.639642
 0 0.639643
 0 0.639661
 0 0.639715
 0 0.639741
 0 0.639749
 0 0.63975
 0 0.639763
 0 0.639772
 0 0.6398
 0 0.639804
 0 0.639812
 0 0.639814
 0 0.639818
 0 0.639818
 0 0.639856
 0 0.639856
 0 0.639856
 0 0.639856
 0 0.639857
 0 0.639861
 0 0.639866
 0 0.639871
 0 0.639896
 0 0.639896
 0 0.639899
 0 0.639905
 0 0.639923
 0 0.639954
 0 0.639954
 0 0.639954
 0 0.639954
 0 0.63997
 0 0.639976
 0 0.639977
 0 0.64
 0 0.640051
 0 0.640055
 0 0.640124
 0 0.640135
 0 0.640135
 0 0.640149
 0 0.640149
 0 0.640149
 0 0.640159
 0 0.640161
 0 0.640161
 0 0.640195
 0 0.640198
 0 0.640198
 0 0.6402
 0 0.6402
 0 0.640226
 0 0.64024
 0 0.640241
 0 0.640244
 0 0.640248
 0 0.640283
 0 0.640283
 0 0.640361
 0 0.640363
 0 0.640378
 0 0.640427
 0 0.640428
 0 0.640429
 0 0.640431
 0 0.640432
 0 0.640449
 0 0.64045
 0 0.640477
 0 0.640479
 0 0.640695
 0 0.640697
 0 0.64075
 0 0.640755
 0 0.640791
 0 0.640795
 0 0.640808
 0 0.640811
 0 0.640819
 0 0.640825
 0 0.640825
 0 0.640965
 0 0.640965
 0 0.640965
 0 0.640965
 0 0.640989
 0 0.641094
 0 0.641094
 0 0.641106
 0 0.641109
 0 0.641109
 0 0.641222
 0 0.641222
 0 0.641222
 0 0.641238
 0 0.641238
 0 0.641248
 0 0.641272
 0 0.641275
 0 0.641294
 0 0.641294
 0 0.641306
 0 0.641306
 0 0.641314
 0 0.641332
 0 0.641334
 0 0.641334
 0 0.641334
 0 0.641353
 0 0.641469
 0 0.641469
 0 0.641475
 0 0.641505
 0 0.641506
 0 0.641581
 0 0.641581
 0 0.641582
 0 0.641629
 0 0.641755
 0 0.641841
 0 0.641855
 0 0.641856
 0 0.641917
 0 0.642054
 0 0.642059
 0 0.642059
 0 0.642251
 0 0.642253
 0 0.642399
 0 0.642399
 0 0.642462
 0 0.642466
 0 0.642843
 0 0.642854
 0 0.642908
 0 0.642908
 0 0.642942
 0 0.642944
 0 0.642944
 0 0.642946
 0 0.642948
 0 0.643222
 0 0.643223
 0 0.643663
 0 2.54019
 0 2.54042
 0 2.54094
 0 2.54095
 0 2.54103
 0 2.54118
 0 inf
