 0 0.486647
 0 0.486647
 0 0.486647
 0 0.486647
 0 0.487516
 0 0.487516
 0 0.494896
 0 0.494896
 0 0.494896
 0 0.495263
 0 0.495264
 0 0.495264
 0 0.622558
 0 0.623169
 0 0.623207
 0 0.623207
 0 0.623209
 0 0.623209
 0 0.623305
 0 0.623305
 0 0.623305
 0 0.623828
 0 0.623968
 0 0.623968
 0 0.623982
 0 0.624026
 0 0.624027
 0 0.624028
 0 0.624285
 0 0.624285
 0 0.624299
 0 0.624403
 0 0.624403
 0 0.624404
 0 0.624404
 0 0.624405
 0 0.624519
 0 0.624519
 0 0.624539
 0 0.62454
 0 0.624694
 0 0.624695
 0 0.624835
 0 0.625206
 0 0.625207
 0 0.62524
 0 0.62524
 0 0.62524
 0 0.625317
 0 0.625317
 0 0.625317
 0 0.625317
 0 0.625656
 0 0.625657
 0 0.625674
 0 0.625674
 0 0.625684
 0 0.625684
 0 0.625684
 0 0.625685
 0 0.62603
 0 0.62603
 0 0.626289
 0 0.626542
 0 0.626689
 0 0.62669
 0 0.626767
 0 0.626768
 0 0.626841
 0 0.626841
 0 0.62709
 0 0.627123
 0 0.627316
 0 0.627396
 0 0.627431
 0 0.62744
 0 0.627594
 0 0.62762
 0 0.627716
 0 0.627718
 0 0.627753
 0 0.627753
 0 0.627754
 0 0.627754
 0 0.627792
 0 0.627792
 0 0.627792
 0 0.62783
 0 0.627845
 0 0.627846
 0 0.627868
 0 0.627876
 0 0.627894
 0 0.627945
 0 0.627945
 0 0.627945
 0 0.62797
 0 0.62797
 0 0.62797
 0 0.628009
 0 0.628009
 0 0.628084
 0 0.628113
 0 0.628121
 0 0.628175
 0 0.628218
 0 0.628398
 0 0.628399
 0 0.628409
 0 0.628409
 0 0.62841
 0 0.628486
 0 0.628486
 0 0.628498
 0 0.628498
 0 0.628604
 0 0.628606
 0 0.628617
 0 0.628618
 0 0.628626
 0 0.628633
 0 0.628653
 0 0.628669
 0 0.628669
 0 0.628669
 0 0.628675
 0 0.628677
 0 0.628694
 0 0.628767
 0 0.628804
 0 0.628805
 0 0.628815
 0 0.628815
 0 0.628816
 0 0.628816
 0 0.628846
 0 0.628856
 0 0.628857
 0 0.628909
 0 0.628916
 0 0.628954
 0 0.628956
 0 0.628997
 0 0.629039
 0 0.629079
 0 0.629081
 0 0.629081
 0 0.629083
 0 0.62911
 0 0.629116
 0 0.629157
 0 0.62917
 0 0.62917
 0 0.62918
 0 0.629292
 0 0.629312
 0 0.629326
 0 0.629369
 0 0.62937
 0 0.629421
 0 0.629422
 0 0.629459
 0 0.629464
 0 0.629464
 0 0.629512
 0 0.629524
 0 0.629524
 0 0.62956
 0 0.629581
 0 0.629581
 0 0.629583
 0 0.629583
 0 0.629651
 0 0.629651
 0 0.629652
 0 0.629655
 0 0.629656
 0 0.629666
 0 0.629694
 0 0.629694
 0 0.629695
 0 0.629695
 0 0.629709
 0 0.62971
 0 0.62971
 0 0.629718
 0 0.629719
 0 0.629723
 0 0.629736
 0 0.629737
 0 0.62975
 0 0.62975
 0 0.629776
 0 0.629776
 0 0.629776
 0 0.629776
 0 0.629805
 0 0.629825
 0 0.629825
 0 0.629825
 0 0.629826
 0 0.629828
 0 0.629828
 0 0.629828
 0 0.629828
 0 0.629835
 0 0.629835
 0 0.629838
 0 0.629838
 0 0.629839
 0 0.629853
 0 0.629854
 0 0.629856
 0 0.62989
 0 0.629964
 0 0.629969
 0 0.62997
 0 0.630022
 0 0.630023
 0 0.630023
 0 0.630023
 0 0.630023
 0 0.630024
 0 0.630069
 0 0.630079
 0 0.630079
 0 0.630079
 0 0.630081
 0 0.630081
 0 0.630094
 0 0.630094
 0 0.630095
 0 0.630115
 0 0.630116
 0 0.630144
 0 0.630237
 0 0.630266
 0 0.630267
 0 0.630267
 0 0.63028
 0 0.630293
 0 0.630293
 0 0.630302
 0 0.630368
 0 0.630368
 0 0.630368
 0 0.630368
 0 0.630368
 0 0.630406
 0 0.630419
 0 0.63042
 0 0.63042
 0 0.63042
 0 0.630421
 0 0.630421
 0 0.630444
 0 0.630486
 0 0.630488
 0 0.630488
 0 0.630514
 0 0.630515
 0 0.630515
 0 0.630539
 0 0.630558
 0 0.630565
 0 0.630587
 0 0.630588
 0 0.630588
 0 0.630609
 0 0.63062
 0 0.630626
 0 0.630654
 0 0.630674
 0 0.630674
 0 0.630679
 0 0.630706
 0 0.63073
 0 0.630732
 0 0.630734
 0 0.630735
 0 0.630773
 0 0.630801
 0 0.630804
 0 0.630804
 0 0.630804
 0 0.630804
 0 0.630804
 0 0.630815
 0 0.630815
 0 0.630843
 0 0.630843
 0 0.630846
 0 0.630863
 0 0.630863
 0 0.630864
 0 0.630865
 0 0.630895
 0 0.630895
 0 0.630895
 0 0.630908
 0 0.630908
 0 0.630908
 0 0.630924
 0 0.630926
 0 0.630927
 0 0.630928
 0 0.630944
 0 0.630944
 0 0.630964
 0 0.630972
 0 0.630972
 0 0.630996
 0 0.63101
 0 0.631113
 0 0.631117
 0 0.631124
 0 0.631129
 0 0.63113
 0 0.631137
 0 0.631186
 0 0.631187
 0 0.631188
 0 0.631197
 0 0.631197
 0 0.631197
 0 0.631197
 0 0.631198
 0 0.631198
 0 0.631199
 0 0.631229
 0 0.631233
 0 0.631233
 0 0.631234
 0 0.631234
 0 0.631234
 0 0.631237
 0 0.631244
 0 0.631276
 0 0.631281
 0 0.631281
 0 0.631282
 0 0.631297
 0 0.631297
 0 0.631297
 0 0.631344
 0 0.631347
 0 0.631347
 0 0.631348
 0 0.631353
 0 0.631353
 0 0.63137
 0 0.631374
 0 0.631398
 0 0.631399
 0 0.631416
 0 0.63142
 0 0.631428
 0 0.631447
 0 0.631447
 0 0.631447
 0 0.63146
 0 0.63146
 0 0.63146
 0 0.63146
 0 0.631507
 0 0.631508
 0 0.631525
 0 0.631533
 0 0.631533
 0 0.631533
 0 0.631544
 0 0.631546
 0 0.631546
 0 0.631608
 0 0.631609
 0 0.631659
 0 0.631659
 0 0.631659
 0 0.631659
 0 0.63166
 0 0.63166
 0 0.63166
 0 0.631662
 0 0.631667
 0 0.631667
 0 0.631674
 0 0.631674
 0 0.631675
 0 0.631676
 0 0.631697
 0 0.631697
 0 0.631697
 0 0.631697
 0 0.631711
 0 0.631711
 0 0.631736
 0 0.631757
 0 0.631757
 0 0.631757
 0 0.631785
 0 0.631786
 0 0.631811
 0 0.631812
 0 0.631812
 0 0.631814
 0 0.631826
 0 0.631826
 0 0.631834
 0 0.631836
 0 0.631836
 0 0.631836
 0 0.631847
 0 0.631847
 0 0.631861
 0 0.631862
 0 0.631862
 0 0.631862
 0 0.631862
 0 0.631862
 0 0.631866
 0 0.631878
 0 0.631918
 0 0.631928
 0 0.631929
 0 0.631934
 0 0.631935
 0 0.631945
 0 0.631945
 0 0.631945
 0 0.632023
 0 0.632023
 0 0.632024
 0 0.632039
 0 0.63204
 0 0.632057
 0 0.632058
 0 0.632064
 0 0.632066
 0 0.632066
 0 0.63209
 0 0.632091
 0 0.632091
 0 0.632091
 0 0.632091
 0 0.632111
 0 0.632113
 0 0.632143
 0 0.632159
 0 0.632171
 0 0.632171
 0 0.632193
 0 0.632194
 0 0.632203
 0 0.632203
 0 0.632215
 0 0.632215
 0 0.632291
 0 0.632292
 0 0.632292
 0 0.632292
 0 0.632292
 0 0.632292
 0 0.632319
 0 0.632338
 0 0.632339
 0 0.632339
 0 0.63234
 0 0.632348
 0 0.632348
 0 0.632349
 0 0.632365
 0 0.632375
 0 0.632387
 0 0.632387
 0 0.632431
 0 0.632433
 0 0.632459
 0 0.632502
 0 0.632503
 0 0.632516
 0 0.632524
 0 0.632527
 0 0.632528
 0 0.632536
 0 0.632548
 0 0.632548
 0 0.632592
 0 0.632592
 0 0.632609
 0 0.63261
 0 0.632617
 0 0.632617
 0 0.632681
 0 0.632681
 0 0.632682
 0 0.632712
 0 0.632712
 0 0.632713
 0 0.632713
 0 0.632713
 0 0.632713
 0 0.632773
 0 0.632779
 0 0.632779
 0 0.63278
 0 0.632788
 0 0.632804
 0 0.632807
 0 0.632813
 0 0.632826
 0 0.632827
 0 0.632836
 0 0.632836
 0 0.632837
 0 0.632837
 0 0.632838
 0 0.63284
 0 0.632846
 0 0.632852
 0 0.632881
 0 0.632882
 0 0.632882
 0 0.632886
 0 0.632886
 0 0.632889
 0 0.632889
 0 0.632889
 0 0.632889
 0 0.63289
 0 0.632913
 0 0.632928
 0 0.632928
 0 0.632928
 0 0.632928
 0 0.632956
 0 0.632988
 0 0.633035
 0 0.633038
 0 0.633038
 0 0.633038
 0 0.633067
 0 0.633067
 0 0.633089
 0 0.633089
 0 0.633132
 0 0.633141
 0 0.633141
 0 0.633155
 0 0.633156
 0 0.633199
 0 0.633202
 0 0.633206
 0 0.633206
 0 0.633211
 0 0.633232
 0 0.633232
 0 0.633233
 0 0.633241
 0 0.633241
 0 0.633249
 0 0.633257
 0 0.633286
 0 0.633297
 0 0.633297
 0 0.633298
 0 0.633299
 0 0.633328
 0 0.633329
 0 0.633329
 0 0.633335
 0 0.633335
 0 0.633335
 0 0.633344
 0 0.633344
 0 0.633344
 0 0.633344
 0 0.633344
 0 0.633359
 0 0.63336
 0 0.633366
 0 0.6334
 0 0.633435
 0 0.633435
 0 0.633436
 0 0.633436
 0 0.633437
 0 0.633449
 0 0.633449
 0 0.63345
 0 0.633464
 0 0.633464
 0 0.633465
 0 0.633465
 0 0.63349
 0 0.633502
 0 0.633502
 0 0.633503
 0 0.633523
 0 0.633523
 0 0.633525
 0 0.633558
 0 0.633603
 0 0.633608
 0 0.633608
 0 0.633609
 0 0.633609
 0 0.633632
 0 0.633632
 0 0.633633
 0 0.633644
 0 0.633683
 0 0.633683
 0 0.633694
 0 0.633711
 0 0.633711
 0 0.633711
 0 0.633721
 0 0.633726
 0 0.633727
 0 0.633736
 0 0.633752
 0 0.633752
 0 0.633777
 0 0.633777
 0 0.633777
 0 0.633797
 0 0.633815
 0 0.633854
 0 0.633856
 0 0.633856
 0 0.633868
 0 0.633868
 0 0.633869
 0 0.633872
 0 0.633909
 0 0.63391
 0 0.633919
 0 0.633919
 0 0.633919
 0 0.633953
 0 0.633953
 0 0.634003
 0 0.634004
 0 0.634014
 0 0.634017
 0 0.634045
 0 0.634045
 0 0.634047
 0 0.634048
 0 0.63406
 0 0.634061
 0 0.634062
 0 0.634062
 0 0.634077
 0 0.634085
 0 0.634093
 0 0.634094
 0 0.634101
 0 0.634144
 0 0.634144
 0 0.634161
 0 0.634181
 0 0.634182
 0 0.634207
 0 0.634207
 0 0.634207
 0 0.634232
 0 0.634238
 0 0.634251
 0 0.634252
 0 0.634264
 0 0.634264
 0 0.634268
 0 0.634272
 0 0.634272
 0 0.634279
 0 0.634284
 0 0.634294
 0 0.634295
 0 0.634328
 0 0.634348
 0 0.634348
 0 0.634351
 0 0.634351
 0 0.634379
 0 0.634379
 0 0.634388
 0 0.634389
 0 0.6344
 0 0.634401
 0 0.634434
 0 0.634445
 0 0.634445
 0 0.634445
 0 0.634456
 0 0.634465
 0 0.634465
 0 0.634465
 0 0.634503
 0 0.634504
 0 0.634521
 0 0.634524
 0 0.634525
 0 0.634525
 0 0.634528
 0 0.63453
 0 0.634531
 0 0.634531
 0 0.634531
 0 0.634536
 0 0.634536
 0 0.634536
 0 0.634537
 0 0.634538
 0 0.634541
 0 0.634566
 0 0.634566
 0 0.634594
 0 0.634597
 0 0.6346
 0 0.6346
 0 0.634601
 0 0.634601
 0 0.634603
 0 0.634612
 0 0.634619
 0 0.634619
 0 0.634642
 0 0.634642
 0 0.634654
 0 0.634654
 0 0.634654
 0 0.634656
 0 0.634656
 0 0.634656
 0 0.634656
 0 0.634669
 0 0.634669
 0 0.634674
 0 0.634674
 0 0.634686
 0 0.634706
 0 0.634706
 0 0.634711
 0 0.634712
 0 0.634731
 0 0.634746
 0 0.634746
 0 0.634748
 0 0.63475
 0 0.63475
 0 0.6348
 0 0.6348
 0 0.6348
 0 0.634812
 0 0.634813
 0 0.63485
 0 0.634851
 0 0.634851
 0 0.634852
 0 0.634852
 0 0.634853
 0 0.634854
 0 0.634858
 0 0.634865
 0 0.634871
 0 0.634871
 0 0.634871
 0 0.63489
 0 0.634894
 0 0.634894
 0 0.634894
 0 0.634894
 0 0.634896
 0 0.634896
 0 0.634909
 0 0.634909
 0 0.634909
 0 0.634918
 0 0.634918
 0 0.63492
 0 0.634928
 0 0.634928
 0 0.634928
 0 0.634928
 0 0.634929
 0 0.634931
 0 0.634947
 0 0.634948
 0 0.634951
 0 0.634951
 0 0.634951
 0 0.634952
 0 0.634953
 0 0.634957
 0 0.634957
 0 0.634958
 0 0.634959
 0 0.634965
 0 0.634965
 0 0.634966
 0 0.634969
 0 0.63497
 0 0.63497
 0 0.634982
 0 0.634982
 0 0.634988
 0 0.634989
 0 0.634989
 0 0.634999
 0 0.635001
 0 0.635013
 0 0.635013
 0 0.635015
 0 0.635016
 0 0.635018
 0 0.635024
 0 0.635025
 0 0.635071
 0 0.635072
 0 0.635078
 0 0.635091
 0 0.635091
 0 0.635092
 0 0.635097
 0 0.635098
 0 0.635101
 0 0.635101
 0 0.635117
 0 0.635117
 0 0.635121
 0 0.635121
 0 0.635126
 0 0.635133
 0 0.635137
 0 0.635137
 0 0.635137
 0 0.635157
 0 0.635158
 0 0.63517
 0 0.635176
 0 0.635189
 0 0.635189
 0 0.635193
 0 0.635193
 0 0.635218
 0 0.635233
 0 0.635247
 0 0.635247
 0 0.635275
 0 0.635275
 0 0.635276
 0 0.635295
 0 0.635295
 0 0.635295
 0 0.635296
 0 0.635296
 0 0.635327
 0 0.635327
 0 0.635328
 0 0.635329
 0 0.635338
 0 0.635348
 0 0.635353
 0 0.635356
 0 0.635371
 0 0.635371
 0 0.635372
 0 0.635372
 0 0.635372
 0 0.635373
 0 0.635374
 0 0.63539
 0 0.635391
 0 0.635391
 0 0.635416
 0 0.635429
 0 0.635429
 0 0.635429
 0 0.635429
 0 0.63543
 0 0.63543
 0 0.635463
 0 0.635463
 0 0.635476
 0 0.635477
 0 0.635478
 0 0.635479
 0 0.63548
 0 0.635505
 0 0.635516
 0 0.635517
 0 0.635518
 0 0.635518
 0 0.63552
 0 0.63552
 0 0.635542
 0 0.635548
 0 0.635556
 0 0.635562
 0 0.635563
 0 0.635579
 0 0.635582
 0 0.635605
 0 0.635605
 0 0.635606
 0 0.635614
 0 0.63562
 0 0.635621
 0 0.635621
 0 0.635625
 0 0.635625
 0 0.635626
 0 0.635626
 0 0.635633
 0 0.635633
 0 0.635633
 0 0.635655
 0 0.635704
 0 0.635738
 0 0.635759
 0 0.635778
 0 0.635778
 0 0.6358
 0 0.635801
 0 0.635801
 0 0.635801
 0 0.635811
 0 0.635812
 0 0.635828
 0 0.635849
 0 0.635849
 0 0.635869
 0 0.635875
 0 0.635876
 0 0.635876
 0 0.635881
 0 0.635881
 0 0.635882
 0 0.635882
 0 0.635882
 0 0.635882
 0 0.635898
 0 0.635921
 0 0.635958
 0 0.635967
 0 0.635968
 0 0.635988
 0 0.635988
 0 0.635995
 0 0.636014
 0 0.636035
 0 0.636035
 0 0.636036
 0 0.636036
 0 0.636043
 0 0.636043
 0 0.636058
 0 0.636074
 0 0.63608
 0 0.636082
 0 0.636082
 0 0.636082
 0 0.636111
 0 0.63612
 0 0.63612
 0 0.63612
 0 0.636145
 0 0.636145
 0 0.636159
 0 0.636159
 0 0.636159
 0 0.636168
 0 0.636177
 0 0.636202
 0 0.636203
 0 0.636203
 0 0.636216
 0 0.636216
 0 0.63624
 0 0.636245
 0 0.636245
 0 0.636245
 0 0.636266
 0 0.636266
 0 0.636271
 0 0.636271
 0 0.636304
 0 0.636316
 0 0.636317
 0 0.636329
 0 0.636329
 0 0.636329
 0 0.636329
 0 0.636347
 0 0.636385
 0 0.636426
 0 0.636426
 0 0.636426
 0 0.636426
 0 0.636426
 0 0.63643
 0 0.636431
 0 0.636431
 0 0.636431
 0 0.636432
 0 0.636468
 0 0.636469
 0 0.636469
 0 0.636484
 0 0.636494
 0 0.636513
 0 0.636514
 0 0.636535
 0 0.636535
 0 0.636536
 0 0.636552
 0 0.636564
 0 0.63657
 0 0.63657
 0 0.636571
 0 0.636571
 0 0.636585
 0 0.636592
 0 0.636592
 0 0.636594
 0 0.636649
 0 0.63665
 0 0.63665
 0 0.636686
 0 0.636688
 0 0.636688
 0 0.636693
 0 0.636693
 0 0.636711
 0 0.636711
 0 0.636755
 0 0.636762
 0 0.636763
 0 0.636763
 0 0.636764
 0 0.636774
 0 0.636774
 0 0.636796
 0 0.6368
 0 0.6368
 0 0.636803
 0 0.63684
 0 0.636841
 0 0.636841
 0 0.636843
 0 0.636852
 0 0.636852
 0 0.636853
 0 0.636853
 0 0.636854
 0 0.636869
 0 0.636904
 0 0.636919
 0 0.636919
 0 0.63692
 0 0.636943
 0 0.636943
 0 0.636946
 0 0.636956
 0 0.636964
 0 0.636964
 0 0.636981
 0 0.636983
 0 0.636987
 0 0.636987
 0 0.636987
 0 0.636996
 0 0.637004
 0 0.637015
 0 0.637016
 0 0.637018
 0 0.637018
 0 0.637018
 0 0.637029
 0 0.637029
 0 0.637038
 0 0.637061
 0 0.637123
 0 0.637123
 0 0.63716
 0 0.63716
 0 0.637161
 0 0.637161
 0 0.637194
 0 0.637194
 0 0.637196
 0 0.637196
 0 0.637245
 0 0.637245
 0 0.637253
 0 0.637253
 0 0.637253
 0 0.637273
 0 0.637295
 0 0.637351
 0 0.63736
 0 0.637361
 0 0.637361
 0 0.63737
 0 0.63737
 0 0.63737
 0 0.637371
 0 0.637393
 0 0.637393
 0 0.637393
 0 0.63741
 0 0.63741
 0 0.63741
 0 0.637412
 0 0.637427
 0 0.637427
 0 0.637448
 0 0.637459
 0 0.63746
 0 0.6375
 0 0.6375
 0 0.637538
 0 0.637578
 0 0.637579
 0 0.637588
 0 0.637588
 0 0.6376
 0 0.637615
 0 0.637615
 0 0.637642
 0 0.637688
 0 0.637706
 0 0.637731
 0 0.637731
 0 0.637746
 0 0.637753
 0 0.637754
 0 0.637754
 0 0.637766
 0 0.637766
 0 0.637782
 0 0.637832
 0 0.637832
 0 0.637833
 0 0.637834
 0 0.637834
 0 0.637848
 0 0.637873
 0 0.637875
 0 0.637938
 0 0.637939
 0 0.637951
 0 0.637988
 0 0.637994
 0 0.637995
 0 0.638006
 0 0.638037
 0 0.638037
 0 0.638055
 0 0.63806
 0 0.638061
 0 0.638075
 0 0.638076
 0 0.638107
 0 0.638114
 0 0.638133
 0 0.638147
 0 0.638147
 0 0.638148
 0 0.638148
 0 0.638151
 0 0.638151
 0 0.63816
 0 0.63816
 0 0.63819
 0 0.638193
 0 0.638193
 0 0.638193
 0 0.638194
 0 0.638217
 0 0.638217
 0 0.638251
 0 0.638289
 0 0.638295
 0 0.638295
 0 0.638296
 0 0.638318
 0 0.638318
 0 0.638345
 0 0.638345
 0 0.638351
 0 0.638352
 0 0.638363
 0 0.638367
 0 0.638367
 0 0.638368
 0 0.638368
 0 0.638408
 0 0.638419
 0 0.638419
 0 0.638419
 0 0.63843
 0 0.638437
 0 0.638444
 0 0.638457
 0 0.638459
 0 0.638471
 0 0.638496
 0 0.638499
 0 0.638506
 0 0.638513
 0 0.638514
 0 0.638539
 0 0.638539
 0 0.638574
 0 0.638574
 0 0.638575
 0 0.638631
 0 0.638631
 0 0.638631
 0 0.638642
 0 0.638644
 0 0.638644
 0 0.638652
 0 0.638653
 0 0.638653
 0 0.638671
 0 0.638672
 0 0.638672
 0 0.638693
 0 0.638693
 0 0.638693
 0 0.6387
 0 0.638713
 0 0.638747
 0 0.638747
 0 0.638753
 0 0.638753
 0 0.638801
 0 0.638801
 0 0.638801
 0 0.638802
 0 0.638802
 0 0.638803
 0 0.638804
 0 0.638842
 0 0.638848
 0 0.63885
 0 0.63885
 0 0.638885
 0 0.638889
 0 0.638889
 0 0.638891
 0 0.638944
 0 0.638944
 0 0.638956
 0 0.638956
 0 0.638956
 0 0.638957
 0 0.638958
 0 0.638958
 0 0.638958
 0 0.638959
 0 0.63896
 0 0.63896
 0 0.638968
 0 0.638994
 0 0.638994
 0 0.638995
 0 0.638995
 0 0.639022
 0 0.639022
 0 0.639022
 0 0.639037
 0 0.639037
 0 0.639044
 0 0.639044
 0 0.639044
 0 0.639057
 0 0.639057
 0 0.639096
 0 0.639104
 0 0.639105
 0 0.639105
 0 0.639108
 0 0.639109
 0 0.639119
 0 0.639121
 0 0.639147
 0 0.639148
 0 0.639157
 0 0.639171
 0 0.639171
 0 0.639171
 0 0.639173
 0 0.639175
 0 0.639188
 0 0.639211
 0 0.639211
 0 0.639221
 0 0.639241
 0 0.639241
 0 0.639264
 0 0.639306
 0 0.639307
 0 0.639312
 0 0.639312
 0 0.639314
 0 0.639316
 0 0.639316
 0 0.639316
 0 0.639316
 0 0.639329
 0 0.63933
 0 0.639339
 0 0.639339
 0 0.63934
 0 0.639344
 0 0.639344
 0 0.639344
 0 0.639385
 0 0.639399
 0 0.6394
 0 0.639414
 0 0.639424
 0 0.639426
 0 0.639427
 0 0.639427
 0 0.639458
 0 0.639458
 0 0.639479
 0 0.639557
 0 0.639559
 0 0.639563
 0 0.639563
 0 0.639563
 0 0.639596
 0 0.639596
 0 0.639596
 0 0.639599
 0 0.639601
 0 0.639641
 0 0.639641
 0 0.639641
 0 0.639652
 0 0.639652
 0 0.639663
 0 0.639664
 0 0.639698
 0 0.639698
 0 0.639698
 0 0.639745
 0 0.639757
 0 0.639761
 0 0.639804
 0 0.639823
 0 0.639823
 0 0.639823
 0 0.63983
 0 0.63983
 0 0.639835
 0 0.639835
 0 0.639835
 0 0.639835
 0 0.639835
 0 0.639841
 0 0.639841
 0 0.639842
 0 0.639844
 0 0.639853
 0 0.639854
 0 0.639892
 0 0.639892
 0 0.639894
 0 0.639894
 0 0.639903
 0 0.639923
 0 0.639932
 0 0.639942
 0 0.639942
 0 0.639976
 0 0.639979
 0 0.63998
 0 0.63998
 0 0.63998
 0 0.63998
 0 0.63998
 0 0.639992
 0 0.639992
 0 0.640008
 0 0.640016
 0 0.640017
 0 0.640027
 0 0.64004
 0 0.64004
 0 0.640091
 0 0.640091
 0 0.640095
 0 0.640095
 0 0.640145
 0 0.640145
 0 0.640162
 0 0.640207
 0 0.640208
 0 0.640233
 0 0.640234
 0 0.64027
 0 0.64027
 0 0.640275
 0 0.640278
 0 0.640348
 0 0.640348
 0 0.640395
 0 0.640395
 0 0.640395
 0 0.640426
 0 0.640433
 0 0.640433
 0 0.640448
 0 0.640458
 0 0.640458
 0 0.640495
 0 0.640495
 0 0.640495
 0 0.640495
 0 0.640501
 0 0.640501
 0 0.640525
 0 0.640676
 0 0.640681
 0 0.640682
 0 0.640715
 0 0.640779
 0 0.640851
 0 0.640851
 0 0.640929
 0 0.640929
 0 0.640936
 0 0.640936
 0 0.640936
 0 0.640948
 0 0.641
 0 0.641033
 0 0.641034
 0 0.641035
 0 0.641036
 0 0.641137
 0 0.641139
 0 0.641139
 0 0.641187
 0 0.641187
 0 0.641187
 0 0.641188
 0 0.641197
 0 0.641312
 0 0.641313
 0 0.64136
 0 0.64136
 0 0.641401
 0 0.641464
 0 0.641478
 0 0.641478
 0 0.641518
 0 0.641518
 0 0.641521
 0 0.641538
 0 0.641614
 0 0.641649
 0 0.64165
 0 0.641758
 0 0.641758
 0 0.641761
 0 0.641761
 0 0.641776
 0 0.641864
 0 0.641864
 0 0.641873
 0 0.641951
 0 0.641961
 0 0.641988
 0 0.642242
 0 0.642373
 0 0.642475
 0 0.642475
 0 0.642475
 0 0.642479
 0 0.642509
 0 0.642514
 0 0.642534
 0 0.642535
 0 0.642888
 0 0.642888
 0 0.642889
 0 0.64289
 0 0.642981
 0 0.642981
 0 0.642981
 0 0.642982
 0 0.642991
 0 0.642992
 0 0.643072
 0 0.643113
 0 0.643113
 0 0.643176
 0 0.643227
 0 0.643227
 0 0.643253
 0 0.643253
 0 0.64332
 0 0.64332
 0 0.643435
 0 0.643435
 0 0.643441
 0 0.643443
 0 0.643501
 0 0.643501
 0 0.643501
 0 0.643502
 0 0.643502
 0 0.643712
 0 0.643712
 0 0.643713
 0 0.643756
 0 0.643797
 0 0.643797
 0 0.643797
 0 0.643948
 0 0.643948
 0 0.643948
 0 0.644221
 0 0.644222
 0 0.644743
 0 0.644743
 0 0.644744
 0 0.644783
 0 0.647891
 0 0.647891
 0 0.648338
 0 0.648338
 0 0.648339
 0 0.648941
 0 inf
