 0 0.488839
 0 0.488839
 0 0.488839
 0 0.48884
 0 0.48884
 0 0.48907
 0 0.495844
 0 0.495844
 0 0.495844
 0 0.495844
 0 0.495844
 0 0.496271
 0 0.618046
 0 0.618535
 0 0.618536
 0 0.618562
 0 0.618562
 0 0.618562
 0 0.621101
 0 0.621291
 0 0.621292
 0 0.621342
 0 0.621342
 0 0.621599
 0 0.621599
 0 0.6216
 0 0.621659
 0 0.621692
 0 0.621692
 0 0.622131
 0 0.622132
 0 0.622205
 0 0.622322
 0 0.622546
 0 0.622637
 0 0.622637
 0 0.622688
 0 0.622688
 0 0.622689
 0 0.62277
 0 0.622936
 0 0.622937
 0 0.62303
 0 0.62303
 0 0.623128
 0 0.623128
 0 0.623128
 0 0.623129
 0 0.623146
 0 0.623168
 0 0.623168
 0 0.623169
 0 0.62319
 0 0.623298
 0 0.623298
 0 0.623322
 0 0.623451
 0 0.623483
 0 0.623584
 0 0.623675
 0 0.623686
 0 0.623687
 0 0.623733
 0 0.623783
 0 0.62388
 0 0.623942
 0 0.623954
 0 0.623954
 0 0.624017
 0 0.624042
 0 0.624054
 0 0.624088
 0 0.624088
 0 0.624209
 0 0.62429
 0 0.62429
 0 0.624396
 0 0.624446
 0 0.624447
 0 0.624523
 0 0.624523
 0 0.624523
 0 0.624578
 0 0.624578
 0 0.62458
 0 0.624581
 0 0.624591
 0 0.624591
 0 0.624648
 0 0.624706
 0 0.624706
 0 0.624706
 0 0.624723
 0 0.624785
 0 0.624786
 0 0.62485
 0 0.624969
 0 0.624969
 0 0.625066
 0 0.625066
 0 0.625157
 0 0.6252
 0 0.625458
 0 0.625458
 0 0.625463
 0 0.625463
 0 0.625499
 0 0.625505
 0 0.625505
 0 0.625506
 0 0.625513
 0 0.625514
 0 0.625595
 0 0.625595
 0 0.625642
 0 0.625642
 0 0.625643
 0 0.625665
 0 0.625665
 0 0.625666
 0 0.625672
 0 0.625672
 0 0.625672
 0 0.6257
 0 0.625706
 0 0.625706
 0 0.625794
 0 0.625807
 0 0.625807
 0 0.625807
 0 0.625908
 0 0.625908
 0 0.625991
 0 0.625991
 0 0.625992
 0 0.625998
 0 0.626032
 0 0.626032
 0 0.626109
 0 0.62611
 0 0.626179
 0 0.626179
 0 0.626196
 0 0.626218
 0 0.626267
 0 0.626269
 0 0.626271
 0 0.626335
 0 0.626359
 0 0.626359
 0 0.626409
 0 0.626438
 0 0.626471
 0 0.626471
 0 0.626471
 0 0.626493
 0 0.626494
 0 0.626494
 0 0.626503
 0 0.626576
 0 0.626577
 0 0.626602
 0 0.626602
 0 0.626606
 0 0.626628
 0 0.626628
 0 0.626663
 0 0.626663
 0 0.626668
 0 0.626671
 0 0.626672
 0 0.626673
 0 0.62669
 0 0.62669
 0 0.626779
 0 0.626781
 0 0.626781
 0 0.626782
 0 0.626784
 0 0.626784
 0 0.626784
 0 0.626809
 0 0.626918
 0 0.626942
 0 0.626982
 0 0.626983
 0 0.627003
 0 0.627003
 0 0.627019
 0 0.627025
 0 0.627027
 0 0.62706
 0 0.627064
 0 0.627064
 0 0.627071
 0 0.627081
 0 0.627162
 0 0.627192
 0 0.627272
 0 0.62729
 0 0.6273
 0 0.627315
 0 0.627322
 0 0.627339
 0 0.627344
 0 0.627344
 0 0.627365
 0 0.627376
 0 0.627376
 0 0.627377
 0 0.627385
 0 0.627388
 0 0.62739
 0 0.627391
 0 0.627411
 0 0.627411
 0 0.627412
 0 0.627456
 0 0.627456
 0 0.627465
 0 0.627479
 0 0.62748
 0 0.627483
 0 0.627505
 0 0.627505
 0 0.627508
 0 0.627508
 0 0.62755
 0 0.627573
 0 0.627598
 0 0.6276
 0 0.627601
 0 0.627651
 0 0.627675
 0 0.627676
 0 0.627686
 0 0.627702
 0 0.627702
 0 0.627705
 0 0.627722
 0 0.627752
 0 0.627752
 0 0.627752
 0 0.627769
 0 0.627803
 0 0.627804
 0 0.627839
 0 0.627854
 0 0.627855
 0 0.627856
 0 0.627871
 0 0.627912
 0 0.627913
 0 0.62795
 0 0.62795
 0 0.627994
 0 0.627995
 0 0.628029
 0 0.628029
 0 0.628046
 0 0.628046
 0 0.628048
 0 0.628048
 0 0.628055
 0 0.628077
 0 0.628116
 0 0.628116
 0 0.628117
 0 0.62815
 0 0.628151
 0 0.628199
 0 0.628246
 0 0.628246
 0 0.628246
 0 0.628251
 0 0.628263
 0 0.628263
 0 0.628264
 0 0.628326
 0 0.628327
 0 0.628386
 0 0.628391
 0 0.628391
 0 0.628391
 0 0.628405
 0 0.628454
 0 0.628454
 0 0.628545
 0 0.628545
 0 0.628592
 0 0.628595
 0 0.628596
 0 0.628598
 0 0.628602
 0 0.628602
 0 0.628603
 0 0.628625
 0 0.628625
 0 0.628638
 0 0.628638
 0 0.628658
 0 0.628658
 0 0.628659
 0 0.628659
 0 0.628694
 0 0.628714
 0 0.628716
 0 0.628724
 0 0.628743
 0 0.628761
 0 0.628763
 0 0.628771
 0 0.628784
 0 0.628819
 0 0.62882
 0 0.62882
 0 0.628835
 0 0.628848
 0 0.628859
 0 0.628875
 0 0.628876
 0 0.628876
 0 0.628915
 0 0.62896
 0 0.62896
 0 0.628983
 0 0.62899
 0 0.62899
 0 0.629016
 0 0.629017
 0 0.629018
 0 0.629025
 0 0.629025
 0 0.629025
 0 0.629026
 0 0.629026
 0 0.629037
 0 0.629039
 0 0.629039
 0 0.62904
 0 0.629042
 0 0.629043
 0 0.629115
 0 0.629115
 0 0.629118
 0 0.629118
 0 0.629131
 0 0.629164
 0 0.629164
 0 0.629166
 0 0.62927
 0 0.629276
 0 0.629276
 0 0.629278
 0 0.629278
 0 0.629278
 0 0.629288
 0 0.629289
 0 0.629333
 0 0.629333
 0 0.629343
 0 0.629356
 0 0.629356
 0 0.629356
 0 0.629375
 0 0.629384
 0 0.629385
 0 0.629395
 0 0.629395
 0 0.629395
 0 0.629395
 0 0.629435
 0 0.62944
 0 0.62944
 0 0.629441
 0 0.629446
 0 0.629447
 0 0.629518
 0 0.629523
 0 0.629527
 0 0.629527
 0 0.629544
 0 0.629589
 0 0.629589
 0 0.629589
 0 0.6296
 0 0.629618
 0 0.629618
 0 0.629618
 0 0.629674
 0 0.629684
 0 0.629684
 0 0.629687
 0 0.629688
 0 0.629688
 0 0.629741
 0 0.629741
 0 0.629776
 0 0.629777
 0 0.629808
 0 0.629864
 0 0.629864
 0 0.629884
 0 0.629884
 0 0.629886
 0 0.62989
 0 0.62989
 0 0.6299
 0 0.6299
 0 0.629901
 0 0.629901
 0 0.629902
 0 0.629902
 0 0.629974
 0 0.629975
 0 0.629975
 0 0.62999
 0 0.630037
 0 0.630039
 0 0.630039
 0 0.630039
 0 0.630066
 0 0.630077
 0 0.630078
 0 0.630078
 0 0.630096
 0 0.630096
 0 0.630131
 0 0.630131
 0 0.630177
 0 0.630209
 0 0.630217
 0 0.630217
 0 0.63028
 0 0.630285
 0 0.630285
 0 0.630298
 0 0.630328
 0 0.630336
 0 0.630343
 0 0.630344
 0 0.630356
 0 0.630389
 0 0.630418
 0 0.630418
 0 0.630432
 0 0.630433
 0 0.630433
 0 0.630433
 0 0.630441
 0 0.630442
 0 0.630521
 0 0.630521
 0 0.630521
 0 0.630531
 0 0.630531
 0 0.630541
 0 0.63055
 0 0.63055
 0 0.630553
 0 0.630554
 0 0.630575
 0 0.630596
 0 0.630601
 0 0.630623
 0 0.630635
 0 0.630636
 0 0.630643
 0 0.630648
 0 0.63065
 0 0.630662
 0 0.630662
 0 0.630695
 0 0.630696
 0 0.630696
 0 0.630696
 0 0.630697
 0 0.630697
 0 0.630697
 0 0.630701
 0 0.630725
 0 0.630734
 0 0.630753
 0 0.630772
 0 0.630772
 0 0.630772
 0 0.630773
 0 0.630774
 0 0.630775
 0 0.630775
 0 0.630775
 0 0.630775
 0 0.630791
 0 0.630792
 0 0.630792
 0 0.630804
 0 0.630804
 0 0.630804
 0 0.630814
 0 0.630814
 0 0.630838
 0 0.630839
 0 0.630839
 0 0.630879
 0 0.630879
 0 0.63088
 0 0.63091
 0 0.630917
 0 0.630918
 0 0.630919
 0 0.630928
 0 0.630929
 0 0.630929
 0 0.630947
 0 0.630947
 0 0.630949
 0 0.63095
 0 0.630954
 0 0.630983
 0 0.630984
 0 0.630984
 0 0.630985
 0 0.630985
 0 0.630986
 0 0.630988
 0 0.630988
 0 0.630989
 0 0.631028
 0 0.631028
 0 0.631042
 0 0.631042
 0 0.631043
 0 0.631043
 0 0.631072
 0 0.631088
 0 0.631089
 0 0.631118
 0 0.631118
 0 0.631127
 0 0.631127
 0 0.63113
 0 0.631131
 0 0.631133
 0 0.631175
 0 0.631175
 0 0.631187
 0 0.631187
 0 0.631191
 0 0.631219
 0 0.631219
 0 0.631219
 0 0.631228
 0 0.631228
 0 0.63123
 0 0.631273
 0 0.631274
 0 0.631274
 0 0.631299
 0 0.631312
 0 0.631312
 0 0.631312
 0 0.631317
 0 0.631337
 0 0.631339
 0 0.631375
 0 0.631375
 0 0.631378
 0 0.631378
 0 0.631394
 0 0.631395
 0 0.6314
 0 0.631401
 0 0.631401
 0 0.631401
 0 0.631407
 0 0.631407
 0 0.631434
 0 0.631434
 0 0.631434
 0 0.631435
 0 0.631435
 0 0.631472
 0 0.631472
 0 0.631479
 0 0.631479
 0 0.631491
 0 0.631491
 0 0.631495
 0 0.631495
 0 0.631495
 0 0.631495
 0 0.631509
 0 0.631554
 0 0.631554
 0 0.631555
 0 0.631556
 0 0.631558
 0 0.631572
 0 0.631576
 0 0.631596
 0 0.631599
 0 0.6316
 0 0.631621
 0 0.631621
 0 0.631621
 0 0.631624
 0 0.631634
 0 0.631638
 0 0.631659
 0 0.631666
 0 0.631666
 0 0.631709
 0 0.631715
 0 0.631716
 0 0.631718
 0 0.631724
 0 0.631724
 0 0.63173
 0 0.631739
 0 0.631775
 0 0.631775
 0 0.63178
 0 0.631789
 0 0.631792
 0 0.631792
 0 0.631801
 0 0.631801
 0 0.631802
 0 0.631802
 0 0.631803
 0 0.631803
 0 0.631817
 0 0.631817
 0 0.631819
 0 0.631825
 0 0.631826
 0 0.631829
 0 0.63183
 0 0.631851
 0 0.631851
 0 0.631851
 0 0.63188
 0 0.631887
 0 0.631904
 0 0.631904
 0 0.631922
 0 0.631934
 0 0.631936
 0 0.631941
 0 0.631942
 0 0.631944
 0 0.631944
 0 0.631983
 0 0.631983
 0 0.631983
 0 0.631983
 0 0.631984
 0 0.631995
 0 0.631995
 0 0.632001
 0 0.632003
 0 0.632005
 0 0.632005
 0 0.632039
 0 0.632039
 0 0.632039
 0 0.63206
 0 0.632061
 0 0.632083
 0 0.632097
 0 0.632102
 0 0.632103
 0 0.632141
 0 0.632141
 0 0.632165
 0 0.632165
 0 0.632166
 0 0.632197
 0 0.632197
 0 0.632198
 0 0.632333
 0 0.632334
 0 0.632334
 0 0.632334
 0 0.632335
 0 0.632335
 0 0.632344
 0 0.632351
 0 0.632362
 0 0.632362
 0 0.632362
 0 0.632378
 0 0.632378
 0 0.632378
 0 0.632379
 0 0.632415
 0 0.632415
 0 0.632415
 0 0.632416
 0 0.632416
 0 0.632435
 0 0.632456
 0 0.632456
 0 0.632465
 0 0.63247
 0 0.63247
 0 0.632475
 0 0.632489
 0 0.632494
 0 0.632494
 0 0.632494
 0 0.632494
 0 0.632495
 0 0.632563
 0 0.632564
 0 0.632623
 0 0.632625
 0 0.632625
 0 0.632626
 0 0.632634
 0 0.632634
 0 0.632636
 0 0.632636
 0 0.632636
 0 0.632637
 0 0.632638
 0 0.632638
 0 0.632675
 0 0.632682
 0 0.632703
 0 0.632704
 0 0.632704
 0 0.632704
 0 0.632704
 0 0.632709
 0 0.632712
 0 0.632712
 0 0.632713
 0 0.632713
 0 0.632719
 0 0.632728
 0 0.632824
 0 0.632824
 0 0.632839
 0 0.632841
 0 0.632842
 0 0.632843
 0 0.632844
 0 0.632877
 0 0.6329
 0 0.632901
 0 0.632902
 0 0.632906
 0 0.632907
 0 0.632913
 0 0.632914
 0 0.632921
 0 0.632922
 0 0.632923
 0 0.632994
 0 0.632994
 0 0.633004
 0 0.633004
 0 0.633009
 0 0.633009
 0 0.633009
 0 0.633019
 0 0.633026
 0 0.633026
 0 0.633026
 0 0.633026
 0 0.633027
 0 0.633035
 0 0.633035
 0 0.633036
 0 0.633041
 0 0.633041
 0 0.633101
 0 0.633101
 0 0.63316
 0 0.633174
 0 0.633184
 0 0.633184
 0 0.633184
 0 0.633185
 0 0.633186
 0 0.633188
 0 0.63319
 0 0.633221
 0 0.633221
 0 0.633222
 0 0.633222
 0 0.633222
 0 0.633262
 0 0.633273
 0 0.633284
 0 0.633284
 0 0.633285
 0 0.633298
 0 0.633334
 0 0.63334
 0 0.633341
 0 0.633341
 0 0.633342
 0 0.633344
 0 0.633344
 0 0.633344
 0 0.633365
 0 0.633376
 0 0.633376
 0 0.633413
 0 0.633415
 0 0.633455
 0 0.633456
 0 0.633458
 0 0.633459
 0 0.633471
 0 0.633471
 0 0.633483
 0 0.633484
 0 0.633485
 0 0.633488
 0 0.633527
 0 0.633528
 0 0.633528
 0 0.633534
 0 0.633559
 0 0.633568
 0 0.633571
 0 0.633571
 0 0.633576
 0 0.633594
 0 0.633633
 0 0.633634
 0 0.633634
 0 0.633654
 0 0.633656
 0 0.633658
 0 0.633678
 0 0.633707
 0 0.63371
 0 0.633714
 0 0.633714
 0 0.633714
 0 0.633758
 0 0.633759
 0 0.633759
 0 0.63376
 0 0.633776
 0 0.633777
 0 0.633777
 0 0.633777
 0 0.633777
 0 0.633795
 0 0.633795
 0 0.633823
 0 0.633824
 0 0.633825
 0 0.633825
 0 0.633853
 0 0.633853
 0 0.633855
 0 0.633855
 0 0.63386
 0 0.63386
 0 0.63386
 0 0.63386
 0 0.633881
 0 0.633891
 0 0.633891
 0 0.6339
 0 0.6339
 0 0.6339
 0 0.6339
 0 0.633926
 0 0.633928
 0 0.633945
 0 0.633954
 0 0.633954
 0 0.633954
 0 0.633954
 0 0.633954
 0 0.633955
 0 0.633964
 0 0.633975
 0 0.633986
 0 0.633986
 0 0.633987
 0 0.633987
 0 0.633989
 0 0.633992
 0 0.634001
 0 0.634001
 0 0.634001
 0 0.634001
 0 0.634001
 0 0.63401
 0 0.63403
 0 0.634033
 0 0.634038
 0 0.634038
 0 0.634038
 0 0.634038
 0 0.634055
 0 0.634058
 0 0.634083
 0 0.634083
 0 0.634083
 0 0.634126
 0 0.63414
 0 0.63414
 0 0.63414
 0 0.63415
 0 0.63415
 0 0.63415
 0 0.63415
 0 0.634158
 0 0.634183
 0 0.634207
 0 0.634219
 0 0.634241
 0 0.634241
 0 0.634241
 0 0.634247
 0 0.634306
 0 0.634307
 0 0.634326
 0 0.634326
 0 0.634342
 0 0.634343
 0 0.634348
 0 0.634381
 0 0.634382
 0 0.634402
 0 0.634402
 0 0.634409
 0 0.634409
 0 0.634409
 0 0.63441
 0 0.634413
 0 0.634414
 0 0.634423
 0 0.634435
 0 0.634461
 0 0.634462
 0 0.634527
 0 0.634527
 0 0.634527
 0 0.634543
 0 0.634543
 0 0.634544
 0 0.634544
 0 0.634579
 0 0.63458
 0 0.634586
 0 0.634586
 0 0.63459
 0 0.634592
 0 0.634604
 0 0.63461
 0 0.63461
 0 0.634611
 0 0.634613
 0 0.634622
 0 0.634622
 0 0.634649
 0 0.634672
 0 0.634672
 0 0.634682
 0 0.634682
 0 0.634682
 0 0.634736
 0 0.634786
 0 0.634786
 0 0.634787
 0 0.634787
 0 0.63479
 0 0.63479
 0 0.634798
 0 0.634798
 0 0.634799
 0 0.634834
 0 0.634842
 0 0.634855
 0 0.634855
 0 0.634869
 0 0.634869
 0 0.63487
 0 0.63487
 0 0.63487
 0 0.634871
 0 0.634899
 0 0.634899
 0 0.634899
 0 0.634899
 0 0.634899
 0 0.634919
 0 0.634919
 0 0.634919
 0 0.634919
 0 0.634919
 0 0.634934
 0 0.634947
 0 0.634953
 0 0.634953
 0 0.634954
 0 0.634956
 0 0.634956
 0 0.634956
 0 0.63496
 0 0.634965
 0 0.634983
 0 0.634984
 0 0.634985
 0 0.63502
 0 0.63502
 0 0.635021
 0 0.635028
 0 0.635028
 0 0.635029
 0 0.635045
 0 0.635078
 0 0.635078
 0 0.635079
 0 0.635079
 0 0.635079
 0 0.635098
 0 0.635099
 0 0.635099
 0 0.635122
 0 0.635157
 0 0.635157
 0 0.635165
 0 0.635165
 0 0.635166
 0 0.635167
 0 0.635167
 0 0.635171
 0 0.635171
 0 0.635179
 0 0.635196
 0 0.635196
 0 0.63522
 0 0.63522
 0 0.63522
 0 0.635248
 0 0.635248
 0 0.635249
 0 0.635253
 0 0.6353
 0 0.635309
 0 0.63531
 0 0.63531
 0 0.635333
 0 0.635338
 0 0.635364
 0 0.635411
 0 0.635429
 0 0.635435
 0 0.635435
 0 0.635485
 0 0.635485
 0 0.635542
 0 0.635543
 0 0.635573
 0 0.635573
 0 0.635574
 0 0.635583
 0 0.635583
 0 0.635583
 0 0.635592
 0 0.635599
 0 0.635613
 0 0.635614
 0 0.635615
 0 0.635616
 0 0.63562
 0 0.635621
 0 0.635624
 0 0.635646
 0 0.635646
 0 0.635646
 0 0.635646
 0 0.635647
 0 0.635672
 0 0.635721
 0 0.635722
 0 0.635742
 0 0.635756
 0 0.635756
 0 0.635758
 0 0.635765
 0 0.635782
 0 0.635782
 0 0.635787
 0 0.635787
 0 0.635839
 0 0.635839
 0 0.635854
 0 0.635855
 0 0.635855
 0 0.635855
 0 0.635856
 0 0.635878
 0 0.635878
 0 0.635878
 0 0.63591
 0 0.63591
 0 0.63591
 0 0.635919
 0 0.635919
 0 0.635919
 0 0.63592
 0 0.635922
 0 0.635922
 0 0.635923
 0 0.635932
 0 0.635952
 0 0.635952
 0 0.635952
 0 0.635952
 0 0.635952
 0 0.635953
 0 0.635989
 0 0.635989
 0 0.635998
 0 0.636023
 0 0.636023
 0 0.636023
 0 0.636023
 0 0.636023
 0 0.636051
 0 0.636077
 0 0.636115
 0 0.636183
 0 0.636184
 0 0.636186
 0 0.636215
 0 0.636216
 0 0.636223
 0 0.636223
 0 0.636242
 0 0.636246
 0 0.636252
 0 0.636252
 0 0.636253
 0 0.636268
 0 0.636268
 0 0.636291
 0 0.636291
 0 0.636291
 0 0.636308
 0 0.63631
 0 0.636312
 0 0.636312
 0 0.636314
 0 0.636332
 0 0.636368
 0 0.636368
 0 0.636368
 0 0.636392
 0 0.636394
 0 0.636413
 0 0.636435
 0 0.636446
 0 0.636447
 0 0.636447
 0 0.636447
 0 0.636461
 0 0.636461
 0 0.636494
 0 0.636494
 0 0.636522
 0 0.636522
 0 0.636523
 0 0.636541
 0 0.636547
 0 0.636552
 0 0.636558
 0 0.636558
 0 0.636558
 0 0.636576
 0 0.636576
 0 0.636576
 0 0.636577
 0 0.636599
 0 0.636605
 0 0.636619
 0 0.636619
 0 0.636636
 0 0.636636
 0 0.636637
 0 0.636684
 0 0.636684
 0 0.636688
 0 0.636688
 0 0.636734
 0 0.636734
 0 0.636756
 0 0.636757
 0 0.636757
 0 0.636768
 0 0.636768
 0 0.636768
 0 0.636794
 0 0.636794
 0 0.636794
 0 0.636805
 0 0.636805
 0 0.636805
 0 0.636834
 0 0.636878
 0 0.636878
 0 0.636899
 0 0.6369
 0 0.636981
 0 0.636981
 0 0.637058
 0 0.637058
 0 0.637058
 0 0.637063
 0 0.637064
 0 0.637065
 0 0.637127
 0 0.637127
 0 0.637128
 0 0.637139
 0 0.637139
 0 0.637139
 0 0.637139
 0 0.637142
 0 0.637234
 0 0.637282
 0 0.637283
 0 0.637305
 0 0.637305
 0 0.637399
 0 0.6374
 0 0.6374
 0 0.6374
 0 0.637408
 0 0.637417
 0 0.637447
 0 0.637493
 0 0.637493
 0 0.637518
 0 0.637549
 0 0.637571
 0 0.63764
 0 0.637653
 0 0.637653
 0 0.637653
 0 0.637654
 0 0.637654
 0 0.637655
 0 0.637741
 0 0.637741
 0 0.637744
 0 0.637759
 0 0.637759
 0 0.637911
 0 0.637914
 0 0.637925
 0 0.637933
 0 0.637974
 0 0.637974
 0 0.63801
 0 0.638016
 0 0.63802
 0 0.638079
 0 0.638095
 0 0.638201
 0 0.638202
 0 0.638217
 0 0.638218
 0 0.63823
 0 0.638268
 0 0.638285
 0 0.638285
 0 0.638286
 0 0.638354
 0 0.638356
 0 0.638359
 0 0.638359
 0 0.638359
 0 0.638361
 0 0.638361
 0 0.638387
 0 0.638387
 0 0.638387
 0 0.638391
 0 0.638391
 0 0.638392
 0 0.638392
 0 0.638393
 0 0.638436
 0 0.638438
 0 0.638438
 0 0.638455
 0 0.638455
 0 0.638456
 0 0.638456
 0 0.638488
 0 0.638488
 0 0.638499
 0 0.638501
 0 0.638574
 0 0.638575
 0 0.638575
 0 0.638577
 0 0.638628
 0 0.638631
 0 0.638632
 0 0.638641
 0 0.638709
 0 0.638721
 0 0.638764
 0 0.638764
 0 0.638776
 0 0.638777
 0 0.638883
 0 0.638884
 0 0.638884
 0 0.638884
 0 0.638884
 0 0.638959
 0 0.638959
 0 0.639016
 0 0.639068
 0 0.639068
 0 0.639127
 0 0.639128
 0 0.639128
 0 0.639132
 0 0.639133
 0 0.639169
 0 0.639193
 0 0.639194
 0 0.639241
 0 0.639241
 0 0.639284
 0 0.639284
 0 0.639306
 0 0.639346
 0 0.639346
 0 0.639346
 0 0.639363
 0 0.639376
 0 0.639376
 0 0.639376
 0 0.639394
 0 0.639425
 0 0.639475
 0 0.639476
 0 0.639478
 0 0.639478
 0 0.639478
 0 0.639479
 0 0.639479
 0 0.639479
 0 0.639495
 0 0.639495
 0 0.639506
 0 0.639519
 0 0.63952
 0 0.63952
 0 0.63952
 0 0.639536
 0 0.639553
 0 0.639635
 0 0.639635
 0 0.639709
 0 0.639709
 0 0.639709
 0 0.639741
 0 0.639784
 0 0.63979
 0 0.639819
 0 0.639832
 0 0.639834
 0 0.639846
 0 0.639889
 0 0.639891
 0 0.639944
 0 0.639947
 0 0.639947
 0 0.63996
 0 0.63996
 0 0.639961
 0 0.639961
 0 0.640026
 0 0.640026
 0 0.640034
 0 0.640039
 0 0.640039
 0 0.640065
 0 0.64007
 0 0.64007
 0 0.640133
 0 0.640145
 0 0.640216
 0 0.640216
 0 0.640217
 0 0.640272
 0 0.640273
 0 0.640294
 0 0.640297
 0 0.640298
 0 0.640298
 0 0.640451
 0 0.640451
 0 0.64046
 0 0.640516
 0 0.640532
 0 0.640534
 0 0.640534
 0 0.640557
 0 0.640557
 0 0.640557
 0 0.640563
 0 0.640563
 0 0.640577
 0 0.640577
 0 0.640577
 0 0.640577
 0 0.640609
 0 0.64061
 0 0.640813
 0 0.640849
 0 0.640893
 0 0.640901
 0 0.640902
 0 0.640942
 0 0.640957
 0 0.640959
 0 0.640959
 0 0.64096
 0 0.64096
 0 0.641038
 0 0.641165
 0 0.641165
 0 0.641187
 0 0.641188
 0 0.641202
 0 0.641203
 0 0.641203
 0 0.641289
 0 0.641289
 0 0.641292
 0 0.641485
 0 0.641485
 0 0.641485
 0 0.641527
 0 0.641527
 0 0.641527
 0 0.641528
 0 0.6416
 0 0.641626
 0 0.641663
 0 0.641663
 0 0.641664
 0 0.641963
 0 0.641963
 0 0.642018
 0 0.642018
 0 0.642031
 0 0.642031
 0 0.642068
 0 0.642175
 0 0.642175
 0 0.642219
 0 0.642257
 0 0.642257
 0 0.642294
 0 0.642294
 0 0.642411
 0 0.642428
 0 0.64248
 0 0.642481
 0 0.642481
 0 0.642535
 0 0.642535
 0 0.642535
 0 0.642535
 0 0.642618
 0 0.642648
 0 0.642648
 0 0.642751
 0 0.642751
 0 0.642751
 0 0.642935
 0 0.642935
 0 0.642935
 0 0.642956
 0 0.642957
 0 0.642997
 0 0.64309
 0 0.643281
 0 0.64331
 0 0.643311
 0 0.643387
 0 0.643387
 0 0.643387
 0 0.643388
 0 0.643559
 0 0.643559
 0 0.643638
 0 0.643638
 0 0.64368
 0 0.643682
 0 0.643682
 0 0.643682
 0 0.643717
 0 0.643734
 0 0.643793
 0 0.643794
 0 0.643842
 0 0.64388
 0 0.644052
 0 0.644147
 0 0.644148
 0 0.644148
 0 0.644171
 0 0.644171
 0 0.644227
 0 0.644228
 0 0.644768
 0 0.644941
 0 0.644941
 0 0.645194
 0 0.646081
 0 0.646081
 0 0.646611
 0 0.646822
 0 0.646903
 0 0.647432
 0 0.648989
 0 0.648989
 0 0.648991
 0 0.648991
 0 0.648991
 0 0.650211
 0 inf
