 0 0.62653
 0 0.626531
 0 0.626572
 0 0.626925
 0 0.626932
 0 0.626932
 0 0.627025
 0 0.627026
 0 0.627027
 0 0.62703
 0 0.627855
 0 0.627855
 0 0.627892
 0 0.627892
 0 0.627892
 0 0.627896
 0 0.627904
 0 0.628351
 0 0.628516
 0 0.628594
 0 0.6286
 0 0.6286
 0 0.628768
 0 0.628768
 0 0.628774
 0 0.628775
 0 0.628944
 0 0.628944
 0 0.629085
 0 0.629123
 0 0.629123
 0 0.629123
 0 0.629144
 0 0.629415
 0 0.629415
 0 0.629479
 0 0.629582
 0 0.629583
 0 0.629583
 0 0.629583
 0 0.629587
 0 0.629587
 0 0.629595
 0 0.629622
 0 0.629631
 0 0.629663
 0 0.62983
 0 0.629864
 0 0.6299
 0 0.6299
 0 0.6299
 0 0.6299
 0 0.629907
 0 0.629931
 0 0.629988
 0 0.629995
 0 0.630098
 0 0.630098
 0 0.630189
 0 0.630195
 0 0.630195
 0 0.63021
 0 0.63021
 0 0.63021
 0 0.63021
 0 0.63026
 0 0.630261
 0 0.630262
 0 0.630288
 0 0.630311
 0 0.630379
 0 0.630379
 0 0.630379
 0 0.630383
 0 0.630383
 0 0.630385
 0 0.630386
 0 0.630386
 0 0.630411
 0 0.630411
 0 0.630429
 0 0.630429
 0 0.630433
 0 0.630476
 0 0.630476
 0 0.630483
 0 0.630492
 0 0.630492
 0 0.630503
 0 0.630509
 0 0.630517
 0 0.630531
 0 0.630532
 0 0.630559
 0 0.630559
 0 0.630642
 0 0.630643
 0 0.630662
 0 0.630662
 0 0.630706
 0 0.630707
 0 0.630707
 0 0.630714
 0 0.630775
 0 0.630776
 0 0.63082
 0 0.630821
 0 0.630823
 0 0.630823
 0 0.630823
 0 0.630837
 0 0.630892
 0 0.630895
 0 0.630913
 0 0.630914
 0 0.630931
 0 0.630933
 0 0.630952
 0 0.630974
 0 0.630997
 0 0.631008
 0 0.631015
 0 0.631019
 0 0.631025
 0 0.63103
 0 0.63103
 0 0.631053
 0 0.631053
 0 0.631056
 0 0.631056
 0 0.631077
 0 0.631091
 0 0.631091
 0 0.631104
 0 0.631163
 0 0.631167
 0 0.631167
 0 0.631171
 0 0.631172
 0 0.631172
 0 0.631175
 0 0.631175
 0 0.631175
 0 0.631178
 0 0.631211
 0 0.631212
 0 0.631212
 0 0.631223
 0 0.631225
 0 0.631226
 0 0.631231
 0 0.631231
 0 0.631295
 0 0.631305
 0 0.631305
 0 0.631342
 0 0.631346
 0 0.631346
 0 0.631347
 0 0.631348
 0 0.631357
 0 0.631403
 0 0.631417
 0 0.63146
 0 0.63146
 0 0.631464
 0 0.631464
 0 0.631497
 0 0.631497
 0 0.631549
 0 0.631549
 0 0.631549
 0 0.631567
 0 0.631567
 0 0.631572
 0 0.631576
 0 0.631576
 0 0.631578
 0 0.631578
 0 0.631589
 0 0.631589
 0 0.631595
 0 0.631596
 0 0.6316
 0 0.6316
 0 0.631609
 0 0.631625
 0 0.631625
 0 0.631644
 0 0.631651
 0 0.631651
 0 0.631692
 0 0.631693
 0 0.631704
 0 0.631704
 0 0.631716
 0 0.631739
 0 0.631741
 0 0.631741
 0 0.631741
 0 0.631744
 0 0.631744
 0 0.631748
 0 0.631749
 0 0.631749
 0 0.631778
 0 0.631778
 0 0.631782
 0 0.631783
 0 0.631819
 0 0.631845
 0 0.631846
 0 0.631848
 0 0.631848
 0 0.631866
 0 0.631873
 0 0.631902
 0 0.631918
 0 0.631918
 0 0.631919
 0 0.631919
 0 0.631919
 0 0.631919
 0 0.631923
 0 0.631932
 0 0.631932
 0 0.631939
 0 0.631939
 0 0.631939
 0 0.631939
 0 0.631939
 0 0.631947
 0 0.631948
 0 0.631948
 0 0.631949
 0 0.631953
 0 0.631953
 0 0.631954
 0 0.631954
 0 0.631956
 0 0.63196
 0 0.631975
 0 0.631975
 0 0.631982
 0 0.632011
 0 0.632021
 0 0.632022
 0 0.63204
 0 0.632045
 0 0.632047
 0 0.632049
 0 0.632059
 0 0.632067
 0 0.632067
 0 0.632079
 0 0.632081
 0 0.632082
 0 0.632082
 0 0.632082
 0 0.632085
 0 0.632087
 0 0.632087
 0 0.632105
 0 0.632105
 0 0.632113
 0 0.632117
 0 0.632123
 0 0.632124
 0 0.632127
 0 0.632128
 0 0.632132
 0 0.632134
 0 0.632156
 0 0.632156
 0 0.632164
 0 0.632181
 0 0.63221
 0 0.63221
 0 0.632212
 0 0.632227
 0 0.632229
 0 0.632247
 0 0.632249
 0 0.632269
 0 0.632269
 0 0.632269
 0 0.63228
 0 0.632282
 0 0.632282
 0 0.632296
 0 0.632296
 0 0.632298
 0 0.632298
 0 0.632298
 0 0.632298
 0 0.632299
 0 0.632304
 0 0.632312
 0 0.632322
 0 0.632331
 0 0.632332
 0 0.632347
 0 0.632352
 0 0.632363
 0 0.632364
 0 0.63237
 0 0.632378
 0 0.632405
 0 0.63244
 0 0.632447
 0 0.632449
 0 0.63247
 0 0.632472
 0 0.632472
 0 0.632472
 0 0.632472
 0 0.632474
 0 0.632475
 0 0.632476
 0 0.632476
 0 0.632511
 0 0.632529
 0 0.632529
 0 0.632531
 0 0.632533
 0 0.632545
 0 0.632545
 0 0.632546
 0 0.632549
 0 0.632549
 0 0.632555
 0 0.632561
 0 0.632562
 0 0.632562
 0 0.632562
 0 0.632563
 0 0.632573
 0 0.632573
 0 0.63258
 0 0.63258
 0 0.63258
 0 0.632581
 0 0.632581
 0 0.632608
 0 0.632609
 0 0.632618
 0 0.632619
 0 0.632639
 0 0.632641
 0 0.632652
 0 0.63267
 0 0.63267
 0 0.63267
 0 0.63267
 0 0.63267
 0 0.632672
 0 0.632675
 0 0.632675
 0 0.632681
 0 0.632681
 0 0.632681
 0 0.632689
 0 0.632702
 0 0.632702
 0 0.632707
 0 0.632731
 0 0.632731
 0 0.632746
 0 0.632751
 0 0.632751
 0 0.632753
 0 0.632757
 0 0.632757
 0 0.632758
 0 0.632762
 0 0.632767
 0 0.632785
 0 0.632785
 0 0.632785
 0 0.63279
 0 0.632808
 0 0.632837
 0 0.632859
 0 0.632866
 0 0.63287
 0 0.63287
 0 0.632878
 0 0.632881
 0 0.632881
 0 0.632892
 0 0.632895
 0 0.632906
 0 0.632906
 0 0.632922
 0 0.632933
 0 0.632946
 0 0.632946
 0 0.632946
 0 0.632948
 0 0.632948
 0 0.632948
 0 0.632952
 0 0.632952
 0 0.632958
 0 0.63296
 0 0.63297
 0 0.632979
 0 0.632979
 0 0.632981
 0 0.632981
 0 0.632984
 0 0.632987
 0 0.632988
 0 0.632993
 0 0.632993
 0 0.633001
 0 0.633002
 0 0.633002
 0 0.633002
 0 0.633002
 0 0.633004
 0 0.633007
 0 0.63301
 0 0.633017
 0 0.63302
 0 0.633024
 0 0.633025
 0 0.633027
 0 0.633027
 0 0.633027
 0 0.633036
 0 0.633036
 0 0.633039
 0 0.633042
 0 0.633044
 0 0.633044
 0 0.633045
 0 0.633045
 0 0.633046
 0 0.633046
 0 0.633047
 0 0.633048
 0 0.633054
 0 0.633054
 0 0.633054
 0 0.633062
 0 0.633063
 0 0.633064
 0 0.633064
 0 0.633079
 0 0.63308
 0 0.633085
 0 0.633094
 0 0.633094
 0 0.633106
 0 0.633107
 0 0.633112
 0 0.633112
 0 0.633126
 0 0.633127
 0 0.633127
 0 0.633127
 0 0.633129
 0 0.63313
 0 0.633131
 0 0.633143
 0 0.633143
 0 0.633143
 0 0.633155
 0 0.633156
 0 0.63316
 0 0.633174
 0 0.633174
 0 0.633183
 0 0.633184
 0 0.633184
 0 0.633184
 0 0.633185
 0 0.633189
 0 0.633189
 0 0.633192
 0 0.633193
 0 0.633198
 0 0.633203
 0 0.633205
 0 0.633205
 0 0.63321
 0 0.633223
 0 0.633224
 0 0.633224
 0 0.633224
 0 0.63323
 0 0.63323
 0 0.633233
 0 0.633233
 0 0.633235
 0 0.633235
 0 0.633236
 0 0.633249
 0 0.633249
 0 0.63325
 0 0.633252
 0 0.633252
 0 0.633256
 0 0.633257
 0 0.633269
 0 0.633269
 0 0.633269
 0 0.63327
 0 0.633289
 0 0.633289
 0 0.633292
 0 0.633299
 0 0.6333
 0 0.633303
 0 0.633305
 0 0.633305
 0 0.633318
 0 0.633318
 0 0.633321
 0 0.633327
 0 0.633338
 0 0.633341
 0 0.633343
 0 0.633343
 0 0.633343
 0 0.633344
 0 0.633344
 0 0.633344
 0 0.633344
 0 0.633345
 0 0.633354
 0 0.633355
 0 0.633357
 0 0.633373
 0 0.633373
 0 0.63338
 0 0.63338
 0 0.633412
 0 0.633415
 0 0.633434
 0 0.633436
 0 0.633437
 0 0.633437
 0 0.633446
 0 0.633446
 0 0.633449
 0 0.633461
 0 0.633465
 0 0.633473
 0 0.633473
 0 0.633477
 0 0.633478
 0 0.633489
 0 0.633491
 0 0.633491
 0 0.633511
 0 0.633513
 0 0.633514
 0 0.633515
 0 0.633518
 0 0.633519
 0 0.63352
 0 0.633521
 0 0.633527
 0 0.633532
 0 0.633536
 0 0.633547
 0 0.633551
 0 0.633559
 0 0.633559
 0 0.633559
 0 0.633566
 0 0.63358
 0 0.633592
 0 0.633593
 0 0.633595
 0 0.633598
 0 0.633599
 0 0.633602
 0 0.633602
 0 0.633603
 0 0.633603
 0 0.633608
 0 0.633631
 0 0.633635
 0 0.633643
 0 0.633643
 0 0.633653
 0 0.633656
 0 0.633663
 0 0.633663
 0 0.633675
 0 0.633675
 0 0.633677
 0 0.633677
 0 0.633677
 0 0.633677
 0 0.633679
 0 0.633681
 0 0.633681
 0 0.633684
 0 0.633684
 0 0.633684
 0 0.633691
 0 0.633691
 0 0.633699
 0 0.633701
 0 0.633702
 0 0.633702
 0 0.633702
 0 0.633714
 0 0.633725
 0 0.633725
 0 0.633726
 0 0.633728
 0 0.633728
 0 0.633731
 0 0.633731
 0 0.633731
 0 0.633732
 0 0.633737
 0 0.633739
 0 0.633739
 0 0.633747
 0 0.633747
 0 0.633752
 0 0.633769
 0 0.63377
 0 0.633772
 0 0.633772
 0 0.633778
 0 0.633788
 0 0.63379
 0 0.633793
 0 0.633793
 0 0.633795
 0 0.633795
 0 0.633808
 0 0.633821
 0 0.633821
 0 0.633836
 0 0.633836
 0 0.633836
 0 0.633845
 0 0.633846
 0 0.63385
 0 0.633853
 0 0.633859
 0 0.633864
 0 0.633867
 0 0.633868
 0 0.633868
 0 0.633869
 0 0.633869
 0 0.633873
 0 0.633878
 0 0.633878
 0 0.633882
 0 0.633883
 0 0.633883
 0 0.633889
 0 0.633892
 0 0.633903
 0 0.633905
 0 0.633912
 0 0.633912
 0 0.633919
 0 0.633921
 0 0.633923
 0 0.633924
 0 0.633926
 0 0.633928
 0 0.63393
 0 0.633938
 0 0.63394
 0 0.633942
 0 0.633942
 0 0.633946
 0 0.633951
 0 0.633969
 0 0.633969
 0 0.633969
 0 0.63397
 0 0.633972
 0 0.633973
 0 0.633973
 0 0.633977
 0 0.633988
 0 0.63399
 0 0.633995
 0 0.633995
 0 0.633996
 0 0.633996
 0 0.633997
 0 0.634003
 0 0.634003
 0 0.634003
 0 0.634004
 0 0.634004
 0 0.634004
 0 0.634009
 0 0.634009
 0 0.634009
 0 0.63401
 0 0.63401
 0 0.634016
 0 0.634022
 0 0.63403
 0 0.634031
 0 0.634036
 0 0.634036
 0 0.634037
 0 0.634042
 0 0.634044
 0 0.634045
 0 0.634045
 0 0.634045
 0 0.634045
 0 0.634045
 0 0.63405
 0 0.634052
 0 0.634056
 0 0.634058
 0 0.634058
 0 0.634061
 0 0.634061
 0 0.634061
 0 0.634062
 0 0.634072
 0 0.634075
 0 0.634077
 0 0.634077
 0 0.634082
 0 0.634082
 0 0.634083
 0 0.634084
 0 0.634089
 0 0.634099
 0 0.634099
 0 0.634099
 0 0.6341
 0 0.634102
 0 0.634105
 0 0.634119
 0 0.634119
 0 0.63412
 0 0.634123
 0 0.634125
 0 0.634125
 0 0.634126
 0 0.634127
 0 0.634149
 0 0.634149
 0 0.634149
 0 0.634149
 0 0.634151
 0 0.634157
 0 0.634157
 0 0.63416
 0 0.634161
 0 0.634161
 0 0.634161
 0 0.634163
 0 0.634163
 0 0.634165
 0 0.634165
 0 0.634168
 0 0.634168
 0 0.634168
 0 0.634169
 0 0.634169
 0 0.634169
 0 0.634199
 0 0.634217
 0 0.634222
 0 0.634222
 0 0.634222
 0 0.634222
 0 0.634225
 0 0.634229
 0 0.634236
 0 0.634238
 0 0.634239
 0 0.634239
 0 0.63424
 0 0.63424
 0 0.63424
 0 0.634243
 0 0.634244
 0 0.634245
 0 0.634247
 0 0.634247
 0 0.634256
 0 0.634265
 0 0.634273
 0 0.634281
 0 0.634282
 0 0.634283
 0 0.634284
 0 0.634286
 0 0.634299
 0 0.634299
 0 0.6343
 0 0.634303
 0 0.634315
 0 0.634315
 0 0.634319
 0 0.634319
 0 0.634324
 0 0.634329
 0 0.634329
 0 0.634335
 0 0.634342
 0 0.634343
 0 0.634346
 0 0.634347
 0 0.634348
 0 0.634348
 0 0.634349
 0 0.634349
 0 0.634349
 0 0.634359
 0 0.634359
 0 0.63438
 0 0.634386
 0 0.634387
 0 0.634387
 0 0.634387
 0 0.634387
 0 0.63439
 0 0.634392
 0 0.634398
 0 0.634398
 0 0.634398
 0 0.634398
 0 0.634398
 0 0.634399
 0 0.634401
 0 0.634401
 0 0.63441
 0 0.63441
 0 0.63441
 0 0.63441
 0 0.634424
 0 0.634429
 0 0.634433
 0 0.634433
 0 0.634434
 0 0.634434
 0 0.634435
 0 0.634438
 0 0.634438
 0 0.634438
 0 0.634443
 0 0.634443
 0 0.634462
 0 0.634462
 0 0.634505
 0 0.634505
 0 0.634505
 0 0.634515
 0 0.634534
 0 0.634538
 0 0.634541
 0 0.634543
 0 0.634546
 0 0.634548
 0 0.634576
 0 0.634577
 0 0.634586
 0 0.634587
 0 0.634592
 0 0.634592
 0 0.634598
 0 0.634598
 0 0.6346
 0 0.6346
 0 0.634603
 0 0.634603
 0 0.634603
 0 0.634606
 0 0.634609
 0 0.634609
 0 0.634611
 0 0.634613
 0 0.634613
 0 0.634616
 0 0.634621
 0 0.634621
 0 0.634621
 0 0.634622
 0 0.634622
 0 0.634622
 0 0.634622
 0 0.634624
 0 0.634625
 0 0.634628
 0 0.634634
 0 0.634634
 0 0.634649
 0 0.634651
 0 0.634656
 0 0.634656
 0 0.634656
 0 0.634656
 0 0.634659
 0 0.634659
 0 0.634659
 0 0.634661
 0 0.634672
 0 0.634677
 0 0.634679
 0 0.634682
 0 0.634686
 0 0.63469
 0 0.63469
 0 0.634691
 0 0.634691
 0 0.634692
 0 0.63471
 0 0.634714
 0 0.634717
 0 0.634717
 0 0.634718
 0 0.634719
 0 0.63472
 0 0.634723
 0 0.63473
 0 0.63473
 0 0.63473
 0 0.634735
 0 0.634736
 0 0.634738
 0 0.634747
 0 0.63475
 0 0.63475
 0 0.634751
 0 0.634754
 0 0.634755
 0 0.634755
 0 0.634756
 0 0.634758
 0 0.63476
 0 0.634761
 0 0.634761
 0 0.634761
 0 0.634761
 0 0.634777
 0 0.634782
 0 0.634783
 0 0.634785
 0 0.634786
 0 0.634797
 0 0.634798
 0 0.6348
 0 0.63481
 0 0.634811
 0 0.634814
 0 0.634815
 0 0.634821
 0 0.634824
 0 0.634824
 0 0.634824
 0 0.634824
 0 0.634831
 0 0.634831
 0 0.634831
 0 0.634831
 0 0.634832
 0 0.634835
 0 0.634854
 0 0.634854
 0 0.634855
 0 0.634856
 0 0.634857
 0 0.634859
 0 0.63486
 0 0.63486
 0 0.634862
 0 0.634862
 0 0.634862
 0 0.634871
 0 0.634871
 0 0.634871
 0 0.634871
 0 0.634872
 0 0.634872
 0 0.634874
 0 0.634874
 0 0.634874
 0 0.634875
 0 0.634875
 0 0.634875
 0 0.634875
 0 0.634877
 0 0.634877
 0 0.634883
 0 0.63489
 0 0.634895
 0 0.634903
 0 0.634903
 0 0.634908
 0 0.634909
 0 0.634922
 0 0.634929
 0 0.634939
 0 0.634939
 0 0.634944
 0 0.634944
 0 0.634944
 0 0.63495
 0 0.63495
 0 0.63495
 0 0.634957
 0 0.634957
 0 0.634966
 0 0.634968
 0 0.634973
 0 0.634985
 0 0.634991
 0 0.635004
 0 0.635021
 0 0.635026
 0 0.635028
 0 0.635033
 0 0.635036
 0 0.635043
 0 0.635043
 0 0.635045
 0 0.635046
 0 0.635046
 0 0.635047
 0 0.63505
 0 0.635052
 0 0.635052
 0 0.635054
 0 0.635056
 0 0.635056
 0 0.635071
 0 0.635071
 0 0.635074
 0 0.635083
 0 0.635083
 0 0.635084
 0 0.635084
 0 0.635109
 0 0.635112
 0 0.635114
 0 0.635114
 0 0.635114
 0 0.635114
 0 0.635114
 0 0.635115
 0 0.635115
 0 0.635122
 0 0.635123
 0 0.635124
 0 0.63514
 0 0.635143
 0 0.635154
 0 0.635154
 0 0.63518
 0 0.63518
 0 0.635189
 0 0.635195
 0 0.635198
 0 0.6352
 0 0.635201
 0 0.635201
 0 0.635205
 0 0.635205
 0 0.635205
 0 0.635206
 0 0.635219
 0 0.635232
 0 0.635233
 0 0.635237
 0 0.635249
 0 0.635249
 0 0.635258
 0 0.635258
 0 0.63526
 0 0.63526
 0 0.635272
 0 0.635277
 0 0.635315
 0 0.635315
 0 0.635322
 0 0.635322
 0 0.635322
 0 0.635322
 0 0.635322
 0 0.635322
 0 0.635323
 0 0.635323
 0 0.635324
 0 0.635324
 0 0.635327
 0 0.635328
 0 0.635333
 0 0.635333
 0 0.635345
 0 0.635351
 0 0.635351
 0 0.635352
 0 0.635352
 0 0.635352
 0 0.635352
 0 0.635353
 0 0.635357
 0 0.63538
 0 0.635385
 0 0.635385
 0 0.635387
 0 0.63539
 0 0.63539
 0 0.63539
 0 0.635395
 0 0.635396
 0 0.635397
 0 0.635399
 0 0.635399
 0 0.635403
 0 0.63541
 0 0.63542
 0 0.635422
 0 0.635423
 0 0.635426
 0 0.635445
 0 0.635453
 0 0.635453
 0 0.635453
 0 0.635454
 0 0.635454
 0 0.63546
 0 0.63546
 0 0.635462
 0 0.635465
 0 0.635466
 0 0.635467
 0 0.635468
 0 0.635468
 0 0.635468
 0 0.635484
 0 0.635485
 0 0.635485
 0 0.635492
 0 0.635492
 0 0.635497
 0 0.635497
 0 0.635497
 0 0.635497
 0 0.635498
 0 0.635499
 0 0.635499
 0 0.635501
 0 0.635502
 0 0.635502
 0 0.635503
 0 0.635504
 0 0.635504
 0 0.635506
 0 0.635506
 0 0.63551
 0 0.635519
 0 0.635536
 0 0.635541
 0 0.635541
 0 0.635541
 0 0.635549
 0 0.635549
 0 0.635554
 0 0.635558
 0 0.635558
 0 0.635566
 0 0.635573
 0 0.635599
 0 0.635606
 0 0.635621
 0 0.635628
 0 0.635628
 0 0.63565
 0 0.63565
 0 0.635659
 0 0.635662
 0 0.635666
 0 0.635666
 0 0.635667
 0 0.635668
 0 0.63568
 0 0.63568
 0 0.635706
 0 0.635706
 0 0.635711
 0 0.635712
 0 0.635712
 0 0.635728
 0 0.635728
 0 0.635729
 0 0.635734
 0 0.635734
 0 0.635743
 0 0.635749
 0 0.635751
 0 0.635751
 0 0.635751
 0 0.635751
 0 0.635753
 0 0.635756
 0 0.635756
 0 0.635756
 0 0.635757
 0 0.635758
 0 0.635759
 0 0.63576
 0 0.635769
 0 0.635769
 0 0.635769
 0 0.635769
 0 0.635769
 0 0.635774
 0 0.635774
 0 0.635774
 0 0.635775
 0 0.635776
 0 0.635785
 0 0.635789
 0 0.635789
 0 0.63579
 0 0.635791
 0 0.635792
 0 0.635793
 0 0.635795
 0 0.635799
 0 0.635801
 0 0.635802
 0 0.635805
 0 0.635806
 0 0.635806
 0 0.635806
 0 0.635807
 0 0.635807
 0 0.635807
 0 0.635816
 0 0.635816
 0 0.635816
 0 0.635816
 0 0.635816
 0 0.635824
 0 0.635824
 0 0.635825
 0 0.635839
 0 0.635853
 0 0.635853
 0 0.635853
 0 0.635862
 0 0.63587
 0 0.63587
 0 0.635873
 0 0.635876
 0 0.635896
 0 0.635897
 0 0.635902
 0 0.635902
 0 0.635923
 0 0.635923
 0 0.635925
 0 0.635926
 0 0.63593
 0 0.63593
 0 0.635932
 0 0.635932
 0 0.635936
 0 0.635936
 0 0.635945
 0 0.635945
 0 0.635945
 0 0.635964
 0 0.635965
 0 0.635966
 0 0.635969
 0 0.635969
 0 0.635973
 0 0.635984
 0 0.635984
 0 0.635992
 0 0.635993
 0 0.635993
 0 0.63601
 0 0.636011
 0 0.636011
 0 0.636011
 0 0.636016
 0 0.636022
 0 0.636023
 0 0.636023
 0 0.63603
 0 0.63603
 0 0.63603
 0 0.636039
 0 0.636041
 0 0.636047
 0 0.636047
 0 0.636048
 0 0.636049
 0 0.636049
 0 0.636054
 0 0.636054
 0 0.63606
 0 0.63606
 0 0.636061
 0 0.636062
 0 0.636064
 0 0.636064
 0 0.636064
 0 0.636073
 0 0.636073
 0 0.636074
 0 0.636082
 0 0.636082
 0 0.636082
 0 0.636087
 0 0.636087
 0 0.636091
 0 0.636099
 0 0.636114
 0 0.636114
 0 0.636124
 0 0.636124
 0 0.636124
 0 0.636137
 0 0.636142
 0 0.636144
 0 0.636144
 0 0.636151
 0 0.636152
 0 0.636152
 0 0.636153
 0 0.636155
 0 0.636159
 0 0.636159
 0 0.636159
 0 0.636164
 0 0.636164
 0 0.636177
 0 0.636177
 0 0.636177
 0 0.636177
 0 0.636195
 0 0.636199
 0 0.636199
 0 0.63621
 0 0.636219
 0 0.636219
 0 0.63622
 0 0.636222
 0 0.636222
 0 0.636222
 0 0.636226
 0 0.636227
 0 0.63623
 0 0.636243
 0 0.636247
 0 0.636249
 0 0.636261
 0 0.636276
 0 0.636276
 0 0.636276
 0 0.636277
 0 0.636279
 0 0.63628
 0 0.63629
 0 0.636291
 0 0.636291
 0 0.636293
 0 0.636293
 0 0.636294
 0 0.636294
 0 0.636294
 0 0.636295
 0 0.636295
 0 0.636296
 0 0.636296
 0 0.636297
 0 0.636297
 0 0.636297
 0 0.636297
 0 0.636298
 0 0.636303
 0 0.636303
 0 0.636303
 0 0.63631
 0 0.636312
 0 0.636315
 0 0.636324
 0 0.636324
 0 0.636324
 0 0.63633
 0 0.63633
 0 0.636331
 0 0.636331
 0 0.636339
 0 0.63634
 0 0.636346
 0 0.636353
 0 0.636359
 0 0.636359
 0 0.63636
 0 0.636361
 0 0.636362
 0 0.636371
 0 0.636373
 0 0.636381
 0 0.63639
 0 0.636394
 0 0.636394
 0 0.636394
 0 0.636404
 0 0.636411
 0 0.63642
 0 0.636431
 0 0.636431
 0 0.636434
 0 0.636438
 0 0.636455
 0 0.636456
 0 0.636467
 0 0.636471
 0 0.636473
 0 0.63648
 0 0.63648
 0 0.636481
 0 0.636481
 0 0.636481
 0 0.636499
 0 0.636499
 0 0.636501
 0 0.636501
 0 0.636513
 0 0.636514
 0 0.636524
 0 0.636525
 0 0.636526
 0 0.636528
 0 0.636528
 0 0.636529
 0 0.63653
 0 0.63653
 0 0.63653
 0 0.636531
 0 0.636531
 0 0.636532
 0 0.636532
 0 0.636541
 0 0.636542
 0 0.636542
 0 0.636542
 0 0.636543
 0 0.636545
 0 0.63658
 0 0.63659
 0 0.636602
 0 0.636602
 0 0.636612
 0 0.63662
 0 0.636622
 0 0.63663
 0 0.636638
 0 0.636642
 0 0.636655
 0 0.636665
 0 0.636665
 0 0.636674
 0 0.636677
 0 0.636678
 0 0.636678
 0 0.63668
 0 0.636681
 0 0.636683
 0 0.636687
 0 0.636694
 0 0.636704
 0 0.63671
 0 0.636714
 0 0.636718
 0 0.636718
 0 0.636719
 0 0.636745
 0 0.636745
 0 0.636746
 0 0.636747
 0 0.636747
 0 0.636748
 0 0.636748
 0 0.63675
 0 0.63675
 0 0.636751
 0 0.636756
 0 0.636774
 0 0.636783
 0 0.636786
 0 0.636786
 0 0.636787
 0 0.636813
 0 0.636813
 0 0.636814
 0 0.636816
 0 0.636819
 0 0.636819
 0 0.636821
 0 0.636821
 0 0.636825
 0 0.636826
 0 0.636831
 0 0.636831
 0 0.636838
 0 0.636844
 0 0.636844
 0 0.636845
 0 0.636856
 0 0.636856
 0 0.63686
 0 0.636883
 0 0.636886
 0 0.636887
 0 0.636887
 0 0.636887
 0 0.636887
 0 0.636894
 0 0.636905
 0 0.636905
 0 0.636905
 0 0.636905
 0 0.636907
 0 0.636907
 0 0.636907
 0 0.636907
 0 0.636907
 0 0.636907
 0 0.636907
 0 0.636914
 0 0.636925
 0 0.636929
 0 0.636929
 0 0.636933
 0 0.636933
 0 0.636934
 0 0.636934
 0 0.636934
 0 0.636943
 0 0.636947
 0 0.636962
 0 0.636962
 0 0.636965
 0 0.636966
 0 0.636966
 0 0.63697
 0 0.636972
 0 0.636972
 0 0.63698
 0 0.63698
 0 0.636985
 0 0.636986
 0 0.636996
 0 0.636996
 0 0.636996
 0 0.636996
 0 0.636999
 0 0.637
 0 0.637001
 0 0.637002
 0 0.637012
 0 0.637012
 0 0.637012
 0 0.637015
 0 0.63702
 0 0.637023
 0 0.637027
 0 0.637033
 0 0.637036
 0 0.63704
 0 0.63705
 0 0.63705
 0 0.637066
 0 0.637066
 0 0.637074
 0 0.637081
 0 0.637082
 0 0.637091
 0 0.637092
 0 0.637092
 0 0.637092
 0 0.637093
 0 0.637096
 0 0.637102
 0 0.637105
 0 0.637106
 0 0.637107
 0 0.637108
 0 0.637108
 0 0.63711
 0 0.63711
 0 0.63711
 0 0.63713
 0 0.63714
 0 0.63715
 0 0.637151
 0 0.637153
 0 0.637153
 0 0.637154
 0 0.637157
 0 0.637157
 0 0.637157
 0 0.637157
 0 0.637161
 0 0.637161
 0 0.637161
 0 0.637165
 0 0.637167
 0 0.637174
 0 0.637174
 0 0.637175
 0 0.637175
 0 0.637184
 0 0.637184
 0 0.637185
 0 0.637189
 0 0.637189
 0 0.637196
 0 0.637198
 0 0.6372
 0 0.637205
 0 0.637208
 0 0.637214
 0 0.637216
 0 0.637221
 0 0.637222
 0 0.637228
 0 0.637235
 0 0.637235
 0 0.637249
 0 0.637252
 0 0.637257
 0 0.63728
 0 0.63728
 0 0.637286
 0 0.637295
 0 0.637295
 0 0.637297
 0 0.637305
 0 0.637305
 0 0.637312
 0 0.637325
 0 0.637338
 0 0.637338
 0 0.637347
 0 0.637352
 0 0.637355
 0 0.63736
 0 0.63736
 0 0.637361
 0 0.637362
 0 0.637363
 0 0.637363
 0 0.637363
 0 0.637364
 0 0.637364
 0 0.637367
 0 0.637369
 0 0.637379
 0 0.637379
 0 0.637384
 0 0.637395
 0 0.637423
 0 0.63744
 0 0.63744
 0 0.637451
 0 0.637452
 0 0.637452
 0 0.637456
 0 0.637458
 0 0.637458
 0 0.637461
 0 0.637461
 0 0.637461
 0 0.637462
 0 0.63748
 0 0.63748
 0 0.637481
 0 0.637482
 0 0.637486
 0 0.637488
 0 0.637489
 0 0.637489
 0 0.637493
 0 0.637496
 0 0.637496
 0 0.637498
 0 0.637501
 0 0.63751
 0 0.63751
 0 0.63751
 0 0.63751
 0 0.637513
 0 0.63752
 0 0.63752
 0 0.63752
 0 0.637537
 0 0.637537
 0 0.637538
 0 0.637538
 0 0.637543
 0 0.637549
 0 0.637549
 0 0.637557
 0 0.637562
 0 0.637577
 0 0.637588
 0 0.637588
 0 0.637604
 0 0.637608
 0 0.637609
 0 0.637612
 0 0.637612
 0 0.637616
 0 0.637616
 0 0.637619
 0 0.637628
 0 0.637654
 0 0.637654
 0 0.637671
 0 0.637673
 0 0.637675
 0 0.637696
 0 0.637697
 0 0.637707
 0 0.637707
 0 0.637715
 0 0.637715
 0 0.637717
 0 0.637718
 0 0.637718
 0 0.637728
 0 0.637728
 0 0.637729
 0 0.637734
 0 0.637735
 0 0.637741
 0 0.637741
 0 0.637756
 0 0.637756
 0 0.637756
 0 0.637762
 0 0.637762
 0 0.637762
 0 0.637765
 0 0.637765
 0 0.637765
 0 0.637767
 0 0.637772
 0 0.637772
 0 0.637773
 0 0.637774
 0 0.637774
 0 0.637775
 0 0.637781
 0 0.63779
 0 0.637791
 0 0.637791
 0 0.637791
 0 0.637804
 0 0.637805
 0 0.637811
 0 0.637811
 0 0.637824
 0 0.637834
 0 0.637851
 0 0.637853
 0 0.637868
 0 0.637887
 0 0.637888
 0 0.637904
 0 0.637904
 0 0.637907
 0 0.637907
 0 0.637911
 0 0.637917
 0 0.637917
 0 0.637917
 0 0.637924
 0 0.637924
 0 0.637956
 0 0.637957
 0 0.637969
 0 0.637969
 0 0.63797
 0 0.637976
 0 0.637979
 0 0.63798
 0 0.637983
 0 0.637986
 0 0.637989
 0 0.63799
 0 0.637992
 0 0.638009
 0 0.638015
 0 0.638015
 0 0.638015
 0 0.638024
 0 0.638024
 0 0.638029
 0 0.63803
 0 0.638031
 0 0.638041
 0 0.638041
 0 0.638054
 0 0.638056
 0 0.638079
 0 0.638079
 0 0.63808
 0 0.638085
 0 0.638085
 0 0.638086
 0 0.638089
 0 0.63809
 0 0.638096
 0 0.638107
 0 0.638107
 0 0.638109
 0 0.638111
 0 0.638111
 0 0.638111
 0 0.638111
 0 0.638112
 0 0.638112
 0 0.638142
 0 0.638142
 0 0.638142
 0 0.638159
 0 0.63816
 0 0.638161
 0 0.638172
 0 0.638172
 0 0.638172
 0 0.638172
 0 0.638176
 0 0.638184
 0 0.638185
 0 0.638185
 0 0.638192
 0 0.638194
 0 0.638194
 0 0.638194
 0 0.638196
 0 0.638205
 0 0.638205
 0 0.638212
 0 0.638212
 0 0.638212
 0 0.638223
 0 0.638229
 0 0.638237
 0 0.638253
 0 0.638255
 0 0.638255
 0 0.638268
 0 0.638285
 0 0.638289
 0 0.638294
 0 0.638294
 0 0.638294
 0 0.638298
 0 0.638299
 0 0.6383
 0 0.6383
 0 0.638302
 0 0.638302
 0 0.638309
 0 0.638315
 0 0.638318
 0 0.63832
 0 0.638323
 0 0.638329
 0 0.638419
 0 0.638419
 0 0.638423
 0 0.638425
 0 0.638433
 0 0.638433
 0 0.638434
 0 0.638438
 0 0.638439
 0 0.638441
 0 0.638441
 0 0.638441
 0 0.638441
 0 0.638451
 0 0.638453
 0 0.638453
 0 0.638455
 0 0.638457
 0 0.638468
 0 0.638468
 0 0.638468
 0 0.638493
 0 0.638493
 0 0.638496
 0 0.638501
 0 0.638503
 0 0.638503
 0 0.638504
 0 0.638517
 0 0.638535
 0 0.638545
 0 0.638545
 0 0.638605
 0 0.638608
 0 0.63862
 0 0.638621
 0 0.638643
 0 0.638644
 0 0.638648
 0 0.63865
 0 0.63865
 0 0.63865
 0 0.638652
 0 0.638664
 0 0.638678
 0 0.638691
 0 0.638691
 0 0.638696
 0 0.638712
 0 0.638712
 0 0.638719
 0 0.638725
 0 0.638736
 0 0.638739
 0 0.638778
 0 0.638778
 0 0.638787
 0 0.638794
 0 0.638816
 0 0.638816
 0 0.638818
 0 0.638818
 0 0.638843
 0 0.638843
 0 0.63885
 0 0.638862
 0 0.638862
 0 0.638862
 0 0.638862
 0 0.638916
 0 0.638942
 0 0.638942
 0 0.638943
 0 0.638945
 0 0.638948
 0 0.638965
 0 0.638968
 0 0.638977
 0 0.639
 0 0.639014
 0 0.639015
 0 0.639015
 0 0.639019
 0 0.639025
 0 0.639027
 0 0.639027
 0 0.639036
 0 0.639036
 0 0.639036
 0 0.639037
 0 0.639038
 0 0.639045
 0 0.639048
 0 0.639048
 0 0.639064
 0 0.639064
 0 0.639064
 0 0.63908
 0 0.63908
 0 0.639083
 0 0.639085
 0 0.639085
 0 0.63909
 0 0.639101
 0 0.63912
 0 0.639125
 0 0.639125
 0 0.639208
 0 0.639208
 0 0.639209
 0 0.639209
 0 0.639214
 0 0.639215
 0 0.639217
 0 0.639222
 0 0.639227
 0 0.639228
 0 0.63924
 0 0.63924
 0 0.63926
 0 0.639263
 0 0.639263
 0 0.639263
 0 0.639263
 0 0.639278
 0 0.639281
 0 0.639284
 0 0.639284
 0 0.63929
 0 0.63929
 0 0.639292
 0 0.639292
 0 0.639295
 0 0.639295
 0 0.639295
 0 0.639301
 0 0.639302
 0 0.639306
 0 0.639307
 0 0.639341
 0 0.639352
 0 0.639352
 0 0.639354
 0 0.639354
 0 0.63938
 0 0.639383
 0 0.639383
 0 0.639384
 0 0.639417
 0 0.639437
 0 0.639437
 0 0.639441
 0 0.639441
 0 0.639445
 0 0.639503
 0 0.639503
 0 0.639511
 0 0.639518
 0 0.63957
 0 0.63957
 0 0.639577
 0 0.639577
 0 0.639578
 0 0.639582
 0 0.639582
 0 0.639602
 0 0.639614
 0 0.639614
 0 0.639655
 0 0.639655
 0 0.639655
 0 0.639655
 0 0.63966
 0 0.639662
 0 0.639667
 0 0.639698
 0 0.639719
 0 0.63972
 0 0.639736
 0 0.639736
 0 0.639794
 0 0.639794
 0 0.639845
 0 0.639984
 0 0.640008
 0 0.640008
 0 0.64001
 0 0.640045
 0 0.64007
 0 0.640071
 0 0.640071
 0 0.640076
 0 0.640086
 0 0.640119
 0 0.640139
 0 0.640165
 0 0.640166
 0 0.640268
 0 0.640273
 0 0.640274
 0 0.640279
 0 0.640291
 0 0.640293
 0 0.640293
 0 0.640338
 0 0.64035
 0 0.640351
 0 0.640351
 0 0.640351
 0 0.640362
 0 0.640368
 0 0.640384
 0 0.640384
 0 0.640384
 0 0.640435
 0 0.640435
 0 0.640435
 0 0.64045
 0 0.640551
 0 0.640552
 0 0.640558
 0 0.640559
 0 0.640615
 0 0.640615
 0 0.640699
 0 0.640699
 0 0.640718
 0 0.640726
 0 0.64073
 0 0.64073
 0 0.640731
 0 0.640759
 0 0.640888
 0 0.640974
 0 0.640974
 0 0.640981
 0 0.640981
 0 0.640981
 0 0.640992
 0 0.640992
 0 0.641005
 0 0.641013
 0 0.641102
 0 0.641505
 0 0.641603
 0 0.641686
 0 0.641742
 0 0.641744
 0 0.641848
 0 0.641849
 0 0.64185
 0 0.641851
 0 0.641978
 0 0.641979
 0 0.642003
 0 0.642003
 0 0.642005
 0 0.642005
 0 0.642006
 0 0.642006
 0 0.642008
 0 0.642138
 0 0.642196
 0 0.642314
 0 0.642574
 0 0.642759
 0 0.642759
 0 0.642759
 0 0.642801
 0 0.642801
 0 0.644148
 0 0.644148
 0 0.645024
 0 0.645385
 0 0.645385
 0 0.645701
 0 3.45697
 0 3.96815
 0 3.96816
 0 3.96856
 0 3.96856
 0 3.96856
 0 inf
