 0 0.493726
 0 0.494612
 0 0.494712
 0 0.494712
 0 0.494712
 0 0.494712
 0 0.626658
 0 0.626802
 0 0.626817
 0 0.626932
 0 0.627015
 0 0.627017
 0 0.627057
 0 0.627057
 0 0.627505
 0 0.627507
 0 0.627612
 0 0.627612
 0 0.627704
 0 0.627708
 0 0.627708
 0 0.627804
 0 0.627805
 0 0.627927
 0 0.62793
 0 0.627933
 0 0.628015
 0 0.628016
 0 0.628272
 0 0.628478
 0 0.628479
 0 0.628579
 0 0.628631
 0 0.628631
 0 0.628631
 0 0.628736
 0 0.628746
 0 0.628805
 0 0.628805
 0 0.628914
 0 0.628915
 0 0.628946
 0 0.629011
 0 0.629012
 0 0.629013
 0 0.629013
 0 0.629024
 0 0.629025
 0 0.629026
 0 0.629028
 0 0.629033
 0 0.62904
 0 0.62904
 0 0.629078
 0 0.629183
 0 0.629183
 0 0.6292
 0 0.629382
 0 0.629382
 0 0.629441
 0 0.629455
 0 0.629456
 0 0.62968
 0 0.629681
 0 0.629699
 0 0.629722
 0 0.629737
 0 0.629744
 0 0.629865
 0 0.629865
 0 0.629866
 0 0.629879
 0 0.629881
 0 0.630022
 0 0.63005
 0 0.630088
 0 0.630088
 0 0.63009
 0 0.630095
 0 0.630095
 0 0.630095
 0 0.630097
 0 0.630097
 0 0.630159
 0 0.630186
 0 0.630186
 0 0.630186
 0 0.630186
 0 0.630224
 0 0.630224
 0 0.630289
 0 0.63036
 0 0.630405
 0 0.630405
 0 0.630431
 0 0.630445
 0 0.630445
 0 0.630446
 0 0.630481
 0 0.630481
 0 0.630482
 0 0.630483
 0 0.630486
 0 0.630489
 0 0.630489
 0 0.63049
 0 0.630496
 0 0.630497
 0 0.630497
 0 0.630497
 0 0.630521
 0 0.630522
 0 0.630573
 0 0.630575
 0 0.630582
 0 0.630583
 0 0.630583
 0 0.630584
 0 0.630589
 0 0.63059
 0 0.630594
 0 0.630595
 0 0.630606
 0 0.630658
 0 0.630658
 0 0.630658
 0 0.630661
 0 0.630661
 0 0.630664
 0 0.63069
 0 0.630693
 0 0.630694
 0 0.630694
 0 0.630695
 0 0.630696
 0 0.630701
 0 0.630702
 0 0.63071
 0 0.630747
 0 0.630763
 0 0.630763
 0 0.630763
 0 0.630787
 0 0.63083
 0 0.630844
 0 0.630906
 0 0.630906
 0 0.630912
 0 0.630912
 0 0.630912
 0 0.630927
 0 0.630927
 0 0.630943
 0 0.630943
 0 0.630989
 0 0.630991
 0 0.630991
 0 0.630998
 0 0.630999
 0 0.631
 0 0.631037
 0 0.631038
 0 0.63104
 0 0.631076
 0 0.631076
 0 0.631077
 0 0.631077
 0 0.631088
 0 0.631095
 0 0.631117
 0 0.631117
 0 0.631117
 0 0.631118
 0 0.631121
 0 0.631127
 0 0.631169
 0 0.631169
 0 0.631244
 0 0.631245
 0 0.631246
 0 0.631256
 0 0.631257
 0 0.63133
 0 0.631342
 0 0.631417
 0 0.631426
 0 0.631427
 0 0.631464
 0 0.631475
 0 0.631475
 0 0.631477
 0 0.631483
 0 0.63149
 0 0.63149
 0 0.631492
 0 0.631492
 0 0.631492
 0 0.631492
 0 0.631495
 0 0.631495
 0 0.631513
 0 0.631515
 0 0.631515
 0 0.63152
 0 0.631521
 0 0.631533
 0 0.631533
 0 0.631564
 0 0.63159
 0 0.63159
 0 0.631602
 0 0.631602
 0 0.631602
 0 0.631625
 0 0.631626
 0 0.631628
 0 0.631648
 0 0.63165
 0 0.631654
 0 0.631685
 0 0.631697
 0 0.631711
 0 0.631737
 0 0.631743
 0 0.631774
 0 0.631792
 0 0.631807
 0 0.631835
 0 0.631846
 0 0.631861
 0 0.631865
 0 0.631865
 0 0.631887
 0 0.631889
 0 0.631907
 0 0.631907
 0 0.631907
 0 0.631929
 0 0.631929
 0 0.63193
 0 0.63193
 0 0.631931
 0 0.631933
 0 0.631934
 0 0.631934
 0 0.631934
 0 0.631934
 0 0.631936
 0 0.63195
 0 0.631978
 0 0.631991
 0 0.631992
 0 0.631996
 0 0.631998
 0 0.631998
 0 0.632017
 0 0.632024
 0 0.632025
 0 0.632052
 0 0.632055
 0 0.632064
 0 0.632065
 0 0.632089
 0 0.63209
 0 0.632139
 0 0.632142
 0 0.632142
 0 0.632159
 0 0.632162
 0 0.632163
 0 0.632177
 0 0.632192
 0 0.632192
 0 0.632192
 0 0.632201
 0 0.632201
 0 0.632201
 0 0.632202
 0 0.632233
 0 0.632239
 0 0.632239
 0 0.632258
 0 0.632258
 0 0.632262
 0 0.632266
 0 0.632274
 0 0.632275
 0 0.632275
 0 0.632276
 0 0.632276
 0 0.632293
 0 0.632294
 0 0.632294
 0 0.632295
 0 0.632296
 0 0.632302
 0 0.632306
 0 0.632309
 0 0.632321
 0 0.632334
 0 0.632334
 0 0.632337
 0 0.632355
 0 0.632357
 0 0.632361
 0 0.632371
 0 0.632373
 0 0.63238
 0 0.632381
 0 0.632401
 0 0.632401
 0 0.632402
 0 0.632411
 0 0.632412
 0 0.632412
 0 0.632413
 0 0.632413
 0 0.632421
 0 0.632423
 0 0.632439
 0 0.632439
 0 0.63244
 0 0.63244
 0 0.632487
 0 0.632488
 0 0.632488
 0 0.632488
 0 0.632495
 0 0.632502
 0 0.632508
 0 0.632517
 0 0.632518
 0 0.632519
 0 0.632519
 0 0.632521
 0 0.632521
 0 0.632521
 0 0.632558
 0 0.632563
 0 0.632578
 0 0.63258
 0 0.632587
 0 0.632589
 0 0.63259
 0 0.632618
 0 0.632618
 0 0.632622
 0 0.632622
 0 0.632623
 0 0.632644
 0 0.632644
 0 0.63265
 0 0.632653
 0 0.632654
 0 0.632655
 0 0.632656
 0 0.632657
 0 0.63266
 0 0.63266
 0 0.632663
 0 0.632665
 0 0.632666
 0 0.632686
 0 0.632693
 0 0.632708
 0 0.632708
 0 0.632709
 0 0.632732
 0 0.632732
 0 0.632732
 0 0.632736
 0 0.63274
 0 0.632742
 0 0.632748
 0 0.632759
 0 0.632761
 0 0.632766
 0 0.632767
 0 0.632767
 0 0.632767
 0 0.632791
 0 0.632791
 0 0.632791
 0 0.632793
 0 0.632813
 0 0.63282
 0 0.63282
 0 0.632824
 0 0.632824
 0 0.632824
 0 0.632824
 0 0.63283
 0 0.632857
 0 0.632857
 0 0.632858
 0 0.632863
 0 0.632866
 0 0.632866
 0 0.632869
 0 0.632871
 0 0.632882
 0 0.632882
 0 0.632885
 0 0.632885
 0 0.632886
 0 0.632893
 0 0.632901
 0 0.632901
 0 0.632911
 0 0.632911
 0 0.632911
 0 0.632912
 0 0.632921
 0 0.632921
 0 0.632936
 0 0.632961
 0 0.632961
 0 0.632962
 0 0.632965
 0 0.632966
 0 0.63302
 0 0.633051
 0 0.633071
 0 0.633093
 0 0.633093
 0 0.633099
 0 0.633099
 0 0.633099
 0 0.633101
 0 0.633102
 0 0.633116
 0 0.633124
 0 0.633127
 0 0.633129
 0 0.633132
 0 0.633136
 0 0.633136
 0 0.633142
 0 0.633143
 0 0.633143
 0 0.633143
 0 0.633143
 0 0.633145
 0 0.633146
 0 0.633155
 0 0.633156
 0 0.633159
 0 0.633159
 0 0.633161
 0 0.633163
 0 0.633194
 0 0.633194
 0 0.633202
 0 0.63321
 0 0.63321
 0 0.633216
 0 0.633216
 0 0.633216
 0 0.633217
 0 0.633219
 0 0.633219
 0 0.633219
 0 0.63322
 0 0.63322
 0 0.63322
 0 0.633221
 0 0.633223
 0 0.633224
 0 0.633235
 0 0.633235
 0 0.633242
 0 0.633243
 0 0.633245
 0 0.633247
 0 0.633249
 0 0.633267
 0 0.633267
 0 0.633276
 0 0.633278
 0 0.633282
 0 0.633283
 0 0.633283
 0 0.633284
 0 0.633285
 0 0.633285
 0 0.633286
 0 0.633286
 0 0.633309
 0 0.633317
 0 0.633319
 0 0.633321
 0 0.633323
 0 0.633336
 0 0.633347
 0 0.633348
 0 0.633348
 0 0.633349
 0 0.63335
 0 0.633352
 0 0.633352
 0 0.633354
 0 0.633357
 0 0.633357
 0 0.633357
 0 0.633357
 0 0.633378
 0 0.63338
 0 0.633385
 0 0.633397
 0 0.633399
 0 0.633399
 0 0.633417
 0 0.633431
 0 0.633442
 0 0.633442
 0 0.633445
 0 0.633466
 0 0.633467
 0 0.633468
 0 0.633484
 0 0.633484
 0 0.633488
 0 0.633489
 0 0.633489
 0 0.63349
 0 0.633493
 0 0.633493
 0 0.633496
 0 0.633497
 0 0.633499
 0 0.633516
 0 0.633516
 0 0.633526
 0 0.633526
 0 0.633532
 0 0.633533
 0 0.633534
 0 0.633534
 0 0.633535
 0 0.633538
 0 0.633551
 0 0.633556
 0 0.633567
 0 0.633567
 0 0.633575
 0 0.633575
 0 0.633575
 0 0.633584
 0 0.633589
 0 0.633589
 0 0.633593
 0 0.633594
 0 0.633596
 0 0.633596
 0 0.633611
 0 0.633612
 0 0.633634
 0 0.633635
 0 0.633638
 0 0.633645
 0 0.633645
 0 0.633648
 0 0.633648
 0 0.633651
 0 0.633651
 0 0.633654
 0 0.633656
 0 0.633661
 0 0.633661
 0 0.633661
 0 0.633666
 0 0.633668
 0 0.633677
 0 0.633679
 0 0.633679
 0 0.633679
 0 0.633687
 0 0.633696
 0 0.633697
 0 0.633697
 0 0.633701
 0 0.633701
 0 0.633701
 0 0.633705
 0 0.633713
 0 0.633714
 0 0.633724
 0 0.633733
 0 0.633733
 0 0.633733
 0 0.633742
 0 0.633742
 0 0.633747
 0 0.633748
 0 0.633748
 0 0.633754
 0 0.633754
 0 0.633755
 0 0.633755
 0 0.633755
 0 0.633762
 0 0.633768
 0 0.633771
 0 0.633783
 0 0.633784
 0 0.633784
 0 0.633789
 0 0.633789
 0 0.633789
 0 0.633793
 0 0.633793
 0 0.633805
 0 0.633805
 0 0.633805
 0 0.633805
 0 0.633807
 0 0.633807
 0 0.633815
 0 0.633819
 0 0.633824
 0 0.633824
 0 0.633834
 0 0.633834
 0 0.63385
 0 0.633857
 0 0.633857
 0 0.633862
 0 0.633863
 0 0.633863
 0 0.633863
 0 0.633863
 0 0.63387
 0 0.633878
 0 0.63388
 0 0.633881
 0 0.633881
 0 0.633881
 0 0.633882
 0 0.633883
 0 0.633883
 0 0.633883
 0 0.633887
 0 0.633897
 0 0.633899
 0 0.633902
 0 0.633903
 0 0.633904
 0 0.633912
 0 0.633917
 0 0.633927
 0 0.633927
 0 0.633927
 0 0.633928
 0 0.633944
 0 0.63395
 0 0.63395
 0 0.633961
 0 0.633962
 0 0.633963
 0 0.633964
 0 0.633964
 0 0.633964
 0 0.633964
 0 0.633967
 0 0.633967
 0 0.633967
 0 0.633972
 0 0.633972
 0 0.633972
 0 0.633973
 0 0.633973
 0 0.633973
 0 0.63398
 0 0.633986
 0 0.633988
 0 0.633994
 0 0.633994
 0 0.633994
 0 0.633995
 0 0.633997
 0 0.633998
 0 0.633998
 0 0.634007
 0 0.634008
 0 0.634008
 0 0.63401
 0 0.634011
 0 0.634011
 0 0.634011
 0 0.634012
 0 0.634013
 0 0.634015
 0 0.634015
 0 0.634018
 0 0.634022
 0 0.634026
 0 0.634026
 0 0.634032
 0 0.634034
 0 0.634034
 0 0.634039
 0 0.634049
 0 0.634049
 0 0.634049
 0 0.634052
 0 0.634058
 0 0.634072
 0 0.634075
 0 0.634082
 0 0.634084
 0 0.634085
 0 0.634086
 0 0.634089
 0 0.6341
 0 0.634101
 0 0.634112
 0 0.634113
 0 0.634113
 0 0.634117
 0 0.634118
 0 0.634134
 0 0.634137
 0 0.634142
 0 0.634143
 0 0.634143
 0 0.634143
 0 0.634143
 0 0.634144
 0 0.634148
 0 0.634161
 0 0.634163
 0 0.634178
 0 0.634189
 0 0.634189
 0 0.634191
 0 0.634191
 0 0.634191
 0 0.634192
 0 0.634192
 0 0.634207
 0 0.634211
 0 0.634211
 0 0.634211
 0 0.634219
 0 0.634219
 0 0.634219
 0 0.63422
 0 0.634223
 0 0.634225
 0 0.634226
 0 0.634244
 0 0.634244
 0 0.634244
 0 0.634244
 0 0.634244
 0 0.634244
 0 0.63425
 0 0.63425
 0 0.634251
 0 0.634251
 0 0.634252
 0 0.634257
 0 0.634257
 0 0.634263
 0 0.634263
 0 0.634264
 0 0.634275
 0 0.634291
 0 0.634291
 0 0.634291
 0 0.634306
 0 0.634306
 0 0.634308
 0 0.634312
 0 0.634318
 0 0.634319
 0 0.634319
 0 0.634323
 0 0.634323
 0 0.63433
 0 0.63433
 0 0.63433
 0 0.634331
 0 0.634333
 0 0.634333
 0 0.634339
 0 0.634339
 0 0.634341
 0 0.634342
 0 0.634347
 0 0.634349
 0 0.634352
 0 0.634352
 0 0.634352
 0 0.634363
 0 0.634364
 0 0.634364
 0 0.634364
 0 0.634364
 0 0.634367
 0 0.634376
 0 0.634378
 0 0.634384
 0 0.634388
 0 0.634403
 0 0.634404
 0 0.634404
 0 0.634427
 0 0.634429
 0 0.634429
 0 0.634434
 0 0.634435
 0 0.634438
 0 0.634438
 0 0.63444
 0 0.634443
 0 0.634443
 0 0.634443
 0 0.634446
 0 0.634446
 0 0.634448
 0 0.634448
 0 0.634448
 0 0.634448
 0 0.634451
 0 0.634457
 0 0.634457
 0 0.634457
 0 0.634482
 0 0.634482
 0 0.634483
 0 0.634492
 0 0.634493
 0 0.634493
 0 0.634493
 0 0.634493
 0 0.634494
 0 0.634495
 0 0.634497
 0 0.634498
 0 0.634498
 0 0.634498
 0 0.634502
 0 0.634503
 0 0.634504
 0 0.634506
 0 0.634506
 0 0.634506
 0 0.634508
 0 0.634509
 0 0.634509
 0 0.634515
 0 0.634515
 0 0.634516
 0 0.634516
 0 0.634516
 0 0.634516
 0 0.634524
 0 0.634527
 0 0.634529
 0 0.634532
 0 0.634532
 0 0.634532
 0 0.634532
 0 0.634535
 0 0.634535
 0 0.634537
 0 0.634539
 0 0.634546
 0 0.634546
 0 0.634547
 0 0.634547
 0 0.634547
 0 0.634547
 0 0.634548
 0 0.634549
 0 0.63455
 0 0.63455
 0 0.634551
 0 0.634551
 0 0.634551
 0 0.634556
 0 0.634556
 0 0.634558
 0 0.634561
 0 0.634583
 0 0.634583
 0 0.634586
 0 0.634586
 0 0.634589
 0 0.63459
 0 0.634592
 0 0.634592
 0 0.634593
 0 0.634593
 0 0.634597
 0 0.634607
 0 0.634608
 0 0.634613
 0 0.634614
 0 0.634618
 0 0.634618
 0 0.634619
 0 0.634623
 0 0.634623
 0 0.634623
 0 0.634626
 0 0.634644
 0 0.634644
 0 0.634651
 0 0.634653
 0 0.634653
 0 0.634654
 0 0.634654
 0 0.634654
 0 0.634654
 0 0.634655
 0 0.634655
 0 0.634659
 0 0.634659
 0 0.634663
 0 0.634663
 0 0.634663
 0 0.634665
 0 0.634666
 0 0.634666
 0 0.634667
 0 0.634667
 0 0.634667
 0 0.634671
 0 0.634671
 0 0.634672
 0 0.634672
 0 0.634675
 0 0.634675
 0 0.634683
 0 0.634701
 0 0.634711
 0 0.634712
 0 0.634712
 0 0.634712
 0 0.634717
 0 0.634718
 0 0.634718
 0 0.63472
 0 0.634721
 0 0.634721
 0 0.634722
 0 0.634725
 0 0.634729
 0 0.634737
 0 0.634737
 0 0.634738
 0 0.634739
 0 0.634739
 0 0.634741
 0 0.634747
 0 0.634747
 0 0.634748
 0 0.634751
 0 0.634751
 0 0.634768
 0 0.634768
 0 0.634768
 0 0.634776
 0 0.634778
 0 0.634784
 0 0.634784
 0 0.634787
 0 0.634811
 0 0.634812
 0 0.634814
 0 0.634814
 0 0.634814
 0 0.634815
 0 0.634817
 0 0.634817
 0 0.634817
 0 0.634818
 0 0.63482
 0 0.634823
 0 0.634823
 0 0.634825
 0 0.634825
 0 0.634825
 0 0.634825
 0 0.634826
 0 0.634832
 0 0.634835
 0 0.634836
 0 0.634836
 0 0.634836
 0 0.634838
 0 0.634838
 0 0.634839
 0 0.634848
 0 0.634852
 0 0.634861
 0 0.634861
 0 0.634861
 0 0.634867
 0 0.634868
 0 0.634868
 0 0.634874
 0 0.634874
 0 0.634906
 0 0.634906
 0 0.634906
 0 0.634908
 0 0.63491
 0 0.634916
 0 0.634925
 0 0.634925
 0 0.634925
 0 0.634937
 0 0.634945
 0 0.634945
 0 0.634946
 0 0.634946
 0 0.634956
 0 0.634962
 0 0.634963
 0 0.634964
 0 0.634966
 0 0.634966
 0 0.634968
 0 0.634974
 0 0.634975
 0 0.634975
 0 0.634977
 0 0.634977
 0 0.634979
 0 0.634988
 0 0.634993
 0 0.635006
 0 0.635006
 0 0.635006
 0 0.635007
 0 0.635008
 0 0.635012
 0 0.635016
 0 0.635016
 0 0.635016
 0 0.635016
 0 0.635016
 0 0.635023
 0 0.635032
 0 0.635034
 0 0.635041
 0 0.635041
 0 0.635044
 0 0.635051
 0 0.635053
 0 0.635058
 0 0.635059
 0 0.63506
 0 0.63506
 0 0.63506
 0 0.635062
 0 0.635062
 0 0.635063
 0 0.635063
 0 0.635063
 0 0.635066
 0 0.635067
 0 0.635069
 0 0.635069
 0 0.635069
 0 0.635075
 0 0.635076
 0 0.635077
 0 0.635079
 0 0.635079
 0 0.63508
 0 0.635092
 0 0.635095
 0 0.635095
 0 0.635098
 0 0.635098
 0 0.635098
 0 0.635098
 0 0.635098
 0 0.635099
 0 0.635106
 0 0.635107
 0 0.635108
 0 0.63511
 0 0.63511
 0 0.63511
 0 0.63511
 0 0.635112
 0 0.635112
 0 0.635115
 0 0.635115
 0 0.635116
 0 0.635116
 0 0.635116
 0 0.635127
 0 0.635129
 0 0.63513
 0 0.63513
 0 0.63513
 0 0.63513
 0 0.635137
 0 0.635148
 0 0.635148
 0 0.635152
 0 0.635158
 0 0.635161
 0 0.635161
 0 0.635161
 0 0.635162
 0 0.635162
 0 0.635162
 0 0.635162
 0 0.635164
 0 0.635164
 0 0.635165
 0 0.635166
 0 0.635166
 0 0.635166
 0 0.635166
 0 0.635167
 0 0.635173
 0 0.635185
 0 0.635187
 0 0.635187
 0 0.635188
 0 0.63519
 0 0.635199
 0 0.635199
 0 0.635208
 0 0.635208
 0 0.635209
 0 0.635216
 0 0.635217
 0 0.63523
 0 0.635233
 0 0.635233
 0 0.635233
 0 0.635233
 0 0.635233
 0 0.635234
 0 0.635234
 0 0.635234
 0 0.63524
 0 0.63524
 0 0.635248
 0 0.635248
 0 0.635249
 0 0.63526
 0 0.63526
 0 0.635261
 0 0.635262
 0 0.635262
 0 0.635262
 0 0.635266
 0 0.63527
 0 0.635271
 0 0.635271
 0 0.63528
 0 0.635283
 0 0.635283
 0 0.635283
 0 0.635285
 0 0.635299
 0 0.635306
 0 0.635307
 0 0.635315
 0 0.635315
 0 0.635315
 0 0.635316
 0 0.635316
 0 0.635316
 0 0.635316
 0 0.635316
 0 0.635327
 0 0.635331
 0 0.635331
 0 0.635331
 0 0.635332
 0 0.635333
 0 0.635339
 0 0.635343
 0 0.635344
 0 0.635346
 0 0.635347
 0 0.635349
 0 0.635349
 0 0.635349
 0 0.635349
 0 0.635361
 0 0.635362
 0 0.635363
 0 0.635364
 0 0.635365
 0 0.635367
 0 0.635369
 0 0.635372
 0 0.635377
 0 0.635378
 0 0.635378
 0 0.635378
 0 0.635384
 0 0.635388
 0 0.635388
 0 0.635392
 0 0.635393
 0 0.635393
 0 0.635393
 0 0.635394
 0 0.635396
 0 0.635396
 0 0.635397
 0 0.6354
 0 0.6354
 0 0.635409
 0 0.635409
 0 0.63541
 0 0.63541
 0 0.635416
 0 0.63542
 0 0.635429
 0 0.635438
 0 0.635451
 0 0.635453
 0 0.635453
 0 0.635453
 0 0.635457
 0 0.63546
 0 0.635463
 0 0.635468
 0 0.635471
 0 0.635474
 0 0.635475
 0 0.635475
 0 0.635476
 0 0.635489
 0 0.635489
 0 0.635494
 0 0.635494
 0 0.635495
 0 0.635497
 0 0.635498
 0 0.6355
 0 0.635509
 0 0.635529
 0 0.635529
 0 0.63553
 0 0.63553
 0 0.63553
 0 0.635531
 0 0.635532
 0 0.635532
 0 0.635561
 0 0.635561
 0 0.635582
 0 0.635584
 0 0.635589
 0 0.635594
 0 0.635594
 0 0.635598
 0 0.635598
 0 0.635598
 0 0.6356
 0 0.635602
 0 0.635604
 0 0.635604
 0 0.635615
 0 0.635617
 0 0.635627
 0 0.635631
 0 0.635632
 0 0.635634
 0 0.635636
 0 0.635641
 0 0.635645
 0 0.635649
 0 0.635649
 0 0.635649
 0 0.63565
 0 0.63565
 0 0.63565
 0 0.635675
 0 0.635675
 0 0.635676
 0 0.635676
 0 0.635677
 0 0.635677
 0 0.635687
 0 0.635688
 0 0.635695
 0 0.635695
 0 0.635695
 0 0.635709
 0 0.63571
 0 0.635711
 0 0.635711
 0 0.635717
 0 0.635718
 0 0.63572
 0 0.635721
 0 0.635721
 0 0.635724
 0 0.635724
 0 0.635727
 0 0.635727
 0 0.63573
 0 0.635751
 0 0.635751
 0 0.635753
 0 0.635755
 0 0.635755
 0 0.635755
 0 0.635756
 0 0.635759
 0 0.635759
 0 0.635759
 0 0.635762
 0 0.635763
 0 0.635764
 0 0.635765
 0 0.635768
 0 0.635768
 0 0.635768
 0 0.635768
 0 0.635771
 0 0.635771
 0 0.635771
 0 0.635771
 0 0.635772
 0 0.635774
 0 0.635777
 0 0.635777
 0 0.635778
 0 0.635778
 0 0.635785
 0 0.635785
 0 0.635785
 0 0.635785
 0 0.635787
 0 0.63579
 0 0.635792
 0 0.635792
 0 0.635795
 0 0.635795
 0 0.635796
 0 0.635835
 0 0.635835
 0 0.635839
 0 0.635841
 0 0.635841
 0 0.635841
 0 0.635846
 0 0.635846
 0 0.635846
 0 0.635847
 0 0.635878
 0 0.635881
 0 0.635881
 0 0.635881
 0 0.635881
 0 0.635889
 0 0.635889
 0 0.635906
 0 0.635907
 0 0.635907
 0 0.635907
 0 0.635907
 0 0.635908
 0 0.635915
 0 0.635917
 0 0.635917
 0 0.635921
 0 0.635933
 0 0.635935
 0 0.635936
 0 0.635939
 0 0.635941
 0 0.635941
 0 0.635942
 0 0.635943
 0 0.635954
 0 0.635977
 0 0.635989
 0 0.635991
 0 0.635998
 0 0.635999
 0 0.635999
 0 0.636001
 0 0.636001
 0 0.636004
 0 0.636013
 0 0.636013
 0 0.636023
 0 0.636023
 0 0.636025
 0 0.636025
 0 0.636026
 0 0.636026
 0 0.636027
 0 0.636027
 0 0.63603
 0 0.63603
 0 0.636031
 0 0.636031
 0 0.636036
 0 0.636063
 0 0.636065
 0 0.636066
 0 0.636068
 0 0.636068
 0 0.636068
 0 0.636068
 0 0.636082
 0 0.636082
 0 0.636084
 0 0.636087
 0 0.636087
 0 0.636087
 0 0.636088
 0 0.636091
 0 0.636097
 0 0.636105
 0 0.636105
 0 0.636105
 0 0.636106
 0 0.636107
 0 0.63611
 0 0.636111
 0 0.636115
 0 0.636115
 0 0.636119
 0 0.636121
 0 0.636122
 0 0.636126
 0 0.636127
 0 0.636127
 0 0.636127
 0 0.636127
 0 0.636127
 0 0.636127
 0 0.63613
 0 0.63613
 0 0.63613
 0 0.636131
 0 0.636136
 0 0.636136
 0 0.63614
 0 0.636141
 0 0.636141
 0 0.636141
 0 0.636169
 0 0.63617
 0 0.63617
 0 0.636174
 0 0.636174
 0 0.636176
 0 0.636178
 0 0.636178
 0 0.636181
 0 0.636185
 0 0.636189
 0 0.636191
 0 0.636196
 0 0.636196
 0 0.636198
 0 0.636201
 0 0.636201
 0 0.636214
 0 0.636221
 0 0.636234
 0 0.636245
 0 0.636247
 0 0.636253
 0 0.636255
 0 0.636255
 0 0.636255
 0 0.636258
 0 0.636259
 0 0.636261
 0 0.636261
 0 0.636261
 0 0.636261
 0 0.636276
 0 0.63628
 0 0.63628
 0 0.636297
 0 0.6363
 0 0.6363
 0 0.636308
 0 0.636309
 0 0.636311
 0 0.636314
 0 0.636315
 0 0.636315
 0 0.636316
 0 0.636324
 0 0.636327
 0 0.636328
 0 0.636336
 0 0.636336
 0 0.636338
 0 0.636341
 0 0.636342
 0 0.636346
 0 0.636346
 0 0.63635
 0 0.636353
 0 0.636354
 0 0.636354
 0 0.636354
 0 0.636354
 0 0.636354
 0 0.636368
 0 0.636371
 0 0.636375
 0 0.63638
 0 0.636381
 0 0.636381
 0 0.636384
 0 0.636384
 0 0.636388
 0 0.63639
 0 0.63639
 0 0.636394
 0 0.636407
 0 0.636407
 0 0.636407
 0 0.636407
 0 0.63641
 0 0.63641
 0 0.636411
 0 0.636421
 0 0.636421
 0 0.636421
 0 0.636422
 0 0.636422
 0 0.636425
 0 0.636431
 0 0.636431
 0 0.636443
 0 0.636444
 0 0.636456
 0 0.636458
 0 0.636458
 0 0.636474
 0 0.636475
 0 0.636477
 0 0.636478
 0 0.63649
 0 0.63649
 0 0.63649
 0 0.636491
 0 0.636491
 0 0.636491
 0 0.636493
 0 0.636494
 0 0.636495
 0 0.636495
 0 0.636503
 0 0.636504
 0 0.636504
 0 0.63651
 0 0.636511
 0 0.636512
 0 0.636523
 0 0.636527
 0 0.636538
 0 0.636542
 0 0.636542
 0 0.636542
 0 0.636542
 0 0.636543
 0 0.636544
 0 0.636544
 0 0.636546
 0 0.636547
 0 0.636547
 0 0.636549
 0 0.63655
 0 0.63655
 0 0.636563
 0 0.63658
 0 0.636586
 0 0.636624
 0 0.636627
 0 0.636627
 0 0.636627
 0 0.636627
 0 0.636627
 0 0.636627
 0 0.636627
 0 0.636629
 0 0.63663
 0 0.636634
 0 0.636634
 0 0.636634
 0 0.636634
 0 0.63664
 0 0.63664
 0 0.63664
 0 0.636649
 0 0.636649
 0 0.63665
 0 0.63665
 0 0.63665
 0 0.636651
 0 0.636668
 0 0.636668
 0 0.636668
 0 0.636669
 0 0.636669
 0 0.63667
 0 0.636671
 0 0.636671
 0 0.636672
 0 0.636674
 0 0.636682
 0 0.636682
 0 0.636685
 0 0.636686
 0 0.636686
 0 0.636686
 0 0.636686
 0 0.63669
 0 0.636694
 0 0.636694
 0 0.636698
 0 0.636699
 0 0.636706
 0 0.636706
 0 0.636707
 0 0.636718
 0 0.636718
 0 0.636718
 0 0.636724
 0 0.636739
 0 0.636743
 0 0.636743
 0 0.636755
 0 0.636758
 0 0.63676
 0 0.63677
 0 0.636771
 0 0.636771
 0 0.636775
 0 0.636779
 0 0.636779
 0 0.636779
 0 0.636782
 0 0.636786
 0 0.636797
 0 0.636802
 0 0.636815
 0 0.636815
 0 0.636829
 0 0.636832
 0 0.636833
 0 0.636836
 0 0.636836
 0 0.636841
 0 0.636841
 0 0.636849
 0 0.636861
 0 0.636862
 0 0.63687
 0 0.63687
 0 0.636871
 0 0.636871
 0 0.6369
 0 0.6369
 0 0.636904
 0 0.636909
 0 0.636909
 0 0.636909
 0 0.636911
 0 0.636911
 0 0.636911
 0 0.636913
 0 0.636924
 0 0.636925
 0 0.636955
 0 0.636955
 0 0.636955
 0 0.636956
 0 0.636957
 0 0.636957
 0 0.636958
 0 0.636958
 0 0.636958
 0 0.636959
 0 0.636961
 0 0.636961
 0 0.636963
 0 0.636964
 0 0.636965
 0 0.636965
 0 0.636965
 0 0.63697
 0 0.63697
 0 0.636972
 0 0.636973
 0 0.636973
 0 0.636985
 0 0.636987
 0 0.636987
 0 0.636991
 0 0.636991
 0 0.636991
 0 0.637008
 0 0.63701
 0 0.63701
 0 0.637032
 0 0.637032
 0 0.637035
 0 0.637039
 0 0.637046
 0 0.637046
 0 0.637047
 0 0.63706
 0 0.63706
 0 0.63706
 0 0.63706
 0 0.637063
 0 0.637066
 0 0.637073
 0 0.637076
 0 0.637077
 0 0.637078
 0 0.637079
 0 0.637095
 0 0.637095
 0 0.637097
 0 0.637123
 0 0.637123
 0 0.637146
 0 0.637147
 0 0.637151
 0 0.637154
 0 0.637154
 0 0.637173
 0 0.637173
 0 0.637173
 0 0.637173
 0 0.637174
 0 0.637174
 0 0.637176
 0 0.637177
 0 0.637177
 0 0.637185
 0 0.637187
 0 0.637187
 0 0.637189
 0 0.637194
 0 0.637202
 0 0.637202
 0 0.637202
 0 0.637209
 0 0.63723
 0 0.637237
 0 0.637247
 0 0.637247
 0 0.637247
 0 0.637248
 0 0.637249
 0 0.637249
 0 0.637249
 0 0.637259
 0 0.637259
 0 0.637268
 0 0.637268
 0 0.637268
 0 0.637271
 0 0.637279
 0 0.637279
 0 0.637279
 0 0.637288
 0 0.637289
 0 0.637293
 0 0.637294
 0 0.637302
 0 0.637304
 0 0.637307
 0 0.63731
 0 0.637314
 0 0.63732
 0 0.637333
 0 0.637333
 0 0.637335
 0 0.637361
 0 0.637361
 0 0.637361
 0 0.637368
 0 0.637371
 0 0.637371
 0 0.637374
 0 0.637375
 0 0.637375
 0 0.637376
 0 0.637381
 0 0.637383
 0 0.637411
 0 0.637417
 0 0.637425
 0 0.637429
 0 0.637447
 0 0.637448
 0 0.637448
 0 0.637448
 0 0.63745
 0 0.63745
 0 0.637461
 0 0.637461
 0 0.637461
 0 0.637463
 0 0.637464
 0 0.637464
 0 0.63748
 0 0.637481
 0 0.637481
 0 0.637498
 0 0.63751
 0 0.63751
 0 0.637518
 0 0.637519
 0 0.637519
 0 0.637519
 0 0.637531
 0 0.637536
 0 0.637537
 0 0.637537
 0 0.637537
 0 0.637538
 0 0.637538
 0 0.637538
 0 0.637557
 0 0.637566
 0 0.637569
 0 0.637585
 0 0.637587
 0 0.63759
 0 0.63759
 0 0.637598
 0 0.637598
 0 0.63761
 0 0.63761
 0 0.637614
 0 0.637614
 0 0.637616
 0 0.637636
 0 0.63764
 0 0.63764
 0 0.637642
 0 0.637642
 0 0.637657
 0 0.63767
 0 0.637681
 0 0.637682
 0 0.637685
 0 0.637695
 0 0.637695
 0 0.637697
 0 0.637697
 0 0.637699
 0 0.637702
 0 0.637706
 0 0.637706
 0 0.637707
 0 0.637723
 0 0.637723
 0 0.637723
 0 0.637736
 0 0.637737
 0 0.637739
 0 0.637757
 0 0.637758
 0 0.637772
 0 0.637772
 0 0.637775
 0 0.637808
 0 0.637808
 0 0.637812
 0 0.637812
 0 0.637813
 0 0.637815
 0 0.637833
 0 0.637843
 0 0.63785
 0 0.63785
 0 0.63785
 0 0.637853
 0 0.637873
 0 0.637877
 0 0.637899
 0 0.637899
 0 0.637899
 0 0.637899
 0 0.637899
 0 0.637902
 0 0.637903
 0 0.637905
 0 0.637908
 0 0.63791
 0 0.63791
 0 0.637911
 0 0.637911
 0 0.637911
 0 0.637912
 0 0.637914
 0 0.637914
 0 0.637915
 0 0.637915
 0 0.637922
 0 0.637922
 0 0.637926
 0 0.637928
 0 0.637928
 0 0.637952
 0 0.637952
 0 0.637952
 0 0.637956
 0 0.637963
 0 0.637971
 0 0.637973
 0 0.637977
 0 0.637979
 0 0.637981
 0 0.638001
 0 0.638001
 0 0.638008
 0 0.638008
 0 0.638018
 0 0.638045
 0 0.638045
 0 0.638045
 0 0.638055
 0 0.638055
 0 0.638069
 0 0.638071
 0 0.638071
 0 0.638101
 0 0.638104
 0 0.638111
 0 0.638111
 0 0.638112
 0 0.638114
 0 0.638115
 0 0.638172
 0 0.638208
 0 0.638213
 0 0.638213
 0 0.638213
 0 0.638213
 0 0.638213
 0 0.638217
 0 0.638218
 0 0.63822
 0 0.63822
 0 0.638222
 0 0.638222
 0 0.638226
 0 0.638227
 0 0.638227
 0 0.638231
 0 0.63824
 0 0.63824
 0 0.638267
 0 0.638298
 0 0.638307
 0 0.638307
 0 0.638307
 0 0.638317
 0 0.638325
 0 0.638351
 0 0.638371
 0 0.638371
 0 0.638371
 0 0.638376
 0 0.638377
 0 0.638389
 0 0.638389
 0 0.638402
 0 0.638405
 0 0.638405
 0 0.638406
 0 0.638445
 0 0.638467
 0 0.638472
 0 0.638497
 0 0.638501
 0 0.638501
 0 0.638503
 0 0.638504
 0 0.638504
 0 0.638509
 0 0.638509
 0 0.638509
 0 0.638514
 0 0.638518
 0 0.638518
 0 0.63852
 0 0.638524
 0 0.638524
 0 0.638525
 0 0.638526
 0 0.638526
 0 0.638527
 0 0.638535
 0 0.638535
 0 0.638535
 0 0.638547
 0 0.63855
 0 0.638551
 0 0.638551
 0 0.638562
 0 0.638563
 0 0.638572
 0 0.638592
 0 0.638596
 0 0.638596
 0 0.638596
 0 0.638602
 0 0.638606
 0 0.638609
 0 0.638611
 0 0.638612
 0 0.638619
 0 0.638622
 0 0.638623
 0 0.638623
 0 0.638663
 0 0.638663
 0 0.638666
 0 0.638687
 0 0.638688
 0 0.638688
 0 0.638689
 0 0.63869
 0 0.638702
 0 0.638725
 0 0.638732
 0 0.638739
 0 0.638739
 0 0.638759
 0 0.63876
 0 0.63877
 0 0.638772
 0 0.638772
 0 0.638773
 0 0.638778
 0 0.638778
 0 0.638781
 0 0.638807
 0 0.638807
 0 0.638808
 0 0.638811
 0 0.638811
 0 0.638814
 0 0.638814
 0 0.638834
 0 0.638835
 0 0.638836
 0 0.638849
 0 0.638889
 0 0.638894
 0 0.638917
 0 0.638936
 0 0.638947
 0 0.638947
 0 0.638966
 0 0.63899
 0 0.63899
 0 0.63899
 0 0.639006
 0 0.639006
 0 0.639006
 0 0.639006
 0 0.639006
 0 0.639022
 0 0.639025
 0 0.639028
 0 0.639028
 0 0.639044
 0 0.639045
 0 0.639058
 0 0.639061
 0 0.639096
 0 0.639096
 0 0.639128
 0 0.639128
 0 0.639129
 0 0.639136
 0 0.639136
 0 0.639148
 0 0.639165
 0 0.639165
 0 0.639169
 0 0.639169
 0 0.639175
 0 0.63918
 0 0.639181
 0 0.639184
 0 0.639184
 0 0.639193
 0 0.639195
 0 0.639208
 0 0.63922
 0 0.639257
 0 0.639258
 0 0.639288
 0 0.639318
 0 0.639319
 0 0.639328
 0 0.639346
 0 0.639347
 0 0.639363
 0 0.639364
 0 0.639364
 0 0.639364
 0 0.639364
 0 0.639365
 0 0.639366
 0 0.639368
 0 0.639369
 0 0.639384
 0 0.639397
 0 0.639466
 0 0.639484
 0 0.639484
 0 0.639507
 0 0.639535
 0 0.639536
 0 0.639543
 0 0.639544
 0 0.639551
 0 0.639551
 0 0.639551
 0 0.63957
 0 0.639573
 0 0.63958
 0 0.63958
 0 0.639587
 0 0.639598
 0 0.639616
 0 0.639617
 0 0.639617
 0 0.639664
 0 0.639665
 0 0.639665
 0 0.639665
 0 0.639665
 0 0.639679
 0 0.639685
 0 0.639685
 0 0.639691
 0 0.639691
 0 0.639696
 0 0.639696
 0 0.639711
 0 0.639711
 0 0.639712
 0 0.639726
 0 0.63973
 0 0.639741
 0 0.639741
 0 0.639741
 0 0.639775
 0 0.639828
 0 0.639829
 0 0.639829
 0 0.639831
 0 0.639881
 0 0.639894
 0 0.639894
 0 0.639894
 0 0.639894
 0 0.639894
 0 0.639916
 0 0.639917
 0 0.639925
 0 0.639927
 0 0.639944
 0 0.639957
 0 0.639959
 0 0.639959
 0 0.639985
 0 0.640011
 0 0.640011
 0 0.640021
 0 0.64011
 0 0.64011
 0 0.64011
 0 0.640111
 0 0.640139
 0 0.64014
 0 0.640142
 0 0.640159
 0 0.640161
 0 0.640165
 0 0.640284
 0 0.640285
 0 0.640311
 0 0.640312
 0 0.640314
 0 0.640314
 0 0.640314
 0 0.640327
 0 0.64035
 0 0.640351
 0 0.640383
 0 0.640415
 0 0.640475
 0 0.640475
 0 0.640482
 0 0.640483
 0 0.640504
 0 0.640504
 0 0.640504
 0 0.640504
 0 0.640506
 0 0.640517
 0 0.640528
 0 0.640544
 0 0.640563
 0 0.640565
 0 0.640578
 0 0.640579
 0 0.640591
 0 0.640591
 0 0.64072
 0 0.64072
 0 0.640734
 0 0.640735
 0 0.640881
 0 0.640945
 0 0.640947
 0 0.641069
 0 0.641089
 0 0.641089
 0 0.64129
 0 0.641373
 0 0.641373
 0 0.641373
 0 0.641374
 0 0.641418
 0 0.641439
 0 0.641439
 0 0.641439
 0 0.641472
 0 0.641488
 0 0.641488
 0 0.641488
 0 0.641501
 0 0.641507
 0 0.641507
 0 0.641636
 0 0.641638
 0 0.641674
 0 0.641717
 0 0.641717
 0 0.641827
 0 0.641827
 0 0.641827
 0 0.641851
 0 0.641853
 0 0.641893
 0 0.6419
 0 0.6422
 0 0.6422
 0 0.642279
 0 0.64228
 0 0.64228
 0 0.642461
 0 0.642461
 0 0.642591
 0 0.642591
 0 0.642618
 0 0.642654
 0 0.642656
 0 0.643357
 0 0.643358
 0 0.643597
 0 0.643598
 0 0.643599
 0 0.643599
 0 inf
