 11.2553 12.1704
 9.20434 9.432
 7.94575 7.97376
 7.6129 7.63586
 7.6081 7.80598
 7.5133 7.5256
 7.21107 8.06828
 7.20559 7.5434
 7.19433 7.45458
 6.99905 12.1331
 6.90155 7.53339
 6.82912 6.94696
 6.82645 7.01528
 6.59769 6.92249
 6.40263 6.71663
 6.36343 6.4153
 6.33396 6.3791
 6.32303 6.62203
 6.19415 6.42155
 6.18336 6.34507
 6.13744 7.63248
 6.07044 6.63511
 6.03125 7.90737
 5.98114 7.19636
 5.91344 6.17509
 5.89207 6.67396
 5.86713 6.79422
 5.83787 7.95323
 5.81443 8.27357
 5.80637 5.81634
 5.79701 5.88514
 5.61883 6.20932
 5.49824 8.11546
 5.39029 5.50042
 5.28591 8.18979
 5.26483 5.38432
 5.21371 6.61161
 5.20154 5.21495
 5.19129 5.20456
 5.17426 5.51624
 5.13724 5.14035
 5.11402 5.11579
 5.11212 5.1457
 4.99389 5.00416
 4.98968 6.01487
 4.98908 4.99061
 4.98295 5.00868
 4.98143 4.98693
 4.97516 8.37875
 4.97483 5.01495
 4.97049 5.00041
 4.9703 5.05142
 4.96626 4.99026
 4.96462 4.99782
 4.95571 5.00662
 4.94483 4.95354
 4.94072 4.95383
 4.91765 4.93108
 4.91162 5.22275
 4.90896 4.91925
 4.90715 4.911
 4.90375 5.00206
 4.90221 4.92101
 4.89849 4.98629
 4.89834 4.90883
 4.87896 5.42497
 4.87259 4.88902
 4.87183 4.87437
 4.86461 4.9375
 4.86384 4.88239
 4.86027 4.87591
 4.85729 4.88202
 4.85345 5.93668
 4.84861 4.87289
 4.84599 4.85534
 4.84486 4.87085
 4.84166 4.8504
 4.84 5.87373
 4.83053 5.0442
 4.81863 4.82164
 4.81645 4.83043
 4.81614 4.81777
 4.81498 4.83772
 4.80674 4.82132
 4.8023 4.88648
 4.79406 4.81758
 4.79245 5.07283
 4.79018 4.80541
 4.78429 4.80979
 4.7808 4.78154
 4.7807 4.79413
 4.77535 5.02923
 4.77347 4.85005
 4.77217 4.78285
 4.76935 4.77927
 4.76646 4.76782
 4.74682 4.74794
 4.74448 4.75211
 4.74295 4.76374
 4.72962 5.03384
 4.72752 4.96954
 4.72025 4.72644
 4.69444 4.70662
 4.69231 5.10972
 4.68974 4.70876
 4.68402 4.69651
 4.68388 4.70665
 4.67949 4.68127
 4.67024 4.67758
 4.66842 4.74071
 4.66305 6.54832
 4.66162 5.12931
 4.65936 4.67747
 4.65792 4.67958
 4.65727 4.84113
 4.64522 4.66831
 4.64221 4.67164
 4.62386 7.52284
 4.60735 4.61014
 4.59752 4.60454
 4.58274 4.58285
 4.57671 4.58717
 4.573 4.57731
 4.57021 4.58403
 4.56666 4.64807
 4.55915 4.57807
 4.5579 5.20922
 4.55408 5.35227
 4.55175 5.05374
 4.53323 4.55542
 4.52627 6.56748
 4.52499 4.74159
 4.52219 5.17282
 4.51829 4.59086
 4.5182 4.61138
 4.51097 7.89929
 4.50615 5.22697
 4.50291 4.67343
 4.50275 4.71038
 4.47747 9.44743
 4.47725 4.82866
 4.46707 4.47781
 4.46441 5.25878
 4.46357 7.78219
 4.4471 5.06075
 4.44168 4.94278
 4.43463 7.69728
 4.4124 4.64652
 4.41076 5.29287
 4.40497 5.00882
 4.3895 4.41085
 4.38511 8.82975
 4.353 6.69626
 4.35087 5.36612
 4.34915 4.84176
 4.34125 5.10677
 4.31044 6.87366
 4.30643 4.31586
 4.30452 5.13367
 4.2996 7.36387
 4.29008 4.30066
 4.27637 5.57609
 4.2741 4.28366
 4.2695 4.28912
 4.26088 4.28466
 4.25373 5.01307
 4.22982 4.2348
 4.22591 5.0651
 4.18998 4.57291
 4.18347 7.7411
 4.17878 7.8158
 4.17269 5.15615
 4.15677 4.49133
 4.14307 9.25324
 4.10266 8.30875
 4.05793 8.35179
 4.032 7.61982
 3.96673 5.12852
 3.96 5.37463
 3.94401 9.05467
 3.88791 8.016
 3.67682 8.37419
 2.53828 2.92006
