 9.57504 10.1076
 8.83316 8.92193
 8.4437 8.45891
 8.3197 8.94971
 8.1289 8.37368
 8.04898 8.06346
 7.53696 7.58241
 7.42748 7.73937
 7.26391 7.45965
 7.25161 8.6653
 7.2372 8.6653
 7.12846 7.17246
 7.11043 8.48489
 7.01321 7.99497
 6.87497 6.92172
 6.86081 7.52878
 6.75079 6.92364
 6.68587 7.38352
 6.56072 6.84524
 6.46522 6.73857
 6.44409 7.30139
 6.4231 7.15734
 6.37581 6.41815
 6.32702 6.64722
 6.32661 8.55281
 6.30222 6.35519
 6.25789 6.92675
 6.18966 7.09405
 6.16983 6.46223
 6.14788 6.32068
 6.04712 8.83367
 6.02236 7.23846
 5.91585 7.84873
 5.90971 6.97499
 5.90098 6.14857
 5.82402 6.6119
 5.72618 6.76765
 5.70513 8.39516
 5.64362 5.68793
 5.59865 6.54052
 5.52134 5.56861
 5.49856 7.93369
 5.44128 5.59917
 5.42614 6.41861
 5.41254 5.4238
 5.39185 5.43023
 5.33128 5.40862
 5.30498 5.40552
 5.29497 7.77779
 5.21858 5.55572
 5.1619 5.95249
 5.1613 5.1753
 5.15396 5.77427
 5.14934 5.15837
 5.12473 5.12491
 5.11686 5.27466
 5.11038 5.17194
 5.10578 6.00794
 5.09676 6.03507
 5.09011 5.09991
 5.08871 5.12197
 5.0801 5.08378
 5.0725 5.07495
 5.06792 5.99323
 5.03163 5.52918
 4.98604 5.94451
 4.97694 5.55775
 4.95997 4.9629
 4.94908 5.16376
 4.94432 4.98201
 4.93675 4.99085
 4.92628 4.93978
 4.9199 5.66587
 4.9104 5.42859
 4.90877 7.17655
 4.89833 4.89957
 4.88609 4.89253
 4.88308 4.88665
 4.87822 7.50775
 4.86183 4.86278
 4.85963 4.86588
 4.84991 4.86446
 4.84827 5.18716
 4.84583 4.85327
 4.83912 4.99132
 4.83268 4.83799
 4.83141 5.06634
 4.8297 4.83677
 4.82133 4.82396
 4.82088 4.83474
 4.80706 4.80723
 4.80685 4.81581
 4.80199 4.81786
 4.79827 4.87469
 4.79428 4.82319
 4.78578 4.78878
 4.77605 4.81934
 4.77269 4.78448
 4.76721 4.7762
 4.76609 4.7688
 4.75992 4.90764
 4.7564 4.76597
 4.74778 4.75116
 4.74689 7.62105
 4.7463 4.75735
 4.74514 4.74554
 4.73703 4.74508
 4.73494 4.76369
 4.73271 4.74163
 4.72767 4.93293
 4.72352 4.72774
 4.71846 4.72946
 4.71218 4.71351
 4.71055 4.77398
 4.70191 7.66447
 4.69592 4.70854
 4.69242 4.70357
 4.69001 6.27771
 4.6851 6.4634
 4.68231 4.68426
 4.68196 4.68843
 4.6751 4.67929
 4.67265 6.12707
 4.67225 4.67409
 4.66663 4.67598
 4.65392 5.03978
 4.6461 4.64662
 4.64455 6.46528
 4.64282 4.65122
 4.64004 4.81286
 4.63207 4.63425
 4.61839 4.62174
 4.61677 7.1542
 4.60761 4.61303
 4.60748 4.61775
 4.60117 4.60424
 4.58334 5.00562
 4.58137 6.34315
 4.57377 5.01694
 4.57108 4.62168
 4.5709 6.42729
 4.5677 4.57578
 4.56577 4.84598
 4.56169 4.56901
 4.55801 4.5679
 4.55558 4.94536
 4.55004 4.9179
 4.54289 4.57424
 4.52931 4.78336
 4.52376 4.52525
 4.52337 5.0914
 4.52152 5.11965
 4.4857 4.48854
 4.46958 4.48334
 4.46544 5.06898
 4.46059 5.07841
 4.45816 5.34318
 4.45679 5.18971
 4.45596 5.11934
 4.44778 7.75601
 4.44415 4.44573
 4.4419 6.00911
 4.44076 4.46672
 4.43693 5.83296
 4.43685 5.9574
 4.41213 4.94311
 4.40313 4.41468
 4.38715 5.29826
 4.37446 5.0792
 4.37336 7.27117
 4.36583 4.96152
 4.36549 8.48652
 4.3482 4.63567
 4.33983 4.96046
 4.33875 8.03839
 4.33754 7.17262
 4.31781 8.67236
 4.31574 4.33438
 4.30889 5.10892
 4.30201 5.04627
 4.27192 5.1438
 4.26937 5.02536
 4.25763 4.27012
 4.25214 7.94477
 4.23536 4.26221
 4.22464 5.60382
 4.21675 8.01836
 4.21179 4.23838
 4.20522 5.12604
 4.18748 4.21394
 4.18475 4.41842
 4.17435 5.11407
 4.16452 5.11851
 4.13114 5.018
 4.09198 5.15676
 4.07975 7.84441
 4.07636 8.30264
 4.05297 6.36228
 3.87042 4.69346
 3.81033 3.81245
 3.80721 4.80709
 3.72572 6.36813
 3.7127 9.75677
 3.63285 9.60217
