 0 0.481251
 0 0.481482
 0 0.481482
 0 0.481482
 0 0.481482
 0 0.481482
 0 0.516745
 0 0.516745
 0 0.518067
 0 0.518067
 0 0.518068
 0 0.518068
 0 0.614427
 0 0.614427
 0 0.614427
 0 0.615056
 0 0.615056
 0 0.615212
 0 0.615212
 0 0.615599
 0 0.615599
 0 0.615599
 0 0.615601
 0 0.615832
 0 0.616627
 0 0.61687
 0 0.616871
 0 0.617307
 0 0.617461
 0 0.617898
 0 0.619071
 0 0.619655
 0 0.619655
 0 0.619753
 0 0.619753
 0 0.61995
 0 0.619973
 0 0.619974
 0 0.620031
 0 0.620075
 0 0.620325
 0 0.620504
 0 0.620504
 0 0.620522
 0 0.620996
 0 0.621029
 0 0.621029
 0 0.621029
 0 0.621181
 0 0.621181
 0 0.621442
 0 0.621827
 0 0.621828
 0 0.621981
 0 0.622013
 0 0.622013
 0 0.622013
 0 0.622014
 0 0.622014
 0 0.622015
 0 0.622082
 0 0.622104
 0 0.622104
 0 0.622105
 0 0.622105
 0 0.622106
 0 0.622188
 0 0.622188
 0 0.622188
 0 0.622188
 0 0.622188
 0 0.622294
 0 0.622775
 0 0.622775
 0 0.622776
 0 0.623296
 0 0.623389
 0 0.623389
 0 0.623389
 0 0.623397
 0 0.623397
 0 0.623397
 0 0.623398
 0 0.623504
 0 0.623504
 0 0.623657
 0 0.623657
 0 0.623777
 0 0.623778
 0 0.623778
 0 0.623779
 0 0.624097
 0 0.624098
 0 0.624157
 0 0.624284
 0 0.624284
 0 0.624284
 0 0.62429
 0 0.624324
 0 0.624325
 0 0.624468
 0 0.62447
 0 0.624566
 0 0.624572
 0 0.624775
 0 0.624776
 0 0.624777
 0 0.624777
 0 0.624778
 0 0.624781
 0 0.624782
 0 0.624782
 0 0.624838
 0 0.624865
 0 0.624865
 0 0.6249
 0 0.624913
 0 0.624932
 0 0.624942
 0 0.624942
 0 0.624944
 0 0.624963
 0 0.624963
 0 0.625016
 0 0.62503
 0 0.625121
 0 0.625121
 0 0.62516
 0 0.625263
 0 0.625263
 0 0.625361
 0 0.625362
 0 0.625423
 0 0.625424
 0 0.625424
 0 0.625424
 0 0.625436
 0 0.625476
 0 0.625476
 0 0.625519
 0 0.62552
 0 0.62552
 0 0.625573
 0 0.625586
 0 0.625605
 0 0.625605
 0 0.625605
 0 0.62564
 0 0.625659
 0 0.625725
 0 0.625725
 0 0.625746
 0 0.625746
 0 0.625802
 0 0.625807
 0 0.625807
 0 0.62586
 0 0.625867
 0 0.625886
 0 0.625937
 0 0.625937
 0 0.625944
 0 0.625944
 0 0.625952
 0 0.626057
 0 0.626057
 0 0.626075
 0 0.626075
 0 0.626157
 0 0.626157
 0 0.626217
 0 0.626217
 0 0.62625
 0 0.62625
 0 0.626252
 0 0.626254
 0 0.626269
 0 0.626279
 0 0.626279
 0 0.62628
 0 0.626333
 0 0.626394
 0 0.626395
 0 0.626442
 0 0.626442
 0 0.626473
 0 0.626474
 0 0.626518
 0 0.626518
 0 0.626534
 0 0.626556
 0 0.626556
 0 0.626562
 0 0.626562
 0 0.626563
 0 0.626563
 0 0.626573
 0 0.626573
 0 0.626642
 0 0.626643
 0 0.626654
 0 0.626689
 0 0.626709
 0 0.626718
 0 0.626718
 0 0.626719
 0 0.626786
 0 0.626803
 0 0.626803
 0 0.626803
 0 0.626808
 0 0.626808
 0 0.626845
 0 0.626927
 0 0.626927
 0 0.626928
 0 0.626928
 0 0.626934
 0 0.626934
 0 0.62695
 0 0.627112
 0 0.627121
 0 0.627121
 0 0.627121
 0 0.627121
 0 0.627121
 0 0.627138
 0 0.627195
 0 0.627252
 0 0.627312
 0 0.627314
 0 0.627315
 0 0.627315
 0 0.627316
 0 0.627316
 0 0.627374
 0 0.627374
 0 0.62742
 0 0.627484
 0 0.627484
 0 0.627488
 0 0.627489
 0 0.627489
 0 0.627551
 0 0.627552
 0 0.627587
 0 0.627607
 0 0.627607
 0 0.627662
 0 0.627662
 0 0.627662
 0 0.627663
 0 0.627681
 0 0.627724
 0 0.627724
 0 0.627726
 0 0.627726
 0 0.627732
 0 0.627733
 0 0.627733
 0 0.627734
 0 0.627734
 0 0.627788
 0 0.627857
 0 0.627858
 0 0.627858
 0 0.627928
 0 0.627928
 0 0.627963
 0 0.627972
 0 0.628042
 0 0.628044
 0 0.62807
 0 0.62808
 0 0.62808
 0 0.62808
 0 0.628124
 0 0.628176
 0 0.628191
 0 0.628192
 0 0.628192
 0 0.628192
 0 0.62822
 0 0.62822
 0 0.628221
 0 0.628224
 0 0.628225
 0 0.628229
 0 0.62823
 0 0.62823
 0 0.628259
 0 0.62837
 0 0.62837
 0 0.628549
 0 0.62855
 0 0.628587
 0 0.628609
 0 0.628609
 0 0.628633
 0 0.628634
 0 0.628641
 0 0.628651
 0 0.628652
 0 0.628652
 0 0.628652
 0 0.628693
 0 0.628697
 0 0.62878
 0 0.62878
 0 0.628866
 0 0.628924
 0 0.628925
 0 0.628929
 0 0.628942
 0 0.628942
 0 0.628943
 0 0.628947
 0 0.628947
 0 0.628971
 0 0.628971
 0 0.628982
 0 0.629009
 0 0.629009
 0 0.629009
 0 0.629012
 0 0.629013
 0 0.629013
 0 0.629014
 0 0.629054
 0 0.629054
 0 0.629096
 0 0.629109
 0 0.629109
 0 0.629109
 0 0.629109
 0 0.62912
 0 0.62912
 0 0.629158
 0 0.629301
 0 0.629312
 0 0.629344
 0 0.629344
 0 0.629346
 0 0.629347
 0 0.629347
 0 0.629375
 0 0.629375
 0 0.629405
 0 0.62945
 0 0.62945
 0 0.62945
 0 0.629454
 0 0.629471
 0 0.629498
 0 0.62961
 0 0.629627
 0 0.629627
 0 0.629699
 0 0.62972
 0 0.62972
 0 0.62972
 0 0.629721
 0 0.629721
 0 0.62977
 0 0.62977
 0 0.629771
 0 0.629773
 0 0.629773
 0 0.629797
 0 0.629823
 0 0.629853
 0 0.629858
 0 0.629867
 0 0.629867
 0 0.629874
 0 0.629874
 0 0.629893
 0 0.629893
 0 0.629893
 0 0.629893
 0 0.629911
 0 0.629961
 0 0.629961
 0 0.629966
 0 0.630058
 0 0.630058
 0 0.630116
 0 0.630119
 0 0.630119
 0 0.630134
 0 0.63016
 0 0.630235
 0 0.630235
 0 0.630293
 0 0.630346
 0 0.630393
 0 0.630394
 0 0.630405
 0 0.630406
 0 0.630406
 0 0.630415
 0 0.630416
 0 0.630417
 0 0.630438
 0 0.630485
 0 0.630523
 0 0.630523
 0 0.630524
 0 0.630528
 0 0.630556
 0 0.630557
 0 0.630566
 0 0.630567
 0 0.630639
 0 0.63064
 0 0.630642
 0 0.630658
 0 0.630658
 0 0.63066
 0 0.63066
 0 0.630665
 0 0.630665
 0 0.630666
 0 0.630666
 0 0.630667
 0 0.63067
 0 0.630677
 0 0.630677
 0 0.630736
 0 0.630736
 0 0.630737
 0 0.630738
 0 0.630756
 0 0.630801
 0 0.630813
 0 0.630813
 0 0.630828
 0 0.630833
 0 0.630833
 0 0.630868
 0 0.630888
 0 0.630889
 0 0.630889
 0 0.630895
 0 0.630897
 0 0.630897
 0 0.630917
 0 0.630927
 0 0.630927
 0 0.630955
 0 0.630964
 0 0.630965
 0 0.631035
 0 0.631036
 0 0.631071
 0 0.631071
 0 0.631071
 0 0.631119
 0 0.631119
 0 0.63112
 0 0.63112
 0 0.631217
 0 0.631248
 0 0.631257
 0 0.63127
 0 0.63127
 0 0.63127
 0 0.63132
 0 0.631321
 0 0.631324
 0 0.631324
 0 0.631325
 0 0.631325
 0 0.631325
 0 0.631337
 0 0.631368
 0 0.631375
 0 0.631376
 0 0.63139
 0 0.63139
 0 0.631489
 0 0.631502
 0 0.631503
 0 0.631507
 0 0.631507
 0 0.631516
 0 0.631516
 0 0.631545
 0 0.631562
 0 0.631562
 0 0.63159
 0 0.63159
 0 0.631619
 0 0.631619
 0 0.631674
 0 0.631678
 0 0.631699
 0 0.631725
 0 0.631726
 0 0.631726
 0 0.63174
 0 0.63174
 0 0.631741
 0 0.631778
 0 0.631802
 0 0.631803
 0 0.631806
 0 0.631806
 0 0.631815
 0 0.631846
 0 0.631846
 0 0.631871
 0 0.631872
 0 0.631886
 0 0.631888
 0 0.631919
 0 0.631934
 0 0.631981
 0 0.631981
 0 0.631981
 0 0.631982
 0 0.631983
 0 0.632017
 0 0.632029
 0 0.63203
 0 0.632046
 0 0.632046
 0 0.632067
 0 0.632067
 0 0.632067
 0 0.632069
 0 0.632084
 0 0.632086
 0 0.632087
 0 0.632087
 0 0.632178
 0 0.632178
 0 0.632178
 0 0.632179
 0 0.632229
 0 0.632229
 0 0.63223
 0 0.632267
 0 0.632267
 0 0.632268
 0 0.632282
 0 0.632282
 0 0.632316
 0 0.632317
 0 0.632317
 0 0.632318
 0 0.632333
 0 0.632333
 0 0.632357
 0 0.632357
 0 0.632409
 0 0.632409
 0 0.632438
 0 0.632479
 0 0.632479
 0 0.632504
 0 0.632504
 0 0.632504
 0 0.632507
 0 0.632507
 0 0.632627
 0 0.632662
 0 0.632662
 0 0.632672
 0 0.632674
 0 0.632686
 0 0.632687
 0 0.632702
 0 0.632715
 0 0.632727
 0 0.632769
 0 0.63284
 0 0.632841
 0 0.632848
 0 0.632848
 0 0.632864
 0 0.632864
 0 0.632865
 0 0.632865
 0 0.632871
 0 0.632871
 0 0.632871
 0 0.632877
 0 0.632878
 0 0.632913
 0 0.632988
 0 0.632992
 0 0.632992
 0 0.633013
 0 0.633013
 0 0.633013
 0 0.633014
 0 0.63304
 0 0.633066
 0 0.633066
 0 0.633124
 0 0.633124
 0 0.633124
 0 0.633124
 0 0.633124
 0 0.63313
 0 0.63313
 0 0.63316
 0 0.633186
 0 0.633192
 0 0.633192
 0 0.633225
 0 0.633229
 0 0.63323
 0 0.63323
 0 0.63323
 0 0.633331
 0 0.633399
 0 0.633399
 0 0.633404
 0 0.633429
 0 0.633429
 0 0.63343
 0 0.633433
 0 0.633433
 0 0.633443
 0 0.633443
 0 0.633443
 0 0.63346
 0 0.633461
 0 0.633461
 0 0.633461
 0 0.633461
 0 0.633461
 0 0.633479
 0 0.6335
 0 0.633506
 0 0.633507
 0 0.633508
 0 0.633508
 0 0.633508
 0 0.633509
 0 0.633515
 0 0.633516
 0 0.633547
 0 0.633558
 0 0.633568
 0 0.633568
 0 0.633584
 0 0.633584
 0 0.633602
 0 0.633603
 0 0.633603
 0 0.633603
 0 0.633603
 0 0.633621
 0 0.633622
 0 0.633623
 0 0.633639
 0 0.633639
 0 0.633653
 0 0.633656
 0 0.633696
 0 0.633696
 0 0.633726
 0 0.633726
 0 0.633727
 0 0.633739
 0 0.633739
 0 0.633798
 0 0.633798
 0 0.633812
 0 0.633812
 0 0.633812
 0 0.633813
 0 0.633815
 0 0.633821
 0 0.633848
 0 0.633859
 0 0.633859
 0 0.633859
 0 0.633885
 0 0.633909
 0 0.63394
 0 0.63394
 0 0.634001
 0 0.634038
 0 0.634038
 0 0.634038
 0 0.634073
 0 0.634086
 0 0.634087
 0 0.634093
 0 0.634095
 0 0.634095
 0 0.634104
 0 0.634104
 0 0.634119
 0 0.634119
 0 0.634119
 0 0.634121
 0 0.634142
 0 0.634147
 0 0.634147
 0 0.634216
 0 0.634217
 0 0.634239
 0 0.634239
 0 0.634239
 0 0.634308
 0 0.634308
 0 0.634365
 0 0.634365
 0 0.634378
 0 0.634378
 0 0.634379
 0 0.634379
 0 0.634392
 0 0.634402
 0 0.634402
 0 0.634402
 0 0.634453
 0 0.634462
 0 0.634483
 0 0.634501
 0 0.634502
 0 0.634502
 0 0.634502
 0 0.634681
 0 0.634681
 0 0.634681
 0 0.634686
 0 0.634686
 0 0.634686
 0 0.634689
 0 0.634689
 0 0.634689
 0 0.634689
 0 0.634768
 0 0.634768
 0 0.634771
 0 0.634771
 0 0.634789
 0 0.634843
 0 0.634843
 0 0.634843
 0 0.634843
 0 0.634844
 0 0.634844
 0 0.634877
 0 0.634877
 0 0.634902
 0 0.634918
 0 0.634918
 0 0.634928
 0 0.634946
 0 0.634947
 0 0.634955
 0 0.634955
 0 0.634987
 0 0.635014
 0 0.635015
 0 0.635015
 0 0.635021
 0 0.635072
 0 0.635072
 0 0.63511
 0 0.63511
 0 0.63511
 0 0.635144
 0 0.635199
 0 0.635199
 0 0.635221
 0 0.635221
 0 0.635221
 0 0.635221
 0 0.635231
 0 0.635231
 0 0.635253
 0 0.635253
 0 0.635259
 0 0.635259
 0 0.635259
 0 0.63526
 0 0.635271
 0 0.635286
 0 0.635288
 0 0.635309
 0 0.635309
 0 0.63531
 0 0.635319
 0 0.635319
 0 0.635341
 0 0.635358
 0 0.635401
 0 0.635427
 0 0.635449
 0 0.635449
 0 0.635534
 0 0.635535
 0 0.635535
 0 0.635535
 0 0.635536
 0 0.635566
 0 0.635574
 0 0.635609
 0 0.635637
 0 0.635637
 0 0.635637
 0 0.635665
 0 0.635711
 0 0.635718
 0 0.635718
 0 0.635737
 0 0.635743
 0 0.635744
 0 0.635757
 0 0.635759
 0 0.635805
 0 0.635806
 0 0.635813
 0 0.635813
 0 0.635833
 0 0.635833
 0 0.635841
 0 0.635842
 0 0.635844
 0 0.635853
 0 0.635853
 0 0.635867
 0 0.635903
 0 0.635927
 0 0.635927
 0 0.635928
 0 0.635929
 0 0.635929
 0 0.635931
 0 0.635963
 0 0.635963
 0 0.635963
 0 0.635963
 0 0.635963
 0 0.635977
 0 0.635992
 0 0.635992
 0 0.636015
 0 0.636015
 0 0.636027
 0 0.636127
 0 0.636133
 0 0.636133
 0 0.636133
 0 0.636134
 0 0.636134
 0 0.636153
 0 0.636168
 0 0.636168
 0 0.636169
 0 0.636169
 0 0.636171
 0 0.636182
 0 0.636183
 0 0.6362
 0 0.636241
 0 0.636243
 0 0.636243
 0 0.63627
 0 0.636271
 0 0.636276
 0 0.636292
 0 0.636306
 0 0.636337
 0 0.636339
 0 0.636353
 0 0.636354
 0 0.636354
 0 0.636356
 0 0.636368
 0 0.636368
 0 0.636368
 0 0.636374
 0 0.636375
 0 0.636405
 0 0.636405
 0 0.636416
 0 0.636445
 0 0.636445
 0 0.636445
 0 0.636445
 0 0.636465
 0 0.636474
 0 0.636476
 0 0.636476
 0 0.636487
 0 0.636489
 0 0.636513
 0 0.636513
 0 0.636519
 0 0.636519
 0 0.636519
 0 0.63652
 0 0.636524
 0 0.636524
 0 0.636557
 0 0.636557
 0 0.636569
 0 0.636601
 0 0.636614
 0 0.636614
 0 0.636614
 0 0.636615
 0 0.636659
 0 0.63666
 0 0.6367
 0 0.6367
 0 0.636712
 0 0.636712
 0 0.636718
 0 0.636735
 0 0.636735
 0 0.636752
 0 0.636752
 0 0.636754
 0 0.636754
 0 0.636754
 0 0.636754
 0 0.636768
 0 0.636768
 0 0.636768
 0 0.636786
 0 0.636786
 0 0.636787
 0 0.636793
 0 0.636813
 0 0.636827
 0 0.636836
 0 0.636838
 0 0.636849
 0 0.636849
 0 0.636849
 0 0.636866
 0 0.636877
 0 0.636878
 0 0.636886
 0 0.636886
 0 0.636918
 0 0.636931
 0 0.636932
 0 0.636932
 0 0.636933
 0 0.636935
 0 0.636935
 0 0.636948
 0 0.636978
 0 0.636978
 0 0.636992
 0 0.637085
 0 0.637085
 0 0.637085
 0 0.637085
 0 0.637086
 0 0.637086
 0 0.63711
 0 0.637124
 0 0.637125
 0 0.637126
 0 0.637135
 0 0.637135
 0 0.637135
 0 0.637136
 0 0.637138
 0 0.63721
 0 0.637233
 0 0.637236
 0 0.637263
 0 0.637263
 0 0.637264
 0 0.637302
 0 0.637303
 0 0.63736
 0 0.637361
 0 0.637369
 0 0.63737
 0 0.637383
 0 0.637383
 0 0.637383
 0 0.637396
 0 0.637397
 0 0.637417
 0 0.637426
 0 0.637429
 0 0.637429
 0 0.637433
 0 0.637434
 0 0.637434
 0 0.637436
 0 0.637436
 0 0.637466
 0 0.637467
 0 0.637477
 0 0.63749
 0 0.637491
 0 0.637491
 0 0.637536
 0 0.637536
 0 0.637536
 0 0.637536
 0 0.637578
 0 0.637578
 0 0.63759
 0 0.63759
 0 0.637606
 0 0.637606
 0 0.637606
 0 0.637608
 0 0.637608
 0 0.637613
 0 0.637613
 0 0.637665
 0 0.637681
 0 0.63769
 0 0.637707
 0 0.637738
 0 0.637738
 0 0.637739
 0 0.637754
 0 0.637755
 0 0.637785
 0 0.637785
 0 0.637794
 0 0.637801
 0 0.637801
 0 0.637826
 0 0.637826
 0 0.637849
 0 0.637866
 0 0.637866
 0 0.63791
 0 0.63791
 0 0.637916
 0 0.637963
 0 0.637993
 0 0.637993
 0 0.637993
 0 0.637994
 0 0.638004
 0 0.638031
 0 0.638031
 0 0.638042
 0 0.63806
 0 0.63806
 0 0.638073
 0 0.638112
 0 0.638112
 0 0.638129
 0 0.63813
 0 0.638132
 0 0.638146
 0 0.638182
 0 0.638231
 0 0.638231
 0 0.638244
 0 0.638245
 0 0.638246
 0 0.638281
 0 0.638295
 0 0.638316
 0 0.638316
 0 0.638358
 0 0.638358
 0 0.638359
 0 0.638396
 0 0.638396
 0 0.638419
 0 0.638419
 0 0.63842
 0 0.63842
 0 0.638436
 0 0.638505
 0 0.638505
 0 0.638507
 0 0.638507
 0 0.638507
 0 0.638534
 0 0.638538
 0 0.638538
 0 0.638564
 0 0.638576
 0 0.63859
 0 0.63859
 0 0.638606
 0 0.638607
 0 0.638629
 0 0.638633
 0 0.638634
 0 0.638634
 0 0.638673
 0 0.638686
 0 0.638687
 0 0.638688
 0 0.638698
 0 0.638698
 0 0.638738
 0 0.638738
 0 0.638764
 0 0.638769
 0 0.638787
 0 0.638788
 0 0.638788
 0 0.6388
 0 0.638826
 0 0.638826
 0 0.638826
 0 0.638854
 0 0.638855
 0 0.638859
 0 0.638891
 0 0.638938
 0 0.638938
 0 0.63897
 0 0.638973
 0 0.639002
 0 0.639011
 0 0.639014
 0 0.639014
 0 0.639015
 0 0.639037
 0 0.639041
 0 0.639041
 0 0.639042
 0 0.639075
 0 0.639091
 0 0.639124
 0 0.639126
 0 0.639229
 0 0.63923
 0 0.639278
 0 0.639279
 0 0.639297
 0 0.639301
 0 0.639301
 0 0.639321
 0 0.639321
 0 0.639322
 0 0.639361
 0 0.639362
 0 0.639362
 0 0.639362
 0 0.639362
 0 0.639362
 0 0.63942
 0 0.63942
 0 0.63942
 0 0.63944
 0 0.63944
 0 0.639488
 0 0.639489
 0 0.639491
 0 0.639491
 0 0.639491
 0 0.639491
 0 0.639494
 0 0.63951
 0 0.63951
 0 0.639517
 0 0.639589
 0 0.639614
 0 0.639614
 0 0.639614
 0 0.639625
 0 0.639625
 0 0.639626
 0 0.639626
 0 0.639683
 0 0.639703
 0 0.639703
 0 0.639703
 0 0.639703
 0 0.63974
 0 0.639741
 0 0.639782
 0 0.639802
 0 0.639802
 0 0.639815
 0 0.639817
 0 0.639817
 0 0.639818
 0 0.639818
 0 0.63982
 0 0.63982
 0 0.639829
 0 0.63983
 0 0.639855
 0 0.639888
 0 0.639899
 0 0.639905
 0 0.639905
 0 0.639905
 0 0.639905
 0 0.639905
 0 0.639916
 0 0.639917
 0 0.639973
 0 0.639973
 0 0.639973
 0 0.639974
 0 0.640073
 0 0.640076
 0 0.640077
 0 0.640077
 0 0.640086
 0 0.640148
 0 0.640148
 0 0.640158
 0 0.640158
 0 0.640179
 0 0.640185
 0 0.640266
 0 0.640305
 0 0.640305
 0 0.640305
 0 0.640328
 0 0.640328
 0 0.640328
 0 0.640333
 0 0.640334
 0 0.640351
 0 0.640351
 0 0.64037
 0 0.640408
 0 0.640409
 0 0.640413
 0 0.640476
 0 0.640476
 0 0.640476
 0 0.640476
 0 0.640477
 0 0.640477
 0 0.640477
 0 0.640478
 0 0.640554
 0 0.640554
 0 0.640558
 0 0.640583
 0 0.640583
 0 0.64061
 0 0.640682
 0 0.640721
 0 0.640722
 0 0.640722
 0 0.640722
 0 0.640723
 0 0.640764
 0 0.640776
 0 0.640824
 0 0.640826
 0 0.640837
 0 0.640985
 0 0.641012
 0 0.641038
 0 0.641038
 0 0.641068
 0 0.641068
 0 0.641143
 0 0.641144
 0 0.641191
 0 0.641193
 0 0.641221
 0 0.641221
 0 0.64125
 0 0.64125
 0 0.64125
 0 0.641288
 0 0.641288
 0 0.641289
 0 0.641289
 0 0.641333
 0 0.641333
 0 0.641334
 0 0.64139
 0 0.641488
 0 0.641488
 0 0.641488
 0 0.641625
 0 0.641627
 0 0.64168
 0 0.641681
 0 0.641684
 0 0.641684
 0 0.6417
 0 0.641713
 0 0.641718
 0 0.641718
 0 0.641746
 0 0.641752
 0 0.641753
 0 0.641783
 0 0.641787
 0 0.641787
 0 0.641788
 0 0.641828
 0 0.641828
 0 0.641872
 0 0.641872
 0 0.641873
 0 0.641954
 0 0.641985
 0 0.641986
 0 0.642013
 0 0.642013
 0 0.642021
 0 0.642021
 0 0.642024
 0 0.642051
 0 0.642128
 0 0.642129
 0 0.642129
 0 0.642136
 0 0.642136
 0 0.642149
 0 0.642149
 0 0.642155
 0 0.642156
 0 0.642199
 0 0.642295
 0 0.642296
 0 0.642296
 0 0.642296
 0 0.642339
 0 0.642339
 0 0.64234
 0 0.64234
 0 0.64234
 0 0.642359
 0 0.642362
 0 0.642362
 0 0.642362
 0 0.642366
 0 0.642366
 0 0.642366
 0 0.642374
 0 0.642424
 0 0.642434
 0 0.642434
 0 0.642434
 0 0.642435
 0 0.642473
 0 0.64252
 0 0.642522
 0 0.64253
 0 0.64253
 0 0.642531
 0 0.642538
 0 0.642599
 0 0.64262
 0 0.642621
 0 0.642724
 0 0.642727
 0 0.642727
 0 0.642782
 0 0.642801
 0 0.642801
 0 0.642801
 0 0.642801
 0 0.642848
 0 0.642848
 0 0.642872
 0 0.642911
 0 0.64292
 0 0.642926
 0 0.643019
 0 0.643019
 0 0.643032
 0 0.643037
 0 0.643103
 0 0.643127
 0 0.643127
 0 0.64319
 0 0.643256
 0 0.643264
 0 0.643265
 0 0.643287
 0 0.643288
 0 0.64332
 0 0.643321
 0 0.64337
 0 0.643498
 0 0.643498
 0 0.643505
 0 0.643506
 0 0.643517
 0 0.643517
 0 0.643518
 0 0.643547
 0 0.643547
 0 0.643765
 0 0.643765
 0 0.64384
 0 0.643841
 0 0.643841
 0 0.643841
 0 0.643842
 0 0.643907
 0 0.643908
 0 0.643988
 0 0.643988
 0 0.643989
 0 0.643989
 0 0.644216
 0 0.644216
 0 0.644216
 0 0.644559
 0 0.64456
 0 0.64456
 0 0.64456
 0 0.644739
 0 0.644879
 0 0.644879
 0 0.645008
 0 0.645009
 0 0.645009
 0 0.64501
 0 0.645291
 0 0.645368
 0 0.645734
 0 0.645734
 0 0.645737
 0 0.645738
 0 0.645738
 0 0.645738
 0 0.64574
 0 0.645824
 0 0.645825
 0 0.64585
 0 0.645859
 0 0.645876
 0 0.645878
 0 0.645906
 0 0.646097
 0 0.646097
 0 0.646097
 0 0.646193
 0 0.646194
 0 0.646194
 0 0.646194
 0 0.646251
 0 0.646251
 0 0.646402
 0 0.646402
 0 0.646434
 0 0.646519
 0 0.646519
 0 0.64652
 0 0.64652
 0 0.64652
 0 0.646548
 0 0.646573
 0 0.646573
 0 0.646574
 0 0.646694
 0 0.646705
 0 0.646709
 0 0.646735
 0 0.646832
 0 0.646846
 0 0.646846
 0 0.646846
 0 0.646852
 0 0.646879
 0 0.646879
 0 0.646879
 0 0.64688
 0 0.646954
 0 0.646973
 0 0.646973
 0 0.646979
 0 0.647105
 0 0.647134
 0 0.647336
 0 0.647398
 0 0.647398
 0 0.647398
 0 0.64753
 0 0.647539
 0 0.647539
 0 0.647549
 0 0.647549
 0 0.647639
 0 0.64764
 0 0.647761
 0 0.647761
 0 0.647998
 0 0.648952
 0 0.648952
 0 0.649526
 0 0.649527
 0 0.649527
 0 0.649821
 0 0.650054
 0 0.650185
 0 0.650263
 0 0.650335
 0 0.650335
 0 0.650335
 0 0.650474
 0 0.650474
 0 0.650591
 0 0.650591
 0 0.650764
 0 0.650799
 0 0.6508
 0 0.650841
 0 0.650841
 0 0.650841
 0 0.650904
 0 0.650904
 0 0.65097
 0 0.65097
 0 0.651129
 0 0.651164
 0 0.651482
 0 0.651564
 0 0.651564
 0 0.651599
 0 0.651713
 0 0.651714
 0 0.651894
 0 0.652157
 0 0.652157
 0 0.652159
 0 0.652455
 0 0.652455
 0 0.652456
 0 0.65251
 0 0.652802
 0 0.652802
 0 inf
