 0 0.50038
 0 0.50038
 0 0.500649
 0 0.500649
 0 0.501675
 0 0.501943
 0 0.627751
 0 0.627788
 0 0.628053
 0 0.628172
 0 0.628172
 0 0.628173
 0 0.628211
 0 0.628211
 0 0.628211
 0 0.628228
 0 0.628526
 0 0.628543
 0 0.628544
 0 0.628544
 0 0.628565
 0 0.628565
 0 0.628656
 0 0.628657
 0 0.628714
 0 0.628714
 0 0.628717
 0 0.628717
 0 0.628717
 0 0.628719
 0 0.628719
 0 0.628736
 0 0.628854
 0 0.628888
 0 0.628912
 0 0.628984
 0 0.62901
 0 0.629062
 0 0.629063
 0 0.629063
 0 0.629077
 0 0.629096
 0 0.629096
 0 0.629125
 0 0.629125
 0 0.629125
 0 0.629125
 0 0.629175
 0 0.629176
 0 0.629217
 0 0.629217
 0 0.629383
 0 0.629384
 0 0.629385
 0 0.629401
 0 0.629401
 0 0.629402
 0 0.629402
 0 0.629541
 0 0.629542
 0 0.629563
 0 0.629563
 0 0.629782
 0 0.629782
 0 0.629782
 0 0.629782
 0 0.629783
 0 0.629797
 0 0.629797
 0 0.629804
 0 0.629804
 0 0.629804
 0 0.629822
 0 0.629824
 0 0.629861
 0 0.629862
 0 0.629862
 0 0.630003
 0 0.630035
 0 0.630035
 0 0.630131
 0 0.630167
 0 0.63023
 0 0.630231
 0 0.630408
 0 0.630449
 0 0.630515
 0 0.630515
 0 0.630515
 0 0.630516
 0 0.630569
 0 0.630587
 0 0.630588
 0 0.630588
 0 0.630588
 0 0.630588
 0 0.630638
 0 0.630638
 0 0.630639
 0 0.630643
 0 0.630699
 0 0.630699
 0 0.630699
 0 0.630699
 0 0.630794
 0 0.630794
 0 0.630798
 0 0.630804
 0 0.630849
 0 0.630849
 0 0.630927
 0 0.630927
 0 0.630927
 0 0.630943
 0 0.630943
 0 0.630944
 0 0.630944
 0 0.631069
 0 0.63107
 0 0.631076
 0 0.631077
 0 0.631117
 0 0.631119
 0 0.631193
 0 0.631193
 0 0.631193
 0 0.631242
 0 0.631249
 0 0.631251
 0 0.631284
 0 0.631339
 0 0.63135
 0 0.63135
 0 0.631412
 0 0.631413
 0 0.631413
 0 0.631434
 0 0.631434
 0 0.631434
 0 0.631437
 0 0.631478
 0 0.631585
 0 0.631585
 0 0.631585
 0 0.631586
 0 0.631586
 0 0.631626
 0 0.631627
 0 0.631628
 0 0.631666
 0 0.631666
 0 0.631666
 0 0.631707
 0 0.631707
 0 0.63172
 0 0.631741
 0 0.631749
 0 0.631749
 0 0.631753
 0 0.63176
 0 0.631829
 0 0.631829
 0 0.631842
 0 0.631842
 0 0.631862
 0 0.631863
 0 0.631863
 0 0.631863
 0 0.631863
 0 0.631903
 0 0.631905
 0 0.631905
 0 0.631909
 0 0.63191
 0 0.631915
 0 0.631916
 0 0.631957
 0 0.631957
 0 0.631958
 0 0.632001
 0 0.632001
 0 0.632001
 0 0.632015
 0 0.632027
 0 0.632032
 0 0.632033
 0 0.632048
 0 0.632049
 0 0.632049
 0 0.632053
 0 0.632053
 0 0.632061
 0 0.632062
 0 0.632064
 0 0.632064
 0 0.632084
 0 0.632084
 0 0.632089
 0 0.632089
 0 0.632114
 0 0.632115
 0 0.632115
 0 0.632117
 0 0.632244
 0 0.632266
 0 0.632267
 0 0.632267
 0 0.632267
 0 0.632268
 0 0.632289
 0 0.63229
 0 0.632305
 0 0.632337
 0 0.632337
 0 0.63234
 0 0.63234
 0 0.63234
 0 0.63234
 0 0.632352
 0 0.632352
 0 0.632382
 0 0.632388
 0 0.632388
 0 0.632388
 0 0.632389
 0 0.63239
 0 0.632391
 0 0.632391
 0 0.632416
 0 0.632416
 0 0.632416
 0 0.632417
 0 0.632422
 0 0.632437
 0 0.632466
 0 0.632466
 0 0.632471
 0 0.63251
 0 0.632511
 0 0.632512
 0 0.632514
 0 0.632516
 0 0.632516
 0 0.632516
 0 0.632517
 0 0.632517
 0 0.632517
 0 0.632517
 0 0.632518
 0 0.632524
 0 0.63257
 0 0.63257
 0 0.63257
 0 0.63257
 0 0.632572
 0 0.632573
 0 0.632614
 0 0.63262
 0 0.632679
 0 0.632679
 0 0.632682
 0 0.632685
 0 0.632685
 0 0.632686
 0 0.632687
 0 0.632692
 0 0.632723
 0 0.63273
 0 0.632738
 0 0.632763
 0 0.632768
 0 0.632779
 0 0.632788
 0 0.632851
 0 0.632863
 0 0.632876
 0 0.632876
 0 0.632876
 0 0.63288
 0 0.63288
 0 0.632881
 0 0.632882
 0 0.632882
 0 0.632882
 0 0.632882
 0 0.63289
 0 0.632924
 0 0.63293
 0 0.632941
 0 0.632959
 0 0.632971
 0 0.632971
 0 0.632971
 0 0.632971
 0 0.632975
 0 0.632975
 0 0.632978
 0 0.632985
 0 0.632987
 0 0.632987
 0 0.632988
 0 0.633
 0 0.633001
 0 0.633007
 0 0.633007
 0 0.633045
 0 0.633045
 0 0.633047
 0 0.633047
 0 0.633047
 0 0.633048
 0 0.633053
 0 0.633053
 0 0.633067
 0 0.633073
 0 0.633073
 0 0.633073
 0 0.633077
 0 0.633101
 0 0.633105
 0 0.633105
 0 0.633127
 0 0.633127
 0 0.633128
 0 0.633128
 0 0.63314
 0 0.633151
 0 0.633152
 0 0.633152
 0 0.633152
 0 0.633152
 0 0.633183
 0 0.633183
 0 0.633183
 0 0.633186
 0 0.633231
 0 0.633231
 0 0.633234
 0 0.633244
 0 0.633253
 0 0.633271
 0 0.633271
 0 0.633272
 0 0.633272
 0 0.633272
 0 0.633293
 0 0.633293
 0 0.633294
 0 0.633294
 0 0.633294
 0 0.633297
 0 0.633298
 0 0.633313
 0 0.633313
 0 0.633328
 0 0.633329
 0 0.63333
 0 0.633338
 0 0.633341
 0 0.633351
 0 0.633364
 0 0.633364
 0 0.633395
 0 0.633395
 0 0.633395
 0 0.63341
 0 0.63342
 0 0.633421
 0 0.633421
 0 0.633423
 0 0.633434
 0 0.633434
 0 0.633443
 0 0.633446
 0 0.633449
 0 0.63345
 0 0.63345
 0 0.633467
 0 0.633514
 0 0.633515
 0 0.633515
 0 0.633515
 0 0.633515
 0 0.633531
 0 0.633531
 0 0.633531
 0 0.633531
 0 0.63355
 0 0.633556
 0 0.633576
 0 0.633588
 0 0.633589
 0 0.633596
 0 0.63362
 0 0.63362
 0 0.63362
 0 0.63362
 0 0.633647
 0 0.633648
 0 0.633656
 0 0.633657
 0 0.633679
 0 0.633679
 0 0.633679
 0 0.633695
 0 0.633696
 0 0.6337
 0 0.6337
 0 0.633701
 0 0.633701
 0 0.633705
 0 0.633705
 0 0.633724
 0 0.633724
 0 0.633724
 0 0.633728
 0 0.633743
 0 0.633743
 0 0.633746
 0 0.633754
 0 0.633754
 0 0.633773
 0 0.633773
 0 0.633773
 0 0.633774
 0 0.633839
 0 0.633844
 0 0.633844
 0 0.633871
 0 0.633879
 0 0.633879
 0 0.633884
 0 0.633885
 0 0.633885
 0 0.633903
 0 0.633905
 0 0.633905
 0 0.633916
 0 0.633916
 0 0.633954
 0 0.633954
 0 0.633961
 0 0.633963
 0 0.633963
 0 0.633965
 0 0.633973
 0 0.633973
 0 0.633973
 0 0.633987
 0 0.633987
 0 0.633987
 0 0.633992
 0 0.633993
 0 0.634008
 0 0.634008
 0 0.63401
 0 0.634011
 0 0.634014
 0 0.634015
 0 0.634035
 0 0.634051
 0 0.634051
 0 0.634051
 0 0.634051
 0 0.634058
 0 0.634058
 0 0.634059
 0 0.634059
 0 0.634059
 0 0.634067
 0 0.634067
 0 0.634067
 0 0.634073
 0 0.634074
 0 0.634074
 0 0.634074
 0 0.63408
 0 0.634094
 0 0.63411
 0 0.63411
 0 0.634124
 0 0.634125
 0 0.634125
 0 0.634126
 0 0.634151
 0 0.634151
 0 0.634152
 0 0.634155
 0 0.634159
 0 0.634159
 0 0.634177
 0 0.634177
 0 0.634177
 0 0.634177
 0 0.634178
 0 0.634178
 0 0.634179
 0 0.634184
 0 0.634217
 0 0.634217
 0 0.634217
 0 0.634218
 0 0.63422
 0 0.63422
 0 0.63423
 0 0.63423
 0 0.634231
 0 0.634231
 0 0.63424
 0 0.634241
 0 0.634257
 0 0.634257
 0 0.634257
 0 0.634257
 0 0.634285
 0 0.634285
 0 0.634293
 0 0.634297
 0 0.634301
 0 0.634313
 0 0.634324
 0 0.634341
 0 0.634342
 0 0.634342
 0 0.634342
 0 0.634358
 0 0.634359
 0 0.634392
 0 0.634393
 0 0.634421
 0 0.634422
 0 0.634448
 0 0.634452
 0 0.634452
 0 0.634452
 0 0.634489
 0 0.634492
 0 0.634495
 0 0.634495
 0 0.634506
 0 0.634511
 0 0.634513
 0 0.634513
 0 0.634513
 0 0.634528
 0 0.634528
 0 0.634535
 0 0.634575
 0 0.634576
 0 0.634576
 0 0.634595
 0 0.634618
 0 0.634618
 0 0.63462
 0 0.634647
 0 0.634647
 0 0.634647
 0 0.634674
 0 0.634679
 0 0.634679
 0 0.634679
 0 0.634697
 0 0.634757
 0 0.634757
 0 0.634758
 0 0.63476
 0 0.634761
 0 0.634794
 0 0.634799
 0 0.634799
 0 0.634799
 0 0.634809
 0 0.634814
 0 0.63483
 0 0.634845
 0 0.634875
 0 0.634893
 0 0.634916
 0 0.634916
 0 0.634923
 0 0.634924
 0 0.634925
 0 0.634947
 0 0.634947
 0 0.634947
 0 0.634959
 0 0.634959
 0 0.63496
 0 0.63496
 0 0.634962
 0 0.634963
 0 0.634963
 0 0.634964
 0 0.634979
 0 0.634979
 0 0.635003
 0 0.635003
 0 0.635003
 0 0.635019
 0 0.635019
 0 0.635028
 0 0.635028
 0 0.635029
 0 0.635064
 0 0.635065
 0 0.635067
 0 0.635079
 0 0.635083
 0 0.635083
 0 0.635083
 0 0.635091
 0 0.635115
 0 0.635115
 0 0.635115
 0 0.635115
 0 0.635115
 0 0.635144
 0 0.635185
 0 0.635186
 0 0.635188
 0 0.635221
 0 0.635227
 0 0.635227
 0 0.635227
 0 0.635236
 0 0.635243
 0 0.635243
 0 0.635243
 0 0.635265
 0 0.635265
 0 0.635266
 0 0.635266
 0 0.635267
 0 0.635268
 0 0.635268
 0 0.635278
 0 0.635281
 0 0.635285
 0 0.635315
 0 0.635356
 0 0.635365
 0 0.635365
 0 0.635369
 0 0.635369
 0 0.635369
 0 0.63537
 0 0.63537
 0 0.635384
 0 0.635387
 0 0.635387
 0 0.635398
 0 0.635405
 0 0.635405
 0 0.635408
 0 0.63541
 0 0.635413
 0 0.635413
 0 0.635413
 0 0.635417
 0 0.635418
 0 0.635419
 0 0.63542
 0 0.635424
 0 0.635425
 0 0.635425
 0 0.635428
 0 0.635444
 0 0.635444
 0 0.635444
 0 0.635446
 0 0.635465
 0 0.635465
 0 0.635484
 0 0.635519
 0 0.635558
 0 0.635558
 0 0.635575
 0 0.635575
 0 0.635603
 0 0.635604
 0 0.635638
 0 0.635639
 0 0.635649
 0 0.635649
 0 0.635663
 0 0.635701
 0 0.635701
 0 0.635702
 0 0.635702
 0 0.635742
 0 0.635742
 0 0.635743
 0 0.635764
 0 0.635765
 0 0.635776
 0 0.635853
 0 0.63588
 0 0.635882
 0 0.635882
 0 0.635895
 0 0.635895
 0 0.635898
 0 0.635925
 0 0.635931
 0 0.635933
 0 0.635933
 0 0.635933
 0 0.635939
 0 0.63594
 0 0.63594
 0 0.635958
 0 0.635958
 0 0.635958
 0 0.635959
 0 0.635959
 0 0.635997
 0 0.635997
 0 0.636016
 0 0.636016
 0 0.636017
 0 0.636023
 0 0.636023
 0 0.636031
 0 0.636032
 0 0.636032
 0 0.636061
 0 0.636061
 0 0.636074
 0 0.636077
 0 0.636084
 0 0.636098
 0 0.636099
 0 0.636148
 0 0.636148
 0 0.636149
 0 0.636154
 0 0.636154
 0 0.636157
 0 0.636157
 0 0.636164
 0 0.636164
 0 0.636165
 0 0.636167
 0 0.636173
 0 0.636174
 0 0.636198
 0 0.636202
 0 0.636205
 0 0.636206
 0 0.636215
 0 0.636223
 0 0.636223
 0 0.636223
 0 0.636298
 0 0.636298
 0 0.6363
 0 0.6363
 0 0.6363
 0 0.6363
 0 0.636309
 0 0.636311
 0 0.636315
 0 0.636315
 0 0.636329
 0 0.636329
 0 0.636329
 0 0.636329
 0 0.636356
 0 0.636359
 0 0.636378
 0 0.636378
 0 0.636401
 0 0.636417
 0 0.636417
 0 0.636417
 0 0.636425
 0 0.636454
 0 0.636456
 0 0.636456
 0 0.636461
 0 0.636461
 0 0.636461
 0 0.636521
 0 0.636521
 0 0.636554
 0 0.63658
 0 0.636581
 0 0.636604
 0 0.636605
 0 0.636609
 0 0.636669
 0 0.63667
 0 0.63667
 0 0.636736
 0 0.636744
 0 0.636756
 0 0.636758
 0 0.636761
 0 0.636761
 0 0.636761
 0 0.636762
 0 0.636813
 0 0.636813
 0 0.636848
 0 0.636849
 0 0.636855
 0 0.63687
 0 0.636907
 0 0.636912
 0 0.636912
 0 0.636932
 0 0.636937
 0 0.636938
 0 0.637009
 0 0.63701
 0 0.637019
 0 0.637121
 0 0.637121
 0 0.637141
 0 0.637141
 0 0.637141
 0 0.637182
 0 0.637229
 0 0.637236
 0 0.637236
 0 0.637239
 0 0.637249
 0 0.637307
 0 0.637336
 0 0.637336
 0 0.637336
 0 0.637339
 0 0.637348
 0 0.637363
 0 0.637363
 0 0.637459
 0 0.637459
 0 0.637459
 0 0.63749
 0 0.6375
 0 0.637535
 0 0.637535
 0 0.637552
 0 0.637575
 0 0.637593
 0 0.637609
 0 0.637609
 0 0.637609
 0 0.637629
 0 0.63766
 0 0.63766
 0 0.63766
 0 0.63773
 0 0.63773
 0 0.637731
 0 0.637731
 0 0.637731
 0 0.637734
 0 0.637766
 0 0.637767
 0 0.637778
 0 0.637778
 0 0.637778
 0 0.637778
 0 0.637801
 0 0.637811
 0 0.637811
 0 0.637813
 0 0.637813
 0 0.637815
 0 0.637816
 0 0.637816
 0 0.637816
 0 0.637816
 0 0.63788
 0 0.63788
 0 0.63788
 0 0.637894
 0 0.637894
 0 0.637916
 0 0.637916
 0 0.637992
 0 0.637993
 0 0.637994
 0 0.63806
 0 0.638123
 0 0.638145
 0 0.638145
 0 0.638145
 0 0.638152
 0 0.638166
 0 0.638167
 0 0.638175
 0 0.638176
 0 0.638229
 0 0.638243
 0 0.638274
 0 0.638275
 0 0.638302
 0 0.638348
 0 0.638349
 0 0.638418
 0 0.638467
 0 0.638467
 0 0.638467
 0 0.638475
 0 0.638497
 0 0.638499
 0 0.6385
 0 0.6385
 0 0.638525
 0 0.638653
 0 0.6387
 0 0.6387
 0 0.638702
 0 0.638731
 0 0.638731
 0 0.638731
 0 0.638769
 0 0.638769
 0 0.638808
 0 0.638853
 0 0.638947
 0 0.638947
 0 0.639016
 0 0.639053
 0 0.639053
 0 0.639173
 0 0.639173
 0 0.639173
 0 0.639257
 0 0.639297
 0 0.639352
 0 0.63944
 0 0.639489
 0 0.639802
 0 0.639802
 0 0.639841
 0 0.639841
 0 0.639841
 0 0.639854
 0 0.639867
 0 0.639867
 0 0.640013
 0 0.640013
 0 0.640013
 0 0.640014
 0 0.640132
 0 inf
