 0 0.493527
 0 0.494314
 0 0.494314
 0 0.494314
 0 0.495186
 0 0.495187
 0 0.624975
 0 0.625225
 0 0.625748
 0 0.625748
 0 0.625998
 0 0.625998
 0 0.62666
 0 0.62727
 0 0.627271
 0 0.627271
 0 0.627531
 0 0.627533
 0 0.627753
 0 0.627754
 0 0.628146
 0 0.628148
 0 0.628148
 0 0.628164
 0 0.628164
 0 0.628184
 0 0.628191
 0 0.628469
 0 0.628599
 0 0.6286
 0 0.628792
 0 0.628792
 0 0.628793
 0 0.628816
 0 0.628817
 0 0.628817
 0 0.628817
 0 0.628889
 0 0.628889
 0 0.62901
 0 0.62901
 0 0.629041
 0 0.629041
 0 0.629042
 0 0.629071
 0 0.629071
 0 0.629074
 0 0.629103
 0 0.629139
 0 0.629139
 0 0.62914
 0 0.629162
 0 0.629287
 0 0.629376
 0 0.629377
 0 0.629377
 0 0.62942
 0 0.629422
 0 0.629441
 0 0.629484
 0 0.629484
 0 0.629486
 0 0.629493
 0 0.62954
 0 0.629597
 0 0.629598
 0 0.629675
 0 0.629675
 0 0.629675
 0 0.629675
 0 0.629732
 0 0.629835
 0 0.629836
 0 0.62993
 0 0.62993
 0 0.62995
 0 0.62995
 0 0.629958
 0 0.629959
 0 0.62996
 0 0.629964
 0 0.629966
 0 0.629966
 0 0.629985
 0 0.630061
 0 0.630061
 0 0.630061
 0 0.630093
 0 0.630098
 0 0.630098
 0 0.630116
 0 0.630164
 0 0.630177
 0 0.630177
 0 0.630266
 0 0.630266
 0 0.630266
 0 0.630266
 0 0.630341
 0 0.630352
 0 0.630366
 0 0.630367
 0 0.630367
 0 0.630367
 0 0.630429
 0 0.630456
 0 0.630457
 0 0.630507
 0 0.630525
 0 0.630525
 0 0.630621
 0 0.630621
 0 0.630651
 0 0.630652
 0 0.630653
 0 0.630681
 0 0.630681
 0 0.630681
 0 0.630707
 0 0.630707
 0 0.630746
 0 0.630753
 0 0.630753
 0 0.630754
 0 0.630754
 0 0.630848
 0 0.630848
 0 0.630848
 0 0.630872
 0 0.630882
 0 0.630893
 0 0.630893
 0 0.630894
 0 0.630894
 0 0.630894
 0 0.630899
 0 0.630917
 0 0.630974
 0 0.630974
 0 0.630975
 0 0.630976
 0 0.630976
 0 0.630976
 0 0.630976
 0 0.631015
 0 0.631016
 0 0.631042
 0 0.631084
 0 0.631116
 0 0.631117
 0 0.631117
 0 0.631117
 0 0.631118
 0 0.631126
 0 0.631134
 0 0.63115
 0 0.63115
 0 0.631186
 0 0.631187
 0 0.631192
 0 0.631192
 0 0.631204
 0 0.631305
 0 0.631305
 0 0.631327
 0 0.631369
 0 0.631381
 0 0.631382
 0 0.631382
 0 0.631399
 0 0.6314
 0 0.631425
 0 0.631463
 0 0.631464
 0 0.631489
 0 0.631489
 0 0.631523
 0 0.631538
 0 0.631565
 0 0.631565
 0 0.631581
 0 0.631581
 0 0.631581
 0 0.631602
 0 0.631602
 0 0.631603
 0 0.631633
 0 0.631679
 0 0.63168
 0 0.63168
 0 0.631682
 0 0.631699
 0 0.631699
 0 0.631699
 0 0.6317
 0 0.63172
 0 0.63172
 0 0.631735
 0 0.631736
 0 0.631736
 0 0.631764
 0 0.631808
 0 0.631833
 0 0.631834
 0 0.63188
 0 0.631899
 0 0.631983
 0 0.631983
 0 0.632037
 0 0.63204
 0 0.632052
 0 0.632052
 0 0.63206
 0 0.632061
 0 0.632066
 0 0.632068
 0 0.632069
 0 0.632069
 0 0.632071
 0 0.632077
 0 0.632079
 0 0.63208
 0 0.632117
 0 0.632117
 0 0.632118
 0 0.632139
 0 0.632151
 0 0.632151
 0 0.632152
 0 0.632153
 0 0.632153
 0 0.632153
 0 0.632153
 0 0.632187
 0 0.632187
 0 0.632188
 0 0.632188
 0 0.632188
 0 0.632206
 0 0.632206
 0 0.632247
 0 0.632274
 0 0.632274
 0 0.632275
 0 0.632283
 0 0.632292
 0 0.632292
 0 0.632293
 0 0.632293
 0 0.632293
 0 0.632312
 0 0.632312
 0 0.632313
 0 0.632313
 0 0.632371
 0 0.632374
 0 0.63238
 0 0.632403
 0 0.632404
 0 0.63241
 0 0.632412
 0 0.632412
 0 0.63244
 0 0.632449
 0 0.632449
 0 0.632464
 0 0.632468
 0 0.632483
 0 0.632483
 0 0.632509
 0 0.632509
 0 0.632533
 0 0.632533
 0 0.632534
 0 0.632534
 0 0.632558
 0 0.632595
 0 0.6326
 0 0.632602
 0 0.632602
 0 0.63262
 0 0.632646
 0 0.632646
 0 0.632691
 0 0.632693
 0 0.632725
 0 0.632731
 0 0.632732
 0 0.632732
 0 0.632759
 0 0.632759
 0 0.63276
 0 0.63276
 0 0.63276
 0 0.632779
 0 0.632779
 0 0.632779
 0 0.632779
 0 0.63278
 0 0.63281
 0 0.632811
 0 0.632829
 0 0.632849
 0 0.632849
 0 0.632856
 0 0.632906
 0 0.632907
 0 0.632912
 0 0.632915
 0 0.632951
 0 0.632956
 0 0.632956
 0 0.632962
 0 0.632964
 0 0.632967
 0 0.632968
 0 0.632969
 0 0.632994
 0 0.632994
 0 0.632994
 0 0.633023
 0 0.633023
 0 0.633032
 0 0.633064
 0 0.63307
 0 0.633078
 0 0.633092
 0 0.633109
 0 0.633109
 0 0.63311
 0 0.63311
 0 0.633137
 0 0.633137
 0 0.63314
 0 0.63314
 0 0.63314
 0 0.633141
 0 0.633141
 0 0.633141
 0 0.633146
 0 0.633172
 0 0.633172
 0 0.633172
 0 0.633208
 0 0.633209
 0 0.633209
 0 0.633215
 0 0.633222
 0 0.633222
 0 0.633222
 0 0.633234
 0 0.633234
 0 0.633234
 0 0.633234
 0 0.633235
 0 0.633235
 0 0.633242
 0 0.633243
 0 0.633246
 0 0.633246
 0 0.633246
 0 0.633258
 0 0.633283
 0 0.633283
 0 0.633291
 0 0.633303
 0 0.633303
 0 0.633303
 0 0.633316
 0 0.633316
 0 0.633316
 0 0.633325
 0 0.633326
 0 0.633371
 0 0.633374
 0 0.633375
 0 0.633375
 0 0.633377
 0 0.633377
 0 0.633377
 0 0.633406
 0 0.633422
 0 0.633423
 0 0.633426
 0 0.633426
 0 0.633426
 0 0.633426
 0 0.633439
 0 0.633439
 0 0.633455
 0 0.633455
 0 0.6335
 0 0.633502
 0 0.633502
 0 0.633509
 0 0.633511
 0 0.633553
 0 0.633554
 0 0.633554
 0 0.633554
 0 0.633558
 0 0.633558
 0 0.633559
 0 0.633563
 0 0.633563
 0 0.633563
 0 0.633587
 0 0.633606
 0 0.633606
 0 0.633606
 0 0.633642
 0 0.633653
 0 0.633653
 0 0.633653
 0 0.633655
 0 0.633658
 0 0.633683
 0 0.633684
 0 0.633691
 0 0.633695
 0 0.6337
 0 0.6337
 0 0.633711
 0 0.633718
 0 0.633732
 0 0.633732
 0 0.633749
 0 0.633752
 0 0.633752
 0 0.633753
 0 0.633754
 0 0.633754
 0 0.633755
 0 0.633755
 0 0.633761
 0 0.633777
 0 0.633777
 0 0.633781
 0 0.633783
 0 0.633812
 0 0.633812
 0 0.633812
 0 0.633814
 0 0.633815
 0 0.633815
 0 0.633815
 0 0.633815
 0 0.633815
 0 0.633816
 0 0.633827
 0 0.633828
 0 0.633828
 0 0.633828
 0 0.633828
 0 0.633841
 0 0.63385
 0 0.63385
 0 0.63385
 0 0.633897
 0 0.633923
 0 0.633924
 0 0.633954
 0 0.63396
 0 0.63396
 0 0.633961
 0 0.633963
 0 0.633963
 0 0.633963
 0 0.633963
 0 0.633967
 0 0.633967
 0 0.633975
 0 0.633991
 0 0.633992
 0 0.634041
 0 0.63405
 0 0.63405
 0 0.634054
 0 0.634058
 0 0.634058
 0 0.634073
 0 0.634074
 0 0.634074
 0 0.634079
 0 0.63408
 0 0.634123
 0 0.634123
 0 0.634123
 0 0.634123
 0 0.634123
 0 0.634157
 0 0.634168
 0 0.634168
 0 0.634173
 0 0.634174
 0 0.634187
 0 0.634187
 0 0.634187
 0 0.634188
 0 0.634189
 0 0.634192
 0 0.634192
 0 0.634223
 0 0.634228
 0 0.634228
 0 0.634252
 0 0.634278
 0 0.634278
 0 0.634278
 0 0.634278
 0 0.634279
 0 0.634295
 0 0.634296
 0 0.634313
 0 0.634315
 0 0.634315
 0 0.634317
 0 0.634323
 0 0.634323
 0 0.634323
 0 0.634353
 0 0.634374
 0 0.634385
 0 0.634395
 0 0.634396
 0 0.634399
 0 0.634434
 0 0.634445
 0 0.634445
 0 0.634445
 0 0.634446
 0 0.63446
 0 0.63446
 0 0.634487
 0 0.634503
 0 0.634514
 0 0.634518
 0 0.634518
 0 0.634525
 0 0.634533
 0 0.634535
 0 0.634539
 0 0.634541
 0 0.634562
 0 0.634562
 0 0.634562
 0 0.634562
 0 0.634562
 0 0.63459
 0 0.634605
 0 0.634605
 0 0.634613
 0 0.634625
 0 0.634626
 0 0.634626
 0 0.634627
 0 0.634673
 0 0.634673
 0 0.634697
 0 0.634698
 0 0.634719
 0 0.634719
 0 0.63472
 0 0.634724
 0 0.634726
 0 0.634752
 0 0.634752
 0 0.634758
 0 0.634758
 0 0.63477
 0 0.63477
 0 0.63478
 0 0.634812
 0 0.634824
 0 0.634824
 0 0.634863
 0 0.634863
 0 0.634865
 0 0.634865
 0 0.634889
 0 0.634889
 0 0.634889
 0 0.634903
 0 0.634933
 0 0.634935
 0 0.634936
 0 0.634945
 0 0.634945
 0 0.634946
 0 0.634951
 0 0.634951
 0 0.634966
 0 0.634966
 0 0.634966
 0 0.634966
 0 0.634966
 0 0.634969
 0 0.634975
 0 0.634987
 0 0.634987
 0 0.634988
 0 0.634988
 0 0.634989
 0 0.634989
 0 0.634989
 0 0.635003
 0 0.635003
 0 0.635003
 0 0.635003
 0 0.635004
 0 0.635013
 0 0.635013
 0 0.635019
 0 0.635019
 0 0.63502
 0 0.63502
 0 0.63506
 0 0.635061
 0 0.635079
 0 0.635165
 0 0.635167
 0 0.635188
 0 0.635218
 0 0.635218
 0 0.635218
 0 0.635271
 0 0.635271
 0 0.635284
 0 0.635308
 0 0.635308
 0 0.635308
 0 0.635308
 0 0.635314
 0 0.635314
 0 0.635315
 0 0.635327
 0 0.635397
 0 0.635398
 0 0.63541
 0 0.63541
 0 0.63541
 0 0.635442
 0 0.635466
 0 0.635467
 0 0.635468
 0 0.635476
 0 0.635476
 0 0.635476
 0 0.635476
 0 0.635476
 0 0.635488
 0 0.63549
 0 0.635491
 0 0.635491
 0 0.635491
 0 0.635491
 0 0.635492
 0 0.635492
 0 0.635492
 0 0.635493
 0 0.635494
 0 0.635525
 0 0.635526
 0 0.635532
 0 0.635532
 0 0.635536
 0 0.635556
 0 0.635556
 0 0.635576
 0 0.635583
 0 0.635606
 0 0.635606
 0 0.635606
 0 0.635608
 0 0.635608
 0 0.635614
 0 0.635614
 0 0.635615
 0 0.635675
 0 0.635675
 0 0.635717
 0 0.635717
 0 0.635717
 0 0.635721
 0 0.635721
 0 0.635731
 0 0.635731
 0 0.635742
 0 0.635743
 0 0.635743
 0 0.635743
 0 0.635762
 0 0.635763
 0 0.635767
 0 0.635768
 0 0.635776
 0 0.635776
 0 0.635778
 0 0.635778
 0 0.635781
 0 0.635781
 0 0.635781
 0 0.635782
 0 0.635784
 0 0.635785
 0 0.635785
 0 0.635785
 0 0.635787
 0 0.635787
 0 0.635787
 0 0.635816
 0 0.635841
 0 0.635849
 0 0.635913
 0 0.635913
 0 0.635929
 0 0.63593
 0 0.635931
 0 0.635931
 0 0.635932
 0 0.636041
 0 0.636041
 0 0.636045
 0 0.636054
 0 0.636105
 0 0.636141
 0 0.636141
 0 0.636141
 0 0.636141
 0 0.636141
 0 0.636162
 0 0.636196
 0 0.636196
 0 0.636221
 0 0.636228
 0 0.636228
 0 0.636228
 0 0.636228
 0 0.636265
 0 0.636265
 0 0.636266
 0 0.636277
 0 0.636277
 0 0.636279
 0 0.63628
 0 0.636309
 0 0.63631
 0 0.636311
 0 0.636337
 0 0.636338
 0 0.636348
 0 0.636349
 0 0.63635
 0 0.636354
 0 0.636356
 0 0.636356
 0 0.636357
 0 0.636357
 0 0.636374
 0 0.636407
 0 0.636416
 0 0.636425
 0 0.636425
 0 0.636433
 0 0.636434
 0 0.636437
 0 0.636511
 0 0.636526
 0 0.636566
 0 0.636566
 0 0.636567
 0 0.636575
 0 0.636604
 0 0.636604
 0 0.636605
 0 0.636605
 0 0.636605
 0 0.63662
 0 0.63662
 0 0.636621
 0 0.636718
 0 0.636821
 0 0.636821
 0 0.636829
 0 0.636846
 0 0.636846
 0 0.636846
 0 0.636862
 0 0.636863
 0 0.636863
 0 0.636863
 0 0.636868
 0 0.636893
 0 0.636957
 0 0.636959
 0 0.636971
 0 0.636982
 0 0.636982
 0 0.636982
 0 0.636983
 0 0.637057
 0 0.637058
 0 0.637098
 0 0.6371
 0 0.637101
 0 0.637107
 0 0.637107
 0 0.637107
 0 0.637114
 0 0.637114
 0 0.637114
 0 0.637119
 0 0.637159
 0 0.637159
 0 0.637249
 0 0.637249
 0 0.637252
 0 0.637253
 0 0.637272
 0 0.637347
 0 0.637348
 0 0.637348
 0 0.637411
 0 0.637415
 0 0.637416
 0 0.63743
 0 0.637431
 0 0.6375
 0 0.6375
 0 0.6375
 0 0.6375
 0 0.637538
 0 0.637544
 0 0.637545
 0 0.637549
 0 0.637553
 0 0.637554
 0 0.63759
 0 0.637598
 0 0.637598
 0 0.637603
 0 0.637604
 0 0.637619
 0 0.637663
 0 0.637663
 0 0.637663
 0 0.637672
 0 0.637672
 0 0.637699
 0 0.637699
 0 0.637702
 0 0.637722
 0 0.637728
 0 0.637728
 0 0.637728
 0 0.637787
 0 0.637788
 0 0.637788
 0 0.637789
 0 0.637854
 0 0.637855
 0 0.637949
 0 0.638059
 0 0.638059
 0 0.63806
 0 0.638099
 0 0.6381
 0 0.638101
 0 0.638101
 0 0.638146
 0 0.638151
 0 0.638151
 0 0.638226
 0 0.638226
 0 0.638256
 0 0.638277
 0 0.638299
 0 0.638299
 0 0.6383
 0 0.6383
 0 0.638332
 0 0.638355
 0 0.638355
 0 0.638358
 0 0.638359
 0 0.638372
 0 0.638372
 0 0.63838
 0 0.63838
 0 0.63838
 0 0.638675
 0 0.638685
 0 0.638703
 0 0.638703
 0 0.638703
 0 0.638704
 0 0.638704
 0 0.638704
 0 0.638739
 0 0.63876
 0 0.63876
 0 0.638792
 0 0.638837
 0 0.638837
 0 0.638847
 0 0.638851
 0 0.638859
 0 0.638922
 0 0.638988
 0 0.638989
 0 0.638995
 0 0.638995
 0 0.638995
 0 0.639004
 0 0.639004
 0 0.639004
 0 0.639004
 0 0.639041
 0 0.639132
 0 0.639303
 0 0.639303
 0 0.639303
 0 0.639486
 0 0.639486
 0 0.639597
 0 0.639598
 0 0.639604
 0 0.639604
 0 0.639615
 0 0.639615
 0 0.639616
 0 0.639616
 0 0.639671
 0 0.639767
 0 0.639767
 0 0.639786
 0 0.639786
 0 0.639786
 0 0.639855
 0 0.639952
 0 0.640751
 0 0.640751
 0 0.640772
 0 0.640772
 0 0.640772
 0 0.640808
 0 0.640808
 0 0.641766
 0 inf
