 0 0.489948
 0 0.490304
 0 0.490877
 0 0.490878
 0 0.491233
 0 0.491234
 0 0.493974
 0 0.495296
 0 0.495296
 0 0.495296
 0 0.4955
 0 0.495501
 0 0.611551
 0 0.611954
 0 0.612109
 0 0.612109
 0 0.61211
 0 0.61211
 0 0.614246
 0 0.614894
 0 0.614894
 0 0.615513
 0 0.615513
 0 0.615514
 0 0.61737
 0 0.617965
 0 0.618142
 0 0.618194
 0 0.618231
 0 0.618561
 0 0.618562
 0 0.618562
 0 0.618562
 0 0.618805
 0 0.618806
 0 0.61895
 0 0.618964
 0 0.618965
 0 0.619343
 0 0.619343
 0 0.619524
 0 0.619917
 0 0.620475
 0 0.620475
 0 0.620475
 0 0.620857
 0 0.620857
 0 0.621113
 0 0.621113
 0 0.621113
 0 0.621241
 0 0.621462
 0 0.621462
 0 0.62158
 0 0.621599
 0 0.621599
 0 0.621612
 0 0.621844
 0 0.622079
 0 0.622079
 0 0.622303
 0 0.622411
 0 0.622411
 0 0.622412
 0 0.622438
 0 0.622438
 0 0.622438
 0 0.622733
 0 0.622734
 0 0.622822
 0 0.622946
 0 0.622953
 0 0.622962
 0 0.622963
 0 0.622963
 0 0.622964
 0 0.622966
 0 0.622966
 0 0.622976
 0 0.622977
 0 0.623026
 0 0.623135
 0 0.623135
 0 0.623136
 0 0.623136
 0 0.623136
 0 0.623138
 0 0.623279
 0 0.623279
 0 0.623388
 0 0.623388
 0 0.623401
 0 0.623401
 0 0.623498
 0 0.623498
 0 0.623542
 0 0.623544
 0 0.623581
 0 0.623728
 0 0.623783
 0 0.623783
 0 0.623783
 0 0.623802
 0 0.62385
 0 0.62385
 0 0.623874
 0 0.623971
 0 0.624046
 0 0.624048
 0 0.624048
 0 0.624072
 0 0.624217
 0 0.624272
 0 0.624272
 0 0.624284
 0 0.624284
 0 0.624285
 0 0.624354
 0 0.624355
 0 0.624356
 0 0.624359
 0 0.62436
 0 0.624361
 0 0.624363
 0 0.624363
 0 0.624409
 0 0.624409
 0 0.624409
 0 0.624453
 0 0.624453
 0 0.624466
 0 0.624501
 0 0.624501
 0 0.624501
 0 0.624523
 0 0.624565
 0 0.624566
 0 0.624636
 0 0.62476
 0 0.624761
 0 0.624764
 0 0.624803
 0 0.624805
 0 0.624901
 0 0.624901
 0 0.62492
 0 0.624939
 0 0.624941
 0 0.624949
 0 0.624949
 0 0.624949
 0 0.625005
 0 0.625007
 0 0.625007
 0 0.62514
 0 0.62514
 0 0.625141
 0 0.625141
 0 0.625164
 0 0.62522
 0 0.62522
 0 0.625423
 0 0.625423
 0 0.625615
 0 0.625696
 0 0.625697
 0 0.625697
 0 0.625697
 0 0.625737
 0 0.625737
 0 0.625737
 0 0.626059
 0 0.626065
 0 0.626167
 0 0.626241
 0 0.626317
 0 0.626318
 0 0.626354
 0 0.626354
 0 0.626534
 0 0.626547
 0 0.626547
 0 0.626626
 0 0.626757
 0 0.626758
 0 0.627013
 0 0.627014
 0 0.627014
 0 0.627086
 0 0.627088
 0 0.627088
 0 0.627239
 0 0.627239
 0 0.627267
 0 0.627418
 0 0.627418
 0 0.627614
 0 0.627614
 0 0.62763
 0 0.627632
 0 0.627632
 0 0.627646
 0 0.627648
 0 0.627648
 0 0.627742
 0 0.627742
 0 0.627775
 0 0.627857
 0 0.627857
 0 0.627857
 0 0.627858
 0 0.627858
 0 0.627862
 0 0.627862
 0 0.627864
 0 0.627912
 0 0.627913
 0 0.627917
 0 0.627917
 0 0.627968
 0 0.628033
 0 0.628033
 0 0.62807
 0 0.628072
 0 0.628072
 0 0.628078
 0 0.628141
 0 0.628253
 0 0.628253
 0 0.62829
 0 0.62829
 0 0.628321
 0 0.628391
 0 0.6284
 0 0.6284
 0 0.6284
 0 0.628424
 0 0.628424
 0 0.628425
 0 0.628536
 0 0.62855
 0 0.628617
 0 0.628619
 0 0.628666
 0 0.628669
 0 0.628673
 0 0.628674
 0 0.628686
 0 0.628689
 0 0.628689
 0 0.628699
 0 0.628704
 0 0.628705
 0 0.628705
 0 0.628772
 0 0.628772
 0 0.628772
 0 0.628772
 0 0.628772
 0 0.628775
 0 0.628775
 0 0.628803
 0 0.628803
 0 0.628956
 0 0.628964
 0 0.62899
 0 0.62899
 0 0.629013
 0 0.629051
 0 0.629051
 0 0.629051
 0 0.629079
 0 0.62908
 0 0.629106
 0 0.629106
 0 0.62911
 0 0.629111
 0 0.629111
 0 0.629127
 0 0.629175
 0 0.629175
 0 0.62919
 0 0.62919
 0 0.62919
 0 0.629202
 0 0.629215
 0 0.629216
 0 0.629216
 0 0.629222
 0 0.629223
 0 0.629261
 0 0.629298
 0 0.629298
 0 0.629334
 0 0.629383
 0 0.629412
 0 0.629413
 0 0.629414
 0 0.629497
 0 0.629594
 0 0.629602
 0 0.62961
 0 0.629611
 0 0.629623
 0 0.629623
 0 0.629624
 0 0.629624
 0 0.629652
 0 0.629654
 0 0.629655
 0 0.629655
 0 0.629655
 0 0.629656
 0 0.629656
 0 0.629678
 0 0.629678
 0 0.629678
 0 0.629678
 0 0.629688
 0 0.629738
 0 0.629738
 0 0.629738
 0 0.629738
 0 0.629804
 0 0.629809
 0 0.629827
 0 0.629828
 0 0.629852
 0 0.629852
 0 0.629852
 0 0.629878
 0 0.629878
 0 0.629879
 0 0.629911
 0 0.629937
 0 0.629937
 0 0.630046
 0 0.630064
 0 0.630064
 0 0.630064
 0 0.630065
 0 0.630149
 0 0.63015
 0 0.63015
 0 0.630154
 0 0.630154
 0 0.630308
 0 0.630308
 0 0.630351
 0 0.630351
 0 0.630351
 0 0.630387
 0 0.630388
 0 0.630392
 0 0.630393
 0 0.630437
 0 0.630439
 0 0.630439
 0 0.630549
 0 0.630549
 0 0.63055
 0 0.63055
 0 0.630555
 0 0.630555
 0 0.630557
 0 0.630582
 0 0.630583
 0 0.630584
 0 0.630585
 0 0.630588
 0 0.630588
 0 0.630591
 0 0.630597
 0 0.630597
 0 0.630597
 0 0.630627
 0 0.630638
 0 0.630718
 0 0.630718
 0 0.630773
 0 0.630779
 0 0.63078
 0 0.630801
 0 0.630801
 0 0.63087
 0 0.630893
 0 0.630895
 0 0.630896
 0 0.630896
 0 0.630896
 0 0.630926
 0 0.630926
 0 0.630926
 0 0.630927
 0 0.630927
 0 0.630927
 0 0.630928
 0 0.630943
 0 0.630982
 0 0.630982
 0 0.630994
 0 0.631002
 0 0.631002
 0 0.631053
 0 0.631054
 0 0.631151
 0 0.631151
 0 0.631152
 0 0.631152
 0 0.631165
 0 0.631166
 0 0.631166
 0 0.631166
 0 0.631171
 0 0.631171
 0 0.631179
 0 0.63118
 0 0.63118
 0 0.631181
 0 0.631181
 0 0.631231
 0 0.631231
 0 0.63125
 0 0.63125
 0 0.631267
 0 0.631268
 0 0.631279
 0 0.631279
 0 0.631279
 0 0.631279
 0 0.631279
 0 0.631304
 0 0.631304
 0 0.631317
 0 0.63132
 0 0.631346
 0 0.631401
 0 0.631401
 0 0.631434
 0 0.631434
 0 0.631434
 0 0.631434
 0 0.631443
 0 0.631443
 0 0.631444
 0 0.631444
 0 0.631448
 0 0.631454
 0 0.631454
 0 0.631462
 0 0.631463
 0 0.631463
 0 0.631471
 0 0.631476
 0 0.631517
 0 0.631517
 0 0.631518
 0 0.631534
 0 0.631534
 0 0.631534
 0 0.631534
 0 0.631534
 0 0.631542
 0 0.631548
 0 0.631548
 0 0.63159
 0 0.631591
 0 0.631595
 0 0.631609
 0 0.63162
 0 0.63163
 0 0.631633
 0 0.631634
 0 0.631634
 0 0.63164
 0 0.63164
 0 0.63164
 0 0.63164
 0 0.631641
 0 0.631685
 0 0.6317
 0 0.631736
 0 0.631737
 0 0.631743
 0 0.631792
 0 0.631797
 0 0.631798
 0 0.631811
 0 0.631816
 0 0.631861
 0 0.631861
 0 0.631862
 0 0.631875
 0 0.631955
 0 0.63196
 0 0.631961
 0 0.631979
 0 0.631979
 0 0.631979
 0 0.631985
 0 0.631994
 0 0.631994
 0 0.632001
 0 0.632011
 0 0.632011
 0 0.632011
 0 0.632033
 0 0.632033
 0 0.632049
 0 0.632049
 0 0.632051
 0 0.632052
 0 0.632058
 0 0.632058
 0 0.632058
 0 0.632058
 0 0.632058
 0 0.632066
 0 0.632076
 0 0.632164
 0 0.632171
 0 0.632171
 0 0.632201
 0 0.632201
 0 0.632218
 0 0.632218
 0 0.632293
 0 0.632293
 0 0.632356
 0 0.632371
 0 0.632371
 0 0.632373
 0 0.632373
 0 0.632373
 0 0.632382
 0 0.632382
 0 0.632382
 0 0.632389
 0 0.632389
 0 0.63239
 0 0.632403
 0 0.632406
 0 0.632408
 0 0.632432
 0 0.632435
 0 0.632449
 0 0.632486
 0 0.632551
 0 0.632551
 0 0.632555
 0 0.632566
 0 0.632567
 0 0.632573
 0 0.632593
 0 0.632639
 0 0.63264
 0 0.63265
 0 0.63265
 0 0.63265
 0 0.632666
 0 0.632696
 0 0.632719
 0 0.632722
 0 0.632723
 0 0.632729
 0 0.632729
 0 0.632731
 0 0.632731
 0 0.632732
 0 0.632732
 0 0.632732
 0 0.632732
 0 0.632779
 0 0.632779
 0 0.632779
 0 0.632786
 0 0.632787
 0 0.63283
 0 0.63283
 0 0.63283
 0 0.632835
 0 0.632866
 0 0.632866
 0 0.632877
 0 0.632878
 0 0.632943
 0 0.632943
 0 0.632971
 0 0.632971
 0 0.632972
 0 0.632972
 0 0.632972
 0 0.633025
 0 0.633026
 0 0.633053
 0 0.633053
 0 0.633054
 0 0.633071
 0 0.633089
 0 0.633111
 0 0.633111
 0 0.633117
 0 0.633117
 0 0.633127
 0 0.633127
 0 0.633127
 0 0.633145
 0 0.633161
 0 0.633162
 0 0.633162
 0 0.633162
 0 0.633165
 0 0.633165
 0 0.633166
 0 0.63318
 0 0.63318
 0 0.633201
 0 0.633202
 0 0.633202
 0 0.633204
 0 0.633204
 0 0.633235
 0 0.633235
 0 0.633235
 0 0.633263
 0 0.633265
 0 0.633267
 0 0.63328
 0 0.633294
 0 0.633297
 0 0.633298
 0 0.633328
 0 0.63337
 0 0.63337
 0 0.633371
 0 0.633371
 0 0.633372
 0 0.633372
 0 0.633373
 0 0.633376
 0 0.633376
 0 0.633434
 0 0.633436
 0 0.633436
 0 0.633436
 0 0.63345
 0 0.63349
 0 0.63352
 0 0.633521
 0 0.633552
 0 0.633552
 0 0.633552
 0 0.633553
 0 0.633554
 0 0.633577
 0 0.633582
 0 0.633582
 0 0.633582
 0 0.633582
 0 0.633594
 0 0.633594
 0 0.633677
 0 0.633677
 0 0.633677
 0 0.633677
 0 0.633698
 0 0.633705
 0 0.633707
 0 0.633707
 0 0.63371
 0 0.63371
 0 0.633714
 0 0.633716
 0 0.633732
 0 0.633733
 0 0.633733
 0 0.633736
 0 0.633759
 0 0.633771
 0 0.633772
 0 0.633772
 0 0.633812
 0 0.633829
 0 0.633847
 0 0.633859
 0 0.633875
 0 0.633887
 0 0.633913
 0 0.633913
 0 0.633913
 0 0.633913
 0 0.633913
 0 0.633913
 0 0.633914
 0 0.633914
 0 0.633928
 0 0.633928
 0 0.633962
 0 0.633973
 0 0.633973
 0 0.633982
 0 0.633983
 0 0.633987
 0 0.633994
 0 0.633995
 0 0.634008
 0 0.634008
 0 0.634008
 0 0.634008
 0 0.634015
 0 0.634042
 0 0.634048
 0 0.634052
 0 0.634054
 0 0.634054
 0 0.634063
 0 0.634063
 0 0.634063
 0 0.634064
 0 0.634074
 0 0.634079
 0 0.634079
 0 0.634081
 0 0.634081
 0 0.634109
 0 0.634109
 0 0.63411
 0 0.634118
 0 0.634119
 0 0.63414
 0 0.634153
 0 0.634153
 0 0.634154
 0 0.634154
 0 0.634191
 0 0.634199
 0 0.634199
 0 0.6342
 0 0.634212
 0 0.634227
 0 0.634228
 0 0.634229
 0 0.634265
 0 0.634265
 0 0.634265
 0 0.634265
 0 0.634314
 0 0.634332
 0 0.634332
 0 0.634332
 0 0.634332
 0 0.634358
 0 0.634367
 0 0.63437
 0 0.634371
 0 0.634371
 0 0.634371
 0 0.634394
 0 0.634395
 0 0.634436
 0 0.634451
 0 0.634517
 0 0.634531
 0 0.634532
 0 0.634538
 0 0.634538
 0 0.634546
 0 0.634546
 0 0.634546
 0 0.634554
 0 0.634566
 0 0.634568
 0 0.634568
 0 0.634568
 0 0.634568
 0 0.634569
 0 0.634594
 0 0.634628
 0 0.63463
 0 0.63463
 0 0.634631
 0 0.634638
 0 0.634656
 0 0.634657
 0 0.634661
 0 0.634713
 0 0.634713
 0 0.63473
 0 0.634784
 0 0.634784
 0 0.634801
 0 0.634801
 0 0.634801
 0 0.634803
 0 0.63487
 0 0.634871
 0 0.634878
 0 0.634886
 0 0.63489
 0 0.634903
 0 0.634903
 0 0.634908
 0 0.634923
 0 0.634924
 0 0.634924
 0 0.634938
 0 0.634938
 0 0.634938
 0 0.63495
 0 0.634993
 0 0.634994
 0 0.635003
 0 0.635031
 0 0.635031
 0 0.635032
 0 0.635032
 0 0.635032
 0 0.635043
 0 0.635045
 0 0.635045
 0 0.635061
 0 0.635062
 0 0.635092
 0 0.635092
 0 0.635101
 0 0.635105
 0 0.635105
 0 0.635129
 0 0.635133
 0 0.635133
 0 0.635165
 0 0.635165
 0 0.635179
 0 0.635179
 0 0.635199
 0 0.635199
 0 0.635212
 0 0.635212
 0 0.635215
 0 0.635217
 0 0.635248
 0 0.635248
 0 0.635254
 0 0.635267
 0 0.635267
 0 0.635268
 0 0.635269
 0 0.635269
 0 0.635269
 0 0.635275
 0 0.635275
 0 0.635275
 0 0.6353
 0 0.6353
 0 0.6353
 0 0.635322
 0 0.635322
 0 0.635326
 0 0.635328
 0 0.635328
 0 0.635415
 0 0.635423
 0 0.635423
 0 0.635425
 0 0.635425
 0 0.635427
 0 0.63551
 0 0.635512
 0 0.63553
 0 0.63553
 0 0.63553
 0 0.635561
 0 0.635567
 0 0.635568
 0 0.635568
 0 0.635568
 0 0.635573
 0 0.635573
 0 0.635574
 0 0.635602
 0 0.635646
 0 0.635656
 0 0.635656
 0 0.635681
 0 0.635681
 0 0.635681
 0 0.635681
 0 0.635693
 0 0.635737
 0 0.635737
 0 0.635743
 0 0.635743
 0 0.635743
 0 0.635768
 0 0.635768
 0 0.635768
 0 0.635768
 0 0.635768
 0 0.635794
 0 0.635794
 0 0.635794
 0 0.635806
 0 0.635865
 0 0.635897
 0 0.635929
 0 0.635929
 0 0.635929
 0 0.635935
 0 0.635936
 0 0.635936
 0 0.635954
 0 0.635955
 0 0.635955
 0 0.635976
 0 0.635978
 0 0.635993
 0 0.635993
 0 0.635995
 0 0.636008
 0 0.636009
 0 0.636009
 0 0.636029
 0 0.636032
 0 0.636032
 0 0.636054
 0 0.636058
 0 0.636059
 0 0.636059
 0 0.636103
 0 0.636108
 0 0.636109
 0 0.63612
 0 0.636124
 0 0.636124
 0 0.636124
 0 0.636169
 0 0.636187
 0 0.636195
 0 0.636231
 0 0.636232
 0 0.63625
 0 0.636262
 0 0.636262
 0 0.636285
 0 0.636287
 0 0.636315
 0 0.636315
 0 0.636344
 0 0.636344
 0 0.636344
 0 0.636368
 0 0.636368
 0 0.636368
 0 0.636369
 0 0.636369
 0 0.636369
 0 0.636391
 0 0.636429
 0 0.636441
 0 0.636466
 0 0.636466
 0 0.63651
 0 0.636511
 0 0.636511
 0 0.636512
 0 0.636513
 0 0.636526
 0 0.636527
 0 0.636605
 0 0.636605
 0 0.636655
 0 0.636658
 0 0.636658
 0 0.636658
 0 0.636658
 0 0.636671
 0 0.636679
 0 0.63668
 0 0.636681
 0 0.636681
 0 0.636681
 0 0.636681
 0 0.636681
 0 0.636723
 0 0.636744
 0 0.636768
 0 0.636769
 0 0.636771
 0 0.636771
 0 0.636771
 0 0.636772
 0 0.636818
 0 0.636818
 0 0.636819
 0 0.636825
 0 0.636834
 0 0.636834
 0 0.636869
 0 0.636869
 0 0.636869
 0 0.636891
 0 0.636891
 0 0.636935
 0 0.636962
 0 0.636969
 0 0.636969
 0 0.63697
 0 0.63697
 0 0.636971
 0 0.636976
 0 0.636976
 0 0.636976
 0 0.636977
 0 0.636977
 0 0.636982
 0 0.636982
 0 0.636992
 0 0.637014
 0 0.637032
 0 0.637032
 0 0.637048
 0 0.637048
 0 0.637048
 0 0.637056
 0 0.637058
 0 0.637058
 0 0.637095
 0 0.637095
 0 0.637096
 0 0.637119
 0 0.637119
 0 0.637132
 0 0.637188
 0 0.637201
 0 0.637208
 0 0.637208
 0 0.637208
 0 0.637239
 0 0.63733
 0 0.63733
 0 0.637332
 0 0.637363
 0 0.637363
 0 0.637371
 0 0.637371
 0 0.637386
 0 0.637402
 0 0.63741
 0 0.63741
 0 0.63741
 0 0.63741
 0 0.637411
 0 0.63743
 0 0.637431
 0 0.637432
 0 0.637441
 0 0.637441
 0 0.637447
 0 0.637447
 0 0.637447
 0 0.637448
 0 0.637448
 0 0.637448
 0 0.637449
 0 0.637449
 0 0.637449
 0 0.63751
 0 0.63751
 0 0.63751
 0 0.637529
 0 0.637529
 0 0.637529
 0 0.637567
 0 0.637568
 0 0.637568
 0 0.637573
 0 0.637637
 0 0.637637
 0 0.637669
 0 0.637669
 0 0.637669
 0 0.637697
 0 0.637736
 0 0.637739
 0 0.637739
 0 0.63774
 0 0.637754
 0 0.637781
 0 0.637782
 0 0.637793
 0 0.637805
 0 0.637842
 0 0.637842
 0 0.637842
 0 0.637842
 0 0.637843
 0 0.637843
 0 0.637869
 0 0.63787
 0 0.637904
 0 0.637904
 0 0.637905
 0 0.637936
 0 0.637949
 0 0.637965
 0 0.637965
 0 0.637965
 0 0.637966
 0 0.637966
 0 0.637966
 0 0.637976
 0 0.637976
 0 0.637979
 0 0.637985
 0 0.637985
 0 0.63802
 0 0.638047
 0 0.638048
 0 0.638048
 0 0.638064
 0 0.638085
 0 0.638086
 0 0.638097
 0 0.638098
 0 0.638103
 0 0.638158
 0 0.638192
 0 0.638192
 0 0.638192
 0 0.638216
 0 0.638217
 0 0.638231
 0 0.638231
 0 0.638231
 0 0.638251
 0 0.638251
 0 0.638251
 0 0.638251
 0 0.63829
 0 0.63832
 0 0.63832
 0 0.63834
 0 0.638357
 0 0.638358
 0 0.638365
 0 0.638365
 0 0.638405
 0 0.638405
 0 0.638428
 0 0.63843
 0 0.638431
 0 0.638446
 0 0.638447
 0 0.638455
 0 0.638455
 0 0.638458
 0 0.638458
 0 0.638459
 0 0.638465
 0 0.638466
 0 0.638467
 0 0.638507
 0 0.638509
 0 0.638509
 0 0.638536
 0 0.638538
 0 0.638549
 0 0.638552
 0 0.638553
 0 0.63859
 0 0.63859
 0 0.63859
 0 0.638598
 0 0.638605
 0 0.638606
 0 0.638639
 0 0.638669
 0 0.638669
 0 0.638728
 0 0.638728
 0 0.638784
 0 0.638784
 0 0.638797
 0 0.638797
 0 0.638799
 0 0.638801
 0 0.638801
 0 0.638805
 0 0.638853
 0 0.638885
 0 0.638885
 0 0.638885
 0 0.638885
 0 0.638889
 0 0.638889
 0 0.638922
 0 0.638989
 0 0.63899
 0 0.63899
 0 0.639
 0 0.639005
 0 0.639018
 0 0.639078
 0 0.639078
 0 0.639081
 0 0.639081
 0 0.639103
 0 0.639115
 0 0.639115
 0 0.639225
 0 0.639229
 0 0.63926
 0 0.63926
 0 0.63926
 0 0.6393
 0 0.639301
 0 0.639302
 0 0.639325
 0 0.639325
 0 0.639345
 0 0.639347
 0 0.639359
 0 0.639359
 0 0.639359
 0 0.639361
 0 0.639361
 0 0.639394
 0 0.639394
 0 0.639394
 0 0.639442
 0 0.639453
 0 0.639453
 0 0.639455
 0 0.639464
 0 0.639501
 0 0.639504
 0 0.639554
 0 0.639558
 0 0.639558
 0 0.639571
 0 0.639571
 0 0.639603
 0 0.639627
 0 0.639628
 0 0.63963
 0 0.639645
 0 0.639719
 0 0.639719
 0 0.639719
 0 0.639719
 0 0.639722
 0 0.639723
 0 0.639723
 0 0.639726
 0 0.639756
 0 0.639759
 0 0.63976
 0 0.63976
 0 0.639761
 0 0.639766
 0 0.63977
 0 0.63977
 0 0.639773
 0 0.639773
 0 0.639774
 0 0.639785
 0 0.639786
 0 0.639792
 0 0.639823
 0 0.639823
 0 0.639824
 0 0.639885
 0 0.639889
 0 0.63989
 0 0.639894
 0 0.639895
 0 0.639895
 0 0.639919
 0 0.639919
 0 0.639919
 0 0.639919
 0 0.639974
 0 0.639974
 0 0.639984
 0 0.639992
 0 0.640001
 0 0.640001
 0 0.640001
 0 0.640001
 0 0.640001
 0 0.640001
 0 0.64003
 0 0.640052
 0 0.640053
 0 0.640053
 0 0.640062
 0 0.640063
 0 0.640063
 0 0.64016
 0 0.640161
 0 0.640263
 0 0.640276
 0 0.640276
 0 0.640285
 0 0.640286
 0 0.640286
 0 0.640287
 0 0.640306
 0 0.640307
 0 0.640341
 0 0.640373
 0 0.640374
 0 0.640423
 0 0.640424
 0 0.640448
 0 0.640448
 0 0.64046
 0 0.640477
 0 0.640484
 0 0.640544
 0 0.640544
 0 0.640679
 0 0.640685
 0 0.640685
 0 0.640687
 0 0.640687
 0 0.640687
 0 0.640765
 0 0.640782
 0 0.640782
 0 0.640782
 0 0.640844
 0 0.640895
 0 0.640903
 0 0.640903
 0 0.640903
 0 0.640904
 0 0.640933
 0 0.640933
 0 0.640933
 0 0.640951
 0 0.640953
 0 0.641066
 0 0.641066
 0 0.641089
 0 0.641106
 0 0.641106
 0 0.641107
 0 0.641137
 0 0.641138
 0 0.641138
 0 0.641156
 0 0.641174
 0 0.641175
 0 0.641175
 0 0.641175
 0 0.641175
 0 0.641176
 0 0.641176
 0 0.641176
 0 0.641176
 0 0.641206
 0 0.641231
 0 0.641231
 0 0.641257
 0 0.641257
 0 0.641307
 0 0.641314
 0 0.64134
 0 0.641341
 0 0.641341
 0 0.641341
 0 0.641396
 0 0.641396
 0 0.641396
 0 0.641403
 0 0.641643
 0 0.641644
 0 0.641742
 0 0.641742
 0 0.641742
 0 0.641742
 0 0.641743
 0 0.641754
 0 0.641759
 0 0.641761
 0 0.641762
 0 0.641763
 0 0.641875
 0 0.641875
 0 0.641916
 0 0.641948
 0 0.64203
 0 0.64203
 0 0.642031
 0 0.642031
 0 0.64207
 0 0.64212
 0 0.642124
 0 0.642127
 0 0.642128
 0 0.642131
 0 0.642258
 0 0.642259
 0 0.642259
 0 0.642259
 0 0.642284
 0 0.642284
 0 0.642448
 0 0.642459
 0 0.64246
 0 0.642547
 0 0.642575
 0 0.642585
 0 0.642587
 0 0.642596
 0 0.642627
 0 0.642627
 0 0.642627
 0 0.642659
 0 0.642659
 0 0.642691
 0 0.642713
 0 0.642713
 0 0.64272
 0 0.642916
 0 0.643086
 0 0.643115
 0 0.643115
 0 0.643115
 0 0.643115
 0 0.643115
 0 0.643217
 0 0.643219
 0 0.643226
 0 0.64328
 0 0.64328
 0 0.64328
 0 0.643412
 0 0.643412
 0 0.643412
 0 0.643442
 0 0.643444
 0 0.643551
 0 0.643665
 0 0.643667
 0 0.643667
 0 0.643883
 0 0.643884
 0 0.643911
 0 0.643911
 0 0.643911
 0 0.643912
 0 0.643913
 0 0.643978
 0 0.643987
 0 0.644231
 0 0.644231
 0 0.644232
 0 0.64434
 0 0.64434
 0 0.644386
 0 0.644386
 0 0.644386
 0 0.644386
 0 0.644567
 0 0.644567
 0 0.644567
 0 0.644567
 0 0.644597
 0 0.644597
 0 0.644601
 0 0.644647
 0 0.644647
 0 0.644648
 0 0.644691
 0 0.644927
 0 0.644927
 0 0.645685
 0 0.645685
 0 0.645697
 0 0.645735
 0 0.646166
 0 0.646691
 0 0.646792
 0 0.646792
 0 0.646909
 0 0.647327
 0 0.647401
 0 0.647402
 0 0.647533
 0 0.647769
 0 0.647904
 0 0.647927
 0 0.647928
 0 0.648038
 0 0.648039
 0 0.648087
 0 0.648177
 0 0.648177
 0 0.648236
 0 0.648236
 0 0.648268
 0 0.648268
 0 0.648268
 0 0.648326
 0 0.648409
 0 0.64842
 0 0.64851
 0 0.648902
 0 0.649443
 0 0.649514
 0 0.649515
 0 0.650016
 0 0.650018
 0 0.650071
 0 0.650072
 0 0.650072
 0 0.650909
 0 0.650909
 0 0.651071
 0 0.651071
 0 0.651071
 0 0.651572
 0 0.651769
 0 0.651878
 0 0.651879
 0 0.651879
 0 0.65274
 0 0.65274
 0 0.654221
 0 0.654222
 0 0.654222
 0 0.65452
 0 0.654521
 0 0.654629
 0 inf
