 0 0.489125
 0 0.489126
 0 0.489552
 0 0.489553
 0 0.490209
 0 0.490636
 0 0.497357
 0 0.497358
 0 0.497358
 0 0.497358
 0 0.498298
 0 0.498299
 0 0.61173
 0 0.611731
 0 0.612565
 0 0.612566
 0 0.612566
 0 0.612687
 0 0.612689
 0 0.612842
 0 0.612882
 0 0.61323
 0 0.613426
 0 0.613699
 0 0.616043
 0 0.616404
 0 0.616405
 0 0.616405
 0 0.616868
 0 0.616868
 0 0.616905
 0 0.616906
 0 0.617138
 0 0.6173
 0 0.617301
 0 0.617307
 0 0.617308
 0 0.617309
 0 0.617309
 0 0.617692
 0 0.617693
 0 0.617693
 0 0.617693
 0 0.618001
 0 0.618002
 0 0.618002
 0 0.618459
 0 0.618459
 0 0.618614
 0 0.618647
 0 0.618801
 0 0.618802
 0 0.619036
 0 0.619036
 0 0.62044
 0 0.62044
 0 0.620493
 0 0.620493
 0 0.62062
 0 0.620621
 0 0.620621
 0 0.620621
 0 0.620931
 0 0.620931
 0 0.620966
 0 0.621149
 0 0.621437
 0 0.621438
 0 0.621438
 0 0.621581
 0 0.621581
 0 0.621581
 0 0.622305
 0 0.622306
 0 0.622306
 0 0.622371
 0 0.622371
 0 0.622469
 0 0.62247
 0 0.622794
 0 0.622856
 0 0.622901
 0 0.622937
 0 0.623187
 0 0.623187
 0 0.623242
 0 0.623242
 0 0.623242
 0 0.623444
 0 0.623444
 0 0.623445
 0 0.623472
 0 0.623472
 0 0.623522
 0 0.62362
 0 0.623746
 0 0.623886
 0 0.623886
 0 0.623887
 0 0.623907
 0 0.623908
 0 0.623908
 0 0.623956
 0 0.623957
 0 0.624279
 0 0.624442
 0 0.624442
 0 0.624442
 0 0.624446
 0 0.624448
 0 0.624575
 0 0.624696
 0 0.624821
 0 0.624821
 0 0.624837
 0 0.624838
 0 0.624972
 0 0.624972
 0 0.624972
 0 0.625063
 0 0.625064
 0 0.625064
 0 0.625065
 0 0.625108
 0 0.625206
 0 0.625206
 0 0.625206
 0 0.625327
 0 0.625329
 0 0.625329
 0 0.625365
 0 0.625365
 0 0.625365
 0 0.6254
 0 0.6254
 0 0.625419
 0 0.625578
 0 0.625582
 0 0.625582
 0 0.62561
 0 0.625645
 0 0.625675
 0 0.6257
 0 0.6257
 0 0.625733
 0 0.625734
 0 0.625799
 0 0.625807
 0 0.625807
 0 0.625808
 0 0.625922
 0 0.625981
 0 0.625982
 0 0.625986
 0 0.625986
 0 0.625986
 0 0.625987
 0 0.625989
 0 0.626014
 0 0.626015
 0 0.626087
 0 0.626088
 0 0.626135
 0 0.626136
 0 0.626144
 0 0.62617
 0 0.62624
 0 0.626242
 0 0.626288
 0 0.626288
 0 0.626366
 0 0.626451
 0 0.626451
 0 0.62647
 0 0.62647
 0 0.626471
 0 0.626483
 0 0.626493
 0 0.626499
 0 0.626512
 0 0.626542
 0 0.626542
 0 0.626646
 0 0.626681
 0 0.626682
 0 0.626713
 0 0.626713
 0 0.626713
 0 0.626715
 0 0.626717
 0 0.626788
 0 0.626797
 0 0.626797
 0 0.626797
 0 0.626797
 0 0.626813
 0 0.626822
 0 0.626822
 0 0.626838
 0 0.626888
 0 0.626888
 0 0.626946
 0 0.626948
 0 0.626971
 0 0.627221
 0 0.627221
 0 0.627221
 0 0.62723
 0 0.627242
 0 0.627244
 0 0.627245
 0 0.627316
 0 0.627316
 0 0.627316
 0 0.627353
 0 0.627416
 0 0.627416
 0 0.627501
 0 0.627502
 0 0.627539
 0 0.62754
 0 0.627595
 0 0.627635
 0 0.62767
 0 0.627705
 0 0.627705
 0 0.627707
 0 0.627723
 0 0.627734
 0 0.627767
 0 0.627769
 0 0.627802
 0 0.627803
 0 0.627806
 0 0.627832
 0 0.627832
 0 0.627863
 0 0.627896
 0 0.627921
 0 0.627923
 0 0.628029
 0 0.62803
 0 0.628046
 0 0.628046
 0 0.628047
 0 0.628072
 0 0.628083
 0 0.628083
 0 0.628083
 0 0.628083
 0 0.628085
 0 0.628086
 0 0.62811
 0 0.628115
 0 0.628116
 0 0.628116
 0 0.62813
 0 0.62813
 0 0.628146
 0 0.628163
 0 0.628163
 0 0.628163
 0 0.628163
 0 0.628207
 0 0.628256
 0 0.62835
 0 0.628351
 0 0.628354
 0 0.628354
 0 0.628371
 0 0.628374
 0 0.62838
 0 0.628381
 0 0.6284
 0 0.628431
 0 0.628431
 0 0.628439
 0 0.628446
 0 0.628446
 0 0.628489
 0 0.628507
 0 0.628545
 0 0.628571
 0 0.628612
 0 0.628613
 0 0.628622
 0 0.628622
 0 0.628632
 0 0.628656
 0 0.628735
 0 0.628737
 0 0.628737
 0 0.628737
 0 0.62881
 0 0.628842
 0 0.628927
 0 0.628928
 0 0.628928
 0 0.628937
 0 0.628937
 0 0.629004
 0 0.62901
 0 0.62901
 0 0.62901
 0 0.629011
 0 0.629021
 0 0.629021
 0 0.62903
 0 0.62904
 0 0.62904
 0 0.629051
 0 0.629051
 0 0.629052
 0 0.629053
 0 0.629101
 0 0.629115
 0 0.629125
 0 0.629125
 0 0.629125
 0 0.629148
 0 0.629148
 0 0.62916
 0 0.629181
 0 0.62921
 0 0.629211
 0 0.629277
 0 0.629284
 0 0.629293
 0 0.629331
 0 0.629331
 0 0.629331
 0 0.629331
 0 0.629343
 0 0.629362
 0 0.629362
 0 0.629373
 0 0.629373
 0 0.6294
 0 0.62942
 0 0.62942
 0 0.629434
 0 0.629482
 0 0.629503
 0 0.629594
 0 0.629595
 0 0.629604
 0 0.629606
 0 0.629636
 0 0.629636
 0 0.62965
 0 0.629653
 0 0.629653
 0 0.629669
 0 0.629669
 0 0.62967
 0 0.629681
 0 0.629758
 0 0.629765
 0 0.629813
 0 0.629861
 0 0.629861
 0 0.629878
 0 0.629878
 0 0.629903
 0 0.629903
 0 0.629915
 0 0.629915
 0 0.629916
 0 0.629916
 0 0.629916
 0 0.629921
 0 0.629921
 0 0.629953
 0 0.629953
 0 0.629953
 0 0.62996
 0 0.62996
 0 0.629989
 0 0.629999
 0 0.630017
 0 0.630043
 0 0.630043
 0 0.630043
 0 0.630122
 0 0.630187
 0 0.630192
 0 0.630195
 0 0.630209
 0 0.63027
 0 0.630273
 0 0.630306
 0 0.630307
 0 0.630308
 0 0.63032
 0 0.63032
 0 0.630393
 0 0.630393
 0 0.63042
 0 0.63042
 0 0.630426
 0 0.630443
 0 0.630544
 0 0.630545
 0 0.630551
 0 0.630552
 0 0.630642
 0 0.630642
 0 0.630643
 0 0.630643
 0 0.63068
 0 0.630722
 0 0.630722
 0 0.630742
 0 0.630742
 0 0.630761
 0 0.630761
 0 0.630766
 0 0.630766
 0 0.630768
 0 0.630768
 0 0.630787
 0 0.630788
 0 0.630788
 0 0.630788
 0 0.630788
 0 0.630837
 0 0.63087
 0 0.630876
 0 0.630876
 0 0.630877
 0 0.630889
 0 0.630899
 0 0.630908
 0 0.630908
 0 0.630984
 0 0.630984
 0 0.630984
 0 0.631001
 0 0.631006
 0 0.631006
 0 0.631007
 0 0.631019
 0 0.63102
 0 0.631067
 0 0.631137
 0 0.631158
 0 0.631159
 0 0.631174
 0 0.631175
 0 0.631198
 0 0.631198
 0 0.631224
 0 0.631224
 0 0.631225
 0 0.631268
 0 0.631375
 0 0.631375
 0 0.6314
 0 0.6314
 0 0.6314
 0 0.6314
 0 0.631422
 0 0.631422
 0 0.631452
 0 0.631452
 0 0.631462
 0 0.631491
 0 0.631493
 0 0.631493
 0 0.631523
 0 0.631523
 0 0.631523
 0 0.631546
 0 0.631546
 0 0.631548
 0 0.631548
 0 0.631573
 0 0.631592
 0 0.631602
 0 0.63162
 0 0.631622
 0 0.631631
 0 0.631631
 0 0.631632
 0 0.63164
 0 0.63165
 0 0.63165
 0 0.63165
 0 0.631659
 0 0.631689
 0 0.631689
 0 0.631719
 0 0.63172
 0 0.631721
 0 0.631817
 0 0.631817
 0 0.631906
 0 0.631906
 0 0.631919
 0 0.631921
 0 0.631994
 0 0.631994
 0 0.631994
 0 0.631994
 0 0.631994
 0 0.632003
 0 0.632013
 0 0.632013
 0 0.632015
 0 0.632072
 0 0.632072
 0 0.632078
 0 0.63208
 0 0.632081
 0 0.632092
 0 0.632092
 0 0.632097
 0 0.632103
 0 0.632129
 0 0.63213
 0 0.63213
 0 0.63213
 0 0.632153
 0 0.632153
 0 0.632182
 0 0.632208
 0 0.632244
 0 0.632244
 0 0.632282
 0 0.632374
 0 0.632394
 0 0.632394
 0 0.632398
 0 0.632401
 0 0.632428
 0 0.632436
 0 0.632498
 0 0.632498
 0 0.632498
 0 0.632498
 0 0.632506
 0 0.632514
 0 0.632514
 0 0.632516
 0 0.632538
 0 0.632538
 0 0.632538
 0 0.632554
 0 0.632561
 0 0.632607
 0 0.632607
 0 0.632621
 0 0.632621
 0 0.632622
 0 0.632624
 0 0.632631
 0 0.632668
 0 0.632668
 0 0.632668
 0 0.632677
 0 0.632704
 0 0.632704
 0 0.632709
 0 0.632716
 0 0.632716
 0 0.632728
 0 0.632728
 0 0.632728
 0 0.63273
 0 0.632732
 0 0.632749
 0 0.632785
 0 0.632786
 0 0.632786
 0 0.632786
 0 0.632798
 0 0.632798
 0 0.632812
 0 0.632814
 0 0.632814
 0 0.632815
 0 0.632894
 0 0.632917
 0 0.632918
 0 0.632919
 0 0.632919
 0 0.632939
 0 0.632939
 0 0.632988
 0 0.633016
 0 0.633048
 0 0.633096
 0 0.633096
 0 0.633102
 0 0.633103
 0 0.633103
 0 0.633187
 0 0.633187
 0 0.633228
 0 0.633228
 0 0.633228
 0 0.633286
 0 0.633286
 0 0.633286
 0 0.633316
 0 0.633381
 0 0.633381
 0 0.633398
 0 0.633418
 0 0.633423
 0 0.633424
 0 0.633458
 0 0.633458
 0 0.633495
 0 0.633527
 0 0.633527
 0 0.633546
 0 0.633547
 0 0.633556
 0 0.633559
 0 0.633576
 0 0.633647
 0 0.633673
 0 0.633673
 0 0.633674
 0 0.633688
 0 0.633688
 0 0.633688
 0 0.633689
 0 0.633748
 0 0.633748
 0 0.633748
 0 0.633748
 0 0.633748
 0 0.633748
 0 0.633788
 0 0.63379
 0 0.633797
 0 0.633797
 0 0.633797
 0 0.633797
 0 0.633814
 0 0.633814
 0 0.633822
 0 0.633822
 0 0.633823
 0 0.633825
 0 0.633825
 0 0.633825
 0 0.633846
 0 0.633846
 0 0.633859
 0 0.633901
 0 0.633913
 0 0.633914
 0 0.633916
 0 0.63392
 0 0.63392
 0 0.633924
 0 0.633924
 0 0.633924
 0 0.633925
 0 0.633942
 0 0.633942
 0 0.633976
 0 0.633976
 0 0.63402
 0 0.634033
 0 0.634044
 0 0.634081
 0 0.634099
 0 0.634099
 0 0.634099
 0 0.634099
 0 0.634117
 0 0.634118
 0 0.634119
 0 0.634165
 0 0.634165
 0 0.634165
 0 0.634166
 0 0.634175
 0 0.634175
 0 0.634176
 0 0.634176
 0 0.634176
 0 0.634231
 0 0.634232
 0 0.634232
 0 0.634232
 0 0.634232
 0 0.634233
 0 0.634233
 0 0.634235
 0 0.634235
 0 0.634235
 0 0.634235
 0 0.634245
 0 0.634246
 0 0.634246
 0 0.634247
 0 0.634273
 0 0.634285
 0 0.63429
 0 0.63431
 0 0.634335
 0 0.634361
 0 0.634361
 0 0.634361
 0 0.634372
 0 0.634372
 0 0.634373
 0 0.634373
 0 0.634373
 0 0.634373
 0 0.634373
 0 0.634389
 0 0.634453
 0 0.634453
 0 0.634453
 0 0.634454
 0 0.634455
 0 0.634466
 0 0.634466
 0 0.634471
 0 0.63448
 0 0.634481
 0 0.634481
 0 0.634481
 0 0.634482
 0 0.634503
 0 0.634503
 0 0.634503
 0 0.634555
 0 0.634555
 0 0.634555
 0 0.634555
 0 0.634556
 0 0.634587
 0 0.634588
 0 0.634588
 0 0.634603
 0 0.634603
 0 0.634603
 0 0.634611
 0 0.634611
 0 0.634632
 0 0.634645
 0 0.634645
 0 0.63467
 0 0.63467
 0 0.634743
 0 0.63476
 0 0.634761
 0 0.634762
 0 0.634762
 0 0.634762
 0 0.634762
 0 0.634762
 0 0.634763
 0 0.634764
 0 0.634765
 0 0.634765
 0 0.634765
 0 0.634771
 0 0.634774
 0 0.634775
 0 0.634777
 0 0.634777
 0 0.634777
 0 0.634778
 0 0.63478
 0 0.634856
 0 0.634862
 0 0.634874
 0 0.634875
 0 0.634876
 0 0.634894
 0 0.634894
 0 0.634894
 0 0.634896
 0 0.634897
 0 0.634897
 0 0.634897
 0 0.634897
 0 0.634899
 0 0.634899
 0 0.634899
 0 0.634899
 0 0.634899
 0 0.634922
 0 0.634925
 0 0.634932
 0 0.634932
 0 0.634932
 0 0.634933
 0 0.634934
 0 0.634934
 0 0.634974
 0 0.634974
 0 0.634995
 0 0.634995
 0 0.635001
 0 0.635001
 0 0.635001
 0 0.635022
 0 0.635022
 0 0.635028
 0 0.635037
 0 0.635058
 0 0.635058
 0 0.635059
 0 0.635059
 0 0.635122
 0 0.635133
 0 0.635133
 0 0.635133
 0 0.635136
 0 0.635145
 0 0.635145
 0 0.63515
 0 0.635151
 0 0.63518
 0 0.635197
 0 0.635198
 0 0.635208
 0 0.635221
 0 0.635223
 0 0.635223
 0 0.635239
 0 0.635239
 0 0.635258
 0 0.635258
 0 0.635294
 0 0.635294
 0 0.635357
 0 0.635362
 0 0.635386
 0 0.635386
 0 0.635386
 0 0.635391
 0 0.635409
 0 0.635415
 0 0.635415
 0 0.635416
 0 0.635422
 0 0.635423
 0 0.635423
 0 0.635434
 0 0.635435
 0 0.635435
 0 0.635473
 0 0.635473
 0 0.635511
 0 0.635568
 0 0.635568
 0 0.635587
 0 0.635587
 0 0.635595
 0 0.635598
 0 0.635637
 0 0.635674
 0 0.635675
 0 0.635692
 0 0.635693
 0 0.6357
 0 0.6357
 0 0.635731
 0 0.635762
 0 0.635762
 0 0.635767
 0 0.635768
 0 0.63578
 0 0.635793
 0 0.635796
 0 0.635806
 0 0.635819
 0 0.635825
 0 0.635826
 0 0.635839
 0 0.635839
 0 0.635877
 0 0.635879
 0 0.635881
 0 0.635881
 0 0.635881
 0 0.635952
 0 0.635952
 0 0.635956
 0 0.635964
 0 0.635964
 0 0.635966
 0 0.635976
 0 0.635976
 0 0.635977
 0 0.635978
 0 0.635985
 0 0.635987
 0 0.635987
 0 0.635988
 0 0.635988
 0 0.635996
 0 0.636002
 0 0.636002
 0 0.636052
 0 0.636087
 0 0.636093
 0 0.636101
 0 0.636102
 0 0.636119
 0 0.63612
 0 0.63612
 0 0.636134
 0 0.636134
 0 0.636158
 0 0.636158
 0 0.636164
 0 0.636164
 0 0.636166
 0 0.636166
 0 0.636166
 0 0.636168
 0 0.636177
 0 0.63618
 0 0.63618
 0 0.636181
 0 0.636182
 0 0.636182
 0 0.636183
 0 0.636228
 0 0.636228
 0 0.636228
 0 0.636229
 0 0.636257
 0 0.636265
 0 0.636266
 0 0.63627
 0 0.636302
 0 0.636303
 0 0.636303
 0 0.636349
 0 0.636381
 0 0.636384
 0 0.636385
 0 0.636385
 0 0.636397
 0 0.636398
 0 0.63646
 0 0.63646
 0 0.636467
 0 0.6365
 0 0.6365
 0 0.6365
 0 0.636508
 0 0.636511
 0 0.636511
 0 0.636511
 0 0.636511
 0 0.636529
 0 0.636529
 0 0.636529
 0 0.636529
 0 0.636538
 0 0.636541
 0 0.636541
 0 0.636542
 0 0.636542
 0 0.636569
 0 0.63657
 0 0.63657
 0 0.636592
 0 0.636592
 0 0.636593
 0 0.636595
 0 0.636595
 0 0.636595
 0 0.636597
 0 0.636597
 0 0.636599
 0 0.636599
 0 0.6366
 0 0.636602
 0 0.636617
 0 0.636652
 0 0.636675
 0 0.636684
 0 0.636685
 0 0.636685
 0 0.636685
 0 0.636685
 0 0.63669
 0 0.636695
 0 0.636695
 0 0.636695
 0 0.636695
 0 0.636696
 0 0.636699
 0 0.636699
 0 0.6367
 0 0.636705
 0 0.636757
 0 0.636778
 0 0.636814
 0 0.636823
 0 0.636824
 0 0.636824
 0 0.636826
 0 0.636843
 0 0.636862
 0 0.636863
 0 0.636875
 0 0.636885
 0 0.636885
 0 0.636885
 0 0.63689
 0 0.63689
 0 0.636891
 0 0.636896
 0 0.636899
 0 0.6369
 0 0.636901
 0 0.636901
 0 0.636903
 0 0.636911
 0 0.636912
 0 0.636912
 0 0.636912
 0 0.636912
 0 0.636913
 0 0.636926
 0 0.636927
 0 0.636934
 0 0.636934
 0 0.636934
 0 0.636934
 0 0.636953
 0 0.636953
 0 0.636953
 0 0.636954
 0 0.637005
 0 0.637005
 0 0.637006
 0 0.63701
 0 0.63701
 0 0.637011
 0 0.637013
 0 0.637013
 0 0.637013
 0 0.637059
 0 0.637066
 0 0.637066
 0 0.637088
 0 0.637088
 0 0.637088
 0 0.637101
 0 0.637101
 0 0.637141
 0 0.637143
 0 0.637208
 0 0.637208
 0 0.637251
 0 0.637261
 0 0.637262
 0 0.637289
 0 0.637296
 0 0.637311
 0 0.637313
 0 0.637318
 0 0.63734
 0 0.63734
 0 0.63734
 0 0.637341
 0 0.637349
 0 0.63737
 0 0.637388
 0 0.63739
 0 0.637434
 0 0.637496
 0 0.637497
 0 0.637499
 0 0.637499
 0 0.6375
 0 0.6375
 0 0.637501
 0 0.637515
 0 0.637516
 0 0.637535
 0 0.637537
 0 0.637538
 0 0.637541
 0 0.637541
 0 0.637553
 0 0.637626
 0 0.637628
 0 0.637643
 0 0.637643
 0 0.637669
 0 0.63768
 0 0.63768
 0 0.637694
 0 0.637725
 0 0.637725
 0 0.637731
 0 0.637747
 0 0.637756
 0 0.637757
 0 0.637773
 0 0.637773
 0 0.637806
 0 0.637814
 0 0.637818
 0 0.637818
 0 0.63782
 0 0.63782
 0 0.63782
 0 0.637826
 0 0.637826
 0 0.637826
 0 0.637886
 0 0.637886
 0 0.637895
 0 0.637895
 0 0.637962
 0 0.637986
 0 0.637986
 0 0.638003
 0 0.638003
 0 0.63802
 0 0.63802
 0 0.63802
 0 0.63802
 0 0.638031
 0 0.638031
 0 0.638031
 0 0.638042
 0 0.638042
 0 0.638044
 0 0.638044
 0 0.638044
 0 0.638054
 0 0.638091
 0 0.638102
 0 0.638103
 0 0.638104
 0 0.638107
 0 0.638124
 0 0.638124
 0 0.638124
 0 0.638124
 0 0.638129
 0 0.638131
 0 0.638131
 0 0.638149
 0 0.638163
 0 0.63817
 0 0.638274
 0 0.638292
 0 0.638292
 0 0.638292
 0 0.638292
 0 0.638293
 0 0.638311
 0 0.63835
 0 0.638351
 0 0.638351
 0 0.638375
 0 0.638421
 0 0.638459
 0 0.63846
 0 0.63846
 0 0.638471
 0 0.638518
 0 0.638518
 0 0.638518
 0 0.638518
 0 0.638536
 0 0.638563
 0 0.638565
 0 0.638573
 0 0.638574
 0 0.638575
 0 0.638575
 0 0.638577
 0 0.638577
 0 0.638577
 0 0.638602
 0 0.638602
 0 0.638624
 0 0.638624
 0 0.63863
 0 0.638631
 0 0.63864
 0 0.638653
 0 0.638654
 0 0.638668
 0 0.638668
 0 0.638709
 0 0.638721
 0 0.638763
 0 0.638764
 0 0.638769
 0 0.638827
 0 0.638827
 0 0.638827
 0 0.638863
 0 0.638864
 0 0.638906
 0 0.638906
 0 0.63892
 0 0.638938
 0 0.638962
 0 0.638962
 0 0.638973
 0 0.638973
 0 0.638984
 0 0.639009
 0 0.639028
 0 0.639029
 0 0.639044
 0 0.639045
 0 0.639065
 0 0.639066
 0 0.639067
 0 0.639078
 0 0.639088
 0 0.639089
 0 0.63909
 0 0.63909
 0 0.63909
 0 0.639118
 0 0.639118
 0 0.639162
 0 0.639162
 0 0.639162
 0 0.639163
 0 0.639177
 0 0.639178
 0 0.639178
 0 0.639178
 0 0.639178
 0 0.639204
 0 0.63922
 0 0.639246
 0 0.639246
 0 0.639246
 0 0.63926
 0 0.639261
 0 0.639388
 0 0.639388
 0 0.639411
 0 0.639417
 0 0.639428
 0 0.639429
 0 0.63945
 0 0.639464
 0 0.639464
 0 0.639594
 0 0.639692
 0 0.639692
 0 0.639715
 0 0.639716
 0 0.639776
 0 0.639827
 0 0.63987
 0 0.63987
 0 0.63987
 0 0.63987
 0 0.639926
 0 0.639926
 0 0.639926
 0 0.639933
 0 0.639942
 0 0.639956
 0 0.639956
 0 0.639989
 0 0.639997
 0 0.639997
 0 0.639998
 0 0.640003
 0 0.64001
 0 0.640014
 0 0.640014
 0 0.640014
 0 0.640014
 0 0.640016
 0 0.640016
 0 0.640038
 0 0.640038
 0 0.640113
 0 0.640113
 0 0.640113
 0 0.640133
 0 0.640152
 0 0.640176
 0 0.640183
 0 0.640201
 0 0.640201
 0 0.640247
 0 0.640247
 0 0.640248
 0 0.640248
 0 0.640332
 0 0.640339
 0 0.640341
 0 0.640341
 0 0.640341
 0 0.640342
 0 0.640431
 0 0.640432
 0 0.640432
 0 0.640473
 0 0.640473
 0 0.640489
 0 0.64049
 0 0.640492
 0 0.640501
 0 0.640501
 0 0.640501
 0 0.640502
 0 0.640502
 0 0.640526
 0 0.640539
 0 0.640597
 0 0.640597
 0 0.640601
 0 0.640602
 0 0.64062
 0 0.64062
 0 0.640647
 0 0.640647
 0 0.640665
 0 0.64067
 0 0.640672
 0 0.640672
 0 0.640672
 0 0.640673
 0 0.640673
 0 0.640729
 0 0.640729
 0 0.640729
 0 0.640737
 0 0.640845
 0 0.640845
 0 0.640845
 0 0.640966
 0 0.640973
 0 0.640973
 0 0.640973
 0 0.640973
 0 0.640982
 0 0.640983
 0 0.641004
 0 0.641004
 0 0.641031
 0 0.641078
 0 0.64111
 0 0.64111
 0 0.641125
 0 0.641125
 0 0.641145
 0 0.641146
 0 0.641147
 0 0.64115
 0 0.64115
 0 0.641247
 0 0.641247
 0 0.641247
 0 0.641247
 0 0.641282
 0 0.641651
 0 0.641879
 0 0.641974
 0 0.641975
 0 0.641975
 0 0.641975
 0 0.642001
 0 0.642002
 0 0.642002
 0 0.642055
 0 0.642056
 0 0.642097
 0 0.642098
 0 0.64224
 0 0.642241
 0 0.642241
 0 0.642422
 0 0.642422
 0 0.642423
 0 0.642423
 0 0.642508
 0 0.642508
 0 0.642508
 0 0.642508
 0 0.64253
 0 0.64253
 0 0.642636
 0 0.642636
 0 0.642797
 0 0.642797
 0 0.642798
 0 0.642798
 0 0.642824
 0 0.642824
 0 0.642846
 0 0.642971
 0 0.64306
 0 0.64306
 0 0.643142
 0 0.643144
 0 0.643376
 0 0.643377
 0 0.643443
 0 0.64351
 0 0.643532
 0 0.643532
 0 0.643532
 0 0.643554
 0 0.643554
 0 0.64364
 0 0.643642
 0 0.643659
 0 0.64415
 0 0.64415
 0 0.644352
 0 0.64438
 0 0.64438
 0 0.644381
 0 0.644473
 0 0.644474
 0 0.644474
 0 0.644486
 0 0.644486
 0 0.644486
 0 0.644486
 0 0.644486
 0 0.644597
 0 0.644598
 0 0.644599
 0 0.644599
 0 0.644632
 0 0.644633
 0 0.644633
 0 0.644635
 0 0.644635
 0 0.644637
 0 0.644747
 0 0.644756
 0 0.644921
 0 0.644921
 0 0.644922
 0 0.644922
 0 0.644984
 0 0.644984
 0 0.644994
 0 0.644994
 0 0.645081
 0 0.645148
 0 0.645149
 0 0.64515
 0 0.645155
 0 0.645175
 0 0.645218
 0 0.645277
 0 0.645277
 0 0.645277
 0 0.645292
 0 0.645292
 0 0.645459
 0 0.64546
 0 0.645497
 0 0.645497
 0 0.645529
 0 0.645562
 0 0.645562
 0 0.645629
 0 0.645629
 0 0.645629
 0 0.645647
 0 0.645674
 0 0.645714
 0 0.645714
 0 0.645714
 0 0.645714
 0 0.645715
 0 0.645716
 0 0.645716
 0 0.645738
 0 0.645764
 0 0.646084
 0 0.646104
 0 0.646104
 0 0.646199
 0 0.646199
 0 0.646199
 0 0.646227
 0 0.646259
 0 0.646288
 0 0.646288
 0 0.64629
 0 0.646333
 0 0.647105
 0 0.647105
 0 0.647348
 0 0.647348
 0 0.647348
 0 0.647837
 0 0.647837
 0 0.647837
 0 0.648028
 0 0.648028
 0 0.648029
 0 0.648029
 0 0.648241
 0 0.648261
 0 0.648317
 0 0.648345
 0 0.64838
 0 0.64838
 0 0.648723
 0 0.648727
 0 0.648727
 0 0.648779
 0 0.64879
 0 0.64879
 0 0.64879
 0 0.648791
 0 0.648791
 0 0.648957
 0 0.648957
 0 0.648957
 0 0.649201
 0 0.649201
 0 0.649201
 0 0.649382
 0 0.649801
 0 0.649801
 0 inf
