 0 0.486207
 0 0.486873
 0 0.486874
 0 0.487079
 0 0.487079
 0 0.487079
 0 0.491587
 0 0.491587
 0 0.492067
 0 0.492067
 0 0.492067
 0 0.492493
 0 0.625289
 0 0.625505
 0 0.625594
 0 0.625594
 0 0.625865
 0 0.625865
 0 0.625865
 0 0.625953
 0 0.625953
 0 0.6261
 0 0.626129
 0 0.626129
 0 0.626285
 0 0.626286
 0 0.626286
 0 0.626294
 0 0.626294
 0 0.626316
 0 0.626316
 0 0.6264
 0 0.626506
 0 0.626506
 0 0.626568
 0 0.626652
 0 0.626652
 0 0.626652
 0 0.626697
 0 0.626697
 0 0.626758
 0 0.626792
 0 0.626841
 0 0.626879
 0 0.626929
 0 0.626949
 0 0.626949
 0 0.626957
 0 0.626957
 0 0.627036
 0 0.627044
 0 0.627045
 0 0.627111
 0 0.627111
 0 0.627112
 0 0.627118
 0 0.627124
 0 0.62722
 0 0.62722
 0 0.62722
 0 0.62722
 0 0.627236
 0 0.627256
 0 0.627256
 0 0.627256
 0 0.627277
 0 0.627278
 0 0.627302
 0 0.627303
 0 0.627313
 0 0.627337
 0 0.627366
 0 0.627439
 0 0.627448
 0 0.627448
 0 0.627498
 0 0.627531
 0 0.627532
 0 0.627604
 0 0.627614
 0 0.627627
 0 0.627627
 0 0.627697
 0 0.627697
 0 0.627697
 0 0.627698
 0 0.627705
 0 0.627718
 0 0.627718
 0 0.627752
 0 0.627781
 0 0.627787
 0 0.627826
 0 0.627886
 0 0.627913
 0 0.627913
 0 0.628
 0 0.628018
 0 0.628018
 0 0.628024
 0 0.628032
 0 0.628045
 0 0.628081
 0 0.628091
 0 0.628091
 0 0.628122
 0 0.628123
 0 0.628124
 0 0.628134
 0 0.628135
 0 0.628135
 0 0.628135
 0 0.628135
 0 0.628136
 0 0.628148
 0 0.628192
 0 0.628193
 0 0.628193
 0 0.628211
 0 0.628212
 0 0.628232
 0 0.628233
 0 0.628253
 0 0.628319
 0 0.628319
 0 0.628358
 0 0.628358
 0 0.628358
 0 0.62838
 0 0.62838
 0 0.628397
 0 0.628493
 0 0.62855
 0 0.628568
 0 0.628568
 0 0.628571
 0 0.628574
 0 0.628574
 0 0.628575
 0 0.628606
 0 0.628606
 0 0.628606
 0 0.628607
 0 0.628635
 0 0.628646
 0 0.628762
 0 0.628762
 0 0.628762
 0 0.628762
 0 0.628762
 0 0.628767
 0 0.628768
 0 0.628769
 0 0.628778
 0 0.628785
 0 0.628786
 0 0.628791
 0 0.628791
 0 0.628818
 0 0.628911
 0 0.628914
 0 0.628914
 0 0.628917
 0 0.628918
 0 0.628951
 0 0.628951
 0 0.628951
 0 0.628968
 0 0.628968
 0 0.628986
 0 0.628996
 0 0.62902
 0 0.62902
 0 0.629031
 0 0.629048
 0 0.629048
 0 0.629048
 0 0.629048
 0 0.629053
 0 0.629054
 0 0.629054
 0 0.629054
 0 0.629054
 0 0.629103
 0 0.629103
 0 0.629119
 0 0.629121
 0 0.629122
 0 0.629123
 0 0.629124
 0 0.629137
 0 0.629143
 0 0.629145
 0 0.629154
 0 0.629195
 0 0.629226
 0 0.629253
 0 0.629287
 0 0.629335
 0 0.629362
 0 0.629368
 0 0.629369
 0 0.62937
 0 0.629377
 0 0.629378
 0 0.629382
 0 0.629404
 0 0.629404
 0 0.629404
 0 0.629414
 0 0.629448
 0 0.629457
 0 0.62946
 0 0.62946
 0 0.62953
 0 0.629541
 0 0.629564
 0 0.62957
 0 0.629607
 0 0.629607
 0 0.629608
 0 0.629629
 0 0.629637
 0 0.629661
 0 0.629662
 0 0.629663
 0 0.629663
 0 0.629669
 0 0.629669
 0 0.62968
 0 0.62968
 0 0.62968
 0 0.629683
 0 0.629683
 0 0.629683
 0 0.629689
 0 0.629695
 0 0.629737
 0 0.629756
 0 0.629763
 0 0.629765
 0 0.629768
 0 0.629769
 0 0.629769
 0 0.629769
 0 0.629796
 0 0.629796
 0 0.629796
 0 0.629797
 0 0.629798
 0 0.62983
 0 0.629851
 0 0.629852
 0 0.629861
 0 0.629861
 0 0.629863
 0 0.629879
 0 0.629879
 0 0.629879
 0 0.629912
 0 0.629923
 0 0.629923
 0 0.629976
 0 0.629976
 0 0.629976
 0 0.63005
 0 0.630064
 0 0.630064
 0 0.63007
 0 0.63007
 0 0.630082
 0 0.630102
 0 0.630107
 0 0.630112
 0 0.630121
 0 0.630121
 0 0.630138
 0 0.630138
 0 0.630176
 0 0.630176
 0 0.630181
 0 0.630182
 0 0.630182
 0 0.630214
 0 0.630228
 0 0.63023
 0 0.63025
 0 0.630261
 0 0.630262
 0 0.63027
 0 0.630271
 0 0.630271
 0 0.630278
 0 0.630279
 0 0.630318
 0 0.630344
 0 0.630346
 0 0.630347
 0 0.630366
 0 0.630367
 0 0.630369
 0 0.630404
 0 0.630405
 0 0.630405
 0 0.630406
 0 0.630407
 0 0.630417
 0 0.630417
 0 0.630421
 0 0.630421
 0 0.630421
 0 0.630457
 0 0.630458
 0 0.630459
 0 0.630459
 0 0.630459
 0 0.63047
 0 0.630475
 0 0.630509
 0 0.630509
 0 0.63052
 0 0.63052
 0 0.63052
 0 0.63052
 0 0.630521
 0 0.630526
 0 0.630526
 0 0.630531
 0 0.630533
 0 0.630546
 0 0.630573
 0 0.630573
 0 0.630577
 0 0.630577
 0 0.630577
 0 0.630648
 0 0.630648
 0 0.630658
 0 0.630659
 0 0.630659
 0 0.630699
 0 0.630705
 0 0.630715
 0 0.630715
 0 0.630716
 0 0.630725
 0 0.630725
 0 0.63073
 0 0.630742
 0 0.630742
 0 0.630756
 0 0.630773
 0 0.630774
 0 0.630778
 0 0.630778
 0 0.630779
 0 0.630793
 0 0.630794
 0 0.630801
 0 0.630801
 0 0.630801
 0 0.630864
 0 0.630864
 0 0.63088
 0 0.63088
 0 0.63088
 0 0.63088
 0 0.630886
 0 0.630886
 0 0.630886
 0 0.630896
 0 0.630929
 0 0.630929
 0 0.630943
 0 0.630943
 0 0.630956
 0 0.630956
 0 0.630976
 0 0.630976
 0 0.630976
 0 0.630976
 0 0.630976
 0 0.631
 0 0.63101
 0 0.63101
 0 0.631017
 0 0.631051
 0 0.631051
 0 0.631051
 0 0.631051
 0 0.631064
 0 0.631065
 0 0.631065
 0 0.631126
 0 0.631133
 0 0.631134
 0 0.631134
 0 0.631135
 0 0.631136
 0 0.631136
 0 0.631136
 0 0.631136
 0 0.631136
 0 0.631136
 0 0.631153
 0 0.631154
 0 0.631154
 0 0.63116
 0 0.631162
 0 0.631166
 0 0.63121
 0 0.631213
 0 0.631213
 0 0.631213
 0 0.631229
 0 0.631229
 0 0.631229
 0 0.631241
 0 0.631241
 0 0.631242
 0 0.631244
 0 0.631244
 0 0.631245
 0 0.631247
 0 0.631257
 0 0.631257
 0 0.631279
 0 0.631279
 0 0.631279
 0 0.631286
 0 0.631286
 0 0.631304
 0 0.631306
 0 0.631306
 0 0.631306
 0 0.631324
 0 0.631324
 0 0.631349
 0 0.631354
 0 0.631355
 0 0.63138
 0 0.63138
 0 0.63138
 0 0.631407
 0 0.631407
 0 0.631411
 0 0.631411
 0 0.631411
 0 0.631412
 0 0.631435
 0 0.631435
 0 0.631462
 0 0.631462
 0 0.631462
 0 0.631463
 0 0.631463
 0 0.631463
 0 0.631473
 0 0.631474
 0 0.631497
 0 0.631497
 0 0.631498
 0 0.631498
 0 0.631498
 0 0.631501
 0 0.631502
 0 0.631502
 0 0.631503
 0 0.631514
 0 0.631515
 0 0.631543
 0 0.631558
 0 0.631558
 0 0.631558
 0 0.631565
 0 0.631566
 0 0.631593
 0 0.631605
 0 0.631605
 0 0.631609
 0 0.631609
 0 0.631616
 0 0.631616
 0 0.631616
 0 0.631616
 0 0.631619
 0 0.631619
 0 0.631619
 0 0.631628
 0 0.631628
 0 0.631628
 0 0.631628
 0 0.631633
 0 0.631634
 0 0.63167
 0 0.631705
 0 0.631728
 0 0.631735
 0 0.631735
 0 0.631736
 0 0.631744
 0 0.631781
 0 0.631783
 0 0.631799
 0 0.631805
 0 0.631806
 0 0.631806
 0 0.631825
 0 0.631825
 0 0.631825
 0 0.631825
 0 0.631825
 0 0.631841
 0 0.631849
 0 0.631849
 0 0.631849
 0 0.631863
 0 0.631863
 0 0.631863
 0 0.631863
 0 0.631863
 0 0.631864
 0 0.631895
 0 0.63193
 0 0.631932
 0 0.631935
 0 0.631935
 0 0.631935
 0 0.631968
 0 0.631969
 0 0.631969
 0 0.631969
 0 0.63197
 0 0.632017
 0 0.632028
 0 0.632028
 0 0.632028
 0 0.632065
 0 0.632065
 0 0.632071
 0 0.632072
 0 0.632078
 0 0.632079
 0 0.63208
 0 0.63208
 0 0.632086
 0 0.632086
 0 0.632093
 0 0.632093
 0 0.632093
 0 0.632121
 0 0.632147
 0 0.63215
 0 0.632153
 0 0.632176
 0 0.632177
 0 0.632178
 0 0.632179
 0 0.632198
 0 0.632199
 0 0.632199
 0 0.632199
 0 0.632219
 0 0.632228
 0 0.632228
 0 0.632228
 0 0.632237
 0 0.632238
 0 0.632239
 0 0.632261
 0 0.632261
 0 0.632261
 0 0.632266
 0 0.632266
 0 0.632269
 0 0.632271
 0 0.632271
 0 0.632277
 0 0.632277
 0 0.632281
 0 0.632281
 0 0.632281
 0 0.632281
 0 0.632298
 0 0.632312
 0 0.632312
 0 0.63232
 0 0.632321
 0 0.632321
 0 0.632321
 0 0.632321
 0 0.632321
 0 0.632327
 0 0.632328
 0 0.632328
 0 0.632333
 0 0.632361
 0 0.632361
 0 0.63237
 0 0.632373
 0 0.632375
 0 0.632376
 0 0.632376
 0 0.632384
 0 0.632385
 0 0.632394
 0 0.632394
 0 0.632394
 0 0.632395
 0 0.632407
 0 0.632409
 0 0.632411
 0 0.632411
 0 0.632411
 0 0.632413
 0 0.632436
 0 0.632437
 0 0.632443
 0 0.632443
 0 0.632445
 0 0.632472
 0 0.632475
 0 0.632476
 0 0.632487
 0 0.632487
 0 0.632488
 0 0.632488
 0 0.632495
 0 0.632495
 0 0.632495
 0 0.632495
 0 0.632515
 0 0.632547
 0 0.632574
 0 0.632596
 0 0.632605
 0 0.632608
 0 0.632609
 0 0.632639
 0 0.63264
 0 0.63264
 0 0.63264
 0 0.63264
 0 0.632647
 0 0.632655
 0 0.632658
 0 0.632664
 0 0.632689
 0 0.632689
 0 0.63269
 0 0.632691
 0 0.632699
 0 0.632699
 0 0.632699
 0 0.632717
 0 0.632718
 0 0.632718
 0 0.632719
 0 0.632725
 0 0.632725
 0 0.632725
 0 0.632734
 0 0.632734
 0 0.632747
 0 0.632747
 0 0.632748
 0 0.632767
 0 0.632777
 0 0.63278
 0 0.632795
 0 0.632805
 0 0.632805
 0 0.632805
 0 0.63282
 0 0.63282
 0 0.632846
 0 0.632848
 0 0.632848
 0 0.632848
 0 0.632849
 0 0.632849
 0 0.632849
 0 0.632862
 0 0.632862
 0 0.632871
 0 0.632873
 0 0.632873
 0 0.632874
 0 0.632874
 0 0.632874
 0 0.632908
 0 0.632908
 0 0.632921
 0 0.632922
 0 0.632928
 0 0.632936
 0 0.632943
 0 0.632944
 0 0.63295
 0 0.632955
 0 0.632959
 0 0.632959
 0 0.632991
 0 0.632991
 0 0.632992
 0 0.632999
 0 0.633006
 0 0.633006
 0 0.633015
 0 0.633016
 0 0.633021
 0 0.633032
 0 0.633032
 0 0.633048
 0 0.633071
 0 0.633072
 0 0.633073
 0 0.633073
 0 0.633078
 0 0.633078
 0 0.633078
 0 0.633078
 0 0.633079
 0 0.633079
 0 0.633079
 0 0.633079
 0 0.633082
 0 0.633108
 0 0.633113
 0 0.633114
 0 0.633128
 0 0.633128
 0 0.633129
 0 0.633134
 0 0.633146
 0 0.633147
 0 0.633155
 0 0.633155
 0 0.633176
 0 0.633177
 0 0.633177
 0 0.633196
 0 0.633197
 0 0.633197
 0 0.633197
 0 0.633199
 0 0.633199
 0 0.633199
 0 0.633211
 0 0.633211
 0 0.633242
 0 0.633242
 0 0.633275
 0 0.633276
 0 0.633276
 0 0.633279
 0 0.63328
 0 0.633302
 0 0.633303
 0 0.633303
 0 0.63333
 0 0.63333
 0 0.63333
 0 0.633331
 0 0.633332
 0 0.633332
 0 0.633332
 0 0.633332
 0 0.633332
 0 0.633342
 0 0.633342
 0 0.633372
 0 0.633373
 0 0.633376
 0 0.633377
 0 0.633378
 0 0.633378
 0 0.633422
 0 0.633423
 0 0.633424
 0 0.633425
 0 0.633431
 0 0.633443
 0 0.633443
 0 0.633448
 0 0.633475
 0 0.633476
 0 0.633483
 0 0.63349
 0 0.63349
 0 0.63349
 0 0.633494
 0 0.633506
 0 0.63351
 0 0.633512
 0 0.633532
 0 0.633539
 0 0.633549
 0 0.633549
 0 0.633579
 0 0.633581
 0 0.633581
 0 0.63359
 0 0.63359
 0 0.63359
 0 0.633592
 0 0.633592
 0 0.633645
 0 0.633645
 0 0.633651
 0 0.633672
 0 0.633672
 0 0.633677
 0 0.633683
 0 0.633684
 0 0.633685
 0 0.633687
 0 0.63369
 0 0.633691
 0 0.633692
 0 0.633697
 0 0.633697
 0 0.633698
 0 0.633699
 0 0.633713
 0 0.633715
 0 0.633729
 0 0.633736
 0 0.633737
 0 0.633754
 0 0.633761
 0 0.633761
 0 0.633773
 0 0.633773
 0 0.633792
 0 0.633802
 0 0.633802
 0 0.633803
 0 0.633803
 0 0.633803
 0 0.633809
 0 0.633809
 0 0.633809
 0 0.63381
 0 0.633812
 0 0.633812
 0 0.633814
 0 0.633815
 0 0.633815
 0 0.633815
 0 0.633819
 0 0.633824
 0 0.633824
 0 0.633824
 0 0.633826
 0 0.63383
 0 0.633833
 0 0.633833
 0 0.633859
 0 0.63386
 0 0.633862
 0 0.633865
 0 0.633866
 0 0.633866
 0 0.633866
 0 0.63388
 0 0.633881
 0 0.633881
 0 0.633881
 0 0.633881
 0 0.633886
 0 0.633886
 0 0.633887
 0 0.633895
 0 0.633903
 0 0.633905
 0 0.633914
 0 0.633914
 0 0.633926
 0 0.633928
 0 0.633929
 0 0.633929
 0 0.63393
 0 0.63393
 0 0.633932
 0 0.633932
 0 0.633932
 0 0.633943
 0 0.633944
 0 0.633978
 0 0.633978
 0 0.633982
 0 0.633982
 0 0.633992
 0 0.633992
 0 0.633992
 0 0.633993
 0 0.633999
 0 0.634
 0 0.63401
 0 0.634014
 0 0.634027
 0 0.634027
 0 0.634055
 0 0.634062
 0 0.634063
 0 0.634073
 0 0.634074
 0 0.634074
 0 0.634075
 0 0.634085
 0 0.634085
 0 0.6341
 0 0.6341
 0 0.6341
 0 0.634141
 0 0.634149
 0 0.634149
 0 0.634149
 0 0.634152
 0 0.634172
 0 0.634172
 0 0.634196
 0 0.634196
 0 0.634196
 0 0.634207
 0 0.634207
 0 0.634207
 0 0.634207
 0 0.634212
 0 0.634212
 0 0.634212
 0 0.634213
 0 0.634213
 0 0.634214
 0 0.63422
 0 0.634221
 0 0.634221
 0 0.634222
 0 0.634222
 0 0.634226
 0 0.634235
 0 0.634247
 0 0.634247
 0 0.634248
 0 0.634248
 0 0.634252
 0 0.634262
 0 0.634262
 0 0.634263
 0 0.634278
 0 0.634279
 0 0.634281
 0 0.634281
 0 0.63431
 0 0.63431
 0 0.634314
 0 0.634314
 0 0.634316
 0 0.634316
 0 0.634318
 0 0.634318
 0 0.634329
 0 0.634329
 0 0.63433
 0 0.634333
 0 0.634335
 0 0.634335
 0 0.634335
 0 0.634341
 0 0.634342
 0 0.634358
 0 0.634358
 0 0.634358
 0 0.634376
 0 0.634389
 0 0.634389
 0 0.634389
 0 0.634398
 0 0.634422
 0 0.634422
 0 0.634432
 0 0.634444
 0 0.634458
 0 0.634464
 0 0.634464
 0 0.634464
 0 0.634464
 0 0.634465
 0 0.634465
 0 0.634487
 0 0.634487
 0 0.634509
 0 0.634512
 0 0.634512
 0 0.634513
 0 0.634521
 0 0.634522
 0 0.634522
 0 0.634522
 0 0.634527
 0 0.63453
 0 0.63455
 0 0.634558
 0 0.634559
 0 0.63456
 0 0.634561
 0 0.634561
 0 0.634566
 0 0.634568
 0 0.634572
 0 0.634572
 0 0.634572
 0 0.634572
 0 0.634572
 0 0.634576
 0 0.634591
 0 0.634591
 0 0.634591
 0 0.634592
 0 0.634592
 0 0.634592
 0 0.634593
 0 0.634593
 0 0.634593
 0 0.634594
 0 0.634609
 0 0.634609
 0 0.634613
 0 0.634613
 0 0.634622
 0 0.634622
 0 0.634626
 0 0.634626
 0 0.63463
 0 0.634635
 0 0.634657
 0 0.634657
 0 0.63466
 0 0.63466
 0 0.634661
 0 0.6347
 0 0.634701
 0 0.634701
 0 0.634701
 0 0.634714
 0 0.634722
 0 0.634722
 0 0.634724
 0 0.634729
 0 0.634729
 0 0.634735
 0 0.634739
 0 0.634739
 0 0.634742
 0 0.634743
 0 0.634752
 0 0.634764
 0 0.634765
 0 0.634772
 0 0.634772
 0 0.634772
 0 0.634772
 0 0.634773
 0 0.634773
 0 0.634774
 0 0.634786
 0 0.634787
 0 0.634793
 0 0.63483
 0 0.634831
 0 0.634831
 0 0.634859
 0 0.634859
 0 0.634859
 0 0.634869
 0 0.634869
 0 0.634896
 0 0.634908
 0 0.634908
 0 0.634913
 0 0.634913
 0 0.634932
 0 0.634932
 0 0.634966
 0 0.634966
 0 0.634968
 0 0.634969
 0 0.634969
 0 0.634969
 0 0.634969
 0 0.63497
 0 0.634993
 0 0.634994
 0 0.634994
 0 0.634994
 0 0.635028
 0 0.635032
 0 0.635033
 0 0.635038
 0 0.635045
 0 0.635047
 0 0.63506
 0 0.63506
 0 0.635063
 0 0.635063
 0 0.635063
 0 0.635063
 0 0.635064
 0 0.635064
 0 0.635064
 0 0.635071
 0 0.635071
 0 0.635096
 0 0.635096
 0 0.635099
 0 0.635113
 0 0.635117
 0 0.635118
 0 0.635129
 0 0.635133
 0 0.63514
 0 0.63518
 0 0.63518
 0 0.63518
 0 0.63518
 0 0.635184
 0 0.635185
 0 0.635199
 0 0.635199
 0 0.6352
 0 0.635217
 0 0.635243
 0 0.635249
 0 0.635249
 0 0.63525
 0 0.635253
 0 0.63528
 0 0.63528
 0 0.63528
 0 0.63529
 0 0.635291
 0 0.635295
 0 0.635304
 0 0.635304
 0 0.635318
 0 0.635326
 0 0.635328
 0 0.635341
 0 0.635341
 0 0.635341
 0 0.635342
 0 0.635342
 0 0.635342
 0 0.635412
 0 0.635436
 0 0.635438
 0 0.635487
 0 0.635504
 0 0.635505
 0 0.635529
 0 0.635529
 0 0.635529
 0 0.63553
 0 0.635532
 0 0.635575
 0 0.635575
 0 0.635582
 0 0.635582
 0 0.635596
 0 0.635598
 0 0.635598
 0 0.635607
 0 0.635608
 0 0.63562
 0 0.63562
 0 0.635629
 0 0.635633
 0 0.635633
 0 0.635633
 0 0.635644
 0 0.635644
 0 0.635646
 0 0.635646
 0 0.63567
 0 0.635674
 0 0.635674
 0 0.635675
 0 0.635676
 0 0.635686
 0 0.635686
 0 0.635689
 0 0.63569
 0 0.635693
 0 0.635708
 0 0.635709
 0 0.635709
 0 0.635736
 0 0.635737
 0 0.635737
 0 0.635737
 0 0.635747
 0 0.635762
 0 0.635776
 0 0.635784
 0 0.635784
 0 0.635785
 0 0.635808
 0 0.635808
 0 0.635808
 0 0.63581
 0 0.63581
 0 0.635825
 0 0.635825
 0 0.635838
 0 0.635838
 0 0.635849
 0 0.63585
 0 0.63585
 0 0.635865
 0 0.635872
 0 0.635872
 0 0.635872
 0 0.635872
 0 0.635872
 0 0.635874
 0 0.635875
 0 0.635875
 0 0.635875
 0 0.635878
 0 0.635879
 0 0.635881
 0 0.635881
 0 0.635881
 0 0.635881
 0 0.635882
 0 0.635894
 0 0.635894
 0 0.635902
 0 0.635902
 0 0.635902
 0 0.635902
 0 0.635902
 0 0.635904
 0 0.635916
 0 0.635917
 0 0.635926
 0 0.635947
 0 0.63596
 0 0.635962
 0 0.635962
 0 0.635963
 0 0.63597
 0 0.63597
 0 0.635995
 0 0.635995
 0 0.636019
 0 0.636019
 0 0.636019
 0 0.636019
 0 0.636021
 0 0.636039
 0 0.636039
 0 0.636047
 0 0.636048
 0 0.636048
 0 0.636048
 0 0.636058
 0 0.636058
 0 0.636065
 0 0.636065
 0 0.636079
 0 0.636079
 0 0.636104
 0 0.636104
 0 0.636104
 0 0.636114
 0 0.636114
 0 0.636124
 0 0.63614
 0 0.63614
 0 0.63614
 0 0.6362
 0 0.6362
 0 0.636215
 0 0.636215
 0 0.63625
 0 0.636259
 0 0.636259
 0 0.636259
 0 0.63626
 0 0.636306
 0 0.636321
 0 0.636321
 0 0.636321
 0 0.636322
 0 0.636322
 0 0.636327
 0 0.636327
 0 0.636328
 0 0.636328
 0 0.636344
 0 0.636354
 0 0.636355
 0 0.636358
 0 0.636373
 0 0.636374
 0 0.6364
 0 0.636419
 0 0.636419
 0 0.636419
 0 0.636425
 0 0.636426
 0 0.636426
 0 0.636464
 0 0.636464
 0 0.636482
 0 0.636482
 0 0.636483
 0 0.636492
 0 0.636494
 0 0.636513
 0 0.636514
 0 0.636514
 0 0.636532
 0 0.636532
 0 0.636532
 0 0.636532
 0 0.636534
 0 0.636534
 0 0.636535
 0 0.636542
 0 0.636542
 0 0.636555
 0 0.636567
 0 0.636568
 0 0.636616
 0 0.636617
 0 0.636617
 0 0.636637
 0 0.636675
 0 0.636693
 0 0.636711
 0 0.636803
 0 0.636803
 0 0.636822
 0 0.636822
 0 0.636834
 0 0.636852
 0 0.636852
 0 0.636919
 0 0.636919
 0 0.636919
 0 0.636919
 0 0.636919
 0 0.636931
 0 0.636931
 0 0.636943
 0 0.636944
 0 0.636944
 0 0.636946
 0 0.63695
 0 0.636954
 0 0.636956
 0 0.636956
 0 0.63697
 0 0.63697
 0 0.637014
 0 0.637014
 0 0.637017
 0 0.637018
 0 0.637018
 0 0.63702
 0 0.637037
 0 0.637077
 0 0.637109
 0 0.63711
 0 0.63711
 0 0.63711
 0 0.63711
 0 0.63712
 0 0.637123
 0 0.637172
 0 0.637176
 0 0.637177
 0 0.637179
 0 0.63718
 0 0.637182
 0 0.637183
 0 0.637183
 0 0.637183
 0 0.637253
 0 0.637255
 0 0.637255
 0 0.637295
 0 0.637295
 0 0.637316
 0 0.637364
 0 0.637364
 0 0.637365
 0 0.637373
 0 0.637396
 0 0.637436
 0 0.637459
 0 0.637504
 0 0.637505
 0 0.637505
 0 0.637506
 0 0.637506
 0 0.637525
 0 0.637525
 0 0.637533
 0 0.637564
 0 0.637564
 0 0.637623
 0 0.637672
 0 0.637672
 0 0.637672
 0 0.637672
 0 0.637672
 0 0.637672
 0 0.637687
 0 0.637706
 0 0.637707
 0 0.63771
 0 0.637727
 0 0.637727
 0 0.637727
 0 0.637738
 0 0.637738
 0 0.637771
 0 0.637784
 0 0.637784
 0 0.637785
 0 0.637785
 0 0.63779
 0 0.637791
 0 0.637831
 0 0.637844
 0 0.637859
 0 0.637861
 0 0.63788
 0 0.637881
 0 0.637881
 0 0.637881
 0 0.637881
 0 0.637898
 0 0.637905
 0 0.637959
 0 0.637959
 0 0.638019
 0 0.63802
 0 0.63802
 0 0.63805
 0 0.638083
 0 0.638083
 0 0.638083
 0 0.638083
 0 0.638137
 0 0.638137
 0 0.638137
 0 0.638154
 0 0.638154
 0 0.638171
 0 0.638171
 0 0.638171
 0 0.638171
 0 0.638199
 0 0.638201
 0 0.638201
 0 0.638205
 0 0.638206
 0 0.638212
 0 0.638213
 0 0.638213
 0 0.638246
 0 0.638246
 0 0.638249
 0 0.638255
 0 0.638255
 0 0.638256
 0 0.638256
 0 0.638273
 0 0.638311
 0 0.638394
 0 0.638394
 0 0.638421
 0 0.638421
 0 0.638421
 0 0.638459
 0 0.638489
 0 0.63849
 0 0.638518
 0 0.638518
 0 0.638637
 0 0.638638
 0 0.638676
 0 0.638782
 0 0.638816
 0 0.639019
 0 0.639056
 0 0.639166
 0 0.639168
 0 0.639168
 0 0.639225
 0 0.639226
 0 0.63926
 0 0.639438
 0 0.639438
 0 0.639439
 0 0.639445
 0 0.639479
 0 0.639526
 0 0.63961
 0 0.639654
 0 0.639654
 0 0.639655
 0 0.639735
 0 0.639768
 0 0.639984
 0 0.639984
 0 0.640048
 0 0.640122
 0 0.64027
 0 0.64027
 0 0.64027
 0 0.640271
 0 0.640533
 0 0.640533
 0 0.640597
 0 0.640597
 0 0.64077
 0 0.640993
 0 0.640993
 0 0.641441
 0 0.641836
 0 inf
