 0 0.470048
 0 0.470048
 0 0.470048
 0 0.470048
 0 0.470521
 0 0.470521
 0 0.488863
 0 0.489788
 0 0.489788
 0 0.48979
 0 0.48979
 0 0.489828
 0 0.491943
 0 0.491945
 0 0.492274
 0 0.492733
 0 0.492733
 0 0.492736
 0 0.621169
 0 0.622037
 0 0.622037
 0 0.622037
 0 0.622039
 0 0.622039
 0 0.622511
 0 0.622512
 0 0.622515
 0 0.62289
 0 0.62299
 0 0.622991
 0 0.623122
 0 0.623435
 0 0.623436
 0 0.623453
 0 0.623453
 0 0.623454
 0 0.623673
 0 0.624004
 0 0.624128
 0 0.62413
 0 0.624727
 0 0.62473
 0 0.624774
 0 0.624787
 0 0.624793
 0 0.624797
 0 0.624797
 0 0.624803
 0 0.624932
 0 0.624935
 0 0.624935
 0 0.624939
 0 0.624941
 0 0.625018
 0 0.625022
 0 0.625059
 0 0.62506
 0 0.625194
 0 0.625214
 0 0.625486
 0 0.62549
 0 0.625615
 0 0.625617
 0 0.625618
 0 0.625644
 0 0.625663
 0 0.62573
 0 0.62573
 0 0.625732
 0 0.625896
 0 0.625968
 0 0.625976
 0 0.625976
 0 0.625976
 0 0.626009
 0 0.626107
 0 0.626109
 0 0.626115
 0 0.626115
 0 0.626122
 0 0.626168
 0 0.626197
 0 0.626294
 0 0.626297
 0 0.626365
 0 0.626368
 0 0.626488
 0 0.626488
 0 0.626513
 0 0.626517
 0 0.626519
 0 0.626519
 0 0.626562
 0 0.626616
 0 0.626648
 0 0.626648
 0 0.62665
 0 0.62665
 0 0.626663
 0 0.626663
 0 0.626776
 0 0.626776
 0 0.626779
 0 0.626795
 0 0.626795
 0 0.626808
 0 0.626808
 0 0.626817
 0 0.626818
 0 0.626882
 0 0.626882
 0 0.626889
 0 0.626939
 0 0.627018
 0 0.627033
 0 0.627036
 0 0.627036
 0 0.627039
 0 0.627061
 0 0.627063
 0 0.627073
 0 0.627073
 0 0.627116
 0 0.627233
 0 0.627233
 0 0.627235
 0 0.627286
 0 0.627286
 0 0.627288
 0 0.627294
 0 0.627367
 0 0.62748
 0 0.627482
 0 0.627484
 0 0.627538
 0 0.627545
 0 0.627565
 0 0.62758
 0 0.627614
 0 0.627623
 0 0.627626
 0 0.627669
 0 0.627674
 0 0.62769
 0 0.62769
 0 0.62769
 0 0.627693
 0 0.627744
 0 0.627744
 0 0.627751
 0 0.627772
 0 0.627772
 0 0.627846
 0 0.627875
 0 0.627875
 0 0.627957
 0 0.627959
 0 0.62796
 0 0.627967
 0 0.628
 0 0.628
 0 0.628011
 0 0.628012
 0 0.628016
 0 0.628017
 0 0.628021
 0 0.628022
 0 0.628032
 0 0.628032
 0 0.628032
 0 0.628099
 0 0.628104
 0 0.628169
 0 0.628199
 0 0.6282
 0 0.628226
 0 0.628265
 0 0.628266
 0 0.628266
 0 0.628318
 0 0.628325
 0 0.62833
 0 0.62838
 0 0.628476
 0 0.628476
 0 0.628476
 0 0.628497
 0 0.628497
 0 0.628497
 0 0.628509
 0 0.628516
 0 0.628548
 0 0.628548
 0 0.62859
 0 0.62859
 0 0.628605
 0 0.628611
 0 0.62871
 0 0.62871
 0 0.628714
 0 0.628716
 0 0.628716
 0 0.628717
 0 0.628717
 0 0.628721
 0 0.628722
 0 0.628726
 0 0.628781
 0 0.628784
 0 0.628805
 0 0.628807
 0 0.628908
 0 0.628941
 0 0.628982
 0 0.628982
 0 0.628982
 0 0.628982
 0 0.628989
 0 0.629072
 0 0.629073
 0 0.629073
 0 0.629073
 0 0.629119
 0 0.629121
 0 0.629125
 0 0.629127
 0 0.629128
 0 0.629157
 0 0.629157
 0 0.629157
 0 0.629201
 0 0.629215
 0 0.629218
 0 0.62922
 0 0.629317
 0 0.62933
 0 0.629354
 0 0.629356
 0 0.629356
 0 0.629357
 0 0.629372
 0 0.629373
 0 0.629373
 0 0.629373
 0 0.629386
 0 0.629386
 0 0.629403
 0 0.629403
 0 0.629447
 0 0.629448
 0 0.629506
 0 0.629524
 0 0.629524
 0 0.629525
 0 0.629536
 0 0.629556
 0 0.629557
 0 0.629585
 0 0.629586
 0 0.629586
 0 0.62959
 0 0.629591
 0 0.629591
 0 0.629601
 0 0.629614
 0 0.629615
 0 0.629615
 0 0.629678
 0 0.629678
 0 0.629679
 0 0.629776
 0 0.629808
 0 0.629809
 0 0.629813
 0 0.629815
 0 0.629821
 0 0.629823
 0 0.629823
 0 0.629861
 0 0.629861
 0 0.629872
 0 0.629876
 0 0.629876
 0 0.629884
 0 0.629901
 0 0.629904
 0 0.629907
 0 0.62992
 0 0.629932
 0 0.629934
 0 0.629936
 0 0.629937
 0 0.629941
 0 0.629946
 0 0.629951
 0 0.629974
 0 0.629981
 0 0.629981
 0 0.62999
 0 0.629991
 0 0.630014
 0 0.630039
 0 0.63004
 0 0.63004
 0 0.630052
 0 0.630054
 0 0.630074
 0 0.630094
 0 0.630094
 0 0.630114
 0 0.630114
 0 0.630135
 0 0.630137
 0 0.630142
 0 0.630143
 0 0.630157
 0 0.630162
 0 0.630182
 0 0.630192
 0 0.630192
 0 0.630192
 0 0.63021
 0 0.630219
 0 0.630243
 0 0.630243
 0 0.630252
 0 0.630281
 0 0.630281
 0 0.630284
 0 0.630284
 0 0.630284
 0 0.630318
 0 0.630318
 0 0.630345
 0 0.630352
 0 0.630353
 0 0.630368
 0 0.630381
 0 0.630392
 0 0.630392
 0 0.630393
 0 0.630393
 0 0.630422
 0 0.630472
 0 0.630474
 0 0.630504
 0 0.630506
 0 0.630524
 0 0.630529
 0 0.630535
 0 0.630538
 0 0.630539
 0 0.630575
 0 0.630621
 0 0.630623
 0 0.630624
 0 0.630635
 0 0.630635
 0 0.630662
 0 0.630666
 0 0.630667
 0 0.630672
 0 0.630687
 0 0.63069
 0 0.630693
 0 0.630695
 0 0.630701
 0 0.630701
 0 0.630721
 0 0.630723
 0 0.630723
 0 0.630723
 0 0.630741
 0 0.630744
 0 0.630755
 0 0.630756
 0 0.630756
 0 0.630758
 0 0.63076
 0 0.630774
 0 0.630775
 0 0.630777
 0 0.630777
 0 0.630787
 0 0.630807
 0 0.630809
 0 0.630809
 0 0.630821
 0 0.630834
 0 0.630837
 0 0.630838
 0 0.630847
 0 0.63087
 0 0.630879
 0 0.630879
 0 0.63088
 0 0.63088
 0 0.63088
 0 0.630884
 0 0.630885
 0 0.630885
 0 0.630899
 0 0.630899
 0 0.6309
 0 0.6309
 0 0.63092
 0 0.63092
 0 0.630923
 0 0.630923
 0 0.630924
 0 0.630924
 0 0.630925
 0 0.63093
 0 0.630954
 0 0.630956
 0 0.630968
 0 0.630973
 0 0.630983
 0 0.630987
 0 0.630988
 0 0.630993
 0 0.631001
 0 0.631001
 0 0.631002
 0 0.631005
 0 0.631005
 0 0.631008
 0 0.631015
 0 0.631017
 0 0.63102
 0 0.63102
 0 0.631021
 0 0.631056
 0 0.631056
 0 0.631064
 0 0.631065
 0 0.631065
 0 0.631065
 0 0.631065
 0 0.631086
 0 0.631086
 0 0.631089
 0 0.631095
 0 0.631095
 0 0.631096
 0 0.631101
 0 0.631103
 0 0.631105
 0 0.631105
 0 0.631107
 0 0.631115
 0 0.631125
 0 0.631148
 0 0.631149
 0 0.631149
 0 0.631149
 0 0.631151
 0 0.631151
 0 0.631189
 0 0.631195
 0 0.6312
 0 0.631201
 0 0.631205
 0 0.63121
 0 0.631221
 0 0.631222
 0 0.631222
 0 0.631222
 0 0.631222
 0 0.631225
 0 0.631228
 0 0.631262
 0 0.631272
 0 0.631272
 0 0.63128
 0 0.631311
 0 0.631312
 0 0.631315
 0 0.631316
 0 0.631319
 0 0.631344
 0 0.631344
 0 0.631344
 0 0.631361
 0 0.631367
 0 0.631375
 0 0.63138
 0 0.631381
 0 0.631382
 0 0.631386
 0 0.631386
 0 0.631406
 0 0.631408
 0 0.631427
 0 0.631431
 0 0.631431
 0 0.631436
 0 0.631438
 0 0.631438
 0 0.631449
 0 0.631449
 0 0.631451
 0 0.631452
 0 0.631452
 0 0.631473
 0 0.6315
 0 0.631503
 0 0.631524
 0 0.631524
 0 0.631524
 0 0.631525
 0 0.631526
 0 0.631527
 0 0.631529
 0 0.631533
 0 0.631536
 0 0.631555
 0 0.63156
 0 0.631576
 0 0.631576
 0 0.631587
 0 0.631587
 0 0.631588
 0 0.631608
 0 0.631608
 0 0.631609
 0 0.631613
 0 0.631614
 0 0.631637
 0 0.631638
 0 0.631638
 0 0.631686
 0 0.631687
 0 0.631687
 0 0.631693
 0 0.631693
 0 0.631694
 0 0.631735
 0 0.631776
 0 0.631786
 0 0.631793
 0 0.631796
 0 0.631796
 0 0.631807
 0 0.63181
 0 0.631811
 0 0.631813
 0 0.631815
 0 0.631815
 0 0.631824
 0 0.631826
 0 0.631865
 0 0.631867
 0 0.631867
 0 0.631867
 0 0.631868
 0 0.631869
 0 0.63187
 0 0.631876
 0 0.631887
 0 0.631887
 0 0.631898
 0 0.631901
 0 0.631904
 0 0.631904
 0 0.63191
 0 0.631911
 0 0.631918
 0 0.631918
 0 0.631924
 0 0.631924
 0 0.63193
 0 0.631931
 0 0.631932
 0 0.631936
 0 0.631944
 0 0.631946
 0 0.631952
 0 0.631954
 0 0.631954
 0 0.631954
 0 0.631955
 0 0.631961
 0 0.631963
 0 0.631978
 0 0.631982
 0 0.631996
 0 0.632046
 0 0.632046
 0 0.632054
 0 0.632078
 0 0.632079
 0 0.632082
 0 0.632086
 0 0.632097
 0 0.632102
 0 0.632102
 0 0.632102
 0 0.632103
 0 0.632104
 0 0.632105
 0 0.632105
 0 0.632105
 0 0.632155
 0 0.632155
 0 0.632162
 0 0.632163
 0 0.632165
 0 0.632165
 0 0.632173
 0 0.632205
 0 0.632207
 0 0.632208
 0 0.632209
 0 0.632214
 0 0.632258
 0 0.632262
 0 0.632262
 0 0.632308
 0 0.632308
 0 0.632311
 0 0.632311
 0 0.632312
 0 0.632312
 0 0.632316
 0 0.632319
 0 0.632321
 0 0.632322
 0 0.632326
 0 0.632328
 0 0.632328
 0 0.63233
 0 0.632333
 0 0.63234
 0 0.632348
 0 0.632351
 0 0.632351
 0 0.632359
 0 0.63236
 0 0.632365
 0 0.632381
 0 0.632381
 0 0.632386
 0 0.632396
 0 0.632396
 0 0.632397
 0 0.6324
 0 0.6324
 0 0.632408
 0 0.632419
 0 0.632421
 0 0.632423
 0 0.632424
 0 0.632432
 0 0.632432
 0 0.632472
 0 0.632472
 0 0.632475
 0 0.632475
 0 0.632479
 0 0.632481
 0 0.632513
 0 0.632513
 0 0.632518
 0 0.632519
 0 0.632564
 0 0.632564
 0 0.632567
 0 0.632595
 0 0.632595
 0 0.632599
 0 0.6326
 0 0.632601
 0 0.632602
 0 0.632603
 0 0.632632
 0 0.632633
 0 0.632649
 0 0.632651
 0 0.632703
 0 0.632729
 0 0.63273
 0 0.63274
 0 0.632741
 0 0.632742
 0 0.632758
 0 0.632759
 0 0.63276
 0 0.63276
 0 0.632812
 0 0.632872
 0 0.632872
 0 0.632873
 0 0.632873
 0 0.632874
 0 0.632874
 0 0.632887
 0 0.632892
 0 0.632895
 0 0.632919
 0 0.632922
 0 0.632923
 0 0.632952
 0 0.632968
 0 0.632971
 0 0.632971
 0 0.632971
 0 0.632979
 0 0.632979
 0 0.632979
 0 0.632987
 0 0.633022
 0 0.633022
 0 0.633023
 0 0.633028
 0 0.633035
 0 0.633039
 0 0.633041
 0 0.633042
 0 0.633049
 0 0.633073
 0 0.633088
 0 0.633097
 0 0.633098
 0 0.633099
 0 0.6331
 0 0.633106
 0 0.633142
 0 0.63316
 0 0.633197
 0 0.633197
 0 0.633197
 0 0.633197
 0 0.633202
 0 0.633209
 0 0.633244
 0 0.633246
 0 0.633248
 0 0.633249
 0 0.63325
 0 0.633252
 0 0.633271
 0 0.633273
 0 0.633284
 0 0.633344
 0 0.633347
 0 0.633347
 0 0.633371
 0 0.633371
 0 0.633372
 0 0.633395
 0 0.633445
 0 0.633457
 0 0.633483
 0 0.633483
 0 0.633483
 0 0.633485
 0 0.633503
 0 0.633533
 0 0.633534
 0 0.633534
 0 0.633535
 0 0.633536
 0 0.633536
 0 0.633536
 0 0.633546
 0 0.633551
 0 0.633551
 0 0.633552
 0 0.633561
 0 0.633566
 0 0.633583
 0 0.633583
 0 0.633604
 0 0.633604
 0 0.633629
 0 0.633631
 0 0.633631
 0 0.633637
 0 0.633657
 0 0.633665
 0 0.633672
 0 0.633679
 0 0.633681
 0 0.633682
 0 0.633683
 0 0.633684
 0 0.63369
 0 0.63369
 0 0.63369
 0 0.633693
 0 0.633695
 0 0.6337
 0 0.6337
 0 0.633733
 0 0.633734
 0 0.633753
 0 0.633753
 0 0.633755
 0 0.633764
 0 0.633765
 0 0.633765
 0 0.633774
 0 0.633774
 0 0.633784
 0 0.633784
 0 0.633788
 0 0.633788
 0 0.633788
 0 0.633794
 0 0.633795
 0 0.633795
 0 0.633798
 0 0.633803
 0 0.633803
 0 0.633813
 0 0.633828
 0 0.633829
 0 0.633832
 0 0.633839
 0 0.633864
 0 0.633866
 0 0.633868
 0 0.633868
 0 0.633885
 0 0.633899
 0 0.633903
 0 0.633903
 0 0.633907
 0 0.633907
 0 0.633909
 0 0.633909
 0 0.633926
 0 0.633948
 0 0.633966
 0 0.633966
 0 0.633972
 0 0.633972
 0 0.633972
 0 0.633973
 0 0.633999
 0 0.634006
 0 0.634029
 0 0.63403
 0 0.63403
 0 0.63403
 0 0.634031
 0 0.634034
 0 0.634053
 0 0.634055
 0 0.634057
 0 0.634057
 0 0.634061
 0 0.634065
 0 0.634102
 0 0.634102
 0 0.634102
 0 0.634104
 0 0.634106
 0 0.63412
 0 0.63412
 0 0.63412
 0 0.634121
 0 0.634121
 0 0.634123
 0 0.634177
 0 0.634177
 0 0.634179
 0 0.634182
 0 0.634184
 0 0.634185
 0 0.634187
 0 0.634188
 0 0.634189
 0 0.63419
 0 0.63419
 0 0.63419
 0 0.634192
 0 0.634235
 0 0.634235
 0 0.634235
 0 0.634235
 0 0.63424
 0 0.634244
 0 0.634255
 0 0.634259
 0 0.634259
 0 0.634265
 0 0.634266
 0 0.634267
 0 0.634268
 0 0.634268
 0 0.634286
 0 0.634289
 0 0.634304
 0 0.63431
 0 0.634317
 0 0.634317
 0 0.634333
 0 0.634335
 0 0.634339
 0 0.63434
 0 0.634341
 0 0.634342
 0 0.634343
 0 0.634345
 0 0.634345
 0 0.634355
 0 0.634377
 0 0.634378
 0 0.634378
 0 0.634388
 0 0.634388
 0 0.634388
 0 0.634398
 0 0.634399
 0 0.634401
 0 0.634401
 0 0.634454
 0 0.634454
 0 0.634454
 0 0.634455
 0 0.634455
 0 0.634457
 0 0.634458
 0 0.634459
 0 0.634474
 0 0.634474
 0 0.634482
 0 0.634489
 0 0.634509
 0 0.634518
 0 0.634518
 0 0.634524
 0 0.634538
 0 0.63454
 0 0.63454
 0 0.634542
 0 0.634542
 0 0.634542
 0 0.634546
 0 0.634546
 0 0.634546
 0 0.634547
 0 0.634583
 0 0.634586
 0 0.634588
 0 0.634604
 0 0.634607
 0 0.634609
 0 0.634611
 0 0.634616
 0 0.634616
 0 0.634617
 0 0.634617
 0 0.634617
 0 0.634619
 0 0.634619
 0 0.63462
 0 0.634631
 0 0.634631
 0 0.634634
 0 0.634635
 0 0.634661
 0 0.634686
 0 0.634688
 0 0.634689
 0 0.634689
 0 0.63471
 0 0.63471
 0 0.63472
 0 0.634726
 0 0.634726
 0 0.634727
 0 0.634732
 0 0.634753
 0 0.63477
 0 0.634773
 0 0.634774
 0 0.634777
 0 0.634785
 0 0.634785
 0 0.634801
 0 0.634808
 0 0.634827
 0 0.634829
 0 0.634829
 0 0.634833
 0 0.634833
 0 0.634834
 0 0.634834
 0 0.634834
 0 0.634834
 0 0.634836
 0 0.634836
 0 0.634836
 0 0.634855
 0 0.634856
 0 0.634858
 0 0.634858
 0 0.63486
 0 0.634861
 0 0.634915
 0 0.634942
 0 0.634942
 0 0.634943
 0 0.634946
 0 0.634947
 0 0.634948
 0 0.634949
 0 0.634971
 0 0.635027
 0 0.635051
 0 0.635054
 0 0.635055
 0 0.635075
 0 0.635075
 0 0.635075
 0 0.635078
 0 0.635082
 0 0.635085
 0 0.635086
 0 0.635098
 0 0.635098
 0 0.6351
 0 0.635103
 0 0.635104
 0 0.635105
 0 0.63511
 0 0.63511
 0 0.635111
 0 0.635113
 0 0.635114
 0 0.635131
 0 0.635131
 0 0.635131
 0 0.635131
 0 0.635133
 0 0.635135
 0 0.635138
 0 0.635145
 0 0.635145
 0 0.635146
 0 0.635165
 0 0.635165
 0 0.635173
 0 0.635173
 0 0.635173
 0 0.635176
 0 0.635176
 0 0.635181
 0 0.635184
 0 0.635184
 0 0.635184
 0 0.635186
 0 0.63519
 0 0.63519
 0 0.635198
 0 0.635208
 0 0.635235
 0 0.635235
 0 0.635274
 0 0.635276
 0 0.635279
 0 0.635279
 0 0.635281
 0 0.635325
 0 0.635326
 0 0.635327
 0 0.63535
 0 0.635357
 0 0.63536
 0 0.63536
 0 0.635388
 0 0.635399
 0 0.6354
 0 0.635401
 0 0.635402
 0 0.635403
 0 0.635403
 0 0.635444
 0 0.635451
 0 0.635457
 0 0.635457
 0 0.635457
 0 0.635458
 0 0.635469
 0 0.635469
 0 0.635469
 0 0.63547
 0 0.635472
 0 0.635474
 0 0.6355
 0 0.635504
 0 0.635512
 0 0.635517
 0 0.635521
 0 0.635524
 0 0.635524
 0 0.635535
 0 0.635536
 0 0.63554
 0 0.635548
 0 0.635552
 0 0.635587
 0 0.635611
 0 0.635611
 0 0.635611
 0 0.635633
 0 0.635634
 0 0.635636
 0 0.635637
 0 0.635639
 0 0.635639
 0 0.635663
 0 0.635664
 0 0.635665
 0 0.635668
 0 0.635669
 0 0.635669
 0 0.635671
 0 0.635675
 0 0.635695
 0 0.635695
 0 0.635743
 0 0.635744
 0 0.635768
 0 0.635777
 0 0.635792
 0 0.635795
 0 0.635817
 0 0.635817
 0 0.635821
 0 0.635838
 0 0.635839
 0 0.635842
 0 0.635852
 0 0.635852
 0 0.635883
 0 0.635883
 0 0.635883
 0 0.635889
 0 0.63592
 0 0.63592
 0 0.63592
 0 0.63593
 0 0.635932
 0 0.635936
 0 0.635938
 0 0.635941
 0 0.635947
 0 0.635957
 0 0.635957
 0 0.635962
 0 0.636032
 0 0.636032
 0 0.636095
 0 0.636102
 0 0.636102
 0 0.636103
 0 0.636103
 0 0.636106
 0 0.63611
 0 0.636119
 0 0.636133
 0 0.636134
 0 0.636134
 0 0.636155
 0 0.636193
 0 0.636194
 0 0.636268
 0 0.636271
 0 0.636271
 0 0.636271
 0 0.636272
 0 0.63631
 0 0.636338
 0 0.63637
 0 0.636371
 0 0.636377
 0 0.636398
 0 0.636403
 0 0.636403
 0 0.63642
 0 0.636425
 0 0.636426
 0 0.636437
 0 0.636438
 0 0.636442
 0 0.636445
 0 0.636456
 0 0.636456
 0 0.636468
 0 0.636468
 0 0.636468
 0 0.636469
 0 0.63647
 0 0.636495
 0 0.636495
 0 0.636501
 0 0.636505
 0 0.636505
 0 0.636508
 0 0.636519
 0 0.636528
 0 0.636528
 0 0.636528
 0 0.636529
 0 0.636532
 0 0.636549
 0 0.636551
 0 0.636564
 0 0.636569
 0 0.636578
 0 0.636578
 0 0.636586
 0 0.636586
 0 0.636586
 0 0.636586
 0 0.636588
 0 0.636595
 0 0.636634
 0 0.636649
 0 0.636651
 0 0.636657
 0 0.6367
 0 0.636724
 0 0.636776
 0 0.636799
 0 0.636814
 0 0.636841
 0 0.63686
 0 0.636877
 0 0.636877
 0 0.636883
 0 0.636901
 0 0.636903
 0 0.636915
 0 0.636968
 0 0.636969
 0 0.636969
 0 0.636969
 0 0.636969
 0 0.63697
 0 0.636993
 0 0.636995
 0 0.636997
 0 0.636999
 0 0.636999
 0 0.637045
 0 0.637046
 0 0.637046
 0 0.637063
 0 0.637101
 0 0.637105
 0 0.637105
 0 0.637105
 0 0.637114
 0 0.637177
 0 0.637212
 0 0.637217
 0 0.637218
 0 0.63723
 0 0.637241
 0 0.637259
 0 0.637261
 0 0.637261
 0 0.637295
 0 0.637297
 0 0.637297
 0 0.637309
 0 0.63731
 0 0.637326
 0 0.637376
 0 0.637441
 0 0.637441
 0 0.637444
 0 0.637451
 0 0.637457
 0 0.637495
 0 0.637501
 0 0.637502
 0 0.637506
 0 0.63751
 0 0.63751
 0 0.637511
 0 0.637531
 0 0.637539
 0 0.637542
 0 0.637542
 0 0.637542
 0 0.637547
 0 0.637552
 0 0.637553
 0 0.637565
 0 0.637566
 0 0.637566
 0 0.637566
 0 0.637576
 0 0.637583
 0 0.637592
 0 0.637594
 0 0.6376
 0 0.6376
 0 0.637707
 0 0.637707
 0 0.637708
 0 0.637708
 0 0.637709
 0 0.637709
 0 0.63771
 0 0.63771
 0 0.637713
 0 0.637724
 0 0.637727
 0 0.637737
 0 0.637739
 0 0.637757
 0 0.637757
 0 0.637757
 0 0.637769
 0 0.637777
 0 0.637793
 0 0.637793
 0 0.637796
 0 0.637796
 0 0.637796
 0 0.6378
 0 0.637802
 0 0.637815
 0 0.637821
 0 0.637822
 0 0.637867
 0 0.637867
 0 0.637915
 0 0.637926
 0 0.637926
 0 0.637929
 0 0.637932
 0 0.637934
 0 0.637934
 0 0.637936
 0 0.637945
 0 0.637961
 0 0.637991
 0 0.638007
 0 0.638046
 0 0.638051
 0 0.638051
 0 0.638051
 0 0.638053
 0 0.638057
 0 0.63806
 0 0.63806
 0 0.638062
 0 0.638062
 0 0.638081
 0 0.638085
 0 0.638103
 0 0.638109
 0 0.638111
 0 0.638112
 0 0.638112
 0 0.638115
 0 0.638127
 0 0.638128
 0 0.638131
 0 0.638188
 0 0.638196
 0 0.63823
 0 0.638232
 0 0.638234
 0 0.638267
 0 0.63829
 0 0.638324
 0 0.638324
 0 0.638329
 0 0.638369
 0 0.638385
 0 0.638389
 0 0.638405
 0 0.638409
 0 0.638412
 0 0.638412
 0 0.638414
 0 0.638418
 0 0.638418
 0 0.638421
 0 0.638434
 0 0.638434
 0 0.638437
 0 0.638444
 0 0.638444
 0 0.638458
 0 0.638566
 0 0.638568
 0 0.638599
 0 0.638601
 0 0.638607
 0 0.63861
 0 0.63861
 0 0.6387
 0 0.638703
 0 0.638703
 0 0.638708
 0 0.638724
 0 0.638765
 0 0.638773
 0 0.63879
 0 0.63879
 0 0.63879
 0 0.638801
 0 0.638804
 0 0.638825
 0 0.638842
 0 0.63885
 0 0.63885
 0 0.638852
 0 0.638893
 0 0.638895
 0 0.638934
 0 0.638953
 0 0.63898
 0 0.638981
 0 0.638983
 0 0.639002
 0 0.639004
 0 0.639005
 0 0.639007
 0 0.639007
 0 0.639007
 0 0.639048
 0 0.639049
 0 0.639136
 0 0.639142
 0 0.63919
 0 0.63919
 0 0.639228
 0 0.639253
 0 0.639253
 0 0.639253
 0 0.639255
 0 0.639284
 0 0.639316
 0 0.639322
 0 0.639322
 0 0.63938
 0 0.639421
 0 0.63947
 0 0.639499
 0 0.639524
 0 0.639527
 0 0.639532
 0 0.639532
 0 0.639539
 0 0.639632
 0 0.639634
 0 0.639636
 0 0.639636
 0 0.639649
 0 0.63965
 0 0.63965
 0 0.639652
 0 0.639652
 0 0.63976
 0 0.639762
 0 0.639786
 0 0.639786
 0 0.639791
 0 0.639814
 0 0.639814
 0 0.639815
 0 0.639834
 0 0.639836
 0 0.639836
 0 0.639905
 0 0.639913
 0 0.639955
 0 0.639957
 0 0.639958
 0 0.639971
 0 0.639971
 0 0.640006
 0 0.6401
 0 0.6401
 0 0.640104
 0 0.640144
 0 0.640147
 0 0.640148
 0 0.64017
 0 0.640175
 0 0.640203
 0 0.640205
 0 0.640206
 0 0.640206
 0 0.640206
 0 0.640206
 0 0.640213
 0 0.640227
 0 0.640228
 0 0.640231
 0 0.640232
 0 0.640278
 0 0.640279
 0 0.64028
 0 0.640441
 0 0.640501
 0 0.640501
 0 0.640502
 0 0.640533
 0 0.640585
 0 0.640586
 0 0.640588
 0 0.640597
 0 0.640597
 0 0.640597
 0 0.640621
 0 0.640621
 0 0.640698
 0 0.640698
 0 0.640758
 0 0.640758
 0 0.640904
 0 0.640904
 0 0.640908
 0 0.640909
 0 0.641014
 0 0.64122
 0 0.641221
 0 0.641488
 0 0.646808
 0 0.646808
 0 0.647418
 0 0.647419
 0 0.64742
 0 0.647427
 0 inf
