 0 0.492529
 0 0.493393
 0 0.493395
 0 0.493643
 0 0.493643
 0 0.493643
 0 0.494894
 0 0.495788
 0 0.495857
 0 0.495858
 0 0.496232
 0 0.496298
 0 0.620888
 0 0.620889
 0 0.621798
 0 0.621813
 0 0.621814
 0 0.621814
 0 0.625001
 0 0.625036
 0 0.625036
 0 0.625619
 0 0.625623
 0 0.625794
 0 0.625794
 0 0.625794
 0 0.62595
 0 0.626105
 0 0.626122
 0 0.626122
 0 0.626482
 0 0.626482
 0 0.626482
 0 0.626489
 0 0.626489
 0 0.626492
 0 0.626492
 0 0.626492
 0 0.626525
 0 0.626658
 0 0.626939
 0 0.626969
 0 0.626982
 0 0.626982
 0 0.627082
 0 0.627082
 0 0.627088
 0 0.627132
 0 0.627134
 0 0.627175
 0 0.627175
 0 0.627175
 0 0.627178
 0 0.627187
 0 0.627187
 0 0.627262
 0 0.627263
 0 0.627263
 0 0.627351
 0 0.627351
 0 0.627351
 0 0.627352
 0 0.62753
 0 0.62753
 0 0.62753
 0 0.62753
 0 0.627599
 0 0.627603
 0 0.627639
 0 0.627647
 0 0.627658
 0 0.62766
 0 0.62766
 0 0.627661
 0 0.627661
 0 0.627664
 0 0.627706
 0 0.627706
 0 0.627706
 0 0.627747
 0 0.627748
 0 0.627763
 0 0.62777
 0 0.62777
 0 0.627797
 0 0.627804
 0 0.627938
 0 0.627941
 0 0.627958
 0 0.627958
 0 0.627974
 0 0.627974
 0 0.627976
 0 0.628045
 0 0.628047
 0 0.628049
 0 0.628049
 0 0.628075
 0 0.628193
 0 0.628194
 0 0.628194
 0 0.628252
 0 0.628279
 0 0.628279
 0 0.628344
 0 0.628344
 0 0.628384
 0 0.628384
 0 0.628431
 0 0.628431
 0 0.628434
 0 0.628589
 0 0.628593
 0 0.62862
 0 0.628622
 0 0.628626
 0 0.62863
 0 0.628653
 0 0.628653
 0 0.628715
 0 0.628741
 0 0.628741
 0 0.628741
 0 0.628741
 0 0.628741
 0 0.62876
 0 0.62876
 0 0.62887
 0 0.62889
 0 0.628894
 0 0.628899
 0 0.628899
 0 0.628899
 0 0.628955
 0 0.628959
 0 0.628959
 0 0.628959
 0 0.628959
 0 0.628974
 0 0.628974
 0 0.629088
 0 0.629091
 0 0.629091
 0 0.629103
 0 0.629122
 0 0.629173
 0 0.629174
 0 0.629176
 0 0.629176
 0 0.629199
 0 0.629199
 0 0.629199
 0 0.629199
 0 0.6292
 0 0.629219
 0 0.62923
 0 0.629256
 0 0.629256
 0 0.629256
 0 0.629257
 0 0.629262
 0 0.629262
 0 0.629269
 0 0.62927
 0 0.62927
 0 0.62927
 0 0.629272
 0 0.629272
 0 0.629293
 0 0.629301
 0 0.629302
 0 0.629323
 0 0.629323
 0 0.629335
 0 0.629368
 0 0.62937
 0 0.629417
 0 0.629431
 0 0.629443
 0 0.62945
 0 0.62945
 0 0.629473
 0 0.629476
 0 0.629529
 0 0.629539
 0 0.629543
 0 0.629545
 0 0.629545
 0 0.629545
 0 0.629572
 0 0.629576
 0 0.629576
 0 0.629576
 0 0.629579
 0 0.629579
 0 0.629589
 0 0.629589
 0 0.629591
 0 0.629591
 0 0.629591
 0 0.629596
 0 0.629596
 0 0.629597
 0 0.629669
 0 0.629685
 0 0.629692
 0 0.629693
 0 0.629697
 0 0.629703
 0 0.629714
 0 0.629716
 0 0.629741
 0 0.629741
 0 0.629741
 0 0.629741
 0 0.629747
 0 0.629755
 0 0.629757
 0 0.629758
 0 0.629766
 0 0.629772
 0 0.629819
 0 0.629819
 0 0.62982
 0 0.629827
 0 0.629829
 0 0.629829
 0 0.629836
 0 0.629863
 0 0.629864
 0 0.629867
 0 0.62988
 0 0.629886
 0 0.629899
 0 0.629899
 0 0.629899
 0 0.62992
 0 0.629937
 0 0.62994
 0 0.629941
 0 0.629948
 0 0.629948
 0 0.629958
 0 0.629976
 0 0.630036
 0 0.6301
 0 0.630147
 0 0.630167
 0 0.630172
 0 0.630172
 0 0.630173
 0 0.630181
 0 0.630181
 0 0.630191
 0 0.630223
 0 0.630223
 0 0.630223
 0 0.630225
 0 0.630253
 0 0.630253
 0 0.630281
 0 0.630284
 0 0.630286
 0 0.630286
 0 0.630291
 0 0.630319
 0 0.630323
 0 0.630324
 0 0.630351
 0 0.630351
 0 0.630364
 0 0.630364
 0 0.630367
 0 0.630367
 0 0.630367
 0 0.630372
 0 0.630374
 0 0.630379
 0 0.630385
 0 0.630385
 0 0.63039
 0 0.630397
 0 0.6304
 0 0.630426
 0 0.630426
 0 0.630426
 0 0.630429
 0 0.63043
 0 0.630439
 0 0.630451
 0 0.630452
 0 0.630453
 0 0.630544
 0 0.630544
 0 0.630545
 0 0.630545
 0 0.630545
 0 0.630545
 0 0.630573
 0 0.630574
 0 0.630583
 0 0.630583
 0 0.630583
 0 0.630585
 0 0.630585
 0 0.630612
 0 0.63062
 0 0.63062
 0 0.630641
 0 0.630642
 0 0.630679
 0 0.630713
 0 0.630719
 0 0.630733
 0 0.630734
 0 0.630735
 0 0.630735
 0 0.630741
 0 0.630742
 0 0.630761
 0 0.630798
 0 0.630798
 0 0.630803
 0 0.630803
 0 0.630816
 0 0.630819
 0 0.630825
 0 0.630825
 0 0.630825
 0 0.630826
 0 0.630829
 0 0.630835
 0 0.630835
 0 0.630835
 0 0.630835
 0 0.630838
 0 0.63084
 0 0.630854
 0 0.630854
 0 0.630863
 0 0.630868
 0 0.630869
 0 0.630915
 0 0.630919
 0 0.63092
 0 0.630931
 0 0.63096
 0 0.63097
 0 0.63097
 0 0.63097
 0 0.63102
 0 0.63102
 0 0.631021
 0 0.631022
 0 0.631022
 0 0.631024
 0 0.631027
 0 0.631027
 0 0.631027
 0 0.631047
 0 0.63105
 0 0.631058
 0 0.631061
 0 0.631062
 0 0.631073
 0 0.63108
 0 0.631092
 0 0.631092
 0 0.631092
 0 0.631098
 0 0.631108
 0 0.63111
 0 0.631134
 0 0.631134
 0 0.631136
 0 0.631137
 0 0.631137
 0 0.631184
 0 0.631184
 0 0.631184
 0 0.631185
 0 0.631216
 0 0.631216
 0 0.631217
 0 0.631217
 0 0.63122
 0 0.63122
 0 0.631221
 0 0.631222
 0 0.631227
 0 0.631232
 0 0.631233
 0 0.631233
 0 0.631237
 0 0.631256
 0 0.631256
 0 0.631257
 0 0.631257
 0 0.631257
 0 0.631258
 0 0.631265
 0 0.631266
 0 0.631279
 0 0.63128
 0 0.631307
 0 0.631307
 0 0.631307
 0 0.631344
 0 0.631348
 0 0.631348
 0 0.63135
 0 0.63135
 0 0.63135
 0 0.63135
 0 0.63135
 0 0.63135
 0 0.63135
 0 0.631354
 0 0.631355
 0 0.631367
 0 0.631403
 0 0.631432
 0 0.631439
 0 0.63144
 0 0.631447
 0 0.631448
 0 0.631451
 0 0.631451
 0 0.631451
 0 0.631463
 0 0.631486
 0 0.631501
 0 0.631501
 0 0.631517
 0 0.631536
 0 0.631537
 0 0.631542
 0 0.631543
 0 0.631561
 0 0.631561
 0 0.631564
 0 0.631564
 0 0.631602
 0 0.631602
 0 0.63161
 0 0.631613
 0 0.631613
 0 0.631613
 0 0.631615
 0 0.631615
 0 0.631637
 0 0.631638
 0 0.631643
 0 0.631678
 0 0.631686
 0 0.631688
 0 0.631689
 0 0.63169
 0 0.631691
 0 0.631697
 0 0.631704
 0 0.631723
 0 0.631728
 0 0.631739
 0 0.63175
 0 0.631751
 0 0.631753
 0 0.631753
 0 0.631758
 0 0.631759
 0 0.631761
 0 0.631768
 0 0.631777
 0 0.631777
 0 0.631795
 0 0.631795
 0 0.631797
 0 0.631805
 0 0.631838
 0 0.631838
 0 0.63184
 0 0.631847
 0 0.631851
 0 0.631861
 0 0.631862
 0 0.631869
 0 0.631869
 0 0.631877
 0 0.631881
 0 0.631884
 0 0.631889
 0 0.631906
 0 0.631926
 0 0.631927
 0 0.631938
 0 0.631939
 0 0.631951
 0 0.631964
 0 0.631966
 0 0.631973
 0 0.631976
 0 0.631976
 0 0.631977
 0 0.631977
 0 0.631982
 0 0.631989
 0 0.631991
 0 0.631992
 0 0.631996
 0 0.632005
 0 0.632011
 0 0.632011
 0 0.632012
 0 0.632093
 0 0.632094
 0 0.632094
 0 0.632099
 0 0.632102
 0 0.632104
 0 0.632117
 0 0.632123
 0 0.632124
 0 0.632126
 0 0.632126
 0 0.632133
 0 0.632137
 0 0.632137
 0 0.632137
 0 0.632139
 0 0.632139
 0 0.632141
 0 0.632164
 0 0.632164
 0 0.632173
 0 0.632173
 0 0.63218
 0 0.63218
 0 0.632216
 0 0.632217
 0 0.632221
 0 0.632222
 0 0.632222
 0 0.632222
 0 0.632228
 0 0.632229
 0 0.632229
 0 0.63223
 0 0.632233
 0 0.632242
 0 0.632258
 0 0.632258
 0 0.632274
 0 0.632277
 0 0.632277
 0 0.63228
 0 0.63228
 0 0.63228
 0 0.632287
 0 0.632288
 0 0.632288
 0 0.632288
 0 0.632288
 0 0.632293
 0 0.632293
 0 0.632294
 0 0.632295
 0 0.632297
 0 0.632297
 0 0.632297
 0 0.632298
 0 0.632312
 0 0.632312
 0 0.632318
 0 0.632333
 0 0.632342
 0 0.632343
 0 0.632343
 0 0.632344
 0 0.632347
 0 0.632351
 0 0.632351
 0 0.632351
 0 0.632358
 0 0.632368
 0 0.632369
 0 0.632369
 0 0.63237
 0 0.632378
 0 0.632381
 0 0.632386
 0 0.632386
 0 0.632402
 0 0.632409
 0 0.63241
 0 0.63241
 0 0.632473
 0 0.632533
 0 0.632536
 0 0.632541
 0 0.632541
 0 0.632542
 0 0.632542
 0 0.632542
 0 0.632544
 0 0.632544
 0 0.632545
 0 0.632547
 0 0.632548
 0 0.632551
 0 0.632557
 0 0.632557
 0 0.632589
 0 0.632589
 0 0.632589
 0 0.632596
 0 0.632596
 0 0.632629
 0 0.632633
 0 0.632656
 0 0.63266
 0 0.632661
 0 0.632661
 0 0.632667
 0 0.632667
 0 0.632668
 0 0.632686
 0 0.632686
 0 0.632686
 0 0.632696
 0 0.632706
 0 0.632708
 0 0.632719
 0 0.632724
 0 0.632729
 0 0.632731
 0 0.632733
 0 0.632734
 0 0.632734
 0 0.632734
 0 0.632746
 0 0.632746
 0 0.632746
 0 0.632746
 0 0.632747
 0 0.632747
 0 0.632749
 0 0.632749
 0 0.632751
 0 0.632753
 0 0.632753
 0 0.632772
 0 0.632773
 0 0.63278
 0 0.63278
 0 0.63278
 0 0.632804
 0 0.632804
 0 0.632806
 0 0.632807
 0 0.632808
 0 0.63281
 0 0.632813
 0 0.632817
 0 0.632817
 0 0.632817
 0 0.63282
 0 0.632823
 0 0.632823
 0 0.632843
 0 0.632844
 0 0.632845
 0 0.632879
 0 0.632879
 0 0.632879
 0 0.632879
 0 0.632891
 0 0.6329
 0 0.6329
 0 0.6329
 0 0.632901
 0 0.632907
 0 0.632914
 0 0.632921
 0 0.632921
 0 0.632927
 0 0.632929
 0 0.632929
 0 0.632929
 0 0.632937
 0 0.632938
 0 0.632942
 0 0.632963
 0 0.632963
 0 0.632969
 0 0.632969
 0 0.632975
 0 0.632977
 0 0.632977
 0 0.633009
 0 0.633031
 0 0.633035
 0 0.633037
 0 0.633038
 0 0.633038
 0 0.633046
 0 0.633046
 0 0.6331
 0 0.633102
 0 0.633102
 0 0.63312
 0 0.63312
 0 0.633131
 0 0.633132
 0 0.633132
 0 0.633132
 0 0.633132
 0 0.633139
 0 0.63314
 0 0.633146
 0 0.633146
 0 0.633146
 0 0.633152
 0 0.633158
 0 0.633158
 0 0.633158
 0 0.633158
 0 0.633173
 0 0.633173
 0 0.633174
 0 0.633174
 0 0.633174
 0 0.633176
 0 0.633204
 0 0.633205
 0 0.633237
 0 0.633241
 0 0.633243
 0 0.633263
 0 0.633288
 0 0.633288
 0 0.633288
 0 0.633289
 0 0.633289
 0 0.633299
 0 0.633301
 0 0.633301
 0 0.633303
 0 0.633305
 0 0.633306
 0 0.633323
 0 0.633326
 0 0.633328
 0 0.633328
 0 0.633329
 0 0.63333
 0 0.633332
 0 0.633335
 0 0.633346
 0 0.63335
 0 0.633355
 0 0.633355
 0 0.633368
 0 0.633369
 0 0.633388
 0 0.633388
 0 0.633389
 0 0.633399
 0 0.6334
 0 0.633406
 0 0.63341
 0 0.633413
 0 0.633413
 0 0.633434
 0 0.633435
 0 0.633436
 0 0.633444
 0 0.633453
 0 0.633478
 0 0.63348
 0 0.633487
 0 0.633487
 0 0.633522
 0 0.633522
 0 0.633531
 0 0.633551
 0 0.633563
 0 0.633564
 0 0.633569
 0 0.633569
 0 0.633578
 0 0.633582
 0 0.633586
 0 0.633587
 0 0.633587
 0 0.633589
 0 0.633604
 0 0.633612
 0 0.633616
 0 0.633624
 0 0.633625
 0 0.633628
 0 0.633632
 0 0.633644
 0 0.633645
 0 0.633646
 0 0.633646
 0 0.633646
 0 0.633646
 0 0.633647
 0 0.633654
 0 0.633656
 0 0.633656
 0 0.633659
 0 0.633661
 0 0.633664
 0 0.633665
 0 0.633666
 0 0.633666
 0 0.633672
 0 0.633684
 0 0.633684
 0 0.633684
 0 0.6337
 0 0.6337
 0 0.633718
 0 0.633718
 0 0.633726
 0 0.633726
 0 0.633728
 0 0.633734
 0 0.633754
 0 0.633755
 0 0.633775
 0 0.633775
 0 0.633776
 0 0.63378
 0 0.633781
 0 0.633781
 0 0.633798
 0 0.633799
 0 0.6338
 0 0.6338
 0 0.6338
 0 0.633802
 0 0.63381
 0 0.63381
 0 0.633823
 0 0.633824
 0 0.633825
 0 0.633826
 0 0.633826
 0 0.633827
 0 0.633827
 0 0.633845
 0 0.633845
 0 0.633846
 0 0.633863
 0 0.633863
 0 0.633863
 0 0.633863
 0 0.633864
 0 0.633865
 0 0.633902
 0 0.633911
 0 0.633913
 0 0.633913
 0 0.633926
 0 0.633927
 0 0.633927
 0 0.63395
 0 0.633951
 0 0.633951
 0 0.633951
 0 0.633953
 0 0.633958
 0 0.633958
 0 0.633958
 0 0.633984
 0 0.633991
 0 0.633991
 0 0.633991
 0 0.633995
 0 0.633996
 0 0.633997
 0 0.633998
 0 0.634
 0 0.634001
 0 0.634018
 0 0.634018
 0 0.634024
 0 0.634025
 0 0.634025
 0 0.634027
 0 0.634027
 0 0.634027
 0 0.634047
 0 0.634052
 0 0.634054
 0 0.634061
 0 0.634066
 0 0.634066
 0 0.634073
 0 0.634092
 0 0.634094
 0 0.634094
 0 0.634094
 0 0.634099
 0 0.634102
 0 0.634119
 0 0.634121
 0 0.634133
 0 0.634133
 0 0.634138
 0 0.634138
 0 0.634138
 0 0.63414
 0 0.63415
 0 0.63415
 0 0.63415
 0 0.63415
 0 0.63415
 0 0.634156
 0 0.634164
 0 0.634167
 0 0.634167
 0 0.634179
 0 0.634179
 0 0.634184
 0 0.634185
 0 0.634185
 0 0.634198
 0 0.634211
 0 0.634217
 0 0.634218
 0 0.634218
 0 0.634218
 0 0.634219
 0 0.634233
 0 0.634233
 0 0.634236
 0 0.634241
 0 0.634241
 0 0.63425
 0 0.634257
 0 0.634257
 0 0.634265
 0 0.634265
 0 0.634265
 0 0.634268
 0 0.634271
 0 0.634277
 0 0.634284
 0 0.634286
 0 0.634293
 0 0.634298
 0 0.634314
 0 0.634349
 0 0.634349
 0 0.634349
 0 0.634349
 0 0.63437
 0 0.634375
 0 0.634396
 0 0.63442
 0 0.634425
 0 0.634425
 0 0.634432
 0 0.634432
 0 0.634432
 0 0.634434
 0 0.634435
 0 0.634435
 0 0.634445
 0 0.634445
 0 0.634489
 0 0.634489
 0 0.634494
 0 0.634494
 0 0.634496
 0 0.634496
 0 0.634516
 0 0.634522
 0 0.634522
 0 0.634527
 0 0.634528
 0 0.634533
 0 0.634533
 0 0.634535
 0 0.634537
 0 0.634544
 0 0.634549
 0 0.634552
 0 0.634552
 0 0.634559
 0 0.634568
 0 0.634568
 0 0.634568
 0 0.634569
 0 0.634569
 0 0.634569
 0 0.634571
 0 0.63458
 0 0.634591
 0 0.634591
 0 0.634606
 0 0.634606
 0 0.634608
 0 0.634608
 0 0.634631
 0 0.634631
 0 0.634645
 0 0.634645
 0 0.634645
 0 0.634651
 0 0.634653
 0 0.634653
 0 0.63466
 0 0.63466
 0 0.63466
 0 0.634666
 0 0.634666
 0 0.634692
 0 0.634692
 0 0.634699
 0 0.634706
 0 0.634708
 0 0.634708
 0 0.634714
 0 0.634714
 0 0.634729
 0 0.634756
 0 0.63476
 0 0.63476
 0 0.634766
 0 0.634771
 0 0.634771
 0 0.634778
 0 0.63478
 0 0.63478
 0 0.634788
 0 0.634797
 0 0.634798
 0 0.634808
 0 0.634818
 0 0.634821
 0 0.634824
 0 0.634826
 0 0.634831
 0 0.634832
 0 0.634834
 0 0.634846
 0 0.634847
 0 0.63485
 0 0.634857
 0 0.63486
 0 0.63486
 0 0.634865
 0 0.634867
 0 0.634884
 0 0.634885
 0 0.634887
 0 0.634887
 0 0.634895
 0 0.634912
 0 0.634917
 0 0.634941
 0 0.634947
 0 0.634952
 0 0.634972
 0 0.634978
 0 0.634978
 0 0.634989
 0 0.634989
 0 0.634992
 0 0.634992
 0 0.635021
 0 0.635034
 0 0.635035
 0 0.63504
 0 0.635042
 0 0.635045
 0 0.635083
 0 0.635086
 0 0.635099
 0 0.635099
 0 0.635101
 0 0.635101
 0 0.635101
 0 0.635103
 0 0.635103
 0 0.635104
 0 0.635104
 0 0.635104
 0 0.635105
 0 0.63512
 0 0.63512
 0 0.635126
 0 0.635126
 0 0.635139
 0 0.635139
 0 0.635139
 0 0.63514
 0 0.635141
 0 0.635169
 0 0.635169
 0 0.635172
 0 0.635186
 0 0.635186
 0 0.635218
 0 0.635239
 0 0.635285
 0 0.635285
 0 0.635291
 0 0.635293
 0 0.635306
 0 0.635311
 0 0.635316
 0 0.635316
 0 0.635324
 0 0.635334
 0 0.635334
 0 0.635335
 0 0.635336
 0 0.63534
 0 0.63534
 0 0.635342
 0 0.635352
 0 0.635352
 0 0.635356
 0 0.635356
 0 0.635363
 0 0.635374
 0 0.635377
 0 0.635381
 0 0.635384
 0 0.635409
 0 0.635409
 0 0.635409
 0 0.635409
 0 0.635458
 0 0.635462
 0 0.635462
 0 0.635462
 0 0.635462
 0 0.635465
 0 0.635465
 0 0.635466
 0 0.635466
 0 0.635473
 0 0.635473
 0 0.635475
 0 0.635494
 0 0.635496
 0 0.635496
 0 0.635497
 0 0.635528
 0 0.63553
 0 0.635534
 0 0.635535
 0 0.635535
 0 0.635535
 0 0.635535
 0 0.635535
 0 0.635537
 0 0.635537
 0 0.635537
 0 0.635557
 0 0.635558
 0 0.635561
 0 0.635573
 0 0.635576
 0 0.635576
 0 0.635576
 0 0.635578
 0 0.635589
 0 0.635591
 0 0.635594
 0 0.635594
 0 0.635594
 0 0.6356
 0 0.6356
 0 0.635605
 0 0.635605
 0 0.635626
 0 0.635626
 0 0.635633
 0 0.635634
 0 0.635635
 0 0.635635
 0 0.635642
 0 0.635677
 0 0.635691
 0 0.635718
 0 0.63572
 0 0.635721
 0 0.635721
 0 0.635721
 0 0.635721
 0 0.635721
 0 0.635744
 0 0.635744
 0 0.635752
 0 0.635752
 0 0.635753
 0 0.63578
 0 0.63578
 0 0.635794
 0 0.635794
 0 0.6358
 0 0.635803
 0 0.635803
 0 0.635811
 0 0.635811
 0 0.635813
 0 0.635818
 0 0.635818
 0 0.635828
 0 0.63583
 0 0.63585
 0 0.635859
 0 0.635859
 0 0.635859
 0 0.63587
 0 0.635905
 0 0.635905
 0 0.635905
 0 0.635905
 0 0.635913
 0 0.635928
 0 0.635928
 0 0.635943
 0 0.635991
 0 0.635992
 0 0.636048
 0 0.636063
 0 0.636066
 0 0.636077
 0 0.636091
 0 0.636091
 0 0.636136
 0 0.636161
 0 0.636164
 0 0.636169
 0 0.636175
 0 0.636178
 0 0.636189
 0 0.636189
 0 0.636193
 0 0.636204
 0 0.636207
 0 0.636209
 0 0.636258
 0 0.636258
 0 0.636261
 0 0.636262
 0 0.636265
 0 0.636265
 0 0.636265
 0 0.636272
 0 0.636272
 0 0.636272
 0 0.636322
 0 0.636325
 0 0.636332
 0 0.636332
 0 0.63637
 0 0.63637
 0 0.636392
 0 0.636407
 0 0.636412
 0 0.636412
 0 0.636412
 0 0.636412
 0 0.636415
 0 0.636422
 0 0.636428
 0 0.636428
 0 0.636428
 0 0.636439
 0 0.636439
 0 0.636439
 0 0.636439
 0 0.636446
 0 0.636468
 0 0.636468
 0 0.636496
 0 0.636496
 0 0.63651
 0 0.636511
 0 0.636515
 0 0.636515
 0 0.636539
 0 0.636539
 0 0.636544
 0 0.636551
 0 0.636558
 0 0.636559
 0 0.636562
 0 0.636562
 0 0.636581
 0 0.636593
 0 0.636594
 0 0.636594
 0 0.636594
 0 0.636601
 0 0.636603
 0 0.636614
 0 0.636616
 0 0.636618
 0 0.636619
 0 0.636619
 0 0.636636
 0 0.636636
 0 0.636636
 0 0.636658
 0 0.636658
 0 0.636665
 0 0.636665
 0 0.636669
 0 0.636672
 0 0.636701
 0 0.636708
 0 0.636718
 0 0.636718
 0 0.636719
 0 0.636719
 0 0.636719
 0 0.636722
 0 0.636722
 0 0.636724
 0 0.63673
 0 0.636777
 0 0.636799
 0 0.636799
 0 0.6368
 0 0.636818
 0 0.636843
 0 0.636848
 0 0.636875
 0 0.636875
 0 0.636875
 0 0.636914
 0 0.636914
 0 0.636936
 0 0.636938
 0 0.636947
 0 0.636951
 0 0.636951
 0 0.636954
 0 0.636955
 0 0.636956
 0 0.636966
 0 0.636966
 0 0.636973
 0 0.636984
 0 0.636996
 0 0.637026
 0 0.637027
 0 0.637032
 0 0.637053
 0 0.637064
 0 0.637066
 0 0.637067
 0 0.637071
 0 0.637071
 0 0.637071
 0 0.637071
 0 0.637074
 0 0.637078
 0 0.637078
 0 0.637091
 0 0.637091
 0 0.637099
 0 0.637105
 0 0.637112
 0 0.63713
 0 0.63713
 0 0.637135
 0 0.637135
 0 0.637137
 0 0.637144
 0 0.637148
 0 0.637148
 0 0.637154
 0 0.63717
 0 0.637171
 0 0.637171
 0 0.637192
 0 0.637209
 0 0.63721
 0 0.63721
 0 0.63721
 0 0.637213
 0 0.637258
 0 0.637291
 0 0.637308
 0 0.637308
 0 0.637324
 0 0.637326
 0 0.637326
 0 0.637328
 0 0.637328
 0 0.637351
 0 0.637416
 0 0.637417
 0 0.637424
 0 0.637426
 0 0.637431
 0 0.637431
 0 0.637439
 0 0.637439
 0 0.637442
 0 0.637442
 0 0.637443
 0 0.637468
 0 0.637474
 0 0.637483
 0 0.637502
 0 0.637502
 0 0.637502
 0 0.637507
 0 0.637507
 0 0.637512
 0 0.63753
 0 0.637535
 0 0.637549
 0 0.637549
 0 0.637555
 0 0.637557
 0 0.637592
 0 0.637601
 0 0.637623
 0 0.637623
 0 0.637632
 0 0.637684
 0 0.637686
 0 0.637698
 0 0.637699
 0 0.637699
 0 0.637699
 0 0.637707
 0 0.63771
 0 0.637715
 0 0.637742
 0 0.637749
 0 0.637749
 0 0.637749
 0 0.637749
 0 0.637775
 0 0.637855
 0 0.637855
 0 0.637855
 0 0.637855
 0 0.63787
 0 0.63794
 0 0.638007
 0 0.63802
 0 0.638021
 0 0.638029
 0 0.63803
 0 0.638031
 0 0.638031
 0 0.638031
 0 0.638101
 0 0.638101
 0 0.638107
 0 0.638122
 0 0.638145
 0 0.638162
 0 0.638258
 0 0.638264
 0 0.638379
 0 0.638379
 0 0.638382
 0 0.638382
 0 0.638395
 0 0.638436
 0 0.638436
 0 0.63849
 0 0.638548
 0 0.638554
 0 0.638577
 0 0.638578
 0 0.638791
 0 0.638828
 0 0.638828
 0 0.638869
 0 0.638869
 0 0.638982
 0 0.639038
 0 0.639038
 0 0.639038
 0 0.639042
 0 0.639153
 0 0.639157
 0 0.639157
 0 0.639157
 0 0.639544
 0 0.639552
 0 0.639604
 0 0.639652
 0 0.639655
 0 0.639682
 0 0.639682
 0 0.639682
 0 0.639888
 0 0.639902
 0 0.639991
 0 0.639991
 0 0.639991
 0 0.639998
 0 0.639998
 0 0.640004
 0 0.640005
 0 0.640265
 0 0.640272
 0 0.640436
 0 0.640436
 0 0.640437
 0 0.640437
 0 0.640692
 0 0.640816
 0 0.640816
 0 0.640884
 0 0.641057
 0 0.641106
 0 0.641106
 0 0.641131
 0 0.641131
 0 0.641141
 0 0.641141
 0 0.641164
 0 0.641249
 0 0.641249
 0 0.641787
 0 0.641787
 0 0.641787
 0 0.641875
 0 0.641876
 0 0.641896
 0 0.642185
 0 0.642384
 0 inf
