 0 0.482163
 0 0.482604
 0 0.482641
 0 0.482641
 0 0.482765
 0 0.482765
 0 0.502774
 0 0.503145
 0 0.503439
 0 0.503439
 0 0.503439
 0 0.50344
 0 0.508529
 0 0.509146
 0 0.509701
 0 0.509701
 0 0.509702
 0 0.509702
 0 0.618112
 0 0.61859
 0 0.61859
 0 0.618591
 0 0.618667
 0 0.61907
 0 0.619154
 0 0.619154
 0 0.619154
 0 0.619154
 0 0.619358
 0 0.61936
 0 0.62111
 0 0.62111
 0 0.62111
 0 0.621135
 0 0.621135
 0 0.621876
 0 0.621979
 0 0.621979
 0 0.62202
 0 0.622261
 0 0.622261
 0 0.622261
 0 0.622315
 0 0.622327
 0 0.622327
 0 0.622328
 0 0.622706
 0 0.622706
 0 0.622721
 0 0.622723
 0 0.622762
 0 0.622762
 0 0.622965
 0 0.622965
 0 0.622965
 0 0.622968
 0 0.622968
 0 0.622969
 0 0.623014
 0 0.623014
 0 0.623024
 0 0.623024
 0 0.623032
 0 0.623032
 0 0.623136
 0 0.623204
 0 0.623204
 0 0.623293
 0 0.623304
 0 0.623335
 0 0.623335
 0 0.623335
 0 0.623345
 0 0.623392
 0 0.623444
 0 0.623521
 0 0.623521
 0 0.623522
 0 0.623522
 0 0.623728
 0 0.623728
 0 0.62377
 0 0.623785
 0 0.623786
 0 0.623786
 0 0.62381
 0 0.623958
 0 0.62396
 0 0.623989
 0 0.62399
 0 0.624312
 0 0.624424
 0 0.624425
 0 0.624434
 0 0.624435
 0 0.624488
 0 0.624489
 0 0.624489
 0 0.624503
 0 0.624504
 0 0.624678
 0 0.624685
 0 0.624718
 0 0.624846
 0 0.6249
 0 0.624902
 0 0.625007
 0 0.625008
 0 0.62502
 0 0.625021
 0 0.625056
 0 0.625057
 0 0.625058
 0 0.625102
 0 0.625102
 0 0.625103
 0 0.625103
 0 0.625146
 0 0.625206
 0 0.625329
 0 0.625329
 0 0.62533
 0 0.625445
 0 0.625445
 0 0.625445
 0 0.625462
 0 0.625462
 0 0.625583
 0 0.625674
 0 0.625674
 0 0.625732
 0 0.625732
 0 0.625734
 0 0.625806
 0 0.625808
 0 0.625819
 0 0.625819
 0 0.625819
 0 0.625819
 0 0.625821
 0 0.625822
 0 0.625878
 0 0.62588
 0 0.625901
 0 0.625989
 0 0.626062
 0 0.626062
 0 0.626109
 0 0.626109
 0 0.626174
 0 0.626174
 0 0.626174
 0 0.626174
 0 0.626256
 0 0.626257
 0 0.626257
 0 0.626291
 0 0.626446
 0 0.626446
 0 0.626457
 0 0.626457
 0 0.626618
 0 0.626618
 0 0.62664
 0 0.62664
 0 0.62664
 0 0.62664
 0 0.626654
 0 0.626654
 0 0.626655
 0 0.626655
 0 0.626713
 0 0.626946
 0 0.627039
 0 0.627039
 0 0.62704
 0 0.627104
 0 0.627141
 0 0.627141
 0 0.627142
 0 0.62715
 0 0.62715
 0 0.627234
 0 0.627303
 0 0.627311
 0 0.627311
 0 0.627312
 0 0.627312
 0 0.627316
 0 0.627317
 0 0.627318
 0 0.627353
 0 0.627353
 0 0.627353
 0 0.627355
 0 0.627355
 0 0.627367
 0 0.627368
 0 0.627386
 0 0.627388
 0 0.627409
 0 0.627415
 0 0.627419
 0 0.62742
 0 0.62742
 0 0.62742
 0 0.627421
 0 0.627472
 0 0.627473
 0 0.627714
 0 0.627716
 0 0.627774
 0 0.627794
 0 0.627795
 0 0.627822
 0 0.627823
 0 0.627843
 0 0.627845
 0 0.627851
 0 0.627851
 0 0.627852
 0 0.627888
 0 0.627921
 0 0.627921
 0 0.627946
 0 0.627946
 0 0.628033
 0 0.628039
 0 0.628048
 0 0.62805
 0 0.62805
 0 0.628141
 0 0.628202
 0 0.628202
 0 0.628221
 0 0.628265
 0 0.628267
 0 0.628293
 0 0.628293
 0 0.628295
 0 0.628295
 0 0.628355
 0 0.62838
 0 0.628381
 0 0.628408
 0 0.628433
 0 0.628545
 0 0.628614
 0 0.628614
 0 0.628615
 0 0.628638
 0 0.62866
 0 0.628667
 0 0.628667
 0 0.628667
 0 0.628667
 0 0.628669
 0 0.628681
 0 0.628682
 0 0.628683
 0 0.628693
 0 0.628693
 0 0.628759
 0 0.628777
 0 0.628835
 0 0.62886
 0 0.62886
 0 0.628861
 0 0.628893
 0 0.628893
 0 0.628893
 0 0.628907
 0 0.628907
 0 0.628918
 0 0.62892
 0 0.628922
 0 0.628994
 0 0.629012
 0 0.629039
 0 0.629039
 0 0.629057
 0 0.629058
 0 0.629058
 0 0.629149
 0 0.629157
 0 0.629157
 0 0.629219
 0 0.629267
 0 0.629271
 0 0.629286
 0 0.629287
 0 0.629319
 0 0.629321
 0 0.629324
 0 0.629324
 0 0.629446
 0 0.629502
 0 0.629503
 0 0.629503
 0 0.629503
 0 0.629521
 0 0.62955
 0 0.629551
 0 0.629551
 0 0.629569
 0 0.629644
 0 0.629739
 0 0.629739
 0 0.629766
 0 0.629833
 0 0.629833
 0 0.629871
 0 0.630003
 0 0.630005
 0 0.630005
 0 0.63001
 0 0.630011
 0 0.630012
 0 0.630012
 0 0.630042
 0 0.630043
 0 0.630043
 0 0.630044
 0 0.630056
 0 0.630057
 0 0.630076
 0 0.630084
 0 0.630109
 0 0.63011
 0 0.630118
 0 0.630118
 0 0.630119
 0 0.630141
 0 0.630151
 0 0.630151
 0 0.630151
 0 0.630151
 0 0.630178
 0 0.630226
 0 0.63023
 0 0.630231
 0 0.630233
 0 0.630233
 0 0.630267
 0 0.630283
 0 0.630284
 0 0.630284
 0 0.630285
 0 0.630285
 0 0.630301
 0 0.630331
 0 0.630353
 0 0.630381
 0 0.630382
 0 0.630382
 0 0.630383
 0 0.630391
 0 0.630391
 0 0.630408
 0 0.630525
 0 0.630531
 0 0.630535
 0 0.630565
 0 0.630565
 0 0.630569
 0 0.630569
 0 0.630599
 0 0.6306
 0 0.630615
 0 0.63062
 0 0.63062
 0 0.630635
 0 0.630735
 0 0.63077
 0 0.630777
 0 0.630778
 0 0.630799
 0 0.630799
 0 0.630801
 0 0.630802
 0 0.630802
 0 0.630813
 0 0.630832
 0 0.630832
 0 0.630854
 0 0.630856
 0 0.6309
 0 0.630918
 0 0.63092
 0 0.630964
 0 0.630966
 0 0.630966
 0 0.630967
 0 0.630967
 0 0.630968
 0 0.630969
 0 0.63097
 0 0.631048
 0 0.631048
 0 0.631048
 0 0.631048
 0 0.631049
 0 0.631099
 0 0.631099
 0 0.631107
 0 0.631168
 0 0.631168
 0 0.631174
 0 0.631175
 0 0.63118
 0 0.631182
 0 0.631213
 0 0.631213
 0 0.631213
 0 0.631214
 0 0.631215
 0 0.631249
 0 0.631249
 0 0.631287
 0 0.631312
 0 0.63132
 0 0.631321
 0 0.631321
 0 0.631323
 0 0.631386
 0 0.631397
 0 0.631411
 0 0.631412
 0 0.631412
 0 0.631414
 0 0.631464
 0 0.6315
 0 0.631501
 0 0.631508
 0 0.631508
 0 0.631514
 0 0.631515
 0 0.631522
 0 0.631524
 0 0.631584
 0 0.631624
 0 0.63163
 0 0.63163
 0 0.63163
 0 0.63168
 0 0.63168
 0 0.631684
 0 0.631687
 0 0.631701
 0 0.631774
 0 0.631774
 0 0.631787
 0 0.631787
 0 0.631787
 0 0.631787
 0 0.631788
 0 0.631789
 0 0.631789
 0 0.631829
 0 0.631838
 0 0.631838
 0 0.631847
 0 0.631847
 0 0.631857
 0 0.631857
 0 0.632013
 0 0.632026
 0 0.632036
 0 0.632037
 0 0.632037
 0 0.632038
 0 0.63204
 0 0.632058
 0 0.632059
 0 0.632096
 0 0.632096
 0 0.632096
 0 0.632114
 0 0.632115
 0 0.632115
 0 0.632146
 0 0.632146
 0 0.632146
 0 0.632147
 0 0.632147
 0 0.632178
 0 0.632178
 0 0.632178
 0 0.632178
 0 0.632183
 0 0.632212
 0 0.632213
 0 0.63222
 0 0.63222
 0 0.632238
 0 0.632238
 0 0.632239
 0 0.63224
 0 0.632286
 0 0.632312
 0 0.632356
 0 0.632356
 0 0.632356
 0 0.63238
 0 0.632395
 0 0.632397
 0 0.632398
 0 0.63242
 0 0.63242
 0 0.632428
 0 0.632429
 0 0.632429
 0 0.63246
 0 0.63246
 0 0.63246
 0 0.632504
 0 0.632508
 0 0.632511
 0 0.632512
 0 0.632551
 0 0.632568
 0 0.632568
 0 0.632568
 0 0.632603
 0 0.632603
 0 0.632626
 0 0.63264
 0 0.632685
 0 0.632688
 0 0.632688
 0 0.632688
 0 0.632688
 0 0.632734
 0 0.632734
 0 0.632763
 0 0.632765
 0 0.632765
 0 0.632776
 0 0.632805
 0 0.632805
 0 0.632808
 0 0.632873
 0 0.632874
 0 0.632874
 0 0.632913
 0 0.632913
 0 0.632915
 0 0.632934
 0 0.632945
 0 0.632945
 0 0.632946
 0 0.632949
 0 0.632949
 0 0.63296
 0 0.63296
 0 0.63296
 0 0.633009
 0 0.633009
 0 0.63301
 0 0.633013
 0 0.633019
 0 0.633121
 0 0.633121
 0 0.633125
 0 0.633125
 0 0.633126
 0 0.633146
 0 0.633148
 0 0.633183
 0 0.633186
 0 0.633217
 0 0.633217
 0 0.633217
 0 0.633218
 0 0.633272
 0 0.633273
 0 0.633286
 0 0.633286
 0 0.633297
 0 0.633297
 0 0.633298
 0 0.633299
 0 0.633325
 0 0.633394
 0 0.633394
 0 0.633395
 0 0.633442
 0 0.633442
 0 0.633462
 0 0.633462
 0 0.633463
 0 0.633463
 0 0.633468
 0 0.633469
 0 0.63347
 0 0.633518
 0 0.633538
 0 0.633569
 0 0.633588
 0 0.633588
 0 0.633589
 0 0.63362
 0 0.63362
 0 0.63362
 0 0.63362
 0 0.633654
 0 0.633654
 0 0.633728
 0 0.633728
 0 0.633738
 0 0.633738
 0 0.633771
 0 0.633771
 0 0.63379
 0 0.63379
 0 0.63379
 0 0.63385
 0 0.633884
 0 0.633885
 0 0.633885
 0 0.633886
 0 0.633886
 0 0.633932
 0 0.633932
 0 0.633932
 0 0.633941
 0 0.633942
 0 0.633942
 0 0.633974
 0 0.634027
 0 0.634033
 0 0.634033
 0 0.634033
 0 0.634054
 0 0.634054
 0 0.634055
 0 0.634056
 0 0.634056
 0 0.634095
 0 0.634095
 0 0.634096
 0 0.634097
 0 0.634097
 0 0.634132
 0 0.634187
 0 0.634187
 0 0.634209
 0 0.63421
 0 0.63423
 0 0.634232
 0 0.634266
 0 0.634267
 0 0.634267
 0 0.634272
 0 0.634273
 0 0.634274
 0 0.634274
 0 0.634275
 0 0.634275
 0 0.634276
 0 0.634284
 0 0.634308
 0 0.634354
 0 0.634355
 0 0.63437
 0 0.634371
 0 0.634394
 0 0.634395
 0 0.634396
 0 0.63441
 0 0.634411
 0 0.634411
 0 0.634416
 0 0.634443
 0 0.634445
 0 0.634477
 0 0.634478
 0 0.634478
 0 0.634518
 0 0.634518
 0 0.634522
 0 0.634524
 0 0.634555
 0 0.634555
 0 0.634555
 0 0.634562
 0 0.634567
 0 0.634584
 0 0.634643
 0 0.634643
 0 0.634644
 0 0.634697
 0 0.634698
 0 0.634699
 0 0.634794
 0 0.634795
 0 0.63483
 0 0.634874
 0 0.63489
 0 0.63489
 0 0.63489
 0 0.634923
 0 0.634923
 0 0.634944
 0 0.634947
 0 0.634947
 0 0.634976
 0 0.634992
 0 0.635031
 0 0.635031
 0 0.635031
 0 0.635032
 0 0.635032
 0 0.635036
 0 0.635095
 0 0.6351
 0 0.635101
 0 0.635101
 0 0.635101
 0 0.635125
 0 0.635127
 0 0.635129
 0 0.635154
 0 0.635154
 0 0.63519
 0 0.635201
 0 0.635202
 0 0.63522
 0 0.635221
 0 0.635227
 0 0.635228
 0 0.635241
 0 0.635243
 0 0.635243
 0 0.635265
 0 0.635266
 0 0.635267
 0 0.635267
 0 0.63527
 0 0.635271
 0 0.63528
 0 0.635281
 0 0.635299
 0 0.63532
 0 0.63532
 0 0.635321
 0 0.635445
 0 0.635454
 0 0.635536
 0 0.635536
 0 0.635554
 0 0.635587
 0 0.635588
 0 0.635628
 0 0.635661
 0 0.635668
 0 0.635681
 0 0.635681
 0 0.635704
 0 0.635711
 0 0.635711
 0 0.635712
 0 0.635712
 0 0.635712
 0 0.635713
 0 0.635728
 0 0.63576
 0 0.63576
 0 0.635784
 0 0.635785
 0 0.635789
 0 0.63579
 0 0.63579
 0 0.635791
 0 0.635795
 0 0.635809
 0 0.635809
 0 0.635814
 0 0.635815
 0 0.635879
 0 0.635916
 0 0.635916
 0 0.635917
 0 0.635917
 0 0.635938
 0 0.635939
 0 0.635939
 0 0.635941
 0 0.635942
 0 0.635982
 0 0.635983
 0 0.636027
 0 0.636038
 0 0.636039
 0 0.63604
 0 0.63604
 0 0.636041
 0 0.63609
 0 0.63609
 0 0.636111
 0 0.636111
 0 0.636111
 0 0.636113
 0 0.636126
 0 0.636167
 0 0.636168
 0 0.636169
 0 0.636169
 0 0.636178
 0 0.636217
 0 0.636219
 0 0.636225
 0 0.636225
 0 0.636225
 0 0.636227
 0 0.636246
 0 0.636246
 0 0.636251
 0 0.636255
 0 0.636255
 0 0.636255
 0 0.636255
 0 0.636255
 0 0.636265
 0 0.636265
 0 0.636266
 0 0.636267
 0 0.636271
 0 0.636308
 0 0.636309
 0 0.636309
 0 0.636334
 0 0.636334
 0 0.636334
 0 0.636334
 0 0.636334
 0 0.636337
 0 0.636337
 0 0.636338
 0 0.636338
 0 0.636359
 0 0.636384
 0 0.636396
 0 0.636405
 0 0.636492
 0 0.636513
 0 0.636513
 0 0.63656
 0 0.63656
 0 0.63656
 0 0.636586
 0 0.636586
 0 0.636586
 0 0.636586
 0 0.636595
 0 0.636602
 0 0.636602
 0 0.636616
 0 0.636618
 0 0.636633
 0 0.636672
 0 0.636723
 0 0.636723
 0 0.636724
 0 0.636738
 0 0.636738
 0 0.636793
 0 0.636793
 0 0.636793
 0 0.636852
 0 0.636852
 0 0.636877
 0 0.63689
 0 0.636891
 0 0.636894
 0 0.636895
 0 0.636895
 0 0.636906
 0 0.636907
 0 0.636907
 0 0.636919
 0 0.636919
 0 0.636965
 0 0.636966
 0 0.636994
 0 0.636994
 0 0.636994
 0 0.637003
 0 0.637004
 0 0.637004
 0 0.637023
 0 0.637026
 0 0.637026
 0 0.637035
 0 0.637035
 0 0.637035
 0 0.637044
 0 0.637044
 0 0.637044
 0 0.637052
 0 0.637054
 0 0.637076
 0 0.637076
 0 0.637158
 0 0.637173
 0 0.637178
 0 0.637179
 0 0.637184
 0 0.637185
 0 0.637185
 0 0.637208
 0 0.637226
 0 0.637236
 0 0.637245
 0 0.637246
 0 0.637277
 0 0.637286
 0 0.637316
 0 0.637318
 0 0.637319
 0 0.637343
 0 0.637343
 0 0.637343
 0 0.637429
 0 0.637429
 0 0.637439
 0 0.637439
 0 0.637452
 0 0.637465
 0 0.637465
 0 0.637474
 0 0.637527
 0 0.637528
 0 0.637528
 0 0.637532
 0 0.637534
 0 0.637534
 0 0.63757
 0 0.63757
 0 0.63757
 0 0.63757
 0 0.637574
 0 0.637574
 0 0.637574
 0 0.637591
 0 0.637593
 0 0.637594
 0 0.637595
 0 0.63761
 0 0.637632
 0 0.637646
 0 0.637647
 0 0.637691
 0 0.637691
 0 0.63774
 0 0.637742
 0 0.637742
 0 0.637803
 0 0.637809
 0 0.637844
 0 0.637844
 0 0.637844
 0 0.637845
 0 0.637856
 0 0.63787
 0 0.637872
 0 0.637962
 0 0.637962
 0 0.63797
 0 0.63797
 0 0.63797
 0 0.638042
 0 0.638042
 0 0.63805
 0 0.638051
 0 0.638052
 0 0.638054
 0 0.638067
 0 0.638105
 0 0.638106
 0 0.638106
 0 0.638152
 0 0.638152
 0 0.638152
 0 0.638176
 0 0.638177
 0 0.638185
 0 0.638186
 0 0.638202
 0 0.638264
 0 0.638264
 0 0.63827
 0 0.638273
 0 0.638273
 0 0.638284
 0 0.638285
 0 0.638285
 0 0.638294
 0 0.638305
 0 0.638328
 0 0.63833
 0 0.638339
 0 0.638388
 0 0.63839
 0 0.63839
 0 0.638413
 0 0.638436
 0 0.638462
 0 0.638462
 0 0.638462
 0 0.638463
 0 0.638508
 0 0.638508
 0 0.638553
 0 0.638627
 0 0.638627
 0 0.638627
 0 0.638657
 0 0.638657
 0 0.638658
 0 0.638658
 0 0.638768
 0 0.638828
 0 0.638828
 0 0.638829
 0 0.638829
 0 0.638905
 0 0.638905
 0 0.638942
 0 0.638946
 0 0.638946
 0 0.63896
 0 0.638991
 0 0.638999
 0 0.639001
 0 0.639009
 0 0.639053
 0 0.639054
 0 0.639057
 0 0.639057
 0 0.639057
 0 0.63907
 0 0.639135
 0 0.639135
 0 0.639135
 0 0.639239
 0 0.639239
 0 0.639384
 0 0.639384
 0 0.639384
 0 0.639404
 0 0.639406
 0 0.639406
 0 0.639412
 0 0.639412
 0 0.639422
 0 0.639423
 0 0.639475
 0 0.639477
 0 0.639477
 0 0.639629
 0 0.639658
 0 0.639659
 0 0.639681
 0 0.639729
 0 0.639732
 0 0.639735
 0 0.639736
 0 0.639768
 0 0.639771
 0 0.639805
 0 0.639891
 0 0.639892
 0 0.639917
 0 0.639928
 0 0.639928
 0 0.639929
 0 0.639948
 0 0.639948
 0 0.639964
 0 0.639964
 0 0.639965
 0 0.640038
 0 0.640038
 0 0.640041
 0 0.640041
 0 0.640041
 0 0.640058
 0 0.640058
 0 0.640058
 0 0.64008
 0 0.640081
 0 0.640081
 0 0.640114
 0 0.640114
 0 0.640195
 0 0.640197
 0 0.640198
 0 0.640261
 0 0.640278
 0 0.640281
 0 0.640283
 0 0.640327
 0 0.640329
 0 0.640329
 0 0.640329
 0 0.64033
 0 0.640338
 0 0.64039
 0 0.640391
 0 0.640426
 0 0.640427
 0 0.640455
 0 0.640455
 0 0.640456
 0 0.640457
 0 0.64047
 0 0.640539
 0 0.640541
 0 0.640541
 0 0.640543
 0 0.640576
 0 0.640577
 0 0.640577
 0 0.640577
 0 0.640579
 0 0.640647
 0 0.640648
 0 0.64068
 0 0.64068
 0 0.640696
 0 0.640697
 0 0.640698
 0 0.640823
 0 0.640823
 0 0.640825
 0 0.640828
 0 0.640829
 0 0.640844
 0 0.640877
 0 0.640877
 0 0.640892
 0 0.640893
 0 0.640917
 0 0.640932
 0 0.640933
 0 0.640933
 0 0.640941
 0 0.640941
 0 0.640941
 0 0.640946
 0 0.640962
 0 0.640963
 0 0.640972
 0 0.640973
 0 0.64099
 0 0.64099
 0 0.64099
 0 0.640992
 0 0.641048
 0 0.641064
 0 0.641064
 0 0.641064
 0 0.641081
 0 0.641081
 0 0.641081
 0 0.641081
 0 0.641081
 0 0.641085
 0 0.641097
 0 0.641131
 0 0.641131
 0 0.641212
 0 0.641212
 0 0.641225
 0 0.641374
 0 0.641378
 0 0.641378
 0 0.641393
 0 0.641393
 0 0.641394
 0 0.641407
 0 0.641442
 0 0.641443
 0 0.641443
 0 0.641443
 0 0.641445
 0 0.641449
 0 0.641477
 0 0.641479
 0 0.641479
 0 0.641479
 0 0.641489
 0 0.64149
 0 0.64149
 0 0.641531
 0 0.641531
 0 0.641636
 0 0.641637
 0 0.641643
 0 0.641658
 0 0.641659
 0 0.641737
 0 0.641737
 0 0.64183
 0 0.64183
 0 0.641831
 0 0.641849
 0 0.64185
 0 0.641855
 0 0.641855
 0 0.641887
 0 0.641889
 0 0.64189
 0 0.64197
 0 0.64197
 0 0.641987
 0 0.641987
 0 0.641989
 0 0.642013
 0 0.642033
 0 0.642079
 0 0.642086
 0 0.642088
 0 0.64209
 0 0.642124
 0 0.642125
 0 0.642163
 0 0.642165
 0 0.642166
 0 0.642179
 0 0.642184
 0 0.642284
 0 0.642285
 0 0.6423
 0 0.6423
 0 0.6423
 0 0.6423
 0 0.642463
 0 0.642463
 0 0.642486
 0 0.642488
 0 0.642499
 0 0.642539
 0 0.642617
 0 0.642686
 0 0.642686
 0 0.642687
 0 0.642687
 0 0.64278
 0 0.642855
 0 0.642863
 0 0.642865
 0 0.642865
 0 0.642902
 0 0.642909
 0 0.642911
 0 0.6431
 0 0.643101
 0 0.643147
 0 0.643148
 0 0.643262
 0 0.643288
 0 0.643288
 0 0.643328
 0 0.643329
 0 0.64337
 0 0.64337
 0 0.643559
 0 0.643559
 0 0.643559
 0 0.6436
 0 0.643666
 0 0.643667
 0 0.643667
 0 0.643712
 0 0.64388
 0 0.64388
 0 0.64388
 0 0.643968
 0 0.64397
 0 0.644008
 0 0.644008
 0 0.64401
 0 0.644011
 0 0.644011
 0 0.644035
 0 0.644095
 0 0.644095
 0 0.644127
 0 0.644127
 0 0.64413
 0 0.644152
 0 0.644191
 0 0.644212
 0 0.644227
 0 0.644281
 0 0.644282
 0 0.644282
 0 0.644282
 0 0.644312
 0 0.644312
 0 0.64435
 0 0.644382
 0 0.644383
 0 0.644558
 0 0.6446
 0 0.6446
 0 0.644711
 0 0.644832
 0 0.644865
 0 0.644865
 0 0.64488
 0 0.64488
 0 0.644945
 0 0.644946
 0 0.644971
 0 0.644972
 0 0.644973
 0 0.644974
 0 0.644974
 0 0.645021
 0 0.645028
 0 0.645058
 0 0.645058
 0 0.64506
 0 0.645061
 0 0.645252
 0 0.645252
 0 0.645252
 0 0.645252
 0 0.645275
 0 0.645276
 0 0.645314
 0 0.645314
 0 0.645363
 0 0.645363
 0 0.64541
 0 0.645459
 0 0.645459
 0 0.645487
 0 0.645542
 0 0.645638
 0 0.645747
 0 0.645748
 0 0.645767
 0 0.645769
 0 0.64577
 0 0.645771
 0 0.645822
 0 0.645858
 0 0.645859
 0 0.645896
 0 0.645896
 0 0.645896
 0 0.645909
 0 0.645924
 0 0.645938
 0 0.645974
 0 0.646016
 0 0.6462
 0 0.646223
 0 0.646224
 0 0.646235
 0 0.646236
 0 0.646238
 0 0.646253
 0 0.646253
 0 0.646307
 0 0.646307
 0 0.646414
 0 0.646551
 0 0.646551
 0 0.646768
 0 0.646768
 0 0.646791
 0 0.646808
 0 0.646965
 0 0.646966
 0 0.647013
 0 0.647014
 0 0.647014
 0 0.647067
 0 0.647068
 0 0.647132
 0 0.647132
 0 0.647288
 0 0.647289
 0 0.64729
 0 0.647637
 0 0.647864
 0 0.647985
 0 0.648053
 0 0.648208
 0 0.648208
 0 0.648347
 0 0.64842
 0 0.64842
 0 0.64842
 0 0.648555
 0 0.648751
 0 0.648761
 0 0.648811
 0 0.64899
 0 0.649045
 0 0.649045
 0 0.649123
 0 0.649144
 0 0.649145
 0 0.649175
 0 0.649178
 0 0.64918
 0 0.64918
 0 0.649431
 0 0.649486
 0 0.649486
 0 0.649487
 0 0.649487
 0 0.649527
 0 0.649527
 0 0.649594
 0 0.650003
 0 0.651148
 0 0.651664
 0 0.651729
 0 0.651731
 0 0.652063
 0 0.652128
 0 inf
