 0 0.626493
 0 0.626494
 0 0.626752
 0 0.626753
 0 0.626872
 0 0.627093
 0 0.627511
 0 0.627565
 0 0.627565
 0 0.627566
 0 0.627566
 0 0.627688
 0 0.627689
 0 0.627689
 0 0.627689
 0 0.62769
 0 0.62769
 0 0.627873
 0 0.627987
 0 0.627988
 0 0.628082
 0 0.628083
 0 0.628083
 0 0.628083
 0 0.628263
 0 0.628486
 0 0.628486
 0 0.628565
 0 0.628652
 0 0.62878
 0 0.628792
 0 0.628792
 0 0.628896
 0 0.629051
 0 0.629198
 0 0.629299
 0 0.629302
 0 0.629308
 0 0.629309
 0 0.629317
 0 0.629317
 0 0.629319
 0 0.629319
 0 0.62949
 0 0.629496
 0 0.629525
 0 0.629526
 0 0.62956
 0 0.62975
 0 0.62975
 0 0.62975
 0 0.629776
 0 0.629777
 0 0.629777
 0 0.629777
 0 0.629777
 0 0.629808
 0 0.629808
 0 0.629811
 0 0.629811
 0 0.629902
 0 0.629902
 0 0.629974
 0 0.629975
 0 0.630055
 0 0.630244
 0 0.630246
 0 0.630246
 0 0.630246
 0 0.630264
 0 0.630287
 0 0.630287
 0 0.630287
 0 0.630287
 0 0.63033
 0 0.630334
 0 0.630339
 0 0.630442
 0 0.630442
 0 0.630462
 0 0.630465
 0 0.630496
 0 0.630498
 0 0.630499
 0 0.6305
 0 0.630502
 0 0.630521
 0 0.630521
 0 0.630634
 0 0.630651
 0 0.630668
 0 0.630684
 0 0.630684
 0 0.630684
 0 0.630735
 0 0.630735
 0 0.630772
 0 0.63082
 0 0.630824
 0 0.630837
 0 0.630852
 0 0.630861
 0 0.630861
 0 0.630874
 0 0.630876
 0 0.630888
 0 0.630888
 0 0.630934
 0 0.630934
 0 0.630935
 0 0.630981
 0 0.631003
 0 0.631039
 0 0.631053
 0 0.631054
 0 0.631054
 0 0.631054
 0 0.631058
 0 0.631058
 0 0.631059
 0 0.631059
 0 0.631059
 0 0.63106
 0 0.63106
 0 0.63107
 0 0.631101
 0 0.631103
 0 0.631114
 0 0.631118
 0 0.631135
 0 0.631136
 0 0.631141
 0 0.631219
 0 0.63122
 0 0.63123
 0 0.631231
 0 0.631239
 0 0.631281
 0 0.631281
 0 0.631281
 0 0.631299
 0 0.631306
 0 0.631319
 0 0.63132
 0 0.631322
 0 0.631323
 0 0.631324
 0 0.631325
 0 0.631326
 0 0.631326
 0 0.631347
 0 0.631348
 0 0.631349
 0 0.631349
 0 0.631365
 0 0.631376
 0 0.63138
 0 0.631381
 0 0.631386
 0 0.631386
 0 0.631386
 0 0.631388
 0 0.631393
 0 0.631395
 0 0.63142
 0 0.63142
 0 0.631422
 0 0.631424
 0 0.631424
 0 0.631424
 0 0.631436
 0 0.63144
 0 0.631441
 0 0.631441
 0 0.631444
 0 0.631473
 0 0.631473
 0 0.631475
 0 0.631475
 0 0.631475
 0 0.631475
 0 0.631475
 0 0.631479
 0 0.631479
 0 0.631483
 0 0.631494
 0 0.631494
 0 0.631494
 0 0.631495
 0 0.631495
 0 0.631519
 0 0.631519
 0 0.63152
 0 0.631552
 0 0.631574
 0 0.631576
 0 0.631577
 0 0.63158
 0 0.63158
 0 0.631581
 0 0.631584
 0 0.631584
 0 0.631586
 0 0.631586
 0 0.631587
 0 0.63159
 0 0.631647
 0 0.631647
 0 0.631666
 0 0.631666
 0 0.631667
 0 0.631685
 0 0.631697
 0 0.631697
 0 0.631709
 0 0.631709
 0 0.631711
 0 0.631711
 0 0.631711
 0 0.631711
 0 0.631712
 0 0.631738
 0 0.631738
 0 0.631756
 0 0.631756
 0 0.631756
 0 0.631757
 0 0.631759
 0 0.631759
 0 0.631787
 0 0.631799
 0 0.631799
 0 0.631803
 0 0.631805
 0 0.631806
 0 0.63181
 0 0.63181
 0 0.63181
 0 0.63181
 0 0.631814
 0 0.631814
 0 0.631831
 0 0.631831
 0 0.63185
 0 0.631851
 0 0.631851
 0 0.631852
 0 0.631859
 0 0.631905
 0 0.631905
 0 0.631932
 0 0.631949
 0 0.631955
 0 0.631956
 0 0.631958
 0 0.631958
 0 0.631958
 0 0.631963
 0 0.631964
 0 0.631971
 0 0.631971
 0 0.631973
 0 0.631976
 0 0.631977
 0 0.631977
 0 0.63198
 0 0.631993
 0 0.632004
 0 0.632035
 0 0.632036
 0 0.632036
 0 0.632058
 0 0.632059
 0 0.632059
 0 0.632062
 0 0.632062
 0 0.632063
 0 0.632064
 0 0.632064
 0 0.632064
 0 0.632079
 0 0.632079
 0 0.63208
 0 0.632081
 0 0.632081
 0 0.632086
 0 0.632096
 0 0.632096
 0 0.632096
 0 0.632103
 0 0.632108
 0 0.632109
 0 0.632112
 0 0.632112
 0 0.632112
 0 0.632112
 0 0.632112
 0 0.632134
 0 0.632134
 0 0.632155
 0 0.632155
 0 0.632155
 0 0.632155
 0 0.632155
 0 0.632156
 0 0.632157
 0 0.632163
 0 0.632163
 0 0.632168
 0 0.632207
 0 0.632225
 0 0.632225
 0 0.632226
 0 0.632227
 0 0.632231
 0 0.632235
 0 0.632235
 0 0.632236
 0 0.632236
 0 0.632237
 0 0.632237
 0 0.632263
 0 0.632267
 0 0.632277
 0 0.632278
 0 0.632278
 0 0.632285
 0 0.632285
 0 0.632287
 0 0.632289
 0 0.632313
 0 0.632317
 0 0.632317
 0 0.632323
 0 0.632323
 0 0.632326
 0 0.63233
 0 0.632349
 0 0.632349
 0 0.632352
 0 0.632352
 0 0.632352
 0 0.632352
 0 0.632352
 0 0.632361
 0 0.632362
 0 0.632378
 0 0.63238
 0 0.632381
 0 0.632402
 0 0.632418
 0 0.63242
 0 0.632425
 0 0.632428
 0 0.63244
 0 0.632443
 0 0.632445
 0 0.632445
 0 0.632445
 0 0.632446
 0 0.632446
 0 0.63245
 0 0.63245
 0 0.63245
 0 0.632479
 0 0.632483
 0 0.632483
 0 0.632483
 0 0.63249
 0 0.632502
 0 0.632502
 0 0.632502
 0 0.632509
 0 0.632509
 0 0.63252
 0 0.63252
 0 0.632521
 0 0.632522
 0 0.632522
 0 0.632522
 0 0.632527
 0 0.632528
 0 0.632528
 0 0.632529
 0 0.63253
 0 0.632532
 0 0.632532
 0 0.632532
 0 0.632533
 0 0.632539
 0 0.632539
 0 0.63255
 0 0.63255
 0 0.632558
 0 0.632558
 0 0.632561
 0 0.632562
 0 0.632563
 0 0.632566
 0 0.632567
 0 0.632572
 0 0.632573
 0 0.632578
 0 0.632582
 0 0.632582
 0 0.632591
 0 0.632595
 0 0.632596
 0 0.632596
 0 0.632596
 0 0.632597
 0 0.632598
 0 0.632598
 0 0.632634
 0 0.632635
 0 0.632673
 0 0.632674
 0 0.632674
 0 0.632682
 0 0.632682
 0 0.632682
 0 0.6327
 0 0.6327
 0 0.6327
 0 0.632712
 0 0.632716
 0 0.632719
 0 0.632725
 0 0.632725
 0 0.632725
 0 0.632729
 0 0.632729
 0 0.632729
 0 0.632729
 0 0.632734
 0 0.632736
 0 0.632736
 0 0.63275
 0 0.632759
 0 0.632759
 0 0.63276
 0 0.632762
 0 0.632763
 0 0.632777
 0 0.632788
 0 0.632804
 0 0.632824
 0 0.632835
 0 0.632836
 0 0.632836
 0 0.632849
 0 0.63285
 0 0.632863
 0 0.632864
 0 0.632868
 0 0.632868
 0 0.632868
 0 0.632871
 0 0.632871
 0 0.632872
 0 0.632876
 0 0.632876
 0 0.632881
 0 0.632882
 0 0.632883
 0 0.632885
 0 0.632885
 0 0.632885
 0 0.632885
 0 0.632886
 0 0.632886
 0 0.632893
 0 0.632896
 0 0.632896
 0 0.632896
 0 0.632896
 0 0.632899
 0 0.632905
 0 0.632905
 0 0.632906
 0 0.632912
 0 0.632913
 0 0.632913
 0 0.632913
 0 0.632914
 0 0.632914
 0 0.632915
 0 0.632919
 0 0.632919
 0 0.632919
 0 0.63292
 0 0.63292
 0 0.63292
 0 0.632921
 0 0.632962
 0 0.632963
 0 0.632972
 0 0.632972
 0 0.632972
 0 0.63298
 0 0.63298
 0 0.632981
 0 0.632981
 0 0.632988
 0 0.632988
 0 0.632992
 0 0.632994
 0 0.632994
 0 0.632996
 0 0.632996
 0 0.633006
 0 0.633013
 0 0.633014
 0 0.633014
 0 0.633014
 0 0.633015
 0 0.633015
 0 0.633017
 0 0.633017
 0 0.633017
 0 0.633017
 0 0.63302
 0 0.63302
 0 0.633037
 0 0.633037
 0 0.633037
 0 0.63304
 0 0.633041
 0 0.633041
 0 0.633041
 0 0.633043
 0 0.633047
 0 0.633053
 0 0.633053
 0 0.633054
 0 0.633059
 0 0.633061
 0 0.633064
 0 0.633083
 0 0.633083
 0 0.633091
 0 0.633091
 0 0.633092
 0 0.633093
 0 0.633093
 0 0.633096
 0 0.633101
 0 0.633106
 0 0.633119
 0 0.63312
 0 0.633128
 0 0.633129
 0 0.633129
 0 0.633129
 0 0.63313
 0 0.63313
 0 0.63313
 0 0.63313
 0 0.633133
 0 0.633139
 0 0.633141
 0 0.633141
 0 0.63315
 0 0.633152
 0 0.633153
 0 0.633154
 0 0.63318
 0 0.63318
 0 0.633181
 0 0.633181
 0 0.633181
 0 0.633182
 0 0.633196
 0 0.633205
 0 0.633205
 0 0.633205
 0 0.633212
 0 0.633212
 0 0.633212
 0 0.633213
 0 0.633219
 0 0.633219
 0 0.63322
 0 0.633224
 0 0.633225
 0 0.633226
 0 0.633227
 0 0.633228
 0 0.633231
 0 0.633233
 0 0.633233
 0 0.633237
 0 0.633238
 0 0.633243
 0 0.633248
 0 0.633255
 0 0.633263
 0 0.633272
 0 0.633272
 0 0.633272
 0 0.633272
 0 0.633272
 0 0.633272
 0 0.633272
 0 0.633274
 0 0.633282
 0 0.633282
 0 0.633297
 0 0.633298
 0 0.633305
 0 0.633306
 0 0.633309
 0 0.633309
 0 0.63331
 0 0.633313
 0 0.633316
 0 0.633316
 0 0.633317
 0 0.63332
 0 0.633321
 0 0.633329
 0 0.633329
 0 0.633329
 0 0.633331
 0 0.633331
 0 0.633334
 0 0.633342
 0 0.633345
 0 0.633345
 0 0.63336
 0 0.633376
 0 0.633376
 0 0.633376
 0 0.633377
 0 0.633388
 0 0.633389
 0 0.633394
 0 0.633394
 0 0.633411
 0 0.633411
 0 0.633411
 0 0.633433
 0 0.633433
 0 0.633434
 0 0.633438
 0 0.633442
 0 0.633443
 0 0.633452
 0 0.633452
 0 0.633452
 0 0.633452
 0 0.633452
 0 0.633452
 0 0.633452
 0 0.633453
 0 0.633489
 0 0.63349
 0 0.63349
 0 0.63349
 0 0.633499
 0 0.633502
 0 0.633503
 0 0.633503
 0 0.633508
 0 0.633508
 0 0.633508
 0 0.633517
 0 0.633518
 0 0.633518
 0 0.633519
 0 0.633519
 0 0.633519
 0 0.633519
 0 0.63352
 0 0.63352
 0 0.633521
 0 0.633523
 0 0.633525
 0 0.633525
 0 0.633526
 0 0.633526
 0 0.633527
 0 0.633527
 0 0.63353
 0 0.633533
 0 0.633533
 0 0.633533
 0 0.633534
 0 0.633549
 0 0.633591
 0 0.633597
 0 0.633604
 0 0.633604
 0 0.633608
 0 0.633623
 0 0.633633
 0 0.633634
 0 0.633634
 0 0.633634
 0 0.633641
 0 0.633643
 0 0.633644
 0 0.633644
 0 0.633646
 0 0.633647
 0 0.63366
 0 0.63366
 0 0.633676
 0 0.633676
 0 0.633682
 0 0.633683
 0 0.633684
 0 0.633694
 0 0.633694
 0 0.633696
 0 0.633696
 0 0.633696
 0 0.633696
 0 0.633696
 0 0.633701
 0 0.633701
 0 0.633702
 0 0.633708
 0 0.633709
 0 0.633709
 0 0.63371
 0 0.633715
 0 0.633722
 0 0.633722
 0 0.633722
 0 0.633724
 0 0.633724
 0 0.633726
 0 0.633726
 0 0.633735
 0 0.633736
 0 0.633736
 0 0.633736
 0 0.633741
 0 0.633758
 0 0.633759
 0 0.63376
 0 0.633767
 0 0.633775
 0 0.633776
 0 0.633791
 0 0.633792
 0 0.6338
 0 0.6338
 0 0.633803
 0 0.633809
 0 0.633809
 0 0.633818
 0 0.633818
 0 0.633819
 0 0.633827
 0 0.633827
 0 0.633827
 0 0.63383
 0 0.633841
 0 0.633841
 0 0.633841
 0 0.633847
 0 0.633847
 0 0.633849
 0 0.633852
 0 0.633854
 0 0.633854
 0 0.633854
 0 0.633854
 0 0.633854
 0 0.63386
 0 0.633872
 0 0.633873
 0 0.633885
 0 0.633887
 0 0.633887
 0 0.6339
 0 0.6339
 0 0.633901
 0 0.633903
 0 0.633904
 0 0.633909
 0 0.633909
 0 0.633919
 0 0.633923
 0 0.633924
 0 0.633942
 0 0.633951
 0 0.63396
 0 0.63396
 0 0.63396
 0 0.63396
 0 0.633961
 0 0.633973
 0 0.633973
 0 0.633974
 0 0.633975
 0 0.633975
 0 0.633976
 0 0.633976
 0 0.633976
 0 0.634001
 0 0.634001
 0 0.634002
 0 0.634002
 0 0.63401
 0 0.63402
 0 0.63402
 0 0.634021
 0 0.634021
 0 0.634021
 0 0.634022
 0 0.634022
 0 0.634027
 0 0.63403
 0 0.634035
 0 0.634035
 0 0.634036
 0 0.634036
 0 0.634036
 0 0.634037
 0 0.634038
 0 0.63404
 0 0.63404
 0 0.634041
 0 0.634048
 0 0.634048
 0 0.634062
 0 0.634064
 0 0.634064
 0 0.634067
 0 0.634067
 0 0.634067
 0 0.634067
 0 0.634067
 0 0.634074
 0 0.63408
 0 0.634082
 0 0.634082
 0 0.634106
 0 0.634106
 0 0.634112
 0 0.634112
 0 0.634118
 0 0.634122
 0 0.634127
 0 0.634128
 0 0.634129
 0 0.63413
 0 0.634133
 0 0.634134
 0 0.634151
 0 0.634152
 0 0.634152
 0 0.634153
 0 0.634153
 0 0.634164
 0 0.634165
 0 0.634171
 0 0.634174
 0 0.634181
 0 0.634183
 0 0.634183
 0 0.634185
 0 0.634188
 0 0.63419
 0 0.634198
 0 0.634199
 0 0.634199
 0 0.6342
 0 0.6342
 0 0.634209
 0 0.634221
 0 0.634221
 0 0.634221
 0 0.634222
 0 0.634233
 0 0.634234
 0 0.634234
 0 0.634234
 0 0.634234
 0 0.634234
 0 0.63424
 0 0.634241
 0 0.634247
 0 0.634264
 0 0.634265
 0 0.6343
 0 0.6343
 0 0.634315
 0 0.634317
 0 0.634317
 0 0.634321
 0 0.634321
 0 0.634333
 0 0.634334
 0 0.634334
 0 0.634334
 0 0.634341
 0 0.634342
 0 0.634367
 0 0.634368
 0 0.634374
 0 0.634376
 0 0.634376
 0 0.634383
 0 0.634384
 0 0.63439
 0 0.634394
 0 0.634394
 0 0.634394
 0 0.634396
 0 0.634396
 0 0.634396
 0 0.634396
 0 0.634408
 0 0.634408
 0 0.634432
 0 0.634433
 0 0.634449
 0 0.634449
 0 0.634456
 0 0.634462
 0 0.634462
 0 0.634467
 0 0.634467
 0 0.634478
 0 0.63449
 0 0.634493
 0 0.634493
 0 0.634494
 0 0.634502
 0 0.634502
 0 0.634503
 0 0.634516
 0 0.634516
 0 0.634516
 0 0.634519
 0 0.634519
 0 0.63454
 0 0.63454
 0 0.63454
 0 0.63454
 0 0.63454
 0 0.63454
 0 0.634547
 0 0.634556
 0 0.634556
 0 0.634556
 0 0.634556
 0 0.634556
 0 0.634569
 0 0.63457
 0 0.634571
 0 0.634572
 0 0.634575
 0 0.634575
 0 0.634578
 0 0.634579
 0 0.63458
 0 0.634594
 0 0.634594
 0 0.634603
 0 0.634604
 0 0.634604
 0 0.634604
 0 0.634608
 0 0.63461
 0 0.63461
 0 0.63463
 0 0.634631
 0 0.634631
 0 0.634632
 0 0.63465
 0 0.63465
 0 0.63465
 0 0.634663
 0 0.634664
 0 0.634668
 0 0.634668
 0 0.634668
 0 0.634668
 0 0.634669
 0 0.634669
 0 0.634669
 0 0.634669
 0 0.634669
 0 0.634677
 0 0.634677
 0 0.634684
 0 0.634686
 0 0.634692
 0 0.634693
 0 0.634694
 0 0.634703
 0 0.634711
 0 0.634711
 0 0.634711
 0 0.634712
 0 0.634712
 0 0.634714
 0 0.634714
 0 0.634719
 0 0.63472
 0 0.634728
 0 0.634732
 0 0.634737
 0 0.634738
 0 0.634749
 0 0.634749
 0 0.63475
 0 0.63476
 0 0.634761
 0 0.634761
 0 0.634763
 0 0.634763
 0 0.634764
 0 0.634767
 0 0.634768
 0 0.634768
 0 0.634768
 0 0.634781
 0 0.634782
 0 0.634795
 0 0.634798
 0 0.634799
 0 0.634802
 0 0.634803
 0 0.634808
 0 0.634811
 0 0.634811
 0 0.634836
 0 0.634839
 0 0.63484
 0 0.63484
 0 0.634848
 0 0.634848
 0 0.634871
 0 0.63488
 0 0.63488
 0 0.634889
 0 0.63491
 0 0.634912
 0 0.634925
 0 0.634925
 0 0.634926
 0 0.634926
 0 0.634927
 0 0.634934
 0 0.634935
 0 0.634935
 0 0.634938
 0 0.634938
 0 0.634944
 0 0.634944
 0 0.634951
 0 0.634951
 0 0.634958
 0 0.634959
 0 0.634984
 0 0.634984
 0 0.634984
 0 0.635003
 0 0.635003
 0 0.635007
 0 0.635007
 0 0.635007
 0 0.635007
 0 0.635011
 0 0.635016
 0 0.635016
 0 0.63502
 0 0.635026
 0 0.635026
 0 0.635038
 0 0.635039
 0 0.63504
 0 0.635044
 0 0.635044
 0 0.635044
 0 0.635044
 0 0.635057
 0 0.635057
 0 0.635059
 0 0.635059
 0 0.635065
 0 0.635065
 0 0.635067
 0 0.635067
 0 0.635067
 0 0.635107
 0 0.635107
 0 0.635108
 0 0.63511
 0 0.635111
 0 0.635113
 0 0.635113
 0 0.635113
 0 0.635117
 0 0.635122
 0 0.635138
 0 0.635139
 0 0.635139
 0 0.635139
 0 0.635147
 0 0.635148
 0 0.635148
 0 0.635164
 0 0.635167
 0 0.635168
 0 0.635168
 0 0.635168
 0 0.635173
 0 0.635173
 0 0.635173
 0 0.635178
 0 0.635179
 0 0.63518
 0 0.63518
 0 0.635184
 0 0.635185
 0 0.635186
 0 0.635187
 0 0.635192
 0 0.635197
 0 0.635197
 0 0.635198
 0 0.6352
 0 0.6352
 0 0.6352
 0 0.635201
 0 0.635201
 0 0.635202
 0 0.635205
 0 0.635205
 0 0.635206
 0 0.635206
 0 0.635206
 0 0.635206
 0 0.635206
 0 0.635214
 0 0.635214
 0 0.635221
 0 0.635221
 0 0.635237
 0 0.635248
 0 0.63525
 0 0.63525
 0 0.63525
 0 0.635253
 0 0.635268
 0 0.635268
 0 0.635274
 0 0.635275
 0 0.635275
 0 0.635275
 0 0.635298
 0 0.635298
 0 0.635314
 0 0.635328
 0 0.635329
 0 0.635334
 0 0.635335
 0 0.635336
 0 0.635336
 0 0.635339
 0 0.635349
 0 0.635349
 0 0.63535
 0 0.63535
 0 0.63535
 0 0.635363
 0 0.635368
 0 0.635369
 0 0.635369
 0 0.635374
 0 0.635376
 0 0.635378
 0 0.635378
 0 0.635379
 0 0.635379
 0 0.63538
 0 0.63538
 0 0.635386
 0 0.635402
 0 0.635413
 0 0.635422
 0 0.635423
 0 0.635423
 0 0.635423
 0 0.635436
 0 0.635436
 0 0.635436
 0 0.635437
 0 0.635451
 0 0.635466
 0 0.63548
 0 0.63548
 0 0.635491
 0 0.635491
 0 0.635497
 0 0.635505
 0 0.635506
 0 0.635536
 0 0.635538
 0 0.635539
 0 0.635539
 0 0.635541
 0 0.63558
 0 0.63558
 0 0.63558
 0 0.63558
 0 0.635584
 0 0.635596
 0 0.63562
 0 0.63562
 0 0.635629
 0 0.635629
 0 0.63563
 0 0.635636
 0 0.635641
 0 0.635663
 0 0.635663
 0 0.635673
 0 0.635674
 0 0.635674
 0 0.635674
 0 0.635681
 0 0.635682
 0 0.635686
 0 0.635686
 0 0.635686
 0 0.635686
 0 0.635702
 0 0.635704
 0 0.635724
 0 0.635746
 0 0.635747
 0 0.635748
 0 0.635759
 0 0.635802
 0 0.635802
 0 0.635809
 0 0.635809
 0 0.635822
 0 0.635822
 0 0.635826
 0 0.635826
 0 0.635827
 0 0.635827
 0 0.635827
 0 0.635831
 0 0.635832
 0 0.635832
 0 0.635834
 0 0.635863
 0 0.635889
 0 0.635889
 0 0.63589
 0 0.635891
 0 0.635891
 0 0.635897
 0 0.635907
 0 0.635928
 0 0.635928
 0 0.635945
 0 0.635956
 0 0.635964
 0 0.635964
 0 0.635964
 0 0.635964
 0 0.635985
 0 0.635985
 0 0.635989
 0 0.635992
 0 0.635995
 0 0.635996
 0 0.63601
 0 0.636011
 0 0.636021
 0 0.63603
 0 0.63603
 0 0.63603
 0 0.63603
 0 0.636048
 0 0.636048
 0 0.636082
 0 0.636084
 0 0.636084
 0 0.636085
 0 0.636092
 0 0.636092
 0 0.636092
 0 0.636095
 0 0.636096
 0 0.636122
 0 0.636122
 0 0.636152
 0 0.636152
 0 0.636152
 0 0.63616
 0 0.63616
 0 0.636162
 0 0.636193
 0 0.636203
 0 0.636203
 0 0.636212
 0 0.636213
 0 0.636214
 0 0.636214
 0 0.636215
 0 0.636215
 0 0.636221
 0 0.636227
 0 0.636228
 0 0.63623
 0 0.636239
 0 0.636239
 0 0.636246
 0 0.636246
 0 0.636246
 0 0.636246
 0 0.636246
 0 0.636248
 0 0.63628
 0 0.636282
 0 0.636285
 0 0.636312
 0 0.636312
 0 0.636312
 0 0.636322
 0 0.636329
 0 0.636331
 0 0.636351
 0 0.636365
 0 0.636379
 0 0.636379
 0 0.636384
 0 0.636397
 0 0.636417
 0 0.63643
 0 0.636443
 0 0.636443
 0 0.636444
 0 0.636447
 0 0.636471
 0 0.636472
 0 0.636474
 0 0.636474
 0 0.636517
 0 0.63653
 0 0.63653
 0 0.63653
 0 0.636578
 0 0.636578
 0 0.63658
 0 0.63658
 0 0.636583
 0 0.63662
 0 0.636621
 0 0.636621
 0 0.636621
 0 0.636621
 0 0.636625
 0 0.636625
 0 0.636633
 0 0.636633
 0 0.636636
 0 0.636636
 0 0.636637
 0 0.636651
 0 0.636658
 0 0.636659
 0 0.636659
 0 0.636664
 0 0.636668
 0 0.636668
 0 0.636674
 0 0.636687
 0 0.636687
 0 0.636692
 0 0.636692
 0 0.636694
 0 0.636715
 0 0.636715
 0 0.636718
 0 0.636718
 0 0.636718
 0 0.636815
 0 0.636815
 0 0.636816
 0 0.636816
 0 0.636817
 0 0.63682
 0 0.636821
 0 0.636833
 0 0.636862
 0 0.636862
 0 0.636872
 0 0.636884
 0 0.636886
 0 0.636886
 0 0.636886
 0 0.636895
 0 0.636896
 0 0.636907
 0 0.636907
 0 0.636907
 0 0.636907
 0 0.636918
 0 0.636918
 0 0.63693
 0 0.636932
 0 0.636934
 0 0.636965
 0 0.636965
 0 0.636967
 0 0.636967
 0 0.636978
 0 0.636978
 0 0.636978
 0 0.637013
 0 0.637013
 0 0.637014
 0 0.637027
 0 0.637027
 0 0.637027
 0 0.637082
 0 0.637133
 0 0.637133
 0 0.637154
 0 0.637158
 0 0.637172
 0 0.637189
 0 0.63719
 0 0.637232
 0 0.637233
 0 0.637233
 0 0.637234
 0 0.637261
 0 0.637261
 0 0.637301
 0 0.637311
 0 0.637314
 0 0.637344
 0 0.637408
 0 0.637451
 0 0.637453
 0 0.637462
 0 0.637474
 0 0.637485
 0 0.637486
 0 0.637514
 0 0.637515
 0 0.637534
 0 0.637571
 0 0.63758
 0 0.63758
 0 0.63758
 0 0.637605
 0 0.63763
 0 0.637706
 0 0.637706
 0 0.637707
 0 0.637708
 0 0.637728
 0 0.637807
 0 0.637807
 0 0.637844
 0 0.637857
 0 0.63786
 0 0.63786
 0 0.63786
 0 0.637905
 0 0.637916
 0 0.637917
 0 0.637954
 0 0.638038
 0 0.638079
 0 0.638079
 0 0.638102
 0 0.638108
 0 0.638108
 0 0.638125
 0 0.638152
 0 0.638152
 0 0.638152
 0 0.638205
 0 0.638205
 0 0.638312
 0 0.638365
 0 0.638396
 0 0.638396
 0 0.638405
 0 0.638406
 0 0.638406
 0 0.638406
 0 0.638453
 0 0.638453
 0 0.638453
 0 0.63854
 0 0.638541
 0 0.638541
 0 0.638541
 0 0.638541
 0 0.638653
 0 0.638721
 0 0.638722
 0 0.638722
 0 0.638732
 0 0.638732
 0 0.638732
 0 0.638733
 0 0.638785
 0 0.638819
 0 0.638931
 0 0.638933
 0 0.639015
 0 0.639017
 0 0.639028
 0 0.639029
 0 0.639081
 0 0.639081
 0 0.639081
 0 0.63917
 0 0.639194
 0 0.639195
 0 0.639254
 0 0.639308
 0 0.639465
 0 0.63949
 0 0.639921
 0 0.639923
 0 0.639971
 0 0.639972
 0 0.640033
 0 0.64006
 0 0.64006
 0 0.640336
 0 0.64042
 0 0.640556
 0 0.640556
 0 0.640557
 0 0.640557
 0 0.640558
 0 0.640694
 0 0.640695
 0 0.6407
 0 0.641304
 0 0.641362
 0 0.641362
 0 0.641362
 0 0.641689
 0 inf
