 0 0.485767
 0 0.486605
 0 0.486665
 0 0.486666
 0 0.486667
 0 0.486667
 0 0.491077
 0 0.491077
 0 0.491077
 0 0.491959
 0 0.492384
 0 0.492384
 0 0.610463
 0 0.610463
 0 0.610463
 0 0.610463
 0 0.610463
 0 0.611208
 0 0.616297
 0 0.616298
 0 0.616753
 0 0.616753
 0 0.616753
 0 0.616754
 0 0.61784
 0 0.61784
 0 0.618509
 0 0.618525
 0 0.618525
 0 0.618526
 0 0.618526
 0 0.618575
 0 0.618575
 0 0.618575
 0 0.619077
 0 0.619077
 0 0.619166
 0 0.619166
 0 0.619264
 0 0.619265
 0 0.619266
 0 0.619452
 0 0.619452
 0 0.619452
 0 0.619452
 0 0.619745
 0 0.619745
 0 0.619777
 0 0.619924
 0 0.619949
 0 0.61995
 0 0.619951
 0 0.619956
 0 0.619956
 0 0.619956
 0 0.619956
 0 0.620253
 0 0.620482
 0 0.620482
 0 0.620559
 0 0.620559
 0 0.62056
 0 0.620578
 0 0.620578
 0 0.620579
 0 0.620579
 0 0.62059
 0 0.620957
 0 0.621315
 0 0.621315
 0 0.621922
 0 0.621923
 0 0.621962
 0 0.621962
 0 0.622107
 0 0.622107
 0 0.622107
 0 0.622169
 0 0.622169
 0 0.622351
 0 0.62243
 0 0.62243
 0 0.622618
 0 0.622619
 0 0.622619
 0 0.622619
 0 0.622619
 0 0.622655
 0 0.622672
 0 0.622673
 0 0.622673
 0 0.622742
 0 0.622801
 0 0.62282
 0 0.62282
 0 0.622874
 0 0.622875
 0 0.622876
 0 0.622876
 0 0.622894
 0 0.622895
 0 0.622895
 0 0.62292
 0 0.623008
 0 0.623109
 0 0.623109
 0 0.623148
 0 0.623149
 0 0.623149
 0 0.623186
 0 0.623186
 0 0.623187
 0 0.6232
 0 0.6232
 0 0.6232
 0 0.623279
 0 0.623286
 0 0.623287
 0 0.623308
 0 0.623402
 0 0.623449
 0 0.623463
 0 0.623463
 0 0.623636
 0 0.623636
 0 0.623637
 0 0.623653
 0 0.623655
 0 0.623655
 0 0.623775
 0 0.623803
 0 0.623804
 0 0.623857
 0 0.623857
 0 0.623933
 0 0.624033
 0 0.624033
 0 0.624104
 0 0.624207
 0 0.62422
 0 0.62422
 0 0.624271
 0 0.624302
 0 0.624303
 0 0.624343
 0 0.624513
 0 0.624513
 0 0.624513
 0 0.624515
 0 0.624515
 0 0.624515
 0 0.624667
 0 0.624667
 0 0.624667
 0 0.624667
 0 0.624675
 0 0.624675
 0 0.624765
 0 0.624899
 0 0.624899
 0 0.624976
 0 0.624977
 0 0.624977
 0 0.625078
 0 0.625093
 0 0.625172
 0 0.625203
 0 0.625211
 0 0.625211
 0 0.625279
 0 0.625288
 0 0.625288
 0 0.625307
 0 0.625309
 0 0.625371
 0 0.625419
 0 0.625423
 0 0.625425
 0 0.625426
 0 0.625426
 0 0.625471
 0 0.625471
 0 0.625472
 0 0.62548
 0 0.625481
 0 0.625481
 0 0.625481
 0 0.625489
 0 0.625529
 0 0.625656
 0 0.625656
 0 0.625656
 0 0.625659
 0 0.62566
 0 0.625661
 0 0.625707
 0 0.625707
 0 0.625761
 0 0.625808
 0 0.625829
 0 0.625898
 0 0.625898
 0 0.625898
 0 0.625898
 0 0.625916
 0 0.625917
 0 0.625976
 0 0.626089
 0 0.626089
 0 0.626089
 0 0.626109
 0 0.62611
 0 0.626112
 0 0.626113
 0 0.626113
 0 0.626175
 0 0.626175
 0 0.626179
 0 0.626179
 0 0.62618
 0 0.626222
 0 0.62625
 0 0.626317
 0 0.626317
 0 0.626348
 0 0.626348
 0 0.626348
 0 0.626358
 0 0.626358
 0 0.62637
 0 0.62637
 0 0.626381
 0 0.626381
 0 0.626382
 0 0.626413
 0 0.626413
 0 0.626425
 0 0.626426
 0 0.626439
 0 0.626518
 0 0.626599
 0 0.626599
 0 0.626599
 0 0.626599
 0 0.626599
 0 0.626605
 0 0.626605
 0 0.626669
 0 0.62669
 0 0.626692
 0 0.626695
 0 0.626716
 0 0.626718
 0 0.626783
 0 0.626784
 0 0.626984
 0 0.626984
 0 0.626984
 0 0.627025
 0 0.627026
 0 0.627065
 0 0.627065
 0 0.627065
 0 0.627097
 0 0.627097
 0 0.627112
 0 0.627128
 0 0.627154
 0 0.627167
 0 0.627179
 0 0.627179
 0 0.627229
 0 0.627303
 0 0.627325
 0 0.627325
 0 0.627336
 0 0.627358
 0 0.627358
 0 0.627371
 0 0.627416
 0 0.627416
 0 0.627418
 0 0.627429
 0 0.627466
 0 0.627466
 0 0.627467
 0 0.627467
 0 0.627561
 0 0.627575
 0 0.627581
 0 0.627581
 0 0.627582
 0 0.627695
 0 0.627733
 0 0.627734
 0 0.627738
 0 0.627739
 0 0.62775
 0 0.627819
 0 0.627819
 0 0.627858
 0 0.627874
 0 0.627874
 0 0.627887
 0 0.627887
 0 0.627887
 0 0.627887
 0 0.627898
 0 0.627898
 0 0.627906
 0 0.627907
 0 0.627938
 0 0.627939
 0 0.627963
 0 0.627963
 0 0.627988
 0 0.627988
 0 0.627989
 0 0.627989
 0 0.62799
 0 0.62799
 0 0.62804
 0 0.628047
 0 0.628049
 0 0.628057
 0 0.62806
 0 0.628116
 0 0.628119
 0 0.62812
 0 0.62812
 0 0.62812
 0 0.62812
 0 0.628134
 0 0.628148
 0 0.628148
 0 0.628223
 0 0.62823
 0 0.62823
 0 0.628237
 0 0.628237
 0 0.628237
 0 0.628239
 0 0.628242
 0 0.628264
 0 0.628264
 0 0.628264
 0 0.628304
 0 0.628305
 0 0.628364
 0 0.628364
 0 0.628364
 0 0.628436
 0 0.628454
 0 0.628459
 0 0.628494
 0 0.628526
 0 0.628541
 0 0.628543
 0 0.628574
 0 0.628617
 0 0.628619
 0 0.628619
 0 0.628623
 0 0.628625
 0 0.628625
 0 0.628626
 0 0.628632
 0 0.628632
 0 0.628632
 0 0.62864
 0 0.62865
 0 0.62865
 0 0.62865
 0 0.628686
 0 0.628686
 0 0.628686
 0 0.628689
 0 0.628692
 0 0.628793
 0 0.628794
 0 0.628828
 0 0.628828
 0 0.628829
 0 0.628831
 0 0.628839
 0 0.628854
 0 0.628854
 0 0.628855
 0 0.628892
 0 0.628892
 0 0.628892
 0 0.628892
 0 0.628892
 0 0.628913
 0 0.628921
 0 0.628927
 0 0.628937
 0 0.628943
 0 0.628943
 0 0.628944
 0 0.628944
 0 0.628944
 0 0.628948
 0 0.628949
 0 0.628949
 0 0.629016
 0 0.629016
 0 0.629102
 0 0.629154
 0 0.629156
 0 0.629176
 0 0.629177
 0 0.629177
 0 0.629178
 0 0.629178
 0 0.629188
 0 0.629188
 0 0.629248
 0 0.629251
 0 0.629299
 0 0.629299
 0 0.629302
 0 0.629302
 0 0.629303
 0 0.629401
 0 0.629401
 0 0.629402
 0 0.629447
 0 0.629448
 0 0.629449
 0 0.62947
 0 0.62947
 0 0.629484
 0 0.629484
 0 0.629485
 0 0.629485
 0 0.629496
 0 0.629496
 0 0.629497
 0 0.6295
 0 0.629522
 0 0.629522
 0 0.629544
 0 0.629611
 0 0.629616
 0 0.629616
 0 0.629617
 0 0.629635
 0 0.629635
 0 0.629687
 0 0.629687
 0 0.6297
 0 0.629702
 0 0.629711
 0 0.629733
 0 0.629733
 0 0.629777
 0 0.629777
 0 0.629801
 0 0.629801
 0 0.629884
 0 0.629884
 0 0.629893
 0 0.629893
 0 0.629893
 0 0.629944
 0 0.629955
 0 0.629956
 0 0.629979
 0 0.629979
 0 0.629979
 0 0.630007
 0 0.630008
 0 0.630052
 0 0.630154
 0 0.630154
 0 0.630155
 0 0.630155
 0 0.630158
 0 0.630169
 0 0.63017
 0 0.63017
 0 0.63017
 0 0.630173
 0 0.630173
 0 0.630174
 0 0.630174
 0 0.630197
 0 0.630197
 0 0.630226
 0 0.630226
 0 0.630257
 0 0.63027
 0 0.63027
 0 0.630272
 0 0.630295
 0 0.630296
 0 0.630296
 0 0.630296
 0 0.630321
 0 0.630321
 0 0.630343
 0 0.630388
 0 0.630388
 0 0.630388
 0 0.630388
 0 0.63043
 0 0.630462
 0 0.630462
 0 0.630463
 0 0.630466
 0 0.630467
 0 0.630468
 0 0.630495
 0 0.630496
 0 0.630496
 0 0.630508
 0 0.630531
 0 0.630573
 0 0.630602
 0 0.630613
 0 0.630613
 0 0.630613
 0 0.630613
 0 0.630613
 0 0.630651
 0 0.630651
 0 0.630651
 0 0.630651
 0 0.630651
 0 0.630651
 0 0.630651
 0 0.630651
 0 0.630653
 0 0.630653
 0 0.63068
 0 0.630681
 0 0.630681
 0 0.630686
 0 0.630687
 0 0.630687
 0 0.630688
 0 0.630688
 0 0.63069
 0 0.63069
 0 0.63069
 0 0.630693
 0 0.630693
 0 0.630698
 0 0.630699
 0 0.630699
 0 0.630742
 0 0.630742
 0 0.630746
 0 0.630773
 0 0.630786
 0 0.630786
 0 0.630816
 0 0.630816
 0 0.630816
 0 0.630848
 0 0.630849
 0 0.63085
 0 0.630858
 0 0.630858
 0 0.630862
 0 0.630862
 0 0.630862
 0 0.630862
 0 0.63087
 0 0.630879
 0 0.630879
 0 0.630879
 0 0.63088
 0 0.630887
 0 0.630892
 0 0.630893
 0 0.630893
 0 0.630893
 0 0.630893
 0 0.630899
 0 0.630914
 0 0.630951
 0 0.630952
 0 0.630952
 0 0.631001
 0 0.631001
 0 0.631002
 0 0.631004
 0 0.631028
 0 0.631029
 0 0.631029
 0 0.631029
 0 0.631029
 0 0.631048
 0 0.631079
 0 0.631079
 0 0.63108
 0 0.631104
 0 0.631105
 0 0.631105
 0 0.631114
 0 0.631117
 0 0.631118
 0 0.631127
 0 0.631127
 0 0.631139
 0 0.63114
 0 0.631155
 0 0.631155
 0 0.631185
 0 0.631211
 0 0.63122
 0 0.631237
 0 0.631248
 0 0.631248
 0 0.631248
 0 0.631252
 0 0.631256
 0 0.631277
 0 0.631305
 0 0.63133
 0 0.631354
 0 0.631355
 0 0.631364
 0 0.631381
 0 0.631381
 0 0.631393
 0 0.631393
 0 0.631393
 0 0.631427
 0 0.631435
 0 0.631435
 0 0.631463
 0 0.631463
 0 0.631483
 0 0.631483
 0 0.631483
 0 0.631483
 0 0.631484
 0 0.631539
 0 0.631552
 0 0.631552
 0 0.631616
 0 0.631616
 0 0.631629
 0 0.631629
 0 0.631629
 0 0.63163
 0 0.631668
 0 0.631668
 0 0.63167
 0 0.63167
 0 0.63177
 0 0.631776
 0 0.631779
 0 0.63178
 0 0.631781
 0 0.631799
 0 0.631799
 0 0.631833
 0 0.631842
 0 0.631843
 0 0.631843
 0 0.631844
 0 0.631847
 0 0.631847
 0 0.631872
 0 0.631918
 0 0.63192
 0 0.631939
 0 0.63194
 0 0.63194
 0 0.63194
 0 0.631941
 0 0.631942
 0 0.631969
 0 0.631969
 0 0.631999
 0 0.632017
 0 0.632017
 0 0.632026
 0 0.632026
 0 0.632045
 0 0.632051
 0 0.632051
 0 0.632091
 0 0.632092
 0 0.632092
 0 0.632092
 0 0.632103
 0 0.632103
 0 0.632118
 0 0.63215
 0 0.632151
 0 0.632156
 0 0.632156
 0 0.632156
 0 0.632156
 0 0.632159
 0 0.632166
 0 0.632167
 0 0.63218
 0 0.63218
 0 0.632191
 0 0.632197
 0 0.63221
 0 0.63221
 0 0.63221
 0 0.632236
 0 0.632261
 0 0.632267
 0 0.632283
 0 0.632286
 0 0.632297
 0 0.632298
 0 0.632298
 0 0.632301
 0 0.632318
 0 0.632318
 0 0.632319
 0 0.632322
 0 0.632323
 0 0.632323
 0 0.632357
 0 0.63237
 0 0.632373
 0 0.632397
 0 0.632397
 0 0.632424
 0 0.632425
 0 0.632425
 0 0.632425
 0 0.632425
 0 0.632431
 0 0.632443
 0 0.632443
 0 0.632453
 0 0.632494
 0 0.632494
 0 0.632494
 0 0.632497
 0 0.632497
 0 0.632513
 0 0.632517
 0 0.632517
 0 0.632533
 0 0.63257
 0 0.632588
 0 0.632589
 0 0.632599
 0 0.632599
 0 0.632599
 0 0.632616
 0 0.632617
 0 0.632622
 0 0.632635
 0 0.632635
 0 0.632654
 0 0.632654
 0 0.632655
 0 0.632655
 0 0.632715
 0 0.632715
 0 0.632716
 0 0.632716
 0 0.63274
 0 0.63274
 0 0.632743
 0 0.632743
 0 0.632767
 0 0.632767
 0 0.632767
 0 0.63277
 0 0.632776
 0 0.632792
 0 0.632794
 0 0.632807
 0 0.632807
 0 0.632842
 0 0.632842
 0 0.632876
 0 0.632879
 0 0.632879
 0 0.632879
 0 0.63288
 0 0.632883
 0 0.632884
 0 0.632887
 0 0.632909
 0 0.632912
 0 0.632913
 0 0.632918
 0 0.632918
 0 0.632918
 0 0.632919
 0 0.632919
 0 0.632921
 0 0.632922
 0 0.632922
 0 0.632922
 0 0.632927
 0 0.632943
 0 0.632944
 0 0.632944
 0 0.632964
 0 0.632964
 0 0.632965
 0 0.632965
 0 0.632984
 0 0.632985
 0 0.633007
 0 0.633007
 0 0.633021
 0 0.633023
 0 0.633034
 0 0.633034
 0 0.633036
 0 0.633036
 0 0.633038
 0 0.63304
 0 0.63304
 0 0.633041
 0 0.63306
 0 0.633061
 0 0.633062
 0 0.633068
 0 0.633068
 0 0.63307
 0 0.633071
 0 0.633071
 0 0.633142
 0 0.633154
 0 0.633156
 0 0.633156
 0 0.633164
 0 0.633164
 0 0.633164
 0 0.633186
 0 0.633187
 0 0.633214
 0 0.633215
 0 0.633215
 0 0.633215
 0 0.633215
 0 0.633224
 0 0.633224
 0 0.633267
 0 0.633267
 0 0.633267
 0 0.633281
 0 0.633281
 0 0.633282
 0 0.633282
 0 0.633295
 0 0.633295
 0 0.633295
 0 0.633324
 0 0.633337
 0 0.633364
 0 0.633381
 0 0.633381
 0 0.633424
 0 0.633424
 0 0.63344
 0 0.63344
 0 0.63344
 0 0.63344
 0 0.633471
 0 0.633476
 0 0.633503
 0 0.633503
 0 0.633508
 0 0.633508
 0 0.633512
 0 0.633514
 0 0.633514
 0 0.633527
 0 0.633576
 0 0.633576
 0 0.633578
 0 0.633592
 0 0.633594
 0 0.633617
 0 0.633629
 0 0.633629
 0 0.633629
 0 0.633692
 0 0.633693
 0 0.633703
 0 0.633703
 0 0.63372
 0 0.633723
 0 0.633723
 0 0.633724
 0 0.633739
 0 0.633739
 0 0.633739
 0 0.633739
 0 0.633739
 0 0.633783
 0 0.633787
 0 0.633815
 0 0.633818
 0 0.633822
 0 0.633822
 0 0.633822
 0 0.633829
 0 0.633831
 0 0.633831
 0 0.633847
 0 0.633904
 0 0.633986
 0 0.633993
 0 0.634041
 0 0.634042
 0 0.634042
 0 0.634054
 0 0.634055
 0 0.634055
 0 0.634055
 0 0.634055
 0 0.634055
 0 0.634055
 0 0.634063
 0 0.634063
 0 0.634064
 0 0.634065
 0 0.634067
 0 0.634067
 0 0.634067
 0 0.634067
 0 0.634067
 0 0.634067
 0 0.634067
 0 0.634067
 0 0.634113
 0 0.634121
 0 0.634125
 0 0.634125
 0 0.634137
 0 0.634165
 0 0.634199
 0 0.634215
 0 0.634215
 0 0.634239
 0 0.634241
 0 0.634241
 0 0.634241
 0 0.634241
 0 0.634291
 0 0.634292
 0 0.634292
 0 0.634307
 0 0.634307
 0 0.634307
 0 0.634307
 0 0.634346
 0 0.634346
 0 0.634357
 0 0.634359
 0 0.634359
 0 0.634359
 0 0.634373
 0 0.634377
 0 0.634392
 0 0.634392
 0 0.634422
 0 0.634427
 0 0.634455
 0 0.634456
 0 0.634456
 0 0.634456
 0 0.634458
 0 0.634458
 0 0.634459
 0 0.634459
 0 0.634466
 0 0.634466
 0 0.634467
 0 0.634469
 0 0.634509
 0 0.634509
 0 0.63451
 0 0.634553
 0 0.634553
 0 0.634553
 0 0.634554
 0 0.634555
 0 0.634555
 0 0.634555
 0 0.634555
 0 0.634566
 0 0.634566
 0 0.634591
 0 0.634591
 0 0.6346
 0 0.634651
 0 0.634651
 0 0.634654
 0 0.634655
 0 0.634663
 0 0.634663
 0 0.634674
 0 0.634682
 0 0.63473
 0 0.63473
 0 0.63473
 0 0.634739
 0 0.63474
 0 0.634812
 0 0.634861
 0 0.634861
 0 0.634861
 0 0.634862
 0 0.634862
 0 0.634887
 0 0.634887
 0 0.634887
 0 0.634907
 0 0.634919
 0 0.63494
 0 0.63494
 0 0.634944
 0 0.634944
 0 0.634968
 0 0.634969
 0 0.634973
 0 0.634981
 0 0.634981
 0 0.634981
 0 0.635
 0 0.635001
 0 0.635028
 0 0.635032
 0 0.635058
 0 0.635058
 0 0.635059
 0 0.635082
 0 0.635082
 0 0.635094
 0 0.63514
 0 0.635147
 0 0.635147
 0 0.635148
 0 0.635158
 0 0.635158
 0 0.63516
 0 0.635176
 0 0.63518
 0 0.635209
 0 0.635214
 0 0.635221
 0 0.635221
 0 0.635243
 0 0.635243
 0 0.635249
 0 0.635256
 0 0.635256
 0 0.635283
 0 0.635283
 0 0.635293
 0 0.635293
 0 0.635293
 0 0.635294
 0 0.635294
 0 0.635294
 0 0.635349
 0 0.635349
 0 0.635449
 0 0.635449
 0 0.635449
 0 0.63548
 0 0.63548
 0 0.635494
 0 0.635494
 0 0.635495
 0 0.635504
 0 0.635504
 0 0.635504
 0 0.635512
 0 0.635522
 0 0.635523
 0 0.635593
 0 0.635593
 0 0.635594
 0 0.635613
 0 0.635613
 0 0.635613
 0 0.635619
 0 0.635619
 0 0.635624
 0 0.635624
 0 0.635652
 0 0.635652
 0 0.635653
 0 0.635661
 0 0.635663
 0 0.635663
 0 0.635663
 0 0.635675
 0 0.635715
 0 0.635718
 0 0.635718
 0 0.635719
 0 0.635728
 0 0.635737
 0 0.635737
 0 0.6358
 0 0.6358
 0 0.635802
 0 0.635802
 0 0.635803
 0 0.635803
 0 0.635837
 0 0.635851
 0 0.635853
 0 0.635853
 0 0.635853
 0 0.635891
 0 0.635892
 0 0.635892
 0 0.635892
 0 0.635939
 0 0.635961
 0 0.635971
 0 0.635971
 0 0.636008
 0 0.636009
 0 0.636009
 0 0.636009
 0 0.636023
 0 0.636023
 0 0.636039
 0 0.636039
 0 0.636039
 0 0.636042
 0 0.636042
 0 0.636051
 0 0.636051
 0 0.636073
 0 0.636096
 0 0.636111
 0 0.636113
 0 0.636124
 0 0.636129
 0 0.636163
 0 0.636163
 0 0.636208
 0 0.636208
 0 0.636208
 0 0.636227
 0 0.63629
 0 0.636309
 0 0.63631
 0 0.636393
 0 0.636393
 0 0.636396
 0 0.636398
 0 0.63643
 0 0.636431
 0 0.636454
 0 0.636454
 0 0.636454
 0 0.636454
 0 0.636464
 0 0.636477
 0 0.636513
 0 0.636513
 0 0.636522
 0 0.636522
 0 0.636522
 0 0.636526
 0 0.636526
 0 0.636576
 0 0.636577
 0 0.636577
 0 0.636582
 0 0.636607
 0 0.636642
 0 0.636699
 0 0.636699
 0 0.6367
 0 0.6367
 0 0.636704
 0 0.636745
 0 0.636745
 0 0.636758
 0 0.636758
 0 0.636813
 0 0.636813
 0 0.636833
 0 0.636833
 0 0.636833
 0 0.636835
 0 0.63685
 0 0.63685
 0 0.636862
 0 0.636862
 0 0.636896
 0 0.636919
 0 0.636936
 0 0.636936
 0 0.636956
 0 0.637004
 0 0.637004
 0 0.63702
 0 0.63702
 0 0.63702
 0 0.637038
 0 0.63704
 0 0.637045
 0 0.637108
 0 0.637108
 0 0.637122
 0 0.637122
 0 0.637122
 0 0.637201
 0 0.637202
 0 0.637202
 0 0.637202
 0 0.637202
 0 0.637238
 0 0.637243
 0 0.637245
 0 0.637246
 0 0.637295
 0 0.637297
 0 0.637323
 0 0.637357
 0 0.637357
 0 0.637359
 0 0.63738
 0 0.637388
 0 0.637411
 0 0.637431
 0 0.637431
 0 0.637444
 0 0.637449
 0 0.637449
 0 0.637484
 0 0.637484
 0 0.63752
 0 0.637573
 0 0.637573
 0 0.637574
 0 0.637574
 0 0.637574
 0 0.637581
 0 0.637625
 0 0.637646
 0 0.637647
 0 0.637674
 0 0.637684
 0 0.637684
 0 0.637691
 0 0.637738
 0 0.637738
 0 0.63774
 0 0.63777
 0 0.637772
 0 0.637788
 0 0.637788
 0 0.637789
 0 0.637851
 0 0.637867
 0 0.637934
 0 0.637935
 0 0.637935
 0 0.637947
 0 0.637947
 0 0.637948
 0 0.637948
 0 0.637948
 0 0.63795
 0 0.637955
 0 0.637955
 0 0.637989
 0 0.637999
 0 0.638008
 0 0.638008
 0 0.638041
 0 0.638042
 0 0.638042
 0 0.638042
 0 0.638054
 0 0.638055
 0 0.638056
 0 0.638085
 0 0.63811
 0 0.63811
 0 0.638148
 0 0.638162
 0 0.638174
 0 0.638175
 0 0.638201
 0 0.638201
 0 0.638201
 0 0.638202
 0 0.638202
 0 0.638204
 0 0.638204
 0 0.638204
 0 0.638205
 0 0.638205
 0 0.638206
 0 0.638206
 0 0.638206
 0 0.638206
 0 0.63823
 0 0.638239
 0 0.638283
 0 0.638283
 0 0.638298
 0 0.638306
 0 0.638306
 0 0.638306
 0 0.638306
 0 0.638306
 0 0.638327
 0 0.638327
 0 0.638327
 0 0.638332
 0 0.638332
 0 0.638332
 0 0.63834
 0 0.638357
 0 0.63836
 0 0.638368
 0 0.638374
 0 0.638393
 0 0.638394
 0 0.638395
 0 0.638456
 0 0.638456
 0 0.638456
 0 0.638459
 0 0.638524
 0 0.638553
 0 0.638553
 0 0.63862
 0 0.638649
 0 0.63869
 0 0.63869
 0 0.63869
 0 0.638771
 0 0.638772
 0 0.638835
 0 0.638835
 0 0.638896
 0 0.638896
 0 0.638897
 0 0.638897
 0 0.638898
 0 0.638927
 0 0.638972
 0 0.638973
 0 0.638988
 0 0.639047
 0 0.639047
 0 0.639047
 0 0.639055
 0 0.639056
 0 0.639057
 0 0.639057
 0 0.639077
 0 0.639077
 0 0.639082
 0 0.639083
 0 0.639083
 0 0.639084
 0 0.639084
 0 0.639095
 0 0.639095
 0 0.639095
 0 0.639113
 0 0.639113
 0 0.639114
 0 0.639153
 0 0.639178
 0 0.63918
 0 0.6392
 0 0.639201
 0 0.639254
 0 0.639254
 0 0.639255
 0 0.639269
 0 0.639309
 0 0.639323
 0 0.639323
 0 0.639392
 0 0.639409
 0 0.63941
 0 0.639415
 0 0.639446
 0 0.639446
 0 0.639453
 0 0.63951
 0 0.639513
 0 0.639513
 0 0.639539
 0 0.639539
 0 0.639561
 0 0.639561
 0 0.639592
 0 0.639697
 0 0.639697
 0 0.639703
 0 0.639735
 0 0.639737
 0 0.639737
 0 0.639737
 0 0.639739
 0 0.639739
 0 0.639745
 0 0.639775
 0 0.639776
 0 0.639776
 0 0.639952
 0 0.639969
 0 0.639969
 0 0.640009
 0 0.640009
 0 0.640009
 0 0.640048
 0 0.640049
 0 0.640049
 0 0.640049
 0 0.640049
 0 0.640126
 0 0.640132
 0 0.640132
 0 0.640234
 0 0.640234
 0 0.640234
 0 0.640234
 0 0.640399
 0 0.640413
 0 0.640544
 0 0.640613
 0 0.640613
 0 0.640614
 0 0.640803
 0 0.640805
 0 0.640839
 0 0.64084
 0 0.640857
 0 0.640857
 0 0.640864
 0 0.641298
 0 0.641299
 0 0.641334
 0 0.641335
 0 0.641573
 0 0.64227
 0 0.642353
 0 0.642491
 0 0.642571
 0 0.642571
 0 0.642571
 0 0.642572
 0 0.642572
 0 0.642572
 0 0.642583
 0 0.642721
 0 0.642721
 0 0.642768
 0 0.642802
 0 0.642802
 0 0.642802
 0 0.643001
 0 0.643177
 0 0.643177
 0 0.643243
 0 0.643243
 0 0.643245
 0 0.643245
 0 0.643488
 0 0.643507
 0 0.643542
 0 0.643542
 0 0.643553
 0 0.643554
 0 0.643554
 0 0.643622
 0 0.643623
 0 0.643737
 0 0.643737
 0 0.643739
 0 0.643786
 0 0.64383
 0 0.644029
 0 0.64403
 0 0.644065
 0 0.644066
 0 0.644094
 0 0.64417
 0 0.644426
 0 0.644426
 0 0.644426
 0 0.644426
 0 0.644427
 0 0.644451
 0 0.644451
 0 0.644485
 0 0.644509
 0 0.644632
 0 0.645015
 0 0.64518
 0 0.64518
 0 0.64518
 0 0.645237
 0 0.645237
 0 0.645237
 0 0.645353
 0 0.645355
 0 0.645356
 0 0.645356
 0 0.645356
 0 0.645357
 0 0.645357
 0 0.645369
 0 0.645372
 0 0.645373
 0 0.645462
 0 0.645463
 0 0.646306
 0 0.646307
 0 0.646307
 0 0.646307
 0 0.646549
 0 0.646549
 0 0.646549
 0 0.646549
 0 0.646549
 0 0.646872
 0 inf
