 0 0.496931
 0 0.497445
 0 0.497445
 0 0.497446
 0 0.497448
 0 0.497746
 0 0.623834
 0 0.623834
 0 0.623886
 0 0.62477
 0 0.62477
 0 0.624773
 0 0.627637
 0 0.627637
 0 0.627638
 0 0.627665
 0 0.627773
 0 0.627773
 0 0.6281
 0 0.628121
 0 0.628122
 0 0.628192
 0 0.628316
 0 0.628317
 0 0.628317
 0 0.628339
 0 0.628605
 0 0.628663
 0 0.628663
 0 0.628713
 0 0.628777
 0 0.628835
 0 0.628838
 0 0.629021
 0 0.629022
 0 0.629025
 0 0.629036
 0 0.62911
 0 0.629111
 0 0.629111
 0 0.629176
 0 0.629176
 0 0.629178
 0 0.629178
 0 0.629184
 0 0.629184
 0 0.629185
 0 0.629216
 0 0.629272
 0 0.629426
 0 0.629426
 0 0.629452
 0 0.629453
 0 0.629454
 0 0.629482
 0 0.629483
 0 0.62962
 0 0.62962
 0 0.629649
 0 0.629649
 0 0.629674
 0 0.629674
 0 0.629675
 0 0.629675
 0 0.629731
 0 0.629784
 0 0.629784
 0 0.629796
 0 0.629796
 0 0.629803
 0 0.629804
 0 0.629822
 0 0.629824
 0 0.629914
 0 0.629929
 0 0.629931
 0 0.63
 0 0.63
 0 0.630039
 0 0.630063
 0 0.630066
 0 0.630081
 0 0.630088
 0 0.630088
 0 0.630099
 0 0.630145
 0 0.630189
 0 0.630194
 0 0.630204
 0 0.630204
 0 0.630232
 0 0.630238
 0 0.630238
 0 0.630252
 0 0.630252
 0 0.630266
 0 0.630316
 0 0.630375
 0 0.630381
 0 0.630381
 0 0.630389
 0 0.630431
 0 0.630431
 0 0.630432
 0 0.630437
 0 0.630445
 0 0.630445
 0 0.630474
 0 0.630475
 0 0.630487
 0 0.630487
 0 0.630487
 0 0.630494
 0 0.630507
 0 0.630548
 0 0.630569
 0 0.630569
 0 0.630576
 0 0.630576
 0 0.630579
 0 0.63058
 0 0.630612
 0 0.630634
 0 0.630653
 0 0.630655
 0 0.630741
 0 0.630752
 0 0.630753
 0 0.6308
 0 0.630802
 0 0.630802
 0 0.630804
 0 0.630814
 0 0.630814
 0 0.630814
 0 0.630823
 0 0.630835
 0 0.630836
 0 0.630836
 0 0.630837
 0 0.630892
 0 0.630898
 0 0.6309
 0 0.6309
 0 0.630903
 0 0.630904
 0 0.630907
 0 0.630907
 0 0.630913
 0 0.630919
 0 0.63093
 0 0.63093
 0 0.630932
 0 0.630932
 0 0.630932
 0 0.630946
 0 0.630946
 0 0.630946
 0 0.630946
 0 0.630985
 0 0.630997
 0 0.630998
 0 0.631007
 0 0.631008
 0 0.631008
 0 0.631042
 0 0.631087
 0 0.631098
 0 0.631132
 0 0.631198
 0 0.631199
 0 0.631199
 0 0.6312
 0 0.631205
 0 0.631205
 0 0.631209
 0 0.631209
 0 0.631211
 0 0.631211
 0 0.631213
 0 0.631215
 0 0.631219
 0 0.631219
 0 0.631236
 0 0.631259
 0 0.631259
 0 0.63126
 0 0.63126
 0 0.631261
 0 0.631265
 0 0.631265
 0 0.631266
 0 0.631272
 0 0.631272
 0 0.631273
 0 0.631273
 0 0.631273
 0 0.631284
 0 0.631284
 0 0.631284
 0 0.631286
 0 0.631291
 0 0.631291
 0 0.631306
 0 0.631307
 0 0.631348
 0 0.631359
 0 0.631359
 0 0.63137
 0 0.63139
 0 0.63139
 0 0.63139
 0 0.631392
 0 0.631395
 0 0.631395
 0 0.631431
 0 0.631433
 0 0.631442
 0 0.631445
 0 0.631463
 0 0.631465
 0 0.631483
 0 0.631501
 0 0.631522
 0 0.631522
 0 0.63155
 0 0.631551
 0 0.631554
 0 0.631569
 0 0.631579
 0 0.631583
 0 0.631605
 0 0.631609
 0 0.63161
 0 0.631623
 0 0.631623
 0 0.631634
 0 0.631635
 0 0.631635
 0 0.631636
 0 0.631636
 0 0.631648
 0 0.631648
 0 0.631649
 0 0.631649
 0 0.631655
 0 0.631655
 0 0.631661
 0 0.631687
 0 0.631688
 0 0.631689
 0 0.631689
 0 0.631689
 0 0.631695
 0 0.631697
 0 0.631697
 0 0.631719
 0 0.631719
 0 0.631719
 0 0.631721
 0 0.631741
 0 0.631741
 0 0.631745
 0 0.631771
 0 0.631773
 0 0.631774
 0 0.631775
 0 0.631775
 0 0.631775
 0 0.63181
 0 0.631811
 0 0.631826
 0 0.631828
 0 0.631828
 0 0.631829
 0 0.631842
 0 0.631853
 0 0.631875
 0 0.631888
 0 0.631893
 0 0.631894
 0 0.631895
 0 0.631904
 0 0.631912
 0 0.631917
 0 0.631919
 0 0.631925
 0 0.631925
 0 0.63193
 0 0.631957
 0 0.631971
 0 0.631987
 0 0.63199
 0 0.632026
 0 0.632026
 0 0.632039
 0 0.632074
 0 0.632076
 0 0.632077
 0 0.63208
 0 0.632093
 0 0.632093
 0 0.632093
 0 0.632102
 0 0.632102
 0 0.632117
 0 0.632117
 0 0.632121
 0 0.632122
 0 0.632122
 0 0.632126
 0 0.632126
 0 0.632133
 0 0.632134
 0 0.632134
 0 0.632134
 0 0.632142
 0 0.63216
 0 0.632161
 0 0.632161
 0 0.632198
 0 0.632198
 0 0.632198
 0 0.632204
 0 0.632204
 0 0.632219
 0 0.632221
 0 0.632222
 0 0.632244
 0 0.632307
 0 0.632307
 0 0.632311
 0 0.632318
 0 0.632319
 0 0.632333
 0 0.632333
 0 0.632333
 0 0.632336
 0 0.632349
 0 0.63235
 0 0.63235
 0 0.632357
 0 0.632357
 0 0.632357
 0 0.63236
 0 0.632361
 0 0.632362
 0 0.632363
 0 0.632365
 0 0.632368
 0 0.632368
 0 0.632411
 0 0.632414
 0 0.632441
 0 0.632441
 0 0.632441
 0 0.632466
 0 0.632472
 0 0.632483
 0 0.632483
 0 0.63249
 0 0.632492
 0 0.632492
 0 0.632514
 0 0.632518
 0 0.632535
 0 0.63254
 0 0.63254
 0 0.632542
 0 0.63255
 0 0.632555
 0 0.632556
 0 0.632558
 0 0.632558
 0 0.632562
 0 0.632562
 0 0.632564
 0 0.632564
 0 0.632573
 0 0.632583
 0 0.632598
 0 0.632598
 0 0.632601
 0 0.632602
 0 0.632602
 0 0.632603
 0 0.632606
 0 0.632621
 0 0.632622
 0 0.632623
 0 0.632625
 0 0.632625
 0 0.632636
 0 0.632637
 0 0.632638
 0 0.632638
 0 0.632639
 0 0.632639
 0 0.63264
 0 0.632654
 0 0.632656
 0 0.632657
 0 0.632671
 0 0.632671
 0 0.632673
 0 0.632677
 0 0.632677
 0 0.632689
 0 0.632697
 0 0.632716
 0 0.632716
 0 0.632717
 0 0.632719
 0 0.632743
 0 0.632743
 0 0.632744
 0 0.632773
 0 0.632774
 0 0.632774
 0 0.632786
 0 0.632794
 0 0.632794
 0 0.632826
 0 0.632848
 0 0.63285
 0 0.63285
 0 0.632855
 0 0.632864
 0 0.632865
 0 0.632865
 0 0.632865
 0 0.632885
 0 0.632886
 0 0.632896
 0 0.632906
 0 0.632926
 0 0.632926
 0 0.632949
 0 0.63295
 0 0.63295
 0 0.632957
 0 0.632978
 0 0.632981
 0 0.632987
 0 0.632996
 0 0.632997
 0 0.632998
 0 0.632998
 0 0.632998
 0 0.633002
 0 0.633004
 0 0.633004
 0 0.633004
 0 0.633014
 0 0.633014
 0 0.633025
 0 0.633025
 0 0.633036
 0 0.633036
 0 0.633039
 0 0.633057
 0 0.633057
 0 0.633058
 0 0.633067
 0 0.633068
 0 0.633071
 0 0.633071
 0 0.633071
 0 0.633072
 0 0.633073
 0 0.633073
 0 0.633081
 0 0.633081
 0 0.633084
 0 0.633092
 0 0.633092
 0 0.633092
 0 0.633093
 0 0.633095
 0 0.633097
 0 0.633107
 0 0.633107
 0 0.633119
 0 0.633119
 0 0.63312
 0 0.633121
 0 0.633122
 0 0.633122
 0 0.633124
 0 0.633127
 0 0.633136
 0 0.633137
 0 0.633144
 0 0.633155
 0 0.633156
 0 0.633165
 0 0.633165
 0 0.633171
 0 0.633172
 0 0.633172
 0 0.633174
 0 0.633187
 0 0.633187
 0 0.633189
 0 0.633193
 0 0.633193
 0 0.633203
 0 0.633214
 0 0.633227
 0 0.63323
 0 0.633246
 0 0.633256
 0 0.633279
 0 0.633279
 0 0.63328
 0 0.633282
 0 0.633284
 0 0.633291
 0 0.633293
 0 0.6333
 0 0.633308
 0 0.633308
 0 0.63332
 0 0.63332
 0 0.633325
 0 0.633327
 0 0.633328
 0 0.633353
 0 0.633353
 0 0.633368
 0 0.633375
 0 0.633376
 0 0.633376
 0 0.633376
 0 0.633376
 0 0.633378
 0 0.633412
 0 0.633413
 0 0.633413
 0 0.633414
 0 0.63343
 0 0.633433
 0 0.63344
 0 0.63345
 0 0.633458
 0 0.633458
 0 0.633458
 0 0.633458
 0 0.633461
 0 0.633461
 0 0.633465
 0 0.633467
 0 0.633481
 0 0.633481
 0 0.633483
 0 0.633483
 0 0.633495
 0 0.633537
 0 0.633537
 0 0.633566
 0 0.633571
 0 0.633571
 0 0.633572
 0 0.633577
 0 0.633577
 0 0.633587
 0 0.63359
 0 0.633591
 0 0.633601
 0 0.633615
 0 0.633622
 0 0.633624
 0 0.633628
 0 0.633628
 0 0.63363
 0 0.633631
 0 0.633631
 0 0.633632
 0 0.633632
 0 0.633632
 0 0.633649
 0 0.633658
 0 0.633659
 0 0.633659
 0 0.633659
 0 0.633659
 0 0.63366
 0 0.633662
 0 0.633679
 0 0.633688
 0 0.633689
 0 0.63369
 0 0.633695
 0 0.633698
 0 0.633699
 0 0.633699
 0 0.633699
 0 0.633713
 0 0.633726
 0 0.633726
 0 0.633726
 0 0.633728
 0 0.633728
 0 0.633734
 0 0.633735
 0 0.633736
 0 0.633749
 0 0.633749
 0 0.633751
 0 0.633753
 0 0.633753
 0 0.633754
 0 0.633755
 0 0.633756
 0 0.633756
 0 0.633758
 0 0.633758
 0 0.633769
 0 0.633777
 0 0.633778
 0 0.633778
 0 0.633778
 0 0.633778
 0 0.633778
 0 0.633785
 0 0.633785
 0 0.633787
 0 0.633793
 0 0.633802
 0 0.633805
 0 0.633815
 0 0.633815
 0 0.633821
 0 0.633828
 0 0.63383
 0 0.633835
 0 0.633864
 0 0.633864
 0 0.633866
 0 0.633867
 0 0.633876
 0 0.633892
 0 0.633899
 0 0.633901
 0 0.633901
 0 0.633912
 0 0.633913
 0 0.633915
 0 0.633915
 0 0.633915
 0 0.633916
 0 0.633918
 0 0.633921
 0 0.63393
 0 0.63393
 0 0.633931
 0 0.633935
 0 0.633936
 0 0.633946
 0 0.633946
 0 0.633954
 0 0.63396
 0 0.63396
 0 0.633961
 0 0.633962
 0 0.633963
 0 0.633965
 0 0.63399
 0 0.633992
 0 0.633992
 0 0.633993
 0 0.634008
 0 0.63401
 0 0.63402
 0 0.634038
 0 0.63404
 0 0.634065
 0 0.634074
 0 0.634074
 0 0.634074
 0 0.634078
 0 0.634079
 0 0.6341
 0 0.634101
 0 0.634102
 0 0.634104
 0 0.634104
 0 0.634106
 0 0.63411
 0 0.634115
 0 0.634118
 0 0.634123
 0 0.634123
 0 0.634125
 0 0.634126
 0 0.634126
 0 0.634126
 0 0.634126
 0 0.634127
 0 0.634134
 0 0.634136
 0 0.634137
 0 0.634137
 0 0.634174
 0 0.634177
 0 0.634178
 0 0.634178
 0 0.634178
 0 0.63418
 0 0.63418
 0 0.634208
 0 0.634227
 0 0.634243
 0 0.634243
 0 0.634244
 0 0.634244
 0 0.634245
 0 0.634246
 0 0.634246
 0 0.634251
 0 0.634281
 0 0.634281
 0 0.634283
 0 0.634288
 0 0.634292
 0 0.634305
 0 0.63432
 0 0.634339
 0 0.634339
 0 0.634341
 0 0.634342
 0 0.634343
 0 0.634347
 0 0.634352
 0 0.634354
 0 0.634354
 0 0.634355
 0 0.634371
 0 0.634395
 0 0.634395
 0 0.634395
 0 0.634395
 0 0.6344
 0 0.634402
 0 0.634414
 0 0.634415
 0 0.634416
 0 0.634418
 0 0.634434
 0 0.634434
 0 0.634434
 0 0.634437
 0 0.634444
 0 0.634444
 0 0.634445
 0 0.634454
 0 0.634457
 0 0.63446
 0 0.63446
 0 0.63446
 0 0.634464
 0 0.634465
 0 0.634473
 0 0.634477
 0 0.634477
 0 0.63448
 0 0.634481
 0 0.634481
 0 0.634481
 0 0.634481
 0 0.634481
 0 0.634483
 0 0.63451
 0 0.634541
 0 0.634552
 0 0.634553
 0 0.634554
 0 0.634554
 0 0.634554
 0 0.634554
 0 0.634556
 0 0.63456
 0 0.63456
 0 0.634604
 0 0.634609
 0 0.63461
 0 0.63461
 0 0.63461
 0 0.634611
 0 0.634611
 0 0.634611
 0 0.634624
 0 0.634624
 0 0.634624
 0 0.634639
 0 0.63465
 0 0.634651
 0 0.634654
 0 0.634672
 0 0.634673
 0 0.634673
 0 0.634676
 0 0.634679
 0 0.634679
 0 0.634679
 0 0.634682
 0 0.634682
 0 0.634682
 0 0.634682
 0 0.634683
 0 0.634695
 0 0.634695
 0 0.634695
 0 0.634695
 0 0.634697
 0 0.634697
 0 0.634708
 0 0.634724
 0 0.634724
 0 0.634725
 0 0.634725
 0 0.634731
 0 0.634731
 0 0.634731
 0 0.634733
 0 0.634733
 0 0.634733
 0 0.634733
 0 0.634745
 0 0.634771
 0 0.634771
 0 0.634775
 0 0.634777
 0 0.634793
 0 0.634795
 0 0.634795
 0 0.634796
 0 0.634796
 0 0.634796
 0 0.634796
 0 0.634806
 0 0.634821
 0 0.634823
 0 0.634827
 0 0.634837
 0 0.63485
 0 0.63486
 0 0.634863
 0 0.634868
 0 0.634868
 0 0.634868
 0 0.634868
 0 0.634874
 0 0.634874
 0 0.63488
 0 0.6349
 0 0.634903
 0 0.634903
 0 0.634912
 0 0.634914
 0 0.634914
 0 0.634919
 0 0.634919
 0 0.634923
 0 0.634937
 0 0.634938
 0 0.634944
 0 0.634971
 0 0.634974
 0 0.634974
 0 0.634988
 0 0.634995
 0 0.635
 0 0.635006
 0 0.635007
 0 0.635008
 0 0.635008
 0 0.635011
 0 0.635011
 0 0.635015
 0 0.635015
 0 0.635016
 0 0.635018
 0 0.635019
 0 0.635019
 0 0.635021
 0 0.635035
 0 0.635048
 0 0.635049
 0 0.63505
 0 0.63505
 0 0.63505
 0 0.635051
 0 0.635052
 0 0.635056
 0 0.635056
 0 0.635056
 0 0.635056
 0 0.635056
 0 0.635062
 0 0.635062
 0 0.635066
 0 0.635079
 0 0.635079
 0 0.63508
 0 0.63508
 0 0.635081
 0 0.635082
 0 0.635082
 0 0.635085
 0 0.635085
 0 0.635087
 0 0.6351
 0 0.6351
 0 0.635104
 0 0.635106
 0 0.635165
 0 0.635165
 0 0.635181
 0 0.635181
 0 0.635198
 0 0.6352
 0 0.635211
 0 0.635211
 0 0.635212
 0 0.635212
 0 0.635233
 0 0.635233
 0 0.635233
 0 0.635236
 0 0.635237
 0 0.635241
 0 0.635242
 0 0.635242
 0 0.635246
 0 0.635249
 0 0.635251
 0 0.635262
 0 0.635263
 0 0.635266
 0 0.635268
 0 0.635268
 0 0.635287
 0 0.635287
 0 0.635288
 0 0.635289
 0 0.635289
 0 0.635291
 0 0.635292
 0 0.635293
 0 0.635294
 0 0.635294
 0 0.635303
 0 0.635304
 0 0.635306
 0 0.635316
 0 0.635316
 0 0.635316
 0 0.635316
 0 0.635317
 0 0.635319
 0 0.635321
 0 0.635323
 0 0.635323
 0 0.635331
 0 0.635332
 0 0.635367
 0 0.635367
 0 0.635367
 0 0.635372
 0 0.635372
 0 0.635373
 0 0.635376
 0 0.635376
 0 0.635377
 0 0.635377
 0 0.635378
 0 0.635378
 0 0.635379
 0 0.635385
 0 0.635386
 0 0.635388
 0 0.635388
 0 0.635389
 0 0.63539
 0 0.635396
 0 0.635396
 0 0.635397
 0 0.6354
 0 0.6354
 0 0.635418
 0 0.635418
 0 0.635419
 0 0.635421
 0 0.635425
 0 0.635426
 0 0.635436
 0 0.635436
 0 0.635436
 0 0.635447
 0 0.635449
 0 0.635462
 0 0.635463
 0 0.635463
 0 0.635476
 0 0.635476
 0 0.635476
 0 0.635476
 0 0.635498
 0 0.635501
 0 0.635533
 0 0.635534
 0 0.635535
 0 0.635554
 0 0.635554
 0 0.635563
 0 0.635565
 0 0.635565
 0 0.635573
 0 0.635579
 0 0.635583
 0 0.635584
 0 0.635585
 0 0.635593
 0 0.635597
 0 0.635602
 0 0.635604
 0 0.635605
 0 0.635605
 0 0.635626
 0 0.635628
 0 0.635629
 0 0.635633
 0 0.635649
 0 0.635682
 0 0.635682
 0 0.635689
 0 0.63569
 0 0.63569
 0 0.635698
 0 0.635704
 0 0.635705
 0 0.635705
 0 0.635705
 0 0.635713
 0 0.635715
 0 0.635717
 0 0.63572
 0 0.635725
 0 0.635726
 0 0.635726
 0 0.635746
 0 0.635787
 0 0.635793
 0 0.635793
 0 0.635808
 0 0.635808
 0 0.635816
 0 0.635833
 0 0.635833
 0 0.635835
 0 0.635835
 0 0.635835
 0 0.635835
 0 0.635836
 0 0.635843
 0 0.635844
 0 0.635844
 0 0.635844
 0 0.63585
 0 0.63585
 0 0.635853
 0 0.63586
 0 0.63586
 0 0.63586
 0 0.635861
 0 0.635872
 0 0.635872
 0 0.63588
 0 0.635882
 0 0.635883
 0 0.635888
 0 0.635895
 0 0.635909
 0 0.635909
 0 0.635916
 0 0.635922
 0 0.635922
 0 0.635928
 0 0.635931
 0 0.635947
 0 0.635969
 0 0.635969
 0 0.635982
 0 0.635983
 0 0.635984
 0 0.635985
 0 0.636
 0 0.636
 0 0.636
 0 0.636004
 0 0.636008
 0 0.636008
 0 0.636032
 0 0.636039
 0 0.636041
 0 0.636041
 0 0.636066
 0 0.636067
 0 0.636067
 0 0.636067
 0 0.636068
 0 0.636068
 0 0.636073
 0 0.63608
 0 0.63609
 0 0.636096
 0 0.636098
 0 0.636113
 0 0.636115
 0 0.636118
 0 0.636127
 0 0.636131
 0 0.636131
 0 0.636139
 0 0.636147
 0 0.636162
 0 0.636164
 0 0.636165
 0 0.636165
 0 0.636168
 0 0.636168
 0 0.636174
 0 0.636174
 0 0.636174
 0 0.636174
 0 0.636187
 0 0.636191
 0 0.636193
 0 0.636197
 0 0.636204
 0 0.636215
 0 0.636218
 0 0.636218
 0 0.636218
 0 0.636219
 0 0.636227
 0 0.636229
 0 0.636239
 0 0.636239
 0 0.636239
 0 0.636241
 0 0.636242
 0 0.636244
 0 0.636245
 0 0.636246
 0 0.636247
 0 0.636258
 0 0.636266
 0 0.63627
 0 0.63627
 0 0.636283
 0 0.636283
 0 0.636283
 0 0.636285
 0 0.636286
 0 0.636286
 0 0.636286
 0 0.636292
 0 0.636294
 0 0.636294
 0 0.636296
 0 0.636313
 0 0.636313
 0 0.636313
 0 0.636324
 0 0.636324
 0 0.636325
 0 0.636336
 0 0.636336
 0 0.63634
 0 0.636384
 0 0.636422
 0 0.636424
 0 0.636424
 0 0.636436
 0 0.636454
 0 0.636464
 0 0.636465
 0 0.636466
 0 0.636468
 0 0.636469
 0 0.63647
 0 0.636472
 0 0.636476
 0 0.636476
 0 0.636499
 0 0.636511
 0 0.636511
 0 0.63652
 0 0.636521
 0 0.636525
 0 0.636526
 0 0.636526
 0 0.636528
 0 0.636528
 0 0.63653
 0 0.636569
 0 0.63658
 0 0.63658
 0 0.63658
 0 0.636597
 0 0.636602
 0 0.636616
 0 0.636616
 0 0.636616
 0 0.636616
 0 0.636647
 0 0.636676
 0 0.636695
 0 0.636695
 0 0.636749
 0 0.63675
 0 0.63675
 0 0.636757
 0 0.636769
 0 0.636769
 0 0.636769
 0 0.63677
 0 0.636777
 0 0.636777
 0 0.636777
 0 0.636779
 0 0.636779
 0 0.636779
 0 0.63678
 0 0.636781
 0 0.636791
 0 0.636794
 0 0.636796
 0 0.636802
 0 0.636804
 0 0.636804
 0 0.636805
 0 0.636806
 0 0.636834
 0 0.636846
 0 0.636848
 0 0.636874
 0 0.636876
 0 0.636876
 0 0.636879
 0 0.636879
 0 0.636879
 0 0.63691
 0 0.636928
 0 0.636928
 0 0.636938
 0 0.636942
 0 0.636942
 0 0.63697
 0 0.636973
 0 0.636973
 0 0.636973
 0 0.636976
 0 0.636976
 0 0.636999
 0 0.637
 0 0.637
 0 0.637
 0 0.637
 0 0.63703
 0 0.63703
 0 0.63703
 0 0.637031
 0 0.637031
 0 0.637041
 0 0.637041
 0 0.637053
 0 0.637093
 0 0.637093
 0 0.637093
 0 0.637094
 0 0.637095
 0 0.637116
 0 0.637153
 0 0.637157
 0 0.637175
 0 0.637176
 0 0.637276
 0 0.637277
 0 0.637327
 0 0.637339
 0 0.637359
 0 0.637384
 0 0.637385
 0 0.637386
 0 0.637388
 0 0.637399
 0 0.637399
 0 0.637413
 0 0.637436
 0 0.637439
 0 0.637442
 0 0.637484
 0 0.637486
 0 0.637489
 0 0.63753
 0 0.63753
 0 0.637531
 0 0.637532
 0 0.637535
 0 0.637537
 0 0.637539
 0 0.637545
 0 0.637626
 0 0.637652
 0 0.637652
 0 0.637656
 0 0.637799
 0 0.637799
 0 0.6378
 0 0.637845
 0 0.637845
 0 0.637845
 0 0.637848
 0 0.637848
 0 0.637859
 0 0.637886
 0 0.637886
 0 0.63789
 0 0.63789
 0 0.637965
 0 0.637965
 0 0.637997
 0 0.637997
 0 0.638001
 0 0.638002
 0 0.638051
 0 0.638086
 0 0.638086
 0 0.638131
 0 0.638131
 0 0.638136
 0 0.63817
 0 0.638292
 0 0.638324
 0 0.638324
 0 0.638403
 0 0.638405
 0 0.638556
 0 0.638611
 0 0.638667
 0 0.638667
 0 0.638667
 0 0.638788
 0 0.638791
 0 0.638791
 0 0.6388
 0 0.638939
 0 0.638939
 0 0.638945
 0 0.638945
 0 0.638945
 0 0.639001
 0 0.639002
 0 0.639004
 0 0.63901
 0 0.63901
 0 0.639011
 0 0.639047
 0 0.639316
 0 0.639316
 0 0.639507
 0 0.639507
 0 0.639728
 0 0.63973
 0 0.639745
 0 0.639745
 0 0.639747
 0 0.639841
 0 0.639873
 0 0.639878
 0 0.639878
 0 0.639878
 0 0.639878
 0 0.639885
 0 0.639887
 0 0.639969
 0 0.639971
 0 0.639971
 0 0.640331
 0 0.640535
 0 0.640535
 0 0.640941
 0 0.640959
 0 0.640978
 0 0.641069
 0 0.641205
 0 0.641306
 0 0.641752
 0 0.641753
 0 0.641789
 0 0.641839
 0 0.641872
 0 0.642241
 0 0.642244
 0 0.642244
 0 0.642244
 0 0.642527
 0 0.642527
 0 0.642527
 0 0.642528
 0 0.642561
 0 0.642723
 0 0.642723
 0 0.642724
 0 0.642725
 0 0.642725
 0 0.642996
 0 0.643333
 0 0.643334
 0 2.30149
 0 2.73512
 0 2.73512
 0 2.73526
 0 2.73526
 0 2.73529
 0 inf
