 0 0.495856
 0 0.496057
 0 0.496057
 0 0.496059
 0 0.496274
 0 0.496274
 0 0.624499
 0 0.624499
 0 0.624502
 0 0.624502
 0 0.624554
 0 0.625419
 0 0.627889
 0 0.627891
 0 0.627892
 0 0.627946
 0 0.628061
 0 0.62817
 0 0.628173
 0 0.628173
 0 0.628174
 0 0.628174
 0 0.628332
 0 0.628332
 0 0.628333
 0 0.628691
 0 0.628691
 0 0.628697
 0 0.628722
 0 0.628722
 0 0.628724
 0 0.628724
 0 0.628724
 0 0.628729
 0 0.628907
 0 0.628912
 0 0.628914
 0 0.628954
 0 0.628969
 0 0.62897
 0 0.629003
 0 0.62904
 0 0.62904
 0 0.629043
 0 0.629083
 0 0.629085
 0 0.629092
 0 0.629093
 0 0.629147
 0 0.629149
 0 0.629184
 0 0.629185
 0 0.629278
 0 0.629278
 0 0.629286
 0 0.629287
 0 0.629288
 0 0.629292
 0 0.629293
 0 0.629306
 0 0.629328
 0 0.629329
 0 0.62933
 0 0.62933
 0 0.629414
 0 0.629449
 0 0.629459
 0 0.629459
 0 0.62946
 0 0.629461
 0 0.629534
 0 0.629534
 0 0.62955
 0 0.62955
 0 0.629586
 0 0.629631
 0 0.629632
 0 0.629632
 0 0.629632
 0 0.629632
 0 0.629632
 0 0.629632
 0 0.629634
 0 0.629676
 0 0.629677
 0 0.629696
 0 0.629708
 0 0.629708
 0 0.629708
 0 0.629708
 0 0.629709
 0 0.62971
 0 0.62971
 0 0.629823
 0 0.629823
 0 0.629823
 0 0.629823
 0 0.629825
 0 0.629861
 0 0.629873
 0 0.629949
 0 0.629965
 0 0.629985
 0 0.629986
 0 0.629987
 0 0.629988
 0 0.629988
 0 0.630063
 0 0.630097
 0 0.630099
 0 0.6301
 0 0.630152
 0 0.630152
 0 0.630194
 0 0.630195
 0 0.630195
 0 0.630197
 0 0.630245
 0 0.630245
 0 0.630248
 0 0.630248
 0 0.63025
 0 0.630252
 0 0.630298
 0 0.630299
 0 0.630299
 0 0.630299
 0 0.630314
 0 0.630314
 0 0.63035
 0 0.63035
 0 0.630414
 0 0.63052
 0 0.630521
 0 0.630582
 0 0.630582
 0 0.630582
 0 0.630622
 0 0.630622
 0 0.630622
 0 0.630737
 0 0.630753
 0 0.630774
 0 0.630774
 0 0.630775
 0 0.630796
 0 0.630796
 0 0.630813
 0 0.630814
 0 0.630814
 0 0.630815
 0 0.630816
 0 0.630874
 0 0.630876
 0 0.630944
 0 0.630946
 0 0.630951
 0 0.630951
 0 0.630951
 0 0.630975
 0 0.630976
 0 0.631019
 0 0.631033
 0 0.631033
 0 0.631103
 0 0.631103
 0 0.631147
 0 0.631149
 0 0.63115
 0 0.631166
 0 0.631167
 0 0.631181
 0 0.631183
 0 0.631329
 0 0.631338
 0 0.631338
 0 0.631341
 0 0.631346
 0 0.631348
 0 0.63135
 0 0.631407
 0 0.631408
 0 0.631418
 0 0.631418
 0 0.631419
 0 0.631421
 0 0.631425
 0 0.631425
 0 0.631427
 0 0.631427
 0 0.631434
 0 0.631436
 0 0.631445
 0 0.631483
 0 0.631502
 0 0.631504
 0 0.631517
 0 0.631517
 0 0.631529
 0 0.63154
 0 0.631542
 0 0.631553
 0 0.631559
 0 0.631559
 0 0.63156
 0 0.631605
 0 0.631641
 0 0.631648
 0 0.631648
 0 0.631693
 0 0.631695
 0 0.63171
 0 0.631711
 0 0.631711
 0 0.631712
 0 0.631713
 0 0.631727
 0 0.631727
 0 0.631788
 0 0.631801
 0 0.631806
 0 0.631806
 0 0.631806
 0 0.631809
 0 0.631813
 0 0.631817
 0 0.631854
 0 0.631854
 0 0.631854
 0 0.631855
 0 0.631855
 0 0.631863
 0 0.631873
 0 0.631875
 0 0.631876
 0 0.631889
 0 0.631897
 0 0.631897
 0 0.631904
 0 0.631904
 0 0.631911
 0 0.631911
 0 0.631912
 0 0.631912
 0 0.631942
 0 0.631942
 0 0.631943
 0 0.631997
 0 0.632006
 0 0.632018
 0 0.632032
 0 0.632042
 0 0.632048
 0 0.632048
 0 0.632063
 0 0.632064
 0 0.632064
 0 0.632067
 0 0.632099
 0 0.632122
 0 0.632123
 0 0.63213
 0 0.632139
 0 0.632141
 0 0.632141
 0 0.632143
 0 0.632143
 0 0.632143
 0 0.632146
 0 0.632146
 0 0.632148
 0 0.632148
 0 0.632151
 0 0.632153
 0 0.632154
 0 0.632165
 0 0.632166
 0 0.632167
 0 0.63217
 0 0.63217
 0 0.632196
 0 0.63221
 0 0.632216
 0 0.632217
 0 0.632225
 0 0.632237
 0 0.632237
 0 0.632238
 0 0.632238
 0 0.632256
 0 0.632259
 0 0.63227
 0 0.63227
 0 0.632284
 0 0.632286
 0 0.632308
 0 0.632336
 0 0.632337
 0 0.632338
 0 0.632391
 0 0.632421
 0 0.632439
 0 0.632443
 0 0.632447
 0 0.632485
 0 0.632485
 0 0.632501
 0 0.632501
 0 0.632503
 0 0.632504
 0 0.632519
 0 0.63252
 0 0.63252
 0 0.632527
 0 0.63254
 0 0.632544
 0 0.632544
 0 0.632546
 0 0.63255
 0 0.632565
 0 0.632568
 0 0.632575
 0 0.632577
 0 0.632579
 0 0.632582
 0 0.632582
 0 0.632582
 0 0.632585
 0 0.632585
 0 0.632586
 0 0.632637
 0 0.632637
 0 0.632653
 0 0.632654
 0 0.632655
 0 0.632657
 0 0.632657
 0 0.632661
 0 0.632666
 0 0.632667
 0 0.632691
 0 0.632693
 0 0.632695
 0 0.632696
 0 0.632716
 0 0.632716
 0 0.632716
 0 0.632724
 0 0.632741
 0 0.632748
 0 0.632761
 0 0.632761
 0 0.632769
 0 0.63279
 0 0.63279
 0 0.632826
 0 0.632834
 0 0.632854
 0 0.632854
 0 0.632856
 0 0.632863
 0 0.632882
 0 0.632909
 0 0.632922
 0 0.632922
 0 0.632922
 0 0.632931
 0 0.632937
 0 0.632944
 0 0.632944
 0 0.632947
 0 0.63295
 0 0.63295
 0 0.632952
 0 0.632959
 0 0.632961
 0 0.632964
 0 0.632964
 0 0.632965
 0 0.632965
 0 0.632965
 0 0.632973
 0 0.633011
 0 0.633028
 0 0.633028
 0 0.633028
 0 0.633029
 0 0.633042
 0 0.633044
 0 0.633062
 0 0.633064
 0 0.633064
 0 0.633074
 0 0.633074
 0 0.633082
 0 0.633085
 0 0.633086
 0 0.63309
 0 0.63309
 0 0.633093
 0 0.633093
 0 0.633093
 0 0.633099
 0 0.633101
 0 0.633116
 0 0.633118
 0 0.633118
 0 0.633118
 0 0.633129
 0 0.63313
 0 0.633149
 0 0.633149
 0 0.633149
 0 0.633169
 0 0.63317
 0 0.63317
 0 0.633171
 0 0.633192
 0 0.633192
 0 0.633192
 0 0.633202
 0 0.633203
 0 0.633203
 0 0.633212
 0 0.633212
 0 0.633214
 0 0.633226
 0 0.633227
 0 0.633228
 0 0.633228
 0 0.63325
 0 0.63325
 0 0.63325
 0 0.633255
 0 0.633258
 0 0.633259
 0 0.633271
 0 0.633271
 0 0.633292
 0 0.633293
 0 0.633296
 0 0.633298
 0 0.633298
 0 0.633346
 0 0.633357
 0 0.633357
 0 0.633364
 0 0.633367
 0 0.633367
 0 0.633367
 0 0.633372
 0 0.633375
 0 0.633394
 0 0.633395
 0 0.633398
 0 0.6334
 0 0.6334
 0 0.6334
 0 0.633405
 0 0.633412
 0 0.633422
 0 0.633435
 0 0.633435
 0 0.633436
 0 0.633436
 0 0.633438
 0 0.633442
 0 0.633443
 0 0.633452
 0 0.633452
 0 0.63346
 0 0.633503
 0 0.633504
 0 0.633513
 0 0.633514
 0 0.633516
 0 0.633516
 0 0.633517
 0 0.63354
 0 0.633541
 0 0.633576
 0 0.633576
 0 0.633576
 0 0.633577
 0 0.633578
 0 0.633578
 0 0.633578
 0 0.633584
 0 0.633584
 0 0.633604
 0 0.633605
 0 0.633611
 0 0.633612
 0 0.633612
 0 0.633622
 0 0.633624
 0 0.633625
 0 0.633626
 0 0.633633
 0 0.633642
 0 0.633656
 0 0.633656
 0 0.63366
 0 0.633662
 0 0.633662
 0 0.633685
 0 0.633691
 0 0.633705
 0 0.633709
 0 0.633709
 0 0.633709
 0 0.63371
 0 0.633711
 0 0.633711
 0 0.633718
 0 0.633722
 0 0.633777
 0 0.633779
 0 0.633788
 0 0.633791
 0 0.633791
 0 0.633791
 0 0.633799
 0 0.6338
 0 0.6338
 0 0.6338
 0 0.6338
 0 0.6338
 0 0.633803
 0 0.633803
 0 0.633803
 0 0.633804
 0 0.633804
 0 0.633804
 0 0.633808
 0 0.633808
 0 0.633809
 0 0.633811
 0 0.633811
 0 0.633838
 0 0.633885
 0 0.63389
 0 0.633892
 0 0.633905
 0 0.633929
 0 0.633939
 0 0.63394
 0 0.63394
 0 0.633954
 0 0.633954
 0 0.633954
 0 0.633955
 0 0.633955
 0 0.633967
 0 0.633973
 0 0.633984
 0 0.63402
 0 0.634022
 0 0.634022
 0 0.634023
 0 0.634024
 0 0.634057
 0 0.634058
 0 0.63406
 0 0.634067
 0 0.634067
 0 0.634068
 0 0.634075
 0 0.634076
 0 0.634076
 0 0.634076
 0 0.634077
 0 0.634077
 0 0.634079
 0 0.634089
 0 0.634089
 0 0.634091
 0 0.634103
 0 0.63411
 0 0.63411
 0 0.63411
 0 0.634113
 0 0.634142
 0 0.634148
 0 0.634149
 0 0.634149
 0 0.63415
 0 0.634158
 0 0.634159
 0 0.634159
 0 0.634159
 0 0.63416
 0 0.63416
 0 0.63418
 0 0.634185
 0 0.634193
 0 0.634193
 0 0.634211
 0 0.634211
 0 0.634212
 0 0.634212
 0 0.634212
 0 0.634214
 0 0.634218
 0 0.634219
 0 0.63422
 0 0.634222
 0 0.634227
 0 0.634239
 0 0.634248
 0 0.634251
 0 0.634259
 0 0.634285
 0 0.634289
 0 0.63429
 0 0.63429
 0 0.6343
 0 0.634304
 0 0.634304
 0 0.63431
 0 0.634314
 0 0.634335
 0 0.634335
 0 0.634335
 0 0.634336
 0 0.634354
 0 0.634354
 0 0.634354
 0 0.634355
 0 0.634362
 0 0.634364
 0 0.634364
 0 0.634378
 0 0.634379
 0 0.63438
 0 0.634387
 0 0.634389
 0 0.63439
 0 0.634392
 0 0.634393
 0 0.634395
 0 0.634395
 0 0.634395
 0 0.634411
 0 0.634411
 0 0.634411
 0 0.634419
 0 0.634419
 0 0.634419
 0 0.63442
 0 0.634448
 0 0.634451
 0 0.634455
 0 0.634455
 0 0.634459
 0 0.63449
 0 0.63449
 0 0.63449
 0 0.63449
 0 0.63449
 0 0.634497
 0 0.634497
 0 0.634516
 0 0.634516
 0 0.634517
 0 0.634518
 0 0.634527
 0 0.63453
 0 0.63453
 0 0.63453
 0 0.634532
 0 0.634547
 0 0.634548
 0 0.63455
 0 0.634569
 0 0.634569
 0 0.634569
 0 0.634584
 0 0.63459
 0 0.63459
 0 0.63459
 0 0.634604
 0 0.634606
 0 0.634606
 0 0.634616
 0 0.634618
 0 0.634618
 0 0.634618
 0 0.634619
 0 0.634634
 0 0.634635
 0 0.634635
 0 0.634637
 0 0.634638
 0 0.634657
 0 0.634657
 0 0.634657
 0 0.634659
 0 0.634659
 0 0.63466
 0 0.63466
 0 0.634661
 0 0.634676
 0 0.634677
 0 0.634677
 0 0.634677
 0 0.63468
 0 0.63468
 0 0.634681
 0 0.634682
 0 0.634684
 0 0.634689
 0 0.634689
 0 0.63469
 0 0.634698
 0 0.634698
 0 0.6347
 0 0.634701
 0 0.634703
 0 0.634703
 0 0.63471
 0 0.634714
 0 0.634724
 0 0.634724
 0 0.634724
 0 0.634731
 0 0.634732
 0 0.634732
 0 0.634732
 0 0.634749
 0 0.634749
 0 0.634757
 0 0.634763
 0 0.634764
 0 0.634784
 0 0.634785
 0 0.634792
 0 0.634792
 0 0.634795
 0 0.634795
 0 0.634795
 0 0.634796
 0 0.634796
 0 0.634797
 0 0.6348
 0 0.634812
 0 0.63482
 0 0.63482
 0 0.634822
 0 0.634824
 0 0.634824
 0 0.634824
 0 0.634824
 0 0.634825
 0 0.634825
 0 0.634826
 0 0.634827
 0 0.634827
 0 0.634827
 0 0.634827
 0 0.634832
 0 0.63485
 0 0.634854
 0 0.634854
 0 0.634855
 0 0.634858
 0 0.634862
 0 0.634862
 0 0.634862
 0 0.634864
 0 0.634864
 0 0.634864
 0 0.634866
 0 0.634867
 0 0.634868
 0 0.634869
 0 0.634878
 0 0.634878
 0 0.634878
 0 0.634879
 0 0.634884
 0 0.634897
 0 0.634908
 0 0.63492
 0 0.634921
 0 0.634925
 0 0.634925
 0 0.634925
 0 0.634938
 0 0.634938
 0 0.634946
 0 0.634948
 0 0.634951
 0 0.634972
 0 0.634991
 0 0.634992
 0 0.634994
 0 0.634994
 0 0.634998
 0 0.635
 0 0.635018
 0 0.635018
 0 0.635023
 0 0.635027
 0 0.635037
 0 0.635043
 0 0.635045
 0 0.635045
 0 0.635056
 0 0.635058
 0 0.635058
 0 0.635059
 0 0.635064
 0 0.63508
 0 0.63508
 0 0.635087
 0 0.635087
 0 0.635092
 0 0.635095
 0 0.635096
 0 0.6351
 0 0.635139
 0 0.635162
 0 0.635166
 0 0.635167
 0 0.635183
 0 0.635184
 0 0.635187
 0 0.635187
 0 0.635202
 0 0.635202
 0 0.635206
 0 0.635208
 0 0.63521
 0 0.635211
 0 0.635221
 0 0.635221
 0 0.635221
 0 0.635222
 0 0.635222
 0 0.635223
 0 0.635231
 0 0.635234
 0 0.635234
 0 0.635235
 0 0.635242
 0 0.635253
 0 0.635259
 0 0.635268
 0 0.635271
 0 0.635272
 0 0.635282
 0 0.635282
 0 0.635285
 0 0.635285
 0 0.635286
 0 0.635293
 0 0.635297
 0 0.6353
 0 0.635302
 0 0.635304
 0 0.635308
 0 0.635312
 0 0.635313
 0 0.635313
 0 0.635313
 0 0.635313
 0 0.635314
 0 0.635314
 0 0.635321
 0 0.635337
 0 0.635338
 0 0.63534
 0 0.635344
 0 0.635355
 0 0.635355
 0 0.63536
 0 0.635362
 0 0.635363
 0 0.635373
 0 0.635373
 0 0.635374
 0 0.635379
 0 0.635387
 0 0.635402
 0 0.635404
 0 0.635413
 0 0.635413
 0 0.635416
 0 0.635417
 0 0.635417
 0 0.635432
 0 0.635433
 0 0.635434
 0 0.635435
 0 0.635439
 0 0.63544
 0 0.635481
 0 0.635481
 0 0.635482
 0 0.635482
 0 0.635482
 0 0.635482
 0 0.635482
 0 0.635488
 0 0.635488
 0 0.635488
 0 0.635494
 0 0.635494
 0 0.635497
 0 0.635504
 0 0.635504
 0 0.635504
 0 0.635504
 0 0.635506
 0 0.635527
 0 0.635527
 0 0.635531
 0 0.635531
 0 0.635531
 0 0.635532
 0 0.635532
 0 0.635536
 0 0.635536
 0 0.635537
 0 0.63554
 0 0.635541
 0 0.635543
 0 0.635552
 0 0.635566
 0 0.63557
 0 0.63557
 0 0.63558
 0 0.63558
 0 0.635583
 0 0.635584
 0 0.635586
 0 0.635587
 0 0.635588
 0 0.635592
 0 0.635592
 0 0.635592
 0 0.635607
 0 0.635608
 0 0.635609
 0 0.635609
 0 0.635623
 0 0.635625
 0 0.635625
 0 0.635625
 0 0.635643
 0 0.635644
 0 0.635645
 0 0.63567
 0 0.635671
 0 0.635693
 0 0.635712
 0 0.635715
 0 0.635723
 0 0.635738
 0 0.63574
 0 0.63574
 0 0.635756
 0 0.635756
 0 0.635776
 0 0.635776
 0 0.635784
 0 0.635787
 0 0.635787
 0 0.635802
 0 0.635802
 0 0.635803
 0 0.635803
 0 0.635803
 0 0.635803
 0 0.635803
 0 0.635819
 0 0.635819
 0 0.635832
 0 0.635839
 0 0.635847
 0 0.635855
 0 0.635855
 0 0.635878
 0 0.635889
 0 0.635891
 0 0.635893
 0 0.635893
 0 0.635896
 0 0.635896
 0 0.635903
 0 0.635904
 0 0.635904
 0 0.635904
 0 0.635904
 0 0.635927
 0 0.635939
 0 0.635939
 0 0.635943
 0 0.635958
 0 0.635968
 0 0.635969
 0 0.63597
 0 0.635979
 0 0.635979
 0 0.635979
 0 0.63598
 0 0.635981
 0 0.635986
 0 0.635991
 0 0.635997
 0 0.636001
 0 0.636011
 0 0.636027
 0 0.636028
 0 0.636041
 0 0.636041
 0 0.636059
 0 0.636067
 0 0.63607
 0 0.636072
 0 0.636072
 0 0.636095
 0 0.636095
 0 0.636095
 0 0.636095
 0 0.636095
 0 0.636105
 0 0.636108
 0 0.636111
 0 0.636113
 0 0.636125
 0 0.636126
 0 0.636129
 0 0.636135
 0 0.636144
 0 0.636145
 0 0.636145
 0 0.636145
 0 0.636151
 0 0.636151
 0 0.636154
 0 0.636154
 0 0.636171
 0 0.636171
 0 0.636171
 0 0.636172
 0 0.636172
 0 0.636182
 0 0.636187
 0 0.636187
 0 0.636188
 0 0.636192
 0 0.636197
 0 0.636197
 0 0.636199
 0 0.6362
 0 0.6362
 0 0.636213
 0 0.636214
 0 0.636216
 0 0.636216
 0 0.636216
 0 0.636225
 0 0.636225
 0 0.636225
 0 0.636228
 0 0.636228
 0 0.636229
 0 0.636231
 0 0.636231
 0 0.636231
 0 0.636232
 0 0.636258
 0 0.636259
 0 0.636268
 0 0.636268
 0 0.636279
 0 0.636287
 0 0.636287
 0 0.636289
 0 0.636307
 0 0.63631
 0 0.63631
 0 0.636316
 0 0.636317
 0 0.636318
 0 0.63633
 0 0.63633
 0 0.636335
 0 0.636335
 0 0.636347
 0 0.636347
 0 0.636349
 0 0.636349
 0 0.63635
 0 0.63635
 0 0.636351
 0 0.636351
 0 0.636355
 0 0.636356
 0 0.636356
 0 0.636357
 0 0.636361
 0 0.636361
 0 0.636372
 0 0.636401
 0 0.636401
 0 0.636402
 0 0.636406
 0 0.636408
 0 0.636417
 0 0.636418
 0 0.636418
 0 0.636419
 0 0.636434
 0 0.636436
 0 0.636437
 0 0.636452
 0 0.636465
 0 0.636467
 0 0.636468
 0 0.636476
 0 0.636481
 0 0.636493
 0 0.636493
 0 0.636493
 0 0.636497
 0 0.63651
 0 0.636522
 0 0.636522
 0 0.636523
 0 0.636527
 0 0.636564
 0 0.636565
 0 0.636582
 0 0.636582
 0 0.636582
 0 0.636583
 0 0.636583
 0 0.636589
 0 0.636589
 0 0.636602
 0 0.636607
 0 0.636611
 0 0.636616
 0 0.636627
 0 0.636627
 0 0.63663
 0 0.636631
 0 0.636633
 0 0.636634
 0 0.636634
 0 0.636683
 0 0.636685
 0 0.636686
 0 0.636689
 0 0.636689
 0 0.636691
 0 0.636696
 0 0.636698
 0 0.636698
 0 0.636698
 0 0.636699
 0 0.636704
 0 0.636712
 0 0.636713
 0 0.636714
 0 0.636714
 0 0.636714
 0 0.636716
 0 0.636716
 0 0.63672
 0 0.636736
 0 0.636737
 0 0.636751
 0 0.636757
 0 0.636762
 0 0.636764
 0 0.636774
 0 0.636778
 0 0.636784
 0 0.636784
 0 0.636796
 0 0.636828
 0 0.636828
 0 0.636828
 0 0.636828
 0 0.636855
 0 0.636862
 0 0.636868
 0 0.636869
 0 0.636886
 0 0.636886
 0 0.636887
 0 0.636888
 0 0.636888
 0 0.636888
 0 0.636888
 0 0.636889
 0 0.636891
 0 0.636891
 0 0.636891
 0 0.636908
 0 0.636908
 0 0.63691
 0 0.636911
 0 0.636968
 0 0.636968
 0 0.636968
 0 0.636968
 0 0.636968
 0 0.636969
 0 0.636977
 0 0.637004
 0 0.637004
 0 0.637023
 0 0.637025
 0 0.637026
 0 0.637027
 0 0.637069
 0 0.637075
 0 0.637079
 0 0.637088
 0 0.6371
 0 0.637103
 0 0.63711
 0 0.63711
 0 0.637113
 0 0.63712
 0 0.63712
 0 0.637122
 0 0.637122
 0 0.637122
 0 0.637122
 0 0.637126
 0 0.637128
 0 0.637129
 0 0.637137
 0 0.637141
 0 0.637145
 0 0.637145
 0 0.637145
 0 0.637165
 0 0.637165
 0 0.637178
 0 0.637178
 0 0.637181
 0 0.637214
 0 0.637222
 0 0.637222
 0 0.637223
 0 0.637228
 0 0.63723
 0 0.637233
 0 0.637239
 0 0.637276
 0 0.637278
 0 0.63728
 0 0.637281
 0 0.637283
 0 0.637283
 0 0.637284
 0 0.637297
 0 0.637297
 0 0.637301
 0 0.637304
 0 0.637304
 0 0.637304
 0 0.637311
 0 0.637312
 0 0.637312
 0 0.637314
 0 0.637316
 0 0.637316
 0 0.637316
 0 0.637317
 0 0.637327
 0 0.637327
 0 0.637332
 0 0.637333
 0 0.637336
 0 0.637341
 0 0.637341
 0 0.637341
 0 0.637341
 0 0.637343
 0 0.637343
 0 0.637343
 0 0.63736
 0 0.63736
 0 0.637367
 0 0.637374
 0 0.637377
 0 0.637377
 0 0.637377
 0 0.63739
 0 0.63739
 0 0.637391
 0 0.637391
 0 0.637446
 0 0.637471
 0 0.637472
 0 0.637472
 0 0.637473
 0 0.637477
 0 0.637477
 0 0.637478
 0 0.637501
 0 0.637518
 0 0.637548
 0 0.637553
 0 0.637569
 0 0.637577
 0 0.637579
 0 0.637589
 0 0.637589
 0 0.637592
 0 0.637594
 0 0.637623
 0 0.637627
 0 0.637635
 0 0.637635
 0 0.637636
 0 0.637636
 0 0.637637
 0 0.637638
 0 0.637641
 0 0.637687
 0 0.637687
 0 0.637687
 0 0.637784
 0 0.637785
 0 0.637785
 0 0.637785
 0 0.637816
 0 0.637828
 0 0.637842
 0 0.637853
 0 0.637853
 0 0.637854
 0 0.637867
 0 0.637867
 0 0.637872
 0 0.637872
 0 0.637878
 0 0.637879
 0 0.637879
 0 0.637879
 0 0.637879
 0 0.637879
 0 0.637901
 0 0.637902
 0 0.637927
 0 0.637976
 0 0.637977
 0 0.638003
 0 0.63804
 0 0.638043
 0 0.638099
 0 0.638128
 0 0.638131
 0 0.638155
 0 0.638155
 0 0.63816
 0 0.638179
 0 0.638188
 0 0.638188
 0 0.638188
 0 0.638248
 0 0.638336
 0 0.638336
 0 0.638354
 0 0.63838
 0 0.6384
 0 0.638402
 0 0.638406
 0 0.638445
 0 0.638446
 0 0.638471
 0 0.638471
 0 0.638471
 0 0.638471
 0 0.638488
 0 0.638489
 0 0.638553
 0 0.638608
 0 0.638616
 0 0.638635
 0 0.638635
 0 0.638713
 0 0.638752
 0 0.638752
 0 0.638752
 0 0.638799
 0 0.638801
 0 0.638859
 0 0.638859
 0 0.638859
 0 0.638932
 0 0.638933
 0 0.638962
 0 0.638963
 0 0.638964
 0 0.63906
 0 0.63909
 0 0.63922
 0 0.639248
 0 0.639298
 0 0.639298
 0 0.639503
 0 0.639503
 0 0.639647
 0 0.639663
 0 0.639665
 0 0.639818
 0 0.639836
 0 0.639836
 0 0.639875
 0 0.639877
 0 0.64004
 0 0.640118
 0 0.640194
 0 0.640199
 0 0.640258
 0 0.640467
 0 0.640467
 0 0.640467
 0 0.640559
 0 0.640614
 0 0.640615
 0 0.640617
 0 0.640665
 0 0.640665
 0 0.640788
 0 0.640889
 0 0.640891
 0 0.640891
 0 0.640938
 0 0.640991
 0 0.6412
 0 0.641357
 0 0.641357
 0 0.641358
 0 0.641358
 0 0.641706
 0 1.13336
 0 1.14203
 0 1.27352
 0 1.33177
 0 2.21269
 0 2.21346
 0 2.75284
 0 3.28683
 0 3.28683
 0 3.28748
 0 3.28756
 0 3.28777
 0 inf
