 0 0.488975
 0 0.488975
 0 0.488975
 0 0.488975
 0 0.489086
 0 0.489632
 0 0.617507
 0 0.617642
 0 0.617644
 0 0.618277
 0 0.618277
 0 0.61828
 0 0.618562
 0 0.618562
 0 0.618562
 0 0.618563
 0 0.61888
 0 0.61888
 0 0.618961
 0 0.618962
 0 0.619396
 0 0.619397
 0 0.619398
 0 0.619398
 0 0.619737
 0 0.620097
 0 0.620501
 0 0.6206
 0 0.621004
 0 0.621004
 0 0.62112
 0 0.621121
 0 0.621177
 0 0.621632
 0 0.621635
 0 0.621826
 0 0.622461
 0 0.622462
 0 0.622531
 0 0.622532
 0 0.622721
 0 0.622954
 0 0.62322
 0 0.624178
 0 0.624178
 0 0.624401
 0 0.624401
 0 0.624459
 0 0.624637
 0 0.624637
 0 0.624669
 0 0.624671
 0 0.624671
 0 0.624885
 0 0.624966
 0 0.624966
 0 0.625181
 0 0.625325
 0 0.625331
 0 0.625389
 0 0.62539
 0 0.62539
 0 0.625453
 0 0.625454
 0 0.625456
 0 0.625527
 0 0.625528
 0 0.625547
 0 0.625549
 0 0.625551
 0 0.625611
 0 0.625645
 0 0.625645
 0 0.625646
 0 0.625646
 0 0.625675
 0 0.625675
 0 0.625706
 0 0.625707
 0 0.625707
 0 0.625707
 0 0.625731
 0 0.625751
 0 0.625752
 0 0.625752
 0 0.625787
 0 0.625882
 0 0.625885
 0 0.625907
 0 0.62595
 0 0.626013
 0 0.626013
 0 0.626013
 0 0.626183
 0 0.626183
 0 0.626184
 0 0.626185
 0 0.626188
 0 0.626209
 0 0.626251
 0 0.626252
 0 0.626252
 0 0.626255
 0 0.626311
 0 0.626311
 0 0.626371
 0 0.626371
 0 0.626428
 0 0.626429
 0 0.626429
 0 0.626437
 0 0.626493
 0 0.626495
 0 0.626496
 0 0.626512
 0 0.626514
 0 0.626515
 0 0.626516
 0 0.62652
 0 0.626544
 0 0.626599
 0 0.626668
 0 0.626712
 0 0.626712
 0 0.626717
 0 0.62678
 0 0.62678
 0 0.62678
 0 0.626781
 0 0.62679
 0 0.626794
 0 0.626796
 0 0.626796
 0 0.626798
 0 0.626799
 0 0.626805
 0 0.626816
 0 0.626816
 0 0.626873
 0 0.626873
 0 0.626884
 0 0.626885
 0 0.626943
 0 0.627024
 0 0.627031
 0 0.627031
 0 0.627059
 0 0.627059
 0 0.627061
 0 0.62707
 0 0.62707
 0 0.627096
 0 0.62719
 0 0.627212
 0 0.627213
 0 0.627215
 0 0.627296
 0 0.627296
 0 0.627301
 0 0.627301
 0 0.627311
 0 0.627314
 0 0.627349
 0 0.627491
 0 0.62751
 0 0.62751
 0 0.627531
 0 0.627533
 0 0.627599
 0 0.6276
 0 0.6276
 0 0.627602
 0 0.627602
 0 0.627611
 0 0.627615
 0 0.627631
 0 0.627695
 0 0.627695
 0 0.627696
 0 0.627697
 0 0.627699
 0 0.627699
 0 0.627711
 0 0.627711
 0 0.627711
 0 0.627712
 0 0.627724
 0 0.627724
 0 0.627855
 0 0.627856
 0 0.627895
 0 0.627923
 0 0.627924
 0 0.627924
 0 0.627933
 0 0.627933
 0 0.627953
 0 0.627963
 0 0.627963
 0 0.628048
 0 0.628049
 0 0.628066
 0 0.628066
 0 0.628067
 0 0.628081
 0 0.628081
 0 0.628131
 0 0.628144
 0 0.628168
 0 0.628169
 0 0.628169
 0 0.628188
 0 0.628192
 0 0.628216
 0 0.628219
 0 0.628267
 0 0.628286
 0 0.628286
 0 0.628309
 0 0.628313
 0 0.628314
 0 0.62832
 0 0.628352
 0 0.628352
 0 0.628354
 0 0.628354
 0 0.628357
 0 0.628372
 0 0.628372
 0 0.628372
 0 0.628389
 0 0.628395
 0 0.628395
 0 0.628397
 0 0.628411
 0 0.628415
 0 0.628445
 0 0.628448
 0 0.628448
 0 0.628481
 0 0.628481
 0 0.628482
 0 0.628524
 0 0.628539
 0 0.62855
 0 0.628586
 0 0.628604
 0 0.628605
 0 0.628605
 0 0.628734
 0 0.628743
 0 0.628778
 0 0.628778
 0 0.628792
 0 0.628798
 0 0.628818
 0 0.628818
 0 0.628826
 0 0.628828
 0 0.628836
 0 0.628844
 0 0.628845
 0 0.628853
 0 0.628854
 0 0.628861
 0 0.628883
 0 0.628884
 0 0.628899
 0 0.628971
 0 0.628982
 0 0.628988
 0 0.628989
 0 0.629021
 0 0.629037
 0 0.629057
 0 0.629057
 0 0.629057
 0 0.629156
 0 0.629223
 0 0.62926
 0 0.629262
 0 0.629262
 0 0.629271
 0 0.629356
 0 0.629366
 0 0.629398
 0 0.629402
 0 0.629416
 0 0.629417
 0 0.629417
 0 0.629417
 0 0.629417
 0 0.629419
 0 0.629419
 0 0.629419
 0 0.629447
 0 0.629447
 0 0.629473
 0 0.629485
 0 0.629493
 0 0.629528
 0 0.629528
 0 0.629551
 0 0.629555
 0 0.629557
 0 0.629557
 0 0.62957
 0 0.62957
 0 0.629639
 0 0.629639
 0 0.629659
 0 0.62966
 0 0.629662
 0 0.629671
 0 0.629687
 0 0.62969
 0 0.629715
 0 0.629715
 0 0.629715
 0 0.629717
 0 0.629719
 0 0.629757
 0 0.629757
 0 0.629804
 0 0.629804
 0 0.629804
 0 0.629806
 0 0.629807
 0 0.629867
 0 0.629869
 0 0.62987
 0 0.629871
 0 0.629871
 0 0.629871
 0 0.629872
 0 0.629872
 0 0.629894
 0 0.629894
 0 0.629936
 0 0.629937
 0 0.629943
 0 0.629945
 0 0.629961
 0 0.629963
 0 0.629964
 0 0.630007
 0 0.630008
 0 0.630009
 0 0.630062
 0 0.630062
 0 0.630064
 0 0.630068
 0 0.630138
 0 0.630175
 0 0.630213
 0 0.630237
 0 0.630265
 0 0.630266
 0 0.630266
 0 0.630266
 0 0.630296
 0 0.630296
 0 0.630306
 0 0.630306
 0 0.630306
 0 0.630307
 0 0.630315
 0 0.630316
 0 0.630334
 0 0.630344
 0 0.630348
 0 0.630348
 0 0.630349
 0 0.630349
 0 0.630349
 0 0.63039
 0 0.63039
 0 0.63039
 0 0.630403
 0 0.630418
 0 0.630421
 0 0.630421
 0 0.63043
 0 0.630484
 0 0.630496
 0 0.630496
 0 0.630496
 0 0.630498
 0 0.630548
 0 0.630549
 0 0.63055
 0 0.630551
 0 0.6306
 0 0.630619
 0 0.630632
 0 0.630633
 0 0.630644
 0 0.630646
 0 0.630646
 0 0.63066
 0 0.63066
 0 0.630725
 0 0.630772
 0 0.630773
 0 0.630795
 0 0.63086
 0 0.630878
 0 0.630881
 0 0.630905
 0 0.630917
 0 0.630923
 0 0.630923
 0 0.630959
 0 0.630987
 0 0.630987
 0 0.630988
 0 0.630989
 0 0.630991
 0 0.631002
 0 0.631012
 0 0.631012
 0 0.631012
 0 0.631014
 0 0.631015
 0 0.631015
 0 0.631016
 0 0.631044
 0 0.631057
 0 0.631057
 0 0.631198
 0 0.631226
 0 0.631227
 0 0.631229
 0 0.631231
 0 0.631233
 0 0.631233
 0 0.631237
 0 0.63124
 0 0.63124
 0 0.63124
 0 0.631258
 0 0.631281
 0 0.631281
 0 0.631282
 0 0.631315
 0 0.631315
 0 0.631364
 0 0.631364
 0 0.631384
 0 0.631389
 0 0.631393
 0 0.631393
 0 0.631393
 0 0.631393
 0 0.631452
 0 0.631521
 0 0.631521
 0 0.631521
 0 0.631544
 0 0.631545
 0 0.631546
 0 0.631546
 0 0.631573
 0 0.631576
 0 0.631576
 0 0.631591
 0 0.631611
 0 0.631769
 0 0.631769
 0 0.631772
 0 0.631777
 0 0.631795
 0 0.631805
 0 0.631807
 0 0.631823
 0 0.631823
 0 0.631823
 0 0.631823
 0 0.631826
 0 0.631843
 0 0.631861
 0 0.631864
 0 0.631873
 0 0.631882
 0 0.631887
 0 0.631889
 0 0.631889
 0 0.631889
 0 0.631939
 0 0.631959
 0 0.63196
 0 0.631961
 0 0.631963
 0 0.631963
 0 0.631966
 0 0.631972
 0 0.631972
 0 0.631974
 0 0.631974
 0 0.632011
 0 0.632011
 0 0.632013
 0 0.63204
 0 0.632062
 0 0.632066
 0 0.632066
 0 0.632119
 0 0.632158
 0 0.63216
 0 0.632223
 0 0.632226
 0 0.632226
 0 0.632226
 0 0.632227
 0 0.632234
 0 0.632235
 0 0.632235
 0 0.632275
 0 0.632277
 0 0.632357
 0 0.632358
 0 0.632359
 0 0.632359
 0 0.632387
 0 0.632389
 0 0.632431
 0 0.632431
 0 0.632431
 0 0.632433
 0 0.632434
 0 0.63244
 0 0.632517
 0 0.632521
 0 0.632521
 0 0.632521
 0 0.632521
 0 0.632521
 0 0.632527
 0 0.632527
 0 0.632541
 0 0.632557
 0 0.632558
 0 0.632577
 0 0.632578
 0 0.632586
 0 0.632597
 0 0.632606
 0 0.632606
 0 0.63263
 0 0.63263
 0 0.632665
 0 0.632666
 0 0.632673
 0 0.632673
 0 0.632675
 0 0.632675
 0 0.632675
 0 0.632675
 0 0.632675
 0 0.63269
 0 0.63269
 0 0.632692
 0 0.632694
 0 0.632712
 0 0.63273
 0 0.632734
 0 0.632734
 0 0.632766
 0 0.63277
 0 0.63277
 0 0.63277
 0 0.63277
 0 0.632772
 0 0.632773
 0 0.632778
 0 0.632779
 0 0.632779
 0 0.632798
 0 0.63285
 0 0.632851
 0 0.632853
 0 0.632853
 0 0.632912
 0 0.632912
 0 0.632914
 0 0.632942
 0 0.632946
 0 0.63295
 0 0.63295
 0 0.632953
 0 0.632963
 0 0.632963
 0 0.632987
 0 0.633008
 0 0.633008
 0 0.633008
 0 0.633008
 0 0.63302
 0 0.633021
 0 0.633073
 0 0.633073
 0 0.633073
 0 0.633073
 0 0.633092
 0 0.633092
 0 0.633093
 0 0.633109
 0 0.633127
 0 0.633127
 0 0.633141
 0 0.633141
 0 0.633141
 0 0.633151
 0 0.633186
 0 0.633186
 0 0.633187
 0 0.633188
 0 0.633188
 0 0.633199
 0 0.633199
 0 0.633199
 0 0.633199
 0 0.633233
 0 0.633233
 0 0.633234
 0 0.633242
 0 0.633242
 0 0.633242
 0 0.633244
 0 0.633247
 0 0.633247
 0 0.633263
 0 0.633263
 0 0.633263
 0 0.633277
 0 0.633293
 0 0.633325
 0 0.633339
 0 0.63334
 0 0.633357
 0 0.63336
 0 0.633362
 0 0.633411
 0 0.633463
 0 0.633464
 0 0.633466
 0 0.633473
 0 0.633476
 0 0.633476
 0 0.633485
 0 0.633521
 0 0.633521
 0 0.633525
 0 0.633526
 0 0.633536
 0 0.633536
 0 0.633536
 0 0.633538
 0 0.633538
 0 0.63354
 0 0.63355
 0 0.63355
 0 0.63355
 0 0.633629
 0 0.633641
 0 0.633641
 0 0.633642
 0 0.633642
 0 0.633642
 0 0.633662
 0 0.633683
 0 0.633684
 0 0.633684
 0 0.633685
 0 0.633686
 0 0.633686
 0 0.63374
 0 0.633763
 0 0.633763
 0 0.633765
 0 0.633777
 0 0.633787
 0 0.633806
 0 0.633831
 0 0.633841
 0 0.633841
 0 0.633841
 0 0.633842
 0 0.633842
 0 0.633852
 0 0.633852
 0 0.633869
 0 0.633919
 0 0.633919
 0 0.633951
 0 0.63396
 0 0.63396
 0 0.634003
 0 0.634003
 0 0.634009
 0 0.63401
 0 0.63401
 0 0.634011
 0 0.634027
 0 0.634027
 0 0.634039
 0 0.634104
 0 0.634108
 0 0.634109
 0 0.63412
 0 0.634123
 0 0.634126
 0 0.634126
 0 0.634127
 0 0.634136
 0 0.634136
 0 0.634142
 0 0.634143
 0 0.634149
 0 0.634149
 0 0.63415
 0 0.634163
 0 0.634163
 0 0.634179
 0 0.63418
 0 0.634181
 0 0.634181
 0 0.634181
 0 0.634188
 0 0.634188
 0 0.634188
 0 0.634191
 0 0.634191
 0 0.634212
 0 0.634215
 0 0.634218
 0 0.634232
 0 0.634232
 0 0.634233
 0 0.634254
 0 0.634263
 0 0.634266
 0 0.63431
 0 0.634313
 0 0.634319
 0 0.634319
 0 0.634319
 0 0.63432
 0 0.634328
 0 0.634329
 0 0.634344
 0 0.634344
 0 0.634384
 0 0.634392
 0 0.634392
 0 0.634392
 0 0.634405
 0 0.634406
 0 0.634411
 0 0.634416
 0 0.634438
 0 0.634491
 0 0.634503
 0 0.634532
 0 0.634532
 0 0.634532
 0 0.63454
 0 0.63454
 0 0.634545
 0 0.634555
 0 0.634594
 0 0.634595
 0 0.634595
 0 0.634608
 0 0.634609
 0 0.634609
 0 0.634609
 0 0.634609
 0 0.634624
 0 0.634625
 0 0.634639
 0 0.634641
 0 0.634641
 0 0.634641
 0 0.634641
 0 0.634643
 0 0.634643
 0 0.634647
 0 0.634663
 0 0.634685
 0 0.634685
 0 0.634697
 0 0.634717
 0 0.634717
 0 0.634723
 0 0.634723
 0 0.634723
 0 0.634728
 0 0.63474
 0 0.634742
 0 0.634742
 0 0.634745
 0 0.634745
 0 0.634756
 0 0.634763
 0 0.634764
 0 0.634764
 0 0.634768
 0 0.634794
 0 0.634794
 0 0.634794
 0 0.634794
 0 0.634798
 0 0.634798
 0 0.63483
 0 0.634841
 0 0.634842
 0 0.634842
 0 0.634843
 0 0.634845
 0 0.634845
 0 0.634853
 0 0.634853
 0 0.634853
 0 0.634871
 0 0.63491
 0 0.634913
 0 0.634913
 0 0.634913
 0 0.634913
 0 0.634915
 0 0.634926
 0 0.634926
 0 0.634927
 0 0.634938
 0 0.634939
 0 0.634944
 0 0.634944
 0 0.634957
 0 0.634957
 0 0.634957
 0 0.634957
 0 0.634957
 0 0.634957
 0 0.634958
 0 0.634996
 0 0.635005
 0 0.635007
 0 0.635007
 0 0.635016
 0 0.635016
 0 0.635017
 0 0.635022
 0 0.635022
 0 0.635023
 0 0.635024
 0 0.635036
 0 0.63506
 0 0.63506
 0 0.635061
 0 0.63508
 0 0.635099
 0 0.635107
 0 0.635111
 0 0.635126
 0 0.635126
 0 0.635129
 0 0.63513
 0 0.635131
 0 0.635132
 0 0.635137
 0 0.635137
 0 0.635137
 0 0.635137
 0 0.635137
 0 0.635137
 0 0.635171
 0 0.63519
 0 0.635197
 0 0.635197
 0 0.635197
 0 0.635198
 0 0.635198
 0 0.635209
 0 0.63521
 0 0.63521
 0 0.635235
 0 0.635249
 0 0.63527
 0 0.635291
 0 0.635292
 0 0.635293
 0 0.635294
 0 0.635294
 0 0.635295
 0 0.635296
 0 0.635296
 0 0.635296
 0 0.635296
 0 0.635304
 0 0.635307
 0 0.635309
 0 0.635309
 0 0.635332
 0 0.635334
 0 0.635334
 0 0.635334
 0 0.635341
 0 0.635342
 0 0.635371
 0 0.635371
 0 0.635374
 0 0.6354
 0 0.635418
 0 0.635419
 0 0.635423
 0 0.635448
 0 0.635482
 0 0.635482
 0 0.635482
 0 0.635498
 0 0.6355
 0 0.6355
 0 0.635502
 0 0.635503
 0 0.635574
 0 0.635577
 0 0.635599
 0 0.635613
 0 0.635614
 0 0.635618
 0 0.635619
 0 0.635639
 0 0.635656
 0 0.635656
 0 0.635656
 0 0.635679
 0 0.635692
 0 0.635692
 0 0.635695
 0 0.635695
 0 0.635697
 0 0.635697
 0 0.635718
 0 0.635719
 0 0.635725
 0 0.635726
 0 0.635729
 0 0.635874
 0 0.635876
 0 0.635877
 0 0.635888
 0 0.63591
 0 0.635916
 0 0.635917
 0 0.635929
 0 0.635931
 0 0.635934
 0 0.635938
 0 0.635939
 0 0.635939
 0 0.635944
 0 0.635947
 0 0.635969
 0 0.635979
 0 0.635985
 0 0.635986
 0 0.636003
 0 0.63601
 0 0.63604
 0 0.63604
 0 0.63605
 0 0.63605
 0 0.636052
 0 0.636068
 0 0.636069
 0 0.636106
 0 0.636107
 0 0.636109
 0 0.636112
 0 0.636115
 0 0.636115
 0 0.636116
 0 0.636116
 0 0.636116
 0 0.636117
 0 0.636117
 0 0.636117
 0 0.636118
 0 0.636119
 0 0.636142
 0 0.636144
 0 0.636144
 0 0.636144
 0 0.636148
 0 0.636148
 0 0.636157
 0 0.636161
 0 0.6362
 0 0.636239
 0 0.63624
 0 0.636266
 0 0.636279
 0 0.636279
 0 0.636279
 0 0.636279
 0 0.636288
 0 0.636302
 0 0.636312
 0 0.636315
 0 0.636315
 0 0.636319
 0 0.636319
 0 0.636322
 0 0.636329
 0 0.636329
 0 0.63641
 0 0.636428
 0 0.636428
 0 0.636532
 0 0.636532
 0 0.63655
 0 0.636561
 0 0.636562
 0 0.636562
 0 0.636579
 0 0.636587
 0 0.636587
 0 0.63659
 0 0.636591
 0 0.636591
 0 0.636593
 0 0.636593
 0 0.636604
 0 0.636636
 0 0.636636
 0 0.636643
 0 0.636643
 0 0.636643
 0 0.636646
 0 0.636694
 0 0.636745
 0 0.636745
 0 0.636745
 0 0.636745
 0 0.636777
 0 0.636777
 0 0.636805
 0 0.636805
 0 0.636807
 0 0.636837
 0 0.636839
 0 0.636847
 0 0.636851
 0 0.636862
 0 0.636908
 0 0.636909
 0 0.636939
 0 0.637015
 0 0.637033
 0 0.637047
 0 0.637078
 0 0.637078
 0 0.6371
 0 0.637105
 0 0.637105
 0 0.63718
 0 0.63718
 0 0.63718
 0 0.637188
 0 0.637197
 0 0.637212
 0 0.637212
 0 0.637222
 0 0.637261
 0 0.637343
 0 0.637382
 0 0.637384
 0 0.637385
 0 0.637436
 0 0.637436
 0 0.637443
 0 0.637443
 0 0.637453
 0 0.637464
 0 0.63747
 0 0.637521
 0 0.637521
 0 0.637521
 0 0.637537
 0 0.637537
 0 0.637538
 0 0.637538
 0 0.637546
 0 0.637546
 0 0.637553
 0 0.637553
 0 0.637553
 0 0.637559
 0 0.637559
 0 0.637611
 0 0.637625
 0 0.637625
 0 0.637626
 0 0.637651
 0 0.637654
 0 0.637654
 0 0.637654
 0 0.637654
 0 0.637655
 0 0.637664
 0 0.637664
 0 0.637683
 0 0.637683
 0 0.637686
 0 0.637686
 0 0.637686
 0 0.637686
 0 0.637706
 0 0.637706
 0 0.637706
 0 0.637706
 0 0.637706
 0 0.637754
 0 0.637758
 0 0.637795
 0 0.637799
 0 0.637811
 0 0.637811
 0 0.637812
 0 0.637812
 0 0.637866
 0 0.637927
 0 0.637957
 0 0.637971
 0 0.637974
 0 0.637978
 0 0.638025
 0 0.638025
 0 0.638028
 0 0.638032
 0 0.638033
 0 0.638049
 0 0.638049
 0 0.638049
 0 0.638059
 0 0.638065
 0 0.638072
 0 0.638072
 0 0.638105
 0 0.638112
 0 0.638113
 0 0.638116
 0 0.638116
 0 0.638137
 0 0.638137
 0 0.638189
 0 0.638248
 0 0.638328
 0 0.638329
 0 0.638329
 0 0.63833
 0 0.638332
 0 0.638333
 0 0.638333
 0 0.63841
 0 0.638414
 0 0.638414
 0 0.638448
 0 0.638455
 0 0.638455
 0 0.638487
 0 0.638492
 0 0.638492
 0 0.638492
 0 0.638504
 0 0.638506
 0 0.638509
 0 0.638513
 0 0.638514
 0 0.63852
 0 0.63852
 0 0.63859
 0 0.638593
 0 0.638605
 0 0.638624
 0 0.638637
 0 0.63864
 0 0.638663
 0 0.638669
 0 0.638677
 0 0.638745
 0 0.638752
 0 0.638757
 0 0.638757
 0 0.63876
 0 0.638761
 0 0.638761
 0 0.638783
 0 0.638789
 0 0.638798
 0 0.638801
 0 0.638803
 0 0.638803
 0 0.638817
 0 0.638835
 0 0.638835
 0 0.638835
 0 0.638858
 0 0.638869
 0 0.638871
 0 0.638872
 0 0.638872
 0 0.638875
 0 0.638875
 0 0.638942
 0 0.638945
 0 0.638945
 0 0.638945
 0 0.638958
 0 0.638963
 0 0.638963
 0 0.638964
 0 0.638979
 0 0.638981
 0 0.638981
 0 0.639003
 0 0.639004
 0 0.639012
 0 0.639012
 0 0.639022
 0 0.639046
 0 0.639049
 0 0.639057
 0 0.639085
 0 0.639085
 0 0.639085
 0 0.639098
 0 0.639109
 0 0.639113
 0 0.639115
 0 0.639116
 0 0.639116
 0 0.639117
 0 0.639118
 0 0.639118
 0 0.639119
 0 0.63912
 0 0.639138
 0 0.639138
 0 0.639138
 0 0.639145
 0 0.639148
 0 0.639177
 0 0.639177
 0 0.639192
 0 0.639195
 0 0.639195
 0 0.63924
 0 0.639243
 0 0.639266
 0 0.639342
 0 0.639344
 0 0.639345
 0 0.63938
 0 0.63938
 0 0.639382
 0 0.639382
 0 0.639414
 0 0.639414
 0 0.639415
 0 0.639417
 0 0.639427
 0 0.639491
 0 0.639502
 0 0.639502
 0 0.639503
 0 0.639503
 0 0.639504
 0 0.639505
 0 0.639519
 0 0.639556
 0 0.639557
 0 0.639602
 0 0.639602
 0 0.639644
 0 0.6397
 0 0.639702
 0 0.639743
 0 0.639743
 0 0.639746
 0 0.639752
 0 0.639757
 0 0.639757
 0 0.639759
 0 0.639782
 0 0.639782
 0 0.639883
 0 0.639883
 0 0.639925
 0 0.639928
 0 0.639928
 0 0.639929
 0 0.639932
 0 0.639994
 0 0.640107
 0 0.640107
 0 0.640111
 0 0.640122
 0 0.640126
 0 0.64016
 0 0.64016
 0 0.640208
 0 0.640209
 0 0.640217
 0 0.640217
 0 0.640286
 0 0.640287
 0 0.640317
 0 0.640321
 0 0.640384
 0 0.640384
 0 0.640384
 0 0.640402
 0 0.640413
 0 0.640491
 0 0.640556
 0 0.640557
 0 0.640579
 0 0.640594
 0 0.640594
 0 0.640594
 0 0.640607
 0 0.64062
 0 0.64062
 0 0.64066
 0 0.640674
 0 0.640676
 0 0.640692
 0 0.640693
 0 0.640762
 0 0.640773
 0 0.640956
 0 0.64098
 0 0.640983
 0 0.640983
 0 0.641055
 0 0.641239
 0 0.64124
 0 0.641321
 0 0.641409
 0 0.641542
 0 0.641658
 0 0.641658
 0 0.641707
 0 0.641707
 0 0.641707
 0 0.641708
 0 0.64176
 0 0.641762
 0 0.641763
 0 0.641864
 0 0.641864
 0 0.641864
 0 0.64208
 0 0.64208
 0 0.642083
 0 0.642083
 0 0.642083
 0 0.642118
 0 0.642118
 0 0.642118
 0 0.642194
 0 0.642194
 0 0.642194
 0 0.642283
 0 0.642284
 0 0.642408
 0 0.642514
 0 0.64264
 0 0.64264
 0 0.642642
 0 0.643028
 0 0.643031
 0 0.643233
 0 0.643233
 0 0.643609
 0 0.643609
 0 0.643611
 0 0.643611
 0 0.643612
 0 0.64372
 0 0.64372
 0 0.64372
 0 0.64372
 0 0.64372
 0 0.64401
 0 0.644101
 0 0.644176
 0 0.644374
 0 0.644374
 0 0.644488
 0 0.644712
 0 0.644846
 0 0.644986
 0 0.645262
 0 0.645263
 0 0.645264
 0 0.645605
 0 0.645605
 0 0.647128
 0 0.647769
 0 0.647769
 0 0.647771
 0 0.647829
 0 0.647829
 0 0.64952
 0 0.649675
 0 0.649675
 0 0.649675
 0 0.649675
 0 0.649675
 0 2.15913
 0 2.15913
 0 2.1595
 0 2.1595
 0 2.1595
 0 2.15973
 0 inf
