 8.13267 8.24883
 7.73854 9.07057
 7.72475 7.7559
 7.10424 7.14894
 7.05903 7.34306
 6.89005 7.65142
 6.87863 7.40247
 6.8351 7.71391
 6.80877 11.1266
 6.76242 6.98025
 6.72222 7.36584
 6.68702 6.69672
 6.65475 6.95418
 6.55307 7.83977
 6.52948 6.7143
 6.52003 6.57088
 6.15065 6.22944
 6.05258 6.83963
 5.959 6.14396
 5.88283 6.11451
 5.70936 5.93075
 5.6837 5.70149
 5.60582 6.86582
 5.34274 5.39726
 5.33267 8.10428
 5.28973 9.91871
 5.1863 5.18648
 5.18477 6.17984
 5.17273 5.17506
 5.16077 5.16427
 5.14931 5.15441
 5.10903 5.18923
 5.06537 5.06892
 5.05795 5.51339
 5.05321 5.07024
 5.00851 5.01424
 4.99548 5.00884
 4.98861 5.05584
 4.96344 5.05678
 4.9462 5.11773
 4.93133 5.03151
 4.92075 4.93859
 4.9024 4.90727
 4.8944 4.90089
 4.88902 4.94392
 4.88851 4.89552
 4.88657 4.89211
 4.88527 4.89231
 4.88173 4.88931
 4.87005 4.93879
 4.86816 8.50889
 4.86219 4.86777
 4.85943 4.86764
 4.85788 5.16992
 4.83689 4.84686
 4.82383 4.84057
 4.81808 4.83097
 4.81709 4.81956
 4.81655 4.82737
 4.81141 4.83121
 4.80332 4.80925
 4.80166 4.81935
 4.80154 4.80973
 4.79826 4.81178
 4.79534 4.80425
 4.79384 4.79614
 4.78729 5.04944
 4.78427 4.80594
 4.78223 4.80383
 4.779 4.78567
 4.77789 4.78116
 4.77372 4.90928
 4.77041 4.78796
 4.76839 4.79151
 4.76821 4.78565
 4.7595 4.78359
 4.75939 4.94293
 4.75783 4.78309
 4.7528 4.7572
 4.75128 4.92047
 4.75021 7.18512
 4.74507 4.86713
 4.74504 4.76518
 4.73985 4.76478
 4.72964 4.73805
 4.72411 4.73665
 4.72102 4.7478
 4.71792 8.15166
 4.67952 4.88761
 4.61542 4.65216
 4.50827 6.61913
 4.47128 4.66626
 4.44969 4.78803
 4.42925 4.44211
 4.40635 9.59111
 4.38072 5.04711
 4.36668 4.77007
 4.33117 4.33552
 4.31154 4.38051
 4.29196 8.72933
 4.0664 4.61826
 4.01574 4.48155
 3.98537 8.87657
 3.91522 7.11887
 3.66972 9.20865
