 0 0.482117
 0 0.482713
 0 0.482713
 0 0.482713
 0 0.483762
 0 0.483762
 0 0.488637
 0 0.488839
 0 0.488839
 0 0.489069
 0 0.489069
 0 0.48907
 0 0.497108
 0 0.497997
 0 0.497997
 0 0.497997
 0 0.498504
 0 0.498505
 0 0.619024
 0 0.619266
 0 0.619578
 0 0.619578
 0 0.619578
 0 0.619838
 0 0.619839
 0 0.620046
 0 0.620046
 0 0.620072
 0 0.620222
 0 0.620645
 0 0.622454
 0 0.622492
 0 0.622492
 0 0.622933
 0 0.622933
 0 0.622971
 0 0.623716
 0 0.623716
 0 0.623913
 0 0.624014
 0 0.624311
 0 0.624312
 0 0.624464
 0 0.624619
 0 0.624822
 0 0.624823
 0 0.624823
 0 0.624824
 0 0.624824
 0 0.625071
 0 0.625072
 0 0.625087
 0 0.625087
 0 0.625088
 0 0.625088
 0 0.625088
 0 0.625099
 0 0.625116
 0 0.625116
 0 0.625315
 0 0.625368
 0 0.62552
 0 0.625572
 0 0.625572
 0 0.625586
 0 0.625699
 0 0.625701
 0 0.625705
 0 0.625707
 0 0.625707
 0 0.626037
 0 0.626038
 0 0.626075
 0 0.626077
 0 0.626077
 0 0.626077
 0 0.626187
 0 0.626255
 0 0.62635
 0 0.626351
 0 0.626351
 0 0.626432
 0 0.626432
 0 0.626433
 0 0.626437
 0 0.626445
 0 0.626446
 0 0.626518
 0 0.626518
 0 0.626657
 0 0.626657
 0 0.626657
 0 0.626657
 0 0.626657
 0 0.626676
 0 0.626676
 0 0.6267
 0 0.6267
 0 0.626703
 0 0.626841
 0 0.626966
 0 0.627059
 0 0.627163
 0 0.627163
 0 0.627176
 0 0.627251
 0 0.627364
 0 0.627377
 0 0.627381
 0 0.627411
 0 0.627411
 0 0.627411
 0 0.627411
 0 0.627411
 0 0.627492
 0 0.627492
 0 0.627492
 0 0.627493
 0 0.627537
 0 0.627537
 0 0.627555
 0 0.627555
 0 0.627594
 0 0.627628
 0 0.627629
 0 0.627693
 0 0.627735
 0 0.627736
 0 0.627744
 0 0.62776
 0 0.627769
 0 0.62779
 0 0.627791
 0 0.627792
 0 0.627792
 0 0.627802
 0 0.627803
 0 0.627906
 0 0.62798
 0 0.628046
 0 0.628047
 0 0.628078
 0 0.628083
 0 0.628084
 0 0.628084
 0 0.628085
 0 0.628168
 0 0.628168
 0 0.628169
 0 0.628275
 0 0.628276
 0 0.628285
 0 0.628285
 0 0.628286
 0 0.628307
 0 0.628308
 0 0.628336
 0 0.628368
 0 0.628368
 0 0.628492
 0 0.628493
 0 0.628493
 0 0.628524
 0 0.628524
 0 0.628532
 0 0.628561
 0 0.628564
 0 0.62858
 0 0.62858
 0 0.628607
 0 0.628608
 0 0.628644
 0 0.628689
 0 0.628689
 0 0.628696
 0 0.628699
 0 0.628713
 0 0.62872
 0 0.62872
 0 0.628734
 0 0.628796
 0 0.628804
 0 0.628815
 0 0.628821
 0 0.628822
 0 0.628847
 0 0.628848
 0 0.628879
 0 0.628891
 0 0.628891
 0 0.628893
 0 0.628902
 0 0.628902
 0 0.628902
 0 0.628909
 0 0.628956
 0 0.628957
 0 0.628972
 0 0.628972
 0 0.628973
 0 0.628976
 0 0.628976
 0 0.628976
 0 0.628985
 0 0.628985
 0 0.628988
 0 0.629019
 0 0.629027
 0 0.629027
 0 0.629027
 0 0.629027
 0 0.629082
 0 0.629082
 0 0.629105
 0 0.629106
 0 0.629106
 0 0.629154
 0 0.629154
 0 0.629233
 0 0.629238
 0 0.629252
 0 0.629252
 0 0.629257
 0 0.62926
 0 0.629308
 0 0.629308
 0 0.62931
 0 0.62931
 0 0.629314
 0 0.629327
 0 0.629328
 0 0.629334
 0 0.629334
 0 0.629377
 0 0.629377
 0 0.629378
 0 0.629386
 0 0.629387
 0 0.629387
 0 0.629387
 0 0.629457
 0 0.629458
 0 0.629458
 0 0.629469
 0 0.629469
 0 0.629469
 0 0.629471
 0 0.629487
 0 0.629487
 0 0.629487
 0 0.629498
 0 0.6295
 0 0.629502
 0 0.629504
 0 0.629523
 0 0.629523
 0 0.629547
 0 0.629547
 0 0.629547
 0 0.629549
 0 0.62955
 0 0.629623
 0 0.629623
 0 0.629637
 0 0.629643
 0 0.629643
 0 0.629643
 0 0.629654
 0 0.629654
 0 0.629662
 0 0.629674
 0 0.629674
 0 0.629678
 0 0.629678
 0 0.629678
 0 0.629687
 0 0.629694
 0 0.629696
 0 0.629697
 0 0.629697
 0 0.629697
 0 0.629697
 0 0.629699
 0 0.629699
 0 0.629738
 0 0.629752
 0 0.629752
 0 0.629752
 0 0.629766
 0 0.62978
 0 0.62978
 0 0.629803
 0 0.629804
 0 0.629805
 0 0.629805
 0 0.629806
 0 0.629813
 0 0.629813
 0 0.629814
 0 0.629818
 0 0.629826
 0 0.629826
 0 0.629826
 0 0.629863
 0 0.629864
 0 0.629909
 0 0.629916
 0 0.629936
 0 0.629937
 0 0.629938
 0 0.62995
 0 0.62996
 0 0.62996
 0 0.62996
 0 0.629966
 0 0.630004
 0 0.630004
 0 0.630005
 0 0.630013
 0 0.630018
 0 0.630018
 0 0.63002
 0 0.630061
 0 0.630062
 0 0.630062
 0 0.630082
 0 0.630083
 0 0.630087
 0 0.630127
 0 0.630138
 0 0.630138
 0 0.630138
 0 0.630144
 0 0.630145
 0 0.630147
 0 0.630149
 0 0.630169
 0 0.630169
 0 0.630175
 0 0.630176
 0 0.630177
 0 0.630205
 0 0.630205
 0 0.630205
 0 0.630233
 0 0.630271
 0 0.630275
 0 0.630307
 0 0.630336
 0 0.630337
 0 0.630342
 0 0.630342
 0 0.630351
 0 0.630351
 0 0.630351
 0 0.630351
 0 0.630356
 0 0.630375
 0 0.630375
 0 0.630392
 0 0.630392
 0 0.630431
 0 0.630431
 0 0.630431
 0 0.630437
 0 0.630437
 0 0.630438
 0 0.630452
 0 0.630461
 0 0.630461
 0 0.630469
 0 0.630488
 0 0.630509
 0 0.630538
 0 0.630544
 0 0.630544
 0 0.630544
 0 0.630544
 0 0.630544
 0 0.630556
 0 0.630566
 0 0.630581
 0 0.630583
 0 0.630591
 0 0.630591
 0 0.630601
 0 0.630613
 0 0.630613
 0 0.630613
 0 0.630613
 0 0.630622
 0 0.630623
 0 0.63064
 0 0.630702
 0 0.630702
 0 0.630707
 0 0.630709
 0 0.630731
 0 0.630735
 0 0.630748
 0 0.63075
 0 0.630792
 0 0.630792
 0 0.630793
 0 0.630793
 0 0.630852
 0 0.630854
 0 0.630855
 0 0.630855
 0 0.630855
 0 0.630856
 0 0.630856
 0 0.630903
 0 0.63092
 0 0.63092
 0 0.630921
 0 0.630928
 0 0.630928
 0 0.630956
 0 0.630966
 0 0.630966
 0 0.630966
 0 0.630984
 0 0.630985
 0 0.630985
 0 0.631008
 0 0.631027
 0 0.631027
 0 0.631053
 0 0.631053
 0 0.631053
 0 0.631053
 0 0.631053
 0 0.631072
 0 0.631072
 0 0.631085
 0 0.631096
 0 0.631098
 0 0.631098
 0 0.631098
 0 0.631116
 0 0.63112
 0 0.63112
 0 0.631121
 0 0.631122
 0 0.631123
 0 0.631126
 0 0.631128
 0 0.631145
 0 0.631145
 0 0.631146
 0 0.631146
 0 0.631146
 0 0.631146
 0 0.631147
 0 0.63115
 0 0.63115
 0 0.631165
 0 0.631165
 0 0.631165
 0 0.631165
 0 0.631172
 0 0.631172
 0 0.631197
 0 0.631199
 0 0.631199
 0 0.631199
 0 0.631199
 0 0.6312
 0 0.631209
 0 0.63123
 0 0.631242
 0 0.631264
 0 0.6313
 0 0.631301
 0 0.631307
 0 0.631307
 0 0.631332
 0 0.631334
 0 0.631343
 0 0.631343
 0 0.631354
 0 0.631364
 0 0.631375
 0 0.631376
 0 0.631377
 0 0.631377
 0 0.631379
 0 0.631402
 0 0.631402
 0 0.631402
 0 0.631412
 0 0.631451
 0 0.631459
 0 0.63146
 0 0.631461
 0 0.631489
 0 0.631489
 0 0.63149
 0 0.631491
 0 0.631492
 0 0.631499
 0 0.6315
 0 0.6315
 0 0.6315
 0 0.631501
 0 0.631503
 0 0.631504
 0 0.631505
 0 0.631534
 0 0.631559
 0 0.631559
 0 0.631609
 0 0.631614
 0 0.631621
 0 0.631621
 0 0.631623
 0 0.631624
 0 0.631624
 0 0.631624
 0 0.631624
 0 0.631625
 0 0.631638
 0 0.631669
 0 0.631669
 0 0.631686
 0 0.631704
 0 0.631704
 0 0.631723
 0 0.631723
 0 0.631736
 0 0.631736
 0 0.631738
 0 0.631883
 0 0.631883
 0 0.631902
 0 0.631919
 0 0.631941
 0 0.631941
 0 0.631942
 0 0.631944
 0 0.631945
 0 0.631953
 0 0.631953
 0 0.631977
 0 0.631989
 0 0.631989
 0 0.63199
 0 0.632034
 0 0.632056
 0 0.632058
 0 0.632079
 0 0.63208
 0 0.63208
 0 0.63208
 0 0.632093
 0 0.632097
 0 0.632098
 0 0.632101
 0 0.632112
 0 0.632112
 0 0.632112
 0 0.632112
 0 0.632113
 0 0.632113
 0 0.632144
 0 0.632144
 0 0.632144
 0 0.632162
 0 0.632163
 0 0.632169
 0 0.63217
 0 0.632235
 0 0.632235
 0 0.632243
 0 0.632257
 0 0.632257
 0 0.632257
 0 0.632257
 0 0.632268
 0 0.632286
 0 0.632293
 0 0.632298
 0 0.632299
 0 0.632334
 0 0.632341
 0 0.632341
 0 0.632341
 0 0.632353
 0 0.632357
 0 0.632374
 0 0.63243
 0 0.632431
 0 0.632438
 0 0.632439
 0 0.632449
 0 0.632449
 0 0.63245
 0 0.63245
 0 0.63245
 0 0.63245
 0 0.63245
 0 0.632495
 0 0.632495
 0 0.632501
 0 0.632502
 0 0.632503
 0 0.63251
 0 0.63251
 0 0.632516
 0 0.632516
 0 0.632516
 0 0.632517
 0 0.632518
 0 0.632524
 0 0.632524
 0 0.632526
 0 0.632568
 0 0.632568
 0 0.632568
 0 0.632597
 0 0.632597
 0 0.632616
 0 0.632618
 0 0.63262
 0 0.632621
 0 0.632621
 0 0.632643
 0 0.632689
 0 0.63269
 0 0.632692
 0 0.632725
 0 0.632725
 0 0.632725
 0 0.632725
 0 0.632725
 0 0.632727
 0 0.632743
 0 0.632761
 0 0.632763
 0 0.632795
 0 0.632798
 0 0.632799
 0 0.632799
 0 0.632844
 0 0.632862
 0 0.632863
 0 0.632868
 0 0.632868
 0 0.632868
 0 0.632892
 0 0.632896
 0 0.632902
 0 0.632903
 0 0.632909
 0 0.63291
 0 0.63291
 0 0.632914
 0 0.632914
 0 0.632922
 0 0.632933
 0 0.632933
 0 0.632944
 0 0.632944
 0 0.632944
 0 0.632954
 0 0.632954
 0 0.632959
 0 0.632959
 0 0.632959
 0 0.632964
 0 0.632964
 0 0.632966
 0 0.632968
 0 0.632969
 0 0.632969
 0 0.632971
 0 0.632976
 0 0.632976
 0 0.632983
 0 0.633002
 0 0.633003
 0 0.633012
 0 0.633013
 0 0.633013
 0 0.633013
 0 0.633014
 0 0.633015
 0 0.633016
 0 0.633026
 0 0.633043
 0 0.633063
 0 0.633081
 0 0.633097
 0 0.633097
 0 0.633099
 0 0.633103
 0 0.633103
 0 0.633103
 0 0.633105
 0 0.633129
 0 0.633129
 0 0.63313
 0 0.63313
 0 0.63314
 0 0.633147
 0 0.633153
 0 0.633158
 0 0.63316
 0 0.633174
 0 0.633175
 0 0.633175
 0 0.633176
 0 0.633194
 0 0.633202
 0 0.633202
 0 0.633202
 0 0.633204
 0 0.633204
 0 0.633221
 0 0.633244
 0 0.633244
 0 0.633246
 0 0.633246
 0 0.633246
 0 0.633246
 0 0.63326
 0 0.633265
 0 0.633274
 0 0.633298
 0 0.633298
 0 0.633298
 0 0.633299
 0 0.633299
 0 0.633323
 0 0.633323
 0 0.633328
 0 0.633334
 0 0.633367
 0 0.633368
 0 0.633371
 0 0.633372
 0 0.633373
 0 0.633376
 0 0.633377
 0 0.633398
 0 0.633398
 0 0.633399
 0 0.633399
 0 0.633421
 0 0.633421
 0 0.63343
 0 0.633432
 0 0.633449
 0 0.633449
 0 0.633457
 0 0.633457
 0 0.633457
 0 0.633457
 0 0.633458
 0 0.63347
 0 0.633474
 0 0.633482
 0 0.633482
 0 0.633483
 0 0.633483
 0 0.633483
 0 0.633484
 0 0.633486
 0 0.633486
 0 0.633491
 0 0.633491
 0 0.633501
 0 0.633501
 0 0.633502
 0 0.633504
 0 0.633505
 0 0.633505
 0 0.633505
 0 0.63351
 0 0.633528
 0 0.633528
 0 0.633529
 0 0.633535
 0 0.63354
 0 0.633548
 0 0.633552
 0 0.633573
 0 0.633582
 0 0.633582
 0 0.633585
 0 0.633586
 0 0.633586
 0 0.633586
 0 0.633592
 0 0.633592
 0 0.633592
 0 0.633592
 0 0.633612
 0 0.633615
 0 0.633616
 0 0.633617
 0 0.633617
 0 0.633617
 0 0.633623
 0 0.633623
 0 0.633629
 0 0.633629
 0 0.633638
 0 0.633638
 0 0.633639
 0 0.633641
 0 0.633651
 0 0.633651
 0 0.633651
 0 0.633651
 0 0.633653
 0 0.63366
 0 0.63366
 0 0.63366
 0 0.63366
 0 0.63366
 0 0.633666
 0 0.633682
 0 0.633713
 0 0.633722
 0 0.633722
 0 0.633722
 0 0.633722
 0 0.633722
 0 0.633751
 0 0.633752
 0 0.633752
 0 0.633784
 0 0.633788
 0 0.633797
 0 0.633802
 0 0.633802
 0 0.633803
 0 0.633803
 0 0.633803
 0 0.633803
 0 0.63381
 0 0.63381
 0 0.63383
 0 0.63383
 0 0.633833
 0 0.633833
 0 0.633833
 0 0.633833
 0 0.633837
 0 0.633841
 0 0.633846
 0 0.633877
 0 0.633878
 0 0.633879
 0 0.633885
 0 0.633923
 0 0.633923
 0 0.633924
 0 0.633924
 0 0.633927
 0 0.633937
 0 0.633937
 0 0.633937
 0 0.633948
 0 0.633963
 0 0.633964
 0 0.633964
 0 0.633964
 0 0.633985
 0 0.633985
 0 0.633986
 0 0.633988
 0 0.633989
 0 0.634026
 0 0.634026
 0 0.634052
 0 0.634052
 0 0.634083
 0 0.634089
 0 0.634095
 0 0.634106
 0 0.634124
 0 0.634124
 0 0.634152
 0 0.634152
 0 0.634152
 0 0.634159
 0 0.634159
 0 0.63416
 0 0.634169
 0 0.634174
 0 0.634174
 0 0.634177
 0 0.634179
 0 0.634188
 0 0.634193
 0 0.634201
 0 0.634207
 0 0.634212
 0 0.634212
 0 0.634218
 0 0.634219
 0 0.63422
 0 0.63422
 0 0.634233
 0 0.634254
 0 0.634254
 0 0.634254
 0 0.634254
 0 0.634261
 0 0.634271
 0 0.634271
 0 0.63429
 0 0.634315
 0 0.634318
 0 0.634318
 0 0.634319
 0 0.634319
 0 0.634332
 0 0.634335
 0 0.634335
 0 0.634335
 0 0.634342
 0 0.634343
 0 0.634344
 0 0.634344
 0 0.634344
 0 0.634344
 0 0.634344
 0 0.634392
 0 0.634392
 0 0.634393
 0 0.634393
 0 0.634411
 0 0.634411
 0 0.634413
 0 0.634414
 0 0.634428
 0 0.63443
 0 0.63443
 0 0.634439
 0 0.63444
 0 0.63444
 0 0.63444
 0 0.63444
 0 0.634456
 0 0.634456
 0 0.634458
 0 0.634458
 0 0.634468
 0 0.634468
 0 0.634471
 0 0.634471
 0 0.634471
 0 0.634474
 0 0.63448
 0 0.634484
 0 0.634484
 0 0.634484
 0 0.634484
 0 0.634505
 0 0.634505
 0 0.634505
 0 0.634505
 0 0.634537
 0 0.634539
 0 0.634539
 0 0.63454
 0 0.63456
 0 0.63456
 0 0.63456
 0 0.63456
 0 0.634561
 0 0.634561
 0 0.634587
 0 0.634587
 0 0.634587
 0 0.634626
 0 0.634628
 0 0.63463
 0 0.634633
 0 0.634633
 0 0.634649
 0 0.634649
 0 0.63466
 0 0.634679
 0 0.63468
 0 0.634685
 0 0.634685
 0 0.634686
 0 0.634687
 0 0.634687
 0 0.634699
 0 0.634714
 0 0.634717
 0 0.634717
 0 0.634717
 0 0.634718
 0 0.634731
 0 0.634732
 0 0.634733
 0 0.634744
 0 0.634752
 0 0.63477
 0 0.634771
 0 0.634807
 0 0.63481
 0 0.634811
 0 0.634817
 0 0.634856
 0 0.634858
 0 0.634862
 0 0.634862
 0 0.634862
 0 0.634874
 0 0.63488
 0 0.634883
 0 0.634902
 0 0.634902
 0 0.634903
 0 0.63492
 0 0.634921
 0 0.635005
 0 0.635006
 0 0.635012
 0 0.635034
 0 0.635037
 0 0.635038
 0 0.635058
 0 0.635058
 0 0.6351
 0 0.6351
 0 0.635107
 0 0.635107
 0 0.635107
 0 0.635107
 0 0.635109
 0 0.63511
 0 0.63511
 0 0.63511
 0 0.63511
 0 0.635114
 0 0.635114
 0 0.635126
 0 0.635127
 0 0.635128
 0 0.635129
 0 0.635129
 0 0.63513
 0 0.635133
 0 0.635133
 0 0.635133
 0 0.635133
 0 0.63514
 0 0.63516
 0 0.635161
 0 0.635171
 0 0.635175
 0 0.635176
 0 0.635183
 0 0.635183
 0 0.635183
 0 0.63522
 0 0.635221
 0 0.635221
 0 0.635221
 0 0.635221
 0 0.635232
 0 0.635233
 0 0.635233
 0 0.635234
 0 0.635239
 0 0.635239
 0 0.635241
 0 0.635246
 0 0.635259
 0 0.635259
 0 0.635266
 0 0.635267
 0 0.635275
 0 0.635275
 0 0.635288
 0 0.635303
 0 0.635303
 0 0.635304
 0 0.635304
 0 0.635304
 0 0.635306
 0 0.635306
 0 0.635315
 0 0.635322
 0 0.635336
 0 0.635337
 0 0.63534
 0 0.635341
 0 0.635363
 0 0.635363
 0 0.635363
 0 0.635378
 0 0.635381
 0 0.635381
 0 0.635386
 0 0.635387
 0 0.635421
 0 0.635448
 0 0.635448
 0 0.635448
 0 0.635475
 0 0.635479
 0 0.635501
 0 0.635501
 0 0.635502
 0 0.635512
 0 0.635512
 0 0.635543
 0 0.635543
 0 0.635543
 0 0.635555
 0 0.635557
 0 0.63556
 0 0.63556
 0 0.635561
 0 0.635569
 0 0.635569
 0 0.635576
 0 0.635577
 0 0.635589
 0 0.635591
 0 0.635595
 0 0.635595
 0 0.63562
 0 0.635649
 0 0.63565
 0 0.635654
 0 0.635655
 0 0.635661
 0 0.635661
 0 0.635661
 0 0.635661
 0 0.635662
 0 0.635662
 0 0.635664
 0 0.635664
 0 0.635671
 0 0.635671
 0 0.635671
 0 0.635672
 0 0.635696
 0 0.635714
 0 0.635714
 0 0.635715
 0 0.635715
 0 0.635715
 0 0.63575
 0 0.635762
 0 0.635762
 0 0.635778
 0 0.63578
 0 0.635787
 0 0.63579
 0 0.63579
 0 0.63579
 0 0.635806
 0 0.635806
 0 0.635808
 0 0.635813
 0 0.635837
 0 0.635837
 0 0.635875
 0 0.635876
 0 0.635877
 0 0.635877
 0 0.635877
 0 0.635877
 0 0.635877
 0 0.635892
 0 0.635893
 0 0.635894
 0 0.635894
 0 0.635899
 0 0.6359
 0 0.6359
 0 0.6359
 0 0.635934
 0 0.635957
 0 0.635957
 0 0.635975
 0 0.635975
 0 0.635979
 0 0.635983
 0 0.635983
 0 0.635983
 0 0.635984
 0 0.635984
 0 0.636
 0 0.636019
 0 0.636064
 0 0.636077
 0 0.636077
 0 0.636079
 0 0.63608
 0 0.63608
 0 0.636097
 0 0.636115
 0 0.636116
 0 0.63612
 0 0.63612
 0 0.636121
 0 0.636127
 0 0.636127
 0 0.636145
 0 0.636146
 0 0.636146
 0 0.636165
 0 0.636168
 0 0.636173
 0 0.63618
 0 0.636194
 0 0.636194
 0 0.636209
 0 0.636209
 0 0.636209
 0 0.636218
 0 0.636219
 0 0.636219
 0 0.636229
 0 0.63623
 0 0.636237
 0 0.636237
 0 0.636238
 0 0.636249
 0 0.636253
 0 0.636254
 0 0.636276
 0 0.636278
 0 0.636278
 0 0.636291
 0 0.636295
 0 0.636295
 0 0.636297
 0 0.636297
 0 0.636313
 0 0.636316
 0 0.636316
 0 0.636316
 0 0.636332
 0 0.636333
 0 0.636334
 0 0.636334
 0 0.636334
 0 0.636334
 0 0.636348
 0 0.636351
 0 0.636353
 0 0.636353
 0 0.636379
 0 0.636403
 0 0.636404
 0 0.636405
 0 0.636407
 0 0.636431
 0 0.636435
 0 0.636448
 0 0.636448
 0 0.636453
 0 0.636453
 0 0.636453
 0 0.636454
 0 0.636455
 0 0.636475
 0 0.636498
 0 0.636501
 0 0.636501
 0 0.636501
 0 0.636511
 0 0.636511
 0 0.636511
 0 0.636511
 0 0.636518
 0 0.636519
 0 0.636532
 0 0.636532
 0 0.636532
 0 0.636535
 0 0.636535
 0 0.636587
 0 0.636592
 0 0.636631
 0 0.636642
 0 0.636645
 0 0.636645
 0 0.63667
 0 0.636671
 0 0.636674
 0 0.636686
 0 0.636715
 0 0.636715
 0 0.636716
 0 0.636749
 0 0.63675
 0 0.636844
 0 0.636855
 0 0.636861
 0 0.636862
 0 0.636863
 0 0.636863
 0 0.636869
 0 0.63689
 0 0.63689
 0 0.6369
 0 0.636901
 0 0.636912
 0 0.636931
 0 0.636931
 0 0.636931
 0 0.636931
 0 0.636931
 0 0.636958
 0 0.637025
 0 0.637025
 0 0.637026
 0 0.637053
 0 0.637067
 0 0.637067
 0 0.637106
 0 0.637106
 0 0.637106
 0 0.637107
 0 0.63711
 0 0.637111
 0 0.637151
 0 0.637151
 0 0.637155
 0 0.637156
 0 0.637156
 0 0.637182
 0 0.637182
 0 0.637182
 0 0.637182
 0 0.637182
 0 0.637188
 0 0.637198
 0 0.637198
 0 0.637198
 0 0.637215
 0 0.637246
 0 0.63727
 0 0.637271
 0 0.637272
 0 0.637272
 0 0.637272
 0 0.637279
 0 0.637292
 0 0.637293
 0 0.637354
 0 0.637354
 0 0.637359
 0 0.637368
 0 0.63737
 0 0.63737
 0 0.637377
 0 0.637378
 0 0.637395
 0 0.637412
 0 0.637448
 0 0.637449
 0 0.637472
 0 0.637492
 0 0.6375
 0 0.6375
 0 0.6375
 0 0.63752
 0 0.637546
 0 0.637546
 0 0.637546
 0 0.637554
 0 0.637554
 0 0.637604
 0 0.637626
 0 0.63763
 0 0.63763
 0 0.637639
 0 0.63764
 0 0.63764
 0 0.63764
 0 0.637674
 0 0.637691
 0 0.637698
 0 0.637715
 0 0.637715
 0 0.637782
 0 0.637782
 0 0.637782
 0 0.637782
 0 0.637803
 0 0.637803
 0 0.637803
 0 0.637803
 0 0.637816
 0 0.637832
 0 0.637841
 0 0.637843
 0 0.637848
 0 0.637848
 0 0.637875
 0 0.637886
 0 0.637938
 0 0.637938
 0 0.637954
 0 0.637954
 0 0.637954
 0 0.637954
 0 0.637954
 0 0.637964
 0 0.638019
 0 0.63802
 0 0.63802
 0 0.638048
 0 0.638048
 0 0.63809
 0 0.638091
 0 0.638143
 0 0.638143
 0 0.638143
 0 0.638143
 0 0.638149
 0 0.638149
 0 0.638204
 0 0.638204
 0 0.638227
 0 0.638243
 0 0.638243
 0 0.638243
 0 0.638323
 0 0.638324
 0 0.638326
 0 0.638326
 0 0.638346
 0 0.638359
 0 0.63836
 0 0.638364
 0 0.638365
 0 0.638379
 0 0.638379
 0 0.63839
 0 0.6384
 0 0.638449
 0 0.6385
 0 0.638527
 0 0.63854
 0 0.638549
 0 0.638551
 0 0.638583
 0 0.638583
 0 0.638584
 0 0.638601
 0 0.638601
 0 0.638603
 0 0.638603
 0 0.638656
 0 0.638656
 0 0.638656
 0 0.638656
 0 0.638656
 0 0.638706
 0 0.638794
 0 0.638794
 0 0.638794
 0 0.638958
 0 0.638958
 0 0.638959
 0 0.638969
 0 0.638969
 0 0.638985
 0 0.639007
 0 0.639007
 0 0.639007
 0 0.639137
 0 0.639363
 0 0.639363
 0 0.639363
 0 0.639363
 0 0.639458
 0 0.639458
 0 0.639458
 0 0.639475
 0 0.639475
 0 0.63983
 0 0.63983
 0 0.639894
 0 0.639898
 0 0.639898
 0 0.640067
 0 0.640067
 0 0.640157
 0 0.640308
 0 0.640308
 0 0.640308
 0 0.640308
 0 0.640327
 0 0.640327
 0 0.640327
 0 0.640328
 0 0.640329
 0 0.640329
 0 0.640329
 0 0.640329
 0 0.640348
 0 0.640351
 0 0.640392
 0 0.640404
 0 0.640533
 0 0.6408
 0 0.6408
 0 0.640801
 0 0.640988
 0 0.641191
 0 0.641219
 0 0.641648
 0 0.641648
 0 0.641713
 0 0.64186
 0 0.64186
 0 0.641861
 0 0.642038
 0 0.642372
 0 0.642678
 0 0.642678
 0 0.647285
 0 0.647285
 0 0.647285
 0 0.647652
 0 0.648131
 0 0.648131
 0 inf
