 9.07175 9.21916
 8.90168 9.5572
 8.81752 9.28623
 8.68809 8.88861
 8.56313 8.59112
 8.42291 8.73911
 8.32331 8.41194
 8.31301 8.50134
 7.78211 8.30011
 7.69046 7.8825
 7.30532 8.09675
 7.2601 7.31479
 7.12439 7.14162
 7.10777 7.32331
 6.89058 7.80758
 6.84095 6.99753
 6.53083 6.95233
 6.5128 6.88264
 6.33083 7.14635
 6.32348 7.10311
 6.19335 7.26452
 6.16271 6.62083
 6.13389 7.44455
 6.11247 7.3722
 5.89355 8.74593
 5.79076 6.11552
 5.5306 5.77447
 5.52654 6.66241
 5.47184 5.4724
 5.33315 5.33707
 5.30942 5.57103
 5.30511 5.30809
 5.209 5.86394
 5.16494 5.47594
 5.14329 5.14527
 5.13115 5.1442
 5.1275 5.12761
 5.117 5.1196
 5.09988 5.11224
 5.07047 5.10698
 5.06847 5.07332
 5.06599 5.08981
 5.05511 5.05983
 4.99119 5.00026
 4.95474 4.97198
 4.94826 4.95657
 4.94664 4.97712
 4.93603 4.94505
 4.92933 4.93115
 4.90334 4.9065
 4.89032 4.90302
 4.87852 4.8832
 4.85987 4.86708
 4.85649 4.86114
 4.85102 4.85527
 4.83994 4.85865
 4.83949 4.844
 4.83907 4.85052
 4.83883 5.01317
 4.8373 4.84908
 4.83393 4.85098
 4.83356 4.95646
 4.82904 5.07089
 4.82727 4.83132
 4.82444 4.86048
 4.82039 5.11426
 4.80846 5.56529
 4.80556 4.8183
 4.80029 4.82403
 4.79694 4.81264
 4.79648 4.80491
 4.78458 4.80722
 4.77201 4.83685
 4.76976 4.79788
 4.75054 4.76392
 4.74883 5.1731
 4.73426 4.73961
 4.72644 4.73139
 4.71831 4.72859
 4.71686 4.73546
 4.71423 4.71981
 4.70154 4.72796
 4.69167 4.69625
 4.68969 4.85213
 4.67192 4.77026
 4.66355 4.69348
 4.64979 4.65179
 4.63964 4.63967
 4.63513 4.66104
 4.61794 4.63048
 4.61267 4.62834
 4.60271 5.89412
 4.58384 4.60537
 4.58111 4.59097
 4.57487 4.90626
 4.57306 4.84902
 4.5478 5.23972
 4.5353 4.54184
 4.53528 4.5594
 4.53314 5.01538
 4.52527 4.96284
 4.51368 4.91531
 4.50134 5.93908
 4.50114 5.16278
 4.49289 4.8539
 4.49154 4.51259
 4.47885 4.48629
 4.47811 4.48162
 4.47586 4.48542
 4.47027 4.86891
 4.46538 4.7049
 4.46017 5.00143
 4.45156 8.15444
 4.41449 7.60177
 4.41018 8.65495
 4.39167 5.03429
 4.37561 5.11671
 4.34846 5.35178
 4.33307 4.98005
 4.32851 4.33207
 4.28479 7.50506
 4.2832 6.2435
 4.27497 4.36145
 4.26824 5.16339
 4.26386 6.49875
 4.25685 5.20519
 4.20836 5.21086
 4.20451 4.21165
 4.1936 5.3031
 4.1752 4.2722
 4.16724 6.10968
 4.16718 5.06195
 4.12603 4.14775
 4.12513 7.1806
 4.11696 4.39611
 4.09695 4.99878
 4.08879 4.28145
 4.08104 7.4676
 4.08098 9.37807
 4.07953 8.14309
 4.07271 5.41955
 4.06815 7.36689
 4.05943 4.96588
 4.05051 4.05174
 4.03867 5.89149
 3.9829 5.46577
 3.78393 8.55921
 3.69458 4.6472
 3.23651 5.44779
