 0 0.484671
 0 0.484671
 0 0.484884
 0 0.485326
 0 0.485759
 0 0.485759
 0 0.506498
 0 0.506541
 0 0.506541
 0 0.507415
 0 0.507457
 0 0.507814
 0 0.617079
 0 0.617444
 0 0.617839
 0 0.617839
 0 0.617839
 0 0.617839
 0 0.622248
 0 0.622248
 0 0.622305
 0 0.622305
 0 0.622308
 0 0.622788
 0 0.622789
 0 0.62279
 0 0.623399
 0 0.623622
 0 0.623623
 0 0.623623
 0 0.623624
 0 0.624052
 0 0.624052
 0 0.624083
 0 0.624085
 0 0.624085
 0 0.624117
 0 0.624117
 0 0.624126
 0 0.624126
 0 0.624126
 0 0.624126
 0 0.624215
 0 0.624215
 0 0.624215
 0 0.624215
 0 0.624216
 0 0.625117
 0 0.625193
 0 0.625194
 0 0.625465
 0 0.626145
 0 0.626291
 0 0.626416
 0 0.626439
 0 0.626906
 0 0.6273
 0 0.6273
 0 0.627472
 0 0.627472
 0 0.627473
 0 0.627473
 0 0.627626
 0 0.627628
 0 0.627632
 0 0.627632
 0 0.627713
 0 0.627766
 0 0.627766
 0 0.62793
 0 0.62793
 0 0.627932
 0 0.628077
 0 0.628296
 0 0.628353
 0 0.628377
 0 0.628439
 0 0.628439
 0 0.628609
 0 0.62861
 0 0.628684
 0 0.628685
 0 0.628685
 0 0.628685
 0 0.628685
 0 0.628701
 0 0.628859
 0 0.62886
 0 0.62886
 0 0.628972
 0 0.628973
 0 0.629059
 0 0.629059
 0 0.629059
 0 0.629059
 0 0.629059
 0 0.629059
 0 0.629067
 0 0.629078
 0 0.629089
 0 0.629089
 0 0.629095
 0 0.629096
 0 0.629118
 0 0.629149
 0 0.629149
 0 0.629149
 0 0.629156
 0 0.629156
 0 0.629159
 0 0.629162
 0 0.629162
 0 0.629162
 0 0.629253
 0 0.629254
 0 0.629267
 0 0.629269
 0 0.629269
 0 0.629269
 0 0.629269
 0 0.629269
 0 0.629296
 0 0.629297
 0 0.629338
 0 0.62934
 0 0.62934
 0 0.629377
 0 0.629377
 0 0.629377
 0 0.629401
 0 0.629402
 0 0.629402
 0 0.629402
 0 0.629427
 0 0.629427
 0 0.629427
 0 0.629428
 0 0.629428
 0 0.629437
 0 0.629471
 0 0.629483
 0 0.629483
 0 0.629503
 0 0.629505
 0 0.629512
 0 0.629512
 0 0.629544
 0 0.629605
 0 0.629674
 0 0.629721
 0 0.629753
 0 0.629776
 0 0.629777
 0 0.629833
 0 0.629902
 0 0.629902
 0 0.629903
 0 0.629903
 0 0.629967
 0 0.629967
 0 0.630006
 0 0.630007
 0 0.630007
 0 0.630011
 0 0.630011
 0 0.630016
 0 0.630032
 0 0.630032
 0 0.630033
 0 0.630033
 0 0.63004
 0 0.630041
 0 0.630041
 0 0.630042
 0 0.630052
 0 0.630053
 0 0.630053
 0 0.630082
 0 0.630082
 0 0.630099
 0 0.630099
 0 0.630099
 0 0.630122
 0 0.630122
 0 0.630147
 0 0.630166
 0 0.630197
 0 0.630211
 0 0.630221
 0 0.630221
 0 0.630222
 0 0.630236
 0 0.630249
 0 0.630249
 0 0.630262
 0 0.630262
 0 0.63027
 0 0.63027
 0 0.63027
 0 0.630289
 0 0.63029
 0 0.630292
 0 0.630299
 0 0.630431
 0 0.630452
 0 0.630452
 0 0.630452
 0 0.630487
 0 0.630487
 0 0.630488
 0 0.630516
 0 0.630543
 0 0.630545
 0 0.630565
 0 0.630638
 0 0.630639
 0 0.63064
 0 0.630642
 0 0.630642
 0 0.630644
 0 0.630673
 0 0.630738
 0 0.630738
 0 0.630738
 0 0.630738
 0 0.630741
 0 0.63076
 0 0.630761
 0 0.630797
 0 0.630797
 0 0.630804
 0 0.630818
 0 0.630818
 0 0.630836
 0 0.630836
 0 0.630864
 0 0.630897
 0 0.630936
 0 0.630951
 0 0.630975
 0 0.630983
 0 0.630988
 0 0.630989
 0 0.630989
 0 0.630989
 0 0.63099
 0 0.63106
 0 0.631061
 0 0.631062
 0 0.631063
 0 0.631064
 0 0.631079
 0 0.631079
 0 0.631104
 0 0.631105
 0 0.631105
 0 0.631105
 0 0.631107
 0 0.631176
 0 0.631212
 0 0.631213
 0 0.631232
 0 0.631233
 0 0.631241
 0 0.631241
 0 0.631241
 0 0.631273
 0 0.631274
 0 0.631285
 0 0.631286
 0 0.631287
 0 0.631305
 0 0.631305
 0 0.631311
 0 0.631311
 0 0.631312
 0 0.631315
 0 0.631315
 0 0.631344
 0 0.631345
 0 0.631374
 0 0.631374
 0 0.631374
 0 0.631374
 0 0.631375
 0 0.631376
 0 0.631396
 0 0.631403
 0 0.631433
 0 0.631433
 0 0.631447
 0 0.631465
 0 0.631466
 0 0.631466
 0 0.631509
 0 0.631519
 0 0.631519
 0 0.63152
 0 0.63152
 0 0.631521
 0 0.631521
 0 0.631538
 0 0.631547
 0 0.631548
 0 0.631576
 0 0.631576
 0 0.631646
 0 0.631647
 0 0.631648
 0 0.631648
 0 0.631652
 0 0.631653
 0 0.63168
 0 0.631682
 0 0.631682
 0 0.631719
 0 0.631719
 0 0.631723
 0 0.631735
 0 0.631736
 0 0.631736
 0 0.631749
 0 0.63175
 0 0.63175
 0 0.63175
 0 0.63175
 0 0.631751
 0 0.631752
 0 0.631775
 0 0.631776
 0 0.631776
 0 0.631777
 0 0.631777
 0 0.631786
 0 0.63179
 0 0.63179
 0 0.631804
 0 0.631804
 0 0.631804
 0 0.631805
 0 0.631805
 0 0.631805
 0 0.631812
 0 0.631826
 0 0.631829
 0 0.63183
 0 0.63183
 0 0.631868
 0 0.631914
 0 0.631914
 0 0.631914
 0 0.631915
 0 0.631958
 0 0.631958
 0 0.63196
 0 0.631972
 0 0.631972
 0 0.631972
 0 0.631973
 0 0.632016
 0 0.632017
 0 0.632017
 0 0.632032
 0 0.632053
 0 0.63206
 0 0.632066
 0 0.63207
 0 0.632105
 0 0.632108
 0 0.632109
 0 0.63212
 0 0.632121
 0 0.632121
 0 0.632133
 0 0.632134
 0 0.632134
 0 0.632167
 0 0.632167
 0 0.632185
 0 0.632198
 0 0.632198
 0 0.632213
 0 0.632214
 0 0.632221
 0 0.632221
 0 0.632222
 0 0.632224
 0 0.632245
 0 0.632247
 0 0.632263
 0 0.632263
 0 0.632263
 0 0.632312
 0 0.632313
 0 0.632335
 0 0.632351
 0 0.632351
 0 0.632351
 0 0.632397
 0 0.632403
 0 0.632444
 0 0.632456
 0 0.632456
 0 0.632457
 0 0.632457
 0 0.632474
 0 0.632525
 0 0.632526
 0 0.632567
 0 0.632567
 0 0.632577
 0 0.632577
 0 0.63258
 0 0.632605
 0 0.632606
 0 0.6327
 0 0.632701
 0 0.632706
 0 0.632706
 0 0.632706
 0 0.632706
 0 0.632779
 0 0.632779
 0 0.63278
 0 0.63278
 0 0.63278
 0 0.632784
 0 0.632784
 0 0.632798
 0 0.632798
 0 0.632838
 0 0.632838
 0 0.632838
 0 0.632841
 0 0.632858
 0 0.632859
 0 0.632859
 0 0.632864
 0 0.632865
 0 0.632865
 0 0.632865
 0 0.632879
 0 0.632879
 0 0.632879
 0 0.63289
 0 0.632902
 0 0.63291
 0 0.632911
 0 0.632915
 0 0.632915
 0 0.632964
 0 0.632971
 0 0.632973
 0 0.632991
 0 0.632999
 0 0.63305
 0 0.633051
 0 0.633051
 0 0.633051
 0 0.633051
 0 0.633052
 0 0.633052
 0 0.63306
 0 0.633061
 0 0.633067
 0 0.633067
 0 0.633068
 0 0.633089
 0 0.633092
 0 0.633092
 0 0.633092
 0 0.633095
 0 0.633112
 0 0.633116
 0 0.633128
 0 0.633132
 0 0.633142
 0 0.633193
 0 0.633197
 0 0.633197
 0 0.633197
 0 0.633198
 0 0.633215
 0 0.633215
 0 0.633215
 0 0.633237
 0 0.633237
 0 0.633237
 0 0.633242
 0 0.633243
 0 0.633243
 0 0.633272
 0 0.633272
 0 0.633281
 0 0.633287
 0 0.63329
 0 0.633318
 0 0.633325
 0 0.633355
 0 0.633385
 0 0.633385
 0 0.633385
 0 0.633388
 0 0.633388
 0 0.633398
 0 0.633398
 0 0.633398
 0 0.633407
 0 0.633411
 0 0.63343
 0 0.633449
 0 0.633449
 0 0.633456
 0 0.633457
 0 0.633462
 0 0.633477
 0 0.633489
 0 0.633568
 0 0.633569
 0 0.633631
 0 0.633633
 0 0.633656
 0 0.633658
 0 0.633686
 0 0.633707
 0 0.633707
 0 0.633734
 0 0.633734
 0 0.633774
 0 0.633774
 0 0.633774
 0 0.633774
 0 0.633775
 0 0.633779
 0 0.633782
 0 0.633816
 0 0.633816
 0 0.633824
 0 0.633824
 0 0.633824
 0 0.633831
 0 0.633831
 0 0.633848
 0 0.63385
 0 0.63388
 0 0.633888
 0 0.633888
 0 0.633925
 0 0.633966
 0 0.633967
 0 0.633979
 0 0.633979
 0 0.633985
 0 0.633986
 0 0.634002
 0 0.634003
 0 0.634003
 0 0.634003
 0 0.634008
 0 0.634008
 0 0.634032
 0 0.634039
 0 0.634039
 0 0.634063
 0 0.634063
 0 0.634099
 0 0.6341
 0 0.634104
 0 0.634118
 0 0.634156
 0 0.634156
 0 0.634156
 0 0.634176
 0 0.6342
 0 0.634201
 0 0.634209
 0 0.634209
 0 0.634209
 0 0.634232
 0 0.634232
 0 0.634235
 0 0.634235
 0 0.634235
 0 0.634241
 0 0.634241
 0 0.634243
 0 0.634243
 0 0.634245
 0 0.634273
 0 0.634273
 0 0.634294
 0 0.634296
 0 0.634304
 0 0.634308
 0 0.634382
 0 0.634383
 0 0.634385
 0 0.634468
 0 0.634468
 0 0.634469
 0 0.63453
 0 0.634531
 0 0.634531
 0 0.634531
 0 0.634547
 0 0.634551
 0 0.634612
 0 0.634612
 0 0.634612
 0 0.634622
 0 0.634623
 0 0.63463
 0 0.63463
 0 0.634634
 0 0.634634
 0 0.634638
 0 0.634717
 0 0.634717
 0 0.634717
 0 0.634717
 0 0.634727
 0 0.634727
 0 0.634727
 0 0.634727
 0 0.634748
 0 0.634748
 0 0.634754
 0 0.634754
 0 0.634755
 0 0.634767
 0 0.634772
 0 0.634774
 0 0.634777
 0 0.634788
 0 0.634799
 0 0.634799
 0 0.6348
 0 0.634802
 0 0.634802
 0 0.634827
 0 0.634838
 0 0.634843
 0 0.634843
 0 0.634875
 0 0.634881
 0 0.634887
 0 0.634913
 0 0.634928
 0 0.634928
 0 0.634928
 0 0.634937
 0 0.634941
 0 0.634985
 0 0.634985
 0 0.634986
 0 0.634986
 0 0.634998
 0 0.634999
 0 0.63502
 0 0.635048
 0 0.63505
 0 0.635066
 0 0.635098
 0 0.635098
 0 0.635122
 0 0.635185
 0 0.635186
 0 0.635187
 0 0.635231
 0 0.635233
 0 0.635235
 0 0.635235
 0 0.635235
 0 0.635243
 0 0.635243
 0 0.635243
 0 0.635244
 0 0.63525
 0 0.635275
 0 0.635278
 0 0.635278
 0 0.635315
 0 0.635315
 0 0.635327
 0 0.635327
 0 0.635346
 0 0.635349
 0 0.635349
 0 0.635368
 0 0.635393
 0 0.635435
 0 0.635455
 0 0.635456
 0 0.635457
 0 0.635457
 0 0.635457
 0 0.635457
 0 0.6355
 0 0.635502
 0 0.635502
 0 0.63551
 0 0.63551
 0 0.635514
 0 0.635514
 0 0.635544
 0 0.635544
 0 0.635544
 0 0.635559
 0 0.635562
 0 0.635563
 0 0.635564
 0 0.635564
 0 0.635567
 0 0.635588
 0 0.635598
 0 0.635608
 0 0.635608
 0 0.635608
 0 0.635615
 0 0.635677
 0 0.635677
 0 0.635677
 0 0.635677
 0 0.635686
 0 0.635686
 0 0.635686
 0 0.635687
 0 0.635687
 0 0.635687
 0 0.635687
 0 0.635698
 0 0.635698
 0 0.635699
 0 0.6357
 0 0.6357
 0 0.635702
 0 0.635718
 0 0.63573
 0 0.63573
 0 0.635738
 0 0.635745
 0 0.63575
 0 0.63575
 0 0.635751
 0 0.635751
 0 0.635751
 0 0.635761
 0 0.635762
 0 0.635762
 0 0.635762
 0 0.635764
 0 0.635811
 0 0.635813
 0 0.635827
 0 0.635827
 0 0.635827
 0 0.635827
 0 0.635831
 0 0.635833
 0 0.635833
 0 0.635834
 0 0.635925
 0 0.635933
 0 0.635941
 0 0.635971
 0 0.635995
 0 0.635996
 0 0.635996
 0 0.635996
 0 0.635996
 0 0.636003
 0 0.636003
 0 0.636051
 0 0.636058
 0 0.636058
 0 0.636076
 0 0.63608
 0 0.63608
 0 0.636081
 0 0.636102
 0 0.636102
 0 0.636102
 0 0.636102
 0 0.636108
 0 0.636109
 0 0.63612
 0 0.636124
 0 0.636124
 0 0.636189
 0 0.63619
 0 0.63619
 0 0.636191
 0 0.636203
 0 0.636204
 0 0.636216
 0 0.636216
 0 0.636216
 0 0.636219
 0 0.636219
 0 0.636219
 0 0.636239
 0 0.636239
 0 0.63624
 0 0.636241
 0 0.636246
 0 0.636246
 0 0.636249
 0 0.636249
 0 0.63625
 0 0.636262
 0 0.636266
 0 0.636299
 0 0.636299
 0 0.636307
 0 0.636307
 0 0.636334
 0 0.636334
 0 0.636341
 0 0.636341
 0 0.636353
 0 0.636353
 0 0.636365
 0 0.636376
 0 0.636385
 0 0.636385
 0 0.636397
 0 0.63645
 0 0.63645
 0 0.63653
 0 0.63653
 0 0.63653
 0 0.636531
 0 0.636558
 0 0.636559
 0 0.636563
 0 0.636563
 0 0.636564
 0 0.636564
 0 0.636565
 0 0.636573
 0 0.636573
 0 0.636574
 0 0.636615
 0 0.636631
 0 0.636641
 0 0.63665
 0 0.63665
 0 0.636669
 0 0.636684
 0 0.636685
 0 0.6367
 0 0.6367
 0 0.636715
 0 0.63672
 0 0.636721
 0 0.636724
 0 0.636724
 0 0.636724
 0 0.636736
 0 0.636767
 0 0.636769
 0 0.636821
 0 0.636826
 0 0.636855
 0 0.636856
 0 0.636886
 0 0.636886
 0 0.636915
 0 0.636917
 0 0.636929
 0 0.636929
 0 0.636929
 0 0.636937
 0 0.636938
 0 0.636947
 0 0.63697
 0 0.636971
 0 0.636973
 0 0.636973
 0 0.636988
 0 0.636991
 0 0.637013
 0 0.637029
 0 0.637029
 0 0.637031
 0 0.637031
 0 0.637031
 0 0.637032
 0 0.637032
 0 0.637035
 0 0.637041
 0 0.637041
 0 0.637065
 0 0.637082
 0 0.637145
 0 0.637204
 0 0.637204
 0 0.637204
 0 0.637204
 0 0.637204
 0 0.637215
 0 0.637215
 0 0.637216
 0 0.637238
 0 0.637238
 0 0.637239
 0 0.637247
 0 0.637249
 0 0.637252
 0 0.637255
 0 0.637264
 0 0.637264
 0 0.637378
 0 0.637378
 0 0.637378
 0 0.637383
 0 0.637385
 0 0.637385
 0 0.637386
 0 0.637423
 0 0.637424
 0 0.637428
 0 0.637437
 0 0.637437
 0 0.637437
 0 0.637437
 0 0.637471
 0 0.637471
 0 0.637471
 0 0.637471
 0 0.637471
 0 0.637471
 0 0.637486
 0 0.637487
 0 0.637487
 0 0.637488
 0 0.637488
 0 0.63749
 0 0.63749
 0 0.637491
 0 0.637504
 0 0.637522
 0 0.637537
 0 0.637537
 0 0.637552
 0 0.637552
 0 0.637553
 0 0.637559
 0 0.637559
 0 0.637609
 0 0.637611
 0 0.637612
 0 0.637625
 0 0.637625
 0 0.637626
 0 0.637628
 0 0.637643
 0 0.637643
 0 0.637644
 0 0.63765
 0 0.637653
 0 0.637653
 0 0.637653
 0 0.637655
 0 0.637667
 0 0.637667
 0 0.637674
 0 0.637676
 0 0.637676
 0 0.637699
 0 0.6377
 0 0.6377
 0 0.6377
 0 0.6377
 0 0.6377
 0 0.637725
 0 0.637725
 0 0.637741
 0 0.637751
 0 0.637751
 0 0.637784
 0 0.637829
 0 0.637829
 0 0.637829
 0 0.63786
 0 0.637866
 0 0.637867
 0 0.6379
 0 0.6379
 0 0.6379
 0 0.637926
 0 0.637926
 0 0.637926
 0 0.637937
 0 0.637937
 0 0.637972
 0 0.637985
 0 0.637985
 0 0.637985
 0 0.637989
 0 0.637989
 0 0.63799
 0 0.638012
 0 0.638012
 0 0.638094
 0 0.638095
 0 0.638095
 0 0.638095
 0 0.638111
 0 0.638123
 0 0.638124
 0 0.638163
 0 0.638163
 0 0.638163
 0 0.638163
 0 0.638182
 0 0.638192
 0 0.638199
 0 0.638199
 0 0.638238
 0 0.638239
 0 0.63824
 0 0.638261
 0 0.638262
 0 0.638262
 0 0.638275
 0 0.638275
 0 0.638277
 0 0.638278
 0 0.638283
 0 0.638283
 0 0.638343
 0 0.63838
 0 0.638399
 0 0.638399
 0 0.638408
 0 0.638432
 0 0.638432
 0 0.638437
 0 0.638437
 0 0.638458
 0 0.638459
 0 0.638487
 0 0.638551
 0 0.63857
 0 0.638574
 0 0.638574
 0 0.638575
 0 0.638622
 0 0.638682
 0 0.638682
 0 0.638682
 0 0.638697
 0 0.638713
 0 0.638714
 0 0.638714
 0 0.638715
 0 0.638722
 0 0.638722
 0 0.638722
 0 0.638727
 0 0.638727
 0 0.638728
 0 0.638729
 0 0.63873
 0 0.63873
 0 0.638731
 0 0.638758
 0 0.638766
 0 0.63878
 0 0.638782
 0 0.638788
 0 0.638788
 0 0.638789
 0 0.638789
 0 0.638789
 0 0.63879
 0 0.63879
 0 0.638797
 0 0.638797
 0 0.638818
 0 0.638819
 0 0.638819
 0 0.638835
 0 0.638838
 0 0.638839
 0 0.638839
 0 0.638858
 0 0.638858
 0 0.638888
 0 0.638903
 0 0.638903
 0 0.638903
 0 0.638909
 0 0.63891
 0 0.638917
 0 0.638918
 0 0.638918
 0 0.638918
 0 0.63892
 0 0.638927
 0 0.638937
 0 0.638937
 0 0.638939
 0 0.63897
 0 0.638988
 0 0.638989
 0 0.638989
 0 0.639045
 0 0.639045
 0 0.639053
 0 0.639078
 0 0.6391
 0 0.6391
 0 0.6391
 0 0.6391
 0 0.639127
 0 0.639128
 0 0.639139
 0 0.639153
 0 0.639173
 0 0.639181
 0 0.639181
 0 0.639198
 0 0.639227
 0 0.639227
 0 0.639238
 0 0.639238
 0 0.63924
 0 0.639243
 0 0.639244
 0 0.639245
 0 0.639254
 0 0.639254
 0 0.63927
 0 0.63927
 0 0.63927
 0 0.639274
 0 0.639275
 0 0.639276
 0 0.639276
 0 0.639277
 0 0.639293
 0 0.639303
 0 0.639312
 0 0.639313
 0 0.639324
 0 0.639325
 0 0.639328
 0 0.639329
 0 0.639329
 0 0.639348
 0 0.639348
 0 0.639349
 0 0.639349
 0 0.639354
 0 0.63937
 0 0.63937
 0 0.639372
 0 0.639373
 0 0.639373
 0 0.639428
 0 0.639432
 0 0.639432
 0 0.639433
 0 0.639433
 0 0.639448
 0 0.639478
 0 0.639479
 0 0.639482
 0 0.639482
 0 0.639483
 0 0.639488
 0 0.639489
 0 0.639504
 0 0.639504
 0 0.639513
 0 0.639513
 0 0.639513
 0 0.639527
 0 0.639528
 0 0.639528
 0 0.639529
 0 0.639551
 0 0.639556
 0 0.639566
 0 0.639566
 0 0.639569
 0 0.639569
 0 0.63957
 0 0.639576
 0 0.639582
 0 0.639628
 0 0.639629
 0 0.639648
 0 0.639659
 0 0.639675
 0 0.639764
 0 0.639764
 0 0.639764
 0 0.639764
 0 0.639764
 0 0.639772
 0 0.639774
 0 0.639872
 0 0.639894
 0 0.639894
 0 0.639895
 0 0.639903
 0 0.63992
 0 0.639929
 0 0.639929
 0 0.639935
 0 0.639935
 0 0.639961
 0 0.639961
 0 0.639979
 0 0.639984
 0 0.639991
 0 0.639991
 0 0.639991
 0 0.639991
 0 0.640038
 0 0.640039
 0 0.640039
 0 0.640063
 0 0.640063
 0 0.640105
 0 0.640105
 0 0.64013
 0 0.64013
 0 0.640141
 0 0.640159
 0 0.64016
 0 0.640163
 0 0.640177
 0 0.640177
 0 0.640178
 0 0.640188
 0 0.640188
 0 0.640193
 0 0.640195
 0 0.640196
 0 0.640196
 0 0.640196
 0 0.640214
 0 0.640214
 0 0.640229
 0 0.64023
 0 0.64023
 0 0.64023
 0 0.64023
 0 0.640244
 0 0.640244
 0 0.640245
 0 0.640252
 0 0.640252
 0 0.640253
 0 0.640253
 0 0.640254
 0 0.640254
 0 0.640254
 0 0.640263
 0 0.640265
 0 0.640281
 0 0.640283
 0 0.640283
 0 0.640298
 0 0.640351
 0 0.640394
 0 0.64041
 0 0.640411
 0 0.640438
 0 0.640438
 0 0.640452
 0 0.640454
 0 0.640504
 0 0.640526
 0 0.640586
 0 0.640625
 0 0.640625
 0 0.640636
 0 0.640647
 0 0.640647
 0 0.640647
 0 0.64067
 0 0.640682
 0 0.640694
 0 0.640734
 0 0.640735
 0 0.640736
 0 0.640736
 0 0.640741
 0 0.640741
 0 0.640741
 0 0.640742
 0 0.640743
 0 0.640788
 0 0.640918
 0 0.640929
 0 0.640929
 0 0.640948
 0 0.640948
 0 0.640948
 0 0.640948
 0 0.640948
 0 0.640949
 0 0.640966
 0 0.640967
 0 0.640967
 0 0.640976
 0 0.640995
 0 0.640996
 0 0.641015
 0 0.641023
 0 0.641044
 0 0.641066
 0 0.641068
 0 0.641097
 0 0.641133
 0 0.641141
 0 0.641143
 0 0.641143
 0 0.64116
 0 0.64116
 0 0.64116
 0 0.641181
 0 0.641284
 0 0.641291
 0 0.641291
 0 0.64131
 0 0.641315
 0 0.641315
 0 0.641315
 0 0.641315
 0 0.641315
 0 0.641326
 0 0.641356
 0 0.641387
 0 0.641387
 0 0.64141
 0 0.641413
 0 0.641413
 0 0.641417
 0 0.641457
 0 0.641457
 0 0.64149
 0 0.64149
 0 0.641491
 0 0.641492
 0 0.641492
 0 0.641493
 0 0.641501
 0 0.641501
 0 0.641502
 0 0.641505
 0 0.641538
 0 0.641538
 0 0.641543
 0 0.641645
 0 0.641646
 0 0.641646
 0 0.641646
 0 0.641689
 0 0.641721
 0 0.641721
 0 0.641733
 0 0.641734
 0 0.641739
 0 0.64174
 0 0.641826
 0 0.641852
 0 0.641853
 0 0.641853
 0 0.641854
 0 0.641854
 0 0.641854
 0 0.641902
 0 0.641902
 0 0.641902
 0 0.641941
 0 0.641941
 0 0.641942
 0 0.641955
 0 0.641955
 0 0.641961
 0 0.641962
 0 0.641975
 0 0.64198
 0 0.641981
 0 0.641987
 0 0.641987
 0 0.641987
 0 0.642076
 0 0.642098
 0 0.642115
 0 0.642117
 0 0.642208
 0 0.64222
 0 0.642337
 0 0.642337
 0 0.64234
 0 0.64234
 0 0.64234
 0 0.64234
 0 0.64234
 0 0.64234
 0 0.64239
 0 0.642413
 0 0.642413
 0 0.642413
 0 0.642413
 0 0.642487
 0 0.642487
 0 0.642488
 0 0.64252
 0 0.642522
 0 0.642522
 0 0.642522
 0 0.642621
 0 0.642621
 0 0.642689
 0 0.642689
 0 0.642689
 0 0.642709
 0 0.642709
 0 0.642709
 0 0.642709
 0 0.64271
 0 0.64271
 0 0.642748
 0 0.642798
 0 0.642804
 0 0.642804
 0 0.642805
 0 0.642805
 0 0.642805
 0 0.642837
 0 0.642837
 0 0.642852
 0 0.642853
 0 0.642873
 0 0.6429
 0 0.64291
 0 0.64291
 0 0.64291
 0 0.642947
 0 0.642948
 0 0.643008
 0 0.643032
 0 0.643033
 0 0.643034
 0 0.643034
 0 0.643141
 0 0.643153
 0 0.643154
 0 0.643169
 0 0.64317
 0 0.64317
 0 0.64317
 0 0.643176
 0 0.643176
 0 0.643277
 0 0.643312
 0 0.643312
 0 0.643312
 0 0.643312
 0 0.643339
 0 0.643361
 0 0.643363
 0 0.643373
 0 0.643449
 0 0.643451
 0 0.643498
 0 0.643498
 0 0.643498
 0 0.643505
 0 0.643505
 0 0.643695
 0 0.643767
 0 0.643767
 0 0.643768
 0 0.643854
 0 0.643855
 0 0.643855
 0 0.643855
 0 0.64392
 0 0.64392
 0 0.644008
 0 0.644008
 0 0.644042
 0 0.644075
 0 0.644076
 0 0.644079
 0 0.644081
 0 0.644126
 0 0.644148
 0 0.644187
 0 0.644232
 0 0.644232
 0 0.644464
 0 0.644464
 0 0.644464
 0 0.644473
 0 0.644474
 0 0.644491
 0 0.644491
 0 0.644664
 0 0.644691
 0 0.644746
 0 0.644808
 0 0.644964
 0 0.644965
 0 0.644993
 0 0.644995
 0 0.645002
 0 0.645204
 0 0.645205
 0 0.645205
 0 0.64531
 0 0.645311
 0 0.645441
 0 0.645441
 0 0.645441
 0 0.645695
 0 0.645695
 0 0.645696
 0 0.645762
 0 0.645762
 0 0.64585
 0 0.646669
 0 0.64704
 0 0.647041
 0 0.647079
 0 0.647079
 0 0.64708
 0 0.647309
 0 0.647309
 0 0.647309
 0 0.647309
 0 0.647768
 0 0.648089
 0 0.648089
 0 0.648089
 0 0.64809
 0 0.648134
 0 0.648441
 0 0.648486
 0 inf
