 0 0.49191
 0 0.49191
 0 0.49191
 0 0.492116
 0 0.492116
 0 0.492781
 0 0.497978
 0 0.497978
 0 0.498411
 0 0.498412
 0 0.498412
 0 0.499328
 0 0.616786
 0 0.616787
 0 0.616787
 0 0.617235
 0 0.617235
 0 0.617235
 0 0.620456
 0 0.620456
 0 0.620456
 0 0.620456
 0 0.620456
 0 0.620641
 0 0.621576
 0 0.621728
 0 0.621947
 0 0.621947
 0 0.622208
 0 0.622427
 0 0.622741
 0 0.622948
 0 0.622949
 0 0.623214
 0 0.623361
 0 0.623395
 0 0.623586
 0 0.623586
 0 0.623586
 0 0.624042
 0 0.624053
 0 0.624053
 0 0.624053
 0 0.624054
 0 0.624083
 0 0.624083
 0 0.624084
 0 0.624085
 0 0.62418
 0 0.62418
 0 0.624228
 0 0.62426
 0 0.62429
 0 0.62429
 0 0.624291
 0 0.624362
 0 0.624362
 0 0.624464
 0 0.624598
 0 0.624599
 0 0.624599
 0 0.624599
 0 0.624676
 0 0.624773
 0 0.624773
 0 0.624774
 0 0.624774
 0 0.624946
 0 0.624946
 0 0.624947
 0 0.624947
 0 0.624948
 0 0.62495
 0 0.625046
 0 0.625048
 0 0.625048
 0 0.625048
 0 0.625049
 0 0.625049
 0 0.625074
 0 0.625074
 0 0.62508
 0 0.625081
 0 0.625125
 0 0.625125
 0 0.625126
 0 0.625126
 0 0.625167
 0 0.625174
 0 0.625174
 0 0.625203
 0 0.625203
 0 0.625332
 0 0.625333
 0 0.625333
 0 0.625394
 0 0.625418
 0 0.62542
 0 0.625499
 0 0.625499
 0 0.625665
 0 0.625665
 0 0.625665
 0 0.625665
 0 0.625666
 0 0.625719
 0 0.625739
 0 0.625739
 0 0.625739
 0 0.625739
 0 0.626058
 0 0.626133
 0 0.62618
 0 0.626181
 0 0.626181
 0 0.626209
 0 0.626209
 0 0.626209
 0 0.626276
 0 0.626518
 0 0.626519
 0 0.626777
 0 0.626778
 0 0.626842
 0 0.626899
 0 0.626899
 0 0.626899
 0 0.626899
 0 0.626937
 0 0.627044
 0 0.627045
 0 0.627045
 0 0.627045
 0 0.627124
 0 0.627126
 0 0.62728
 0 0.627281
 0 0.627376
 0 0.627377
 0 0.627431
 0 0.627459
 0 0.627459
 0 0.627538
 0 0.627563
 0 0.627563
 0 0.627563
 0 0.627586
 0 0.627705
 0 0.627705
 0 0.627754
 0 0.627828
 0 0.627829
 0 0.627841
 0 0.627841
 0 0.627842
 0 0.627902
 0 0.627903
 0 0.627903
 0 0.627911
 0 0.627926
 0 0.627927
 0 0.627927
 0 0.627957
 0 0.627958
 0 0.627985
 0 0.627985
 0 0.628023
 0 0.628097
 0 0.628193
 0 0.628193
 0 0.628194
 0 0.628194
 0 0.628244
 0 0.628294
 0 0.628381
 0 0.628381
 0 0.628381
 0 0.628383
 0 0.628383
 0 0.628383
 0 0.628449
 0 0.628469
 0 0.628469
 0 0.628469
 0 0.628469
 0 0.628561
 0 0.628563
 0 0.628564
 0 0.628565
 0 0.628587
 0 0.628629
 0 0.628629
 0 0.62868
 0 0.628681
 0 0.628681
 0 0.628682
 0 0.628724
 0 0.628724
 0 0.628988
 0 0.62903
 0 0.629077
 0 0.629077
 0 0.629078
 0 0.629078
 0 0.629078
 0 0.629153
 0 0.629154
 0 0.629178
 0 0.629178
 0 0.629191
 0 0.629263
 0 0.629264
 0 0.629264
 0 0.629341
 0 0.629341
 0 0.629347
 0 0.629352
 0 0.629353
 0 0.629512
 0 0.629569
 0 0.629569
 0 0.62957
 0 0.629638
 0 0.629697
 0 0.629705
 0 0.629708
 0 0.629708
 0 0.629708
 0 0.629769
 0 0.629769
 0 0.62977
 0 0.629791
 0 0.629829
 0 0.629829
 0 0.629862
 0 0.629862
 0 0.629903
 0 0.629904
 0 0.629912
 0 0.629927
 0 0.62994
 0 0.62994
 0 0.629941
 0 0.629941
 0 0.630023
 0 0.630052
 0 0.630053
 0 0.630064
 0 0.630064
 0 0.630064
 0 0.630092
 0 0.630092
 0 0.630119
 0 0.63012
 0 0.63012
 0 0.630127
 0 0.630127
 0 0.630128
 0 0.630128
 0 0.630144
 0 0.630144
 0 0.630144
 0 0.63015
 0 0.630156
 0 0.630214
 0 0.630214
 0 0.630308
 0 0.630328
 0 0.630341
 0 0.630343
 0 0.630357
 0 0.630357
 0 0.630358
 0 0.630385
 0 0.630409
 0 0.630409
 0 0.63041
 0 0.630438
 0 0.630438
 0 0.630457
 0 0.630457
 0 0.630461
 0 0.630461
 0 0.630463
 0 0.630508
 0 0.630508
 0 0.630508
 0 0.630541
 0 0.630541
 0 0.630543
 0 0.630543
 0 0.630544
 0 0.630544
 0 0.630544
 0 0.630581
 0 0.630626
 0 0.630638
 0 0.630671
 0 0.630696
 0 0.630696
 0 0.630696
 0 0.630696
 0 0.630699
 0 0.630701
 0 0.630701
 0 0.630711
 0 0.630711
 0 0.630724
 0 0.630724
 0 0.630754
 0 0.630763
 0 0.630763
 0 0.630768
 0 0.630769
 0 0.630785
 0 0.630813
 0 0.630826
 0 0.630827
 0 0.630837
 0 0.630839
 0 0.630849
 0 0.63085
 0 0.630864
 0 0.630944
 0 0.630949
 0 0.630949
 0 0.630969
 0 0.630969
 0 0.630989
 0 0.630989
 0 0.630989
 0 0.630991
 0 0.630991
 0 0.631003
 0 0.631005
 0 0.631005
 0 0.631014
 0 0.631032
 0 0.631032
 0 0.631032
 0 0.631054
 0 0.631054
 0 0.631082
 0 0.63114
 0 0.631153
 0 0.631153
 0 0.631153
 0 0.631156
 0 0.631156
 0 0.631165
 0 0.631165
 0 0.63118
 0 0.63118
 0 0.631181
 0 0.631204
 0 0.631204
 0 0.631209
 0 0.631209
 0 0.63121
 0 0.63121
 0 0.63122
 0 0.63122
 0 0.631259
 0 0.63126
 0 0.63126
 0 0.631292
 0 0.631336
 0 0.631336
 0 0.631336
 0 0.631336
 0 0.63135
 0 0.63135
 0 0.63135
 0 0.631364
 0 0.631364
 0 0.631365
 0 0.631365
 0 0.631381
 0 0.631383
 0 0.631384
 0 0.631384
 0 0.631384
 0 0.631385
 0 0.6314
 0 0.631406
 0 0.631422
 0 0.631462
 0 0.631477
 0 0.631477
 0 0.631477
 0 0.631477
 0 0.631477
 0 0.631482
 0 0.631482
 0 0.631485
 0 0.631486
 0 0.631498
 0 0.631553
 0 0.631553
 0 0.631553
 0 0.631553
 0 0.631566
 0 0.631567
 0 0.631567
 0 0.631578
 0 0.631585
 0 0.631586
 0 0.631586
 0 0.631586
 0 0.631593
 0 0.631593
 0 0.631609
 0 0.631609
 0 0.631609
 0 0.631609
 0 0.631628
 0 0.631628
 0 0.631646
 0 0.631646
 0 0.631648
 0 0.631648
 0 0.631649
 0 0.63166
 0 0.631698
 0 0.631698
 0 0.631723
 0 0.631723
 0 0.631724
 0 0.631724
 0 0.631724
 0 0.631738
 0 0.631738
 0 0.631738
 0 0.631744
 0 0.631745
 0 0.631745
 0 0.631766
 0 0.631767
 0 0.631767
 0 0.631793
 0 0.631793
 0 0.631846
 0 0.631846
 0 0.631847
 0 0.631847
 0 0.631847
 0 0.631861
 0 0.631862
 0 0.631871
 0 0.631878
 0 0.631879
 0 0.631914
 0 0.631916
 0 0.631925
 0 0.631932
 0 0.631932
 0 0.631932
 0 0.631932
 0 0.631945
 0 0.631947
 0 0.631994
 0 0.632011
 0 0.632021
 0 0.632021
 0 0.632034
 0 0.632036
 0 0.632036
 0 0.632039
 0 0.632039
 0 0.632067
 0 0.632109
 0 0.632109
 0 0.63215
 0 0.63215
 0 0.632152
 0 0.632162
 0 0.632162
 0 0.632164
 0 0.63219
 0 0.63219
 0 0.63219
 0 0.632197
 0 0.632197
 0 0.632197
 0 0.632217
 0 0.632221
 0 0.632221
 0 0.632238
 0 0.632238
 0 0.632238
 0 0.632238
 0 0.632239
 0 0.632245
 0 0.632245
 0 0.632246
 0 0.632253
 0 0.632253
 0 0.632254
 0 0.632254
 0 0.632254
 0 0.632255
 0 0.632255
 0 0.632266
 0 0.632269
 0 0.632292
 0 0.632292
 0 0.632292
 0 0.632299
 0 0.632329
 0 0.63233
 0 0.632344
 0 0.632344
 0 0.632344
 0 0.632346
 0 0.632346
 0 0.632349
 0 0.632371
 0 0.632372
 0 0.632372
 0 0.632419
 0 0.632419
 0 0.632419
 0 0.632422
 0 0.632458
 0 0.632458
 0 0.632475
 0 0.632475
 0 0.632481
 0 0.632481
 0 0.632481
 0 0.632501
 0 0.632502
 0 0.632554
 0 0.632554
 0 0.632557
 0 0.632557
 0 0.632557
 0 0.632578
 0 0.632588
 0 0.632589
 0 0.632589
 0 0.63259
 0 0.632591
 0 0.632591
 0 0.632599
 0 0.632603
 0 0.632603
 0 0.632614
 0 0.632621
 0 0.632621
 0 0.632624
 0 0.632625
 0 0.632625
 0 0.632629
 0 0.63263
 0 0.63263
 0 0.632631
 0 0.632631
 0 0.632634
 0 0.632637
 0 0.632637
 0 0.632637
 0 0.63264
 0 0.632643
 0 0.632643
 0 0.632643
 0 0.632659
 0 0.632662
 0 0.632662
 0 0.632663
 0 0.632678
 0 0.632681
 0 0.632694
 0 0.632694
 0 0.632695
 0 0.632728
 0 0.632731
 0 0.632731
 0 0.632732
 0 0.632732
 0 0.632732
 0 0.632732
 0 0.632732
 0 0.632732
 0 0.632754
 0 0.632779
 0 0.63278
 0 0.632803
 0 0.632803
 0 0.632803
 0 0.632838
 0 0.632839
 0 0.632839
 0 0.63285
 0 0.632856
 0 0.632856
 0 0.632859
 0 0.632893
 0 0.632893
 0 0.632905
 0 0.632909
 0 0.632909
 0 0.632909
 0 0.632909
 0 0.632937
 0 0.632938
 0 0.632951
 0 0.632957
 0 0.632962
 0 0.632962
 0 0.632962
 0 0.632965
 0 0.632968
 0 0.632969
 0 0.632981
 0 0.632984
 0 0.632988
 0 0.633003
 0 0.633004
 0 0.633004
 0 0.633004
 0 0.633006
 0 0.633006
 0 0.633021
 0 0.63305
 0 0.63305
 0 0.633051
 0 0.633051
 0 0.633051
 0 0.633052
 0 0.633061
 0 0.633061
 0 0.633078
 0 0.633079
 0 0.63308
 0 0.63308
 0 0.633093
 0 0.633095
 0 0.633107
 0 0.633107
 0 0.633108
 0 0.633108
 0 0.633109
 0 0.63311
 0 0.633114
 0 0.633114
 0 0.633117
 0 0.633118
 0 0.633142
 0 0.633142
 0 0.633142
 0 0.633146
 0 0.633147
 0 0.633167
 0 0.633167
 0 0.633168
 0 0.633175
 0 0.633175
 0 0.633178
 0 0.633179
 0 0.633188
 0 0.633192
 0 0.633193
 0 0.633209
 0 0.633219
 0 0.633219
 0 0.633219
 0 0.633225
 0 0.633225
 0 0.633231
 0 0.633231
 0 0.633254
 0 0.633254
 0 0.633262
 0 0.633263
 0 0.633263
 0 0.633285
 0 0.633288
 0 0.633288
 0 0.633294
 0 0.633314
 0 0.633322
 0 0.633323
 0 0.633324
 0 0.633325
 0 0.633328
 0 0.633328
 0 0.633329
 0 0.633332
 0 0.633332
 0 0.633335
 0 0.633335
 0 0.633354
 0 0.633354
 0 0.633372
 0 0.633372
 0 0.633383
 0 0.633383
 0 0.633383
 0 0.633399
 0 0.633431
 0 0.633431
 0 0.633433
 0 0.633435
 0 0.633449
 0 0.63345
 0 0.633452
 0 0.633453
 0 0.633459
 0 0.633459
 0 0.633477
 0 0.633478
 0 0.633478
 0 0.633487
 0 0.633487
 0 0.633487
 0 0.633487
 0 0.633488
 0 0.63352
 0 0.633545
 0 0.63355
 0 0.63355
 0 0.633551
 0 0.633557
 0 0.633557
 0 0.633564
 0 0.633564
 0 0.633566
 0 0.633566
 0 0.633566
 0 0.633588
 0 0.633588
 0 0.633589
 0 0.633589
 0 0.633589
 0 0.633616
 0 0.633617
 0 0.633617
 0 0.633625
 0 0.633626
 0 0.633626
 0 0.633629
 0 0.63363
 0 0.63363
 0 0.63363
 0 0.633631
 0 0.633631
 0 0.633632
 0 0.633632
 0 0.633633
 0 0.633641
 0 0.633672
 0 0.633679
 0 0.633679
 0 0.633684
 0 0.633684
 0 0.633688
 0 0.633689
 0 0.633695
 0 0.633695
 0 0.633695
 0 0.633703
 0 0.633703
 0 0.633709
 0 0.633711
 0 0.633713
 0 0.633713
 0 0.63374
 0 0.633743
 0 0.63375
 0 0.63375
 0 0.633752
 0 0.633752
 0 0.633752
 0 0.633753
 0 0.633756
 0 0.633787
 0 0.633787
 0 0.63379
 0 0.633798
 0 0.633818
 0 0.633818
 0 0.633829
 0 0.633836
 0 0.633837
 0 0.633841
 0 0.63385
 0 0.633851
 0 0.633876
 0 0.633887
 0 0.633888
 0 0.6339
 0 0.6339
 0 0.633911
 0 0.633911
 0 0.633911
 0 0.633966
 0 0.633969
 0 0.63397
 0 0.633973
 0 0.633975
 0 0.633979
 0 0.633991
 0 0.633991
 0 0.634001
 0 0.634001
 0 0.634014
 0 0.634014
 0 0.634017
 0 0.634017
 0 0.634029
 0 0.634031
 0 0.634035
 0 0.634043
 0 0.634043
 0 0.634061
 0 0.634071
 0 0.634092
 0 0.634092
 0 0.634096
 0 0.634097
 0 0.634107
 0 0.634112
 0 0.634112
 0 0.634133
 0 0.634133
 0 0.634134
 0 0.634142
 0 0.634154
 0 0.634156
 0 0.634156
 0 0.634184
 0 0.634185
 0 0.634185
 0 0.634189
 0 0.6342
 0 0.6342
 0 0.634201
 0 0.634203
 0 0.634205
 0 0.634205
 0 0.634205
 0 0.634212
 0 0.634213
 0 0.634225
 0 0.634241
 0 0.634252
 0 0.634252
 0 0.634282
 0 0.634282
 0 0.634282
 0 0.634283
 0 0.634294
 0 0.634294
 0 0.634295
 0 0.63431
 0 0.634311
 0 0.634335
 0 0.634365
 0 0.634365
 0 0.634382
 0 0.634382
 0 0.634382
 0 0.634382
 0 0.634394
 0 0.634404
 0 0.63443
 0 0.63443
 0 0.63443
 0 0.634435
 0 0.634435
 0 0.634437
 0 0.634437
 0 0.634439
 0 0.634476
 0 0.634476
 0 0.634521
 0 0.634522
 0 0.634522
 0 0.634522
 0 0.634539
 0 0.634545
 0 0.634545
 0 0.634545
 0 0.634545
 0 0.63456
 0 0.634587
 0 0.634588
 0 0.634602
 0 0.634604
 0 0.634604
 0 0.634604
 0 0.634605
 0 0.634632
 0 0.634634
 0 0.634634
 0 0.63466
 0 0.63466
 0 0.634667
 0 0.634668
 0 0.634669
 0 0.634678
 0 0.634679
 0 0.634686
 0 0.634686
 0 0.634686
 0 0.634694
 0 0.634694
 0 0.634704
 0 0.634714
 0 0.634749
 0 0.63476
 0 0.634767
 0 0.634774
 0 0.634777
 0 0.634778
 0 0.634809
 0 0.634817
 0 0.634828
 0 0.634831
 0 0.63485
 0 0.634872
 0 0.634887
 0 0.634887
 0 0.634893
 0 0.634895
 0 0.634908
 0 0.63495
 0 0.635
 0 0.635
 0 0.635001
 0 0.635007
 0 0.635008
 0 0.635027
 0 0.635027
 0 0.635027
 0 0.635038
 0 0.63506
 0 0.635078
 0 0.635086
 0 0.635086
 0 0.635096
 0 0.635096
 0 0.6351
 0 0.6351
 0 0.635101
 0 0.635143
 0 0.635143
 0 0.635155
 0 0.635173
 0 0.635177
 0 0.635177
 0 0.635177
 0 0.635214
 0 0.635228
 0 0.63523
 0 0.635235
 0 0.635235
 0 0.635354
 0 0.635396
 0 0.635399
 0 0.635408
 0 0.635474
 0 0.63552
 0 0.635533
 0 0.635539
 0 0.635539
 0 0.635539
 0 0.63558
 0 0.63558
 0 0.63558
 0 0.635587
 0 0.635588
 0 0.635601
 0 0.635624
 0 0.635633
 0 0.635654
 0 0.635664
 0 0.635664
 0 0.635668
 0 0.635671
 0 0.635671
 0 0.635671
 0 0.635671
 0 0.635706
 0 0.635711
 0 0.635726
 0 0.635727
 0 0.635769
 0 0.635771
 0 0.635772
 0 0.635781
 0 0.635789
 0 0.635789
 0 0.635806
 0 0.635806
 0 0.635806
 0 0.635806
 0 0.635808
 0 0.635815
 0 0.635816
 0 0.63582
 0 0.63582
 0 0.63582
 0 0.63585
 0 0.635853
 0 0.635863
 0 0.635863
 0 0.635865
 0 0.635865
 0 0.63591
 0 0.63591
 0 0.63591
 0 0.635928
 0 0.635928
 0 0.635939
 0 0.63594
 0 0.635977
 0 0.635977
 0 0.635977
 0 0.635977
 0 0.636022
 0 0.636023
 0 0.636027
 0 0.636027
 0 0.63605
 0 0.636052
 0 0.63606
 0 0.636068
 0 0.636114
 0 0.636123
 0 0.636136
 0 0.636136
 0 0.636136
 0 0.636139
 0 0.636139
 0 0.636164
 0 0.636164
 0 0.636167
 0 0.63617
 0 0.636178
 0 0.636178
 0 0.636179
 0 0.636179
 0 0.63618
 0 0.636187
 0 0.636192
 0 0.636193
 0 0.636202
 0 0.636202
 0 0.636202
 0 0.636202
 0 0.636225
 0 0.636225
 0 0.636247
 0 0.636249
 0 0.636249
 0 0.636249
 0 0.636314
 0 0.636317
 0 0.636326
 0 0.636348
 0 0.636348
 0 0.636349
 0 0.636349
 0 0.636362
 0 0.636362
 0 0.636362
 0 0.636367
 0 0.636367
 0 0.636369
 0 0.636369
 0 0.636369
 0 0.63638
 0 0.636408
 0 0.636409
 0 0.63643
 0 0.636432
 0 0.636438
 0 0.636441
 0 0.636443
 0 0.636443
 0 0.636464
 0 0.63647
 0 0.63647
 0 0.636476
 0 0.636476
 0 0.636517
 0 0.636522
 0 0.636522
 0 0.636523
 0 0.636538
 0 0.636538
 0 0.636539
 0 0.636595
 0 0.636611
 0 0.636612
 0 0.636612
 0 0.636612
 0 0.636612
 0 0.636612
 0 0.636615
 0 0.636615
 0 0.636648
 0 0.636652
 0 0.636656
 0 0.636657
 0 0.636667
 0 0.636685
 0 0.636687
 0 0.636687
 0 0.636687
 0 0.636705
 0 0.636717
 0 0.636718
 0 0.636738
 0 0.636738
 0 0.636738
 0 0.636738
 0 0.636749
 0 0.636749
 0 0.636752
 0 0.636752
 0 0.636756
 0 0.636758
 0 0.636759
 0 0.636763
 0 0.636763
 0 0.63678
 0 0.636815
 0 0.636815
 0 0.636816
 0 0.636823
 0 0.636823
 0 0.636836
 0 0.636836
 0 0.63684
 0 0.63684
 0 0.636864
 0 0.636868
 0 0.636874
 0 0.636875
 0 0.636876
 0 0.636884
 0 0.636884
 0 0.636884
 0 0.636884
 0 0.636886
 0 0.636896
 0 0.636922
 0 0.636934
 0 0.636934
 0 0.636945
 0 0.637019
 0 0.637025
 0 0.637025
 0 0.637026
 0 0.63703
 0 0.637031
 0 0.637031
 0 0.637034
 0 0.637034
 0 0.637041
 0 0.637042
 0 0.637042
 0 0.637049
 0 0.637051
 0 0.637051
 0 0.637059
 0 0.637067
 0 0.63707
 0 0.637072
 0 0.637079
 0 0.637103
 0 0.637114
 0 0.637142
 0 0.637159
 0 0.637159
 0 0.637164
 0 0.637164
 0 0.63717
 0 0.63717
 0 0.637177
 0 0.637178
 0 0.637208
 0 0.637235
 0 0.637283
 0 0.637283
 0 0.637308
 0 0.637345
 0 0.637345
 0 0.637346
 0 0.637349
 0 0.637349
 0 0.637375
 0 0.637378
 0 0.637439
 0 0.637449
 0 0.637461
 0 0.637468
 0 0.637469
 0 0.637509
 0 0.637546
 0 0.637546
 0 0.637552
 0 0.63756
 0 0.63756
 0 0.63756
 0 0.637564
 0 0.637574
 0 0.637574
 0 0.637574
 0 0.637634
 0 0.637636
 0 0.637637
 0 0.63764
 0 0.63764
 0 0.63764
 0 0.63764
 0 0.637644
 0 0.63765
 0 0.63765
 0 0.637652
 0 0.637652
 0 0.637652
 0 0.637653
 0 0.637653
 0 0.637677
 0 0.637681
 0 0.637682
 0 0.637688
 0 0.637706
 0 0.637721
 0 0.637722
 0 0.637723
 0 0.63773
 0 0.637745
 0 0.637763
 0 0.637763
 0 0.637763
 0 0.637769
 0 0.63777
 0 0.637779
 0 0.637779
 0 0.637805
 0 0.637858
 0 0.637858
 0 0.63793
 0 0.63793
 0 0.63793
 0 0.63793
 0 0.63793
 0 0.63793
 0 0.637931
 0 0.637957
 0 0.637957
 0 0.638019
 0 0.638019
 0 0.63802
 0 0.638021
 0 0.638045
 0 0.638045
 0 0.638065
 0 0.638113
 0 0.638114
 0 0.638206
 0 0.638206
 0 0.638242
 0 0.638242
 0 0.638242
 0 0.638243
 0 0.638244
 0 0.638244
 0 0.638261
 0 0.638265
 0 0.638295
 0 0.638296
 0 0.638302
 0 0.638313
 0 0.638315
 0 0.638317
 0 0.638317
 0 0.638353
 0 0.638359
 0 0.638415
 0 0.63842
 0 0.638421
 0 0.638421
 0 0.638463
 0 0.638493
 0 0.638499
 0 0.638499
 0 0.638499
 0 0.638515
 0 0.638515
 0 0.638529
 0 0.638544
 0 0.638544
 0 0.638545
 0 0.638568
 0 0.638625
 0 0.638625
 0 0.638638
 0 0.638689
 0 0.638689
 0 0.63869
 0 0.638729
 0 0.638784
 0 0.638786
 0 0.6388
 0 0.638801
 0 0.638802
 0 0.638802
 0 0.638837
 0 0.638837
 0 0.638879
 0 0.638891
 0 0.638891
 0 0.638891
 0 0.638892
 0 0.638892
 0 0.638892
 0 0.638906
 0 0.638907
 0 0.638949
 0 0.638968
 0 0.639001
 0 0.639001
 0 0.63909
 0 0.639091
 0 0.639097
 0 0.6391
 0 0.639101
 0 0.639101
 0 0.639105
 0 0.639132
 0 0.639201
 0 0.639201
 0 0.639205
 0 0.639213
 0 0.639213
 0 0.639219
 0 0.639244
 0 0.639244
 0 0.639244
 0 0.639276
 0 0.639357
 0 0.639457
 0 0.639505
 0 0.639508
 0 0.639508
 0 0.639508
 0 0.639508
 0 0.639509
 0 0.639511
 0 0.639532
 0 0.639532
 0 0.639534
 0 0.639573
 0 0.639581
 0 0.639581
 0 0.639583
 0 0.639583
 0 0.63959
 0 0.639591
 0 0.639603
 0 0.639604
 0 0.639604
 0 0.639604
 0 0.639642
 0 0.639642
 0 0.639642
 0 0.639663
 0 0.639664
 0 0.639745
 0 0.639814
 0 0.639814
 0 0.639815
 0 0.639851
 0 0.639861
 0 0.639861
 0 0.639861
 0 0.639861
 0 0.639861
 0 0.639879
 0 0.639879
 0 0.639879
 0 0.639879
 0 0.639883
 0 0.639904
 0 0.639904
 0 0.639943
 0 0.639957
 0 0.640007
 0 0.640007
 0 0.640007
 0 0.640008
 0 0.640028
 0 0.640028
 0 0.640028
 0 0.640028
 0 0.640028
 0 0.640034
 0 0.640085
 0 0.640085
 0 0.640092
 0 0.640108
 0 0.640148
 0 0.640148
 0 0.640148
 0 0.640149
 0 0.640149
 0 0.640157
 0 0.640158
 0 0.640158
 0 0.640173
 0 0.640173
 0 0.640195
 0 0.640195
 0 0.640195
 0 0.640223
 0 0.640223
 0 0.640288
 0 0.640288
 0 0.64029
 0 0.64029
 0 0.64029
 0 0.640344
 0 0.640345
 0 0.640345
 0 0.640389
 0 0.640426
 0 0.640476
 0 0.64053
 0 0.640579
 0 0.640579
 0 0.640664
 0 0.640664
 0 0.640664
 0 0.640816
 0 0.640816
 0 0.640816
 0 0.640816
 0 0.640829
 0 0.640832
 0 0.640955
 0 0.640968
 0 0.640968
 0 0.640969
 0 0.641003
 0 0.641003
 0 0.64106
 0 0.641061
 0 0.641063
 0 0.641063
 0 0.64117
 0 0.64117
 0 0.641195
 0 0.641195
 0 0.641209
 0 0.641274
 0 0.641402
 0 0.641402
 0 0.641577
 0 0.641577
 0 0.641577
 0 0.641754
 0 0.641754
 0 0.641755
 0 0.641778
 0 0.641779
 0 0.641779
 0 0.64178
 0 0.641961
 0 0.641961
 0 0.641996
 0 0.642235
 0 0.642235
 0 0.642276
 0 0.642279
 0 0.642344
 0 0.642344
 0 0.642344
 0 0.642344
 0 0.642348
 0 0.642452
 0 0.642476
 0 0.642476
 0 0.642539
 0 0.642547
 0 0.642574
 0 0.642635
 0 0.642636
 0 0.642751
 0 0.642768
 0 0.642773
 0 0.642773
 0 0.642773
 0 0.642891
 0 0.642891
 0 0.642891
 0 0.642892
 0 0.643206
 0 0.643206
 0 0.643206
 0 0.643215
 0 0.643215
 0 0.643221
 0 0.643221
 0 0.643221
 0 0.643329
 0 0.64355
 0 0.643575
 0 0.643575
 0 0.643576
 0 0.643599
 0 0.643599
 0 0.6436
 0 0.643612
 0 0.643612
 0 0.643716
 0 0.643743
 0 0.643743
 0 0.643743
 0 0.643993
 0 0.644066
 0 0.644066
 0 0.64417
 0 0.644834
 0 0.644834
 0 0.647509
 0 0.647509
 0 0.64751
 0 0.64777
 0 0.64777
 0 0.648346
 0 0.649175
 0 0.649384
 0 0.649384
 0 0.649384
 0 0.649384
 0 0.64969
 0 inf
