 0 0.624658
 0 0.624786
 0 0.624786
 0 0.624786
 0 0.625752
 0 0.625752
 0 0.62595
 0 0.62595
 0 0.626491
 0 0.627268
 0 0.627269
 0 0.627269
 0 0.628536
 0 0.628537
 0 0.62896
 0 0.628983
 0 0.628983
 0 0.628984
 0 0.629109
 0 0.629109
 0 0.629487
 0 0.62969
 0 0.62969
 0 0.629733
 0 0.629832
 0 0.629848
 0 0.629933
 0 0.629935
 0 0.62994
 0 0.629942
 0 0.629942
 0 0.630239
 0 0.630278
 0 0.630279
 0 0.630279
 0 0.630279
 0 0.630479
 0 0.63048
 0 0.63054
 0 0.630685
 0 0.630765
 0 0.630794
 0 0.630794
 0 0.630824
 0 0.630824
 0 0.630824
 0 0.630824
 0 0.630825
 0 0.630826
 0 0.630841
 0 0.630872
 0 0.630872
 0 0.630893
 0 0.630897
 0 0.630993
 0 0.630993
 0 0.631099
 0 0.631099
 0 0.631143
 0 0.631144
 0 0.631144
 0 0.631174
 0 0.631174
 0 0.631174
 0 0.631175
 0 0.631249
 0 0.631412
 0 0.631413
 0 0.631447
 0 0.631447
 0 0.631447
 0 0.631447
 0 0.63147
 0 0.631481
 0 0.631507
 0 0.631554
 0 0.631554
 0 0.631564
 0 0.631571
 0 0.631649
 0 0.631649
 0 0.631661
 0 0.631662
 0 0.631714
 0 0.631729
 0 0.631731
 0 0.631741
 0 0.631745
 0 0.631745
 0 0.631745
 0 0.631771
 0 0.631798
 0 0.631798
 0 0.631803
 0 0.631804
 0 0.631804
 0 0.631811
 0 0.631838
 0 0.631838
 0 0.631839
 0 0.63184
 0 0.631863
 0 0.631863
 0 0.631877
 0 0.631878
 0 0.631901
 0 0.631985
 0 0.632012
 0 0.632019
 0 0.632019
 0 0.632019
 0 0.63202
 0 0.632021
 0 0.632052
 0 0.632056
 0 0.632056
 0 0.632063
 0 0.632063
 0 0.632077
 0 0.632255
 0 0.632305
 0 0.632305
 0 0.632319
 0 0.632329
 0 0.63233
 0 0.632333
 0 0.632335
 0 0.632359
 0 0.632359
 0 0.632359
 0 0.632359
 0 0.632367
 0 0.632367
 0 0.63238
 0 0.63238
 0 0.632381
 0 0.632394
 0 0.632394
 0 0.632394
 0 0.632395
 0 0.632395
 0 0.632398
 0 0.632398
 0 0.632398
 0 0.632468
 0 0.632469
 0 0.632469
 0 0.632469
 0 0.632469
 0 0.632469
 0 0.632475
 0 0.632475
 0 0.632476
 0 0.632507
 0 0.632507
 0 0.632507
 0 0.632508
 0 0.63253
 0 0.63253
 0 0.63253
 0 0.632549
 0 0.632561
 0 0.632583
 0 0.632583
 0 0.632583
 0 0.632599
 0 0.632637
 0 0.632654
 0 0.632677
 0 0.632678
 0 0.632687
 0 0.632732
 0 0.632765
 0 0.632765
 0 0.632766
 0 0.632766
 0 0.632791
 0 0.632791
 0 0.632791
 0 0.632792
 0 0.6328
 0 0.632821
 0 0.632822
 0 0.632822
 0 0.632844
 0 0.632874
 0 0.632874
 0 0.632881
 0 0.632881
 0 0.632884
 0 0.632885
 0 0.632921
 0 0.632921
 0 0.632937
 0 0.632937
 0 0.632938
 0 0.632941
 0 0.632943
 0 0.632943
 0 0.632944
 0 0.632948
 0 0.632948
 0 0.632952
 0 0.632957
 0 0.632962
 0 0.632962
 0 0.632962
 0 0.632983
 0 0.632983
 0 0.632985
 0 0.632991
 0 0.632996
 0 0.632997
 0 0.632997
 0 0.633015
 0 0.633015
 0 0.63302
 0 0.63302
 0 0.633039
 0 0.633048
 0 0.633065
 0 0.633066
 0 0.633066
 0 0.633085
 0 0.633093
 0 0.633093
 0 0.633103
 0 0.633104
 0 0.63312
 0 0.63312
 0 0.63312
 0 0.63312
 0 0.633133
 0 0.633133
 0 0.633133
 0 0.633134
 0 0.633134
 0 0.633134
 0 0.633136
 0 0.633142
 0 0.633142
 0 0.633155
 0 0.633155
 0 0.633183
 0 0.633183
 0 0.633203
 0 0.633203
 0 0.633208
 0 0.63323
 0 0.63323
 0 0.63323
 0 0.633241
 0 0.633241
 0 0.633242
 0 0.633267
 0 0.633268
 0 0.633279
 0 0.633309
 0 0.63331
 0 0.63331
 0 0.633368
 0 0.633373
 0 0.633373
 0 0.633378
 0 0.633379
 0 0.633423
 0 0.633441
 0 0.633442
 0 0.633444
 0 0.633464
 0 0.633464
 0 0.633464
 0 0.633477
 0 0.633483
 0 0.633484
 0 0.63349
 0 0.633493
 0 0.633499
 0 0.633525
 0 0.633534
 0 0.633534
 0 0.633549
 0 0.633567
 0 0.633567
 0 0.63357
 0 0.633571
 0 0.633594
 0 0.633594
 0 0.633596
 0 0.633596
 0 0.633596
 0 0.633615
 0 0.633616
 0 0.633616
 0 0.633617
 0 0.633625
 0 0.633639
 0 0.633639
 0 0.633639
 0 0.63364
 0 0.633643
 0 0.633643
 0 0.633664
 0 0.633689
 0 0.633689
 0 0.633695
 0 0.633704
 0 0.633705
 0 0.633706
 0 0.633709
 0 0.633724
 0 0.633724
 0 0.633724
 0 0.633724
 0 0.633753
 0 0.633756
 0 0.633777
 0 0.633777
 0 0.633809
 0 0.633809
 0 0.633809
 0 0.633809
 0 0.633815
 0 0.633816
 0 0.633817
 0 0.633817
 0 0.633833
 0 0.633835
 0 0.633837
 0 0.633837
 0 0.633838
 0 0.633845
 0 0.63386
 0 0.63386
 0 0.633877
 0 0.633889
 0 0.63389
 0 0.633924
 0 0.633925
 0 0.633925
 0 0.633934
 0 0.633948
 0 0.633954
 0 0.633954
 0 0.633955
 0 0.633955
 0 0.63396
 0 0.63396
 0 0.63396
 0 0.63396
 0 0.633963
 0 0.633963
 0 0.633974
 0 0.633975
 0 0.633975
 0 0.633979
 0 0.633979
 0 0.633991
 0 0.633992
 0 0.634026
 0 0.634028
 0 0.634031
 0 0.634032
 0 0.634067
 0 0.634067
 0 0.634084
 0 0.634114
 0 0.634119
 0 0.634122
 0 0.634122
 0 0.634125
 0 0.634136
 0 0.63414
 0 0.63414
 0 0.634175
 0 0.634175
 0 0.634175
 0 0.634175
 0 0.63419
 0 0.634193
 0 0.634193
 0 0.6342
 0 0.634211
 0 0.634212
 0 0.63422
 0 0.63422
 0 0.634223
 0 0.63425
 0 0.634258
 0 0.634262
 0 0.634263
 0 0.634263
 0 0.634281
 0 0.634283
 0 0.634291
 0 0.634306
 0 0.634308
 0 0.634314
 0 0.634314
 0 0.634314
 0 0.634314
 0 0.634339
 0 0.634343
 0 0.634358
 0 0.634358
 0 0.634358
 0 0.63436
 0 0.634426
 0 0.634426
 0 0.634426
 0 0.634433
 0 0.634434
 0 0.634472
 0 0.634486
 0 0.634529
 0 0.634529
 0 0.63453
 0 0.63453
 0 0.634531
 0 0.634531
 0 0.63454
 0 0.634567
 0 0.634578
 0 0.634578
 0 0.63459
 0 0.634592
 0 0.634609
 0 0.634609
 0 0.63461
 0 0.634625
 0 0.634625
 0 0.634626
 0 0.634629
 0 0.634629
 0 0.634644
 0 0.634646
 0 0.634658
 0 0.634667
 0 0.634667
 0 0.634668
 0 0.634682
 0 0.634711
 0 0.634716
 0 0.634736
 0 0.634741
 0 0.634743
 0 0.634744
 0 0.634747
 0 0.634751
 0 0.634751
 0 0.634775
 0 0.634775
 0 0.634789
 0 0.634789
 0 0.634789
 0 0.634789
 0 0.634789
 0 0.634816
 0 0.634822
 0 0.634824
 0 0.634829
 0 0.634832
 0 0.634852
 0 0.634861
 0 0.634862
 0 0.634871
 0 0.634879
 0 0.634879
 0 0.634879
 0 0.634882
 0 0.634882
 0 0.634899
 0 0.634899
 0 0.6349
 0 0.634901
 0 0.634901
 0 0.634913
 0 0.634913
 0 0.634913
 0 0.634944
 0 0.634944
 0 0.634966
 0 0.634966
 0 0.634979
 0 0.634979
 0 0.634979
 0 0.634981
 0 0.635029
 0 0.635029
 0 0.63503
 0 0.635034
 0 0.635036
 0 0.635044
 0 0.635044
 0 0.635051
 0 0.63507
 0 0.635072
 0 0.635074
 0 0.635094
 0 0.635134
 0 0.635134
 0 0.635153
 0 0.635153
 0 0.635156
 0 0.63517
 0 0.635172
 0 0.635174
 0 0.63518
 0 0.635181
 0 0.635183
 0 0.635184
 0 0.635189
 0 0.635189
 0 0.635189
 0 0.63519
 0 0.635212
 0 0.635212
 0 0.63522
 0 0.635221
 0 0.635221
 0 0.635221
 0 0.635227
 0 0.635234
 0 0.635235
 0 0.635239
 0 0.63527
 0 0.635274
 0 0.635276
 0 0.635276
 0 0.635277
 0 0.63528
 0 0.635284
 0 0.635284
 0 0.635284
 0 0.635285
 0 0.635296
 0 0.635314
 0 0.635314
 0 0.635315
 0 0.635316
 0 0.635317
 0 0.635317
 0 0.635332
 0 0.635348
 0 0.635351
 0 0.635353
 0 0.635363
 0 0.635365
 0 0.635388
 0 0.635388
 0 0.635388
 0 0.6354
 0 0.635401
 0 0.635409
 0 0.635411
 0 0.635414
 0 0.635424
 0 0.635425
 0 0.635425
 0 0.635427
 0 0.63544
 0 0.635466
 0 0.635467
 0 0.635475
 0 0.635475
 0 0.635479
 0 0.635479
 0 0.635479
 0 0.635488
 0 0.63549
 0 0.635491
 0 0.635491
 0 0.635492
 0 0.635497
 0 0.635536
 0 0.635538
 0 0.635538
 0 0.635543
 0 0.635557
 0 0.635558
 0 0.63556
 0 0.635562
 0 0.635568
 0 0.635572
 0 0.635572
 0 0.635579
 0 0.635579
 0 0.635579
 0 0.635598
 0 0.635598
 0 0.635598
 0 0.6356
 0 0.635607
 0 0.635624
 0 0.635624
 0 0.635633
 0 0.635635
 0 0.635639
 0 0.635639
 0 0.635639
 0 0.635639
 0 0.635643
 0 0.635643
 0 0.635643
 0 0.635678
 0 0.635678
 0 0.635679
 0 0.635683
 0 0.635683
 0 0.635688
 0 0.635688
 0 0.635692
 0 0.635693
 0 0.635693
 0 0.635696
 0 0.635702
 0 0.635703
 0 0.635712
 0 0.635712
 0 0.635712
 0 0.63574
 0 0.635743
 0 0.635747
 0 0.635747
 0 0.635747
 0 0.635749
 0 0.635768
 0 0.635787
 0 0.635798
 0 0.635798
 0 0.6358
 0 0.6358
 0 0.635833
 0 0.635841
 0 0.635851
 0 0.635851
 0 0.635862
 0 0.63587
 0 0.63587
 0 0.635887
 0 0.63589
 0 0.635894
 0 0.635911
 0 0.635935
 0 0.635936
 0 0.635943
 0 0.635944
 0 0.63595
 0 0.63595
 0 0.63595
 0 0.63595
 0 0.635951
 0 0.635958
 0 0.635959
 0 0.635963
 0 0.63598
 0 0.63598
 0 0.635981
 0 0.635983
 0 0.635996
 0 0.635996
 0 0.635997
 0 0.635997
 0 0.635997
 0 0.636
 0 0.636
 0 0.636001
 0 0.636008
 0 0.636008
 0 0.636008
 0 0.636014
 0 0.636015
 0 0.636022
 0 0.636022
 0 0.636022
 0 0.636027
 0 0.636028
 0 0.636031
 0 0.636031
 0 0.636031
 0 0.636031
 0 0.636041
 0 0.636042
 0 0.636042
 0 0.636042
 0 0.636043
 0 0.636043
 0 0.636043
 0 0.636059
 0 0.636059
 0 0.63606
 0 0.636089
 0 0.63609
 0 0.636093
 0 0.636108
 0 0.636121
 0 0.636123
 0 0.63614
 0 0.636145
 0 0.636147
 0 0.636148
 0 0.636148
 0 0.636152
 0 0.636153
 0 0.63616
 0 0.63616
 0 0.63616
 0 0.63616
 0 0.636164
 0 0.636173
 0 0.636201
 0 0.636201
 0 0.636215
 0 0.636217
 0 0.636221
 0 0.636222
 0 0.636228
 0 0.63623
 0 0.63623
 0 0.636238
 0 0.636242
 0 0.636267
 0 0.636267
 0 0.636267
 0 0.636269
 0 0.636271
 0 0.636277
 0 0.636277
 0 0.636278
 0 0.636278
 0 0.636279
 0 0.636284
 0 0.636284
 0 0.636296
 0 0.636297
 0 0.636298
 0 0.636308
 0 0.63632
 0 0.636321
 0 0.636326
 0 0.636328
 0 0.636335
 0 0.636335
 0 0.63634
 0 0.636351
 0 0.63637
 0 0.636371
 0 0.636373
 0 0.636378
 0 0.636398
 0 0.636398
 0 0.636398
 0 0.636398
 0 0.636398
 0 0.636399
 0 0.6364
 0 0.636402
 0 0.636402
 0 0.636406
 0 0.63641
 0 0.636415
 0 0.636418
 0 0.636418
 0 0.636423
 0 0.636427
 0 0.636429
 0 0.636434
 0 0.636434
 0 0.636435
 0 0.636435
 0 0.636438
 0 0.636438
 0 0.636453
 0 0.636455
 0 0.636465
 0 0.636466
 0 0.636467
 0 0.636467
 0 0.636467
 0 0.636467
 0 0.636467
 0 0.636482
 0 0.636484
 0 0.636484
 0 0.636485
 0 0.636485
 0 0.636495
 0 0.636495
 0 0.636499
 0 0.636499
 0 0.636499
 0 0.636516
 0 0.636517
 0 0.63652
 0 0.636526
 0 0.636526
 0 0.636528
 0 0.63653
 0 0.63653
 0 0.636531
 0 0.636532
 0 0.636532
 0 0.63654
 0 0.636542
 0 0.636544
 0 0.636544
 0 0.636545
 0 0.636545
 0 0.636553
 0 0.636557
 0 0.636568
 0 0.63657
 0 0.636571
 0 0.636571
 0 0.636576
 0 0.636576
 0 0.636581
 0 0.636587
 0 0.636587
 0 0.636589
 0 0.63659
 0 0.636601
 0 0.636612
 0 0.636612
 0 0.636623
 0 0.636624
 0 0.636624
 0 0.636629
 0 0.636642
 0 0.636643
 0 0.636655
 0 0.636656
 0 0.636656
 0 0.636656
 0 0.636657
 0 0.636657
 0 0.636661
 0 0.636662
 0 0.636684
 0 0.636684
 0 0.636685
 0 0.636686
 0 0.636689
 0 0.636689
 0 0.636689
 0 0.63669
 0 0.636693
 0 0.636693
 0 0.636702
 0 0.636703
 0 0.636717
 0 0.636717
 0 0.636718
 0 0.636734
 0 0.636734
 0 0.636734
 0 0.636738
 0 0.636742
 0 0.636743
 0 0.636743
 0 0.636758
 0 0.636759
 0 0.636781
 0 0.636793
 0 0.636793
 0 0.6368
 0 0.6368
 0 0.636802
 0 0.636812
 0 0.636812
 0 0.636813
 0 0.636821
 0 0.636825
 0 0.636829
 0 0.63683
 0 0.636831
 0 0.63684
 0 0.636867
 0 0.636871
 0 0.636871
 0 0.636874
 0 0.636876
 0 0.636881
 0 0.636881
 0 0.636881
 0 0.636881
 0 0.636887
 0 0.636898
 0 0.636899
 0 0.636904
 0 0.636926
 0 0.636926
 0 0.636945
 0 0.636951
 0 0.636951
 0 0.636954
 0 0.636969
 0 0.63697
 0 0.63697
 0 0.636975
 0 0.637001
 0 0.637021
 0 0.637021
 0 0.637022
 0 0.637028
 0 0.637028
 0 0.63703
 0 0.637033
 0 0.637035
 0 0.637036
 0 0.637041
 0 0.637041
 0 0.637046
 0 0.637057
 0 0.637057
 0 0.637059
 0 0.637059
 0 0.637059
 0 0.63706
 0 0.637072
 0 0.637072
 0 0.637076
 0 0.637076
 0 0.637079
 0 0.637087
 0 0.637087
 0 0.637089
 0 0.637098
 0 0.637098
 0 0.637098
 0 0.637108
 0 0.637108
 0 0.637117
 0 0.637117
 0 0.637122
 0 0.637122
 0 0.637142
 0 0.637151
 0 0.637152
 0 0.637152
 0 0.637153
 0 0.637153
 0 0.63716
 0 0.63716
 0 0.63716
 0 0.637161
 0 0.637161
 0 0.637161
 0 0.637171
 0 0.637172
 0 0.637173
 0 0.637194
 0 0.637195
 0 0.6372
 0 0.6372
 0 0.6372
 0 0.637209
 0 0.637209
 0 0.637209
 0 0.637227
 0 0.637227
 0 0.637227
 0 0.637227
 0 0.637245
 0 0.637246
 0 0.637248
 0 0.637248
 0 0.637248
 0 0.63725
 0 0.637251
 0 0.637252
 0 0.637271
 0 0.637271
 0 0.637272
 0 0.637273
 0 0.637277
 0 0.637298
 0 0.637301
 0 0.637301
 0 0.637302
 0 0.637302
 0 0.637305
 0 0.637306
 0 0.637306
 0 0.637309
 0 0.63731
 0 0.637317
 0 0.637317
 0 0.637319
 0 0.637319
 0 0.637321
 0 0.637322
 0 0.637324
 0 0.63733
 0 0.63736
 0 0.637361
 0 0.637376
 0 0.637376
 0 0.63738
 0 0.63738
 0 0.63738
 0 0.637386
 0 0.637387
 0 0.637387
 0 0.637387
 0 0.637393
 0 0.6374
 0 0.637401
 0 0.637401
 0 0.637402
 0 0.637404
 0 0.637408
 0 0.637408
 0 0.637409
 0 0.63741
 0 0.63741
 0 0.63741
 0 0.63741
 0 0.637411
 0 0.637413
 0 0.637413
 0 0.637415
 0 0.637416
 0 0.637417
 0 0.637417
 0 0.637418
 0 0.637418
 0 0.637419
 0 0.637422
 0 0.637427
 0 0.637427
 0 0.637437
 0 0.637439
 0 0.637444
 0 0.637447
 0 0.637447
 0 0.637448
 0 0.63745
 0 0.63745
 0 0.637455
 0 0.637456
 0 0.637456
 0 0.637456
 0 0.637476
 0 0.637477
 0 0.637491
 0 0.637496
 0 0.637519
 0 0.637519
 0 0.637523
 0 0.637523
 0 0.637525
 0 0.637525
 0 0.637527
 0 0.637534
 0 0.637535
 0 0.63754
 0 0.63754
 0 0.63754
 0 0.637543
 0 0.637543
 0 0.637554
 0 0.637558
 0 0.637559
 0 0.637564
 0 0.637564
 0 0.637565
 0 0.637566
 0 0.637569
 0 0.637569
 0 0.637569
 0 0.637569
 0 0.63757
 0 0.637571
 0 0.637572
 0 0.637574
 0 0.637574
 0 0.637574
 0 0.63758
 0 0.637583
 0 0.637583
 0 0.637585
 0 0.637585
 0 0.637588
 0 0.637588
 0 0.637594
 0 0.637598
 0 0.637599
 0 0.637599
 0 0.637608
 0 0.637609
 0 0.637615
 0 0.637616
 0 0.637624
 0 0.637625
 0 0.637627
 0 0.637631
 0 0.637633
 0 0.637635
 0 0.637635
 0 0.637636
 0 0.637636
 0 0.637636
 0 0.637637
 0 0.63764
 0 0.637642
 0 0.637642
 0 0.637643
 0 0.637646
 0 0.637646
 0 0.637647
 0 0.637653
 0 0.637654
 0 0.637654
 0 0.637654
 0 0.637654
 0 0.637655
 0 0.637655
 0 0.637656
 0 0.637663
 0 0.637671
 0 0.637679
 0 0.637681
 0 0.637682
 0 0.637697
 0 0.637699
 0 0.637699
 0 0.637711
 0 0.637713
 0 0.637714
 0 0.637721
 0 0.637724
 0 0.637747
 0 0.637747
 0 0.637749
 0 0.637749
 0 0.63775
 0 0.637755
 0 0.637756
 0 0.63776
 0 0.637762
 0 0.637764
 0 0.637766
 0 0.637768
 0 0.637769
 0 0.637773
 0 0.637773
 0 0.637774
 0 0.637775
 0 0.637778
 0 0.637778
 0 0.63778
 0 0.63778
 0 0.63778
 0 0.63778
 0 0.637801
 0 0.637801
 0 0.637808
 0 0.637809
 0 0.63782
 0 0.63782
 0 0.637826
 0 0.637826
 0 0.637826
 0 0.637834
 0 0.637836
 0 0.637844
 0 0.637851
 0 0.637861
 0 0.637867
 0 0.63787
 0 0.63787
 0 0.63787
 0 0.63787
 0 0.637883
 0 0.637883
 0 0.637887
 0 0.637887
 0 0.637887
 0 0.637887
 0 0.637889
 0 0.637889
 0 0.637892
 0 0.637893
 0 0.637905
 0 0.637905
 0 0.637905
 0 0.637905
 0 0.637906
 0 0.637928
 0 0.637929
 0 0.637929
 0 0.63793
 0 0.637931
 0 0.637949
 0 0.637949
 0 0.637957
 0 0.637958
 0 0.637966
 0 0.637967
 0 0.637967
 0 0.637969
 0 0.63797
 0 0.637971
 0 0.637973
 0 0.637978
 0 0.63798
 0 0.637983
 0 0.637985
 0 0.638007
 0 0.638011
 0 0.638015
 0 0.638016
 0 0.638032
 0 0.638039
 0 0.638055
 0 0.638055
 0 0.638055
 0 0.638055
 0 0.638055
 0 0.638057
 0 0.638058
 0 0.638059
 0 0.638062
 0 0.638062
 0 0.638062
 0 0.638064
 0 0.638065
 0 0.638078
 0 0.638078
 0 0.638078
 0 0.638083
 0 0.638083
 0 0.638088
 0 0.63809
 0 0.63809
 0 0.63809
 0 0.638091
 0 0.638091
 0 0.638091
 0 0.638091
 0 0.638091
 0 0.638092
 0 0.638094
 0 0.638095
 0 0.638096
 0 0.638096
 0 0.638105
 0 0.63812
 0 0.638148
 0 0.638149
 0 0.638154
 0 0.638155
 0 0.638165
 0 0.638165
 0 0.638165
 0 0.638165
 0 0.638165
 0 0.638167
 0 0.638169
 0 0.638173
 0 0.638173
 0 0.638177
 0 0.638177
 0 0.638177
 0 0.638177
 0 0.638186
 0 0.638186
 0 0.638187
 0 0.638191
 0 0.638193
 0 0.638194
 0 0.638196
 0 0.638196
 0 0.638219
 0 0.63822
 0 0.63822
 0 0.638221
 0 0.638221
 0 0.638221
 0 0.638223
 0 0.638223
 0 0.638225
 0 0.63823
 0 0.638239
 0 0.638246
 0 0.638246
 0 0.638246
 0 0.638249
 0 0.638263
 0 0.638265
 0 0.638267
 0 0.638267
 0 0.638267
 0 0.638267
 0 0.638282
 0 0.638283
 0 0.63829
 0 0.63829
 0 0.638291
 0 0.638306
 0 0.638306
 0 0.638306
 0 0.638307
 0 0.638307
 0 0.638308
 0 0.638308
 0 0.638308
 0 0.638314
 0 0.638314
 0 0.638316
 0 0.638316
 0 0.63832
 0 0.638324
 0 0.638324
 0 0.638326
 0 0.638327
 0 0.638327
 0 0.638349
 0 0.638363
 0 0.638363
 0 0.638363
 0 0.638363
 0 0.638366
 0 0.638381
 0 0.638381
 0 0.638382
 0 0.638382
 0 0.638385
 0 0.638392
 0 0.638392
 0 0.638393
 0 0.638393
 0 0.638393
 0 0.638394
 0 0.638402
 0 0.638436
 0 0.638436
 0 0.63844
 0 0.63844
 0 0.63844
 0 0.63844
 0 0.63844
 0 0.638441
 0 0.638441
 0 0.638442
 0 0.638443
 0 0.638444
 0 0.638444
 0 0.638444
 0 0.638451
 0 0.638464
 0 0.638476
 0 0.638476
 0 0.638486
 0 0.638493
 0 0.638495
 0 0.638503
 0 0.638503
 0 0.638519
 0 0.638519
 0 0.63852
 0 0.638521
 0 0.638523
 0 0.638523
 0 0.638529
 0 0.638536
 0 0.638537
 0 0.638539
 0 0.638555
 0 0.638561
 0 0.638561
 0 0.638568
 0 0.638568
 0 0.638568
 0 0.638569
 0 0.638569
 0 0.638576
 0 0.638577
 0 0.638582
 0 0.638584
 0 0.638584
 0 0.638585
 0 0.63859
 0 0.63859
 0 0.638592
 0 0.638594
 0 0.638613
 0 0.638616
 0 0.638625
 0 0.638625
 0 0.63863
 0 0.638631
 0 0.638631
 0 0.638634
 0 0.638642
 0 0.638642
 0 0.638642
 0 0.638642
 0 0.638647
 0 0.63865
 0 0.638651
 0 0.63866
 0 0.63866
 0 0.63866
 0 0.638661
 0 0.638663
 0 0.638663
 0 0.638665
 0 0.638666
 0 0.638666
 0 0.638667
 0 0.638668
 0 0.638668
 0 0.638668
 0 0.638672
 0 0.638683
 0 0.638684
 0 0.638685
 0 0.638685
 0 0.638696
 0 0.638696
 0 0.638702
 0 0.638703
 0 0.638703
 0 0.638712
 0 0.638712
 0 0.638722
 0 0.638722
 0 0.638725
 0 0.638725
 0 0.638725
 0 0.638725
 0 0.638729
 0 0.638734
 0 0.63874
 0 0.63874
 0 0.638741
 0 0.638764
 0 0.638764
 0 0.638774
 0 0.638774
 0 0.638774
 0 0.638776
 0 0.638778
 0 0.63878
 0 0.638781
 0 0.63879
 0 0.638791
 0 0.638791
 0 0.638797
 0 0.638809
 0 0.638809
 0 0.63881
 0 0.63881
 0 0.638834
 0 0.638835
 0 0.638836
 0 0.638841
 0 0.638841
 0 0.638847
 0 0.638847
 0 0.638851
 0 0.638851
 0 0.638856
 0 0.638856
 0 0.638856
 0 0.638856
 0 0.638857
 0 0.638857
 0 0.638857
 0 0.638865
 0 0.638873
 0 0.638873
 0 0.638884
 0 0.638884
 0 0.638892
 0 0.638892
 0 0.638894
 0 0.638907
 0 0.638915
 0 0.638926
 0 0.638935
 0 0.638935
 0 0.638936
 0 0.638938
 0 0.638957
 0 0.63896
 0 0.63897
 0 0.638972
 0 0.638972
 0 0.638988
 0 0.638988
 0 0.638999
 0 0.638999
 0 0.639001
 0 0.639002
 0 0.639007
 0 0.639009
 0 0.63901
 0 0.639028
 0 0.639051
 0 0.639056
 0 0.639056
 0 0.639057
 0 0.63906
 0 0.63906
 0 0.639068
 0 0.639081
 0 0.639081
 0 0.639081
 0 0.639081
 0 0.639082
 0 0.639089
 0 0.639089
 0 0.639089
 0 0.63909
 0 0.63909
 0 0.639091
 0 0.639091
 0 0.639104
 0 0.639106
 0 0.639106
 0 0.639113
 0 0.639113
 0 0.639113
 0 0.639131
 0 0.639131
 0 0.639132
 0 0.639133
 0 0.639133
 0 0.639135
 0 0.639139
 0 0.63914
 0 0.63914
 0 0.639141
 0 0.639157
 0 0.639157
 0 0.639158
 0 0.639159
 0 0.639159
 0 0.639159
 0 0.63916
 0 0.639162
 0 0.639162
 0 0.639162
 0 0.639162
 0 0.639162
 0 0.639166
 0 0.639177
 0 0.639177
 0 0.639182
 0 0.639182
 0 0.639203
 0 0.639204
 0 0.639204
 0 0.639204
 0 0.639205
 0 0.639205
 0 0.639207
 0 0.639209
 0 0.639215
 0 0.639217
 0 0.639218
 0 0.639218
 0 0.63922
 0 0.63922
 0 0.63922
 0 0.639229
 0 0.63923
 0 0.639241
 0 0.639241
 0 0.639242
 0 0.639244
 0 0.639244
 0 0.639244
 0 0.639248
 0 0.639282
 0 0.63929
 0 0.63929
 0 0.639313
 0 0.639313
 0 0.639313
 0 0.639314
 0 0.639314
 0 0.639314
 0 0.639316
 0 0.639316
 0 0.639317
 0 0.639332
 0 0.639341
 0 0.639353
 0 0.639353
 0 0.639353
 0 0.639354
 0 0.639354
 0 0.639354
 0 0.63936
 0 0.639364
 0 0.639364
 0 0.639365
 0 0.639369
 0 0.639375
 0 0.639375
 0 0.639376
 0 0.639389
 0 0.639389
 0 0.639398
 0 0.639398
 0 0.639403
 0 0.639403
 0 0.639403
 0 0.639404
 0 0.639405
 0 0.639413
 0 0.63942
 0 0.639423
 0 0.639423
 0 0.639425
 0 0.639426
 0 0.639427
 0 0.63943
 0 0.63943
 0 0.639431
 0 0.639431
 0 0.639433
 0 0.639472
 0 0.639479
 0 0.639479
 0 0.63948
 0 0.639488
 0 0.639516
 0 0.639521
 0 0.639532
 0 0.639532
 0 0.639541
 0 0.639541
 0 0.639541
 0 0.639541
 0 0.639542
 0 0.639542
 0 0.639542
 0 0.639542
 0 0.639546
 0 0.639547
 0 0.639558
 0 0.639558
 0 0.639558
 0 0.639559
 0 0.639564
 0 0.639571
 0 0.639577
 0 0.639577
 0 0.639579
 0 0.639579
 0 0.639583
 0 0.639589
 0 0.639589
 0 0.639589
 0 0.639589
 0 0.639602
 0 0.639602
 0 0.639604
 0 0.639605
 0 0.639605
 0 0.639605
 0 0.639605
 0 0.639609
 0 0.639609
 0 0.639621
 0 0.639627
 0 0.639628
 0 0.639629
 0 0.639649
 0 0.639649
 0 0.639654
 0 0.639659
 0 0.639663
 0 0.639675
 0 0.639675
 0 0.639683
 0 0.639683
 0 0.639683
 0 0.63969
 0 0.63969
 0 0.639702
 0 0.639703
 0 0.639707
 0 0.639708
 0 0.639732
 0 0.639732
 0 0.639738
 0 0.63974
 0 0.639744
 0 0.639746
 0 0.63975
 0 0.639751
 0 0.639751
 0 0.639751
 0 0.639765
 0 0.639765
 0 0.639765
 0 0.639772
 0 0.639773
 0 0.639773
 0 0.639778
 0 0.639779
 0 0.639795
 0 0.639799
 0 0.639802
 0 0.639802
 0 0.639808
 0 0.639813
 0 0.639813
 0 0.639813
 0 0.639813
 0 0.639819
 0 0.639821
 0 0.639821
 0 0.639845
 0 0.639846
 0 0.639882
 0 0.63991
 0 0.639911
 0 0.639914
 0 0.639914
 0 0.639915
 0 0.639917
 0 0.639918
 0 0.63992
 0 0.639924
 0 0.639924
 0 0.639924
 0 0.639927
 0 0.639934
 0 0.639949
 0 0.639959
 0 0.639964
 0 0.639964
 0 0.639964
 0 0.639966
 0 0.639968
 0 0.63997
 0 0.63997
 0 0.639971
 0 0.639977
 0 0.639979
 0 0.640012
 0 0.640014
 0 0.640051
 0 0.640053
 0 0.640053
 0 0.640053
 0 0.640053
 0 0.640059
 0 0.64006
 0 0.640065
 0 0.640068
 0 0.640068
 0 0.64007
 0 0.64007
 0 0.640081
 0 0.640082
 0 0.640082
 0 0.640083
 0 0.640098
 0 0.640105
 0 0.640108
 0 0.640108
 0 0.640114
 0 0.640119
 0 0.640121
 0 0.640124
 0 0.640128
 0 0.640128
 0 0.640133
 0 0.640133
 0 0.640134
 0 0.64014
 0 0.64014
 0 0.64014
 0 0.64014
 0 0.64014
 0 0.64014
 0 0.64014
 0 0.64014
 0 0.640145
 0 0.640147
 0 0.640148
 0 0.640148
 0 0.640152
 0 0.64016
 0 0.640161
 0 0.640169
 0 0.64017
 0 0.640173
 0 0.640184
 0 0.640184
 0 0.64019
 0 0.64019
 0 0.640191
 0 0.640191
 0 0.640193
 0 0.640206
 0 0.640206
 0 0.640219
 0 0.640239
 0 0.640263
 0 0.640264
 0 0.640272
 0 0.640275
 0 0.640297
 0 0.640297
 0 0.640298
 0 0.640304
 0 0.640305
 0 0.640307
 0 0.640308
 0 0.640309
 0 0.640313
 0 0.640313
 0 0.640319
 0 0.640319
 0 0.640328
 0 0.640329
 0 0.640335
 0 0.640336
 0 0.640336
 0 0.640345
 0 0.640345
 0 0.640363
 0 0.640366
 0 0.640369
 0 0.640369
 0 0.640376
 0 0.640386
 0 0.640391
 0 0.640391
 0 0.640391
 0 0.640391
 0 0.640398
 0 0.640398
 0 0.640405
 0 0.640405
 0 0.640405
 0 0.640409
 0 0.640412
 0 0.640414
 0 0.640426
 0 0.640426
 0 0.640432
 0 0.640435
 0 0.640449
 0 0.640463
 0 0.640464
 0 0.64047
 0 0.640474
 0 0.640476
 0 0.640482
 0 0.640482
 0 0.640489
 0 0.640489
 0 0.640489
 0 0.640494
 0 0.640495
 0 0.640495
 0 0.640495
 0 0.640495
 0 0.640507
 0 0.640513
 0 0.640519
 0 0.640535
 0 0.640535
 0 0.640554
 0 0.640554
 0 0.640565
 0 0.640566
 0 0.640573
 0 0.640574
 0 0.640592
 0 0.640592
 0 0.640613
 0 0.640635
 0 0.640635
 0 0.640635
 0 0.640635
 0 0.640635
 0 0.640636
 0 0.640636
 0 0.640636
 0 0.640636
 0 0.640636
 0 0.640663
 0 0.640663
 0 0.640663
 0 0.640664
 0 0.640664
 0 0.640664
 0 0.640675
 0 0.640682
 0 0.640694
 0 0.6407
 0 0.640717
 0 0.640718
 0 0.640721
 0 0.640722
 0 0.640727
 0 0.640743
 0 0.640744
 0 0.640744
 0 0.640755
 0 0.640757
 0 0.640757
 0 0.640757
 0 0.640764
 0 0.64077
 0 0.64077
 0 0.640781
 0 0.640781
 0 0.64079
 0 0.640791
 0 0.640791
 0 0.6408
 0 0.640801
 0 0.640802
 0 0.640805
 0 0.640835
 0 0.640837
 0 0.640837
 0 0.640866
 0 0.640868
 0 0.640879
 0 0.640879
 0 0.640879
 0 0.64088
 0 0.640883
 0 0.640884
 0 0.640884
 0 0.640884
 0 0.640886
 0 0.640886
 0 0.640886
 0 0.640892
 0 0.640893
 0 0.640895
 0 0.640907
 0 0.640917
 0 0.640919
 0 0.640919
 0 0.640919
 0 0.640988
 0 0.640988
 0 0.640988
 0 0.640991
 0 0.641003
 0 0.641003
 0 0.641003
 0 0.641003
 0 0.641006
 0 0.641007
 0 0.641025
 0 0.641028
 0 0.641038
 0 0.641038
 0 0.641038
 0 0.641038
 0 0.641038
 0 0.641053
 0 0.641054
 0 0.641083
 0 0.641085
 0 0.641096
 0 0.641097
 0 0.641097
 0 0.641112
 0 0.641113
 0 0.641115
 0 0.641145
 0 0.641152
 0 0.641153
 0 0.641154
 0 0.641157
 0 0.641157
 0 0.641159
 0 0.641159
 0 0.641159
 0 0.641159
 0 0.641159
 0 0.641194
 0 0.641198
 0 0.641198
 0 0.641206
 0 0.641207
 0 0.641207
 0 0.641219
 0 0.641219
 0 0.641221
 0 0.641229
 0 0.641232
 0 0.641237
 0 0.641238
 0 0.641238
 0 0.641271
 0 0.641272
 0 0.641326
 0 0.641328
 0 0.641344
 0 0.641351
 0 0.641356
 0 0.641358
 0 0.641358
 0 0.641405
 0 0.641406
 0 0.641406
 0 0.641413
 0 0.641414
 0 0.641432
 0 0.641432
 0 0.64147
 0 0.641481
 0 0.641481
 0 0.641513
 0 0.64153
 0 0.641556
 0 0.641558
 0 0.641564
 0 0.641565
 0 0.641565
 0 0.641582
 0 0.641614
 0 0.641614
 0 0.641614
 0 0.641614
 0 0.641614
 0 0.641624
 0 0.641627
 0 0.641628
 0 0.641633
 0 0.641633
 0 0.641638
 0 0.641639
 0 0.641641
 0 0.641655
 0 0.641658
 0 0.641658
 0 0.641658
 0 0.641659
 0 0.64166
 0 0.64166
 0 0.641672
 0 0.641672
 0 0.641673
 0 0.641674
 0 0.641675
 0 0.64168
 0 0.64168
 0 0.641682
 0 0.641687
 0 0.641702
 0 0.641707
 0 0.641707
 0 0.641724
 0 0.641725
 0 0.641727
 0 0.641727
 0 0.641742
 0 0.641743
 0 0.641783
 0 0.641807
 0 0.641829
 0 0.641838
 0 0.641838
 0 0.641854
 0 0.641856
 0 0.641867
 0 0.641869
 0 0.641869
 0 0.641883
 0 0.641883
 0 0.641889
 0 0.641905
 0 0.641905
 0 0.641906
 0 0.641911
 0 0.641911
 0 0.641913
 0 0.641913
 0 0.64193
 0 0.641945
 0 0.641967
 0 0.641969
 0 0.641976
 0 0.641977
 0 0.641977
 0 0.642017
 0 0.642019
 0 0.642019
 0 0.642041
 0 0.642041
 0 0.64206
 0 0.642061
 0 0.642071
 0 0.64209
 0 0.642112
 0 0.642115
 0 0.64213
 0 0.64213
 0 0.64213
 0 0.642133
 0 0.642156
 0 0.642156
 0 0.642205
 0 0.642207
 0 0.642223
 0 0.642225
 0 0.642227
 0 0.64226
 0 0.642303
 0 0.64232
 0 0.64232
 0 0.642366
 0 0.642366
 0 0.642396
 0 0.642406
 0 0.642431
 0 0.642431
 0 0.642439
 0 0.642476
 0 0.642476
 0 0.642477
 0 0.64248
 0 0.642481
 0 0.642527
 0 0.642621
 0 0.642626
 0 0.642662
 0 0.642662
 0 0.642695
 0 0.642695
 0 0.642695
 0 0.642695
 0 0.642695
 0 0.642699
 0 0.642701
 0 0.642779
 0 0.642779
 0 0.64278
 0 0.642808
 0 0.642823
 0 0.642823
 0 0.642824
 0 0.642847
 0 0.6429
 0 0.6429
 0 0.642963
 0 0.642965
 0 0.643025
 0 0.643026
 0 0.643026
 0 0.643177
 0 0.643179
 0 0.643184
 0 0.643257
 0 0.643258
 0 0.643258
 0 0.643286
 0 0.643393
 0 0.643394
 0 0.643414
 0 0.643458
 0 0.643458
 0 0.643524
 0 0.643524
 0 0.643524
 0 0.643585
 0 0.643587
 0 0.643629
 0 0.643672
 0 0.643672
 0 0.643672
 0 0.643935
 0 0.644091
 0 0.644092
 0 0.644092
 0 0.644247
 0 0.644317
 0 0.644405
 0 0.644506
 0 0.644507
 0 0.644566
 0 0.644566
 0 0.644894
 0 0.644896
 0 0.645117
 0 0.64522
 0 0.645469
 0 0.645955
 0 0.645956
 0 0.646538
 0 0.646539
 0 0.64654
 0 0.646561
 0 2.40455
 0 2.40455
 0 2.40456
 0 2.40456
 0 2.40526
 0 2.40526
 0 inf
