 0 0.625589
 0 0.626166
 0 0.626168
 0 0.626652
 0 0.626653
 0 0.626654
 0 0.628949
 0 0.629347
 0 0.629347
 0 0.629422
 0 0.629509
 0 0.62984
 0 0.62984
 0 0.629868
 0 0.629868
 0 0.629868
 0 0.629998
 0 0.629999
 0 0.629999
 0 0.629999
 0 0.629999
 0 0.630054
 0 0.630054
 0 0.630054
 0 0.630217
 0 0.630218
 0 0.630282
 0 0.630311
 0 0.630311
 0 0.630413
 0 0.630452
 0 0.630452
 0 0.630452
 0 0.630454
 0 0.630603
 0 0.630603
 0 0.630603
 0 0.630692
 0 0.630813
 0 0.630825
 0 0.630825
 0 0.630912
 0 0.630913
 0 0.630913
 0 0.630913
 0 0.630914
 0 0.630933
 0 0.631078
 0 0.631079
 0 0.631132
 0 0.631166
 0 0.631166
 0 0.63119
 0 0.63119
 0 0.631192
 0 0.631197
 0 0.631197
 0 0.631238
 0 0.631239
 0 0.631349
 0 0.631349
 0 0.631349
 0 0.631349
 0 0.631349
 0 0.63135
 0 0.63135
 0 0.631576
 0 0.631576
 0 0.631726
 0 0.631766
 0 0.631776
 0 0.631813
 0 0.631813
 0 0.631849
 0 0.631849
 0 0.631934
 0 0.631934
 0 0.631935
 0 0.631936
 0 0.631937
 0 0.631962
 0 0.631988
 0 0.631989
 0 0.632039
 0 0.632096
 0 0.632096
 0 0.63214
 0 0.632142
 0 0.632169
 0 0.632216
 0 0.632218
 0 0.632218
 0 0.632245
 0 0.632297
 0 0.632328
 0 0.632342
 0 0.632342
 0 0.632343
 0 0.63236
 0 0.63236
 0 0.632361
 0 0.632362
 0 0.632376
 0 0.632377
 0 0.632378
 0 0.632397
 0 0.632397
 0 0.632432
 0 0.632434
 0 0.632453
 0 0.632454
 0 0.632458
 0 0.632467
 0 0.632467
 0 0.632467
 0 0.632495
 0 0.63252
 0 0.63252
 0 0.63252
 0 0.632563
 0 0.63262
 0 0.632623
 0 0.632624
 0 0.632628
 0 0.632628
 0 0.632641
 0 0.632641
 0 0.632641
 0 0.632647
 0 0.632651
 0 0.632652
 0 0.632661
 0 0.632661
 0 0.632661
 0 0.632663
 0 0.632663
 0 0.632663
 0 0.632663
 0 0.632664
 0 0.632664
 0 0.632671
 0 0.632708
 0 0.632775
 0 0.632788
 0 0.63279
 0 0.632807
 0 0.632807
 0 0.632827
 0 0.632861
 0 0.632861
 0 0.632871
 0 0.632871
 0 0.632871
 0 0.632871
 0 0.632872
 0 0.632872
 0 0.632872
 0 0.632875
 0 0.632887
 0 0.632947
 0 0.632947
 0 0.632962
 0 0.632965
 0 0.632988
 0 0.632991
 0 0.632991
 0 0.632991
 0 0.632991
 0 0.632993
 0 0.632995
 0 0.632995
 0 0.632995
 0 0.633005
 0 0.633015
 0 0.633016
 0 0.633032
 0 0.633032
 0 0.633034
 0 0.633034
 0 0.633038
 0 0.633038
 0 0.633039
 0 0.633043
 0 0.633043
 0 0.633047
 0 0.633049
 0 0.633049
 0 0.633064
 0 0.63307
 0 0.63307
 0 0.633091
 0 0.633093
 0 0.633149
 0 0.633172
 0 0.633183
 0 0.633194
 0 0.633202
 0 0.633202
 0 0.633202
 0 0.633286
 0 0.633288
 0 0.633288
 0 0.633306
 0 0.633306
 0 0.633351
 0 0.633351
 0 0.633351
 0 0.633354
 0 0.633354
 0 0.633354
 0 0.633407
 0 0.63341
 0 0.63341
 0 0.63341
 0 0.633411
 0 0.633412
 0 0.633412
 0 0.633421
 0 0.633421
 0 0.63343
 0 0.63343
 0 0.633437
 0 0.633443
 0 0.633443
 0 0.633454
 0 0.633455
 0 0.633455
 0 0.633476
 0 0.633477
 0 0.633482
 0 0.633516
 0 0.633539
 0 0.633539
 0 0.63354
 0 0.63354
 0 0.633543
 0 0.633543
 0 0.633545
 0 0.633559
 0 0.633565
 0 0.633565
 0 0.633566
 0 0.633581
 0 0.633581
 0 0.633584
 0 0.633588
 0 0.633589
 0 0.63359
 0 0.633594
 0 0.633595
 0 0.633596
 0 0.633597
 0 0.633613
 0 0.633613
 0 0.633614
 0 0.633615
 0 0.63362
 0 0.63362
 0 0.63362
 0 0.633677
 0 0.633677
 0 0.633677
 0 0.633679
 0 0.633679
 0 0.633679
 0 0.633726
 0 0.633736
 0 0.633739
 0 0.633746
 0 0.633746
 0 0.633746
 0 0.633751
 0 0.633773
 0 0.633774
 0 0.633777
 0 0.633778
 0 0.633778
 0 0.633787
 0 0.633788
 0 0.633806
 0 0.633814
 0 0.633815
 0 0.633842
 0 0.633842
 0 0.633843
 0 0.633856
 0 0.633864
 0 0.633866
 0 0.633866
 0 0.633872
 0 0.633885
 0 0.633885
 0 0.633885
 0 0.633888
 0 0.633888
 0 0.6339
 0 0.6339
 0 0.633902
 0 0.633903
 0 0.633903
 0 0.633903
 0 0.633939
 0 0.63394
 0 0.633941
 0 0.633945
 0 0.633945
 0 0.633954
 0 0.633962
 0 0.633964
 0 0.633964
 0 0.633994
 0 0.633997
 0 0.633997
 0 0.633997
 0 0.633999
 0 0.634023
 0 0.634045
 0 0.634045
 0 0.63405
 0 0.634052
 0 0.634071
 0 0.634075
 0 0.634075
 0 0.634086
 0 0.63413
 0 0.63413
 0 0.634136
 0 0.634136
 0 0.634137
 0 0.634137
 0 0.634156
 0 0.634156
 0 0.634158
 0 0.634193
 0 0.634194
 0 0.634211
 0 0.634221
 0 0.634221
 0 0.634228
 0 0.634228
 0 0.634228
 0 0.634228
 0 0.634231
 0 0.634231
 0 0.634256
 0 0.634256
 0 0.634257
 0 0.634258
 0 0.63427
 0 0.634275
 0 0.634276
 0 0.634287
 0 0.634301
 0 0.634301
 0 0.634309
 0 0.634312
 0 0.634338
 0 0.634338
 0 0.634349
 0 0.634349
 0 0.634357
 0 0.634357
 0 0.634357
 0 0.634384
 0 0.634402
 0 0.634404
 0 0.634404
 0 0.634407
 0 0.634412
 0 0.634419
 0 0.634421
 0 0.634421
 0 0.634427
 0 0.634427
 0 0.634432
 0 0.634432
 0 0.634433
 0 0.634436
 0 0.634452
 0 0.634452
 0 0.634452
 0 0.634452
 0 0.634461
 0 0.634472
 0 0.634478
 0 0.634481
 0 0.634482
 0 0.634482
 0 0.634482
 0 0.634483
 0 0.634497
 0 0.634498
 0 0.634516
 0 0.634518
 0 0.634518
 0 0.634533
 0 0.634534
 0 0.63454
 0 0.634544
 0 0.634544
 0 0.634558
 0 0.634562
 0 0.634562
 0 0.634562
 0 0.634567
 0 0.634569
 0 0.634569
 0 0.634569
 0 0.634569
 0 0.63457
 0 0.63457
 0 0.63457
 0 0.634571
 0 0.634572
 0 0.634572
 0 0.634575
 0 0.634575
 0 0.634576
 0 0.634596
 0 0.634607
 0 0.634608
 0 0.634608
 0 0.634608
 0 0.634618
 0 0.634618
 0 0.634635
 0 0.634635
 0 0.634636
 0 0.634642
 0 0.634643
 0 0.634646
 0 0.634647
 0 0.634654
 0 0.634657
 0 0.63468
 0 0.634681
 0 0.634682
 0 0.634682
 0 0.634699
 0 0.634716
 0 0.634723
 0 0.634738
 0 0.634738
 0 0.634739
 0 0.63476
 0 0.634763
 0 0.634773
 0 0.634777
 0 0.634781
 0 0.634781
 0 0.634801
 0 0.634803
 0 0.634807
 0 0.634829
 0 0.634829
 0 0.634836
 0 0.634837
 0 0.634837
 0 0.634837
 0 0.634842
 0 0.634869
 0 0.634871
 0 0.634871
 0 0.634872
 0 0.634873
 0 0.634873
 0 0.634882
 0 0.634882
 0 0.634888
 0 0.634921
 0 0.634921
 0 0.634922
 0 0.634928
 0 0.634937
 0 0.63495
 0 0.63495
 0 0.634953
 0 0.634954
 0 0.634957
 0 0.634957
 0 0.634958
 0 0.634958
 0 0.634958
 0 0.634962
 0 0.634963
 0 0.634968
 0 0.634969
 0 0.634988
 0 0.634988
 0 0.634988
 0 0.634989
 0 0.635
 0 0.635006
 0 0.635006
 0 0.635015
 0 0.635015
 0 0.635019
 0 0.635026
 0 0.635028
 0 0.635033
 0 0.635038
 0 0.635039
 0 0.635042
 0 0.635042
 0 0.635043
 0 0.635043
 0 0.635052
 0 0.635058
 0 0.635066
 0 0.635072
 0 0.635073
 0 0.635073
 0 0.635078
 0 0.635078
 0 0.635079
 0 0.635081
 0 0.635085
 0 0.635085
 0 0.635085
 0 0.635088
 0 0.635088
 0 0.635094
 0 0.635095
 0 0.635098
 0 0.635115
 0 0.635134
 0 0.635134
 0 0.635134
 0 0.635141
 0 0.635141
 0 0.635142
 0 0.635196
 0 0.635198
 0 0.635198
 0 0.635201
 0 0.635204
 0 0.635228
 0 0.635228
 0 0.635228
 0 0.635235
 0 0.635241
 0 0.635242
 0 0.635244
 0 0.635244
 0 0.635245
 0 0.635247
 0 0.635247
 0 0.635248
 0 0.635251
 0 0.635253
 0 0.635279
 0 0.635279
 0 0.635279
 0 0.635288
 0 0.635295
 0 0.635296
 0 0.635297
 0 0.635297
 0 0.635297
 0 0.635299
 0 0.635299
 0 0.635299
 0 0.635305
 0 0.635306
 0 0.635322
 0 0.635322
 0 0.635326
 0 0.635326
 0 0.635336
 0 0.635337
 0 0.635349
 0 0.635349
 0 0.635349
 0 0.63535
 0 0.63535
 0 0.635351
 0 0.635351
 0 0.635359
 0 0.635359
 0 0.635359
 0 0.635359
 0 0.635359
 0 0.635372
 0 0.635381
 0 0.635382
 0 0.635383
 0 0.635404
 0 0.635404
 0 0.635405
 0 0.635405
 0 0.635409
 0 0.635416
 0 0.635421
 0 0.635422
 0 0.635425
 0 0.635425
 0 0.63546
 0 0.635465
 0 0.635486
 0 0.635487
 0 0.635488
 0 0.635493
 0 0.6355
 0 0.635501
 0 0.635504
 0 0.635511
 0 0.63552
 0 0.63552
 0 0.635521
 0 0.635521
 0 0.63553
 0 0.635547
 0 0.63555
 0 0.635567
 0 0.63557
 0 0.635587
 0 0.635591
 0 0.635591
 0 0.635591
 0 0.635592
 0 0.635599
 0 0.635599
 0 0.635605
 0 0.635607
 0 0.63561
 0 0.635613
 0 0.635613
 0 0.635613
 0 0.635623
 0 0.635633
 0 0.635634
 0 0.635634
 0 0.635635
 0 0.635666
 0 0.635667
 0 0.635674
 0 0.635674
 0 0.635679
 0 0.635694
 0 0.635697
 0 0.635697
 0 0.635708
 0 0.635708
 0 0.635711
 0 0.635711
 0 0.635711
 0 0.635712
 0 0.635718
 0 0.635725
 0 0.635725
 0 0.635725
 0 0.635726
 0 0.635726
 0 0.63575
 0 0.63575
 0 0.635752
 0 0.635759
 0 0.635759
 0 0.635761
 0 0.635764
 0 0.635767
 0 0.635768
 0 0.635777
 0 0.635779
 0 0.635779
 0 0.635782
 0 0.635782
 0 0.635782
 0 0.635782
 0 0.635782
 0 0.635782
 0 0.635782
 0 0.635782
 0 0.635787
 0 0.635787
 0 0.635793
 0 0.635794
 0 0.635809
 0 0.635831
 0 0.635833
 0 0.635836
 0 0.635862
 0 0.635863
 0 0.635863
 0 0.635868
 0 0.635875
 0 0.635877
 0 0.635883
 0 0.635884
 0 0.635886
 0 0.635887
 0 0.635888
 0 0.635888
 0 0.635889
 0 0.635898
 0 0.635898
 0 0.635898
 0 0.635902
 0 0.635902
 0 0.635909
 0 0.635909
 0 0.635909
 0 0.635912
 0 0.635913
 0 0.635922
 0 0.635922
 0 0.635931
 0 0.635932
 0 0.635932
 0 0.635933
 0 0.635933
 0 0.635936
 0 0.635939
 0 0.635963
 0 0.635964
 0 0.635975
 0 0.635976
 0 0.635982
 0 0.636003
 0 0.636004
 0 0.636004
 0 0.63601
 0 0.63601
 0 0.636012
 0 0.636012
 0 0.636021
 0 0.636023
 0 0.636036
 0 0.636049
 0 0.636049
 0 0.636049
 0 0.636051
 0 0.636052
 0 0.636052
 0 0.636099
 0 0.636099
 0 0.636102
 0 0.636102
 0 0.636103
 0 0.636107
 0 0.636107
 0 0.636108
 0 0.636109
 0 0.636115
 0 0.636115
 0 0.63612
 0 0.636121
 0 0.636125
 0 0.636127
 0 0.63613
 0 0.63613
 0 0.63613
 0 0.636132
 0 0.636132
 0 0.636143
 0 0.636143
 0 0.636145
 0 0.636145
 0 0.636167
 0 0.636168
 0 0.636168
 0 0.636176
 0 0.636177
 0 0.636184
 0 0.636187
 0 0.636204
 0 0.636204
 0 0.636204
 0 0.636205
 0 0.636208
 0 0.636208
 0 0.636212
 0 0.636212
 0 0.636212
 0 0.636213
 0 0.636213
 0 0.636213
 0 0.636213
 0 0.636213
 0 0.636227
 0 0.636227
 0 0.636228
 0 0.636229
 0 0.636229
 0 0.63623
 0 0.63623
 0 0.636243
 0 0.636243
 0 0.636243
 0 0.636243
 0 0.636246
 0 0.636253
 0 0.63626
 0 0.63626
 0 0.636273
 0 0.636275
 0 0.636281
 0 0.636293
 0 0.636296
 0 0.636311
 0 0.636311
 0 0.636319
 0 0.636319
 0 0.636322
 0 0.636322
 0 0.636322
 0 0.636322
 0 0.636322
 0 0.63633
 0 0.636334
 0 0.636334
 0 0.636344
 0 0.636356
 0 0.636359
 0 0.63636
 0 0.636363
 0 0.636366
 0 0.636366
 0 0.636366
 0 0.63637
 0 0.636381
 0 0.636401
 0 0.636417
 0 0.636422
 0 0.636422
 0 0.636427
 0 0.636431
 0 0.63644
 0 0.636442
 0 0.636443
 0 0.636443
 0 0.636443
 0 0.636446
 0 0.636447
 0 0.636448
 0 0.63645
 0 0.63645
 0 0.636461
 0 0.636461
 0 0.636462
 0 0.636478
 0 0.636479
 0 0.636479
 0 0.636479
 0 0.636494
 0 0.636494
 0 0.636494
 0 0.636494
 0 0.636498
 0 0.636499
 0 0.636499
 0 0.636512
 0 0.636512
 0 0.636513
 0 0.636515
 0 0.636525
 0 0.636526
 0 0.636534
 0 0.63656
 0 0.63656
 0 0.636561
 0 0.636623
 0 0.636643
 0 0.636644
 0 0.636647
 0 0.636654
 0 0.636654
 0 0.636668
 0 0.636668
 0 0.636668
 0 0.63667
 0 0.636674
 0 0.636674
 0 0.636674
 0 0.636677
 0 0.636678
 0 0.636678
 0 0.636683
 0 0.636683
 0 0.636683
 0 0.636683
 0 0.636683
 0 0.636686
 0 0.63669
 0 0.636694
 0 0.636695
 0 0.636702
 0 0.636702
 0 0.636702
 0 0.636704
 0 0.636705
 0 0.636706
 0 0.636706
 0 0.636707
 0 0.636707
 0 0.636724
 0 0.636724
 0 0.636724
 0 0.636726
 0 0.636741
 0 0.636743
 0 0.636746
 0 0.636756
 0 0.636757
 0 0.636759
 0 0.636759
 0 0.636759
 0 0.636768
 0 0.636774
 0 0.636777
 0 0.636777
 0 0.636785
 0 0.636795
 0 0.636796
 0 0.636796
 0 0.6368
 0 0.636818
 0 0.636819
 0 0.636833
 0 0.636833
 0 0.636833
 0 0.636844
 0 0.636844
 0 0.636853
 0 0.636853
 0 0.636855
 0 0.636855
 0 0.636856
 0 0.63687
 0 0.63687
 0 0.636875
 0 0.636884
 0 0.636885
 0 0.636903
 0 0.636904
 0 0.636907
 0 0.636907
 0 0.63691
 0 0.63691
 0 0.636925
 0 0.636925
 0 0.636925
 0 0.636925
 0 0.636926
 0 0.636937
 0 0.636957
 0 0.636961
 0 0.636961
 0 0.636961
 0 0.636961
 0 0.636963
 0 0.636965
 0 0.636965
 0 0.636979
 0 0.636979
 0 0.636987
 0 0.636987
 0 0.636988
 0 0.63699
 0 0.63699
 0 0.63699
 0 0.636992
 0 0.636992
 0 0.636993
 0 0.636993
 0 0.636993
 0 0.636994
 0 0.636994
 0 0.636999
 0 0.637002
 0 0.637006
 0 0.637006
 0 0.637011
 0 0.637022
 0 0.637022
 0 0.637022
 0 0.637024
 0 0.637024
 0 0.637028
 0 0.637029
 0 0.637048
 0 0.63705
 0 0.63705
 0 0.637051
 0 0.637052
 0 0.637058
 0 0.637058
 0 0.637058
 0 0.637058
 0 0.637062
 0 0.637062
 0 0.637082
 0 0.637085
 0 0.637085
 0 0.637109
 0 0.637111
 0 0.637121
 0 0.637122
 0 0.637123
 0 0.637125
 0 0.637177
 0 0.637177
 0 0.637177
 0 0.637177
 0 0.637185
 0 0.637185
 0 0.637187
 0 0.637209
 0 0.637223
 0 0.637224
 0 0.637231
 0 0.637238
 0 0.637239
 0 0.637239
 0 0.637255
 0 0.637258
 0 0.63726
 0 0.637271
 0 0.637273
 0 0.637273
 0 0.637274
 0 0.637275
 0 0.637275
 0 0.637276
 0 0.637276
 0 0.637276
 0 0.637278
 0 0.637279
 0 0.637283
 0 0.637285
 0 0.637293
 0 0.637294
 0 0.637302
 0 0.637303
 0 0.637304
 0 0.63731
 0 0.637312
 0 0.637313
 0 0.637313
 0 0.637313
 0 0.637323
 0 0.637325
 0 0.637358
 0 0.637358
 0 0.637359
 0 0.63736
 0 0.63736
 0 0.63736
 0 0.637365
 0 0.63737
 0 0.637387
 0 0.637398
 0 0.637398
 0 0.637398
 0 0.637403
 0 0.637407
 0 0.637407
 0 0.637408
 0 0.637409
 0 0.637409
 0 0.637409
 0 0.637409
 0 0.637418
 0 0.637418
 0 0.637443
 0 0.637447
 0 0.637454
 0 0.637455
 0 0.637455
 0 0.637473
 0 0.637475
 0 0.637478
 0 0.637479
 0 0.637479
 0 0.637479
 0 0.63748
 0 0.637481
 0 0.637481
 0 0.637502
 0 0.637502
 0 0.637502
 0 0.637503
 0 0.637509
 0 0.63751
 0 0.63752
 0 0.63754
 0 0.637549
 0 0.637549
 0 0.637549
 0 0.637549
 0 0.637553
 0 0.637562
 0 0.637563
 0 0.637563
 0 0.637563
 0 0.637565
 0 0.637565
 0 0.637571
 0 0.637571
 0 0.637573
 0 0.637574
 0 0.637575
 0 0.637593
 0 0.637593
 0 0.637593
 0 0.637593
 0 0.637594
 0 0.637594
 0 0.637607
 0 0.637607
 0 0.637609
 0 0.637609
 0 0.637609
 0 0.63761
 0 0.637612
 0 0.637621
 0 0.637623
 0 0.637623
 0 0.637629
 0 0.63763
 0 0.637631
 0 0.637642
 0 0.637643
 0 0.637647
 0 0.637655
 0 0.637658
 0 0.637659
 0 0.637659
 0 0.637662
 0 0.637669
 0 0.63767
 0 0.637685
 0 0.637685
 0 0.637689
 0 0.63769
 0 0.63769
 0 0.637692
 0 0.637692
 0 0.637703
 0 0.637703
 0 0.637703
 0 0.637708
 0 0.637708
 0 0.637723
 0 0.637729
 0 0.637729
 0 0.637729
 0 0.637729
 0 0.637736
 0 0.637736
 0 0.637736
 0 0.637739
 0 0.637739
 0 0.63776
 0 0.63776
 0 0.637763
 0 0.637763
 0 0.637763
 0 0.637763
 0 0.637763
 0 0.637764
 0 0.637764
 0 0.637766
 0 0.637782
 0 0.637783
 0 0.637783
 0 0.63779
 0 0.63779
 0 0.637802
 0 0.637804
 0 0.637808
 0 0.637812
 0 0.637818
 0 0.63782
 0 0.63782
 0 0.637821
 0 0.637821
 0 0.637821
 0 0.637821
 0 0.637829
 0 0.63784
 0 0.637841
 0 0.637842
 0 0.637842
 0 0.637845
 0 0.637849
 0 0.637849
 0 0.63785
 0 0.63785
 0 0.637872
 0 0.637872
 0 0.637895
 0 0.637895
 0 0.637901
 0 0.637902
 0 0.637908
 0 0.63791
 0 0.63791
 0 0.63791
 0 0.63791
 0 0.63791
 0 0.63791
 0 0.637911
 0 0.637911
 0 0.637911
 0 0.637916
 0 0.637921
 0 0.637924
 0 0.637924
 0 0.637932
 0 0.637936
 0 0.637936
 0 0.637936
 0 0.637936
 0 0.637945
 0 0.637955
 0 0.637955
 0 0.637956
 0 0.637956
 0 0.637965
 0 0.637973
 0 0.637973
 0 0.637973
 0 0.637975
 0 0.637975
 0 0.637975
 0 0.637975
 0 0.637982
 0 0.637991
 0 0.637991
 0 0.637992
 0 0.637996
 0 0.637996
 0 0.638025
 0 0.638045
 0 0.638046
 0 0.638054
 0 0.638055
 0 0.638071
 0 0.638076
 0 0.638077
 0 0.638077
 0 0.638095
 0 0.638105
 0 0.638112
 0 0.638124
 0 0.638126
 0 0.638129
 0 0.638139
 0 0.638139
 0 0.638167
 0 0.638167
 0 0.638167
 0 0.638168
 0 0.638168
 0 0.63818
 0 0.638181
 0 0.638182
 0 0.63819
 0 0.638192
 0 0.638193
 0 0.638193
 0 0.638193
 0 0.638194
 0 0.638199
 0 0.6382
 0 0.638214
 0 0.638217
 0 0.638219
 0 0.63822
 0 0.638237
 0 0.638238
 0 0.638238
 0 0.638239
 0 0.638239
 0 0.638245
 0 0.638252
 0 0.638253
 0 0.638255
 0 0.638256
 0 0.638256
 0 0.638269
 0 0.638274
 0 0.638278
 0 0.638292
 0 0.638292
 0 0.638292
 0 0.638293
 0 0.638293
 0 0.638293
 0 0.638293
 0 0.638311
 0 0.638312
 0 0.638313
 0 0.638313
 0 0.638318
 0 0.638318
 0 0.638321
 0 0.638324
 0 0.638325
 0 0.638328
 0 0.638336
 0 0.638337
 0 0.638337
 0 0.638338
 0 0.638339
 0 0.638358
 0 0.638361
 0 0.638362
 0 0.638362
 0 0.638371
 0 0.638371
 0 0.63838
 0 0.638381
 0 0.638389
 0 0.63839
 0 0.638394
 0 0.638395
 0 0.638397
 0 0.638397
 0 0.638409
 0 0.63841
 0 0.63841
 0 0.63841
 0 0.638418
 0 0.638423
 0 0.638423
 0 0.638424
 0 0.638427
 0 0.638427
 0 0.638427
 0 0.638438
 0 0.638439
 0 0.638439
 0 0.638439
 0 0.638442
 0 0.638443
 0 0.638453
 0 0.638458
 0 0.638459
 0 0.638474
 0 0.638475
 0 0.638482
 0 0.638483
 0 0.638489
 0 0.63849
 0 0.638495
 0 0.638496
 0 0.638497
 0 0.638502
 0 0.638502
 0 0.638502
 0 0.638502
 0 0.638503
 0 0.638506
 0 0.638516
 0 0.638518
 0 0.638518
 0 0.638518
 0 0.638518
 0 0.638523
 0 0.638525
 0 0.638527
 0 0.638527
 0 0.638527
 0 0.638528
 0 0.638528
 0 0.638528
 0 0.638537
 0 0.638539
 0 0.638539
 0 0.638569
 0 0.638569
 0 0.638572
 0 0.638575
 0 0.638575
 0 0.638575
 0 0.638576
 0 0.638578
 0 0.638579
 0 0.638579
 0 0.63858
 0 0.638582
 0 0.638582
 0 0.638582
 0 0.638584
 0 0.638584
 0 0.638584
 0 0.638584
 0 0.638584
 0 0.638584
 0 0.638592
 0 0.638592
 0 0.638593
 0 0.638595
 0 0.638596
 0 0.638596
 0 0.638597
 0 0.638598
 0 0.638604
 0 0.638604
 0 0.638606
 0 0.638613
 0 0.638613
 0 0.638617
 0 0.638617
 0 0.638625
 0 0.638627
 0 0.63863
 0 0.638633
 0 0.638635
 0 0.63864
 0 0.63864
 0 0.63864
 0 0.63864
 0 0.638644
 0 0.638644
 0 0.638649
 0 0.63865
 0 0.638658
 0 0.638659
 0 0.63866
 0 0.63866
 0 0.63866
 0 0.638661
 0 0.638663
 0 0.638664
 0 0.638668
 0 0.638668
 0 0.638668
 0 0.638668
 0 0.638671
 0 0.638671
 0 0.638672
 0 0.638672
 0 0.638672
 0 0.638676
 0 0.63869
 0 0.638691
 0 0.638694
 0 0.638706
 0 0.638706
 0 0.638706
 0 0.63871
 0 0.63871
 0 0.638717
 0 0.638718
 0 0.638718
 0 0.63872
 0 0.63872
 0 0.638721
 0 0.638721
 0 0.638723
 0 0.638724
 0 0.638724
 0 0.638725
 0 0.638729
 0 0.63875
 0 0.638756
 0 0.638756
 0 0.638757
 0 0.638762
 0 0.638763
 0 0.638765
 0 0.638775
 0 0.638775
 0 0.638775
 0 0.638776
 0 0.638776
 0 0.638776
 0 0.638776
 0 0.638785
 0 0.638788
 0 0.638788
 0 0.638788
 0 0.638792
 0 0.6388
 0 0.638801
 0 0.638801
 0 0.638802
 0 0.638802
 0 0.638802
 0 0.638803
 0 0.638808
 0 0.638827
 0 0.638828
 0 0.638828
 0 0.63883
 0 0.63883
 0 0.63883
 0 0.63883
 0 0.638831
 0 0.638837
 0 0.638847
 0 0.638847
 0 0.638849
 0 0.638849
 0 0.638851
 0 0.638862
 0 0.638865
 0 0.638865
 0 0.638865
 0 0.638865
 0 0.638865
 0 0.638866
 0 0.638866
 0 0.638866
 0 0.638866
 0 0.638866
 0 0.638866
 0 0.638868
 0 0.638871
 0 0.638871
 0 0.638871
 0 0.638872
 0 0.638872
 0 0.638875
 0 0.638894
 0 0.638895
 0 0.638895
 0 0.638896
 0 0.638896
 0 0.638902
 0 0.638902
 0 0.638909
 0 0.638909
 0 0.638912
 0 0.638912
 0 0.638913
 0 0.638914
 0 0.638914
 0 0.638915
 0 0.638916
 0 0.638927
 0 0.638927
 0 0.638933
 0 0.638942
 0 0.638944
 0 0.638944
 0 0.638947
 0 0.638947
 0 0.638948
 0 0.638949
 0 0.638949
 0 0.63895
 0 0.638951
 0 0.638951
 0 0.638956
 0 0.638956
 0 0.638956
 0 0.63896
 0 0.63896
 0 0.638961
 0 0.638961
 0 0.638977
 0 0.638977
 0 0.63898
 0 0.63898
 0 0.63898
 0 0.63898
 0 0.638981
 0 0.638981
 0 0.638981
 0 0.638981
 0 0.638988
 0 0.63899
 0 0.638991
 0 0.639
 0 0.639002
 0 0.639013
 0 0.639013
 0 0.639018
 0 0.639019
 0 0.639021
 0 0.639028
 0 0.639032
 0 0.639032
 0 0.639045
 0 0.639049
 0 0.639053
 0 0.639056
 0 0.639056
 0 0.639056
 0 0.639056
 0 0.639062
 0 0.639063
 0 0.639072
 0 0.639072
 0 0.639081
 0 0.639081
 0 0.639083
 0 0.639084
 0 0.6391
 0 0.639102
 0 0.639102
 0 0.639116
 0 0.639116
 0 0.639125
 0 0.63916
 0 0.639164
 0 0.63917
 0 0.63917
 0 0.63917
 0 0.639171
 0 0.639172
 0 0.639174
 0 0.639176
 0 0.639176
 0 0.639176
 0 0.639178
 0 0.639179
 0 0.639179
 0 0.63918
 0 0.63918
 0 0.63918
 0 0.63918
 0 0.639194
 0 0.639199
 0 0.639206
 0 0.639212
 0 0.63922
 0 0.639221
 0 0.639222
 0 0.639223
 0 0.639223
 0 0.639225
 0 0.639226
 0 0.639227
 0 0.639228
 0 0.639228
 0 0.639228
 0 0.639229
 0 0.639229
 0 0.639229
 0 0.63923
 0 0.63923
 0 0.639237
 0 0.63924
 0 0.639241
 0 0.639241
 0 0.639244
 0 0.63925
 0 0.63925
 0 0.639251
 0 0.639264
 0 0.639264
 0 0.63927
 0 0.639286
 0 0.639301
 0 0.63931
 0 0.639311
 0 0.639313
 0 0.639313
 0 0.639322
 0 0.639322
 0 0.639325
 0 0.639326
 0 0.639326
 0 0.639332
 0 0.639333
 0 0.639362
 0 0.639364
 0 0.639389
 0 0.63939
 0 0.639392
 0 0.639392
 0 0.639398
 0 0.639398
 0 0.639398
 0 0.639407
 0 0.639407
 0 0.639418
 0 0.639418
 0 0.639426
 0 0.639429
 0 0.639434
 0 0.639436
 0 0.639441
 0 0.639464
 0 0.639469
 0 0.639473
 0 0.639473
 0 0.639494
 0 0.639494
 0 0.639517
 0 0.639517
 0 0.639517
 0 0.63952
 0 0.639522
 0 0.639526
 0 0.63953
 0 0.639532
 0 0.639532
 0 0.639532
 0 0.639532
 0 0.639536
 0 0.639548
 0 0.639558
 0 0.639558
 0 0.639561
 0 0.639561
 0 0.639563
 0 0.639564
 0 0.639565
 0 0.639565
 0 0.63957
 0 0.639574
 0 0.639576
 0 0.639576
 0 0.639577
 0 0.639577
 0 0.63958
 0 0.639582
 0 0.639588
 0 0.639588
 0 0.639615
 0 0.639615
 0 0.639633
 0 0.639633
 0 0.639634
 0 0.639634
 0 0.639635
 0 0.639637
 0 0.639641
 0 0.639641
 0 0.639646
 0 0.639658
 0 0.639658
 0 0.639665
 0 0.639667
 0 0.63967
 0 0.639673
 0 0.639673
 0 0.639674
 0 0.639675
 0 0.639676
 0 0.639677
 0 0.639685
 0 0.639685
 0 0.639685
 0 0.639703
 0 0.63971
 0 0.639713
 0 0.639713
 0 0.639714
 0 0.639728
 0 0.639728
 0 0.639733
 0 0.639734
 0 0.639736
 0 0.639756
 0 0.639756
 0 0.639766
 0 0.639767
 0 0.639773
 0 0.639774
 0 0.639787
 0 0.639788
 0 0.639789
 0 0.639796
 0 0.639796
 0 0.639814
 0 0.639822
 0 0.639823
 0 0.639824
 0 0.639844
 0 0.639854
 0 0.639854
 0 0.639869
 0 0.639869
 0 0.639869
 0 0.639875
 0 0.639875
 0 0.639875
 0 0.639878
 0 0.63988
 0 0.639885
 0 0.639887
 0 0.639892
 0 0.639895
 0 0.639901
 0 0.639903
 0 0.639913
 0 0.639913
 0 0.639914
 0 0.639914
 0 0.639945
 0 0.639945
 0 0.639945
 0 0.639945
 0 0.639945
 0 0.639952
 0 0.639964
 0 0.639976
 0 0.639976
 0 0.639976
 0 0.639976
 0 0.639977
 0 0.63999
 0 0.640001
 0 0.640035
 0 0.640067
 0 0.640075
 0 0.640075
 0 0.640082
 0 0.640083
 0 0.640084
 0 0.640084
 0 0.640084
 0 0.640084
 0 0.640126
 0 0.640126
 0 0.640129
 0 0.640129
 0 0.640141
 0 0.640143
 0 0.640148
 0 0.640149
 0 0.640151
 0 0.640151
 0 0.640151
 0 0.640154
 0 0.640154
 0 0.640172
 0 0.640173
 0 0.640173
 0 0.640173
 0 0.640174
 0 0.640174
 0 0.640174
 0 0.640175
 0 0.640175
 0 0.640182
 0 0.640195
 0 0.640195
 0 0.640196
 0 0.640196
 0 0.640198
 0 0.640202
 0 0.640204
 0 0.640207
 0 0.640212
 0 0.640253
 0 0.640253
 0 0.640253
 0 0.640258
 0 0.640258
 0 0.640261
 0 0.640271
 0 0.640271
 0 0.640271
 0 0.640275
 0 0.640275
 0 0.640276
 0 0.640277
 0 0.640294
 0 0.640294
 0 0.640298
 0 0.640314
 0 0.640314
 0 0.640314
 0 0.640316
 0 0.640316
 0 0.640322
 0 0.640323
 0 0.640323
 0 0.640323
 0 0.640329
 0 0.640329
 0 0.640346
 0 0.640348
 0 0.640348
 0 0.640369
 0 0.64037
 0 0.640375
 0 0.640386
 0 0.640386
 0 0.640401
 0 0.640415
 0 0.640416
 0 0.640416
 0 0.640419
 0 0.640419
 0 0.640421
 0 0.640422
 0 0.640423
 0 0.640433
 0 0.640435
 0 0.640453
 0 0.640476
 0 0.640476
 0 0.640476
 0 0.640477
 0 0.640493
 0 0.640493
 0 0.640493
 0 0.640495
 0 0.640503
 0 0.640503
 0 0.640504
 0 0.640504
 0 0.640531
 0 0.640537
 0 0.640544
 0 0.640545
 0 0.640554
 0 0.640562
 0 0.640565
 0 0.640565
 0 0.640565
 0 0.640589
 0 0.640595
 0 0.640603
 0 0.640604
 0 0.640607
 0 0.640607
 0 0.640612
 0 0.640612
 0 0.640614
 0 0.640627
 0 0.640645
 0 0.640645
 0 0.640647
 0 0.64065
 0 0.640651
 0 0.640651
 0 0.640652
 0 0.640694
 0 0.640696
 0 0.640696
 0 0.640707
 0 0.640713
 0 0.640714
 0 0.640716
 0 0.640717
 0 0.640723
 0 0.640735
 0 0.640735
 0 0.64075
 0 0.640757
 0 0.640758
 0 0.640758
 0 0.64076
 0 0.64076
 0 0.640763
 0 0.640778
 0 0.640778
 0 0.640778
 0 0.64079
 0 0.640813
 0 0.640815
 0 0.640846
 0 0.640847
 0 0.640857
 0 0.640871
 0 0.640871
 0 0.640871
 0 0.640875
 0 0.640875
 0 0.640875
 0 0.640898
 0 0.640899
 0 0.640899
 0 0.640899
 0 0.640899
 0 0.640899
 0 0.640899
 0 0.6409
 0 0.640901
 0 0.640902
 0 0.640902
 0 0.640903
 0 0.640905
 0 0.640916
 0 0.640917
 0 0.640925
 0 0.640929
 0 0.640937
 0 0.640938
 0 0.640957
 0 0.640972
 0 0.640972
 0 0.640972
 0 0.640972
 0 0.640972
 0 0.640977
 0 0.640977
 0 0.641
 0 0.641001
 0 0.641007
 0 0.641008
 0 0.641008
 0 0.641009
 0 0.641043
 0 0.641043
 0 0.641057
 0 0.64106
 0 0.64106
 0 0.64106
 0 0.641068
 0 0.641069
 0 0.641081
 0 0.641091
 0 0.64116
 0 0.64116
 0 0.641161
 0 0.641163
 0 0.641164
 0 0.64118
 0 0.64118
 0 0.64118
 0 0.641183
 0 0.641192
 0 0.641222
 0 0.641225
 0 0.641226
 0 0.641227
 0 0.641227
 0 0.641229
 0 0.641229
 0 0.641265
 0 0.641265
 0 0.641265
 0 0.641271
 0 0.641294
 0 0.641294
 0 0.641312
 0 0.641317
 0 0.641319
 0 0.641319
 0 0.641325
 0 0.641325
 0 0.64134
 0 0.64134
 0 0.641342
 0 0.641342
 0 0.641342
 0 0.641382
 0 0.641382
 0 0.641391
 0 0.641397
 0 0.641416
 0 0.641416
 0 0.641416
 0 0.641416
 0 0.64142
 0 0.641427
 0 0.641428
 0 0.641428
 0 0.641432
 0 0.641433
 0 0.641438
 0 0.641438
 0 0.641438
 0 0.641438
 0 0.64144
 0 0.641445
 0 0.641459
 0 0.64146
 0 0.641471
 0 0.641471
 0 0.641483
 0 0.641483
 0 0.641496
 0 0.641508
 0 0.641509
 0 0.641524
 0 0.641537
 0 0.641539
 0 0.641539
 0 0.64154
 0 0.64154
 0 0.641549
 0 0.641567
 0 0.641567
 0 0.641567
 0 0.641593
 0 0.641593
 0 0.641595
 0 0.641595
 0 0.641618
 0 0.641618
 0 0.64162
 0 0.641624
 0 0.641637
 0 0.641643
 0 0.641644
 0 0.641649
 0 0.641672
 0 0.641684
 0 0.641685
 0 0.641687
 0 0.641687
 0 0.641696
 0 0.641696
 0 0.641706
 0 0.641707
 0 0.641707
 0 0.641708
 0 0.641709
 0 0.641738
 0 0.641738
 0 0.641743
 0 0.641748
 0 0.641752
 0 0.641752
 0 0.641756
 0 0.641756
 0 0.641759
 0 0.641759
 0 0.641765
 0 0.641768
 0 0.641805
 0 0.641805
 0 0.641807
 0 0.641814
 0 0.641818
 0 0.641818
 0 0.641821
 0 0.641854
 0 0.641872
 0 0.641882
 0 0.641882
 0 0.641918
 0 0.641919
 0 0.641923
 0 0.641923
 0 0.641924
 0 0.641924
 0 0.641925
 0 0.641925
 0 0.641985
 0 0.642002
 0 0.642002
 0 0.642003
 0 0.642011
 0 0.642012
 0 0.642026
 0 0.642035
 0 0.642049
 0 0.642049
 0 0.642049
 0 0.642049
 0 0.642101
 0 0.642129
 0 0.642129
 0 0.642131
 0 0.642131
 0 0.642135
 0 0.642154
 0 0.642154
 0 0.642198
 0 0.642198
 0 0.6422
 0 0.642214
 0 0.642216
 0 0.642216
 0 0.642216
 0 0.642248
 0 0.642249
 0 0.642249
 0 0.642249
 0 0.64225
 0 0.64225
 0 0.642251
 0 0.642251
 0 0.64228
 0 0.642281
 0 0.642287
 0 0.642287
 0 0.642288
 0 0.642288
 0 0.642356
 0 0.642356
 0 0.64237
 0 0.642372
 0 0.642377
 0 0.642378
 0 0.64244
 0 0.642464
 0 0.642481
 0 0.642482
 0 0.642491
 0 0.642506
 0 0.642535
 0 0.642535
 0 0.642536
 0 0.642537
 0 0.642566
 0 0.642566
 0 0.642566
 0 0.642586
 0 0.642602
 0 0.642602
 0 0.642611
 0 0.642611
 0 0.642621
 0 0.642647
 0 0.642738
 0 0.64274
 0 0.642768
 0 0.642769
 0 0.64277
 0 0.64277
 0 0.642842
 0 0.642861
 0 0.642861
 0 0.642876
 0 0.642876
 0 0.642952
 0 0.642953
 0 0.642954
 0 0.64301
 0 0.643051
 0 0.643051
 0 0.643053
 0 0.643053
 0 0.643053
 0 0.643057
 0 0.643062
 0 0.643063
 0 0.643068
 0 0.643349
 0 0.643349
 0 0.64341
 0 0.643433
 0 0.643434
 0 0.643458
 0 0.643498
 0 0.643532
 0 0.643533
 0 0.6436
 0 0.643658
 0 0.643658
 0 0.643659
 0 0.643723
 0 0.643723
 0 0.64374
 0 0.643746
 0 0.64379
 0 0.643791
 0 0.643793
 0 0.643952
 0 0.643953
 0 0.643963
 0 0.643963
 0 0.643963
 0 0.644102
 0 0.644102
 0 0.644102
 0 0.644193
 0 0.644334
 0 0.644335
 0 0.644429
 0 0.644429
 0 0.644431
 0 0.644495
 0 0.644535
 0 0.644536
 0 0.64465
 0 0.644652
 0 0.644747
 0 0.644747
 0 0.644844
 0 0.644867
 0 0.644996
 0 0.645029
 0 0.645029
 0 0.645076
 0 0.645212
 0 0.645215
 0 0.645215
 0 0.645371
 0 0.645371
 0 inf
