 0 0.627433
 0 0.627646
 0 0.627646
 0 0.627783
 0 0.627951
 0 0.627952
 0 0.627954
 0 0.628035
 0 0.628037
 0 0.628325
 0 0.628528
 0 0.628539
 0 0.628731
 0 0.628754
 0 0.628754
 0 0.628757
 0 0.628798
 0 0.628798
 0 0.628865
 0 0.628929
 0 0.629082
 0 0.629082
 0 0.629082
 0 0.629082
 0 0.629082
 0 0.629256
 0 0.629328
 0 0.629341
 0 0.629341
 0 0.629373
 0 0.629378
 0 0.629378
 0 0.629408
 0 0.629409
 0 0.629409
 0 0.629594
 0 0.629594
 0 0.629595
 0 0.62977
 0 0.629779
 0 0.629981
 0 0.629986
 0 0.629996
 0 0.630068
 0 0.630073
 0 0.630101
 0 0.630207
 0 0.630207
 0 0.630347
 0 0.630348
 0 0.630493
 0 0.630497
 0 0.63051
 0 0.630563
 0 0.630563
 0 0.630571
 0 0.630624
 0 0.630658
 0 0.630659
 0 0.630782
 0 0.63092
 0 0.630923
 0 0.630927
 0 0.630931
 0 0.630931
 0 0.631027
 0 0.631035
 0 0.631133
 0 0.63115
 0 0.631165
 0 0.631236
 0 0.631236
 0 0.631237
 0 0.63129
 0 0.63129
 0 0.631297
 0 0.631313
 0 0.631313
 0 0.631349
 0 0.631349
 0 0.631349
 0 0.631353
 0 0.631379
 0 0.631422
 0 0.631429
 0 0.631447
 0 0.631453
 0 0.631453
 0 0.631467
 0 0.631467
 0 0.631476
 0 0.631478
 0 0.631543
 0 0.631543
 0 0.631543
 0 0.631543
 0 0.63155
 0 0.631731
 0 0.631763
 0 0.631766
 0 0.631766
 0 0.63179
 0 0.631796
 0 0.631847
 0 0.631851
 0 0.631851
 0 0.631858
 0 0.631864
 0 0.631888
 0 0.631888
 0 0.631895
 0 0.631896
 0 0.631897
 0 0.631897
 0 0.6319
 0 0.631901
 0 0.631904
 0 0.631904
 0 0.631908
 0 0.631919
 0 0.631926
 0 0.631959
 0 0.631971
 0 0.631972
 0 0.631974
 0 0.63199
 0 0.631993
 0 0.631998
 0 0.631998
 0 0.632008
 0 0.632014
 0 0.632031
 0 0.632031
 0 0.632039
 0 0.63204
 0 0.632041
 0 0.632049
 0 0.632049
 0 0.63205
 0 0.632053
 0 0.632053
 0 0.632058
 0 0.632058
 0 0.632059
 0 0.632104
 0 0.632126
 0 0.632135
 0 0.632135
 0 0.632148
 0 0.632189
 0 0.63222
 0 0.632233
 0 0.632233
 0 0.63224
 0 0.632284
 0 0.632284
 0 0.632285
 0 0.632286
 0 0.632296
 0 0.632296
 0 0.632296
 0 0.632301
 0 0.632325
 0 0.632328
 0 0.632341
 0 0.632341
 0 0.632341
 0 0.632381
 0 0.632387
 0 0.632393
 0 0.632458
 0 0.63246
 0 0.63246
 0 0.632467
 0 0.632494
 0 0.632497
 0 0.632501
 0 0.632502
 0 0.632502
 0 0.632504
 0 0.632566
 0 0.632597
 0 0.632599
 0 0.6326
 0 0.632602
 0 0.632603
 0 0.632611
 0 0.632611
 0 0.632613
 0 0.632614
 0 0.632629
 0 0.632636
 0 0.63264
 0 0.63264
 0 0.63265
 0 0.63267
 0 0.632682
 0 0.632684
 0 0.632694
 0 0.632699
 0 0.632708
 0 0.632709
 0 0.632714
 0 0.632715
 0 0.632716
 0 0.632717
 0 0.632717
 0 0.632723
 0 0.632729
 0 0.632729
 0 0.63274
 0 0.632742
 0 0.632743
 0 0.632746
 0 0.632746
 0 0.632746
 0 0.632747
 0 0.632748
 0 0.632748
 0 0.632749
 0 0.632752
 0 0.632759
 0 0.632764
 0 0.632779
 0 0.632781
 0 0.632811
 0 0.632811
 0 0.632849
 0 0.63285
 0 0.632861
 0 0.632863
 0 0.632864
 0 0.632868
 0 0.632868
 0 0.63287
 0 0.632872
 0 0.632876
 0 0.632877
 0 0.632877
 0 0.632886
 0 0.632889
 0 0.632895
 0 0.632897
 0 0.632901
 0 0.63292
 0 0.632936
 0 0.632936
 0 0.632949
 0 0.632955
 0 0.632959
 0 0.632963
 0 0.63297
 0 0.632971
 0 0.632972
 0 0.632973
 0 0.632992
 0 0.633
 0 0.633001
 0 0.633001
 0 0.633013
 0 0.633032
 0 0.633038
 0 0.633043
 0 0.633043
 0 0.633046
 0 0.633067
 0 0.633067
 0 0.633098
 0 0.633099
 0 0.633113
 0 0.633113
 0 0.633113
 0 0.633113
 0 0.633136
 0 0.633136
 0 0.633155
 0 0.633171
 0 0.633175
 0 0.633175
 0 0.633175
 0 0.633199
 0 0.633199
 0 0.633219
 0 0.633246
 0 0.633246
 0 0.633251
 0 0.633251
 0 0.633253
 0 0.633261
 0 0.633269
 0 0.633297
 0 0.633297
 0 0.633303
 0 0.633312
 0 0.633317
 0 0.63332
 0 0.633321
 0 0.633325
 0 0.633325
 0 0.633337
 0 0.633344
 0 0.633352
 0 0.63337
 0 0.633374
 0 0.633377
 0 0.633381
 0 0.633389
 0 0.63339
 0 0.63339
 0 0.633395
 0 0.633395
 0 0.633403
 0 0.633405
 0 0.633405
 0 0.633409
 0 0.633417
 0 0.633417
 0 0.633418
 0 0.633423
 0 0.633424
 0 0.633437
 0 0.633443
 0 0.633458
 0 0.633459
 0 0.63346
 0 0.63346
 0 0.63346
 0 0.633461
 0 0.633464
 0 0.633464
 0 0.633464
 0 0.633474
 0 0.63348
 0 0.633494
 0 0.633501
 0 0.63352
 0 0.633525
 0 0.633525
 0 0.633527
 0 0.633527
 0 0.633537
 0 0.633545
 0 0.633545
 0 0.633548
 0 0.633585
 0 0.633586
 0 0.633608
 0 0.633609
 0 0.633609
 0 0.633609
 0 0.633609
 0 0.633612
 0 0.633615
 0 0.633615
 0 0.633662
 0 0.633668
 0 0.633669
 0 0.633674
 0 0.633679
 0 0.63369
 0 0.633712
 0 0.633712
 0 0.633715
 0 0.633717
 0 0.633717
 0 0.633726
 0 0.633734
 0 0.633734
 0 0.633734
 0 0.633735
 0 0.63374
 0 0.633752
 0 0.633752
 0 0.633756
 0 0.633756
 0 0.633756
 0 0.633758
 0 0.633773
 0 0.63382
 0 0.63382
 0 0.633824
 0 0.633826
 0 0.633826
 0 0.633827
 0 0.633827
 0 0.633828
 0 0.633828
 0 0.633837
 0 0.633841
 0 0.633849
 0 0.633851
 0 0.633852
 0 0.633853
 0 0.633854
 0 0.633855
 0 0.633867
 0 0.633869
 0 0.633871
 0 0.633877
 0 0.633878
 0 0.633882
 0 0.633882
 0 0.6339
 0 0.633905
 0 0.633907
 0 0.633907
 0 0.633908
 0 0.633912
 0 0.633912
 0 0.633913
 0 0.633916
 0 0.633917
 0 0.633917
 0 0.633928
 0 0.633939
 0 0.63394
 0 0.63394
 0 0.63394
 0 0.633943
 0 0.633947
 0 0.63395
 0 0.633956
 0 0.633956
 0 0.633968
 0 0.633974
 0 0.633974
 0 0.633976
 0 0.63398
 0 0.633981
 0 0.633984
 0 0.633984
 0 0.633984
 0 0.633995
 0 0.634038
 0 0.634045
 0 0.634047
 0 0.634049
 0 0.634052
 0 0.634056
 0 0.634094
 0 0.634107
 0 0.634111
 0 0.634112
 0 0.634119
 0 0.634121
 0 0.634121
 0 0.634123
 0 0.634126
 0 0.634127
 0 0.634127
 0 0.634128
 0 0.634139
 0 0.63414
 0 0.63414
 0 0.63414
 0 0.63414
 0 0.63414
 0 0.634148
 0 0.634148
 0 0.634148
 0 0.634163
 0 0.634163
 0 0.634164
 0 0.634166
 0 0.634175
 0 0.634184
 0 0.634195
 0 0.634233
 0 0.634234
 0 0.634241
 0 0.634244
 0 0.634249
 0 0.634249
 0 0.634263
 0 0.634277
 0 0.634278
 0 0.634279
 0 0.634281
 0 0.634282
 0 0.634283
 0 0.634288
 0 0.634292
 0 0.634292
 0 0.634294
 0 0.634295
 0 0.634297
 0 0.634298
 0 0.6343
 0 0.634304
 0 0.634304
 0 0.634313
 0 0.634315
 0 0.634316
 0 0.634316
 0 0.634324
 0 0.634324
 0 0.634331
 0 0.634333
 0 0.634335
 0 0.634336
 0 0.634339
 0 0.634339
 0 0.63434
 0 0.634353
 0 0.634354
 0 0.634354
 0 0.634355
 0 0.634362
 0 0.634376
 0 0.634378
 0 0.634378
 0 0.634391
 0 0.634401
 0 0.634401
 0 0.634401
 0 0.634403
 0 0.634406
 0 0.634406
 0 0.634406
 0 0.634407
 0 0.634407
 0 0.634414
 0 0.634473
 0 0.634473
 0 0.634476
 0 0.634476
 0 0.634476
 0 0.63448
 0 0.634485
 0 0.634486
 0 0.634487
 0 0.634503
 0 0.63453
 0 0.63453
 0 0.634534
 0 0.634534
 0 0.634536
 0 0.634536
 0 0.634539
 0 0.634539
 0 0.634539
 0 0.634539
 0 0.634541
 0 0.634543
 0 0.634543
 0 0.634551
 0 0.634551
 0 0.634552
 0 0.634554
 0 0.634558
 0 0.63456
 0 0.63456
 0 0.63456
 0 0.634563
 0 0.634568
 0 0.634568
 0 0.634577
 0 0.634617
 0 0.634622
 0 0.634633
 0 0.634639
 0 0.63464
 0 0.63464
 0 0.634642
 0 0.634644
 0 0.634644
 0 0.634645
 0 0.634645
 0 0.634645
 0 0.634645
 0 0.63465
 0 0.63465
 0 0.63465
 0 0.63466
 0 0.63466
 0 0.634662
 0 0.634662
 0 0.634672
 0 0.634673
 0 0.634675
 0 0.634687
 0 0.634687
 0 0.634687
 0 0.634688
 0 0.634701
 0 0.634701
 0 0.634705
 0 0.634705
 0 0.634729
 0 0.634733
 0 0.634742
 0 0.634742
 0 0.634763
 0 0.634769
 0 0.63477
 0 0.634772
 0 0.634774
 0 0.634775
 0 0.634777
 0 0.634804
 0 0.634816
 0 0.634819
 0 0.634834
 0 0.634834
 0 0.634838
 0 0.634839
 0 0.634846
 0 0.634846
 0 0.634846
 0 0.634846
 0 0.63485
 0 0.634851
 0 0.634852
 0 0.634852
 0 0.634852
 0 0.634853
 0 0.634856
 0 0.634857
 0 0.634861
 0 0.634862
 0 0.634863
 0 0.634866
 0 0.634868
 0 0.634869
 0 0.634869
 0 0.634879
 0 0.634879
 0 0.634897
 0 0.634897
 0 0.634903
 0 0.634904
 0 0.634911
 0 0.634911
 0 0.634911
 0 0.634915
 0 0.634924
 0 0.634927
 0 0.634927
 0 0.634929
 0 0.634929
 0 0.63493
 0 0.63493
 0 0.634931
 0 0.634932
 0 0.634933
 0 0.634934
 0 0.63494
 0 0.634942
 0 0.634946
 0 0.634947
 0 0.634957
 0 0.634957
 0 0.63497
 0 0.634974
 0 0.634974
 0 0.634974
 0 0.634995
 0 0.634995
 0 0.635009
 0 0.635011
 0 0.635012
 0 0.635022
 0 0.635029
 0 0.635034
 0 0.635035
 0 0.635035
 0 0.635036
 0 0.635036
 0 0.635052
 0 0.635062
 0 0.635069
 0 0.635069
 0 0.635069
 0 0.635071
 0 0.635072
 0 0.635073
 0 0.635077
 0 0.635083
 0 0.635089
 0 0.635094
 0 0.635095
 0 0.635095
 0 0.635097
 0 0.635098
 0 0.635098
 0 0.635098
 0 0.635101
 0 0.635102
 0 0.635112
 0 0.635112
 0 0.635119
 0 0.635119
 0 0.635121
 0 0.635122
 0 0.635146
 0 0.635147
 0 0.635147
 0 0.635152
 0 0.635153
 0 0.635167
 0 0.63517
 0 0.635171
 0 0.635173
 0 0.635173
 0 0.635177
 0 0.635199
 0 0.635211
 0 0.635216
 0 0.635221
 0 0.635222
 0 0.635222
 0 0.635222
 0 0.635238
 0 0.635243
 0 0.635244
 0 0.63526
 0 0.63526
 0 0.635266
 0 0.635285
 0 0.635289
 0 0.635295
 0 0.635303
 0 0.63532
 0 0.635325
 0 0.635332
 0 0.635333
 0 0.635337
 0 0.635337
 0 0.635353
 0 0.635368
 0 0.635369
 0 0.635369
 0 0.63537
 0 0.635372
 0 0.635374
 0 0.635383
 0 0.635383
 0 0.635402
 0 0.635406
 0 0.635407
 0 0.635408
 0 0.635409
 0 0.635409
 0 0.635414
 0 0.635418
 0 0.635419
 0 0.635419
 0 0.635422
 0 0.635425
 0 0.635426
 0 0.635426
 0 0.635433
 0 0.635445
 0 0.635448
 0 0.63546
 0 0.635465
 0 0.635467
 0 0.635468
 0 0.635468
 0 0.635469
 0 0.635472
 0 0.635472
 0 0.635473
 0 0.635477
 0 0.635481
 0 0.635483
 0 0.635483
 0 0.635483
 0 0.635485
 0 0.635485
 0 0.635485
 0 0.635488
 0 0.635488
 0 0.635489
 0 0.635491
 0 0.635494
 0 0.635541
 0 0.635543
 0 0.635563
 0 0.635563
 0 0.635563
 0 0.63557
 0 0.635577
 0 0.635585
 0 0.635589
 0 0.635592
 0 0.635597
 0 0.635602
 0 0.635602
 0 0.635606
 0 0.635608
 0 0.635617
 0 0.635621
 0 0.635633
 0 0.635634
 0 0.635642
 0 0.635651
 0 0.635651
 0 0.635654
 0 0.635655
 0 0.635657
 0 0.635661
 0 0.635667
 0 0.63567
 0 0.635672
 0 0.635673
 0 0.635673
 0 0.635673
 0 0.635675
 0 0.635679
 0 0.635683
 0 0.635691
 0 0.635691
 0 0.635718
 0 0.635722
 0 0.63573
 0 0.635733
 0 0.635737
 0 0.635742
 0 0.635746
 0 0.635747
 0 0.635749
 0 0.635749
 0 0.63575
 0 0.63576
 0 0.635768
 0 0.63577
 0 0.635798
 0 0.635801
 0 0.635809
 0 0.635809
 0 0.635818
 0 0.635821
 0 0.635821
 0 0.635822
 0 0.635829
 0 0.635831
 0 0.635836
 0 0.635836
 0 0.635836
 0 0.635841
 0 0.635841
 0 0.635841
 0 0.635852
 0 0.635861
 0 0.635885
 0 0.635885
 0 0.635938
 0 0.635951
 0 0.635951
 0 0.635964
 0 0.635965
 0 0.635965
 0 0.635967
 0 0.635967
 0 0.636017
 0 0.636065
 0 0.636065
 0 0.636077
 0 0.636105
 0 0.636121
 0 0.636122
 0 0.636122
 0 0.636124
 0 0.636127
 0 0.636127
 0 0.636127
 0 0.636127
 0 0.636137
 0 0.636138
 0 0.63615
 0 0.636179
 0 0.636198
 0 0.636198
 0 0.636213
 0 0.636219
 0 0.636219
 0 0.636229
 0 0.636229
 0 0.636239
 0 0.63624
 0 0.63624
 0 0.636242
 0 0.636245
 0 0.63625
 0 0.636274
 0 0.636281
 0 0.636286
 0 0.636286
 0 0.636296
 0 0.6363
 0 0.636308
 0 0.636325
 0 0.63633
 0 0.636339
 0 0.636339
 0 0.636344
 0 0.636345
 0 0.636346
 0 0.636347
 0 0.636347
 0 0.636347
 0 0.636347
 0 0.636351
 0 0.636355
 0 0.636384
 0 0.636405
 0 0.636405
 0 0.636406
 0 0.636433
 0 0.636433
 0 0.636433
 0 0.636434
 0 0.636474
 0 0.636488
 0 0.636489
 0 0.636491
 0 0.636493
 0 0.636494
 0 0.636503
 0 0.636503
 0 0.636504
 0 0.636504
 0 0.636529
 0 0.636529
 0 0.636537
 0 0.636541
 0 0.636566
 0 0.636566
 0 0.636567
 0 0.636571
 0 0.636571
 0 0.636604
 0 0.636605
 0 0.636608
 0 0.636609
 0 0.63661
 0 0.63663
 0 0.636631
 0 0.636643
 0 0.636643
 0 0.636644
 0 0.636656
 0 0.636668
 0 0.636718
 0 0.636726
 0 0.636732
 0 0.636749
 0 0.636751
 0 0.636751
 0 0.636758
 0 0.636765
 0 0.636775
 0 0.636778
 0 0.636793
 0 0.636833
 0 0.636875
 0 0.636875
 0 0.636897
 0 0.636935
 0 0.636936
 0 0.636936
 0 0.63694
 0 0.636946
 0 0.636947
 0 0.636947
 0 0.636952
 0 0.636977
 0 0.636989
 0 0.636992
 0 0.636992
 0 0.637021
 0 0.637021
 0 0.637021
 0 0.637061
 0 0.637061
 0 0.637066
 0 0.637114
 0 0.637116
 0 0.637116
 0 0.637145
 0 0.637151
 0 0.637152
 0 0.637152
 0 0.637152
 0 0.637152
 0 0.637153
 0 0.63716
 0 0.637192
 0 0.637198
 0 0.637212
 0 0.637212
 0 0.637218
 0 0.637222
 0 0.637229
 0 0.637291
 0 0.637299
 0 0.637311
 0 0.637311
 0 0.637337
 0 0.637341
 0 0.637347
 0 0.637358
 0 0.637359
 0 0.637359
 0 0.637365
 0 0.637365
 0 0.637386
 0 0.637389
 0 0.637406
 0 0.637422
 0 0.637426
 0 0.637427
 0 0.637432
 0 0.637432
 0 0.637451
 0 0.637458
 0 0.63748
 0 0.637489
 0 0.637516
 0 0.637575
 0 0.637589
 0 0.637589
 0 0.637591
 0 0.637591
 0 0.63761
 0 0.63761
 0 0.63761
 0 0.637615
 0 0.637646
 0 0.637652
 0 0.637652
 0 0.637654
 0 0.637654
 0 0.637654
 0 0.637719
 0 0.637783
 0 0.637783
 0 0.63789
 0 0.637894
 0 0.638038
 0 0.638042
 0 0.638057
 0 0.638149
 0 0.638152
 0 0.638213
 0 0.638269
 0 0.638295
 0 0.638295
 0 0.638295
 0 0.638297
 0 0.638308
 0 0.638327
 0 0.638381
 0 0.638381
 0 0.638408
 0 0.638422
 0 0.638436
 0 0.638503
 0 0.638576
 0 0.638639
 0 0.638639
 0 0.638646
 0 0.638656
 0 0.638661
 0 0.638948
 0 0.638984
 0 0.638984
 0 0.638985
 0 0.639208
 0 0.639208
 0 0.63922
 0 0.639221
 0 0.639258
 0 0.639327
 0 0.639327
 0 0.639475
 0 0.639475
 0 0.63953
 0 0.63953
 0 0.639789
 0 0.639805
 0 0.640356
 0 0.640463
 0 0.640468
 0 0.640468
 0 0.641044
 0 0.641216
 0 0.641216
 0 0.641239
 0 0.641437
 0 0.641724
 0 0.641885
 0 0.641885
 0 0.642026
 0 0.642037
 0 0.642176
 0 0.642181
 0 inf
