 0 0.486128
 0 0.486128
 0 0.486128
 0 0.486129
 0 0.486129
 0 0.486902
 0 0.49652
 0 0.497487
 0 0.497488
 0 0.497489
 0 0.497743
 0 0.497744
 0 0.627734
 0 0.628072
 0 0.628072
 0 0.628073
 0 0.628109
 0 0.628145
 0 0.628146
 0 0.628325
 0 0.628325
 0 0.628325
 0 0.628339
 0 0.628356
 0 0.628453
 0 0.628494
 0 0.628495
 0 0.62862
 0 0.628775
 0 0.628775
 0 0.628827
 0 0.628828
 0 0.629109
 0 0.629109
 0 0.629109
 0 0.629394
 0 0.629394
 0 0.629395
 0 0.629397
 0 0.629413
 0 0.629413
 0 0.629428
 0 0.629428
 0 0.629454
 0 0.629456
 0 0.629456
 0 0.629566
 0 0.629566
 0 0.629641
 0 0.629664
 0 0.629752
 0 0.629794
 0 0.629858
 0 0.629859
 0 0.629992
 0 0.630009
 0 0.63001
 0 0.630011
 0 0.630011
 0 0.630011
 0 0.630012
 0 0.630012
 0 0.630012
 0 0.630043
 0 0.630043
 0 0.630046
 0 0.630078
 0 0.63008
 0 0.630169
 0 0.630169
 0 0.630174
 0 0.630174
 0 0.630176
 0 0.630176
 0 0.630177
 0 0.630178
 0 0.630178
 0 0.630178
 0 0.630182
 0 0.630184
 0 0.630199
 0 0.63021
 0 0.630266
 0 0.630266
 0 0.63027
 0 0.630329
 0 0.630365
 0 0.630367
 0 0.630381
 0 0.630382
 0 0.630403
 0 0.630406
 0 0.630406
 0 0.630421
 0 0.630424
 0 0.630431
 0 0.630431
 0 0.630435
 0 0.630437
 0 0.630463
 0 0.630463
 0 0.6305
 0 0.63055
 0 0.630574
 0 0.630575
 0 0.63059
 0 0.63059
 0 0.630593
 0 0.630593
 0 0.630594
 0 0.630654
 0 0.630672
 0 0.630683
 0 0.630759
 0 0.63076
 0 0.630807
 0 0.630807
 0 0.630807
 0 0.630807
 0 0.630808
 0 0.630808
 0 0.630808
 0 0.630846
 0 0.630846
 0 0.630849
 0 0.63085
 0 0.63085
 0 0.630881
 0 0.630885
 0 0.630941
 0 0.630941
 0 0.630941
 0 0.630941
 0 0.630951
 0 0.630984
 0 0.630985
 0 0.630986
 0 0.631021
 0 0.631035
 0 0.631118
 0 0.631118
 0 0.631145
 0 0.631146
 0 0.631198
 0 0.631198
 0 0.631198
 0 0.631198
 0 0.631213
 0 0.631245
 0 0.631245
 0 0.631292
 0 0.631293
 0 0.631294
 0 0.631294
 0 0.63133
 0 0.631331
 0 0.631366
 0 0.631367
 0 0.63142
 0 0.631424
 0 0.631428
 0 0.631429
 0 0.631429
 0 0.631432
 0 0.631432
 0 0.63146
 0 0.63146
 0 0.631463
 0 0.631463
 0 0.631463
 0 0.631464
 0 0.631469
 0 0.631469
 0 0.631481
 0 0.631502
 0 0.631522
 0 0.631523
 0 0.631523
 0 0.631523
 0 0.631525
 0 0.631526
 0 0.63164
 0 0.63164
 0 0.631646
 0 0.631649
 0 0.631683
 0 0.631703
 0 0.631703
 0 0.631704
 0 0.631715
 0 0.631725
 0 0.63173
 0 0.631759
 0 0.631759
 0 0.631762
 0 0.631762
 0 0.631769
 0 0.631783
 0 0.631801
 0 0.631802
 0 0.631804
 0 0.631804
 0 0.631868
 0 0.631887
 0 0.631888
 0 0.631889
 0 0.631903
 0 0.631972
 0 0.631972
 0 0.631976
 0 0.631976
 0 0.631976
 0 0.631977
 0 0.631982
 0 0.631989
 0 0.631989
 0 0.632018
 0 0.632029
 0 0.632063
 0 0.632067
 0 0.632067
 0 0.63207
 0 0.632132
 0 0.63217
 0 0.63217
 0 0.632196
 0 0.632197
 0 0.632268
 0 0.632268
 0 0.63227
 0 0.632274
 0 0.632277
 0 0.632293
 0 0.632293
 0 0.632293
 0 0.632306
 0 0.63231
 0 0.632331
 0 0.632333
 0 0.632333
 0 0.632333
 0 0.632333
 0 0.632343
 0 0.632343
 0 0.632344
 0 0.632349
 0 0.632368
 0 0.632368
 0 0.632388
 0 0.632391
 0 0.632393
 0 0.632393
 0 0.632408
 0 0.632422
 0 0.632472
 0 0.632482
 0 0.632483
 0 0.632483
 0 0.632488
 0 0.632488
 0 0.63249
 0 0.63249
 0 0.632502
 0 0.632528
 0 0.632532
 0 0.632553
 0 0.632553
 0 0.632553
 0 0.632558
 0 0.632558
 0 0.632568
 0 0.632568
 0 0.632573
 0 0.632573
 0 0.632583
 0 0.63261
 0 0.63261
 0 0.632628
 0 0.632635
 0 0.632635
 0 0.632649
 0 0.63265
 0 0.632677
 0 0.632677
 0 0.632677
 0 0.632681
 0 0.632681
 0 0.632686
 0 0.632687
 0 0.63269
 0 0.63269
 0 0.63269
 0 0.632735
 0 0.632735
 0 0.63274
 0 0.632741
 0 0.632741
 0 0.632766
 0 0.63279
 0 0.632805
 0 0.632819
 0 0.632819
 0 0.632861
 0 0.632887
 0 0.632888
 0 0.632888
 0 0.632892
 0 0.632893
 0 0.632912
 0 0.632912
 0 0.632918
 0 0.632919
 0 0.632965
 0 0.632988
 0 0.632989
 0 0.633042
 0 0.633042
 0 0.633042
 0 0.633056
 0 0.633057
 0 0.633072
 0 0.633078
 0 0.633079
 0 0.633079
 0 0.633085
 0 0.633086
 0 0.633086
 0 0.633127
 0 0.633129
 0 0.63313
 0 0.63318
 0 0.63318
 0 0.633181
 0 0.633184
 0 0.633199
 0 0.633247
 0 0.633247
 0 0.633268
 0 0.633268
 0 0.633271
 0 0.633273
 0 0.633297
 0 0.633315
 0 0.633315
 0 0.63334
 0 0.63334
 0 0.63334
 0 0.633353
 0 0.633356
 0 0.633369
 0 0.633369
 0 0.63339
 0 0.633392
 0 0.633393
 0 0.633394
 0 0.633413
 0 0.633417
 0 0.633417
 0 0.633417
 0 0.633422
 0 0.633422
 0 0.633438
 0 0.63348
 0 0.633482
 0 0.633483
 0 0.633524
 0 0.633525
 0 0.633533
 0 0.633534
 0 0.633534
 0 0.633534
 0 0.633538
 0 0.633541
 0 0.63355
 0 0.633551
 0 0.633557
 0 0.633557
 0 0.633569
 0 0.633609
 0 0.633616
 0 0.633616
 0 0.633616
 0 0.633626
 0 0.633628
 0 0.633642
 0 0.633644
 0 0.633645
 0 0.633645
 0 0.633646
 0 0.633646
 0 0.633651
 0 0.633733
 0 0.633733
 0 0.633733
 0 0.633739
 0 0.633746
 0 0.633746
 0 0.63378
 0 0.633782
 0 0.633788
 0 0.633788
 0 0.633791
 0 0.633821
 0 0.633822
 0 0.633839
 0 0.633847
 0 0.633848
 0 0.633848
 0 0.633849
 0 0.633849
 0 0.63385
 0 0.63385
 0 0.633852
 0 0.633877
 0 0.633877
 0 0.633882
 0 0.633882
 0 0.633896
 0 0.633896
 0 0.633897
 0 0.633897
 0 0.633929
 0 0.633929
 0 0.633931
 0 0.633938
 0 0.633968
 0 0.633968
 0 0.633968
 0 0.63399
 0 0.633994
 0 0.633994
 0 0.633994
 0 0.633994
 0 0.633998
 0 0.634004
 0 0.634026
 0 0.634038
 0 0.634048
 0 0.634049
 0 0.634051
 0 0.634054
 0 0.634055
 0 0.634085
 0 0.634088
 0 0.63409
 0 0.634091
 0 0.634106
 0 0.634124
 0 0.634124
 0 0.634129
 0 0.63414
 0 0.634141
 0 0.634143
 0 0.634152
 0 0.634152
 0 0.634161
 0 0.634162
 0 0.634162
 0 0.634162
 0 0.634163
 0 0.634165
 0 0.634173
 0 0.634174
 0 0.634175
 0 0.634188
 0 0.634197
 0 0.634199
 0 0.634226
 0 0.634226
 0 0.634238
 0 0.63424
 0 0.634251
 0 0.634251
 0 0.634252
 0 0.634262
 0 0.634263
 0 0.634263
 0 0.634263
 0 0.634267
 0 0.634274
 0 0.634278
 0 0.634282
 0 0.634282
 0 0.634283
 0 0.634283
 0 0.63429
 0 0.63429
 0 0.634292
 0 0.634314
 0 0.634317
 0 0.634318
 0 0.63432
 0 0.634321
 0 0.634326
 0 0.634352
 0 0.634358
 0 0.634358
 0 0.634358
 0 0.634358
 0 0.63436
 0 0.63436
 0 0.63436
 0 0.634367
 0 0.634367
 0 0.634372
 0 0.634372
 0 0.63438
 0 0.634383
 0 0.634387
 0 0.634394
 0 0.634394
 0 0.634394
 0 0.634401
 0 0.634408
 0 0.634432
 0 0.634432
 0 0.634467
 0 0.634468
 0 0.634485
 0 0.634487
 0 0.634493
 0 0.634502
 0 0.634508
 0 0.634508
 0 0.634508
 0 0.634509
 0 0.634511
 0 0.634511
 0 0.634511
 0 0.634512
 0 0.634512
 0 0.634512
 0 0.63452
 0 0.634524
 0 0.634525
 0 0.634525
 0 0.63453
 0 0.634533
 0 0.634567
 0 0.634587
 0 0.634588
 0 0.634614
 0 0.634636
 0 0.634642
 0 0.634644
 0 0.634644
 0 0.63465
 0 0.63466
 0 0.63466
 0 0.634661
 0 0.634661
 0 0.634664
 0 0.634691
 0 0.634691
 0 0.634692
 0 0.634693
 0 0.634707
 0 0.634712
 0 0.634712
 0 0.634715
 0 0.634716
 0 0.634716
 0 0.634745
 0 0.634747
 0 0.634751
 0 0.634775
 0 0.634795
 0 0.634795
 0 0.634821
 0 0.634821
 0 0.634839
 0 0.634842
 0 0.634842
 0 0.634846
 0 0.634855
 0 0.634855
 0 0.634855
 0 0.634856
 0 0.634856
 0 0.634862
 0 0.634864
 0 0.634888
 0 0.634895
 0 0.634895
 0 0.634896
 0 0.634918
 0 0.634918
 0 0.634944
 0 0.634945
 0 0.634946
 0 0.634946
 0 0.634947
 0 0.634951
 0 0.634951
 0 0.634965
 0 0.634975
 0 0.634975
 0 0.634975
 0 0.634977
 0 0.634984
 0 0.634984
 0 0.634984
 0 0.635014
 0 0.635059
 0 0.635062
 0 0.635071
 0 0.635071
 0 0.635072
 0 0.635085
 0 0.635086
 0 0.635099
 0 0.6351
 0 0.6351
 0 0.635137
 0 0.635137
 0 0.635143
 0 0.635154
 0 0.635155
 0 0.635169
 0 0.63517
 0 0.63517
 0 0.635171
 0 0.635171
 0 0.635171
 0 0.635171
 0 0.635172
 0 0.635173
 0 0.635181
 0 0.635222
 0 0.635222
 0 0.635228
 0 0.635229
 0 0.63523
 0 0.635231
 0 0.635231
 0 0.635231
 0 0.635231
 0 0.635232
 0 0.635232
 0 0.635234
 0 0.635246
 0 0.635246
 0 0.635246
 0 0.635246
 0 0.635265
 0 0.635286
 0 0.635288
 0 0.635289
 0 0.635302
 0 0.635309
 0 0.635315
 0 0.635326
 0 0.635327
 0 0.635335
 0 0.635336
 0 0.635336
 0 0.635337
 0 0.635373
 0 0.635373
 0 0.635386
 0 0.635387
 0 0.6354
 0 0.6354
 0 0.635403
 0 0.635406
 0 0.635406
 0 0.635406
 0 0.635464
 0 0.635464
 0 0.635464
 0 0.635468
 0 0.635473
 0 0.63549
 0 0.63549
 0 0.635492
 0 0.635516
 0 0.635516
 0 0.635528
 0 0.635556
 0 0.635576
 0 0.635585
 0 0.635587
 0 0.635587
 0 0.635587
 0 0.635592
 0 0.635592
 0 0.635604
 0 0.635638
 0 0.635639
 0 0.635661
 0 0.635662
 0 0.635662
 0 0.635667
 0 0.635668
 0 0.635668
 0 0.63567
 0 0.635671
 0 0.635678
 0 0.635679
 0 0.635679
 0 0.63568
 0 0.63568
 0 0.635683
 0 0.63569
 0 0.635694
 0 0.635698
 0 0.6357
 0 0.635702
 0 0.63574
 0 0.63574
 0 0.635752
 0 0.635752
 0 0.635857
 0 0.635858
 0 0.635858
 0 0.635866
 0 0.635872
 0 0.6359
 0 0.635925
 0 0.635929
 0 0.635929
 0 0.63593
 0 0.635956
 0 0.635977
 0 0.635977
 0 0.635998
 0 0.635999
 0 0.63601
 0 0.636022
 0 0.636022
 0 0.636022
 0 0.636024
 0 0.636024
 0 0.636104
 0 0.636108
 0 0.636111
 0 0.636111
 0 0.636112
 0 0.636171
 0 0.636224
 0 0.636228
 0 0.636229
 0 0.63623
 0 0.63623
 0 0.636259
 0 0.63626
 0 0.636355
 0 0.636451
 0 0.636486
 0 0.636488
 0 0.636497
 0 0.636512
 0 0.636514
 0 0.636522
 0 0.636542
 0 0.636581
 0 0.636645
 0 0.636661
 0 0.636662
 0 0.636686
 0 0.636693
 0 0.636695
 0 0.636695
 0 0.636695
 0 0.636717
 0 0.636718
 0 0.636748
 0 0.636814
 0 0.636815
 0 0.636826
 0 0.636829
 0 0.636829
 0 0.636834
 0 0.636834
 0 0.636871
 0 0.636901
 0 0.636901
 0 0.636903
 0 0.636905
 0 0.636906
 0 0.636909
 0 0.636911
 0 0.636914
 0 0.636919
 0 0.636928
 0 0.636928
 0 0.63695
 0 0.63695
 0 0.636966
 0 0.636968
 0 0.636969
 0 0.636969
 0 0.636969
 0 0.637015
 0 0.637015
 0 0.637015
 0 0.637031
 0 0.637032
 0 0.637032
 0 0.637145
 0 0.637174
 0 0.637177
 0 0.637186
 0 0.637186
 0 0.637193
 0 0.637193
 0 0.637248
 0 0.637255
 0 0.637255
 0 0.637304
 0 0.637305
 0 0.637306
 0 0.637312
 0 0.637336
 0 0.637336
 0 0.637336
 0 0.63738
 0 0.637396
 0 0.637396
 0 0.637396
 0 0.637396
 0 0.637422
 0 0.637422
 0 0.637449
 0 0.63745
 0 0.637498
 0 0.637498
 0 0.637498
 0 0.63753
 0 0.637531
 0 0.637599
 0 0.637599
 0 0.637634
 0 0.637635
 0 0.637725
 0 0.637753
 0 0.637753
 0 0.637817
 0 0.637817
 0 0.63787
 0 0.637873
 0 0.637873
 0 0.637875
 0 0.637895
 0 0.637905
 0 0.637905
 0 0.637905
 0 0.637906
 0 0.63794
 0 0.637941
 0 0.638011
 0 0.638011
 0 0.638011
 0 0.638084
 0 0.638087
 0 0.638087
 0 0.638161
 0 0.638161
 0 0.638212
 0 0.638422
 0 0.638422
 0 0.63853
 0 0.63853
 0 0.638531
 0 0.6387
 0 0.638711
 0 0.638849
 0 0.638849
 0 0.63885
 0 0.639143
 0 0.639175
 0 0.639328
 0 0.639663
 0 0.639663
 0 0.639741
 0 0.639742
 0 0.639742
 0 0.639758
 0 0.639758
 0 0.639759
 0 0.639759
 0 0.639811
 0 0.639811
 0 0.639812
 0 0.639884
 0 0.639885
 0 0.640008
 0 0.640008
 0 0.640008
 0 0.640245
 0 0.640245
 0 0.640354
 0 0.640357
 0 0.640382
 0 0.640383
 0 0.640383
 0 0.640395
 0 0.640396
 0 0.640503
 0 0.641
 0 0.641688
 0 0.641689
 0 0.642143
 0 0.642207
 0 0.642577
 0 0.643031
 0 inf
