 8.9318 9.47241
 8.76507 9.22931
 8.44561 8.70467
 8.3445 8.45116
 8.33039 8.40635
 7.82691 8.00004
 7.6183 8.3432
 7.32139 8.08502
 7.25616 7.28653
 7.12438 7.14402
 6.98093 7.17464
 6.86822 6.99718
 6.63566 6.99062
 6.59126 7.59485
 6.46185 7.20253
 6.41084 6.8366
 6.36616 7.15111
 6.2634 7.21795
 6.2468 6.65247
 6.13014 7.3737
 5.98573 7.63447
 5.89745 8.49338
 5.77082 5.94104
 5.64914 6.01439
 5.47178 6.64625
 5.42991 5.43518
 5.36583 5.5769
 5.33351 5.34535
 5.19818 5.85632
 5.19572 5.46689
 5.18227 5.18565
 5.07984 5.15054
 5.04518 5.37978
 5.01373 5.01839
 5.01202 5.03499
 4.98835 5.00117
 4.95005 4.95485
 4.94908 4.96519
 4.93211 4.9357
 4.91882 4.92532
 4.91753 4.93521
 4.89827 4.90993
 4.89796 4.90814
 4.89396 4.91339
 4.88836 4.89538
 4.8783 5.04509
 4.87635 4.89918
 4.86824 5.28126
 4.85882 4.86737
 4.84223 4.85162
 4.83055 4.98573
 4.82971 4.83906
 4.82304 4.82395
 4.82243 4.8551
 4.81946 5.11206
 4.81345 4.81932
 4.80114 4.81207
 4.79531 4.79762
 4.7905 4.84163
 4.78972 4.80782
 4.7876 4.79062
 4.78145 5.38576
 4.78066 4.79699
 4.77221 4.79909
 4.76985 5.0174
 4.74996 4.75217
 4.71407 5.55113
 4.71007 4.7337
 4.70621 4.71483
 4.68673 4.70606
 4.67968 4.88402
 4.65073 4.838
 4.62638 4.63692
 4.62378 4.65574
 4.60686 4.61346
 4.60555 4.62393
 4.59672 4.60694
 4.5932 4.61717
 4.58874 4.7924
 4.58696 5.92827
 4.58518 4.85755
 4.58273 4.64305
 4.57021 4.57292
 4.5618 4.56235
 4.55926 4.56466
 4.54428 4.5611
 4.52157 4.53493
 4.51951 4.53877
 4.51535 4.74633
 4.51453 4.53613
 4.50279 4.86602
 4.50095 5.00668
 4.49972 5.03349
 4.49757 4.51574
 4.49691 4.4989
 4.49671 5.1153
 4.49608 4.511
 4.49477 4.96604
 4.48872 4.5317
 4.48574 4.49327
 4.48455 4.87547
 4.46829 4.4704
 4.45719 4.47659
 4.45509 4.47669
 4.45213 8.20364
 4.43094 4.43718
 4.4179 5.88473
 4.40996 4.41025
 4.40244 7.6489
 4.39719 6.17295
 4.3918 4.98864
 4.38137 8.6311
 4.36505 5.20731
 4.36354 4.86826
 4.33586 5.21828
 4.33586 5.24614
 4.32223 5.13862
 4.32115 4.32424
 4.31909 4.41531
 4.30904 7.48823
 4.30525 6.52236
 4.30187 5.11679
 4.30154 5.03826
 4.29623 7.08561
 4.27279 6.10506
 4.26333 4.35433
 4.20305 4.20926
 4.20291 5.17013
 4.14929 4.27764
 4.14333 5.01343
 4.12531 4.27724
 4.10794 9.36183
 4.09768 4.39975
 4.08821 6.13631
 4.07971 7.37803
 4.07795 4.96942
 4.07515 5.40817
 4.05415 4.06323
 4.04189 5.88886
 3.92357 8.08225
 3.83873 7.28904
 3.70569 8.57164
 3.58847 4.28131
 3.2555 5.43237
