 0 0.489125
 0 0.489125
 0 0.489126
 0 0.48936
 0 0.48936
 0 0.490434
 0 0.490463
 0 0.490463
 0 0.490463
 0 0.490464
 0 0.490842
 0 0.490842
 0 0.604952
 0 0.605092
 0 0.605092
 0 0.605093
 0 0.606289
 0 0.606289
 0 0.607886
 0 0.607887
 0 0.608785
 0 0.608785
 0 0.608785
 0 0.608785
 0 0.609797
 0 0.610128
 0 0.610129
 0 0.610526
 0 0.610618
 0 0.610984
 0 0.610985
 0 0.611015
 0 0.611357
 0 0.611357
 0 0.61156
 0 0.612125
 0 0.612209
 0 0.612298
 0 0.612512
 0 0.61268
 0 0.612681
 0 0.612862
 0 0.612862
 0 0.61311
 0 0.61311
 0 0.613112
 0 0.61313
 0 0.613131
 0 0.613685
 0 0.613685
 0 0.613822
 0 0.613953
 0 0.613953
 0 0.613959
 0 0.614518
 0 0.614519
 0 0.614519
 0 0.614609
 0 0.614834
 0 0.614835
 0 0.615172
 0 0.615173
 0 0.615632
 0 0.6157
 0 0.6157
 0 0.6157
 0 0.615809
 0 0.61581
 0 0.616096
 0 0.616195
 0 0.616195
 0 0.616196
 0 0.616368
 0 0.616368
 0 0.616368
 0 0.616451
 0 0.616468
 0 0.616468
 0 0.61857
 0 0.618614
 0 0.618616
 0 0.618616
 0 0.618789
 0 0.61879
 0 0.61879
 0 0.61879
 0 0.618852
 0 0.618852
 0 0.619112
 0 0.619112
 0 0.619737
 0 0.619882
 0 0.619978
 0 0.619978
 0 0.619978
 0 0.619979
 0 0.620072
 0 0.620098
 0 0.620281
 0 0.62044
 0 0.62051
 0 0.620511
 0 0.620538
 0 0.620538
 0 0.620684
 0 0.62081
 0 0.620812
 0 0.620813
 0 0.620813
 0 0.620813
 0 0.620814
 0 0.620814
 0 0.620942
 0 0.620942
 0 0.620944
 0 0.620944
 0 0.620958
 0 0.621053
 0 0.621054
 0 0.621056
 0 0.621056
 0 0.621065
 0 0.621067
 0 0.621069
 0 0.621087
 0 0.621087
 0 0.621181
 0 0.621181
 0 0.621377
 0 0.621377
 0 0.621377
 0 0.621406
 0 0.621407
 0 0.62141
 0 0.621425
 0 0.621519
 0 0.621519
 0 0.621523
 0 0.621598
 0 0.621598
 0 0.621598
 0 0.621637
 0 0.621638
 0 0.621709
 0 0.621709
 0 0.621838
 0 0.621851
 0 0.62187
 0 0.621934
 0 0.621941
 0 0.621953
 0 0.621953
 0 0.621973
 0 0.621973
 0 0.621974
 0 0.621974
 0 0.622101
 0 0.622102
 0 0.62211
 0 0.622116
 0 0.622133
 0 0.622156
 0 0.622175
 0 0.622175
 0 0.622175
 0 0.622288
 0 0.622308
 0 0.622338
 0 0.622338
 0 0.622339
 0 0.622339
 0 0.622357
 0 0.622455
 0 0.622455
 0 0.622458
 0 0.622474
 0 0.622474
 0 0.622551
 0 0.622552
 0 0.622571
 0 0.622573
 0 0.622573
 0 0.622573
 0 0.622573
 0 0.622589
 0 0.622589
 0 0.62259
 0 0.622597
 0 0.622616
 0 0.622707
 0 0.622707
 0 0.622737
 0 0.622737
 0 0.622738
 0 0.622773
 0 0.622774
 0 0.622781
 0 0.622782
 0 0.622782
 0 0.622782
 0 0.622836
 0 0.622837
 0 0.622837
 0 0.622838
 0 0.622893
 0 0.622893
 0 0.622894
 0 0.622894
 0 0.622894
 0 0.622894
 0 0.622895
 0 0.622916
 0 0.622917
 0 0.622931
 0 0.622931
 0 0.622945
 0 0.622946
 0 0.622948
 0 0.623027
 0 0.623052
 0 0.623093
 0 0.6231
 0 0.6231
 0 0.6231
 0 0.6231
 0 0.623119
 0 0.623119
 0 0.623139
 0 0.62314
 0 0.623214
 0 0.623215
 0 0.623215
 0 0.62327
 0 0.623301
 0 0.623302
 0 0.623302
 0 0.623303
 0 0.623303
 0 0.623319
 0 0.623336
 0 0.62337
 0 0.62337
 0 0.623379
 0 0.623414
 0 0.623415
 0 0.623415
 0 0.623582
 0 0.62359
 0 0.623617
 0 0.623638
 0 0.623639
 0 0.62364
 0 0.623695
 0 0.623695
 0 0.623771
 0 0.623778
 0 0.62379
 0 0.62379
 0 0.623868
 0 0.623868
 0 0.62387
 0 0.62387
 0 0.623894
 0 0.623902
 0 0.623961
 0 0.624157
 0 0.624274
 0 0.624274
 0 0.624327
 0 0.624337
 0 0.624338
 0 0.624403
 0 0.624404
 0 0.624407
 0 0.624408
 0 0.624408
 0 0.624476
 0 0.624548
 0 0.62455
 0 0.624599
 0 0.624599
 0 0.624662
 0 0.624777
 0 0.624777
 0 0.624777
 0 0.624778
 0 0.624966
 0 0.624967
 0 0.62508
 0 0.62508
 0 0.625087
 0 0.625087
 0 0.625109
 0 0.62511
 0 0.625153
 0 0.625237
 0 0.625324
 0 0.625409
 0 0.625409
 0 0.625435
 0 0.625435
 0 0.625528
 0 0.625547
 0 0.625548
 0 0.625591
 0 0.625592
 0 0.625668
 0 0.625668
 0 0.625669
 0 0.625685
 0 0.625692
 0 0.625692
 0 0.625692
 0 0.625692
 0 0.625692
 0 0.625704
 0 0.625704
 0 0.625706
 0 0.625714
 0 0.625714
 0 0.625714
 0 0.625725
 0 0.625725
 0 0.625727
 0 0.625727
 0 0.625848
 0 0.625849
 0 0.625891
 0 0.625965
 0 0.626027
 0 0.626049
 0 0.626049
 0 0.62605
 0 0.62605
 0 0.626109
 0 0.626136
 0 0.626243
 0 0.626244
 0 0.626244
 0 0.626307
 0 0.626308
 0 0.62647
 0 0.626477
 0 0.626579
 0 0.626579
 0 0.626579
 0 0.62658
 0 0.626671
 0 0.626672
 0 0.626689
 0 0.626689
 0 0.62669
 0 0.626741
 0 0.62685
 0 0.626851
 0 0.626886
 0 0.626886
 0 0.626888
 0 0.626888
 0 0.626901
 0 0.626901
 0 0.626902
 0 0.626911
 0 0.626912
 0 0.626912
 0 0.626939
 0 0.62694
 0 0.626941
 0 0.626941
 0 0.626948
 0 0.626955
 0 0.627062
 0 0.627076
 0 0.627092
 0 0.627093
 0 0.627126
 0 0.627148
 0 0.627155
 0 0.627155
 0 0.627204
 0 0.627242
 0 0.627244
 0 0.627244
 0 0.627244
 0 0.627245
 0 0.627287
 0 0.627287
 0 0.627287
 0 0.627287
 0 0.627341
 0 0.627346
 0 0.627346
 0 0.627381
 0 0.627383
 0 0.627405
 0 0.627405
 0 0.627423
 0 0.627423
 0 0.627428
 0 0.627429
 0 0.627434
 0 0.627473
 0 0.627473
 0 0.627492
 0 0.627492
 0 0.627492
 0 0.62753
 0 0.62753
 0 0.627545
 0 0.627545
 0 0.627546
 0 0.627606
 0 0.627621
 0 0.627672
 0 0.627672
 0 0.627672
 0 0.627673
 0 0.627688
 0 0.627688
 0 0.627717
 0 0.627718
 0 0.627718
 0 0.627736
 0 0.627784
 0 0.627791
 0 0.627798
 0 0.627798
 0 0.627799
 0 0.627799
 0 0.62781
 0 0.627811
 0 0.627826
 0 0.627827
 0 0.627832
 0 0.627835
 0 0.627835
 0 0.627843
 0 0.627861
 0 0.627861
 0 0.627876
 0 0.627877
 0 0.627925
 0 0.627945
 0 0.627945
 0 0.627949
 0 0.62795
 0 0.627953
 0 0.62796
 0 0.627997
 0 0.627997
 0 0.628004
 0 0.628004
 0 0.628008
 0 0.628008
 0 0.628008
 0 0.628022
 0 0.628022
 0 0.628055
 0 0.628055
 0 0.628056
 0 0.628066
 0 0.628066
 0 0.628068
 0 0.628068
 0 0.628069
 0 0.628069
 0 0.62807
 0 0.628071
 0 0.628073
 0 0.6281
 0 0.628161
 0 0.628166
 0 0.628167
 0 0.628167
 0 0.628167
 0 0.628196
 0 0.628204
 0 0.628212
 0 0.628212
 0 0.628212
 0 0.628213
 0 0.628275
 0 0.628337
 0 0.628337
 0 0.628337
 0 0.628338
 0 0.628339
 0 0.628345
 0 0.628346
 0 0.62838
 0 0.628385
 0 0.628389
 0 0.628399
 0 0.628447
 0 0.628447
 0 0.628448
 0 0.62846
 0 0.62846
 0 0.628467
 0 0.628467
 0 0.628467
 0 0.628479
 0 0.628479
 0 0.628481
 0 0.628495
 0 0.628495
 0 0.628497
 0 0.628497
 0 0.628532
 0 0.628532
 0 0.628533
 0 0.628538
 0 0.628538
 0 0.628565
 0 0.628566
 0 0.628573
 0 0.628577
 0 0.628577
 0 0.628602
 0 0.628619
 0 0.628619
 0 0.628628
 0 0.628628
 0 0.628628
 0 0.62863
 0 0.628714
 0 0.628714
 0 0.628714
 0 0.628714
 0 0.628714
 0 0.628715
 0 0.628715
 0 0.628729
 0 0.628729
 0 0.628729
 0 0.628734
 0 0.628734
 0 0.628734
 0 0.628778
 0 0.628784
 0 0.62879
 0 0.62879
 0 0.62879
 0 0.628794
 0 0.628794
 0 0.62883
 0 0.62883
 0 0.628832
 0 0.628832
 0 0.628832
 0 0.628843
 0 0.628843
 0 0.628844
 0 0.628844
 0 0.628857
 0 0.628882
 0 0.628893
 0 0.628901
 0 0.628927
 0 0.628927
 0 0.628978
 0 0.629017
 0 0.629019
 0 0.629057
 0 0.629077
 0 0.629081
 0 0.629093
 0 0.629093
 0 0.629093
 0 0.629137
 0 0.629138
 0 0.629138
 0 0.629177
 0 0.629179
 0 0.629179
 0 0.629179
 0 0.629203
 0 0.629203
 0 0.629204
 0 0.629204
 0 0.629208
 0 0.629211
 0 0.629212
 0 0.629213
 0 0.629213
 0 0.629213
 0 0.629222
 0 0.629223
 0 0.629227
 0 0.629227
 0 0.629269
 0 0.629269
 0 0.629269
 0 0.62927
 0 0.62927
 0 0.62927
 0 0.62927
 0 0.62927
 0 0.629274
 0 0.629274
 0 0.629276
 0 0.629309
 0 0.629313
 0 0.629313
 0 0.629365
 0 0.629404
 0 0.629416
 0 0.629417
 0 0.62942
 0 0.629421
 0 0.629424
 0 0.629467
 0 0.6295
 0 0.629501
 0 0.629524
 0 0.629555
 0 0.629555
 0 0.629555
 0 0.629564
 0 0.629613
 0 0.629697
 0 0.629706
 0 0.629706
 0 0.629718
 0 0.629718
 0 0.629756
 0 0.629756
 0 0.629794
 0 0.629794
 0 0.629813
 0 0.629813
 0 0.629866
 0 0.629866
 0 0.629866
 0 0.629872
 0 0.629872
 0 0.629875
 0 0.629915
 0 0.629916
 0 0.629916
 0 0.629933
 0 0.629934
 0 0.629934
 0 0.629935
 0 0.629935
 0 0.629936
 0 0.629937
 0 0.629937
 0 0.629961
 0 0.629989
 0 0.629995
 0 0.629999
 0 0.629999
 0 0.63003
 0 0.63003
 0 0.630039
 0 0.63005
 0 0.63005
 0 0.630064
 0 0.630064
 0 0.630091
 0 0.630107
 0 0.630152
 0 0.630158
 0 0.630159
 0 0.63016
 0 0.630242
 0 0.630242
 0 0.630251
 0 0.630259
 0 0.630259
 0 0.630259
 0 0.630259
 0 0.630261
 0 0.630261
 0 0.630275
 0 0.630297
 0 0.630316
 0 0.630316
 0 0.630338
 0 0.630356
 0 0.630357
 0 0.630392
 0 0.630393
 0 0.630419
 0 0.630419
 0 0.63044
 0 0.63047
 0 0.63047
 0 0.630471
 0 0.630472
 0 0.630482
 0 0.630483
 0 0.630491
 0 0.630491
 0 0.630491
 0 0.630492
 0 0.6305
 0 0.630522
 0 0.630523
 0 0.630551
 0 0.630565
 0 0.630565
 0 0.630566
 0 0.630567
 0 0.630608
 0 0.630617
 0 0.630627
 0 0.630627
 0 0.630628
 0 0.630628
 0 0.630666
 0 0.630667
 0 0.630667
 0 0.630753
 0 0.630756
 0 0.630759
 0 0.630759
 0 0.630772
 0 0.630772
 0 0.630772
 0 0.630774
 0 0.630774
 0 0.630848
 0 0.630848
 0 0.630848
 0 0.630852
 0 0.630892
 0 0.630892
 0 0.630892
 0 0.630916
 0 0.630937
 0 0.630937
 0 0.630939
 0 0.630939
 0 0.630979
 0 0.631002
 0 0.631002
 0 0.631034
 0 0.631034
 0 0.631035
 0 0.631035
 0 0.631055
 0 0.631055
 0 0.631055
 0 0.631055
 0 0.631057
 0 0.631057
 0 0.631057
 0 0.631083
 0 0.631083
 0 0.631084
 0 0.631137
 0 0.63115
 0 0.631152
 0 0.631152
 0 0.631153
 0 0.631153
 0 0.631153
 0 0.631153
 0 0.63117
 0 0.631171
 0 0.631192
 0 0.631203
 0 0.631203
 0 0.631206
 0 0.631217
 0 0.631236
 0 0.631236
 0 0.63124
 0 0.631241
 0 0.631242
 0 0.631282
 0 0.63132
 0 0.63132
 0 0.631322
 0 0.631342
 0 0.631364
 0 0.631375
 0 0.631376
 0 0.631376
 0 0.63138
 0 0.63138
 0 0.631381
 0 0.631381
 0 0.631381
 0 0.631381
 0 0.631408
 0 0.631498
 0 0.631498
 0 0.631515
 0 0.631515
 0 0.631526
 0 0.631528
 0 0.631528
 0 0.631528
 0 0.63155
 0 0.631552
 0 0.631552
 0 0.631562
 0 0.631562
 0 0.63157
 0 0.631586
 0 0.631586
 0 0.631587
 0 0.631621
 0 0.631621
 0 0.631621
 0 0.631621
 0 0.631621
 0 0.631637
 0 0.631656
 0 0.631656
 0 0.631671
 0 0.631672
 0 0.631723
 0 0.631723
 0 0.631723
 0 0.631756
 0 0.631756
 0 0.631792
 0 0.631792
 0 0.6318
 0 0.6318
 0 0.6318
 0 0.631811
 0 0.631811
 0 0.631837
 0 0.631843
 0 0.631848
 0 0.631848
 0 0.631849
 0 0.631862
 0 0.631881
 0 0.631881
 0 0.631882
 0 0.631885
 0 0.631927
 0 0.631954
 0 0.631959
 0 0.631959
 0 0.631969
 0 0.631971
 0 0.631973
 0 0.63199
 0 0.63199
 0 0.63199
 0 0.632008
 0 0.632008
 0 0.632008
 0 0.632094
 0 0.632096
 0 0.632108
 0 0.632108
 0 0.632131
 0 0.632131
 0 0.632147
 0 0.63217
 0 0.632181
 0 0.632182
 0 0.632182
 0 0.632183
 0 0.632183
 0 0.632192
 0 0.632197
 0 0.632197
 0 0.632215
 0 0.632216
 0 0.632216
 0 0.632216
 0 0.632277
 0 0.632291
 0 0.632291
 0 0.632291
 0 0.632301
 0 0.632359
 0 0.632359
 0 0.632359
 0 0.632359
 0 0.632371
 0 0.632371
 0 0.632372
 0 0.632395
 0 0.6324
 0 0.632412
 0 0.632425
 0 0.632426
 0 0.63245
 0 0.63245
 0 0.632452
 0 0.632484
 0 0.632485
 0 0.632519
 0 0.632519
 0 0.63252
 0 0.63252
 0 0.63252
 0 0.63252
 0 0.632561
 0 0.632561
 0 0.632581
 0 0.632581
 0 0.632589
 0 0.63259
 0 0.632687
 0 0.632688
 0 0.632688
 0 0.632688
 0 0.632689
 0 0.632715
 0 0.632716
 0 0.632716
 0 0.632718
 0 0.63272
 0 0.632721
 0 0.632744
 0 0.632744
 0 0.63275
 0 0.63275
 0 0.632751
 0 0.632751
 0 0.63276
 0 0.632781
 0 0.632783
 0 0.632783
 0 0.632863
 0 0.632886
 0 0.632887
 0 0.632893
 0 0.632893
 0 0.632893
 0 0.632953
 0 0.632953
 0 0.632953
 0 0.63297
 0 0.63297
 0 0.632997
 0 0.632998
 0 0.632998
 0 0.633
 0 0.633031
 0 0.633042
 0 0.633071
 0 0.633071
 0 0.633073
 0 0.633076
 0 0.633076
 0 0.633092
 0 0.633108
 0 0.633108
 0 0.633142
 0 0.633143
 0 0.633143
 0 0.633174
 0 0.633199
 0 0.633212
 0 0.633246
 0 0.633246
 0 0.633283
 0 0.633284
 0 0.633287
 0 0.633287
 0 0.633296
 0 0.633304
 0 0.633304
 0 0.633326
 0 0.633326
 0 0.633371
 0 0.6334
 0 0.6334
 0 0.633402
 0 0.633402
 0 0.633446
 0 0.633468
 0 0.633469
 0 0.63348
 0 0.63348
 0 0.63348
 0 0.633482
 0 0.633483
 0 0.633483
 0 0.633483
 0 0.633499
 0 0.633499
 0 0.633499
 0 0.633512
 0 0.633512
 0 0.633514
 0 0.633521
 0 0.633521
 0 0.633538
 0 0.633595
 0 0.633595
 0 0.633607
 0 0.633607
 0 0.633607
 0 0.633607
 0 0.633608
 0 0.63361
 0 0.633625
 0 0.633626
 0 0.633627
 0 0.633641
 0 0.633642
 0 0.633669
 0 0.63367
 0 0.633697
 0 0.633735
 0 0.633765
 0 0.633796
 0 0.633835
 0 0.633855
 0 0.633857
 0 0.633857
 0 0.63386
 0 0.633862
 0 0.633863
 0 0.633878
 0 0.633878
 0 0.633897
 0 0.633897
 0 0.633904
 0 0.633904
 0 0.633942
 0 0.633943
 0 0.633955
 0 0.633955
 0 0.633991
 0 0.633991
 0 0.633991
 0 0.633992
 0 0.633993
 0 0.634047
 0 0.634049
 0 0.634058
 0 0.634109
 0 0.63414
 0 0.634155
 0 0.634156
 0 0.634158
 0 0.634172
 0 0.634172
 0 0.634172
 0 0.634172
 0 0.634172
 0 0.634198
 0 0.634228
 0 0.634239
 0 0.63424
 0 0.63424
 0 0.634245
 0 0.634245
 0 0.634245
 0 0.634245
 0 0.634247
 0 0.634247
 0 0.634247
 0 0.634252
 0 0.634338
 0 0.634367
 0 0.634392
 0 0.634398
 0 0.634398
 0 0.634483
 0 0.634483
 0 0.634484
 0 0.634502
 0 0.634502
 0 0.634623
 0 0.634623
 0 0.634623
 0 0.634625
 0 0.634632
 0 0.634632
 0 0.63466
 0 0.634682
 0 0.634682
 0 0.634689
 0 0.634739
 0 0.634751
 0 0.634799
 0 0.6348
 0 0.6348
 0 0.63485
 0 0.634914
 0 0.634915
 0 0.634915
 0 0.634925
 0 0.634925
 0 0.634925
 0 0.634925
 0 0.634926
 0 0.634957
 0 0.634957
 0 0.634991
 0 0.634991
 0 0.634992
 0 0.635006
 0 0.635007
 0 0.635044
 0 0.635046
 0 0.635046
 0 0.635046
 0 0.635047
 0 0.635059
 0 0.635059
 0 0.635083
 0 0.635104
 0 0.635104
 0 0.635105
 0 0.635111
 0 0.635126
 0 0.635126
 0 0.635147
 0 0.635148
 0 0.635152
 0 0.635152
 0 0.635221
 0 0.635272
 0 0.635272
 0 0.635286
 0 0.635287
 0 0.635287
 0 0.635296
 0 0.635297
 0 0.63536
 0 0.635412
 0 0.635461
 0 0.635491
 0 0.635491
 0 0.635491
 0 0.635551
 0 0.635566
 0 0.635573
 0 0.635573
 0 0.635612
 0 0.635613
 0 0.635639
 0 0.635642
 0 0.635674
 0 0.635674
 0 0.635674
 0 0.635679
 0 0.635816
 0 0.635818
 0 0.63582
 0 0.635846
 0 0.635846
 0 0.635865
 0 0.635903
 0 0.635904
 0 0.635904
 0 0.635905
 0 0.63591
 0 0.635911
 0 0.635963
 0 0.635968
 0 0.635968
 0 0.635968
 0 0.635969
 0 0.635998
 0 0.635998
 0 0.635998
 0 0.636041
 0 0.636042
 0 0.636042
 0 0.636042
 0 0.636042
 0 0.636042
 0 0.636051
 0 0.636051
 0 0.636069
 0 0.636069
 0 0.636097
 0 0.636097
 0 0.636098
 0 0.636133
 0 0.636134
 0 0.636134
 0 0.636137
 0 0.636137
 0 0.636141
 0 0.636141
 0 0.636142
 0 0.636142
 0 0.636151
 0 0.636197
 0 0.636197
 0 0.636197
 0 0.63621
 0 0.63623
 0 0.63623
 0 0.636247
 0 0.636247
 0 0.636253
 0 0.636253
 0 0.636255
 0 0.636293
 0 0.636293
 0 0.636293
 0 0.636388
 0 0.636388
 0 0.636444
 0 0.636444
 0 0.636444
 0 0.636444
 0 0.63646
 0 0.636468
 0 0.636507
 0 0.636561
 0 0.636597
 0 0.636671
 0 0.636737
 0 0.636737
 0 0.636744
 0 0.63678
 0 0.63678
 0 0.63678
 0 0.636782
 0 0.636782
 0 0.636789
 0 0.636805
 0 0.636805
 0 0.636813
 0 0.636813
 0 0.636855
 0 0.636931
 0 0.636932
 0 0.636943
 0 0.636944
 0 0.636944
 0 0.636944
 0 0.636961
 0 0.636961
 0 0.636963
 0 0.637004
 0 0.637009
 0 0.637009
 0 0.637029
 0 0.637031
 0 0.637031
 0 0.637031
 0 0.637031
 0 0.637105
 0 0.637283
 0 0.637297
 0 0.637298
 0 0.637351
 0 0.637357
 0 0.637359
 0 0.63737
 0 0.63737
 0 0.63737
 0 0.637427
 0 0.637427
 0 0.637433
 0 0.637452
 0 0.637455
 0 0.637455
 0 0.637455
 0 0.637468
 0 0.637499
 0 0.63755
 0 0.63755
 0 0.637641
 0 0.637642
 0 0.637642
 0 0.637678
 0 0.63768
 0 0.637734
 0 0.637734
 0 0.637747
 0 0.637747
 0 0.637892
 0 0.637892
 0 0.637892
 0 0.637894
 0 0.637894
 0 0.637894
 0 0.637894
 0 0.637899
 0 0.637899
 0 0.6379
 0 0.6379
 0 0.638
 0 0.638051
 0 0.638051
 0 0.638051
 0 0.638051
 0 0.638051
 0 0.63815
 0 0.638151
 0 0.638151
 0 0.638191
 0 0.638223
 0 0.638321
 0 0.638339
 0 0.638339
 0 0.63834
 0 0.638354
 0 0.638367
 0 0.638379
 0 0.638392
 0 0.638392
 0 0.638393
 0 0.63843
 0 0.638432
 0 0.638446
 0 0.638446
 0 0.638479
 0 0.638479
 0 0.63848
 0 0.638501
 0 0.638634
 0 0.638634
 0 0.638687
 0 0.638703
 0 0.638704
 0 0.638744
 0 0.638792
 0 0.638793
 0 0.638809
 0 0.638818
 0 0.638834
 0 0.638834
 0 0.638834
 0 0.638872
 0 0.638872
 0 0.638884
 0 0.638953
 0 0.639016
 0 0.639017
 0 0.639131
 0 0.639131
 0 0.639131
 0 0.639142
 0 0.639142
 0 0.639154
 0 0.639166
 0 0.63927
 0 0.639307
 0 0.639339
 0 0.639444
 0 0.639445
 0 0.63945
 0 0.63945
 0 0.639469
 0 0.639469
 0 0.639469
 0 0.639469
 0 0.639478
 0 0.639479
 0 0.639479
 0 0.639479
 0 0.639513
 0 0.639566
 0 0.639569
 0 0.639619
 0 0.639641
 0 0.639641
 0 0.639663
 0 0.639666
 0 0.639666
 0 0.639666
 0 0.639666
 0 0.639701
 0 0.639701
 0 0.639701
 0 0.639701
 0 0.639701
 0 0.639726
 0 0.639727
 0 0.639823
 0 0.639823
 0 0.639824
 0 0.639824
 0 0.639846
 0 0.639848
 0 0.639879
 0 0.63988
 0 0.63988
 0 0.63988
 0 0.639958
 0 0.639958
 0 0.640026
 0 0.640028
 0 0.640038
 0 0.64004
 0 0.640079
 0 0.640085
 0 0.640149
 0 0.640194
 0 0.640194
 0 0.640201
 0 0.640201
 0 0.640201
 0 0.640264
 0 0.640264
 0 0.640296
 0 0.640374
 0 0.640378
 0 0.640378
 0 0.640378
 0 0.640533
 0 0.640569
 0 0.64057
 0 0.64061
 0 0.640629
 0 0.640629
 0 0.640733
 0 0.640733
 0 0.640733
 0 0.640745
 0 0.640773
 0 0.640773
 0 0.640773
 0 0.640773
 0 0.640773
 0 0.640965
 0 0.640965
 0 0.641012
 0 0.641142
 0 0.641143
 0 0.641143
 0 0.641146
 0 0.641244
 0 0.641244
 0 0.641245
 0 0.6414
 0 0.641413
 0 0.641413
 0 0.641533
 0 0.641533
 0 0.641533
 0 0.641691
 0 0.641691
 0 0.641708
 0 0.64173
 0 0.64173
 0 0.641777
 0 0.641778
 0 0.641799
 0 0.6418
 0 0.64187
 0 0.64193
 0 0.641931
 0 0.641932
 0 0.641932
 0 0.64194
 0 0.64194
 0 0.64194
 0 0.641955
 0 0.641957
 0 0.641957
 0 0.641958
 0 0.641966
 0 0.642013
 0 0.642024
 0 0.642024
 0 0.642024
 0 0.642175
 0 0.642175
 0 0.642282
 0 0.642282
 0 0.64236
 0 0.64236
 0 0.642361
 0 0.642416
 0 0.642416
 0 0.642416
 0 0.642655
 0 0.642656
 0 0.642656
 0 0.642704
 0 0.642989
 0 0.642989
 0 0.642989
 0 0.643132
 0 0.643132
 0 0.643531
 0 0.643872
 0 0.643872
 0 0.644271
 0 0.644271
 0 0.644271
 0 0.644271
 0 0.644464
 0 0.644464
 0 0.644464
 0 0.644727
 0 0.644727
 0 0.644783
 0 0.64504
 0 0.64504
 0 0.645042
 0 0.645044
 0 0.645243
 0 0.645244
 0 0.645501
 0 0.645695
 0 0.645695
 0 0.645695
 0 0.645695
 0 0.645709
 0 0.645709
 0 0.645937
 0 0.645937
 0 0.646073
 0 0.646197
 0 0.646197
 0 0.646463
 0 0.646493
 0 0.646827
 0 0.646838
 0 0.646838
 0 0.646839
 0 0.647151
 0 0.647447
 0 0.649189
 0 0.649193
 0 0.649193
 0 0.649193
 0 0.650256
 0 0.65026
 0 0.65048
 0 0.650482
 0 0.650544
 0 0.650544
 0 0.650546
 0 0.651341
 0 0.651341
 0 0.651456
 0 0.651537
 0 0.652253
 0 0.652293
 0 0.652489
 0 inf
