 0 0.487658
 0 0.487878
 0 0.487878
 0 0.488297
 0 0.488297
 0 0.488297
 0 0.499049
 0 0.499049
 0 0.499954
 0 0.499955
 0 0.499955
 0 0.50041
 0 0.620221
 0 0.620221
 0 0.62084
 0 0.620898
 0 0.620898
 0 0.621067
 0 0.621149
 0 0.621318
 0 0.621318
 0 0.621566
 0 0.621567
 0 0.621567
 0 0.624552
 0 0.624554
 0 0.624554
 0 0.624578
 0 0.62458
 0 0.625575
 0 0.6256
 0 0.625712
 0 0.625904
 0 0.625904
 0 0.625904
 0 0.625943
 0 0.626007
 0 0.626008
 0 0.626008
 0 0.626068
 0 0.626068
 0 0.626075
 0 0.626076
 0 0.626076
 0 0.626093
 0 0.626095
 0 0.626174
 0 0.626288
 0 0.626288
 0 0.626289
 0 0.626317
 0 0.626318
 0 0.626352
 0 0.626353
 0 0.626394
 0 0.626394
 0 0.626394
 0 0.626395
 0 0.626395
 0 0.626395
 0 0.626432
 0 0.626434
 0 0.626585
 0 0.626585
 0 0.626666
 0 0.626667
 0 0.626667
 0 0.626667
 0 0.626678
 0 0.626778
 0 0.626804
 0 0.626806
 0 0.626808
 0 0.626809
 0 0.626809
 0 0.626812
 0 0.62683
 0 0.62683
 0 0.626833
 0 0.626833
 0 0.626836
 0 0.626848
 0 0.626873
 0 0.626873
 0 0.626875
 0 0.626886
 0 0.626956
 0 0.626971
 0 0.626972
 0 0.626978
 0 0.627093
 0 0.627121
 0 0.627121
 0 0.627121
 0 0.627132
 0 0.627191
 0 0.627193
 0 0.627193
 0 0.627194
 0 0.6272
 0 0.627224
 0 0.627224
 0 0.627243
 0 0.627243
 0 0.627304
 0 0.627358
 0 0.627398
 0 0.627399
 0 0.627407
 0 0.627409
 0 0.627409
 0 0.627409
 0 0.627418
 0 0.627419
 0 0.627419
 0 0.627497
 0 0.627497
 0 0.627498
 0 0.627498
 0 0.62751
 0 0.627511
 0 0.627511
 0 0.627511
 0 0.627514
 0 0.627545
 0 0.627546
 0 0.627558
 0 0.627577
 0 0.627629
 0 0.627663
 0 0.627663
 0 0.627697
 0 0.627845
 0 0.627845
 0 0.627852
 0 0.62788
 0 0.62788
 0 0.627882
 0 0.62795
 0 0.62795
 0 0.62795
 0 0.62795
 0 0.62795
 0 0.627982
 0 0.628007
 0 0.628007
 0 0.62804
 0 0.62804
 0 0.628042
 0 0.628111
 0 0.628111
 0 0.628111
 0 0.628148
 0 0.628148
 0 0.628148
 0 0.628156
 0 0.628157
 0 0.628166
 0 0.628192
 0 0.628206
 0 0.628206
 0 0.628237
 0 0.628296
 0 0.628326
 0 0.62834
 0 0.628347
 0 0.628347
 0 0.628366
 0 0.62839
 0 0.62839
 0 0.628426
 0 0.628435
 0 0.628452
 0 0.628462
 0 0.628462
 0 0.628466
 0 0.628467
 0 0.628478
 0 0.628478
 0 0.628517
 0 0.628538
 0 0.628539
 0 0.62854
 0 0.628596
 0 0.628638
 0 0.628653
 0 0.628654
 0 0.628682
 0 0.628695
 0 0.628696
 0 0.628698
 0 0.628729
 0 0.628729
 0 0.628731
 0 0.628732
 0 0.628733
 0 0.628734
 0 0.628742
 0 0.628743
 0 0.628744
 0 0.628764
 0 0.628764
 0 0.628768
 0 0.628768
 0 0.628811
 0 0.628811
 0 0.628868
 0 0.628868
 0 0.628869
 0 0.62887
 0 0.628872
 0 0.628872
 0 0.628872
 0 0.628872
 0 0.628874
 0 0.628875
 0 0.628889
 0 0.628889
 0 0.628889
 0 0.628936
 0 0.628936
 0 0.628953
 0 0.628953
 0 0.628962
 0 0.628962
 0 0.628971
 0 0.628972
 0 0.628984
 0 0.629009
 0 0.629009
 0 0.629021
 0 0.629021
 0 0.629027
 0 0.629027
 0 0.629027
 0 0.629032
 0 0.629032
 0 0.629086
 0 0.629099
 0 0.629112
 0 0.62912
 0 0.629121
 0 0.629135
 0 0.629153
 0 0.629154
 0 0.629174
 0 0.629191
 0 0.629192
 0 0.629192
 0 0.629198
 0 0.629198
 0 0.629202
 0 0.629203
 0 0.62922
 0 0.629239
 0 0.629253
 0 0.629254
 0 0.629254
 0 0.629287
 0 0.629287
 0 0.629287
 0 0.62929
 0 0.62929
 0 0.62929
 0 0.62929
 0 0.629291
 0 0.62934
 0 0.629353
 0 0.629354
 0 0.629354
 0 0.629354
 0 0.62936
 0 0.629365
 0 0.629365
 0 0.629371
 0 0.629413
 0 0.629414
 0 0.62948
 0 0.62948
 0 0.629499
 0 0.629499
 0 0.629499
 0 0.629499
 0 0.629499
 0 0.629499
 0 0.629501
 0 0.629521
 0 0.629521
 0 0.629523
 0 0.629562
 0 0.629569
 0 0.629588
 0 0.629588
 0 0.629588
 0 0.629594
 0 0.629611
 0 0.629611
 0 0.629626
 0 0.629627
 0 0.629627
 0 0.629654
 0 0.629654
 0 0.629667
 0 0.629668
 0 0.629668
 0 0.629669
 0 0.629669
 0 0.629669
 0 0.629704
 0 0.629731
 0 0.629731
 0 0.629733
 0 0.629733
 0 0.629733
 0 0.629741
 0 0.629741
 0 0.629742
 0 0.629753
 0 0.629753
 0 0.629754
 0 0.629754
 0 0.629754
 0 0.629754
 0 0.629758
 0 0.629796
 0 0.629797
 0 0.629826
 0 0.629829
 0 0.629842
 0 0.629843
 0 0.629864
 0 0.629864
 0 0.629865
 0 0.629865
 0 0.629866
 0 0.629874
 0 0.629874
 0 0.629874
 0 0.629885
 0 0.629885
 0 0.629916
 0 0.629932
 0 0.629948
 0 0.629948
 0 0.629949
 0 0.629949
 0 0.62995
 0 0.62995
 0 0.629965
 0 0.630004
 0 0.630004
 0 0.630032
 0 0.630032
 0 0.630078
 0 0.630081
 0 0.630091
 0 0.630091
 0 0.630091
 0 0.630094
 0 0.630094
 0 0.630103
 0 0.630103
 0 0.630104
 0 0.630108
 0 0.630108
 0 0.630118
 0 0.630132
 0 0.630132
 0 0.630151
 0 0.630151
 0 0.630151
 0 0.630151
 0 0.630178
 0 0.630178
 0 0.630178
 0 0.630179
 0 0.630179
 0 0.630183
 0 0.630232
 0 0.63027
 0 0.630285
 0 0.630285
 0 0.630328
 0 0.630336
 0 0.630344
 0 0.630344
 0 0.630344
 0 0.630346
 0 0.630347
 0 0.630347
 0 0.630376
 0 0.630376
 0 0.630409
 0 0.630409
 0 0.630416
 0 0.630417
 0 0.630421
 0 0.630421
 0 0.630437
 0 0.630437
 0 0.630438
 0 0.630443
 0 0.630461
 0 0.630462
 0 0.630464
 0 0.630473
 0 0.630496
 0 0.630501
 0 0.630506
 0 0.630507
 0 0.630509
 0 0.630509
 0 0.630517
 0 0.630529
 0 0.630549
 0 0.63055
 0 0.630559
 0 0.63056
 0 0.630615
 0 0.630615
 0 0.630638
 0 0.630638
 0 0.63065
 0 0.630651
 0 0.630654
 0 0.630656
 0 0.630659
 0 0.63066
 0 0.630671
 0 0.630672
 0 0.630691
 0 0.630715
 0 0.630728
 0 0.630728
 0 0.630758
 0 0.630758
 0 0.630758
 0 0.630759
 0 0.630759
 0 0.630761
 0 0.630761
 0 0.630761
 0 0.63081
 0 0.630833
 0 0.630844
 0 0.630853
 0 0.630861
 0 0.630896
 0 0.630899
 0 0.630899
 0 0.630899
 0 0.630931
 0 0.630931
 0 0.630936
 0 0.630937
 0 0.630937
 0 0.630937
 0 0.630943
 0 0.630944
 0 0.630944
 0 0.630944
 0 0.630949
 0 0.630949
 0 0.63095
 0 0.630958
 0 0.630981
 0 0.630981
 0 0.630981
 0 0.630982
 0 0.630982
 0 0.630988
 0 0.630988
 0 0.630991
 0 0.631002
 0 0.631004
 0 0.631004
 0 0.631008
 0 0.631008
 0 0.63101
 0 0.63101
 0 0.631058
 0 0.63108
 0 0.631086
 0 0.631108
 0 0.631126
 0 0.631126
 0 0.631146
 0 0.631146
 0 0.631146
 0 0.631174
 0 0.631174
 0 0.631174
 0 0.631175
 0 0.631184
 0 0.631198
 0 0.631198
 0 0.631199
 0 0.631216
 0 0.631222
 0 0.631222
 0 0.631222
 0 0.631222
 0 0.631279
 0 0.631279
 0 0.63128
 0 0.631285
 0 0.63131
 0 0.631311
 0 0.631311
 0 0.631343
 0 0.631358
 0 0.631358
 0 0.631358
 0 0.631359
 0 0.631364
 0 0.631384
 0 0.631384
 0 0.631384
 0 0.631392
 0 0.631392
 0 0.631393
 0 0.631393
 0 0.631402
 0 0.631402
 0 0.631402
 0 0.631406
 0 0.631406
 0 0.631406
 0 0.631407
 0 0.631441
 0 0.631463
 0 0.63147
 0 0.631485
 0 0.631486
 0 0.631486
 0 0.631488
 0 0.631488
 0 0.631497
 0 0.631497
 0 0.631498
 0 0.631504
 0 0.631504
 0 0.631509
 0 0.631509
 0 0.63151
 0 0.63151
 0 0.631523
 0 0.631528
 0 0.63153
 0 0.631536
 0 0.631564
 0 0.631597
 0 0.631605
 0 0.631605
 0 0.631606
 0 0.631613
 0 0.631619
 0 0.631649
 0 0.631649
 0 0.631649
 0 0.63165
 0 0.631716
 0 0.631774
 0 0.631791
 0 0.6318
 0 0.6318
 0 0.631812
 0 0.631812
 0 0.631812
 0 0.631839
 0 0.631839
 0 0.631845
 0 0.631846
 0 0.631847
 0 0.631859
 0 0.631859
 0 0.631859
 0 0.631859
 0 0.631859
 0 0.631875
 0 0.631875
 0 0.631875
 0 0.631884
 0 0.631889
 0 0.631895
 0 0.631906
 0 0.631907
 0 0.631925
 0 0.631925
 0 0.631927
 0 0.631927
 0 0.63193
 0 0.631934
 0 0.631934
 0 0.632001
 0 0.632052
 0 0.632053
 0 0.632053
 0 0.632061
 0 0.632061
 0 0.632064
 0 0.632064
 0 0.632064
 0 0.632065
 0 0.632079
 0 0.632092
 0 0.632093
 0 0.632093
 0 0.632096
 0 0.632129
 0 0.632142
 0 0.63216
 0 0.63216
 0 0.632165
 0 0.632165
 0 0.632165
 0 0.632166
 0 0.632171
 0 0.632176
 0 0.632176
 0 0.632203
 0 0.632204
 0 0.632205
 0 0.632206
 0 0.632206
 0 0.632249
 0 0.632249
 0 0.632265
 0 0.632266
 0 0.632272
 0 0.632272
 0 0.632274
 0 0.632277
 0 0.632277
 0 0.632277
 0 0.63228
 0 0.632297
 0 0.632317
 0 0.632333
 0 0.632333
 0 0.632334
 0 0.632337
 0 0.632356
 0 0.632356
 0 0.632368
 0 0.632368
 0 0.632368
 0 0.63238
 0 0.63238
 0 0.63238
 0 0.63238
 0 0.632386
 0 0.632386
 0 0.632386
 0 0.632407
 0 0.632409
 0 0.632428
 0 0.632444
 0 0.632444
 0 0.632444
 0 0.632449
 0 0.632451
 0 0.632456
 0 0.632456
 0 0.632456
 0 0.632463
 0 0.632463
 0 0.632465
 0 0.632465
 0 0.632466
 0 0.632478
 0 0.63248
 0 0.63248
 0 0.632494
 0 0.632494
 0 0.632525
 0 0.632525
 0 0.632526
 0 0.632532
 0 0.632532
 0 0.632542
 0 0.632542
 0 0.632571
 0 0.632572
 0 0.632578
 0 0.632586
 0 0.632586
 0 0.632586
 0 0.632597
 0 0.632597
 0 0.632597
 0 0.632597
 0 0.632626
 0 0.632626
 0 0.632636
 0 0.632636
 0 0.632637
 0 0.632655
 0 0.632655
 0 0.632674
 0 0.632675
 0 0.632675
 0 0.632698
 0 0.632706
 0 0.632707
 0 0.63273
 0 0.63273
 0 0.63273
 0 0.632741
 0 0.632744
 0 0.632745
 0 0.632772
 0 0.632772
 0 0.632805
 0 0.632805
 0 0.632811
 0 0.632811
 0 0.632829
 0 0.632829
 0 0.632877
 0 0.632883
 0 0.632884
 0 0.632884
 0 0.632884
 0 0.632906
 0 0.632906
 0 0.632908
 0 0.632909
 0 0.632909
 0 0.63291
 0 0.632947
 0 0.632947
 0 0.632956
 0 0.632956
 0 0.632962
 0 0.632964
 0 0.632996
 0 0.633004
 0 0.633014
 0 0.633014
 0 0.633019
 0 0.633054
 0 0.633072
 0 0.633089
 0 0.633123
 0 0.63313
 0 0.63313
 0 0.633132
 0 0.633132
 0 0.633132
 0 0.633171
 0 0.633171
 0 0.633171
 0 0.633174
 0 0.633183
 0 0.633197
 0 0.633271
 0 0.633272
 0 0.633272
 0 0.633279
 0 0.633279
 0 0.633279
 0 0.633288
 0 0.633307
 0 0.63331
 0 0.63331
 0 0.633324
 0 0.633324
 0 0.633338
 0 0.633342
 0 0.633361
 0 0.633362
 0 0.633386
 0 0.633386
 0 0.633397
 0 0.633397
 0 0.633439
 0 0.63344
 0 0.63344
 0 0.633464
 0 0.633464
 0 0.633509
 0 0.633509
 0 0.633545
 0 0.633545
 0 0.633556
 0 0.633568
 0 0.633599
 0 0.633646
 0 0.633682
 0 0.633684
 0 0.633684
 0 0.633693
 0 0.633734
 0 0.633757
 0 0.633759
 0 0.633772
 0 0.633777
 0 0.6338
 0 0.6338
 0 0.6338
 0 0.6338
 0 0.6338
 0 0.6338
 0 0.633803
 0 0.633803
 0 0.633803
 0 0.633828
 0 0.633828
 0 0.633828
 0 0.633834
 0 0.633835
 0 0.633835
 0 0.633859
 0 0.633859
 0 0.633873
 0 0.633873
 0 0.633905
 0 0.633916
 0 0.633945
 0 0.633945
 0 0.633948
 0 0.633963
 0 0.633963
 0 0.633966
 0 0.633969
 0 0.633969
 0 0.63397
 0 0.633971
 0 0.633995
 0 0.634004
 0 0.634007
 0 0.634014
 0 0.634016
 0 0.634041
 0 0.634042
 0 0.634042
 0 0.634042
 0 0.634049
 0 0.634058
 0 0.634059
 0 0.634063
 0 0.634063
 0 0.634102
 0 0.634102
 0 0.634103
 0 0.634103
 0 0.634105
 0 0.634116
 0 0.634124
 0 0.634124
 0 0.634132
 0 0.634144
 0 0.634145
 0 0.634146
 0 0.634146
 0 0.634146
 0 0.634153
 0 0.634154
 0 0.634205
 0 0.634206
 0 0.634213
 0 0.634213
 0 0.634215
 0 0.634215
 0 0.634225
 0 0.634225
 0 0.634227
 0 0.634228
 0 0.634228
 0 0.634228
 0 0.634228
 0 0.634228
 0 0.634237
 0 0.634237
 0 0.634239
 0 0.634239
 0 0.634239
 0 0.634278
 0 0.634278
 0 0.634281
 0 0.634295
 0 0.634295
 0 0.634295
 0 0.634295
 0 0.634302
 0 0.63431
 0 0.634314
 0 0.634322
 0 0.634323
 0 0.634326
 0 0.634326
 0 0.634326
 0 0.634329
 0 0.634329
 0 0.634329
 0 0.634331
 0 0.634345
 0 0.634367
 0 0.634368
 0 0.634368
 0 0.634379
 0 0.634379
 0 0.634393
 0 0.634432
 0 0.634445
 0 0.634445
 0 0.634449
 0 0.634455
 0 0.634471
 0 0.634505
 0 0.634527
 0 0.634535
 0 0.634566
 0 0.634567
 0 0.634567
 0 0.634575
 0 0.634575
 0 0.634581
 0 0.634585
 0 0.634585
 0 0.634593
 0 0.634593
 0 0.634593
 0 0.634607
 0 0.634607
 0 0.634607
 0 0.634622
 0 0.634622
 0 0.634622
 0 0.634634
 0 0.634637
 0 0.634654
 0 0.634655
 0 0.634656
 0 0.634657
 0 0.634657
 0 0.634659
 0 0.63466
 0 0.63466
 0 0.634708
 0 0.634708
 0 0.634708
 0 0.634709
 0 0.634729
 0 0.634729
 0 0.634732
 0 0.634732
 0 0.634732
 0 0.634732
 0 0.634732
 0 0.634732
 0 0.634737
 0 0.634737
 0 0.634737
 0 0.634737
 0 0.634761
 0 0.634764
 0 0.634793
 0 0.634793
 0 0.634795
 0 0.634795
 0 0.634795
 0 0.634795
 0 0.634795
 0 0.634836
 0 0.634836
 0 0.634837
 0 0.634905
 0 0.634907
 0 0.634911
 0 0.634912
 0 0.634913
 0 0.634913
 0 0.634913
 0 0.634914
 0 0.63492
 0 0.63492
 0 0.63493
 0 0.634931
 0 0.634931
 0 0.634931
 0 0.634941
 0 0.634953
 0 0.634965
 0 0.634965
 0 0.634965
 0 0.634965
 0 0.634985
 0 0.634985
 0 0.635006
 0 0.63501
 0 0.635021
 0 0.635032
 0 0.635032
 0 0.635033
 0 0.635033
 0 0.635035
 0 0.635035
 0 0.635035
 0 0.635035
 0 0.635035
 0 0.635057
 0 0.63506
 0 0.635079
 0 0.635079
 0 0.635079
 0 0.635083
 0 0.635095
 0 0.635107
 0 0.635109
 0 0.635117
 0 0.635123
 0 0.635123
 0 0.635133
 0 0.635133
 0 0.635133
 0 0.635133
 0 0.635142
 0 0.63517
 0 0.63517
 0 0.635171
 0 0.635185
 0 0.635186
 0 0.63519
 0 0.63519
 0 0.635191
 0 0.635201
 0 0.635202
 0 0.635214
 0 0.635214
 0 0.635214
 0 0.635214
 0 0.635215
 0 0.635221
 0 0.635221
 0 0.635221
 0 0.635271
 0 0.635299
 0 0.635299
 0 0.635319
 0 0.635319
 0 0.635329
 0 0.635329
 0 0.635329
 0 0.63533
 0 0.63533
 0 0.635337
 0 0.635347
 0 0.635347
 0 0.635347
 0 0.635348
 0 0.635348
 0 0.63535
 0 0.635351
 0 0.635352
 0 0.635353
 0 0.635355
 0 0.635356
 0 0.63537
 0 0.635406
 0 0.635409
 0 0.635411
 0 0.635412
 0 0.635416
 0 0.635416
 0 0.635454
 0 0.635454
 0 0.635457
 0 0.635481
 0 0.635491
 0 0.635493
 0 0.635493
 0 0.635512
 0 0.635514
 0 0.635532
 0 0.635533
 0 0.635533
 0 0.635539
 0 0.635539
 0 0.63554
 0 0.635541
 0 0.635542
 0 0.635542
 0 0.635549
 0 0.635555
 0 0.635564
 0 0.635573
 0 0.635582
 0 0.635585
 0 0.635605
 0 0.635605
 0 0.635605
 0 0.635607
 0 0.635608
 0 0.635609
 0 0.635619
 0 0.635623
 0 0.635624
 0 0.635651
 0 0.635662
 0 0.635695
 0 0.635697
 0 0.635706
 0 0.635706
 0 0.635706
 0 0.635708
 0 0.635709
 0 0.635711
 0 0.635728
 0 0.635728
 0 0.635732
 0 0.635732
 0 0.635757
 0 0.635757
 0 0.635765
 0 0.635765
 0 0.635766
 0 0.635766
 0 0.635766
 0 0.635784
 0 0.635785
 0 0.635785
 0 0.635785
 0 0.635793
 0 0.635795
 0 0.635831
 0 0.635831
 0 0.635831
 0 0.635831
 0 0.635869
 0 0.635885
 0 0.635887
 0 0.635909
 0 0.63591
 0 0.63591
 0 0.635969
 0 0.635992
 0 0.635992
 0 0.635992
 0 0.635992
 0 0.636004
 0 0.636004
 0 0.636004
 0 0.636014
 0 0.636014
 0 0.63602
 0 0.636024
 0 0.636027
 0 0.636055
 0 0.636058
 0 0.636058
 0 0.636059
 0 0.636118
 0 0.636122
 0 0.636123
 0 0.636129
 0 0.636171
 0 0.636172
 0 0.636173
 0 0.636173
 0 0.636173
 0 0.636176
 0 0.636178
 0 0.636218
 0 0.636221
 0 0.636221
 0 0.636236
 0 0.636236
 0 0.636236
 0 0.636252
 0 0.636285
 0 0.636313
 0 0.636313
 0 0.636347
 0 0.636347
 0 0.636349
 0 0.63635
 0 0.636364
 0 0.636367
 0 0.636367
 0 0.636367
 0 0.636367
 0 0.636367
 0 0.636367
 0 0.636378
 0 0.63638
 0 0.63638
 0 0.636504
 0 0.636504
 0 0.636522
 0 0.636523
 0 0.636539
 0 0.636539
 0 0.636539
 0 0.636539
 0 0.63655
 0 0.636561
 0 0.636562
 0 0.636562
 0 0.636562
 0 0.636599
 0 0.636607
 0 0.636608
 0 0.636609
 0 0.636609
 0 0.636609
 0 0.636686
 0 0.636686
 0 0.63673
 0 0.63673
 0 0.636736
 0 0.636737
 0 0.636737
 0 0.636774
 0 0.636774
 0 0.636775
 0 0.636775
 0 0.636775
 0 0.636775
 0 0.636776
 0 0.636809
 0 0.636816
 0 0.636816
 0 0.636816
 0 0.636817
 0 0.636817
 0 0.636825
 0 0.636825
 0 0.636872
 0 0.636891
 0 0.636919
 0 0.636925
 0 0.636925
 0 0.636941
 0 0.636951
 0 0.636953
 0 0.636959
 0 0.636959
 0 0.636959
 0 0.636959
 0 0.636959
 0 0.63696
 0 0.637002
 0 0.637002
 0 0.637004
 0 0.637008
 0 0.637008
 0 0.63701
 0 0.63702
 0 0.637021
 0 0.637021
 0 0.637026
 0 0.637027
 0 0.637027
 0 0.637099
 0 0.637157
 0 0.637161
 0 0.637168
 0 0.637169
 0 0.637169
 0 0.637211
 0 0.63723
 0 0.637304
 0 0.637307
 0 0.637307
 0 0.637308
 0 0.637314
 0 0.637314
 0 0.637322
 0 0.637359
 0 0.637359
 0 0.637359
 0 0.637359
 0 0.637389
 0 0.637389
 0 0.637389
 0 0.637419
 0 0.637436
 0 0.637444
 0 0.637446
 0 0.637447
 0 0.63745
 0 0.63745
 0 0.637459
 0 0.63746
 0 0.637462
 0 0.637496
 0 0.637496
 0 0.637541
 0 0.637541
 0 0.637541
 0 0.63757
 0 0.637632
 0 0.637658
 0 0.637664
 0 0.637666
 0 0.637691
 0 0.637706
 0 0.637708
 0 0.637729
 0 0.637729
 0 0.637729
 0 0.637735
 0 0.637735
 0 0.637746
 0 0.637747
 0 0.637817
 0 0.637818
 0 0.637825
 0 0.637825
 0 0.637835
 0 0.637858
 0 0.637869
 0 0.637892
 0 0.637892
 0 0.637892
 0 0.637901
 0 0.637901
 0 0.637901
 0 0.637903
 0 0.637925
 0 0.637925
 0 0.637925
 0 0.637927
 0 0.637927
 0 0.637938
 0 0.637938
 0 0.637946
 0 0.63795
 0 0.63795
 0 0.637964
 0 0.637964
 0 0.637992
 0 0.637992
 0 0.637993
 0 0.638013
 0 0.638014
 0 0.638015
 0 0.638015
 0 0.638025
 0 0.638025
 0 0.638026
 0 0.638038
 0 0.638038
 0 0.638038
 0 0.638058
 0 0.63807
 0 0.638122
 0 0.638122
 0 0.638188
 0 0.638189
 0 0.638189
 0 0.638202
 0 0.638202
 0 0.638205
 0 0.638205
 0 0.638212
 0 0.638248
 0 0.638283
 0 0.638285
 0 0.638293
 0 0.638299
 0 0.638299
 0 0.6383
 0 0.638314
 0 0.638378
 0 0.638524
 0 0.638574
 0 0.638575
 0 0.638605
 0 0.638628
 0 0.63863
 0 0.638631
 0 0.638646
 0 0.638646
 0 0.638646
 0 0.638646
 0 0.638678
 0 0.638678
 0 0.638774
 0 0.638775
 0 0.638787
 0 0.638787
 0 0.638789
 0 0.638882
 0 0.638882
 0 0.638892
 0 0.638994
 0 0.638995
 0 0.638995
 0 0.639007
 0 0.639007
 0 0.639007
 0 0.639008
 0 0.639009
 0 0.639009
 0 0.639014
 0 0.639014
 0 0.639038
 0 0.639059
 0 0.639076
 0 0.639077
 0 0.639077
 0 0.639085
 0 0.639085
 0 0.639088
 0 0.639113
 0 0.639156
 0 0.639156
 0 0.639156
 0 0.639394
 0 0.639394
 0 0.639394
 0 0.639394
 0 0.63942
 0 0.63942
 0 0.639533
 0 0.639533
 0 0.639542
 0 0.639542
 0 0.639544
 0 0.639592
 0 0.639664
 0 0.639664
 0 0.639673
 0 0.639673
 0 0.639673
 0 0.639673
 0 0.639695
 0 0.639695
 0 0.639709
 0 0.63971
 0 0.639711
 0 0.639736
 0 0.639785
 0 0.639794
 0 0.639794
 0 0.639795
 0 0.639883
 0 0.639888
 0 0.639888
 0 0.639904
 0 0.639904
 0 0.639905
 0 0.639907
 0 0.639935
 0 0.639939
 0 0.63994
 0 0.639979
 0 0.640001
 0 0.640001
 0 0.640041
 0 0.640148
 0 0.640148
 0 0.640149
 0 0.640167
 0 0.640167
 0 0.640167
 0 0.640217
 0 0.640284
 0 0.640285
 0 0.640333
 0 0.640334
 0 0.640334
 0 0.640339
 0 0.640339
 0 0.640413
 0 0.640421
 0 0.640428
 0 0.640531
 0 0.640551
 0 0.640551
 0 0.640551
 0 0.640562
 0 0.640585
 0 0.640586
 0 0.64062
 0 0.640622
 0 0.640622
 0 0.640636
 0 0.640636
 0 0.640663
 0 0.640664
 0 0.640778
 0 0.64085
 0 0.64085
 0 0.640852
 0 0.640887
 0 0.640959
 0 0.64096
 0 0.64096
 0 0.640976
 0 0.641034
 0 0.641194
 0 0.641256
 0 0.641257
 0 0.641342
 0 0.641343
 0 0.641349
 0 0.641349
 0 0.641384
 0 0.641396
 0 0.641396
 0 0.641431
 0 0.641431
 0 0.641486
 0 0.641486
 0 0.641486
 0 0.641487
 0 0.641488
 0 0.64176
 0 0.641761
 0 0.641914
 0 0.642012
 0 0.64235
 0 0.64235
 0 0.64235
 0 0.64245
 0 0.64245
 0 0.642608
 0 0.643416
 0 0.643416
 0 0.643575
 0 0.644557
 0 0.644693
 0 0.644879
 0 0.644909
 0 0.644911
 0 0.64523
 0 0.645478
 0 0.645478
 0 0.645756
 0 0.645794
 0 0.645794
 0 0.645794
 0 inf
