 9.01693 9.15919
 8.87829 9.09716
 8.78897 9.21013
 8.77379 9.07138
 8.34462 8.96685
 8.24548 8.36895
 7.75794 8.03802
 7.46551 7.49957
 7.41513 8.3684
 6.59663 7.01739
 6.57861 6.86018
 6.55493 6.72134
 6.54899 6.82201
 6.47319 6.48264
 6.47254 6.48199
 6.45872 6.88628
 6.43579 6.48236
 6.24662 7.44481
 6.14753 6.86048
 5.98693 5.99477
 5.82716 9.40053
 5.75412 8.05124
 5.63049 5.9941
 5.46781 6.87706
 5.35876 5.38813
 5.30742 5.89937
 5.23715 5.40913
 5.20683 5.21783
 5.18481 6.58291
 5.18292 5.2046
 5.17873 5.26752
 5.09311 5.59298
 5.08812 5.11791
 5.08141 5.0911
 5.07814 5.08217
 5.0761 5.1101
 5.07521 5.10727
 5.07104 5.10676
 5.06962 5.10871
 5.05577 5.06887
 5.03603 5.052
 5.03351 5.03848
 5.02061 5.11092
 5.01361 5.02355
 5.00589 5.0144
 4.98835 5.07588
 4.97119 5.25308
 4.92067 7.2907
 4.90048 4.92089
 4.87497 4.87611
 4.85649 4.85828
 4.82134 5.21742
 4.8173 4.82895
 4.81148 4.81429
 4.81122 4.85165
 4.80399 4.80907
 4.79995 5.41984
 4.79913 4.80515
 4.79767 4.81352
 4.79486 4.90787
 4.78725 4.79012
 4.78554 4.78823
 4.78155 4.80263
 4.77505 4.79765
 4.77376 4.79871
 4.76729 4.96726
 4.76417 4.79371
 4.76127 4.77193
 4.74906 4.76747
 4.7489 5.1032
 4.74073 4.75822
 4.74003 4.75822
 4.72207 4.73858
 4.71867 4.74658
 4.71725 4.72197
 4.71575 5.11831
 4.71534 4.74758
 4.7136 4.89891
 4.70968 4.715
 4.68233 4.68247
 4.67305 4.6744
 4.66598 4.74755
 4.66544 4.6717
 4.65719 4.70461
 4.65289 4.65854
 4.6474 4.88599
 4.64146 4.65835
 4.63808 4.68607
 4.6375 4.64039
 4.62998 5.03293
 4.62158 4.75655
 4.61433 4.93889
 4.60957 4.61787
 4.60717 6.8218
 4.60085 4.60603
 4.59721 7.81643
 4.58965 4.59196
 4.57821 5.01076
 4.57165 4.98061
 4.56306 5.00704
 4.55136 9.08105
 4.53972 6.13089
 4.53577 4.53673
 4.52483 5.24519
 4.52456 5.19321
 4.52075 5.08211
 4.52019 4.52407
 4.49612 5.42151
 4.47048 4.4814
 4.46047 6.89268
 4.45271 5.11678
 4.45181 4.45279
 4.4495 4.84917
 4.44672 4.4574
 4.44043 5.003
 4.43294 4.44083
 4.42736 4.42843
 4.42111 4.42588
 4.42069 5.05794
 4.41782 4.6026
 4.41677 6.97746
 4.39736 7.00091
 4.38051 4.46759
 4.36738 9.29949
 4.36166 5.11895
 4.30075 7.03706
 4.27197 4.68061
 4.22512 5.22867
 4.20765 4.8798
 4.19374 5.07801
 4.1837 5.13123
 4.17499 8.76079
 4.14815 4.17571
 4.11824 4.12347
 4.11691 5.36418
 4.11111 7.57949
 4.08651 4.53789
 4.08567 8.31938
 4.07371 9.61394
 4.0618 4.34298
 4.04913 4.97771
 4.01195 5.94612
 3.91914 8.82879
 3.86375 5.02859
 3.42315 4.88054
