 0 0.494757
 0 0.494964
 0 0.49534
 0 0.49534
 0 0.495747
 0 0.495748
 0 0.495748
 0 0.49581
 0 0.495811
 0 0.495811
 0 0.495884
 0 0.495884
 0 0.496464
 0 0.497046
 0 0.497205
 0 0.497206
 0 0.497206
 0 0.497207
 0 0.497207
 0 0.497926
 0 0.497926
 0 0.49828
 0 0.498335
 0 0.498335
 0 0.569155
 0 0.569156
 0 0.570033
 0 0.570034
 0 0.570034
 0 0.570275
 0 0.625668
 0 0.625669
 0 0.625669
 0 0.625669
 0 0.626575
 0 0.626576
 0 0.626868
 0 0.626868
 0 0.62729
 0 0.627291
 0 0.627291
 0 0.627291
 0 0.627292
 0 0.627292
 0 0.628163
 0 0.628163
 0 0.628163
 0 0.628293
 0 0.628295
 0 0.628375
 0 0.62843
 0 0.628781
 0 0.628958
 0 0.628958
 0 0.62897
 0 0.628971
 0 0.628985
 0 0.628987
 0 0.628988
 0 0.629063
 0 0.629063
 0 0.629127
 0 0.629143
 0 0.629143
 0 0.629143
 0 0.629143
 0 0.629155
 0 0.629156
 0 0.629156
 0 0.629259
 0 0.629259
 0 0.629423
 0 0.62948
 0 0.629545
 0 0.629545
 0 0.629547
 0 0.629547
 0 0.629547
 0 0.629693
 0 0.629693
 0 0.629694
 0 0.629694
 0 0.629695
 0 0.629703
 0 0.629703
 0 0.629703
 0 0.629739
 0 0.629739
 0 0.629774
 0 0.629775
 0 0.629775
 0 0.629814
 0 0.629814
 0 0.629815
 0 0.629867
 0 0.62989
 0 0.629915
 0 0.629916
 0 0.629916
 0 0.629949
 0 0.629949
 0 0.630102
 0 0.630102
 0 0.630106
 0 0.630106
 0 0.630192
 0 0.630233
 0 0.630233
 0 0.630233
 0 0.630234
 0 0.630242
 0 0.630243
 0 0.630243
 0 0.630261
 0 0.630262
 0 0.630262
 0 0.630262
 0 0.630262
 0 0.630274
 0 0.630274
 0 0.630275
 0 0.630279
 0 0.630279
 0 0.630321
 0 0.630341
 0 0.63037
 0 0.630391
 0 0.630391
 0 0.630392
 0 0.630417
 0 0.630422
 0 0.630423
 0 0.630423
 0 0.630444
 0 0.630444
 0 0.630467
 0 0.630468
 0 0.630468
 0 0.630468
 0 0.630468
 0 0.630531
 0 0.630541
 0 0.630541
 0 0.630541
 0 0.630541
 0 0.630583
 0 0.630588
 0 0.630608
 0 0.630661
 0 0.630661
 0 0.630684
 0 0.630685
 0 0.630703
 0 0.630735
 0 0.630778
 0 0.630778
 0 0.630779
 0 0.630779
 0 0.630785
 0 0.630785
 0 0.63082
 0 0.630821
 0 0.63083
 0 0.630832
 0 0.630832
 0 0.630832
 0 0.630841
 0 0.630849
 0 0.630849
 0 0.630856
 0 0.630864
 0 0.630871
 0 0.630871
 0 0.630892
 0 0.630894
 0 0.630921
 0 0.630921
 0 0.630931
 0 0.630932
 0 0.630951
 0 0.630952
 0 0.630956
 0 0.630957
 0 0.63097
 0 0.630971
 0 0.630984
 0 0.630984
 0 0.631046
 0 0.631057
 0 0.631059
 0 0.631115
 0 0.631115
 0 0.631115
 0 0.631118
 0 0.631118
 0 0.631159
 0 0.631174
 0 0.631174
 0 0.631174
 0 0.63118
 0 0.631191
 0 0.631206
 0 0.631206
 0 0.631206
 0 0.631209
 0 0.63121
 0 0.631225
 0 0.631225
 0 0.631225
 0 0.631245
 0 0.631245
 0 0.631245
 0 0.631245
 0 0.631251
 0 0.631251
 0 0.631273
 0 0.631273
 0 0.631278
 0 0.631291
 0 0.631292
 0 0.631292
 0 0.631292
 0 0.631293
 0 0.631293
 0 0.631294
 0 0.631303
 0 0.631326
 0 0.631326
 0 0.631327
 0 0.631339
 0 0.631339
 0 0.631371
 0 0.631372
 0 0.631381
 0 0.631394
 0 0.631395
 0 0.631395
 0 0.631402
 0 0.631402
 0 0.631403
 0 0.631403
 0 0.631466
 0 0.631498
 0 0.631498
 0 0.631499
 0 0.631511
 0 0.631511
 0 0.63153
 0 0.631559
 0 0.631559
 0 0.631573
 0 0.631595
 0 0.631595
 0 0.631596
 0 0.631611
 0 0.631611
 0 0.631611
 0 0.631611
 0 0.631612
 0 0.631624
 0 0.631625
 0 0.631625
 0 0.631634
 0 0.631634
 0 0.631634
 0 0.631634
 0 0.631635
 0 0.631636
 0 0.631636
 0 0.63164
 0 0.631641
 0 0.631646
 0 0.631686
 0 0.63169
 0 0.631694
 0 0.631694
 0 0.631705
 0 0.631707
 0 0.63172
 0 0.631762
 0 0.631764
 0 0.631765
 0 0.631809
 0 0.631814
 0 0.631814
 0 0.631815
 0 0.631817
 0 0.631818
 0 0.631819
 0 0.63183
 0 0.631831
 0 0.63185
 0 0.631861
 0 0.631861
 0 0.631862
 0 0.631868
 0 0.631875
 0 0.631875
 0 0.631884
 0 0.631884
 0 0.631884
 0 0.631886
 0 0.631887
 0 0.631887
 0 0.631887
 0 0.631888
 0 0.63189
 0 0.631905
 0 0.631905
 0 0.63191
 0 0.631936
 0 0.63195
 0 0.631963
 0 0.631963
 0 0.631971
 0 0.631977
 0 0.631988
 0 0.632003
 0 0.632023
 0 0.632033
 0 0.632034
 0 0.632034
 0 0.632034
 0 0.632045
 0 0.632045
 0 0.632047
 0 0.632049
 0 0.632049
 0 0.632067
 0 0.632067
 0 0.632067
 0 0.632067
 0 0.632067
 0 0.632096
 0 0.632145
 0 0.632145
 0 0.632146
 0 0.632146
 0 0.63215
 0 0.632156
 0 0.632161
 0 0.632161
 0 0.632163
 0 0.632163
 0 0.632175
 0 0.632175
 0 0.632176
 0 0.632176
 0 0.632181
 0 0.632186
 0 0.632203
 0 0.632206
 0 0.632206
 0 0.632244
 0 0.632244
 0 0.632248
 0 0.632248
 0 0.632271
 0 0.632273
 0 0.632274
 0 0.632274
 0 0.632276
 0 0.632276
 0 0.632276
 0 0.632276
 0 0.632298
 0 0.632298
 0 0.632309
 0 0.632318
 0 0.632318
 0 0.632327
 0 0.632337
 0 0.63234
 0 0.63234
 0 0.632359
 0 0.632367
 0 0.632368
 0 0.632368
 0 0.632371
 0 0.632371
 0 0.632371
 0 0.632374
 0 0.632374
 0 0.632388
 0 0.632397
 0 0.632398
 0 0.632399
 0 0.632411
 0 0.632411
 0 0.632411
 0 0.632415
 0 0.632421
 0 0.632421
 0 0.632432
 0 0.632432
 0 0.632448
 0 0.632448
 0 0.63246
 0 0.63246
 0 0.63246
 0 0.632471
 0 0.632471
 0 0.632471
 0 0.632473
 0 0.632473
 0 0.632473
 0 0.632495
 0 0.632499
 0 0.632499
 0 0.632502
 0 0.632503
 0 0.632505
 0 0.632505
 0 0.63251
 0 0.63251
 0 0.632511
 0 0.632533
 0 0.632534
 0 0.632574
 0 0.632574
 0 0.63258
 0 0.632597
 0 0.632598
 0 0.632599
 0 0.632599
 0 0.632633
 0 0.632633
 0 0.632636
 0 0.632637
 0 0.632638
 0 0.632638
 0 0.632638
 0 0.632646
 0 0.632646
 0 0.632664
 0 0.632665
 0 0.632706
 0 0.632706
 0 0.632731
 0 0.632731
 0 0.632732
 0 0.632738
 0 0.632739
 0 0.632739
 0 0.632741
 0 0.632741
 0 0.632743
 0 0.632749
 0 0.632763
 0 0.632763
 0 0.632772
 0 0.632772
 0 0.632772
 0 0.632774
 0 0.632788
 0 0.632794
 0 0.632794
 0 0.632798
 0 0.632799
 0 0.632815
 0 0.632815
 0 0.63282
 0 0.632821
 0 0.632821
 0 0.632821
 0 0.632833
 0 0.632836
 0 0.632836
 0 0.632836
 0 0.632839
 0 0.632839
 0 0.632839
 0 0.632843
 0 0.632843
 0 0.632846
 0 0.632846
 0 0.632849
 0 0.632851
 0 0.632865
 0 0.63287
 0 0.632874
 0 0.632874
 0 0.632893
 0 0.632902
 0 0.632907
 0 0.632907
 0 0.632915
 0 0.632921
 0 0.632922
 0 0.632945
 0 0.632957
 0 0.632957
 0 0.632957
 0 0.632957
 0 0.632957
 0 0.632962
 0 0.632962
 0 0.632976
 0 0.632979
 0 0.632984
 0 0.632984
 0 0.63299
 0 0.63299
 0 0.632997
 0 0.632997
 0 0.633009
 0 0.633015
 0 0.633016
 0 0.633018
 0 0.633018
 0 0.633035
 0 0.633035
 0 0.633035
 0 0.63304
 0 0.633041
 0 0.633046
 0 0.633057
 0 0.633057
 0 0.633067
 0 0.633067
 0 0.633068
 0 0.633069
 0 0.633073
 0 0.633082
 0 0.633083
 0 0.633083
 0 0.633084
 0 0.633091
 0 0.633091
 0 0.633092
 0 0.633092
 0 0.633092
 0 0.633093
 0 0.633103
 0 0.633108
 0 0.633108
 0 0.633118
 0 0.633128
 0 0.633128
 0 0.633129
 0 0.633136
 0 0.633136
 0 0.633146
 0 0.633167
 0 0.63317
 0 0.63318
 0 0.633196
 0 0.633202
 0 0.633202
 0 0.633217
 0 0.63322
 0 0.633231
 0 0.633231
 0 0.633236
 0 0.633237
 0 0.633242
 0 0.63325
 0 0.63325
 0 0.633251
 0 0.633254
 0 0.633256
 0 0.633257
 0 0.633267
 0 0.633268
 0 0.633268
 0 0.633272
 0 0.633281
 0 0.633282
 0 0.633284
 0 0.633284
 0 0.633288
 0 0.633289
 0 0.633294
 0 0.633294
 0 0.633294
 0 0.633315
 0 0.633316
 0 0.633316
 0 0.633317
 0 0.633317
 0 0.633323
 0 0.633323
 0 0.633324
 0 0.633326
 0 0.633334
 0 0.633347
 0 0.633347
 0 0.633353
 0 0.633356
 0 0.633358
 0 0.633359
 0 0.63336
 0 0.633373
 0 0.63341
 0 0.63341
 0 0.633411
 0 0.633411
 0 0.633412
 0 0.633412
 0 0.633418
 0 0.633418
 0 0.633421
 0 0.633421
 0 0.633423
 0 0.633423
 0 0.633424
 0 0.633427
 0 0.633427
 0 0.633439
 0 0.633439
 0 0.633442
 0 0.633442
 0 0.633442
 0 0.633442
 0 0.633443
 0 0.633443
 0 0.633446
 0 0.633447
 0 0.633456
 0 0.633456
 0 0.633462
 0 0.633465
 0 0.633496
 0 0.633511
 0 0.633511
 0 0.633511
 0 0.633525
 0 0.633526
 0 0.633531
 0 0.633531
 0 0.633538
 0 0.633538
 0 0.633538
 0 0.633561
 0 0.633562
 0 0.633574
 0 0.633574
 0 0.633584
 0 0.633594
 0 0.633632
 0 0.633632
 0 0.633632
 0 0.633634
 0 0.633634
 0 0.633662
 0 0.633662
 0 0.633663
 0 0.633663
 0 0.633663
 0 0.633664
 0 0.633664
 0 0.633665
 0 0.633673
 0 0.633673
 0 0.633683
 0 0.633684
 0 0.633698
 0 0.633698
 0 0.633707
 0 0.633707
 0 0.633708
 0 0.633715
 0 0.633715
 0 0.633715
 0 0.633715
 0 0.633717
 0 0.633718
 0 0.633718
 0 0.633748
 0 0.633759
 0 0.633759
 0 0.63377
 0 0.633771
 0 0.633776
 0 0.633777
 0 0.633778
 0 0.633778
 0 0.633778
 0 0.633809
 0 0.633815
 0 0.633815
 0 0.633815
 0 0.633819
 0 0.633819
 0 0.63383
 0 0.633831
 0 0.633831
 0 0.633831
 0 0.633831
 0 0.633837
 0 0.633838
 0 0.633849
 0 0.63385
 0 0.63385
 0 0.63385
 0 0.63385
 0 0.63385
 0 0.633851
 0 0.633853
 0 0.633859
 0 0.633859
 0 0.633871
 0 0.633871
 0 0.633872
 0 0.633894
 0 0.633903
 0 0.633904
 0 0.633904
 0 0.633909
 0 0.63392
 0 0.63392
 0 0.633927
 0 0.633927
 0 0.633927
 0 0.633935
 0 0.633935
 0 0.633936
 0 0.633936
 0 0.63394
 0 0.633943
 0 0.633966
 0 0.633966
 0 0.633968
 0 0.633973
 0 0.63398
 0 0.633981
 0 0.63401
 0 0.63401
 0 0.634014
 0 0.634067
 0 0.634076
 0 0.634077
 0 0.63409
 0 0.634098
 0 0.634099
 0 0.634106
 0 0.634107
 0 0.634134
 0 0.63414
 0 0.634149
 0 0.63415
 0 0.634156
 0 0.634156
 0 0.634156
 0 0.634158
 0 0.634158
 0 0.634159
 0 0.634161
 0 0.634162
 0 0.634183
 0 0.634183
 0 0.634184
 0 0.634185
 0 0.6342
 0 0.6342
 0 0.6342
 0 0.634201
 0 0.634207
 0 0.634207
 0 0.634207
 0 0.634207
 0 0.634209
 0 0.634209
 0 0.634215
 0 0.634215
 0 0.634215
 0 0.63423
 0 0.63423
 0 0.63423
 0 0.634237
 0 0.634241
 0 0.634247
 0 0.634257
 0 0.634257
 0 0.634259
 0 0.634265
 0 0.634277
 0 0.634278
 0 0.634283
 0 0.634294
 0 0.634294
 0 0.634297
 0 0.634297
 0 0.634297
 0 0.634302
 0 0.634302
 0 0.63431
 0 0.63431
 0 0.634314
 0 0.634314
 0 0.634319
 0 0.634335
 0 0.634345
 0 0.634346
 0 0.634346
 0 0.634348
 0 0.634355
 0 0.634355
 0 0.634359
 0 0.634365
 0 0.634365
 0 0.634386
 0 0.634399
 0 0.634399
 0 0.634399
 0 0.634399
 0 0.634409
 0 0.634415
 0 0.634419
 0 0.63442
 0 0.63442
 0 0.63442
 0 0.634428
 0 0.634436
 0 0.634436
 0 0.634457
 0 0.634457
 0 0.634466
 0 0.634475
 0 0.634475
 0 0.634477
 0 0.634477
 0 0.634483
 0 0.634486
 0 0.634489
 0 0.634489
 0 0.63449
 0 0.63449
 0 0.63449
 0 0.634492
 0 0.634492
 0 0.634504
 0 0.634512
 0 0.634516
 0 0.634516
 0 0.634516
 0 0.634516
 0 0.634518
 0 0.634518
 0 0.634527
 0 0.634528
 0 0.634528
 0 0.634529
 0 0.63453
 0 0.634543
 0 0.634543
 0 0.634543
 0 0.634544
 0 0.634544
 0 0.634544
 0 0.634544
 0 0.634587
 0 0.634587
 0 0.634587
 0 0.634587
 0 0.634588
 0 0.634588
 0 0.634592
 0 0.634597
 0 0.634597
 0 0.634597
 0 0.634598
 0 0.634598
 0 0.634603
 0 0.634607
 0 0.634607
 0 0.634607
 0 0.634621
 0 0.634621
 0 0.634622
 0 0.634622
 0 0.634626
 0 0.634628
 0 0.634651
 0 0.63466
 0 0.63467
 0 0.63467
 0 0.63467
 0 0.63467
 0 0.634686
 0 0.634686
 0 0.634686
 0 0.634686
 0 0.634692
 0 0.634692
 0 0.634693
 0 0.634705
 0 0.634708
 0 0.634723
 0 0.634723
 0 0.634724
 0 0.634735
 0 0.634748
 0 0.634748
 0 0.634759
 0 0.634759
 0 0.63476
 0 0.63476
 0 0.63476
 0 0.63476
 0 0.634761
 0 0.634764
 0 0.634765
 0 0.634771
 0 0.634771
 0 0.634774
 0 0.634783
 0 0.634795
 0 0.634795
 0 0.6348
 0 0.6348
 0 0.6348
 0 0.634817
 0 0.634818
 0 0.634827
 0 0.634831
 0 0.634836
 0 0.634836
 0 0.634836
 0 0.63484
 0 0.63484
 0 0.634845
 0 0.634846
 0 0.634846
 0 0.634856
 0 0.634857
 0 0.634857
 0 0.634861
 0 0.634861
 0 0.634885
 0 0.634886
 0 0.634886
 0 0.634886
 0 0.634886
 0 0.634904
 0 0.634905
 0 0.634905
 0 0.634905
 0 0.634911
 0 0.634911
 0 0.634911
 0 0.634911
 0 0.634935
 0 0.634935
 0 0.634937
 0 0.634944
 0 0.634951
 0 0.634951
 0 0.634951
 0 0.634969
 0 0.634971
 0 0.634972
 0 0.634987
 0 0.634991
 0 0.634998
 0 0.635009
 0 0.63501
 0 0.635027
 0 0.635027
 0 0.635032
 0 0.635034
 0 0.635034
 0 0.635041
 0 0.635042
 0 0.635046
 0 0.635048
 0 0.635048
 0 0.63505
 0 0.635052
 0 0.63507
 0 0.635083
 0 0.635083
 0 0.635084
 0 0.635084
 0 0.635095
 0 0.635096
 0 0.63511
 0 0.63511
 0 0.635115
 0 0.635126
 0 0.635129
 0 0.635129
 0 0.635132
 0 0.635145
 0 0.635145
 0 0.635152
 0 0.635152
 0 0.635159
 0 0.63518
 0 0.635197
 0 0.635197
 0 0.635209
 0 0.635217
 0 0.63522
 0 0.635223
 0 0.635224
 0 0.635224
 0 0.635224
 0 0.635237
 0 0.635237
 0 0.635239
 0 0.635239
 0 0.63524
 0 0.635242
 0 0.635244
 0 0.635247
 0 0.635247
 0 0.635248
 0 0.635277
 0 0.635277
 0 0.635283
 0 0.635283
 0 0.635284
 0 0.635312
 0 0.635312
 0 0.635312
 0 0.635313
 0 0.635313
 0 0.635313
 0 0.635313
 0 0.635327
 0 0.635328
 0 0.635369
 0 0.635373
 0 0.635373
 0 0.635374
 0 0.635385
 0 0.635392
 0 0.635393
 0 0.635394
 0 0.635394
 0 0.635394
 0 0.635395
 0 0.635413
 0 0.635417
 0 0.635417
 0 0.635417
 0 0.635417
 0 0.635417
 0 0.635417
 0 0.635438
 0 0.635439
 0 0.635453
 0 0.635454
 0 0.635459
 0 0.635465
 0 0.635469
 0 0.635469
 0 0.635476
 0 0.63549
 0 0.635491
 0 0.635491
 0 0.635513
 0 0.635513
 0 0.635513
 0 0.635517
 0 0.635517
 0 0.635523
 0 0.635523
 0 0.635523
 0 0.635523
 0 0.635525
 0 0.635545
 0 0.635545
 0 0.63557
 0 0.635571
 0 0.635579
 0 0.63558
 0 0.635591
 0 0.635591
 0 0.635591
 0 0.6356
 0 0.6356
 0 0.6356
 0 0.635602
 0 0.635604
 0 0.635611
 0 0.635611
 0 0.63562
 0 0.63562
 0 0.635647
 0 0.635667
 0 0.635668
 0 0.635677
 0 0.635677
 0 0.635678
 0 0.635679
 0 0.635679
 0 0.635684
 0 0.635687
 0 0.635687
 0 0.635693
 0 0.635694
 0 0.635694
 0 0.635694
 0 0.6357
 0 0.635709
 0 0.635709
 0 0.635709
 0 0.635716
 0 0.635717
 0 0.635717
 0 0.635717
 0 0.635727
 0 0.635736
 0 0.635737
 0 0.635747
 0 0.635748
 0 0.635749
 0 0.635754
 0 0.635754
 0 0.635755
 0 0.635755
 0 0.635756
 0 0.635756
 0 0.635757
 0 0.635761
 0 0.635761
 0 0.635761
 0 0.635785
 0 0.635834
 0 0.635834
 0 0.635834
 0 0.635835
 0 0.635835
 0 0.635853
 0 0.635855
 0 0.635855
 0 0.635863
 0 0.635863
 0 0.635896
 0 0.635898
 0 0.635941
 0 0.635941
 0 0.635941
 0 0.635942
 0 0.635964
 0 0.635978
 0 0.636021
 0 0.636022
 0 0.636022
 0 0.636025
 0 0.636025
 0 0.636025
 0 0.636026
 0 0.636027
 0 0.636055
 0 0.636061
 0 0.636069
 0 0.636074
 0 0.63608
 0 0.636089
 0 0.636089
 0 0.63609
 0 0.636107
 0 0.636107
 0 0.636108
 0 0.636108
 0 0.636108
 0 0.636121
 0 0.636121
 0 0.636121
 0 0.636123
 0 0.636129
 0 0.636129
 0 0.63613
 0 0.636134
 0 0.636134
 0 0.636141
 0 0.636149
 0 0.636149
 0 0.636171
 0 0.636171
 0 0.636172
 0 0.636172
 0 0.636181
 0 0.636183
 0 0.636183
 0 0.636184
 0 0.636209
 0 0.636209
 0 0.636216
 0 0.636218
 0 0.636219
 0 0.636221
 0 0.636221
 0 0.636235
 0 0.636237
 0 0.636237
 0 0.636274
 0 0.636274
 0 0.636278
 0 0.636279
 0 0.63628
 0 0.636306
 0 0.636333
 0 0.636362
 0 0.636362
 0 0.636362
 0 0.636371
 0 0.636378
 0 0.636378
 0 0.636379
 0 0.63638
 0 0.63638
 0 0.63638
 0 0.636381
 0 0.636383
 0 0.636383
 0 0.636385
 0 0.636387
 0 0.636388
 0 0.636388
 0 0.636388
 0 0.636419
 0 0.63642
 0 0.63642
 0 0.636429
 0 0.636475
 0 0.636482
 0 0.636492
 0 0.636492
 0 0.636492
 0 0.636493
 0 0.636548
 0 0.636548
 0 0.636561
 0 0.636571
 0 0.63658
 0 0.63658
 0 0.63658
 0 0.63658
 0 0.636586
 0 0.636586
 0 0.636586
 0 0.636586
 0 0.636587
 0 0.636622
 0 0.636623
 0 0.636643
 0 0.636648
 0 0.63665
 0 0.636655
 0 0.636656
 0 0.636656
 0 0.636657
 0 0.636657
 0 0.636657
 0 0.636659
 0 0.636662
 0 0.636681
 0 0.63669
 0 0.636696
 0 0.636696
 0 0.636696
 0 0.636696
 0 0.636696
 0 0.636696
 0 0.636698
 0 0.636698
 0 0.636714
 0 0.636715
 0 0.636743
 0 0.636774
 0 0.636789
 0 0.63679
 0 0.636792
 0 0.636794
 0 0.636794
 0 0.636806
 0 0.636806
 0 0.636807
 0 0.636808
 0 0.636808
 0 0.636813
 0 0.636827
 0 0.636829
 0 0.636837
 0 0.636838
 0 0.636838
 0 0.636841
 0 0.636841
 0 0.636841
 0 0.636841
 0 0.636841
 0 0.636859
 0 0.636881
 0 0.636882
 0 0.636912
 0 0.636913
 0 0.636915
 0 0.636915
 0 0.636916
 0 0.636919
 0 0.63692
 0 0.636937
 0 0.636939
 0 0.63695
 0 0.636962
 0 0.636963
 0 0.636977
 0 0.636978
 0 0.637009
 0 0.637009
 0 0.637024
 0 0.637027
 0 0.637027
 0 0.637027
 0 0.637027
 0 0.637037
 0 0.637037
 0 0.637037
 0 0.637037
 0 0.637047
 0 0.637114
 0 0.637115
 0 0.637147
 0 0.637147
 0 0.637151
 0 0.637151
 0 0.637163
 0 0.637163
 0 0.637163
 0 0.637178
 0 0.637178
 0 0.637198
 0 0.637228
 0 0.637245
 0 0.637245
 0 0.637246
 0 0.637258
 0 0.637258
 0 0.637261
 0 0.637264
 0 0.637264
 0 0.637264
 0 0.637264
 0 0.637264
 0 0.637266
 0 0.637267
 0 0.637269
 0 0.637269
 0 0.637269
 0 0.637274
 0 0.637278
 0 0.637278
 0 0.637278
 0 0.637286
 0 0.637286
 0 0.63729
 0 0.637296
 0 0.637327
 0 0.637327
 0 0.637343
 0 0.63737
 0 0.637373
 0 0.637373
 0 0.637379
 0 0.63738
 0 0.637381
 0 0.637405
 0 0.637406
 0 0.637423
 0 0.637425
 0 0.637429
 0 0.637429
 0 0.637431
 0 0.637437
 0 0.637438
 0 0.637438
 0 0.637448
 0 0.637449
 0 0.637453
 0 0.637455
 0 0.637455
 0 0.637455
 0 0.637456
 0 0.637458
 0 0.637466
 0 0.637472
 0 0.637496
 0 0.6375
 0 0.6375
 0 0.63751
 0 0.63751
 0 0.63751
 0 0.637518
 0 0.637519
 0 0.637528
 0 0.637528
 0 0.637535
 0 0.637535
 0 0.637535
 0 0.63754
 0 0.63754
 0 0.637565
 0 0.637594
 0 0.637594
 0 0.637594
 0 0.6376
 0 0.6376
 0 0.637601
 0 0.637615
 0 0.637615
 0 0.637622
 0 0.637622
 0 0.637622
 0 0.637623
 0 0.637625
 0 0.637625
 0 0.637625
 0 0.637626
 0 0.637633
 0 0.637633
 0 0.637635
 0 0.637635
 0 0.637635
 0 0.637653
 0 0.637663
 0 0.637663
 0 0.637672
 0 0.637673
 0 0.637673
 0 0.637696
 0 0.63771
 0 0.637711
 0 0.637716
 0 0.637785
 0 0.637803
 0 0.637806
 0 0.637876
 0 0.637886
 0 0.637886
 0 0.637906
 0 0.637915
 0 0.637915
 0 0.637916
 0 0.637923
 0 0.637923
 0 0.637942
 0 0.637962
 0 0.638031
 0 0.638036
 0 0.638053
 0 0.638054
 0 0.638073
 0 0.638073
 0 0.638082
 0 0.638102
 0 0.638102
 0 0.638108
 0 0.638109
 0 0.638127
 0 0.638184
 0 0.638189
 0 0.638189
 0 0.638214
 0 0.638262
 0 0.638284
 0 0.63833
 0 0.63833
 0 0.63833
 0 0.638386
 0 0.638386
 0 0.638389
 0 0.63839
 0 0.63839
 0 0.638492
 0 0.638493
 0 0.638505
 0 0.638505
 0 0.63851
 0 0.638571
 0 0.638571
 0 0.638571
 0 0.638571
 0 0.638588
 0 0.638616
 0 0.638664
 0 0.638689
 0 0.638689
 0 0.638711
 0 0.638711
 0 0.638712
 0 0.638712
 0 0.638712
 0 0.638715
 0 0.638735
 0 0.638814
 0 0.638874
 0 0.638882
 0 0.638912
 0 0.638914
 0 0.638914
 0 0.638914
 0 0.638914
 0 0.638915
 0 0.638983
 0 0.638983
 0 0.638984
 0 0.639039
 0 0.639039
 0 0.639048
 0 0.63912
 0 0.63912
 0 0.63912
 0 0.63912
 0 0.639327
 0 0.639327
 0 0.639327
 0 0.639336
 0 0.639336
 0 0.639401
 0 0.639401
 0 0.639414
 0 0.639416
 0 0.639416
 0 0.63951
 0 0.639511
 0 0.639524
 0 0.639591
 0 0.639592
 0 0.639592
 0 0.639623
 0 0.63976
 0 0.639829
 0 0.639992
 0 0.640057
 0 0.640233
 0 0.640297
 0 0.640363
 0 0.640429
 0 0.640429
 0 0.640429
 0 0.640429
 0 0.640429
 0 0.640469
 0 0.640469
 0 0.640485
 0 0.640706
 0 0.640873
 0 0.640969
 0 0.640969
 0 0.641117
 0 0.641117
 0 0.64126
 0 0.641957
 0 0.642105
 0 0.647244
 0 0.647409
 0 0.647822
 0 0.648141
 0 0.648141
 0 0.648304
 0 inf
