 0 0.494556
 0 0.494792
 0 0.494996
 0 0.495424
 0 0.495425
 0 0.495863
 0 0.500046
 0 0.500046
 0 0.500046
 0 0.500046
 0 0.500115
 0 0.500465
 0 0.619594
 0 0.620102
 0 0.620102
 0 0.620102
 0 0.620981
 0 0.620981
 0 0.625077
 0 0.625078
 0 0.625224
 0 0.625224
 0 0.625857
 0 0.625885
 0 0.625886
 0 0.626046
 0 0.626214
 0 0.626369
 0 0.62644
 0 0.626665
 0 0.626828
 0 0.626828
 0 0.626828
 0 0.62706
 0 0.62711
 0 0.627313
 0 0.627383
 0 0.627721
 0 0.627721
 0 0.627722
 0 0.62801
 0 0.62803
 0 0.62803
 0 0.628144
 0 0.628179
 0 0.628179
 0 0.628181
 0 0.628232
 0 0.628232
 0 0.628233
 0 0.628272
 0 0.628284
 0 0.628284
 0 0.628411
 0 0.628413
 0 0.628425
 0 0.628425
 0 0.628425
 0 0.628448
 0 0.628448
 0 0.628448
 0 0.628508
 0 0.628638
 0 0.628639
 0 0.628639
 0 0.628662
 0 0.628663
 0 0.628663
 0 0.628663
 0 0.628663
 0 0.628697
 0 0.628697
 0 0.628749
 0 0.628749
 0 0.628775
 0 0.628785
 0 0.628892
 0 0.628892
 0 0.628892
 0 0.628943
 0 0.629084
 0 0.629084
 0 0.629202
 0 0.629302
 0 0.629302
 0 0.629312
 0 0.629313
 0 0.629313
 0 0.629314
 0 0.629322
 0 0.629322
 0 0.629325
 0 0.629381
 0 0.629431
 0 0.629433
 0 0.629433
 0 0.629453
 0 0.629453
 0 0.629611
 0 0.629626
 0 0.629626
 0 0.629626
 0 0.629626
 0 0.629639
 0 0.629639
 0 0.62964
 0 0.62964
 0 0.62964
 0 0.629679
 0 0.62968
 0 0.629681
 0 0.629699
 0 0.629762
 0 0.629763
 0 0.629804
 0 0.629805
 0 0.629878
 0 0.62988
 0 0.629929
 0 0.629931
 0 0.629932
 0 0.629944
 0 0.629952
 0 0.629959
 0 0.629964
 0 0.629965
 0 0.629967
 0 0.629967
 0 0.629969
 0 0.630007
 0 0.630007
 0 0.630017
 0 0.630017
 0 0.630078
 0 0.630078
 0 0.630078
 0 0.630139
 0 0.630177
 0 0.630195
 0 0.630259
 0 0.630259
 0 0.630261
 0 0.630261
 0 0.630266
 0 0.630267
 0 0.630348
 0 0.630348
 0 0.630349
 0 0.630468
 0 0.630468
 0 0.630468
 0 0.630468
 0 0.630506
 0 0.630557
 0 0.630559
 0 0.630589
 0 0.630592
 0 0.630592
 0 0.630632
 0 0.630633
 0 0.630651
 0 0.630651
 0 0.63067
 0 0.630671
 0 0.630737
 0 0.630738
 0 0.630753
 0 0.630788
 0 0.630791
 0 0.630794
 0 0.630803
 0 0.630827
 0 0.63085
 0 0.630851
 0 0.630851
 0 0.630877
 0 0.630926
 0 0.630931
 0 0.630939
 0 0.630939
 0 0.631006
 0 0.63102
 0 0.631026
 0 0.631026
 0 0.631027
 0 0.631027
 0 0.631027
 0 0.631027
 0 0.631028
 0 0.631041
 0 0.631054
 0 0.631062
 0 0.631069
 0 0.63107
 0 0.631127
 0 0.631128
 0 0.631137
 0 0.631137
 0 0.631137
 0 0.631142
 0 0.631146
 0 0.631146
 0 0.631146
 0 0.63117
 0 0.631171
 0 0.631171
 0 0.63118
 0 0.631181
 0 0.631192
 0 0.631192
 0 0.631192
 0 0.631198
 0 0.631198
 0 0.631219
 0 0.631235
 0 0.631235
 0 0.631255
 0 0.631279
 0 0.63128
 0 0.63128
 0 0.631282
 0 0.631315
 0 0.63132
 0 0.63132
 0 0.63132
 0 0.631381
 0 0.631402
 0 0.631403
 0 0.631428
 0 0.631428
 0 0.631429
 0 0.631434
 0 0.631434
 0 0.631434
 0 0.631434
 0 0.631438
 0 0.631463
 0 0.631464
 0 0.631469
 0 0.631478
 0 0.631479
 0 0.631479
 0 0.631488
 0 0.631488
 0 0.631507
 0 0.631529
 0 0.63153
 0 0.63153
 0 0.631534
 0 0.631534
 0 0.631536
 0 0.631536
 0 0.63154
 0 0.631562
 0 0.631623
 0 0.631625
 0 0.631625
 0 0.631641
 0 0.631652
 0 0.631676
 0 0.631678
 0 0.631678
 0 0.631678
 0 0.631678
 0 0.63169
 0 0.631706
 0 0.631744
 0 0.631744
 0 0.631745
 0 0.631745
 0 0.631751
 0 0.631756
 0 0.631834
 0 0.631834
 0 0.631839
 0 0.631839
 0 0.631839
 0 0.631865
 0 0.631877
 0 0.631881
 0 0.631884
 0 0.631886
 0 0.631891
 0 0.631908
 0 0.631908
 0 0.631922
 0 0.631934
 0 0.631934
 0 0.631963
 0 0.631974
 0 0.631975
 0 0.631986
 0 0.632002
 0 0.632005
 0 0.632013
 0 0.632049
 0 0.632052
 0 0.632071
 0 0.632071
 0 0.632071
 0 0.632076
 0 0.632108
 0 0.632109
 0 0.632113
 0 0.632116
 0 0.632116
 0 0.632116
 0 0.632116
 0 0.632117
 0 0.632121
 0 0.632121
 0 0.63214
 0 0.63214
 0 0.632156
 0 0.63216
 0 0.63216
 0 0.632182
 0 0.632182
 0 0.632182
 0 0.632188
 0 0.632188
 0 0.632188
 0 0.63219
 0 0.632191
 0 0.632191
 0 0.632213
 0 0.632213
 0 0.632222
 0 0.632222
 0 0.632222
 0 0.63228
 0 0.63228
 0 0.63228
 0 0.632338
 0 0.632338
 0 0.632347
 0 0.632368
 0 0.632368
 0 0.632381
 0 0.632381
 0 0.632381
 0 0.632383
 0 0.632383
 0 0.632384
 0 0.632384
 0 0.6324
 0 0.6324
 0 0.632412
 0 0.632412
 0 0.632414
 0 0.632418
 0 0.632457
 0 0.632493
 0 0.632494
 0 0.632494
 0 0.632495
 0 0.632516
 0 0.632522
 0 0.632529
 0 0.632547
 0 0.632548
 0 0.632548
 0 0.63256
 0 0.632564
 0 0.632564
 0 0.632564
 0 0.632565
 0 0.632565
 0 0.632574
 0 0.632574
 0 0.632581
 0 0.632583
 0 0.632596
 0 0.63261
 0 0.632622
 0 0.632625
 0 0.632643
 0 0.63265
 0 0.63265
 0 0.632656
 0 0.632658
 0 0.632658
 0 0.632672
 0 0.632672
 0 0.632673
 0 0.632673
 0 0.632698
 0 0.632703
 0 0.632703
 0 0.632703
 0 0.63272
 0 0.632728
 0 0.63273
 0 0.632795
 0 0.632795
 0 0.632795
 0 0.632796
 0 0.632805
 0 0.632805
 0 0.632806
 0 0.632836
 0 0.632836
 0 0.632836
 0 0.632837
 0 0.632861
 0 0.632861
 0 0.632874
 0 0.632874
 0 0.632874
 0 0.632902
 0 0.632902
 0 0.632902
 0 0.632902
 0 0.632902
 0 0.632909
 0 0.632909
 0 0.63291
 0 0.632914
 0 0.632914
 0 0.632915
 0 0.632919
 0 0.632931
 0 0.632936
 0 0.632978
 0 0.632979
 0 0.632979
 0 0.633001
 0 0.633016
 0 0.633017
 0 0.633046
 0 0.633088
 0 0.633089
 0 0.633133
 0 0.633154
 0 0.633155
 0 0.633156
 0 0.633157
 0 0.633167
 0 0.633167
 0 0.63317
 0 0.633181
 0 0.633193
 0 0.633219
 0 0.633221
 0 0.633222
 0 0.633233
 0 0.633233
 0 0.633237
 0 0.633266
 0 0.633268
 0 0.633274
 0 0.633274
 0 0.633284
 0 0.633284
 0 0.633285
 0 0.63329
 0 0.633291
 0 0.633293
 0 0.633293
 0 0.633295
 0 0.633295
 0 0.633301
 0 0.633301
 0 0.633301
 0 0.633301
 0 0.633305
 0 0.633313
 0 0.633313
 0 0.633316
 0 0.633316
 0 0.633358
 0 0.633359
 0 0.633359
 0 0.633362
 0 0.633362
 0 0.633362
 0 0.633381
 0 0.633402
 0 0.633402
 0 0.633402
 0 0.633412
 0 0.633412
 0 0.633421
 0 0.633422
 0 0.633423
 0 0.633433
 0 0.633437
 0 0.633457
 0 0.633467
 0 0.633479
 0 0.63348
 0 0.633499
 0 0.633506
 0 0.633512
 0 0.633513
 0 0.633518
 0 0.633518
 0 0.633519
 0 0.633522
 0 0.633523
 0 0.633533
 0 0.633538
 0 0.63355
 0 0.63355
 0 0.633553
 0 0.633558
 0 0.63356
 0 0.63356
 0 0.633564
 0 0.633565
 0 0.633584
 0 0.633584
 0 0.6336
 0 0.633609
 0 0.633609
 0 0.633612
 0 0.633613
 0 0.633613
 0 0.633615
 0 0.633625
 0 0.633626
 0 0.633627
 0 0.633642
 0 0.633642
 0 0.633642
 0 0.633644
 0 0.633644
 0 0.633651
 0 0.633651
 0 0.633658
 0 0.633658
 0 0.633659
 0 0.63366
 0 0.633661
 0 0.633675
 0 0.633699
 0 0.633699
 0 0.63371
 0 0.63371
 0 0.63371
 0 0.633714
 0 0.633717
 0 0.633726
 0 0.633727
 0 0.633727
 0 0.633739
 0 0.633739
 0 0.633739
 0 0.633748
 0 0.633748
 0 0.633748
 0 0.633756
 0 0.633756
 0 0.633764
 0 0.633764
 0 0.633765
 0 0.633775
 0 0.633779
 0 0.633787
 0 0.633792
 0 0.633793
 0 0.633793
 0 0.633796
 0 0.633797
 0 0.633797
 0 0.633798
 0 0.633798
 0 0.633798
 0 0.633802
 0 0.633805
 0 0.633805
 0 0.633805
 0 0.633805
 0 0.633828
 0 0.633847
 0 0.633853
 0 0.633853
 0 0.633854
 0 0.633862
 0 0.633864
 0 0.63387
 0 0.633871
 0 0.633872
 0 0.633873
 0 0.633889
 0 0.633889
 0 0.633901
 0 0.63391
 0 0.633911
 0 0.633911
 0 0.633912
 0 0.633913
 0 0.633914
 0 0.633929
 0 0.633929
 0 0.633929
 0 0.633929
 0 0.633929
 0 0.633935
 0 0.633935
 0 0.633936
 0 0.633938
 0 0.633938
 0 0.63394
 0 0.63394
 0 0.633941
 0 0.633941
 0 0.633947
 0 0.633947
 0 0.633953
 0 0.633953
 0 0.633953
 0 0.633953
 0 0.633953
 0 0.633957
 0 0.633957
 0 0.633957
 0 0.633957
 0 0.63396
 0 0.63396
 0 0.63396
 0 0.633967
 0 0.633968
 0 0.633985
 0 0.633986
 0 0.634007
 0 0.63401
 0 0.63401
 0 0.634019
 0 0.634019
 0 0.634026
 0 0.634028
 0 0.634031
 0 0.634031
 0 0.634056
 0 0.634075
 0 0.634075
 0 0.634077
 0 0.634089
 0 0.6341
 0 0.634118
 0 0.634118
 0 0.63412
 0 0.63412
 0 0.634122
 0 0.634129
 0 0.63413
 0 0.634132
 0 0.634132
 0 0.634136
 0 0.634137
 0 0.63414
 0 0.63414
 0 0.634143
 0 0.634143
 0 0.634144
 0 0.634145
 0 0.63415
 0 0.634153
 0 0.634157
 0 0.634158
 0 0.634166
 0 0.634179
 0 0.634181
 0 0.634191
 0 0.634191
 0 0.634193
 0 0.634193
 0 0.634197
 0 0.634201
 0 0.634207
 0 0.634207
 0 0.634207
 0 0.634212
 0 0.634212
 0 0.634214
 0 0.634215
 0 0.634215
 0 0.634221
 0 0.634222
 0 0.634225
 0 0.634225
 0 0.634227
 0 0.634235
 0 0.634236
 0 0.634236
 0 0.634245
 0 0.634246
 0 0.634246
 0 0.634247
 0 0.634258
 0 0.63426
 0 0.634267
 0 0.634269
 0 0.63428
 0 0.634282
 0 0.634284
 0 0.634295
 0 0.634295
 0 0.63431
 0 0.63431
 0 0.63431
 0 0.634321
 0 0.634321
 0 0.634332
 0 0.634332
 0 0.634332
 0 0.634332
 0 0.634335
 0 0.634348
 0 0.634348
 0 0.634349
 0 0.634349
 0 0.634351
 0 0.634351
 0 0.634351
 0 0.634351
 0 0.634351
 0 0.634351
 0 0.634351
 0 0.634361
 0 0.634361
 0 0.634366
 0 0.63437
 0 0.634371
 0 0.634371
 0 0.63438
 0 0.634381
 0 0.634381
 0 0.634383
 0 0.634383
 0 0.634384
 0 0.634386
 0 0.634394
 0 0.634394
 0 0.634399
 0 0.634399
 0 0.634406
 0 0.634408
 0 0.634423
 0 0.634424
 0 0.634424
 0 0.634425
 0 0.634425
 0 0.634428
 0 0.634428
 0 0.634434
 0 0.634434
 0 0.634434
 0 0.634449
 0 0.634451
 0 0.634451
 0 0.634455
 0 0.634455
 0 0.634468
 0 0.634468
 0 0.634472
 0 0.634476
 0 0.634476
 0 0.634478
 0 0.634483
 0 0.634515
 0 0.634531
 0 0.634533
 0 0.634538
 0 0.634538
 0 0.634539
 0 0.63455
 0 0.634562
 0 0.634564
 0 0.634566
 0 0.634566
 0 0.634566
 0 0.634582
 0 0.634583
 0 0.634601
 0 0.634605
 0 0.634609
 0 0.634609
 0 0.634611
 0 0.634613
 0 0.634613
 0 0.634614
 0 0.634619
 0 0.63462
 0 0.63462
 0 0.634625
 0 0.634631
 0 0.634632
 0 0.634632
 0 0.634637
 0 0.63464
 0 0.634641
 0 0.634646
 0 0.634646
 0 0.634646
 0 0.634657
 0 0.634668
 0 0.634669
 0 0.634681
 0 0.634688
 0 0.634688
 0 0.634688
 0 0.634693
 0 0.634694
 0 0.634695
 0 0.634696
 0 0.634696
 0 0.634696
 0 0.634704
 0 0.634719
 0 0.634748
 0 0.634749
 0 0.63478
 0 0.63478
 0 0.63478
 0 0.634787
 0 0.634793
 0 0.634793
 0 0.634799
 0 0.634799
 0 0.634799
 0 0.634807
 0 0.634808
 0 0.634815
 0 0.634815
 0 0.634815
 0 0.634815
 0 0.634817
 0 0.634817
 0 0.634822
 0 0.634823
 0 0.634825
 0 0.634825
 0 0.634827
 0 0.634827
 0 0.634838
 0 0.634848
 0 0.634848
 0 0.634848
 0 0.634855
 0 0.634879
 0 0.63488
 0 0.634887
 0 0.634891
 0 0.634891
 0 0.634896
 0 0.634896
 0 0.634899
 0 0.634899
 0 0.6349
 0 0.6349
 0 0.634906
 0 0.634906
 0 0.634906
 0 0.634915
 0 0.634915
 0 0.634916
 0 0.634934
 0 0.634935
 0 0.634935
 0 0.634935
 0 0.634935
 0 0.634943
 0 0.634944
 0 0.634947
 0 0.634947
 0 0.634947
 0 0.634948
 0 0.634948
 0 0.634953
 0 0.634953
 0 0.634953
 0 0.634953
 0 0.634954
 0 0.634954
 0 0.634961
 0 0.634961
 0 0.634965
 0 0.634965
 0 0.634965
 0 0.634965
 0 0.634966
 0 0.634981
 0 0.634981
 0 0.634986
 0 0.635
 0 0.635
 0 0.635001
 0 0.635002
 0 0.635018
 0 0.635021
 0 0.635022
 0 0.635022
 0 0.635026
 0 0.635031
 0 0.635031
 0 0.635032
 0 0.635032
 0 0.635047
 0 0.635047
 0 0.635047
 0 0.635056
 0 0.635056
 0 0.635056
 0 0.635057
 0 0.63506
 0 0.63506
 0 0.635074
 0 0.635076
 0 0.635077
 0 0.635077
 0 0.635091
 0 0.635093
 0 0.635097
 0 0.635097
 0 0.635101
 0 0.635101
 0 0.635112
 0 0.635126
 0 0.635126
 0 0.635127
 0 0.635132
 0 0.635133
 0 0.635133
 0 0.635143
 0 0.635154
 0 0.635154
 0 0.635154
 0 0.635155
 0 0.635155
 0 0.635167
 0 0.635186
 0 0.635186
 0 0.635201
 0 0.635236
 0 0.635237
 0 0.63524
 0 0.63524
 0 0.63524
 0 0.635241
 0 0.635241
 0 0.63525
 0 0.63525
 0 0.63525
 0 0.635255
 0 0.635255
 0 0.635266
 0 0.635272
 0 0.635273
 0 0.635283
 0 0.635283
 0 0.635283
 0 0.6353
 0 0.635303
 0 0.635304
 0 0.635317
 0 0.635317
 0 0.63532
 0 0.63532
 0 0.635324
 0 0.635324
 0 0.635324
 0 0.635325
 0 0.635335
 0 0.635335
 0 0.635342
 0 0.635343
 0 0.635343
 0 0.635344
 0 0.635344
 0 0.635344
 0 0.635344
 0 0.635344
 0 0.635344
 0 0.635351
 0 0.63536
 0 0.63536
 0 0.63536
 0 0.635363
 0 0.635363
 0 0.635388
 0 0.635393
 0 0.635393
 0 0.635394
 0 0.63541
 0 0.635415
 0 0.635422
 0 0.635442
 0 0.635443
 0 0.635443
 0 0.635444
 0 0.635485
 0 0.635495
 0 0.635496
 0 0.635503
 0 0.635504
 0 0.635504
 0 0.635504
 0 0.635504
 0 0.63552
 0 0.63552
 0 0.635521
 0 0.635557
 0 0.635557
 0 0.635558
 0 0.635561
 0 0.635562
 0 0.635562
 0 0.635575
 0 0.635578
 0 0.635595
 0 0.635595
 0 0.635598
 0 0.635599
 0 0.635612
 0 0.635612
 0 0.635613
 0 0.635613
 0 0.635613
 0 0.635616
 0 0.635616
 0 0.635616
 0 0.635617
 0 0.635633
 0 0.635654
 0 0.635654
 0 0.635678
 0 0.635678
 0 0.635687
 0 0.635687
 0 0.635687
 0 0.635688
 0 0.635688
 0 0.635689
 0 0.635713
 0 0.63573
 0 0.63573
 0 0.63573
 0 0.635731
 0 0.635731
 0 0.635731
 0 0.635731
 0 0.635731
 0 0.635733
 0 0.635736
 0 0.635736
 0 0.635749
 0 0.635749
 0 0.635749
 0 0.635749
 0 0.635751
 0 0.635762
 0 0.635762
 0 0.635763
 0 0.635763
 0 0.635784
 0 0.635784
 0 0.635804
 0 0.635807
 0 0.63581
 0 0.635837
 0 0.635837
 0 0.635837
 0 0.635837
 0 0.635838
 0 0.635845
 0 0.635847
 0 0.63585
 0 0.63585
 0 0.63585
 0 0.635854
 0 0.635854
 0 0.635854
 0 0.635868
 0 0.635869
 0 0.635872
 0 0.635875
 0 0.635876
 0 0.635888
 0 0.635888
 0 0.63589
 0 0.6359
 0 0.635901
 0 0.635908
 0 0.635911
 0 0.635914
 0 0.635914
 0 0.635915
 0 0.635935
 0 0.635935
 0 0.635936
 0 0.635947
 0 0.635948
 0 0.635955
 0 0.635976
 0 0.635976
 0 0.635977
 0 0.635988
 0 0.635998
 0 0.635998
 0 0.636021
 0 0.636031
 0 0.636032
 0 0.636035
 0 0.636035
 0 0.636037
 0 0.636038
 0 0.636038
 0 0.636065
 0 0.636069
 0 0.636112
 0 0.636114
 0 0.636114
 0 0.636115
 0 0.636124
 0 0.636143
 0 0.63615
 0 0.636159
 0 0.636174
 0 0.636174
 0 0.636184
 0 0.636189
 0 0.636189
 0 0.636216
 0 0.636248
 0 0.636259
 0 0.636265
 0 0.636265
 0 0.636266
 0 0.636273
 0 0.636273
 0 0.636273
 0 0.636278
 0 0.636284
 0 0.636284
 0 0.636285
 0 0.636285
 0 0.6363
 0 0.6363
 0 0.636309
 0 0.63631
 0 0.636317
 0 0.636318
 0 0.636334
 0 0.636362
 0 0.636362
 0 0.636366
 0 0.636383
 0 0.636394
 0 0.636395
 0 0.636455
 0 0.636455
 0 0.636467
 0 0.636474
 0 0.636474
 0 0.6365
 0 0.636501
 0 0.636501
 0 0.636509
 0 0.636511
 0 0.636511
 0 0.636533
 0 0.636548
 0 0.636554
 0 0.636554
 0 0.636554
 0 0.636554
 0 0.636569
 0 0.63657
 0 0.63657
 0 0.63657
 0 0.636576
 0 0.636577
 0 0.636601
 0 0.636608
 0 0.636608
 0 0.636608
 0 0.636614
 0 0.636614
 0 0.636625
 0 0.636629
 0 0.636642
 0 0.636642
 0 0.636643
 0 0.636658
 0 0.63668
 0 0.636682
 0 0.636687
 0 0.636687
 0 0.636688
 0 0.636688
 0 0.636695
 0 0.636695
 0 0.636695
 0 0.636726
 0 0.636729
 0 0.636729
 0 0.636731
 0 0.636731
 0 0.636731
 0 0.636737
 0 0.636737
 0 0.636738
 0 0.636738
 0 0.636762
 0 0.636762
 0 0.636763
 0 0.636763
 0 0.636774
 0 0.636784
 0 0.636801
 0 0.636801
 0 0.636801
 0 0.636801
 0 0.636802
 0 0.636803
 0 0.636803
 0 0.636821
 0 0.636825
 0 0.636825
 0 0.636826
 0 0.636826
 0 0.636827
 0 0.636828
 0 0.636836
 0 0.636836
 0 0.636839
 0 0.63685
 0 0.636857
 0 0.636869
 0 0.63689
 0 0.63689
 0 0.636899
 0 0.636899
 0 0.6369
 0 0.636917
 0 0.636917
 0 0.636926
 0 0.636936
 0 0.636978
 0 0.636978
 0 0.636979
 0 0.636979
 0 0.636981
 0 0.636984
 0 0.636985
 0 0.637008
 0 0.637008
 0 0.637057
 0 0.637089
 0 0.637089
 0 0.637103
 0 0.637107
 0 0.637107
 0 0.637108
 0 0.637108
 0 0.637109
 0 0.637111
 0 0.637112
 0 0.637112
 0 0.637112
 0 0.637113
 0 0.637123
 0 0.637123
 0 0.637123
 0 0.637123
 0 0.637123
 0 0.637125
 0 0.637135
 0 0.637135
 0 0.637153
 0 0.637192
 0 0.637242
 0 0.637248
 0 0.637249
 0 0.637251
 0 0.637251
 0 0.637263
 0 0.637263
 0 0.637279
 0 0.637279
 0 0.63728
 0 0.63728
 0 0.637291
 0 0.637291
 0 0.637291
 0 0.637343
 0 0.637357
 0 0.637357
 0 0.637357
 0 0.637358
 0 0.637359
 0 0.63737
 0 0.63737
 0 0.637371
 0 0.637383
 0 0.637383
 0 0.637384
 0 0.637385
 0 0.637386
 0 0.637388
 0 0.63739
 0 0.637395
 0 0.637396
 0 0.637396
 0 0.637402
 0 0.637402
 0 0.637417
 0 0.637417
 0 0.637422
 0 0.637422
 0 0.637423
 0 0.637424
 0 0.637452
 0 0.637464
 0 0.637465
 0 0.637465
 0 0.637479
 0 0.63748
 0 0.637503
 0 0.637503
 0 0.637518
 0 0.637518
 0 0.637518
 0 0.637518
 0 0.637519
 0 0.637537
 0 0.637537
 0 0.637537
 0 0.637538
 0 0.637616
 0 0.637624
 0 0.637656
 0 0.637659
 0 0.637674
 0 0.637686
 0 0.637691
 0 0.637726
 0 0.637734
 0 0.637734
 0 0.63778
 0 0.63778
 0 0.637782
 0 0.637782
 0 0.637801
 0 0.637801
 0 0.637804
 0 0.637827
 0 0.637851
 0 0.637851
 0 0.637857
 0 0.637868
 0 0.637871
 0 0.637871
 0 0.637871
 0 0.637871
 0 0.637872
 0 0.637904
 0 0.637904
 0 0.637904
 0 0.637912
 0 0.637925
 0 0.63795
 0 0.637951
 0 0.637982
 0 0.637998
 0 0.638017
 0 0.638045
 0 0.638046
 0 0.638046
 0 0.638047
 0 0.638047
 0 0.638064
 0 0.638066
 0 0.638088
 0 0.638089
 0 0.638091
 0 0.638091
 0 0.638104
 0 0.638104
 0 0.638105
 0 0.638105
 0 0.638105
 0 0.638116
 0 0.638119
 0 0.638158
 0 0.638158
 0 0.638158
 0 0.638192
 0 0.638193
 0 0.638201
 0 0.638201
 0 0.638201
 0 0.638202
 0 0.638202
 0 0.638229
 0 0.638229
 0 0.638292
 0 0.638292
 0 0.638325
 0 0.638325
 0 0.638371
 0 0.638371
 0 0.638374
 0 0.638375
 0 0.638389
 0 0.6384
 0 0.638477
 0 0.638477
 0 0.638499
 0 0.638499
 0 0.638499
 0 0.638579
 0 0.638587
 0 0.638587
 0 0.638588
 0 0.638597
 0 0.638597
 0 0.638597
 0 0.638597
 0 0.638597
 0 0.638597
 0 0.638597
 0 0.638633
 0 0.638672
 0 0.638682
 0 0.638682
 0 0.638689
 0 0.638689
 0 0.638689
 0 0.63872
 0 0.638756
 0 0.638756
 0 0.638847
 0 0.638847
 0 0.639021
 0 0.639046
 0 0.639046
 0 0.639046
 0 0.639102
 0 0.639147
 0 0.639147
 0 0.639354
 0 0.639354
 0 0.639393
 0 0.639429
 0 0.639495
 0 0.639495
 0 0.639633
 0 0.639669
 0 0.63967
 0 0.63967
 0 0.639683
 0 0.639683
 0 0.639683
 0 0.639803
 0 0.639803
 0 0.639804
 0 0.639886
 0 0.639886
 0 0.639902
 0 0.639902
 0 0.6401
 0 0.640101
 0 0.640101
 0 0.64011
 0 0.64011
 0 0.640151
 0 0.640151
 0 0.640151
 0 0.640152
 0 0.640153
 0 0.640227
 0 0.640265
 0 0.640265
 0 0.640265
 0 0.640303
 0 0.640359
 0 0.64036
 0 0.640444
 0 0.640445
 0 0.640446
 0 0.640446
 0 0.640501
 0 0.640542
 0 0.640542
 0 0.640542
 0 0.640543
 0 0.640582
 0 0.640672
 0 0.640673
 0 0.640707
 0 0.640729
 0 0.640729
 0 0.640901
 0 0.640901
 0 0.640902
 0 0.640903
 0 0.640903
 0 0.641078
 0 0.641078
 0 0.641078
 0 0.641147
 0 0.64128
 0 0.64128
 0 0.641462
 0 0.641633
 0 0.641671
 0 0.641752
 0 0.641769
 0 0.641769
 0 0.641841
 0 0.641843
 0 0.641843
 0 0.641843
 0 0.641954
 0 0.641981
 0 0.642016
 0 0.642016
 0 0.642023
 0 0.642023
 0 0.642095
 0 0.642095
 0 0.642095
 0 0.642095
 0 0.642375
 0 0.642604
 0 0.642963
 0 0.64349
 0 0.643688
 0 0.643748
 0 0.644224
 0 0.644224
 0 0.644225
 0 0.644225
 0 inf
