 0 0.490707
 0 0.491767
 0 0.491767
 0 0.491767
 0 0.491767
 0 0.491767
 0 0.494141
 0 0.494144
 0 0.494144
 0 0.494645
 0 0.495062
 0 0.495065
 0 0.625543
 0 0.625549
 0 0.625733
 0 0.625733
 0 0.625734
 0 0.625734
 0 0.625838
 0 0.625838
 0 0.62591
 0 0.6264
 0 0.6264
 0 0.626401
 0 0.62648
 0 0.62648
 0 0.626655
 0 0.62675
 0 0.626751
 0 0.626751
 0 0.626752
 0 0.626775
 0 0.626779
 0 0.62678
 0 0.626781
 0 0.62679
 0 0.62679
 0 0.626835
 0 0.626835
 0 0.626868
 0 0.626876
 0 0.626906
 0 0.626983
 0 0.626984
 0 0.627004
 0 0.627017
 0 0.627148
 0 0.627148
 0 0.627151
 0 0.627258
 0 0.627258
 0 0.627447
 0 0.627447
 0 0.627448
 0 0.627448
 0 0.627497
 0 0.627528
 0 0.627557
 0 0.627589
 0 0.627589
 0 0.627848
 0 0.627862
 0 0.627889
 0 0.627891
 0 0.627899
 0 0.627902
 0 0.627937
 0 0.627946
 0 0.627962
 0 0.627966
 0 0.627966
 0 0.628135
 0 0.628181
 0 0.628188
 0 0.628233
 0 0.628233
 0 0.628252
 0 0.628345
 0 0.62845
 0 0.628515
 0 0.628517
 0 0.628559
 0 0.628559
 0 0.628592
 0 0.628593
 0 0.628593
 0 0.628641
 0 0.628642
 0 0.628658
 0 0.628687
 0 0.628687
 0 0.628687
 0 0.628692
 0 0.628711
 0 0.628711
 0 0.628711
 0 0.62872
 0 0.628722
 0 0.628729
 0 0.62879
 0 0.62879
 0 0.62879
 0 0.628796
 0 0.628796
 0 0.628812
 0 0.628812
 0 0.628849
 0 0.628864
 0 0.628869
 0 0.628891
 0 0.628911
 0 0.628968
 0 0.628968
 0 0.628986
 0 0.629001
 0 0.629006
 0 0.629006
 0 0.629007
 0 0.629021
 0 0.629047
 0 0.629123
 0 0.629199
 0 0.629248
 0 0.629248
 0 0.629249
 0 0.629293
 0 0.629295
 0 0.629318
 0 0.629318
 0 0.629318
 0 0.629325
 0 0.629329
 0 0.629329
 0 0.629394
 0 0.629394
 0 0.629394
 0 0.629394
 0 0.629411
 0 0.629411
 0 0.629414
 0 0.62944
 0 0.629455
 0 0.629455
 0 0.629456
 0 0.62947
 0 0.62947
 0 0.629474
 0 0.629543
 0 0.629555
 0 0.629556
 0 0.629582
 0 0.629582
 0 0.62962
 0 0.62962
 0 0.62962
 0 0.62962
 0 0.629633
 0 0.629633
 0 0.629661
 0 0.629661
 0 0.629661
 0 0.629703
 0 0.629754
 0 0.629769
 0 0.629782
 0 0.629783
 0 0.629814
 0 0.62982
 0 0.629821
 0 0.629821
 0 0.629821
 0 0.629853
 0 0.629858
 0 0.629887
 0 0.629887
 0 0.629912
 0 0.629912
 0 0.629912
 0 0.629914
 0 0.629916
 0 0.629916
 0 0.629917
 0 0.629934
 0 0.629944
 0 0.629952
 0 0.629953
 0 0.629954
 0 0.629954
 0 0.630006
 0 0.630061
 0 0.630071
 0 0.630071
 0 0.630075
 0 0.630106
 0 0.630106
 0 0.630119
 0 0.630119
 0 0.63012
 0 0.630141
 0 0.630141
 0 0.630151
 0 0.630152
 0 0.630162
 0 0.63021
 0 0.630216
 0 0.63024
 0 0.630257
 0 0.630263
 0 0.630263
 0 0.630263
 0 0.630266
 0 0.630284
 0 0.630284
 0 0.630286
 0 0.630288
 0 0.630348
 0 0.630349
 0 0.630373
 0 0.630373
 0 0.630414
 0 0.63042
 0 0.630421
 0 0.630421
 0 0.630421
 0 0.630421
 0 0.630427
 0 0.630427
 0 0.630429
 0 0.630435
 0 0.63044
 0 0.630451
 0 0.630451
 0 0.630451
 0 0.630454
 0 0.630455
 0 0.630455
 0 0.63049
 0 0.630506
 0 0.630511
 0 0.630525
 0 0.63053
 0 0.63053
 0 0.63053
 0 0.630559
 0 0.630573
 0 0.630573
 0 0.630573
 0 0.630573
 0 0.63058
 0 0.630581
 0 0.630595
 0 0.630595
 0 0.630595
 0 0.630596
 0 0.630615
 0 0.630617
 0 0.630619
 0 0.630619
 0 0.63062
 0 0.63062
 0 0.630621
 0 0.630636
 0 0.630637
 0 0.630648
 0 0.630662
 0 0.630699
 0 0.630699
 0 0.6307
 0 0.6307
 0 0.630701
 0 0.630711
 0 0.63073
 0 0.630731
 0 0.630734
 0 0.63075
 0 0.63076
 0 0.63076
 0 0.63076
 0 0.63076
 0 0.63076
 0 0.630761
 0 0.630761
 0 0.630761
 0 0.630761
 0 0.630761
 0 0.630761
 0 0.63077
 0 0.630777
 0 0.630787
 0 0.63081
 0 0.630811
 0 0.630813
 0 0.630813
 0 0.630817
 0 0.630837
 0 0.630837
 0 0.630861
 0 0.630898
 0 0.630906
 0 0.630906
 0 0.630932
 0 0.630933
 0 0.630933
 0 0.631054
 0 0.631055
 0 0.631061
 0 0.631085
 0 0.631085
 0 0.631086
 0 0.631101
 0 0.63114
 0 0.631149
 0 0.631163
 0 0.631163
 0 0.631172
 0 0.631172
 0 0.631184
 0 0.631185
 0 0.631185
 0 0.631197
 0 0.631197
 0 0.631202
 0 0.631215
 0 0.631216
 0 0.631217
 0 0.631217
 0 0.63122
 0 0.631223
 0 0.631227
 0 0.631242
 0 0.631242
 0 0.631242
 0 0.631248
 0 0.631267
 0 0.63128
 0 0.631283
 0 0.631288
 0 0.63129
 0 0.63129
 0 0.631292
 0 0.631292
 0 0.631298
 0 0.631298
 0 0.631298
 0 0.631299
 0 0.631299
 0 0.631299
 0 0.6313
 0 0.6313
 0 0.631312
 0 0.631317
 0 0.631322
 0 0.631324
 0 0.631325
 0 0.631329
 0 0.631342
 0 0.631346
 0 0.631353
 0 0.631353
 0 0.631353
 0 0.631353
 0 0.631387
 0 0.631392
 0 0.631416
 0 0.631429
 0 0.631433
 0 0.631457
 0 0.631457
 0 0.631477
 0 0.631482
 0 0.631485
 0 0.631485
 0 0.631485
 0 0.631486
 0 0.631487
 0 0.631498
 0 0.631503
 0 0.631504
 0 0.631504
 0 0.63153
 0 0.631534
 0 0.631539
 0 0.631539
 0 0.631547
 0 0.631554
 0 0.631554
 0 0.631554
 0 0.631556
 0 0.631556
 0 0.631559
 0 0.631563
 0 0.63158
 0 0.631581
 0 0.631584
 0 0.631596
 0 0.631614
 0 0.631622
 0 0.631622
 0 0.631627
 0 0.631627
 0 0.631628
 0 0.631628
 0 0.631644
 0 0.631644
 0 0.63166
 0 0.63166
 0 0.631664
 0 0.63169
 0 0.631706
 0 0.631706
 0 0.631744
 0 0.631749
 0 0.63176
 0 0.63176
 0 0.631764
 0 0.631768
 0 0.631781
 0 0.631785
 0 0.631787
 0 0.631787
 0 0.631789
 0 0.631789
 0 0.631789
 0 0.631808
 0 0.631813
 0 0.631813
 0 0.631825
 0 0.631827
 0 0.631828
 0 0.631828
 0 0.631828
 0 0.631828
 0 0.631844
 0 0.631846
 0 0.631867
 0 0.631875
 0 0.63188
 0 0.63188
 0 0.63188
 0 0.631887
 0 0.631887
 0 0.631887
 0 0.631887
 0 0.631889
 0 0.631891
 0 0.631891
 0 0.6319
 0 0.631902
 0 0.631907
 0 0.631907
 0 0.631913
 0 0.631916
 0 0.631919
 0 0.631922
 0 0.631943
 0 0.631943
 0 0.631943
 0 0.631959
 0 0.631965
 0 0.631982
 0 0.631992
 0 0.631992
 0 0.631992
 0 0.631995
 0 0.631995
 0 0.631997
 0 0.632006
 0 0.632007
 0 0.632007
 0 0.63202
 0 0.632022
 0 0.63203
 0 0.632046
 0 0.63205
 0 0.632069
 0 0.632069
 0 0.632072
 0 0.632072
 0 0.632084
 0 0.632111
 0 0.632112
 0 0.632114
 0 0.632114
 0 0.632136
 0 0.63215
 0 0.632159
 0 0.63216
 0 0.632161
 0 0.632179
 0 0.632218
 0 0.63222
 0 0.632229
 0 0.63223
 0 0.632237
 0 0.632256
 0 0.632256
 0 0.632259
 0 0.632259
 0 0.632279
 0 0.632279
 0 0.632281
 0 0.632283
 0 0.632303
 0 0.632311
 0 0.632312
 0 0.632316
 0 0.632317
 0 0.632317
 0 0.632342
 0 0.632342
 0 0.632342
 0 0.632353
 0 0.632362
 0 0.632362
 0 0.632377
 0 0.632378
 0 0.632378
 0 0.632379
 0 0.632379
 0 0.632383
 0 0.632383
 0 0.632384
 0 0.632387
 0 0.632387
 0 0.632388
 0 0.632411
 0 0.632419
 0 0.632422
 0 0.632422
 0 0.632422
 0 0.632439
 0 0.632441
 0 0.632441
 0 0.632441
 0 0.632447
 0 0.632466
 0 0.632466
 0 0.632467
 0 0.632467
 0 0.632481
 0 0.632482
 0 0.632482
 0 0.632503
 0 0.632503
 0 0.632511
 0 0.632511
 0 0.632517
 0 0.632525
 0 0.632533
 0 0.632534
 0 0.632539
 0 0.632539
 0 0.632547
 0 0.632554
 0 0.632555
 0 0.632555
 0 0.632555
 0 0.632556
 0 0.632558
 0 0.632558
 0 0.632561
 0 0.632562
 0 0.632562
 0 0.632563
 0 0.632567
 0 0.632585
 0 0.632585
 0 0.632586
 0 0.632586
 0 0.632587
 0 0.632587
 0 0.632588
 0 0.63259
 0 0.632591
 0 0.632617
 0 0.632618
 0 0.632618
 0 0.632619
 0 0.632619
 0 0.63262
 0 0.632622
 0 0.632625
 0 0.632625
 0 0.632631
 0 0.632643
 0 0.632643
 0 0.632643
 0 0.632644
 0 0.632644
 0 0.632653
 0 0.632653
 0 0.632653
 0 0.63266
 0 0.63266
 0 0.63266
 0 0.632661
 0 0.632661
 0 0.632664
 0 0.632671
 0 0.632672
 0 0.632677
 0 0.632677
 0 0.632687
 0 0.632687
 0 0.632693
 0 0.632698
 0 0.632698
 0 0.632698
 0 0.632701
 0 0.63271
 0 0.63271
 0 0.632714
 0 0.632716
 0 0.63272
 0 0.63272
 0 0.632723
 0 0.632723
 0 0.632723
 0 0.632728
 0 0.632728
 0 0.632728
 0 0.63273
 0 0.632732
 0 0.632737
 0 0.632739
 0 0.632748
 0 0.632748
 0 0.632748
 0 0.632757
 0 0.632757
 0 0.632757
 0 0.632757
 0 0.632757
 0 0.632766
 0 0.632767
 0 0.632771
 0 0.632791
 0 0.632791
 0 0.632791
 0 0.632795
 0 0.632795
 0 0.632814
 0 0.632814
 0 0.632814
 0 0.632825
 0 0.632825
 0 0.632839
 0 0.632842
 0 0.632843
 0 0.632846
 0 0.632846
 0 0.632848
 0 0.632849
 0 0.632849
 0 0.632871
 0 0.632875
 0 0.632877
 0 0.632886
 0 0.632886
 0 0.632893
 0 0.632898
 0 0.632902
 0 0.632905
 0 0.632905
 0 0.632905
 0 0.632906
 0 0.632909
 0 0.632916
 0 0.632919
 0 0.632921
 0 0.632923
 0 0.632928
 0 0.632928
 0 0.632928
 0 0.632938
 0 0.632953
 0 0.632953
 0 0.63297
 0 0.63297
 0 0.632978
 0 0.632978
 0 0.632978
 0 0.632984
 0 0.632993
 0 0.632993
 0 0.632994
 0 0.632994
 0 0.632995
 0 0.633001
 0 0.633004
 0 0.633015
 0 0.633015
 0 0.633016
 0 0.633017
 0 0.633018
 0 0.633025
 0 0.633026
 0 0.633028
 0 0.633032
 0 0.633033
 0 0.633033
 0 0.633052
 0 0.633052
 0 0.633053
 0 0.633054
 0 0.633054
 0 0.633073
 0 0.633077
 0 0.633079
 0 0.633079
 0 0.633091
 0 0.633091
 0 0.633095
 0 0.633095
 0 0.633101
 0 0.633106
 0 0.63311
 0 0.63311
 0 0.633112
 0 0.633127
 0 0.63315
 0 0.633154
 0 0.633166
 0 0.63318
 0 0.63318
 0 0.633182
 0 0.633182
 0 0.633186
 0 0.633186
 0 0.633187
 0 0.633194
 0 0.633195
 0 0.633199
 0 0.633206
 0 0.633207
 0 0.633212
 0 0.633212
 0 0.633213
 0 0.633217
 0 0.633218
 0 0.63322
 0 0.633221
 0 0.633221
 0 0.633222
 0 0.633222
 0 0.633223
 0 0.633223
 0 0.633223
 0 0.633223
 0 0.633223
 0 0.633224
 0 0.633228
 0 0.633228
 0 0.633237
 0 0.633237
 0 0.633249
 0 0.63325
 0 0.633258
 0 0.633258
 0 0.633258
 0 0.633258
 0 0.633258
 0 0.633266
 0 0.633277
 0 0.63328
 0 0.633286
 0 0.633286
 0 0.633287
 0 0.633288
 0 0.633288
 0 0.633289
 0 0.63329
 0 0.633298
 0 0.633324
 0 0.633329
 0 0.633329
 0 0.63333
 0 0.63333
 0 0.63333
 0 0.633335
 0 0.633337
 0 0.633338
 0 0.633357
 0 0.633367
 0 0.633368
 0 0.633372
 0 0.633373
 0 0.633374
 0 0.633376
 0 0.633376
 0 0.633377
 0 0.633377
 0 0.633392
 0 0.633408
 0 0.633422
 0 0.633429
 0 0.633437
 0 0.633437
 0 0.633437
 0 0.633437
 0 0.633438
 0 0.633438
 0 0.633443
 0 0.633444
 0 0.633451
 0 0.633457
 0 0.633459
 0 0.633461
 0 0.633462
 0 0.633466
 0 0.633468
 0 0.633469
 0 0.633469
 0 0.633469
 0 0.63347
 0 0.633473
 0 0.633476
 0 0.633483
 0 0.633483
 0 0.633486
 0 0.633487
 0 0.633506
 0 0.633507
 0 0.633511
 0 0.633511
 0 0.633512
 0 0.633512
 0 0.633536
 0 0.633537
 0 0.633539
 0 0.633549
 0 0.633552
 0 0.633553
 0 0.633558
 0 0.633562
 0 0.633572
 0 0.633573
 0 0.63358
 0 0.63358
 0 0.633587
 0 0.633616
 0 0.633619
 0 0.633621
 0 0.633634
 0 0.63366
 0 0.633685
 0 0.633685
 0 0.633685
 0 0.633693
 0 0.633708
 0 0.633708
 0 0.633713
 0 0.633714
 0 0.633714
 0 0.633714
 0 0.633718
 0 0.633726
 0 0.633752
 0 0.633752
 0 0.633755
 0 0.633756
 0 0.633756
 0 0.633757
 0 0.633757
 0 0.633759
 0 0.633759
 0 0.633772
 0 0.633772
 0 0.633773
 0 0.633777
 0 0.633777
 0 0.633777
 0 0.633796
 0 0.633802
 0 0.633803
 0 0.633804
 0 0.63381
 0 0.63381
 0 0.63381
 0 0.633811
 0 0.633812
 0 0.633812
 0 0.633815
 0 0.633815
 0 0.63382
 0 0.633822
 0 0.633822
 0 0.633823
 0 0.633833
 0 0.633845
 0 0.63385
 0 0.63385
 0 0.633852
 0 0.633869
 0 0.633874
 0 0.633876
 0 0.633878
 0 0.633878
 0 0.633884
 0 0.633888
 0 0.633888
 0 0.633891
 0 0.633891
 0 0.633891
 0 0.6339
 0 0.6339
 0 0.6339
 0 0.63391
 0 0.633929
 0 0.633929
 0 0.633941
 0 0.63395
 0 0.633952
 0 0.633952
 0 0.633954
 0 0.633955
 0 0.633956
 0 0.633968
 0 0.633969
 0 0.63397
 0 0.63397
 0 0.63397
 0 0.63397
 0 0.63397
 0 0.633973
 0 0.633974
 0 0.633976
 0 0.633977
 0 0.633977
 0 0.633977
 0 0.633987
 0 0.633995
 0 0.634035
 0 0.634036
 0 0.634052
 0 0.634053
 0 0.634062
 0 0.634063
 0 0.634063
 0 0.634102
 0 0.634103
 0 0.634123
 0 0.634124
 0 0.634131
 0 0.634131
 0 0.634131
 0 0.634134
 0 0.634148
 0 0.634148
 0 0.634163
 0 0.634173
 0 0.634174
 0 0.634177
 0 0.634177
 0 0.634183
 0 0.634184
 0 0.634185
 0 0.634187
 0 0.634187
 0 0.63419
 0 0.63419
 0 0.634216
 0 0.634216
 0 0.634226
 0 0.634226
 0 0.634228
 0 0.634228
 0 0.634228
 0 0.634238
 0 0.634239
 0 0.634239
 0 0.634262
 0 0.634265
 0 0.634269
 0 0.634278
 0 0.634279
 0 0.634279
 0 0.634279
 0 0.634283
 0 0.634283
 0 0.634283
 0 0.634285
 0 0.634285
 0 0.634285
 0 0.634286
 0 0.634289
 0 0.634314
 0 0.634326
 0 0.634327
 0 0.634329
 0 0.63435
 0 0.63435
 0 0.634351
 0 0.634351
 0 0.634354
 0 0.634354
 0 0.634355
 0 0.634356
 0 0.634362
 0 0.634362
 0 0.634369
 0 0.634369
 0 0.634369
 0 0.634369
 0 0.63437
 0 0.634386
 0 0.634403
 0 0.634408
 0 0.634428
 0 0.634428
 0 0.634436
 0 0.634437
 0 0.634439
 0 0.634439
 0 0.63444
 0 0.634453
 0 0.634454
 0 0.634465
 0 0.634471
 0 0.634472
 0 0.634472
 0 0.634503
 0 0.634503
 0 0.634505
 0 0.634505
 0 0.634512
 0 0.634512
 0 0.634547
 0 0.634547
 0 0.634572
 0 0.63459
 0 0.634594
 0 0.634595
 0 0.634595
 0 0.634604
 0 0.634604
 0 0.634605
 0 0.634605
 0 0.634605
 0 0.634629
 0 0.634634
 0 0.634634
 0 0.634634
 0 0.634636
 0 0.634645
 0 0.634645
 0 0.634654
 0 0.63466
 0 0.634669
 0 0.6347
 0 0.634701
 0 0.634714
 0 0.634717
 0 0.634723
 0 0.634727
 0 0.634741
 0 0.634741
 0 0.634741
 0 0.634742
 0 0.634743
 0 0.634743
 0 0.634745
 0 0.634745
 0 0.634754
 0 0.634767
 0 0.634771
 0 0.634775
 0 0.63478
 0 0.634784
 0 0.634795
 0 0.634797
 0 0.634802
 0 0.634802
 0 0.634812
 0 0.634838
 0 0.634838
 0 0.634848
 0 0.63485
 0 0.634866
 0 0.634868
 0 0.634878
 0 0.634897
 0 0.634897
 0 0.634897
 0 0.634908
 0 0.634943
 0 0.634947
 0 0.634994
 0 0.634994
 0 0.634994
 0 0.634997
 0 0.634997
 0 0.635003
 0 0.635003
 0 0.635004
 0 0.635004
 0 0.635011
 0 0.635011
 0 0.635012
 0 0.635033
 0 0.635033
 0 0.63504
 0 0.63504
 0 0.63506
 0 0.63506
 0 0.635065
 0 0.635067
 0 0.635067
 0 0.635067
 0 0.635072
 0 0.635084
 0 0.635091
 0 0.635092
 0 0.635093
 0 0.635093
 0 0.635095
 0 0.635099
 0 0.635105
 0 0.635119
 0 0.635119
 0 0.63512
 0 0.635124
 0 0.635124
 0 0.635125
 0 0.635129
 0 0.63514
 0 0.63514
 0 0.635142
 0 0.635142
 0 0.635142
 0 0.635148
 0 0.635148
 0 0.635172
 0 0.635174
 0 0.635174
 0 0.635174
 0 0.635186
 0 0.635209
 0 0.635209
 0 0.635212
 0 0.635212
 0 0.635229
 0 0.635236
 0 0.635236
 0 0.635236
 0 0.635243
 0 0.635248
 0 0.635254
 0 0.635256
 0 0.635279
 0 0.63529
 0 0.635305
 0 0.635305
 0 0.635305
 0 0.635333
 0 0.635338
 0 0.635338
 0 0.635338
 0 0.63534
 0 0.635342
 0 0.635353
 0 0.635381
 0 0.635385
 0 0.63539
 0 0.635395
 0 0.635395
 0 0.635395
 0 0.635395
 0 0.635396
 0 0.635396
 0 0.635396
 0 0.635396
 0 0.635403
 0 0.635404
 0 0.635419
 0 0.635419
 0 0.635419
 0 0.635419
 0 0.635419
 0 0.635427
 0 0.635432
 0 0.63544
 0 0.635449
 0 0.635452
 0 0.635454
 0 0.635461
 0 0.635461
 0 0.635461
 0 0.635468
 0 0.635468
 0 0.635468
 0 0.635492
 0 0.635492
 0 0.635497
 0 0.63555
 0 0.63555
 0 0.635554
 0 0.635554
 0 0.635558
 0 0.635561
 0 0.635579
 0 0.63559
 0 0.63561
 0 0.63561
 0 0.635612
 0 0.635614
 0 0.635632
 0 0.635634
 0 0.635634
 0 0.635635
 0 0.635637
 0 0.635638
 0 0.635644
 0 0.635644
 0 0.635645
 0 0.635645
 0 0.635651
 0 0.635658
 0 0.635708
 0 0.635728
 0 0.635745
 0 0.635752
 0 0.635772
 0 0.635773
 0 0.635773
 0 0.63578
 0 0.635783
 0 0.635796
 0 0.635826
 0 0.635834
 0 0.635834
 0 0.63584
 0 0.635844
 0 0.635844
 0 0.635844
 0 0.635856
 0 0.635856
 0 0.635863
 0 0.635868
 0 0.635868
 0 0.635929
 0 0.63593
 0 0.635965
 0 0.635971
 0 0.635972
 0 0.635972
 0 0.63599
 0 0.635991
 0 0.635991
 0 0.635996
 0 0.636049
 0 0.636072
 0 0.636095
 0 0.636114
 0 0.636117
 0 0.636117
 0 0.636117
 0 0.636126
 0 0.636168
 0 0.63617
 0 0.636176
 0 0.636201
 0 0.636201
 0 0.636206
 0 0.636206
 0 0.636206
 0 0.636208
 0 0.636209
 0 0.636224
 0 0.636229
 0 0.636231
 0 0.636231
 0 0.636231
 0 0.636251
 0 0.636262
 0 0.636268
 0 0.636269
 0 0.636269
 0 0.636285
 0 0.636288
 0 0.636288
 0 0.636314
 0 0.636314
 0 0.636314
 0 0.636318
 0 0.636318
 0 0.636362
 0 0.636362
 0 0.636363
 0 0.636379
 0 0.636379
 0 0.636385
 0 0.636397
 0 0.636397
 0 0.636397
 0 0.636402
 0 0.63648
 0 0.636486
 0 0.636492
 0 0.636494
 0 0.636494
 0 0.636496
 0 0.636499
 0 0.63658
 0 0.63658
 0 0.636592
 0 0.636592
 0 0.636617
 0 0.636639
 0 0.636644
 0 0.636651
 0 0.636732
 0 0.636742
 0 0.636743
 0 0.63675
 0 0.636756
 0 0.636756
 0 0.636756
 0 0.636757
 0 0.636759
 0 0.636759
 0 0.636762
 0 0.636766
 0 0.636775
 0 0.636777
 0 0.636777
 0 0.636798
 0 0.636801
 0 0.636808
 0 0.636808
 0 0.636809
 0 0.636836
 0 0.636855
 0 0.636855
 0 0.636873
 0 0.636874
 0 0.636874
 0 0.636881
 0 0.636881
 0 0.636913
 0 0.636921
 0 0.636932
 0 0.63698
 0 0.636985
 0 0.636987
 0 0.636987
 0 0.63699
 0 0.637004
 0 0.637012
 0 0.637012
 0 0.637024
 0 0.63703
 0 0.637035
 0 0.637037
 0 0.63704
 0 0.637061
 0 0.637066
 0 0.637087
 0 0.637087
 0 0.637087
 0 0.637087
 0 0.637104
 0 0.637106
 0 0.637106
 0 0.637114
 0 0.637114
 0 0.637184
 0 0.63723
 0 0.637231
 0 0.637233
 0 0.637233
 0 0.637243
 0 0.637243
 0 0.637243
 0 0.637249
 0 0.637278
 0 0.637279
 0 0.637307
 0 0.637307
 0 0.637307
 0 0.637307
 0 0.637312
 0 0.637312
 0 0.637314
 0 0.637321
 0 0.637321
 0 0.637361
 0 0.637361
 0 0.637361
 0 0.637362
 0 0.637362
 0 0.637385
 0 0.637385
 0 0.637385
 0 0.637385
 0 0.637386
 0 0.637389
 0 0.637414
 0 0.637414
 0 0.637419
 0 0.637467
 0 0.637471
 0 0.637471
 0 0.637472
 0 0.637475
 0 0.637496
 0 0.637497
 0 0.637504
 0 0.63753
 0 0.63753
 0 0.63753
 0 0.637544
 0 0.637544
 0 0.637572
 0 0.637572
 0 0.637573
 0 0.637578
 0 0.637603
 0 0.637603
 0 0.637624
 0 0.637624
 0 0.637663
 0 0.637663
 0 0.63767
 0 0.63767
 0 0.637677
 0 0.637677
 0 0.637697
 0 0.637697
 0 0.637725
 0 0.637725
 0 0.637725
 0 0.637726
 0 0.637745
 0 0.63775
 0 0.63775
 0 0.637751
 0 0.637751
 0 0.637751
 0 0.637765
 0 0.637791
 0 0.63783
 0 0.63783
 0 0.637904
 0 0.637905
 0 0.637905
 0 0.637915
 0 0.637921
 0 0.637931
 0 0.637938
 0 0.637938
 0 0.637949
 0 0.637961
 0 0.637961
 0 0.637961
 0 0.637972
 0 0.637976
 0 0.637976
 0 0.638006
 0 0.638018
 0 0.638018
 0 0.638019
 0 0.638039
 0 0.638041
 0 0.638042
 0 0.638042
 0 0.638042
 0 0.638044
 0 0.638044
 0 0.638052
 0 0.638056
 0 0.638056
 0 0.638081
 0 0.638082
 0 0.638084
 0 0.638177
 0 0.638177
 0 0.63818
 0 0.63818
 0 0.638199
 0 0.638199
 0 0.6382
 0 0.638208
 0 0.638208
 0 0.638233
 0 0.638233
 0 0.638299
 0 0.638461
 0 0.638467
 0 0.638517
 0 0.638517
 0 0.638534
 0 0.638544
 0 0.638544
 0 0.638567
 0 0.638572
 0 0.638612
 0 0.638612
 0 0.638663
 0 0.638664
 0 0.638755
 0 0.638816
 0 0.638848
 0 0.638848
 0 0.638874
 0 0.638978
 0 0.638979
 0 0.639034
 0 0.639041
 0 0.639041
 0 0.639041
 0 0.639042
 0 0.639065
 0 0.639065
 0 0.639192
 0 0.639194
 0 0.639195
 0 0.639311
 0 0.639314
 0 0.639495
 0 0.639639
 0 0.63964
 0 0.639641
 0 0.639849
 0 0.640133
 0 0.640134
 0 0.640349
 0 0.64035
 0 0.640353
 0 0.640354
 0 0.643903
 0 0.643953
 0 0.643953
 0 0.644208
 0 0.644208
 0 0.644695
 0 inf
