 0 0.485569
 0 0.486002
 0 0.486003
 0 0.486211
 0 0.486211
 0 0.486211
 0 0.49669
 0 0.49669
 0 0.49669
 0 0.497026
 0 0.497061
 0 0.497062
 0 0.624985
 0 0.625624
 0 0.625853
 0 0.625853
 0 0.625854
 0 0.625854
 0 0.626592
 0 0.626602
 0 0.626602
 0 0.626899
 0 0.6269
 0 0.6269
 0 0.626945
 0 0.626945
 0 0.626945
 0 0.626945
 0 0.626945
 0 0.627137
 0 0.627137
 0 0.627137
 0 0.627192
 0 0.627294
 0 0.627388
 0 0.62742
 0 0.627431
 0 0.627549
 0 0.62755
 0 0.627551
 0 0.627552
 0 0.627552
 0 0.627552
 0 0.627583
 0 0.627584
 0 0.627606
 0 0.627606
 0 0.627659
 0 0.627696
 0 0.627765
 0 0.627894
 0 0.627895
 0 0.627917
 0 0.627934
 0 0.627934
 0 0.627982
 0 0.627983
 0 0.627985
 0 0.627985
 0 0.628055
 0 0.628156
 0 0.628158
 0 0.628182
 0 0.628183
 0 0.628218
 0 0.628218
 0 0.62823
 0 0.62823
 0 0.628238
 0 0.628242
 0 0.628245
 0 0.628246
 0 0.628246
 0 0.628277
 0 0.628279
 0 0.628279
 0 0.628364
 0 0.628364
 0 0.628399
 0 0.628411
 0 0.628449
 0 0.628514
 0 0.62852
 0 0.628521
 0 0.62866
 0 0.62868
 0 0.628729
 0 0.628734
 0 0.628735
 0 0.628735
 0 0.628735
 0 0.628735
 0 0.62883
 0 0.628902
 0 0.628902
 0 0.628948
 0 0.628948
 0 0.628948
 0 0.628948
 0 0.628989
 0 0.628989
 0 0.628989
 0 0.628989
 0 0.628989
 0 0.629031
 0 0.629031
 0 0.62908
 0 0.629108
 0 0.629108
 0 0.629122
 0 0.62913
 0 0.62913
 0 0.629152
 0 0.629152
 0 0.629159
 0 0.629159
 0 0.62917
 0 0.62918
 0 0.629204
 0 0.629204
 0 0.629204
 0 0.629236
 0 0.629357
 0 0.629364
 0 0.629391
 0 0.629412
 0 0.62944
 0 0.62944
 0 0.62944
 0 0.62944
 0 0.629448
 0 0.629458
 0 0.629458
 0 0.629458
 0 0.629598
 0 0.629599
 0 0.629603
 0 0.629604
 0 0.629604
 0 0.629604
 0 0.629604
 0 0.629604
 0 0.629622
 0 0.629622
 0 0.629637
 0 0.629687
 0 0.629687
 0 0.629695
 0 0.629695
 0 0.629695
 0 0.629745
 0 0.629746
 0 0.629759
 0 0.629759
 0 0.629771
 0 0.629772
 0 0.629781
 0 0.629781
 0 0.62982
 0 0.629821
 0 0.629821
 0 0.629855
 0 0.629874
 0 0.629878
 0 0.629894
 0 0.629904
 0 0.629904
 0 0.629971
 0 0.629972
 0 0.629973
 0 0.629973
 0 0.629973
 0 0.629973
 0 0.629985
 0 0.630011
 0 0.630011
 0 0.630011
 0 0.630012
 0 0.630013
 0 0.630013
 0 0.630098
 0 0.630099
 0 0.630099
 0 0.630107
 0 0.630107
 0 0.630107
 0 0.630107
 0 0.630108
 0 0.630123
 0 0.630138
 0 0.630152
 0 0.630152
 0 0.630156
 0 0.630161
 0 0.630179
 0 0.630213
 0 0.630214
 0 0.630222
 0 0.630222
 0 0.630238
 0 0.630238
 0 0.630264
 0 0.630266
 0 0.63027
 0 0.63027
 0 0.63027
 0 0.63027
 0 0.63029
 0 0.630299
 0 0.630299
 0 0.630317
 0 0.630347
 0 0.630349
 0 0.630354
 0 0.630403
 0 0.630404
 0 0.630404
 0 0.630417
 0 0.630429
 0 0.630429
 0 0.630435
 0 0.630443
 0 0.630445
 0 0.630448
 0 0.63047
 0 0.630471
 0 0.63048
 0 0.630519
 0 0.630519
 0 0.630544
 0 0.630544
 0 0.630585
 0 0.630585
 0 0.630585
 0 0.630594
 0 0.630594
 0 0.630636
 0 0.630637
 0 0.630637
 0 0.630663
 0 0.630673
 0 0.630674
 0 0.630674
 0 0.630686
 0 0.630687
 0 0.630687
 0 0.630687
 0 0.630688
 0 0.630689
 0 0.63069
 0 0.63069
 0 0.63069
 0 0.630699
 0 0.630699
 0 0.630705
 0 0.630718
 0 0.630718
 0 0.630719
 0 0.63075
 0 0.630754
 0 0.630757
 0 0.630757
 0 0.630768
 0 0.630768
 0 0.630788
 0 0.630789
 0 0.6308
 0 0.630807
 0 0.630807
 0 0.630822
 0 0.630823
 0 0.630838
 0 0.630838
 0 0.630861
 0 0.630861
 0 0.630864
 0 0.630864
 0 0.630865
 0 0.630865
 0 0.63087
 0 0.630898
 0 0.630899
 0 0.630899
 0 0.6309
 0 0.6309
 0 0.630904
 0 0.630909
 0 0.631039
 0 0.631039
 0 0.63104
 0 0.63104
 0 0.631063
 0 0.631063
 0 0.631064
 0 0.631065
 0 0.631068
 0 0.631079
 0 0.631089
 0 0.631096
 0 0.631107
 0 0.63111
 0 0.631137
 0 0.631137
 0 0.631137
 0 0.631137
 0 0.631137
 0 0.631138
 0 0.631149
 0 0.631151
 0 0.631162
 0 0.631162
 0 0.631163
 0 0.631163
 0 0.631165
 0 0.631165
 0 0.631197
 0 0.631199
 0 0.6312
 0 0.631201
 0 0.631216
 0 0.631216
 0 0.631217
 0 0.631218
 0 0.631225
 0 0.631244
 0 0.631244
 0 0.631268
 0 0.631269
 0 0.631304
 0 0.631305
 0 0.631305
 0 0.631305
 0 0.63131
 0 0.631312
 0 0.631317
 0 0.631317
 0 0.631317
 0 0.631326
 0 0.631327
 0 0.631328
 0 0.631353
 0 0.631366
 0 0.631383
 0 0.631384
 0 0.631384
 0 0.6314
 0 0.631415
 0 0.631421
 0 0.631451
 0 0.631451
 0 0.631452
 0 0.631466
 0 0.631466
 0 0.631466
 0 0.631474
 0 0.631477
 0 0.631477
 0 0.631477
 0 0.631477
 0 0.631482
 0 0.631487
 0 0.631487
 0 0.63149
 0 0.63149
 0 0.631509
 0 0.63151
 0 0.63151
 0 0.631526
 0 0.631526
 0 0.631526
 0 0.631526
 0 0.631529
 0 0.631529
 0 0.631529
 0 0.63159
 0 0.63159
 0 0.631609
 0 0.631612
 0 0.631612
 0 0.631618
 0 0.631618
 0 0.631619
 0 0.631619
 0 0.631632
 0 0.631635
 0 0.631636
 0 0.631649
 0 0.631649
 0 0.631684
 0 0.631684
 0 0.631697
 0 0.631735
 0 0.631735
 0 0.631736
 0 0.631736
 0 0.631736
 0 0.631768
 0 0.631768
 0 0.631768
 0 0.631788
 0 0.631802
 0 0.631811
 0 0.631818
 0 0.631818
 0 0.631819
 0 0.631838
 0 0.631841
 0 0.631843
 0 0.631858
 0 0.631858
 0 0.631858
 0 0.631858
 0 0.631859
 0 0.631869
 0 0.631869
 0 0.631869
 0 0.63187
 0 0.63187
 0 0.63191
 0 0.631919
 0 0.631925
 0 0.631926
 0 0.631926
 0 0.631934
 0 0.631961
 0 0.631966
 0 0.631976
 0 0.631976
 0 0.631979
 0 0.631979
 0 0.631989
 0 0.63199
 0 0.631997
 0 0.632001
 0 0.632001
 0 0.632006
 0 0.632006
 0 0.632008
 0 0.632016
 0 0.632016
 0 0.632021
 0 0.632046
 0 0.632046
 0 0.632079
 0 0.63208
 0 0.63208
 0 0.632081
 0 0.632092
 0 0.632096
 0 0.632096
 0 0.632096
 0 0.632096
 0 0.632112
 0 0.632112
 0 0.632112
 0 0.632113
 0 0.632114
 0 0.632116
 0 0.632116
 0 0.632117
 0 0.632117
 0 0.632118
 0 0.632153
 0 0.632153
 0 0.632155
 0 0.632155
 0 0.632206
 0 0.632206
 0 0.632234
 0 0.632234
 0 0.632241
 0 0.632241
 0 0.632241
 0 0.632245
 0 0.632245
 0 0.632245
 0 0.632246
 0 0.632252
 0 0.632256
 0 0.632257
 0 0.632258
 0 0.632258
 0 0.632279
 0 0.632279
 0 0.632285
 0 0.632285
 0 0.632292
 0 0.632292
 0 0.632293
 0 0.632293
 0 0.632307
 0 0.632307
 0 0.632334
 0 0.632378
 0 0.632378
 0 0.632378
 0 0.632378
 0 0.632379
 0 0.632388
 0 0.632389
 0 0.632389
 0 0.632399
 0 0.632416
 0 0.632416
 0 0.632424
 0 0.632432
 0 0.632457
 0 0.632457
 0 0.632457
 0 0.632457
 0 0.632459
 0 0.632459
 0 0.632459
 0 0.632463
 0 0.632463
 0 0.632463
 0 0.632463
 0 0.632482
 0 0.632484
 0 0.632485
 0 0.632485
 0 0.632503
 0 0.632504
 0 0.632505
 0 0.632519
 0 0.63252
 0 0.63252
 0 0.63252
 0 0.632521
 0 0.632521
 0 0.632521
 0 0.632523
 0 0.632533
 0 0.632533
 0 0.632541
 0 0.632541
 0 0.632545
 0 0.632545
 0 0.632548
 0 0.632553
 0 0.632555
 0 0.632555
 0 0.632561
 0 0.632561
 0 0.632627
 0 0.632627
 0 0.632628
 0 0.632634
 0 0.632639
 0 0.632644
 0 0.632644
 0 0.63266
 0 0.632662
 0 0.632666
 0 0.632666
 0 0.632668
 0 0.632668
 0 0.632672
 0 0.632675
 0 0.632675
 0 0.632676
 0 0.632679
 0 0.63268
 0 0.632699
 0 0.632713
 0 0.632713
 0 0.632713
 0 0.632715
 0 0.632715
 0 0.632716
 0 0.632716
 0 0.632737
 0 0.632741
 0 0.632741
 0 0.632754
 0 0.632763
 0 0.632766
 0 0.632767
 0 0.632767
 0 0.632768
 0 0.632772
 0 0.632772
 0 0.632772
 0 0.632791
 0 0.632791
 0 0.63283
 0 0.632862
 0 0.632862
 0 0.632862
 0 0.632868
 0 0.632869
 0 0.632869
 0 0.632869
 0 0.632871
 0 0.632871
 0 0.632886
 0 0.632888
 0 0.632889
 0 0.632892
 0 0.632892
 0 0.632892
 0 0.632906
 0 0.632934
 0 0.632942
 0 0.632942
 0 0.632943
 0 0.632949
 0 0.632957
 0 0.632957
 0 0.63299
 0 0.63299
 0 0.632999
 0 0.633005
 0 0.633006
 0 0.633006
 0 0.633008
 0 0.63301
 0 0.633014
 0 0.633014
 0 0.633023
 0 0.633024
 0 0.633041
 0 0.633041
 0 0.633041
 0 0.633041
 0 0.633044
 0 0.633061
 0 0.633063
 0 0.633064
 0 0.633065
 0 0.633065
 0 0.633072
 0 0.633072
 0 0.633073
 0 0.633073
 0 0.633073
 0 0.633073
 0 0.633074
 0 0.633096
 0 0.633096
 0 0.633102
 0 0.633102
 0 0.633123
 0 0.633123
 0 0.633123
 0 0.633146
 0 0.633146
 0 0.633146
 0 0.633146
 0 0.633149
 0 0.633149
 0 0.633149
 0 0.633149
 0 0.633152
 0 0.633153
 0 0.63316
 0 0.633171
 0 0.633174
 0 0.633174
 0 0.633174
 0 0.633177
 0 0.633177
 0 0.633178
 0 0.633178
 0 0.633187
 0 0.633189
 0 0.633192
 0 0.633192
 0 0.633193
 0 0.6332
 0 0.6332
 0 0.6332
 0 0.633207
 0 0.633243
 0 0.633244
 0 0.633244
 0 0.633244
 0 0.633269
 0 0.633279
 0 0.633305
 0 0.633309
 0 0.63331
 0 0.63331
 0 0.633373
 0 0.633373
 0 0.633388
 0 0.633388
 0 0.633412
 0 0.633422
 0 0.633424
 0 0.633424
 0 0.633428
 0 0.633434
 0 0.633445
 0 0.633445
 0 0.633448
 0 0.63345
 0 0.633461
 0 0.633462
 0 0.633473
 0 0.63348
 0 0.63348
 0 0.633487
 0 0.633489
 0 0.633499
 0 0.633503
 0 0.633504
 0 0.633506
 0 0.633507
 0 0.633508
 0 0.63351
 0 0.63351
 0 0.63351
 0 0.633519
 0 0.633519
 0 0.633531
 0 0.633532
 0 0.633532
 0 0.633553
 0 0.633553
 0 0.633553
 0 0.633557
 0 0.633557
 0 0.633558
 0 0.633558
 0 0.633571
 0 0.633572
 0 0.633584
 0 0.633584
 0 0.633584
 0 0.63361
 0 0.633613
 0 0.633615
 0 0.633615
 0 0.633616
 0 0.633619
 0 0.633621
 0 0.633638
 0 0.633646
 0 0.633646
 0 0.633648
 0 0.63366
 0 0.63366
 0 0.633661
 0 0.633665
 0 0.633667
 0 0.633667
 0 0.633667
 0 0.633667
 0 0.633667
 0 0.633667
 0 0.633667
 0 0.633671
 0 0.633672
 0 0.633673
 0 0.633676
 0 0.633686
 0 0.633688
 0 0.633699
 0 0.633699
 0 0.633699
 0 0.633702
 0 0.633702
 0 0.633705
 0 0.633713
 0 0.633718
 0 0.633718
 0 0.633718
 0 0.633726
 0 0.633726
 0 0.63373
 0 0.63374
 0 0.63374
 0 0.63374
 0 0.633742
 0 0.633742
 0 0.633746
 0 0.633761
 0 0.633761
 0 0.633762
 0 0.633762
 0 0.633762
 0 0.633762
 0 0.633763
 0 0.633779
 0 0.63378
 0 0.63378
 0 0.633781
 0 0.633783
 0 0.633785
 0 0.633786
 0 0.633786
 0 0.633792
 0 0.633792
 0 0.633792
 0 0.633792
 0 0.633792
 0 0.633794
 0 0.633801
 0 0.633804
 0 0.633816
 0 0.633821
 0 0.633821
 0 0.633821
 0 0.633835
 0 0.633836
 0 0.633839
 0 0.63384
 0 0.633841
 0 0.633851
 0 0.633852
 0 0.633856
 0 0.633856
 0 0.633857
 0 0.633862
 0 0.633862
 0 0.633869
 0 0.633879
 0 0.633879
 0 0.633879
 0 0.633893
 0 0.633893
 0 0.633894
 0 0.633897
 0 0.633912
 0 0.633913
 0 0.633914
 0 0.633914
 0 0.633918
 0 0.633918
 0 0.633919
 0 0.633931
 0 0.633931
 0 0.633931
 0 0.633934
 0 0.633949
 0 0.633949
 0 0.633949
 0 0.633952
 0 0.633953
 0 0.633964
 0 0.633964
 0 0.633964
 0 0.633964
 0 0.633973
 0 0.633987
 0 0.633988
 0 0.633988
 0 0.634013
 0 0.634013
 0 0.634014
 0 0.63402
 0 0.634021
 0 0.634021
 0 0.634023
 0 0.634026
 0 0.634048
 0 0.634048
 0 0.634048
 0 0.634067
 0 0.634067
 0 0.634067
 0 0.634075
 0 0.634075
 0 0.634085
 0 0.634086
 0 0.634093
 0 0.634094
 0 0.634101
 0 0.634102
 0 0.634126
 0 0.634144
 0 0.634156
 0 0.634158
 0 0.634158
 0 0.634179
 0 0.634179
 0 0.634179
 0 0.634191
 0 0.634202
 0 0.634202
 0 0.634214
 0 0.634214
 0 0.634215
 0 0.634219
 0 0.634219
 0 0.634225
 0 0.634225
 0 0.634227
 0 0.634232
 0 0.634233
 0 0.634247
 0 0.634247
 0 0.634248
 0 0.634248
 0 0.634258
 0 0.634258
 0 0.634258
 0 0.634264
 0 0.634277
 0 0.634278
 0 0.634278
 0 0.634279
 0 0.634293
 0 0.634293
 0 0.634293
 0 0.634293
 0 0.634295
 0 0.634295
 0 0.634301
 0 0.634301
 0 0.634322
 0 0.634322
 0 0.634323
 0 0.634323
 0 0.634323
 0 0.634323
 0 0.634324
 0 0.634329
 0 0.634331
 0 0.634332
 0 0.634353
 0 0.634354
 0 0.634356
 0 0.634357
 0 0.634371
 0 0.634416
 0 0.634416
 0 0.634416
 0 0.63442
 0 0.634421
 0 0.634422
 0 0.634423
 0 0.634424
 0 0.63443
 0 0.634435
 0 0.634441
 0 0.634441
 0 0.634441
 0 0.634442
 0 0.634455
 0 0.634456
 0 0.634456
 0 0.634456
 0 0.634456
 0 0.634462
 0 0.634484
 0 0.634484
 0 0.63449
 0 0.634502
 0 0.634502
 0 0.634502
 0 0.634503
 0 0.634504
 0 0.634505
 0 0.634511
 0 0.634513
 0 0.634517
 0 0.634539
 0 0.634539
 0 0.634541
 0 0.634585
 0 0.6346
 0 0.6346
 0 0.6346
 0 0.634602
 0 0.634606
 0 0.634607
 0 0.63461
 0 0.634623
 0 0.634623
 0 0.634623
 0 0.634625
 0 0.634626
 0 0.634631
 0 0.634631
 0 0.634631
 0 0.634631
 0 0.634632
 0 0.634638
 0 0.634645
 0 0.634645
 0 0.634646
 0 0.634646
 0 0.634646
 0 0.634654
 0 0.634659
 0 0.634659
 0 0.63466
 0 0.634685
 0 0.634685
 0 0.634688
 0 0.634688
 0 0.634688
 0 0.634694
 0 0.634698
 0 0.634729
 0 0.634733
 0 0.634734
 0 0.634734
 0 0.634734
 0 0.634737
 0 0.634765
 0 0.634768
 0 0.634769
 0 0.63477
 0 0.634793
 0 0.634793
 0 0.634795
 0 0.634803
 0 0.634803
 0 0.634803
 0 0.634806
 0 0.634806
 0 0.634807
 0 0.634807
 0 0.634815
 0 0.634815
 0 0.63482
 0 0.63482
 0 0.634821
 0 0.634821
 0 0.634823
 0 0.634828
 0 0.634828
 0 0.634835
 0 0.634836
 0 0.634836
 0 0.63484
 0 0.63484
 0 0.63484
 0 0.634842
 0 0.634843
 0 0.634871
 0 0.634875
 0 0.634901
 0 0.634901
 0 0.634921
 0 0.634921
 0 0.634931
 0 0.634932
 0 0.634963
 0 0.634964
 0 0.634966
 0 0.634966
 0 0.634967
 0 0.634972
 0 0.634973
 0 0.634981
 0 0.634983
 0 0.634983
 0 0.634983
 0 0.634984
 0 0.634984
 0 0.634985
 0 0.634987
 0 0.634988
 0 0.63499
 0 0.63499
 0 0.634992
 0 0.635013
 0 0.635013
 0 0.63502
 0 0.635032
 0 0.635033
 0 0.635033
 0 0.635033
 0 0.63504
 0 0.635042
 0 0.635042
 0 0.635067
 0 0.635067
 0 0.635067
 0 0.635072
 0 0.635072
 0 0.635073
 0 0.635101
 0 0.635101
 0 0.635103
 0 0.635108
 0 0.635114
 0 0.635125
 0 0.635133
 0 0.635157
 0 0.635157
 0 0.635157
 0 0.635157
 0 0.635157
 0 0.635173
 0 0.635182
 0 0.635183
 0 0.635186
 0 0.635188
 0 0.635188
 0 0.635195
 0 0.635234
 0 0.635234
 0 0.635236
 0 0.635236
 0 0.635236
 0 0.635237
 0 0.635237
 0 0.63526
 0 0.635268
 0 0.635269
 0 0.635287
 0 0.635287
 0 0.635287
 0 0.635299
 0 0.635299
 0 0.635299
 0 0.635306
 0 0.635315
 0 0.635315
 0 0.635315
 0 0.635316
 0 0.635316
 0 0.635342
 0 0.635353
 0 0.635354
 0 0.635354
 0 0.635354
 0 0.635391
 0 0.635442
 0 0.635442
 0 0.635445
 0 0.635445
 0 0.635448
 0 0.635448
 0 0.635448
 0 0.635448
 0 0.635453
 0 0.635473
 0 0.635482
 0 0.635494
 0 0.635495
 0 0.635511
 0 0.635511
 0 0.635512
 0 0.635514
 0 0.635514
 0 0.635515
 0 0.635515
 0 0.635516
 0 0.635516
 0 0.635516
 0 0.635519
 0 0.635525
 0 0.635526
 0 0.635528
 0 0.635528
 0 0.635538
 0 0.635551
 0 0.635552
 0 0.635554
 0 0.635563
 0 0.635595
 0 0.635596
 0 0.635617
 0 0.635617
 0 0.635621
 0 0.635621
 0 0.635633
 0 0.635635
 0 0.635661
 0 0.635663
 0 0.635664
 0 0.635699
 0 0.6357
 0 0.635705
 0 0.63573
 0 0.63573
 0 0.635732
 0 0.635744
 0 0.635745
 0 0.635745
 0 0.635752
 0 0.635752
 0 0.635755
 0 0.635757
 0 0.635784
 0 0.635784
 0 0.635785
 0 0.63579
 0 0.635794
 0 0.635794
 0 0.635795
 0 0.635813
 0 0.635814
 0 0.635814
 0 0.635814
 0 0.635831
 0 0.63584
 0 0.635842
 0 0.63585
 0 0.63585
 0 0.635853
 0 0.635854
 0 0.635906
 0 0.635908
 0 0.635908
 0 0.635912
 0 0.635912
 0 0.635913
 0 0.635913
 0 0.635921
 0 0.635929
 0 0.635931
 0 0.635932
 0 0.635944
 0 0.635944
 0 0.635945
 0 0.635945
 0 0.635945
 0 0.635954
 0 0.635979
 0 0.635998
 0 0.635999
 0 0.636
 0 0.636002
 0 0.636002
 0 0.636003
 0 0.636004
 0 0.636007
 0 0.63603
 0 0.63603
 0 0.636036
 0 0.636044
 0 0.636044
 0 0.636046
 0 0.636048
 0 0.63607
 0 0.63607
 0 0.636098
 0 0.636098
 0 0.636098
 0 0.636108
 0 0.636111
 0 0.636111
 0 0.636115
 0 0.636115
 0 0.636115
 0 0.636136
 0 0.636136
 0 0.636149
 0 0.636149
 0 0.636183
 0 0.636195
 0 0.636195
 0 0.636195
 0 0.636195
 0 0.636197
 0 0.636251
 0 0.636253
 0 0.636262
 0 0.636268
 0 0.636274
 0 0.636277
 0 0.636277
 0 0.636278
 0 0.636296
 0 0.636296
 0 0.636311
 0 0.636311
 0 0.636312
 0 0.636322
 0 0.636322
 0 0.636333
 0 0.636373
 0 0.636374
 0 0.636374
 0 0.636374
 0 0.636374
 0 0.636375
 0 0.63639
 0 0.636391
 0 0.636392
 0 0.636392
 0 0.636392
 0 0.636392
 0 0.636394
 0 0.636394
 0 0.636395
 0 0.636407
 0 0.636411
 0 0.636411
 0 0.636438
 0 0.636464
 0 0.63647
 0 0.63647
 0 0.63647
 0 0.63647
 0 0.636472
 0 0.636479
 0 0.636505
 0 0.636526
 0 0.636526
 0 0.636527
 0 0.636528
 0 0.636573
 0 0.636574
 0 0.636574
 0 0.636574
 0 0.636575
 0 0.636586
 0 0.636587
 0 0.636608
 0 0.636608
 0 0.636636
 0 0.636636
 0 0.636636
 0 0.636642
 0 0.636642
 0 0.636664
 0 0.636665
 0 0.636667
 0 0.636668
 0 0.636668
 0 0.636668
 0 0.636708
 0 0.636709
 0 0.63671
 0 0.636711
 0 0.636711
 0 0.636711
 0 0.636712
 0 0.636712
 0 0.636724
 0 0.636724
 0 0.636724
 0 0.636743
 0 0.636743
 0 0.636743
 0 0.636743
 0 0.636744
 0 0.636745
 0 0.636799
 0 0.636799
 0 0.6368
 0 0.636801
 0 0.636815
 0 0.636824
 0 0.636824
 0 0.636824
 0 0.63684
 0 0.63684
 0 0.636902
 0 0.636903
 0 0.636918
 0 0.636926
 0 0.636926
 0 0.636978
 0 0.636978
 0 0.636978
 0 0.636979
 0 0.636992
 0 0.636992
 0 0.637008
 0 0.637013
 0 0.637013
 0 0.637013
 0 0.637013
 0 0.637013
 0 0.637095
 0 0.637095
 0 0.637095
 0 0.6371
 0 0.637101
 0 0.637133
 0 0.637134
 0 0.637134
 0 0.637223
 0 0.637239
 0 0.637239
 0 0.637248
 0 0.637252
 0 0.637264
 0 0.637265
 0 0.637296
 0 0.637296
 0 0.637307
 0 0.637338
 0 0.637339
 0 0.63734
 0 0.637348
 0 0.637348
 0 0.63737
 0 0.637371
 0 0.637371
 0 0.637371
 0 0.637378
 0 0.637378
 0 0.63738
 0 0.63738
 0 0.637392
 0 0.637394
 0 0.637427
 0 0.637446
 0 0.637446
 0 0.637446
 0 0.63745
 0 0.63746
 0 0.637481
 0 0.637536
 0 0.637538
 0 0.637538
 0 0.63756
 0 0.637562
 0 0.637562
 0 0.637577
 0 0.63758
 0 0.63758
 0 0.637605
 0 0.637619
 0 0.637652
 0 0.637709
 0 0.637723
 0 0.637723
 0 0.637728
 0 0.637729
 0 0.637804
 0 0.637804
 0 0.637804
 0 0.637804
 0 0.637808
 0 0.637832
 0 0.637832
 0 0.637839
 0 0.637855
 0 0.637855
 0 0.637855
 0 0.637879
 0 0.63788
 0 0.637886
 0 0.637907
 0 0.637907
 0 0.637907
 0 0.637911
 0 0.637911
 0 0.637961
 0 0.637961
 0 0.637973
 0 0.637974
 0 0.63802
 0 0.638027
 0 0.638027
 0 0.638027
 0 0.638027
 0 0.638082
 0 0.638093
 0 0.638097
 0 0.638098
 0 0.638099
 0 0.638145
 0 0.638155
 0 0.638155
 0 0.638226
 0 0.638239
 0 0.638295
 0 0.63835
 0 0.638412
 0 0.638412
 0 0.638432
 0 0.638449
 0 0.638449
 0 0.638449
 0 0.638507
 0 0.638507
 0 0.638555
 0 0.638588
 0 0.638588
 0 0.6386
 0 0.6386
 0 0.638638
 0 0.638639
 0 0.638658
 0 0.638659
 0 0.638688
 0 0.638799
 0 0.638807
 0 0.638807
 0 0.638807
 0 0.638807
 0 0.638807
 0 0.63881
 0 0.63881
 0 0.638835
 0 0.638869
 0 0.638919
 0 0.638919
 0 0.638919
 0 0.638936
 0 0.638937
 0 0.638944
 0 0.63909
 0 0.639091
 0 0.639101
 0 0.63913
 0 0.639169
 0 0.639169
 0 0.639232
 0 0.639232
 0 0.639233
 0 0.639257
 0 0.639258
 0 0.639258
 0 0.639387
 0 0.639388
 0 0.639448
 0 0.63968
 0 0.639735
 0 0.639735
 0 0.639775
 0 0.639776
 0 0.639972
 0 0.639972
 0 0.639973
 0 0.639973
 0 0.640106
 0 0.640106
 0 0.640106
 0 0.640335
 0 0.640419
 0 0.640475
 0 0.640476
 0 0.640476
 0 0.640476
 0 0.64072
 0 0.641061
 0 0.641062
 0 0.642259
 0 0.642261
 0 0.642424
 0 0.642424
 0 0.642536
 0 0.642579
 0 0.642581
 0 0.642581
 0 0.64338
 0 0.64338
 0 0.643382
 0 0.643598
 0 inf
