 0 0.486508
 0 0.486814
 0 0.487235
 0 0.487236
 0 0.48725
 0 0.487251
 0 0.487251
 0 0.48773
 0 0.487731
 0 0.488087
 0 0.488087
 0 0.488099
 0 0.488143
 0 0.488235
 0 0.488395
 0 0.488395
 0 0.488395
 0 0.488725
 0 0.488725
 0 0.488725
 0 0.488725
 0 0.489137
 0 0.489723
 0 0.489724
 0 0.622348
 0 0.622348
 0 0.622445
 0 0.622729
 0 0.622729
 0 0.62273
 0 0.623018
 0 0.623018
 0 0.623018
 0 0.623141
 0 0.623141
 0 0.623141
 0 0.623141
 0 0.623297
 0 0.623462
 0 0.623463
 0 0.623635
 0 0.62408
 0 0.624994
 0 0.624995
 0 0.62541
 0 0.62556
 0 0.62556
 0 0.625624
 0 0.625624
 0 0.625737
 0 0.625738
 0 0.62582
 0 0.625821
 0 0.625821
 0 0.625832
 0 0.625832
 0 0.625893
 0 0.625953
 0 0.625953
 0 0.626131
 0 0.626142
 0 0.626152
 0 0.626288
 0 0.626288
 0 0.626289
 0 0.626371
 0 0.626371
 0 0.626371
 0 0.626375
 0 0.626443
 0 0.626473
 0 0.626474
 0 0.626691
 0 0.626691
 0 0.626829
 0 0.626892
 0 0.626892
 0 0.626892
 0 0.626892
 0 0.626921
 0 0.626968
 0 0.627086
 0 0.627088
 0 0.627088
 0 0.627088
 0 0.627105
 0 0.627139
 0 0.627227
 0 0.627272
 0 0.627272
 0 0.627272
 0 0.627287
 0 0.627297
 0 0.627313
 0 0.627313
 0 0.627396
 0 0.627604
 0 0.627606
 0 0.627665
 0 0.627689
 0 0.627689
 0 0.627888
 0 0.627918
 0 0.627919
 0 0.628069
 0 0.628078
 0 0.628078
 0 0.6281
 0 0.628126
 0 0.628268
 0 0.628268
 0 0.62827
 0 0.628271
 0 0.628287
 0 0.628327
 0 0.628562
 0 0.628587
 0 0.628587
 0 0.628621
 0 0.628638
 0 0.628638
 0 0.628638
 0 0.628686
 0 0.628688
 0 0.628689
 0 0.6289
 0 0.6289
 0 0.628921
 0 0.629066
 0 0.629067
 0 0.629067
 0 0.629067
 0 0.629067
 0 0.629115
 0 0.629115
 0 0.629148
 0 0.629216
 0 0.62928
 0 0.62928
 0 0.629293
 0 0.629293
 0 0.629293
 0 0.629335
 0 0.629426
 0 0.629426
 0 0.629426
 0 0.629442
 0 0.629477
 0 0.629479
 0 0.62955
 0 0.629551
 0 0.629551
 0 0.629566
 0 0.629567
 0 0.629576
 0 0.629633
 0 0.629634
 0 0.629673
 0 0.629674
 0 0.62968
 0 0.629681
 0 0.629681
 0 0.629681
 0 0.629707
 0 0.629771
 0 0.62984
 0 0.629841
 0 0.629847
 0 0.629871
 0 0.629921
 0 0.629922
 0 0.629922
 0 0.629927
 0 0.629927
 0 0.63003
 0 0.630031
 0 0.630032
 0 0.630055
 0 0.630055
 0 0.630138
 0 0.630138
 0 0.630176
 0 0.630176
 0 0.630204
 0 0.630252
 0 0.630267
 0 0.630297
 0 0.630297
 0 0.630298
 0 0.630298
 0 0.630298
 0 0.630298
 0 0.630299
 0 0.630299
 0 0.630335
 0 0.630342
 0 0.63035
 0 0.63035
 0 0.630402
 0 0.630405
 0 0.630433
 0 0.630434
 0 0.630437
 0 0.630437
 0 0.630437
 0 0.630438
 0 0.630451
 0 0.630451
 0 0.630543
 0 0.630543
 0 0.630543
 0 0.630588
 0 0.630588
 0 0.630613
 0 0.630665
 0 0.630667
 0 0.630684
 0 0.630699
 0 0.630699
 0 0.6307
 0 0.630722
 0 0.630722
 0 0.630737
 0 0.630737
 0 0.630737
 0 0.630747
 0 0.630747
 0 0.630747
 0 0.630748
 0 0.630748
 0 0.630762
 0 0.630762
 0 0.630772
 0 0.630779
 0 0.63078
 0 0.630782
 0 0.63082
 0 0.630869
 0 0.630869
 0 0.630869
 0 0.630869
 0 0.630869
 0 0.630872
 0 0.630872
 0 0.630874
 0 0.630874
 0 0.630886
 0 0.630886
 0 0.630886
 0 0.630886
 0 0.630907
 0 0.630908
 0 0.630908
 0 0.630909
 0 0.630943
 0 0.630944
 0 0.630947
 0 0.630947
 0 0.630963
 0 0.630986
 0 0.631019
 0 0.63102
 0 0.631036
 0 0.631039
 0 0.631043
 0 0.631043
 0 0.631055
 0 0.631059
 0 0.631064
 0 0.631129
 0 0.631137
 0 0.631146
 0 0.631165
 0 0.631181
 0 0.631181
 0 0.63122
 0 0.631249
 0 0.631249
 0 0.63125
 0 0.631253
 0 0.631255
 0 0.631255
 0 0.631306
 0 0.631331
 0 0.63138
 0 0.631387
 0 0.631387
 0 0.631387
 0 0.631402
 0 0.631402
 0 0.631412
 0 0.631413
 0 0.631413
 0 0.631413
 0 0.631413
 0 0.631433
 0 0.631433
 0 0.631433
 0 0.631433
 0 0.631451
 0 0.631451
 0 0.631451
 0 0.6315
 0 0.6315
 0 0.63151
 0 0.631513
 0 0.631514
 0 0.631514
 0 0.631551
 0 0.631551
 0 0.631551
 0 0.631552
 0 0.631552
 0 0.631561
 0 0.631586
 0 0.631587
 0 0.631667
 0 0.631679
 0 0.631684
 0 0.631684
 0 0.631684
 0 0.631685
 0 0.631685
 0 0.631698
 0 0.631699
 0 0.631699
 0 0.631716
 0 0.631716
 0 0.631753
 0 0.631756
 0 0.63178
 0 0.63178
 0 0.631802
 0 0.631804
 0 0.631804
 0 0.631804
 0 0.631804
 0 0.631814
 0 0.631816
 0 0.631858
 0 0.631861
 0 0.631861
 0 0.631863
 0 0.631874
 0 0.631925
 0 0.631927
 0 0.631949
 0 0.632011
 0 0.632011
 0 0.63203
 0 0.632089
 0 0.63209
 0 0.632097
 0 0.632124
 0 0.632149
 0 0.632149
 0 0.632174
 0 0.632174
 0 0.632178
 0 0.632178
 0 0.632178
 0 0.632179
 0 0.632179
 0 0.632181
 0 0.632185
 0 0.632185
 0 0.632203
 0 0.632204
 0 0.632207
 0 0.632207
 0 0.632213
 0 0.632213
 0 0.632213
 0 0.632216
 0 0.632217
 0 0.632217
 0 0.632217
 0 0.632217
 0 0.632217
 0 0.632218
 0 0.632229
 0 0.632229
 0 0.632247
 0 0.632247
 0 0.632251
 0 0.632251
 0 0.63226
 0 0.63226
 0 0.632261
 0 0.632261
 0 0.632332
 0 0.632332
 0 0.632345
 0 0.632345
 0 0.632347
 0 0.632359
 0 0.632376
 0 0.632376
 0 0.632376
 0 0.632376
 0 0.632399
 0 0.6324
 0 0.632425
 0 0.632447
 0 0.632447
 0 0.632469
 0 0.632472
 0 0.632473
 0 0.632492
 0 0.632492
 0 0.632496
 0 0.632516
 0 0.632517
 0 0.632517
 0 0.632531
 0 0.632537
 0 0.632559
 0 0.63256
 0 0.63256
 0 0.632568
 0 0.632568
 0 0.632568
 0 0.632569
 0 0.632586
 0 0.632587
 0 0.632611
 0 0.632625
 0 0.632625
 0 0.632637
 0 0.632637
 0 0.632638
 0 0.632641
 0 0.632642
 0 0.632653
 0 0.632655
 0 0.632656
 0 0.632656
 0 0.632657
 0 0.632658
 0 0.632676
 0 0.632677
 0 0.632678
 0 0.632678
 0 0.632678
 0 0.632678
 0 0.632686
 0 0.632694
 0 0.632694
 0 0.632694
 0 0.632751
 0 0.632752
 0 0.632764
 0 0.632772
 0 0.632774
 0 0.632774
 0 0.632796
 0 0.632799
 0 0.632799
 0 0.6328
 0 0.632812
 0 0.632812
 0 0.632813
 0 0.632814
 0 0.632814
 0 0.632815
 0 0.632815
 0 0.632815
 0 0.632823
 0 0.632823
 0 0.63283
 0 0.63283
 0 0.632855
 0 0.632855
 0 0.632856
 0 0.632863
 0 0.632863
 0 0.632864
 0 0.632864
 0 0.632864
 0 0.632886
 0 0.632887
 0 0.632887
 0 0.632888
 0 0.632889
 0 0.632889
 0 0.63289
 0 0.63289
 0 0.63289
 0 0.63289
 0 0.632892
 0 0.632892
 0 0.632894
 0 0.632894
 0 0.632906
 0 0.632908
 0 0.632911
 0 0.632911
 0 0.632915
 0 0.632915
 0 0.632915
 0 0.632921
 0 0.632921
 0 0.632922
 0 0.63293
 0 0.63293
 0 0.632955
 0 0.632957
 0 0.632957
 0 0.632957
 0 0.632957
 0 0.632965
 0 0.63298
 0 0.63298
 0 0.63298
 0 0.632981
 0 0.632988
 0 0.632991
 0 0.632999
 0 0.633
 0 0.633
 0 0.633002
 0 0.633007
 0 0.633007
 0 0.633008
 0 0.633026
 0 0.633026
 0 0.633026
 0 0.633041
 0 0.633041
 0 0.633057
 0 0.633058
 0 0.633071
 0 0.633072
 0 0.633096
 0 0.633097
 0 0.633097
 0 0.633146
 0 0.633146
 0 0.633167
 0 0.633168
 0 0.633168
 0 0.633183
 0 0.633219
 0 0.633221
 0 0.633226
 0 0.633247
 0 0.633281
 0 0.633299
 0 0.633302
 0 0.633304
 0 0.633304
 0 0.63331
 0 0.63331
 0 0.633312
 0 0.633314
 0 0.633334
 0 0.633343
 0 0.633343
 0 0.633343
 0 0.633364
 0 0.633364
 0 0.633375
 0 0.633385
 0 0.633395
 0 0.633405
 0 0.633405
 0 0.633405
 0 0.633405
 0 0.633432
 0 0.633433
 0 0.633433
 0 0.633433
 0 0.633433
 0 0.633434
 0 0.633434
 0 0.633442
 0 0.633443
 0 0.63345
 0 0.63345
 0 0.633455
 0 0.633455
 0 0.633455
 0 0.633457
 0 0.633468
 0 0.633468
 0 0.633468
 0 0.633468
 0 0.633468
 0 0.633468
 0 0.63348
 0 0.633481
 0 0.633481
 0 0.633481
 0 0.633481
 0 0.633482
 0 0.633513
 0 0.633514
 0 0.633515
 0 0.633515
 0 0.633515
 0 0.633537
 0 0.633537
 0 0.633546
 0 0.633546
 0 0.633578
 0 0.633581
 0 0.633581
 0 0.633582
 0 0.633582
 0 0.633582
 0 0.633583
 0 0.63362
 0 0.63362
 0 0.633622
 0 0.633622
 0 0.633623
 0 0.633623
 0 0.633623
 0 0.633625
 0 0.633625
 0 0.633626
 0 0.633634
 0 0.633668
 0 0.63371
 0 0.63371
 0 0.633713
 0 0.633713
 0 0.633714
 0 0.633728
 0 0.633736
 0 0.633736
 0 0.633739
 0 0.63374
 0 0.633741
 0 0.633742
 0 0.633755
 0 0.633759
 0 0.633759
 0 0.633759
 0 0.633759
 0 0.633759
 0 0.63376
 0 0.63376
 0 0.633761
 0 0.633815
 0 0.633822
 0 0.633823
 0 0.63383
 0 0.63383
 0 0.63383
 0 0.633831
 0 0.633831
 0 0.633831
 0 0.633832
 0 0.633853
 0 0.633854
 0 0.633873
 0 0.633892
 0 0.633892
 0 0.633892
 0 0.633897
 0 0.633903
 0 0.633904
 0 0.633904
 0 0.633904
 0 0.633925
 0 0.633926
 0 0.633926
 0 0.633928
 0 0.633928
 0 0.633968
 0 0.633978
 0 0.633979
 0 0.633983
 0 0.634003
 0 0.63403
 0 0.63403
 0 0.634036
 0 0.634036
 0 0.634036
 0 0.634036
 0 0.634064
 0 0.634075
 0 0.63408
 0 0.634093
 0 0.6341
 0 0.6341
 0 0.634102
 0 0.634103
 0 0.634124
 0 0.634138
 0 0.634169
 0 0.634171
 0 0.634171
 0 0.634206
 0 0.634208
 0 0.634213
 0 0.634214
 0 0.634217
 0 0.634221
 0 0.634222
 0 0.634225
 0 0.634227
 0 0.634228
 0 0.634228
 0 0.634228
 0 0.634229
 0 0.634229
 0 0.634229
 0 0.634231
 0 0.634244
 0 0.634251
 0 0.634255
 0 0.634255
 0 0.634258
 0 0.634258
 0 0.634261
 0 0.634262
 0 0.634283
 0 0.634284
 0 0.634288
 0 0.634288
 0 0.634303
 0 0.634303
 0 0.634317
 0 0.634318
 0 0.634327
 0 0.634344
 0 0.634344
 0 0.634344
 0 0.634351
 0 0.634351
 0 0.634351
 0 0.634351
 0 0.634383
 0 0.634383
 0 0.634384
 0 0.634399
 0 0.634399
 0 0.634414
 0 0.634416
 0 0.634428
 0 0.634432
 0 0.634435
 0 0.634438
 0 0.634438
 0 0.634438
 0 0.63444
 0 0.63444
 0 0.634441
 0 0.634443
 0 0.634455
 0 0.634455
 0 0.634462
 0 0.634499
 0 0.634499
 0 0.634517
 0 0.634543
 0 0.634543
 0 0.634543
 0 0.634543
 0 0.634543
 0 0.634557
 0 0.634557
 0 0.63456
 0 0.634603
 0 0.634604
 0 0.634605
 0 0.634641
 0 0.634642
 0 0.634642
 0 0.634642
 0 0.634656
 0 0.634684
 0 0.634717
 0 0.634717
 0 0.634718
 0 0.634719
 0 0.634719
 0 0.634721
 0 0.634732
 0 0.634732
 0 0.634782
 0 0.634785
 0 0.634795
 0 0.634808
 0 0.634819
 0 0.63482
 0 0.634822
 0 0.634825
 0 0.634826
 0 0.634826
 0 0.634827
 0 0.634827
 0 0.634834
 0 0.63484
 0 0.634843
 0 0.634852
 0 0.634852
 0 0.634852
 0 0.634853
 0 0.634868
 0 0.634869
 0 0.63489
 0 0.634891
 0 0.634891
 0 0.634897
 0 0.634897
 0 0.634907
 0 0.634908
 0 0.634908
 0 0.634908
 0 0.634918
 0 0.634918
 0 0.634919
 0 0.634921
 0 0.634921
 0 0.634921
 0 0.634932
 0 0.634932
 0 0.634985
 0 0.634988
 0 0.634989
 0 0.63499
 0 0.635001
 0 0.635001
 0 0.635001
 0 0.635003
 0 0.635003
 0 0.635006
 0 0.635006
 0 0.635007
 0 0.635029
 0 0.635029
 0 0.635035
 0 0.635035
 0 0.63506
 0 0.63506
 0 0.63506
 0 0.635064
 0 0.635066
 0 0.635067
 0 0.635085
 0 0.635085
 0 0.635094
 0 0.635094
 0 0.635119
 0 0.63512
 0 0.63512
 0 0.63512
 0 0.635164
 0 0.635164
 0 0.635164
 0 0.635167
 0 0.635173
 0 0.635174
 0 0.635189
 0 0.63519
 0 0.63519
 0 0.635191
 0 0.635191
 0 0.63526
 0 0.63526
 0 0.635261
 0 0.635286
 0 0.635287
 0 0.635334
 0 0.635334
 0 0.635334
 0 0.635353
 0 0.635362
 0 0.635381
 0 0.635381
 0 0.635382
 0 0.635382
 0 0.635382
 0 0.635426
 0 0.635426
 0 0.635454
 0 0.635454
 0 0.635457
 0 0.635457
 0 0.635457
 0 0.635457
 0 0.635485
 0 0.635485
 0 0.635487
 0 0.635487
 0 0.635487
 0 0.635506
 0 0.635508
 0 0.635508
 0 0.635508
 0 0.635511
 0 0.635511
 0 0.635511
 0 0.635531
 0 0.635531
 0 0.635554
 0 0.635564
 0 0.635564
 0 0.635571
 0 0.635571
 0 0.635593
 0 0.635593
 0 0.635634
 0 0.635641
 0 0.635642
 0 0.635659
 0 0.635659
 0 0.635662
 0 0.635666
 0 0.635666
 0 0.635673
 0 0.635703
 0 0.635721
 0 0.635725
 0 0.635725
 0 0.635727
 0 0.635739
 0 0.63574
 0 0.635782
 0 0.635794
 0 0.635806
 0 0.635865
 0 0.635865
 0 0.63588
 0 0.63588
 0 0.635944
 0 0.635972
 0 0.636003
 0 0.636004
 0 0.636023
 0 0.636029
 0 0.636039
 0 0.636039
 0 0.63604
 0 0.636041
 0 0.636041
 0 0.636042
 0 0.636042
 0 0.636051
 0 0.636058
 0 0.636058
 0 0.636058
 0 0.636081
 0 0.6361
 0 0.636117
 0 0.636117
 0 0.636164
 0 0.636187
 0 0.636187
 0 0.636192
 0 0.636207
 0 0.636208
 0 0.636217
 0 0.63623
 0 0.636237
 0 0.636237
 0 0.636238
 0 0.63624
 0 0.636241
 0 0.636242
 0 0.636242
 0 0.636242
 0 0.636243
 0 0.636255
 0 0.636255
 0 0.636256
 0 0.636299
 0 0.636315
 0 0.636345
 0 0.636345
 0 0.636349
 0 0.636349
 0 0.63635
 0 0.63635
 0 0.636373
 0 0.636373
 0 0.636391
 0 0.636402
 0 0.636404
 0 0.63641
 0 0.636417
 0 0.636417
 0 0.636428
 0 0.636429
 0 0.636455
 0 0.636455
 0 0.636455
 0 0.636479
 0 0.636485
 0 0.636485
 0 0.636497
 0 0.636498
 0 0.636507
 0 0.636516
 0 0.636517
 0 0.636517
 0 0.636527
 0 0.636527
 0 0.636564
 0 0.63658
 0 0.63658
 0 0.636581
 0 0.636602
 0 0.636602
 0 0.636603
 0 0.636622
 0 0.636627
 0 0.636664
 0 0.636664
 0 0.636665
 0 0.636666
 0 0.636671
 0 0.636671
 0 0.636671
 0 0.636696
 0 0.636696
 0 0.636696
 0 0.636696
 0 0.636696
 0 0.636731
 0 0.636732
 0 0.636733
 0 0.636733
 0 0.636734
 0 0.636763
 0 0.636763
 0 0.636763
 0 0.636763
 0 0.636763
 0 0.636763
 0 0.636801
 0 0.636801
 0 0.636801
 0 0.636805
 0 0.636805
 0 0.636805
 0 0.636806
 0 0.636806
 0 0.636837
 0 0.636837
 0 0.636852
 0 0.636852
 0 0.636852
 0 0.636852
 0 0.636852
 0 0.636852
 0 0.636903
 0 0.636908
 0 0.636908
 0 0.636924
 0 0.636925
 0 0.636958
 0 0.63696
 0 0.636965
 0 0.636965
 0 0.636966
 0 0.636984
 0 0.636984
 0 0.636984
 0 0.637013
 0 0.637014
 0 0.637081
 0 0.637082
 0 0.637092
 0 0.637092
 0 0.637096
 0 0.637103
 0 0.637107
 0 0.637107
 0 0.637107
 0 0.637114
 0 0.637114
 0 0.637119
 0 0.637119
 0 0.637128
 0 0.63713
 0 0.63713
 0 0.63713
 0 0.63716
 0 0.637188
 0 0.637228
 0 0.637228
 0 0.637259
 0 0.637286
 0 0.637287
 0 0.63737
 0 0.637371
 0 0.637371
 0 0.637378
 0 0.637383
 0 0.637384
 0 0.637401
 0 0.637425
 0 0.637427
 0 0.637428
 0 0.63746
 0 0.63746
 0 0.63746
 0 0.637471
 0 0.637491
 0 0.637491
 0 0.6375
 0 0.63751
 0 0.637522
 0 0.637532
 0 0.63754
 0 0.63754
 0 0.637555
 0 0.637557
 0 0.637561
 0 0.637569
 0 0.637569
 0 0.637602
 0 0.637623
 0 0.637691
 0 0.637691
 0 0.637708
 0 0.637708
 0 0.637708
 0 0.637721
 0 0.637722
 0 0.637722
 0 0.637761
 0 0.637782
 0 0.637782
 0 0.637815
 0 0.637815
 0 0.637815
 0 0.637823
 0 0.637832
 0 0.637832
 0 0.637838
 0 0.637854
 0 0.637857
 0 0.637866
 0 0.637866
 0 0.637885
 0 0.637918
 0 0.637919
 0 0.637919
 0 0.637919
 0 0.637921
 0 0.637921
 0 0.637922
 0 0.637923
 0 0.637923
 0 0.637923
 0 0.637943
 0 0.637946
 0 0.637947
 0 0.637975
 0 0.638016
 0 0.638016
 0 0.638016
 0 0.63805
 0 0.63805
 0 0.638052
 0 0.638052
 0 0.638055
 0 0.638057
 0 0.638062
 0 0.638062
 0 0.638095
 0 0.638095
 0 0.638113
 0 0.638161
 0 0.6382
 0 0.6382
 0 0.6382
 0 0.638225
 0 0.638241
 0 0.638241
 0 0.638265
 0 0.638283
 0 0.638283
 0 0.638284
 0 0.63833
 0 0.63833
 0 0.63833
 0 0.638336
 0 0.638363
 0 0.638363
 0 0.638388
 0 0.638392
 0 0.638413
 0 0.63843
 0 0.638452
 0 0.638452
 0 0.638452
 0 0.638452
 0 0.638452
 0 0.638463
 0 0.638464
 0 0.638469
 0 0.63847
 0 0.63849
 0 0.638533
 0 0.638533
 0 0.638533
 0 0.638534
 0 0.638534
 0 0.638535
 0 0.638535
 0 0.638558
 0 0.638559
 0 0.63859
 0 0.638607
 0 0.638608
 0 0.638615
 0 0.638616
 0 0.63862
 0 0.638677
 0 0.638679
 0 0.638684
 0 0.638684
 0 0.63871
 0 0.638713
 0 0.638715
 0 0.638746
 0 0.638747
 0 0.638752
 0 0.638753
 0 0.638754
 0 0.638755
 0 0.638778
 0 0.638781
 0 0.638781
 0 0.638781
 0 0.638781
 0 0.638781
 0 0.638783
 0 0.638783
 0 0.638858
 0 0.638858
 0 0.638883
 0 0.638899
 0 0.638913
 0 0.638913
 0 0.638913
 0 0.638922
 0 0.638928
 0 0.638928
 0 0.638928
 0 0.638944
 0 0.638944
 0 0.638951
 0 0.63896
 0 0.63896
 0 0.638962
 0 0.639
 0 0.639001
 0 0.639063
 0 0.639063
 0 0.639072
 0 0.639078
 0 0.639078
 0 0.639078
 0 0.639078
 0 0.639079
 0 0.639079
 0 0.639079
 0 0.63908
 0 0.63908
 0 0.639089
 0 0.63909
 0 0.63911
 0 0.63911
 0 0.63911
 0 0.639116
 0 0.639143
 0 0.639144
 0 0.639144
 0 0.639154
 0 0.639154
 0 0.639167
 0 0.639167
 0 0.639169
 0 0.639169
 0 0.639169
 0 0.639169
 0 0.639169
 0 0.639169
 0 0.639181
 0 0.639188
 0 0.639188
 0 0.639191
 0 0.639192
 0 0.639197
 0 0.639198
 0 0.639198
 0 0.639203
 0 0.639226
 0 0.63924
 0 0.63925
 0 0.639254
 0 0.639279
 0 0.639296
 0 0.639296
 0 0.639297
 0 0.639298
 0 0.639322
 0 0.639323
 0 0.639323
 0 0.639323
 0 0.639324
 0 0.639326
 0 0.639327
 0 0.639361
 0 0.639361
 0 0.63945
 0 0.63946
 0 0.639461
 0 0.63947
 0 0.639477
 0 0.639492
 0 0.639575
 0 0.639586
 0 0.639621
 0 0.639621
 0 0.639621
 0 0.639621
 0 0.639637
 0 0.639637
 0 0.639637
 0 0.639669
 0 0.639669
 0 0.63967
 0 0.639704
 0 0.639704
 0 0.639709
 0 0.639711
 0 0.639711
 0 0.639711
 0 0.639711
 0 0.639732
 0 0.639742
 0 0.639742
 0 0.639801
 0 0.639809
 0 0.639809
 0 0.639814
 0 0.63982
 0 0.63982
 0 0.639823
 0 0.639855
 0 0.639855
 0 0.639876
 0 0.639877
 0 0.63988
 0 0.639891
 0 0.639891
 0 0.639892
 0 0.639915
 0 0.639915
 0 0.639915
 0 0.639916
 0 0.639916
 0 0.639917
 0 0.639933
 0 0.639935
 0 0.639972
 0 0.640018
 0 0.640021
 0 0.640021
 0 0.640029
 0 0.640029
 0 0.640035
 0 0.640036
 0 0.640155
 0 0.640156
 0 0.640156
 0 0.640157
 0 0.640183
 0 0.640184
 0 0.640213
 0 0.640213
 0 0.640248
 0 0.64025
 0 0.640332
 0 0.640332
 0 0.640423
 0 0.640436
 0 0.640452
 0 0.640482
 0 0.640482
 0 0.640482
 0 0.640527
 0 0.640565
 0 0.640566
 0 0.640578
 0 0.640656
 0 0.64069
 0 0.640765
 0 0.64083
 0 0.64083
 0 0.64083
 0 0.640863
 0 0.640863
 0 0.640864
 0 0.640974
 0 0.640975
 0 0.640978
 0 0.641072
 0 0.641109
 0 0.641109
 0 0.641109
 0 0.641109
 0 0.64111
 0 0.641216
 0 0.641217
 0 0.641224
 0 0.641224
 0 0.641363
 0 0.641364
 0 0.641464
 0 0.641474
 0 0.641474
 0 0.641474
 0 0.641584
 0 0.641584
 0 0.641661
 0 0.641662
 0 0.641662
 0 0.641663
 0 0.641664
 0 0.641664
 0 0.641727
 0 0.641728
 0 0.641793
 0 0.641793
 0 0.641794
 0 0.64223
 0 0.642231
 0 0.642231
 0 0.642232
 0 0.642389
 0 0.642536
 0 0.642537
 0 0.642585
 0 0.642652
 0 0.642653
 0 0.64271
 0 0.64271
 0 0.642711
 0 0.642711
 0 0.642711
 0 0.642742
 0 0.642743
 0 0.642784
 0 0.643031
 0 0.643031
 0 0.643031
 0 0.643031
 0 0.643031
 0 0.643067
 0 0.64307
 0 0.643071
 0 0.643186
 0 0.643188
 0 0.643188
 0 0.643569
 0 0.643569
 0 0.643569
 0 0.643569
 0 0.643569
 0 0.643569
 0 0.64357
 0 0.643809
 0 0.643907
 0 0.644106
 0 0.644107
 0 0.644166
 0 0.644166
 0 0.644167
 0 0.644167
 0 0.644254
 0 0.644379
 0 0.644403
 0 0.644549
 0 0.645013
 0 0.645014
 0 0.645027
 0 0.645117
 0 0.645219
 0 0.645375
 0 0.645394
 0 0.645395
 0 0.645395
 0 0.645423
 0 0.645465
 0 0.645465
 0 0.645554
 0 0.645787
 0 0.64579
 0 0.645987
 0 0.645987
 0 0.645989
 0 inf
