 0 0.487291
 0 0.487291
 0 0.487516
 0 0.487516
 0 0.487731
 0 0.488386
 0 0.495165
 0 0.496079
 0 0.496079
 0 0.496079
 0 0.496097
 0 0.496098
 0 0.618943
 0 0.618943
 0 0.619055
 0 0.619181
 0 0.619744
 0 0.619745
 0 0.621528
 0 0.621528
 0 0.621529
 0 0.621529
 0 0.622525
 0 0.622525
 0 0.622538
 0 0.622539
 0 0.622539
 0 0.622752
 0 0.622754
 0 0.622897
 0 0.622897
 0 0.622897
 0 0.622898
 0 0.622998
 0 0.623084
 0 0.623084
 0 0.623272
 0 0.623711
 0 0.623972
 0 0.623972
 0 0.624064
 0 0.624231
 0 0.624231
 0 0.624232
 0 0.62454
 0 0.62454
 0 0.624736
 0 0.624767
 0 0.624767
 0 0.624767
 0 0.624767
 0 0.625032
 0 0.625296
 0 0.625371
 0 0.625406
 0 0.625407
 0 0.625413
 0 0.625413
 0 0.625445
 0 0.625455
 0 0.625455
 0 0.625509
 0 0.625509
 0 0.62551
 0 0.62551
 0 0.62565
 0 0.62565
 0 0.625655
 0 0.625701
 0 0.625898
 0 0.625914
 0 0.625915
 0 0.625968
 0 0.625968
 0 0.625968
 0 0.626004
 0 0.626004
 0 0.626004
 0 0.626006
 0 0.626044
 0 0.626044
 0 0.626044
 0 0.62608
 0 0.62608
 0 0.62608
 0 0.626089
 0 0.626089
 0 0.626207
 0 0.626222
 0 0.626353
 0 0.626355
 0 0.626357
 0 0.626413
 0 0.626421
 0 0.626478
 0 0.626518
 0 0.626518
 0 0.626518
 0 0.626544
 0 0.626544
 0 0.626594
 0 0.626652
 0 0.626653
 0 0.626714
 0 0.626821
 0 0.626821
 0 0.626949
 0 0.62695
 0 0.626974
 0 0.627061
 0 0.627061
 0 0.627061
 0 0.627065
 0 0.627093
 0 0.627093
 0 0.62714
 0 0.627173
 0 0.627173
 0 0.627174
 0 0.627288
 0 0.627289
 0 0.627363
 0 0.627364
 0 0.627364
 0 0.627396
 0 0.627397
 0 0.627427
 0 0.627497
 0 0.627498
 0 0.627499
 0 0.62753
 0 0.62753
 0 0.62753
 0 0.62753
 0 0.62753
 0 0.627541
 0 0.627549
 0 0.627549
 0 0.627549
 0 0.62759
 0 0.627659
 0 0.627753
 0 0.627768
 0 0.627791
 0 0.627803
 0 0.627803
 0 0.627804
 0 0.627804
 0 0.627845
 0 0.627845
 0 0.627983
 0 0.628028
 0 0.628125
 0 0.628129
 0 0.628129
 0 0.628129
 0 0.628131
 0 0.628131
 0 0.628228
 0 0.628228
 0 0.62825
 0 0.62825
 0 0.628251
 0 0.628251
 0 0.628295
 0 0.62835
 0 0.628351
 0 0.628351
 0 0.628351
 0 0.628352
 0 0.628352
 0 0.62838
 0 0.628406
 0 0.628442
 0 0.628444
 0 0.628461
 0 0.628542
 0 0.628546
 0 0.628561
 0 0.628562
 0 0.628574
 0 0.628574
 0 0.628581
 0 0.628627
 0 0.628628
 0 0.628628
 0 0.628691
 0 0.628692
 0 0.628692
 0 0.628708
 0 0.62872
 0 0.62872
 0 0.628723
 0 0.628725
 0 0.628725
 0 0.62873
 0 0.628731
 0 0.628768
 0 0.628768
 0 0.628769
 0 0.628769
 0 0.628792
 0 0.628821
 0 0.628822
 0 0.628822
 0 0.628822
 0 0.628847
 0 0.628848
 0 0.628892
 0 0.628905
 0 0.628906
 0 0.628914
 0 0.628915
 0 0.62894
 0 0.62894
 0 0.62895
 0 0.628951
 0 0.628951
 0 0.628951
 0 0.628962
 0 0.628963
 0 0.628977
 0 0.628985
 0 0.628985
 0 0.628987
 0 0.628989
 0 0.628989
 0 0.62902
 0 0.629023
 0 0.629081
 0 0.629089
 0 0.629089
 0 0.629089
 0 0.629089
 0 0.62909
 0 0.629103
 0 0.629137
 0 0.629137
 0 0.629138
 0 0.629138
 0 0.62921
 0 0.62921
 0 0.629212
 0 0.629217
 0 0.629229
 0 0.629229
 0 0.62923
 0 0.62923
 0 0.629258
 0 0.629261
 0 0.629294
 0 0.629343
 0 0.629343
 0 0.629353
 0 0.629404
 0 0.629405
 0 0.629417
 0 0.629419
 0 0.62943
 0 0.629432
 0 0.629495
 0 0.629495
 0 0.629509
 0 0.629509
 0 0.62951
 0 0.629514
 0 0.629514
 0 0.629515
 0 0.629515
 0 0.629515
 0 0.629528
 0 0.629528
 0 0.629567
 0 0.629582
 0 0.62963
 0 0.62963
 0 0.629675
 0 0.629707
 0 0.629708
 0 0.629709
 0 0.629732
 0 0.629732
 0 0.629732
 0 0.629737
 0 0.62975
 0 0.62975
 0 0.629756
 0 0.629756
 0 0.629757
 0 0.629757
 0 0.629758
 0 0.629758
 0 0.629758
 0 0.629798
 0 0.629802
 0 0.629802
 0 0.629804
 0 0.629838
 0 0.62984
 0 0.629853
 0 0.629877
 0 0.629892
 0 0.629894
 0 0.629903
 0 0.629904
 0 0.629904
 0 0.629916
 0 0.629919
 0 0.629923
 0 0.629923
 0 0.629923
 0 0.629943
 0 0.629943
 0 0.629944
 0 0.629947
 0 0.629949
 0 0.629949
 0 0.62995
 0 0.629967
 0 0.62997
 0 0.62997
 0 0.62997
 0 0.62997
 0 0.629973
 0 0.629973
 0 0.629973
 0 0.629999
 0 0.629999
 0 0.630031
 0 0.630033
 0 0.63005
 0 0.630052
 0 0.630052
 0 0.630052
 0 0.630061
 0 0.630081
 0 0.630097
 0 0.630097
 0 0.630097
 0 0.630097
 0 0.63013
 0 0.630146
 0 0.630156
 0 0.63016
 0 0.630161
 0 0.630203
 0 0.630203
 0 0.630233
 0 0.630233
 0 0.630233
 0 0.630248
 0 0.630248
 0 0.630262
 0 0.630264
 0 0.630264
 0 0.63027
 0 0.630302
 0 0.630309
 0 0.630356
 0 0.630403
 0 0.630404
 0 0.630404
 0 0.630432
 0 0.630449
 0 0.63046
 0 0.630496
 0 0.630496
 0 0.630497
 0 0.630497
 0 0.630515
 0 0.630515
 0 0.630569
 0 0.630572
 0 0.630572
 0 0.630582
 0 0.630606
 0 0.630607
 0 0.630607
 0 0.630657
 0 0.630684
 0 0.630684
 0 0.630684
 0 0.630699
 0 0.63073
 0 0.630732
 0 0.630749
 0 0.63075
 0 0.630761
 0 0.630761
 0 0.630773
 0 0.630774
 0 0.630777
 0 0.630777
 0 0.630777
 0 0.630778
 0 0.630816
 0 0.630828
 0 0.630841
 0 0.630852
 0 0.63087
 0 0.630879
 0 0.63088
 0 0.630909
 0 0.630914
 0 0.630921
 0 0.630921
 0 0.630939
 0 0.630939
 0 0.630941
 0 0.630941
 0 0.630956
 0 0.630964
 0 0.630964
 0 0.63099
 0 0.630992
 0 0.631003
 0 0.631045
 0 0.631045
 0 0.631064
 0 0.631064
 0 0.63107
 0 0.63107
 0 0.631087
 0 0.631146
 0 0.631146
 0 0.631146
 0 0.631162
 0 0.631162
 0 0.631165
 0 0.631166
 0 0.631167
 0 0.631167
 0 0.631172
 0 0.631177
 0 0.631179
 0 0.631179
 0 0.631191
 0 0.631191
 0 0.631199
 0 0.631199
 0 0.631235
 0 0.631244
 0 0.631244
 0 0.63128
 0 0.631301
 0 0.631301
 0 0.631301
 0 0.631303
 0 0.631306
 0 0.631308
 0 0.63131
 0 0.631311
 0 0.631326
 0 0.631348
 0 0.631349
 0 0.631355
 0 0.63137
 0 0.631371
 0 0.631373
 0 0.631373
 0 0.631373
 0 0.63138
 0 0.63138
 0 0.63138
 0 0.63138
 0 0.631382
 0 0.631384
 0 0.631389
 0 0.63139
 0 0.63139
 0 0.631398
 0 0.631403
 0 0.631404
 0 0.631411
 0 0.631413
 0 0.631413
 0 0.631413
 0 0.631413
 0 0.631429
 0 0.631441
 0 0.631442
 0 0.631442
 0 0.631444
 0 0.631444
 0 0.631448
 0 0.631448
 0 0.631448
 0 0.631464
 0 0.631478
 0 0.631478
 0 0.631504
 0 0.631505
 0 0.63151
 0 0.631531
 0 0.631533
 0 0.631545
 0 0.631545
 0 0.631545
 0 0.631545
 0 0.631568
 0 0.631591
 0 0.631591
 0 0.631614
 0 0.631614
 0 0.631624
 0 0.631633
 0 0.631634
 0 0.63164
 0 0.631647
 0 0.631647
 0 0.631654
 0 0.631654
 0 0.631677
 0 0.631677
 0 0.631679
 0 0.631729
 0 0.631735
 0 0.631735
 0 0.631735
 0 0.631758
 0 0.631758
 0 0.63178
 0 0.631786
 0 0.631791
 0 0.631802
 0 0.631806
 0 0.631811
 0 0.631811
 0 0.631811
 0 0.631814
 0 0.631814
 0 0.631822
 0 0.631826
 0 0.631844
 0 0.631844
 0 0.631844
 0 0.631857
 0 0.631865
 0 0.63188
 0 0.63189
 0 0.631898
 0 0.631954
 0 0.631955
 0 0.631989
 0 0.631998
 0 0.632001
 0 0.632016
 0 0.632044
 0 0.632045
 0 0.632046
 0 0.632051
 0 0.632052
 0 0.632052
 0 0.632061
 0 0.632061
 0 0.632062
 0 0.632062
 0 0.632072
 0 0.632113
 0 0.632134
 0 0.632134
 0 0.632136
 0 0.63218
 0 0.63218
 0 0.63218
 0 0.632194
 0 0.632211
 0 0.632221
 0 0.632222
 0 0.632236
 0 0.632236
 0 0.632236
 0 0.632246
 0 0.632317
 0 0.632317
 0 0.632319
 0 0.632321
 0 0.632393
 0 0.632393
 0 0.632396
 0 0.6324
 0 0.63244
 0 0.632446
 0 0.632446
 0 0.632446
 0 0.632446
 0 0.632447
 0 0.632466
 0 0.632466
 0 0.632466
 0 0.632466
 0 0.632504
 0 0.632504
 0 0.632516
 0 0.632516
 0 0.632516
 0 0.632516
 0 0.632517
 0 0.632538
 0 0.632584
 0 0.632584
 0 0.63263
 0 0.63263
 0 0.632631
 0 0.632666
 0 0.632687
 0 0.632687
 0 0.632698
 0 0.632703
 0 0.632704
 0 0.632709
 0 0.632719
 0 0.632729
 0 0.632729
 0 0.632729
 0 0.632729
 0 0.632738
 0 0.632747
 0 0.632766
 0 0.632767
 0 0.632768
 0 0.632772
 0 0.632775
 0 0.632776
 0 0.632776
 0 0.632777
 0 0.632789
 0 0.632798
 0 0.632798
 0 0.632798
 0 0.632799
 0 0.632812
 0 0.632826
 0 0.632827
 0 0.632841
 0 0.632841
 0 0.632841
 0 0.632856
 0 0.632864
 0 0.632881
 0 0.632881
 0 0.632889
 0 0.632889
 0 0.632889
 0 0.632892
 0 0.632893
 0 0.632909
 0 0.632918
 0 0.632918
 0 0.632919
 0 0.632936
 0 0.632936
 0 0.632938
 0 0.632938
 0 0.632938
 0 0.632941
 0 0.632942
 0 0.632942
 0 0.632942
 0 0.632966
 0 0.632997
 0 0.632998
 0 0.632998
 0 0.632998
 0 0.633
 0 0.633
 0 0.633008
 0 0.633025
 0 0.633026
 0 0.633047
 0 0.63306
 0 0.63306
 0 0.633063
 0 0.633063
 0 0.633064
 0 0.633072
 0 0.633072
 0 0.633072
 0 0.633089
 0 0.63324
 0 0.633272
 0 0.633272
 0 0.633284
 0 0.633284
 0 0.633309
 0 0.633349
 0 0.633349
 0 0.63335
 0 0.63339
 0 0.633404
 0 0.633404
 0 0.63341
 0 0.633411
 0 0.633424
 0 0.633424
 0 0.633424
 0 0.633426
 0 0.633468
 0 0.633468
 0 0.63347
 0 0.633473
 0 0.633522
 0 0.633525
 0 0.633534
 0 0.633536
 0 0.633552
 0 0.633552
 0 0.633552
 0 0.633556
 0 0.633556
 0 0.633575
 0 0.633584
 0 0.633596
 0 0.633597
 0 0.633636
 0 0.633658
 0 0.633664
 0 0.633677
 0 0.633677
 0 0.633686
 0 0.633686
 0 0.633711
 0 0.633711
 0 0.633736
 0 0.633736
 0 0.633739
 0 0.633739
 0 0.633741
 0 0.633746
 0 0.633746
 0 0.633746
 0 0.633755
 0 0.633765
 0 0.633765
 0 0.633789
 0 0.633789
 0 0.633791
 0 0.633803
 0 0.633803
 0 0.633828
 0 0.633967
 0 0.633984
 0 0.633987
 0 0.633989
 0 0.634017
 0 0.634045
 0 0.634046
 0 0.634046
 0 0.634076
 0 0.634085
 0 0.634086
 0 0.634087
 0 0.634087
 0 0.634092
 0 0.634092
 0 0.634094
 0 0.6341
 0 0.634106
 0 0.634112
 0 0.634114
 0 0.634114
 0 0.63418
 0 0.63418
 0 0.634181
 0 0.634201
 0 0.634201
 0 0.634201
 0 0.634212
 0 0.634213
 0 0.634224
 0 0.634225
 0 0.634225
 0 0.634225
 0 0.634257
 0 0.634257
 0 0.634268
 0 0.634268
 0 0.634268
 0 0.634268
 0 0.634279
 0 0.634288
 0 0.63429
 0 0.634295
 0 0.634309
 0 0.634309
 0 0.63431
 0 0.634338
 0 0.634339
 0 0.634339
 0 0.634344
 0 0.634344
 0 0.634346
 0 0.634346
 0 0.634367
 0 0.634367
 0 0.634369
 0 0.634369
 0 0.634369
 0 0.63437
 0 0.63437
 0 0.63437
 0 0.634372
 0 0.634372
 0 0.634391
 0 0.634394
 0 0.634394
 0 0.634394
 0 0.634394
 0 0.634398
 0 0.634401
 0 0.634439
 0 0.634466
 0 0.634466
 0 0.634471
 0 0.634531
 0 0.634546
 0 0.634546
 0 0.634549
 0 0.63455
 0 0.634568
 0 0.634625
 0 0.634626
 0 0.634654
 0 0.634654
 0 0.634654
 0 0.634654
 0 0.63467
 0 0.63467
 0 0.63467
 0 0.63467
 0 0.63467
 0 0.634687
 0 0.634688
 0 0.634706
 0 0.634707
 0 0.634713
 0 0.634716
 0 0.634716
 0 0.634716
 0 0.634717
 0 0.634731
 0 0.634732
 0 0.634738
 0 0.634755
 0 0.634757
 0 0.634793
 0 0.634793
 0 0.634793
 0 0.634793
 0 0.634798
 0 0.634798
 0 0.634805
 0 0.634848
 0 0.634855
 0 0.634855
 0 0.634874
 0 0.634877
 0 0.634879
 0 0.634885
 0 0.634886
 0 0.634897
 0 0.634897
 0 0.634908
 0 0.634931
 0 0.634975
 0 0.634989
 0 0.634989
 0 0.635035
 0 0.635036
 0 0.635036
 0 0.635051
 0 0.635052
 0 0.635052
 0 0.635067
 0 0.635077
 0 0.635077
 0 0.635085
 0 0.635085
 0 0.635085
 0 0.635088
 0 0.635088
 0 0.635089
 0 0.635095
 0 0.635107
 0 0.635107
 0 0.635134
 0 0.635134
 0 0.635159
 0 0.635177
 0 0.635177
 0 0.635177
 0 0.635177
 0 0.635177
 0 0.635198
 0 0.635221
 0 0.635221
 0 0.63525
 0 0.635256
 0 0.635256
 0 0.63527
 0 0.635276
 0 0.635278
 0 0.635281
 0 0.635281
 0 0.635286
 0 0.635286
 0 0.635286
 0 0.635297
 0 0.635309
 0 0.635309
 0 0.63531
 0 0.63531
 0 0.635315
 0 0.635316
 0 0.635316
 0 0.635316
 0 0.635322
 0 0.635322
 0 0.635322
 0 0.635325
 0 0.635325
 0 0.635325
 0 0.635331
 0 0.635331
 0 0.635331
 0 0.635335
 0 0.635344
 0 0.635345
 0 0.63538
 0 0.635397
 0 0.635397
 0 0.635398
 0 0.635398
 0 0.635418
 0 0.635418
 0 0.635468
 0 0.63547
 0 0.635473
 0 0.635478
 0 0.635479
 0 0.635491
 0 0.635491
 0 0.635521
 0 0.635521
 0 0.635522
 0 0.635523
 0 0.635523
 0 0.635523
 0 0.635532
 0 0.635532
 0 0.635538
 0 0.635539
 0 0.635539
 0 0.635539
 0 0.635539
 0 0.635568
 0 0.635568
 0 0.63559
 0 0.635665
 0 0.635667
 0 0.635688
 0 0.635688
 0 0.63569
 0 0.635708
 0 0.635708
 0 0.635716
 0 0.635751
 0 0.635752
 0 0.635753
 0 0.635756
 0 0.635764
 0 0.635764
 0 0.635767
 0 0.635772
 0 0.635773
 0 0.635781
 0 0.635782
 0 0.635783
 0 0.635819
 0 0.63582
 0 0.635865
 0 0.635868
 0 0.635869
 0 0.635869
 0 0.635869
 0 0.63592
 0 0.63592
 0 0.635933
 0 0.635941
 0 0.636002
 0 0.636003
 0 0.636008
 0 0.636009
 0 0.63601
 0 0.636011
 0 0.636028
 0 0.636039
 0 0.636051
 0 0.636051
 0 0.636051
 0 0.636054
 0 0.636054
 0 0.636066
 0 0.636066
 0 0.636102
 0 0.63612
 0 0.636127
 0 0.636129
 0 0.636132
 0 0.636134
 0 0.636139
 0 0.636141
 0 0.636168
 0 0.636171
 0 0.636174
 0 0.636197
 0 0.636199
 0 0.636203
 0 0.636204
 0 0.636206
 0 0.636206
 0 0.636206
 0 0.636206
 0 0.636206
 0 0.636218
 0 0.636254
 0 0.636254
 0 0.636265
 0 0.636266
 0 0.636266
 0 0.636266
 0 0.636266
 0 0.636278
 0 0.636279
 0 0.636279
 0 0.636281
 0 0.636316
 0 0.636325
 0 0.636325
 0 0.636326
 0 0.636326
 0 0.636346
 0 0.636391
 0 0.636392
 0 0.636405
 0 0.636412
 0 0.636413
 0 0.636427
 0 0.63643
 0 0.636431
 0 0.636431
 0 0.636431
 0 0.636433
 0 0.636435
 0 0.636435
 0 0.636435
 0 0.636436
 0 0.636436
 0 0.636436
 0 0.636438
 0 0.636438
 0 0.636447
 0 0.636447
 0 0.636447
 0 0.636469
 0 0.63647
 0 0.636476
 0 0.636476
 0 0.636477
 0 0.636492
 0 0.636492
 0 0.636497
 0 0.636501
 0 0.636502
 0 0.636571
 0 0.636572
 0 0.636573
 0 0.636576
 0 0.636577
 0 0.636577
 0 0.636588
 0 0.636589
 0 0.636589
 0 0.636605
 0 0.636719
 0 0.63672
 0 0.636727
 0 0.63673
 0 0.63673
 0 0.636772
 0 0.636772
 0 0.636773
 0 0.636774
 0 0.636774
 0 0.636774
 0 0.636774
 0 0.636775
 0 0.63678
 0 0.63678
 0 0.63682
 0 0.636849
 0 0.63685
 0 0.636851
 0 0.636851
 0 0.636852
 0 0.636856
 0 0.636866
 0 0.636866
 0 0.636913
 0 0.636914
 0 0.636918
 0 0.636918
 0 0.636918
 0 0.636918
 0 0.636925
 0 0.636925
 0 0.636931
 0 0.636931
 0 0.636934
 0 0.636935
 0 0.636938
 0 0.636949
 0 0.636949
 0 0.636961
 0 0.636961
 0 0.636962
 0 0.636977
 0 0.636982
 0 0.636982
 0 0.636982
 0 0.636982
 0 0.636994
 0 0.636994
 0 0.637012
 0 0.637013
 0 0.637017
 0 0.637038
 0 0.637039
 0 0.637039
 0 0.637108
 0 0.637109
 0 0.637117
 0 0.637117
 0 0.637117
 0 0.637124
 0 0.637134
 0 0.637134
 0 0.637139
 0 0.637191
 0 0.637208
 0 0.637208
 0 0.637209
 0 0.63721
 0 0.637223
 0 0.637233
 0 0.637233
 0 0.637234
 0 0.637243
 0 0.637243
 0 0.637243
 0 0.637286
 0 0.637289
 0 0.637289
 0 0.63729
 0 0.637291
 0 0.637291
 0 0.637294
 0 0.637294
 0 0.637309
 0 0.637309
 0 0.637309
 0 0.63731
 0 0.637352
 0 0.637353
 0 0.637358
 0 0.637373
 0 0.637374
 0 0.63738
 0 0.637381
 0 0.637428
 0 0.637467
 0 0.637467
 0 0.637469
 0 0.637509
 0 0.637509
 0 0.637509
 0 0.637509
 0 0.637511
 0 0.637538
 0 0.637578
 0 0.637706
 0 0.637721
 0 0.637723
 0 0.637723
 0 0.637747
 0 0.637748
 0 0.637759
 0 0.637759
 0 0.637759
 0 0.63776
 0 0.637778
 0 0.63778
 0 0.637784
 0 0.637785
 0 0.637824
 0 0.637825
 0 0.637851
 0 0.637851
 0 0.637851
 0 0.637855
 0 0.637881
 0 0.637941
 0 0.637941
 0 0.637941
 0 0.637958
 0 0.637958
 0 0.637958
 0 0.637958
 0 0.637976
 0 0.637976
 0 0.637976
 0 0.637986
 0 0.638
 0 0.638
 0 0.638
 0 0.638003
 0 0.638066
 0 0.638072
 0 0.638074
 0 0.638105
 0 0.638105
 0 0.638105
 0 0.638114
 0 0.638114
 0 0.638133
 0 0.638134
 0 0.638134
 0 0.638149
 0 0.63815
 0 0.638168
 0 0.638168
 0 0.63817
 0 0.638196
 0 0.638196
 0 0.638196
 0 0.638229
 0 0.63823
 0 0.638256
 0 0.638256
 0 0.638257
 0 0.638257
 0 0.638258
 0 0.638284
 0 0.638284
 0 0.638305
 0 0.638305
 0 0.638336
 0 0.638337
 0 0.638357
 0 0.638358
 0 0.638377
 0 0.638377
 0 0.638377
 0 0.63838
 0 0.638381
 0 0.638381
 0 0.638382
 0 0.638443
 0 0.638452
 0 0.638453
 0 0.638473
 0 0.63849
 0 0.638493
 0 0.638542
 0 0.638556
 0 0.638556
 0 0.638556
 0 0.638566
 0 0.638619
 0 0.63862
 0 0.638662
 0 0.638693
 0 0.638693
 0 0.638694
 0 0.638697
 0 0.638697
 0 0.638702
 0 0.638705
 0 0.638705
 0 0.638705
 0 0.638707
 0 0.638718
 0 0.638718
 0 0.638736
 0 0.638759
 0 0.638759
 0 0.638881
 0 0.638884
 0 0.638884
 0 0.63891
 0 0.638911
 0 0.638911
 0 0.638916
 0 0.638916
 0 0.638916
 0 0.638916
 0 0.638943
 0 0.638944
 0 0.638991
 0 0.638998
 0 0.638998
 0 0.639006
 0 0.639044
 0 0.639044
 0 0.639045
 0 0.639064
 0 0.639075
 0 0.639081
 0 0.639095
 0 0.639096
 0 0.639096
 0 0.639101
 0 0.639109
 0 0.639109
 0 0.639133
 0 0.639133
 0 0.639133
 0 0.639133
 0 0.639133
 0 0.639137
 0 0.639138
 0 0.639153
 0 0.639155
 0 0.639167
 0 0.639167
 0 0.639201
 0 0.639227
 0 0.639227
 0 0.63932
 0 0.63932
 0 0.639323
 0 0.639333
 0 0.639334
 0 0.639334
 0 0.639351
 0 0.639381
 0 0.639389
 0 0.639389
 0 0.639414
 0 0.639414
 0 0.639423
 0 0.639426
 0 0.639541
 0 0.639541
 0 0.639542
 0 0.639556
 0 0.639556
 0 0.639579
 0 0.639601
 0 0.639601
 0 0.639633
 0 0.63964
 0 0.639641
 0 0.639642
 0 0.639696
 0 0.639708
 0 0.639708
 0 0.639716
 0 0.639718
 0 0.639752
 0 0.63982
 0 0.63982
 0 0.639832
 0 0.639832
 0 0.639851
 0 0.639851
 0 0.639858
 0 0.639931
 0 0.639932
 0 0.639949
 0 0.640021
 0 0.640039
 0 0.640039
 0 0.640039
 0 0.640039
 0 0.640052
 0 0.640052
 0 0.640075
 0 0.640075
 0 0.640075
 0 0.640101
 0 0.640101
 0 0.640101
 0 0.640101
 0 0.640101
 0 0.640101
 0 0.640101
 0 0.640141
 0 0.640142
 0 0.640161
 0 0.640232
 0 0.640233
 0 0.640233
 0 0.640319
 0 0.640329
 0 0.640329
 0 0.640329
 0 0.640329
 0 0.640329
 0 0.640329
 0 0.640329
 0 0.640348
 0 0.640391
 0 0.640422
 0 0.640463
 0 0.640535
 0 0.640535
 0 0.640538
 0 0.640538
 0 0.640538
 0 0.640598
 0 0.640605
 0 0.640645
 0 0.640646
 0 0.640668
 0 0.640728
 0 0.640742
 0 0.640742
 0 0.64077
 0 0.640771
 0 0.640825
 0 0.640825
 0 0.640844
 0 0.640844
 0 0.640865
 0 0.640865
 0 0.640889
 0 0.640889
 0 0.6409
 0 0.640902
 0 0.640935
 0 0.640935
 0 0.641003
 0 0.641019
 0 0.641056
 0 0.641056
 0 0.641056
 0 0.641192
 0 0.641193
 0 0.641194
 0 0.641194
 0 0.641215
 0 0.641215
 0 0.641324
 0 0.641324
 0 0.64135
 0 0.641397
 0 0.641397
 0 0.641421
 0 0.641422
 0 0.641422
 0 0.641443
 0 0.641443
 0 0.641443
 0 0.641444
 0 0.641481
 0 0.641525
 0 0.641554
 0 0.641554
 0 0.641667
 0 0.641712
 0 0.641738
 0 0.641739
 0 0.641771
 0 0.641771
 0 0.641846
 0 0.641881
 0 0.641881
 0 0.641881
 0 0.641949
 0 0.641962
 0 0.642231
 0 0.642232
 0 0.642247
 0 0.642247
 0 0.642376
 0 0.642394
 0 0.642412
 0 0.642413
 0 0.642599
 0 0.642599
 0 0.6426
 0 0.6426
 0 0.642671
 0 0.642711
 0 0.642711
 0 0.642711
 0 0.642812
 0 0.642812
 0 0.642812
 0 0.642812
 0 0.642813
 0 0.642847
 0 0.642847
 0 0.642901
 0 0.642901
 0 0.643218
 0 0.64337
 0 0.643451
 0 0.643451
 0 0.643451
 0 0.643452
 0 0.64383
 0 0.643994
 0 0.644034
 0 0.644034
 0 0.644242
 0 0.644301
 0 0.644301
 0 0.644301
 0 0.644302
 0 0.644584
 0 0.644585
 0 0.644586
 0 0.644586
 0 0.644586
 0 0.644642
 0 0.644653
 0 0.644653
 0 0.645071
 0 0.645086
 0 0.645086
 0 0.645087
 0 0.645405
 0 0.645589
 0 0.64559
 0 0.64624
 0 0.646881
 0 0.646971
 0 0.646971
 0 0.647612
 0 0.647844
 0 inf
