 0 0.486934
 0 0.486934
 0 0.487375
 0 0.487611
 0 0.487612
 0 0.487612
 0 0.489842
 0 0.489842
 0 0.491136
 0 0.491165
 0 0.491165
 0 0.491165
 0 0.617591
 0 0.618404
 0 0.618404
 0 0.618404
 0 0.618404
 0 0.618405
 0 0.619883
 0 0.619883
 0 0.620068
 0 0.620562
 0 0.620629
 0 0.620629
 0 0.620685
 0 0.620791
 0 0.620791
 0 0.620967
 0 0.620968
 0 0.621
 0 0.621
 0 0.62103
 0 0.621123
 0 0.621123
 0 0.621258
 0 0.621259
 0 0.621259
 0 0.621372
 0 0.621413
 0 0.621493
 0 0.621778
 0 0.621778
 0 0.621802
 0 0.621802
 0 0.621802
 0 0.621886
 0 0.621888
 0 0.621925
 0 0.62216
 0 0.62216
 0 0.622188
 0 0.622188
 0 0.622188
 0 0.622228
 0 0.62223
 0 0.622424
 0 0.622424
 0 0.622613
 0 0.622823
 0 0.622859
 0 0.622859
 0 0.62286
 0 0.622878
 0 0.623008
 0 0.623126
 0 0.623293
 0 0.623293
 0 0.62337
 0 0.623406
 0 0.623545
 0 0.623546
 0 0.623546
 0 0.623936
 0 0.623938
 0 0.624066
 0 0.624288
 0 0.624288
 0 0.624312
 0 0.624312
 0 0.624373
 0 0.624374
 0 0.624374
 0 0.624473
 0 0.624568
 0 0.624568
 0 0.624587
 0 0.624588
 0 0.624598
 0 0.624598
 0 0.624599
 0 0.624645
 0 0.624672
 0 0.624672
 0 0.624684
 0 0.624684
 0 0.624842
 0 0.624948
 0 0.624948
 0 0.624948
 0 0.625083
 0 0.625083
 0 0.625084
 0 0.62513
 0 0.62513
 0 0.62513
 0 0.62513
 0 0.625156
 0 0.625158
 0 0.625212
 0 0.625227
 0 0.625227
 0 0.625227
 0 0.625329
 0 0.625336
 0 0.625349
 0 0.625349
 0 0.625355
 0 0.625355
 0 0.625355
 0 0.625356
 0 0.62555
 0 0.625582
 0 0.625598
 0 0.625691
 0 0.625691
 0 0.625718
 0 0.625719
 0 0.625719
 0 0.625976
 0 0.62603
 0 0.626037
 0 0.626087
 0 0.626088
 0 0.626121
 0 0.626159
 0 0.626159
 0 0.626159
 0 0.626178
 0 0.626178
 0 0.62619
 0 0.626192
 0 0.626196
 0 0.626198
 0 0.626199
 0 0.626214
 0 0.626215
 0 0.626229
 0 0.62624
 0 0.62624
 0 0.626249
 0 0.626249
 0 0.626249
 0 0.626331
 0 0.626331
 0 0.626331
 0 0.626331
 0 0.626394
 0 0.626394
 0 0.626419
 0 0.626419
 0 0.62642
 0 0.626434
 0 0.626482
 0 0.626483
 0 0.626483
 0 0.6267
 0 0.62672
 0 0.626857
 0 0.626882
 0 0.626882
 0 0.626882
 0 0.626952
 0 0.626952
 0 0.626956
 0 0.627026
 0 0.627026
 0 0.627052
 0 0.627052
 0 0.627058
 0 0.627065
 0 0.627065
 0 0.627142
 0 0.627142
 0 0.627189
 0 0.627237
 0 0.627239
 0 0.627254
 0 0.627254
 0 0.627255
 0 0.627269
 0 0.627287
 0 0.627287
 0 0.627287
 0 0.627287
 0 0.627288
 0 0.627303
 0 0.627328
 0 0.627329
 0 0.627338
 0 0.627339
 0 0.62738
 0 0.62738
 0 0.627386
 0 0.627387
 0 0.627387
 0 0.627423
 0 0.627423
 0 0.627473
 0 0.627473
 0 0.627518
 0 0.627518
 0 0.627518
 0 0.62753
 0 0.62753
 0 0.62753
 0 0.62753
 0 0.627531
 0 0.627531
 0 0.627557
 0 0.627639
 0 0.62764
 0 0.627659
 0 0.627659
 0 0.627659
 0 0.627679
 0 0.627679
 0 0.627679
 0 0.627686
 0 0.627804
 0 0.627805
 0 0.627819
 0 0.627821
 0 0.627926
 0 0.627927
 0 0.628065
 0 0.628067
 0 0.62807
 0 0.628072
 0 0.628087
 0 0.628192
 0 0.628211
 0 0.628211
 0 0.628211
 0 0.628211
 0 0.628228
 0 0.628233
 0 0.628234
 0 0.628254
 0 0.628263
 0 0.628264
 0 0.628264
 0 0.628311
 0 0.628312
 0 0.628312
 0 0.628354
 0 0.628391
 0 0.628441
 0 0.628441
 0 0.628495
 0 0.628495
 0 0.628511
 0 0.628525
 0 0.628525
 0 0.628525
 0 0.628525
 0 0.628525
 0 0.628533
 0 0.628558
 0 0.628558
 0 0.628558
 0 0.628559
 0 0.628559
 0 0.628575
 0 0.628575
 0 0.628625
 0 0.628625
 0 0.628625
 0 0.628626
 0 0.628626
 0 0.628668
 0 0.62867
 0 0.62867
 0 0.62867
 0 0.62867
 0 0.62867
 0 0.62867
 0 0.628688
 0 0.628696
 0 0.628713
 0 0.628726
 0 0.628728
 0 0.628728
 0 0.628729
 0 0.628729
 0 0.628748
 0 0.628748
 0 0.628749
 0 0.628749
 0 0.62875
 0 0.628763
 0 0.628772
 0 0.628772
 0 0.628806
 0 0.628832
 0 0.628833
 0 0.628833
 0 0.628855
 0 0.628889
 0 0.628889
 0 0.628889
 0 0.62889
 0 0.62889
 0 0.628897
 0 0.6289
 0 0.6289
 0 0.628933
 0 0.628933
 0 0.628961
 0 0.628961
 0 0.628961
 0 0.62898
 0 0.62898
 0 0.628989
 0 0.62899
 0 0.62899
 0 0.628994
 0 0.629098
 0 0.629098
 0 0.629137
 0 0.629238
 0 0.629249
 0 0.629249
 0 0.629249
 0 0.629267
 0 0.62927
 0 0.62927
 0 0.629421
 0 0.629421
 0 0.629444
 0 0.629444
 0 0.629445
 0 0.629445
 0 0.629445
 0 0.629504
 0 0.629504
 0 0.629505
 0 0.62951
 0 0.629511
 0 0.62952
 0 0.629521
 0 0.629535
 0 0.629535
 0 0.629536
 0 0.629553
 0 0.629553
 0 0.629586
 0 0.629586
 0 0.629586
 0 0.629604
 0 0.629604
 0 0.629604
 0 0.629604
 0 0.629604
 0 0.629613
 0 0.629614
 0 0.629614
 0 0.629616
 0 0.629616
 0 0.629618
 0 0.629629
 0 0.62963
 0 0.629631
 0 0.629631
 0 0.629631
 0 0.629642
 0 0.629642
 0 0.629642
 0 0.629643
 0 0.629644
 0 0.629731
 0 0.629731
 0 0.629736
 0 0.629738
 0 0.629738
 0 0.629766
 0 0.629767
 0 0.629767
 0 0.629767
 0 0.629796
 0 0.629797
 0 0.629797
 0 0.629802
 0 0.629822
 0 0.629859
 0 0.62993
 0 0.629931
 0 0.630008
 0 0.630008
 0 0.63004
 0 0.63004
 0 0.63004
 0 0.63004
 0 0.630049
 0 0.630049
 0 0.630067
 0 0.630087
 0 0.630087
 0 0.630087
 0 0.630113
 0 0.630114
 0 0.630125
 0 0.630135
 0 0.630135
 0 0.630145
 0 0.630179
 0 0.630182
 0 0.630183
 0 0.630183
 0 0.630225
 0 0.630227
 0 0.630233
 0 0.630235
 0 0.630259
 0 0.630259
 0 0.630259
 0 0.630315
 0 0.630325
 0 0.630325
 0 0.630326
 0 0.630327
 0 0.630351
 0 0.630351
 0 0.630355
 0 0.630356
 0 0.630357
 0 0.630357
 0 0.630357
 0 0.630357
 0 0.630357
 0 0.630382
 0 0.630382
 0 0.630382
 0 0.630421
 0 0.630421
 0 0.630432
 0 0.63045
 0 0.63046
 0 0.630464
 0 0.630464
 0 0.630464
 0 0.630484
 0 0.630484
 0 0.630515
 0 0.630517
 0 0.630517
 0 0.630551
 0 0.630551
 0 0.630565
 0 0.630578
 0 0.63058
 0 0.630583
 0 0.630583
 0 0.630583
 0 0.630622
 0 0.630622
 0 0.630623
 0 0.630623
 0 0.630663
 0 0.630664
 0 0.630666
 0 0.630666
 0 0.630666
 0 0.63069
 0 0.630691
 0 0.630693
 0 0.630703
 0 0.630704
 0 0.630704
 0 0.630725
 0 0.630737
 0 0.630751
 0 0.630752
 0 0.630753
 0 0.630754
 0 0.630755
 0 0.630799
 0 0.630839
 0 0.630839
 0 0.630839
 0 0.630845
 0 0.630867
 0 0.630867
 0 0.630868
 0 0.630868
 0 0.63088
 0 0.630905
 0 0.630905
 0 0.630906
 0 0.630907
 0 0.630921
 0 0.630921
 0 0.630928
 0 0.630928
 0 0.630931
 0 0.630931
 0 0.630984
 0 0.630991
 0 0.63102
 0 0.631023
 0 0.631023
 0 0.631042
 0 0.631042
 0 0.631042
 0 0.631058
 0 0.631059
 0 0.631059
 0 0.631095
 0 0.631095
 0 0.631096
 0 0.631104
 0 0.631105
 0 0.631118
 0 0.631168
 0 0.631169
 0 0.631179
 0 0.631197
 0 0.631216
 0 0.631228
 0 0.631231
 0 0.631231
 0 0.631231
 0 0.631242
 0 0.631248
 0 0.631248
 0 0.631248
 0 0.631248
 0 0.631248
 0 0.631259
 0 0.631281
 0 0.631287
 0 0.631287
 0 0.631298
 0 0.631299
 0 0.631307
 0 0.631311
 0 0.631313
 0 0.631317
 0 0.631317
 0 0.631352
 0 0.631371
 0 0.631371
 0 0.631376
 0 0.631376
 0 0.631376
 0 0.631376
 0 0.631376
 0 0.631394
 0 0.631424
 0 0.631424
 0 0.631424
 0 0.631429
 0 0.631429
 0 0.631429
 0 0.631429
 0 0.631478
 0 0.631479
 0 0.631479
 0 0.63149
 0 0.63151
 0 0.631511
 0 0.631513
 0 0.631513
 0 0.631524
 0 0.631526
 0 0.631528
 0 0.631528
 0 0.631528
 0 0.631532
 0 0.631532
 0 0.631533
 0 0.631533
 0 0.631533
 0 0.631534
 0 0.631536
 0 0.631557
 0 0.631558
 0 0.631559
 0 0.631559
 0 0.631573
 0 0.631576
 0 0.631576
 0 0.631576
 0 0.631576
 0 0.631576
 0 0.631585
 0 0.631627
 0 0.631645
 0 0.631646
 0 0.631646
 0 0.631647
 0 0.631647
 0 0.631647
 0 0.631648
 0 0.631648
 0 0.631671
 0 0.631691
 0 0.631692
 0 0.631713
 0 0.631713
 0 0.631713
 0 0.631713
 0 0.631719
 0 0.63183
 0 0.63183
 0 0.63183
 0 0.631834
 0 0.631834
 0 0.631834
 0 0.631834
 0 0.631835
 0 0.631838
 0 0.631838
 0 0.631857
 0 0.631858
 0 0.631865
 0 0.631868
 0 0.631889
 0 0.631891
 0 0.631891
 0 0.631901
 0 0.631901
 0 0.631904
 0 0.63194
 0 0.631942
 0 0.631942
 0 0.631943
 0 0.631951
 0 0.63197
 0 0.63197
 0 0.63197
 0 0.631971
 0 0.631972
 0 0.631973
 0 0.631973
 0 0.631973
 0 0.631974
 0 0.631975
 0 0.631977
 0 0.631989
 0 0.631993
 0 0.631993
 0 0.631994
 0 0.631994
 0 0.631994
 0 0.631994
 0 0.632008
 0 0.632008
 0 0.632008
 0 0.632009
 0 0.632014
 0 0.63203
 0 0.632048
 0 0.632048
 0 0.632048
 0 0.632048
 0 0.63206
 0 0.632074
 0 0.632099
 0 0.6321
 0 0.632103
 0 0.632103
 0 0.632107
 0 0.632114
 0 0.632115
 0 0.632116
 0 0.632122
 0 0.632123
 0 0.632126
 0 0.63213
 0 0.632142
 0 0.632143
 0 0.632197
 0 0.632197
 0 0.632197
 0 0.632197
 0 0.632212
 0 0.632217
 0 0.632218
 0 0.632224
 0 0.632227
 0 0.632329
 0 0.632329
 0 0.63233
 0 0.632375
 0 0.632396
 0 0.632414
 0 0.632469
 0 0.632483
 0 0.632484
 0 0.632485
 0 0.632488
 0 0.632489
 0 0.632517
 0 0.632529
 0 0.632534
 0 0.632534
 0 0.632534
 0 0.632549
 0 0.632555
 0 0.632564
 0 0.632564
 0 0.632576
 0 0.632577
 0 0.632577
 0 0.632577
 0 0.632577
 0 0.632578
 0 0.632578
 0 0.632578
 0 0.632597
 0 0.632598
 0 0.632609
 0 0.632609
 0 0.632609
 0 0.632641
 0 0.632704
 0 0.632711
 0 0.632711
 0 0.632713
 0 0.63273
 0 0.632732
 0 0.632732
 0 0.632739
 0 0.63274
 0 0.63274
 0 0.632741
 0 0.632741
 0 0.632741
 0 0.632791
 0 0.632792
 0 0.632806
 0 0.632808
 0 0.632824
 0 0.63283
 0 0.632831
 0 0.632831
 0 0.63285
 0 0.632876
 0 0.632876
 0 0.632917
 0 0.632918
 0 0.632924
 0 0.632937
 0 0.632937
 0 0.632985
 0 0.63299
 0 0.633019
 0 0.633022
 0 0.633025
 0 0.633025
 0 0.633026
 0 0.633027
 0 0.633094
 0 0.633096
 0 0.633132
 0 0.633137
 0 0.633137
 0 0.633149
 0 0.633155
 0 0.633155
 0 0.633156
 0 0.633156
 0 0.63317
 0 0.633182
 0 0.633189
 0 0.633189
 0 0.63319
 0 0.633203
 0 0.633203
 0 0.633203
 0 0.633203
 0 0.633206
 0 0.633228
 0 0.633229
 0 0.63324
 0 0.63324
 0 0.63324
 0 0.63324
 0 0.633241
 0 0.633241
 0 0.63325
 0 0.633301
 0 0.633301
 0 0.633301
 0 0.633308
 0 0.633309
 0 0.633363
 0 0.633364
 0 0.633473
 0 0.633473
 0 0.63352
 0 0.63352
 0 0.63352
 0 0.633538
 0 0.633546
 0 0.633546
 0 0.633547
 0 0.633549
 0 0.63355
 0 0.633571
 0 0.633571
 0 0.633573
 0 0.633624
 0 0.633665
 0 0.633685
 0 0.633696
 0 0.633697
 0 0.633697
 0 0.633697
 0 0.633697
 0 0.633698
 0 0.633698
 0 0.633698
 0 0.633698
 0 0.633698
 0 0.633713
 0 0.633714
 0 0.633751
 0 0.633751
 0 0.633767
 0 0.633767
 0 0.633851
 0 0.633851
 0 0.633852
 0 0.633852
 0 0.633871
 0 0.633872
 0 0.633875
 0 0.633875
 0 0.633875
 0 0.633875
 0 0.633913
 0 0.633913
 0 0.63394
 0 0.633964
 0 0.633964
 0 0.633965
 0 0.634005
 0 0.63401
 0 0.63401
 0 0.634032
 0 0.634045
 0 0.634045
 0 0.634051
 0 0.634052
 0 0.6341
 0 0.6341
 0 0.6341
 0 0.634112
 0 0.634125
 0 0.634157
 0 0.634158
 0 0.634158
 0 0.634158
 0 0.634179
 0 0.634179
 0 0.634188
 0 0.634247
 0 0.634247
 0 0.634247
 0 0.634247
 0 0.63425
 0 0.634251
 0 0.634257
 0 0.634268
 0 0.634268
 0 0.634285
 0 0.634285
 0 0.634292
 0 0.634294
 0 0.634301
 0 0.63431
 0 0.634342
 0 0.634342
 0 0.634342
 0 0.634348
 0 0.634367
 0 0.634367
 0 0.634367
 0 0.634367
 0 0.634392
 0 0.634393
 0 0.634394
 0 0.634394
 0 0.634394
 0 0.634399
 0 0.634445
 0 0.634445
 0 0.634455
 0 0.634455
 0 0.634455
 0 0.634464
 0 0.634493
 0 0.634493
 0 0.634508
 0 0.634509
 0 0.63451
 0 0.634547
 0 0.634547
 0 0.634547
 0 0.634547
 0 0.634547
 0 0.634547
 0 0.634547
 0 0.634575
 0 0.634575
 0 0.634579
 0 0.634581
 0 0.634581
 0 0.634585
 0 0.634588
 0 0.634589
 0 0.634589
 0 0.634589
 0 0.634606
 0 0.634606
 0 0.634606
 0 0.634625
 0 0.634626
 0 0.634626
 0 0.634626
 0 0.634631
 0 0.634631
 0 0.634633
 0 0.634709
 0 0.634709
 0 0.634741
 0 0.634742
 0 0.634742
 0 0.634743
 0 0.634743
 0 0.634743
 0 0.634768
 0 0.63478
 0 0.634781
 0 0.634798
 0 0.634799
 0 0.634802
 0 0.634812
 0 0.634815
 0 0.634824
 0 0.634843
 0 0.634899
 0 0.634899
 0 0.634912
 0 0.634913
 0 0.634913
 0 0.634924
 0 0.634944
 0 0.634944
 0 0.634944
 0 0.634944
 0 0.634944
 0 0.634944
 0 0.634958
 0 0.634968
 0 0.634969
 0 0.634971
 0 0.634973
 0 0.634978
 0 0.634984
 0 0.63499
 0 0.63499
 0 0.63501
 0 0.63501
 0 0.635011
 0 0.635066
 0 0.635066
 0 0.635067
 0 0.635067
 0 0.635072
 0 0.6351
 0 0.635101
 0 0.635125
 0 0.635125
 0 0.635126
 0 0.635126
 0 0.635154
 0 0.635157
 0 0.635157
 0 0.635185
 0 0.635188
 0 0.6352
 0 0.635247
 0 0.635249
 0 0.635249
 0 0.635249
 0 0.635261
 0 0.635262
 0 0.635262
 0 0.635309
 0 0.635311
 0 0.635316
 0 0.635316
 0 0.635378
 0 0.635391
 0 0.635395
 0 0.635397
 0 0.635397
 0 0.635398
 0 0.635403
 0 0.635473
 0 0.635473
 0 0.635524
 0 0.635524
 0 0.635532
 0 0.635537
 0 0.635563
 0 0.635563
 0 0.635582
 0 0.63563
 0 0.635631
 0 0.635631
 0 0.635632
 0 0.635662
 0 0.635681
 0 0.635682
 0 0.635724
 0 0.635742
 0 0.635749
 0 0.635749
 0 0.635768
 0 0.635768
 0 0.635768
 0 0.635796
 0 0.635796
 0 0.635868
 0 0.635869
 0 0.635869
 0 0.63587
 0 0.63587
 0 0.63587
 0 0.635876
 0 0.635924
 0 0.635925
 0 0.635936
 0 0.635961
 0 0.635971
 0 0.635978
 0 0.635998
 0 0.635998
 0 0.635998
 0 0.635998
 0 0.636011
 0 0.636021
 0 0.636055
 0 0.636055
 0 0.636055
 0 0.636061
 0 0.636061
 0 0.636062
 0 0.63607
 0 0.636071
 0 0.636096
 0 0.636096
 0 0.636097
 0 0.636161
 0 0.636161
 0 0.636212
 0 0.636213
 0 0.636249
 0 0.63625
 0 0.636273
 0 0.636346
 0 0.636346
 0 0.636397
 0 0.636401
 0 0.636401
 0 0.636422
 0 0.636456
 0 0.636456
 0 0.636456
 0 0.636482
 0 0.636482
 0 0.636507
 0 0.63651
 0 0.636534
 0 0.636535
 0 0.636542
 0 0.636542
 0 0.636579
 0 0.636579
 0 0.63658
 0 0.636595
 0 0.636595
 0 0.636658
 0 0.636689
 0 0.636689
 0 0.636708
 0 0.636708
 0 0.636708
 0 0.636709
 0 0.636724
 0 0.636769
 0 0.636769
 0 0.636794
 0 0.636811
 0 0.636819
 0 0.636831
 0 0.636906
 0 0.636919
 0 0.63692
 0 0.636938
 0 0.636938
 0 0.636952
 0 0.636956
 0 0.636966
 0 0.636966
 0 0.636981
 0 0.636982
 0 0.636992
 0 0.636992
 0 0.636995
 0 0.636995
 0 0.637013
 0 0.637014
 0 0.63702
 0 0.637029
 0 0.637064
 0 0.637128
 0 0.637141
 0 0.637153
 0 0.637154
 0 0.637155
 0 0.637188
 0 0.637212
 0 0.637212
 0 0.637235
 0 0.637235
 0 0.637251
 0 0.637252
 0 0.637335
 0 0.637339
 0 0.637343
 0 0.637385
 0 0.637385
 0 0.637403
 0 0.637414
 0 0.637436
 0 0.637436
 0 0.637436
 0 0.637436
 0 0.637442
 0 0.63745
 0 0.63745
 0 0.637454
 0 0.637454
 0 0.637478
 0 0.637486
 0 0.637486
 0 0.6375
 0 0.637514
 0 0.637531
 0 0.637571
 0 0.637571
 0 0.637578
 0 0.637583
 0 0.637621
 0 0.637621
 0 0.637621
 0 0.637634
 0 0.637662
 0 0.637664
 0 0.637679
 0 0.637698
 0 0.637709
 0 0.637715
 0 0.637716
 0 0.637721
 0 0.637734
 0 0.637734
 0 0.637746
 0 0.637746
 0 0.637747
 0 0.637748
 0 0.637769
 0 0.637782
 0 0.637794
 0 0.637795
 0 0.637817
 0 0.637825
 0 0.637826
 0 0.637836
 0 0.637866
 0 0.637868
 0 0.637901
 0 0.637902
 0 0.637928
 0 0.637928
 0 0.637945
 0 0.637951
 0 0.637951
 0 0.637952
 0 0.637952
 0 0.637954
 0 0.637969
 0 0.637969
 0 0.637973
 0 0.637973
 0 0.637974
 0 0.638013
 0 0.638015
 0 0.638085
 0 0.638086
 0 0.638087
 0 0.638156
 0 0.638156
 0 0.638167
 0 0.638237
 0 0.638238
 0 0.638265
 0 0.638265
 0 0.638325
 0 0.638336
 0 0.638353
 0 0.638365
 0 0.638397
 0 0.638456
 0 0.638457
 0 0.638458
 0 0.638458
 0 0.638458
 0 0.638458
 0 0.638459
 0 0.638503
 0 0.638503
 0 0.638507
 0 0.638555
 0 0.638555
 0 0.638555
 0 0.638555
 0 0.638609
 0 0.638609
 0 0.638614
 0 0.638614
 0 0.638644
 0 0.638645
 0 0.638756
 0 0.638756
 0 0.638763
 0 0.638776
 0 0.638835
 0 0.638844
 0 0.638844
 0 0.638844
 0 0.638844
 0 0.638858
 0 0.638866
 0 0.638904
 0 0.638905
 0 0.638905
 0 0.638905
 0 0.638905
 0 0.638906
 0 0.638907
 0 0.638909
 0 0.63894
 0 0.63894
 0 0.63894
 0 0.639
 0 0.639002
 0 0.639003
 0 0.639102
 0 0.639102
 0 0.639103
 0 0.639107
 0 0.639108
 0 0.639123
 0 0.639135
 0 0.63917
 0 0.63917
 0 0.639198
 0 0.639201
 0 0.639234
 0 0.639235
 0 0.639235
 0 0.639235
 0 0.639235
 0 0.639288
 0 0.639289
 0 0.639289
 0 0.639289
 0 0.63929
 0 0.63929
 0 0.639319
 0 0.639378
 0 0.639419
 0 0.63942
 0 0.63942
 0 0.639474
 0 0.639475
 0 0.639476
 0 0.639503
 0 0.639542
 0 0.639554
 0 0.639596
 0 0.639596
 0 0.639679
 0 0.639679
 0 0.639709
 0 0.639711
 0 0.639803
 0 0.639804
 0 0.639804
 0 0.639806
 0 0.639819
 0 0.639851
 0 0.639888
 0 0.639897
 0 0.639898
 0 0.639898
 0 0.639898
 0 0.639898
 0 0.639902
 0 0.639903
 0 0.63991
 0 0.63991
 0 0.639918
 0 0.640044
 0 0.640045
 0 0.640108
 0 0.640109
 0 0.640118
 0 0.640119
 0 0.640119
 0 0.640119
 0 0.640176
 0 0.640206
 0 0.640206
 0 0.640253
 0 0.640253
 0 0.640253
 0 0.640291
 0 0.640292
 0 0.640292
 0 0.640293
 0 0.64032
 0 0.640339
 0 0.640356
 0 0.640356
 0 0.640358
 0 0.640358
 0 0.640358
 0 0.640359
 0 0.640389
 0 0.640389
 0 0.640389
 0 0.64039
 0 0.640507
 0 0.640507
 0 0.640509
 0 0.640509
 0 0.64051
 0 0.640515
 0 0.640571
 0 0.640572
 0 0.640583
 0 0.640583
 0 0.640583
 0 0.640584
 0 0.640584
 0 0.640584
 0 0.640758
 0 0.640902
 0 0.640903
 0 0.640904
 0 0.640946
 0 0.640946
 0 0.640968
 0 0.64097
 0 0.641004
 0 0.641043
 0 0.641057
 0 0.641091
 0 0.641092
 0 0.641107
 0 0.641128
 0 0.64114
 0 0.641156
 0 0.64142
 0 0.641421
 0 0.641422
 0 0.641425
 0 0.641456
 0 0.641456
 0 0.641472
 0 0.641472
 0 0.641493
 0 0.641493
 0 0.641494
 0 0.641508
 0 0.641509
 0 0.641509
 0 0.641511
 0 0.641544
 0 0.641565
 0 0.641565
 0 0.641565
 0 0.641565
 0 0.641565
 0 0.641658
 0 0.641658
 0 0.641692
 0 0.641755
 0 0.641787
 0 0.641796
 0 0.641796
 0 0.641806
 0 0.641819
 0 0.641836
 0 0.641837
 0 0.641873
 0 0.641967
 0 0.641967
 0 0.642018
 0 0.64203
 0 0.642089
 0 0.642101
 0 0.642101
 0 0.642174
 0 0.642204
 0 0.642245
 0 0.642245
 0 0.642245
 0 0.642275
 0 0.642275
 0 0.642333
 0 0.642357
 0 0.642428
 0 0.64243
 0 0.64243
 0 0.64243
 0 0.64245
 0 0.642548
 0 0.642549
 0 0.642662
 0 0.642699
 0 0.642699
 0 0.642699
 0 0.642706
 0 0.642721
 0 0.642754
 0 0.642756
 0 0.642783
 0 0.642783
 0 0.642783
 0 0.642784
 0 0.642858
 0 0.642859
 0 0.642999
 0 0.642999
 0 0.643064
 0 0.64336
 0 0.64336
 0 0.643395
 0 0.643396
 0 0.643407
 0 0.643407
 0 0.64348
 0 0.643487
 0 0.643505
 0 0.643518
 0 0.643518
 0 0.643518
 0 0.643518
 0 0.643631
 0 0.643632
 0 0.643632
 0 0.64367
 0 0.64367
 0 0.643671
 0 0.643671
 0 0.643921
 0 0.644062
 0 0.644176
 0 0.644206
 0 0.644206
 0 0.644207
 0 0.644207
 0 0.644276
 0 0.644383
 0 0.644429
 0 0.64443
 0 0.644489
 0 0.644592
 0 0.644592
 0 0.644609
 0 0.644875
 0 0.644969
 0 0.645108
 0 0.645212
 0 0.645212
 0 0.645239
 0 0.64524
 0 0.645279
 0 0.64528
 0 0.64528
 0 0.645421
 0 0.645421
 0 0.645558
 0 0.64561
 0 0.64561
 0 0.645654
 0 0.645655
 0 0.645655
 0 0.645688
 0 0.645703
 0 0.646366
 0 0.646688
 0 0.646688
 0 0.647376
 0 0.647377
 0 0.647377
 0 0.647471
 0 0.647471
 0 0.647601
 0 0.647601
 0 0.647828
 0 0.647923
 0 0.648396
 0 0.649691
 0 0.649786
 0 0.649787
 0 0.650211
 0 0.650212
 0 0.650213
 0 0.650214
 0 0.65022
 0 0.65022
 0 0.650303
 0 0.650303
 0 0.650303
 0 inf
