 0 0.485628
 0 0.485628
 0 0.485628
 0 0.485628
 0 0.486695
 0 0.486696
 0 0.493726
 0 0.493726
 0 0.494145
 0 0.494712
 0 0.49505
 0 0.49505
 0 0.616627
 0 0.617111
 0 0.617237
 0 0.617237
 0 0.61772
 0 0.61772
 0 0.620888
 0 0.621333
 0 0.621333
 0 0.621385
 0 0.621439
 0 0.621439
 0 0.621558
 0 0.621852
 0 0.621936
 0 0.622334
 0 0.622334
 0 0.622335
 0 0.622335
 0 0.622468
 0 0.622468
 0 0.622763
 0 0.622765
 0 0.62278
 0 0.622781
 0 0.622782
 0 0.623059
 0 0.623059
 0 0.623411
 0 0.623595
 0 0.623792
 0 0.623792
 0 0.623794
 0 0.623794
 0 0.623843
 0 0.623844
 0 0.623864
 0 0.623952
 0 0.623952
 0 0.623952
 0 0.623953
 0 0.623975
 0 0.624129
 0 0.624129
 0 0.62413
 0 0.624147
 0 0.624147
 0 0.624148
 0 0.624213
 0 0.624215
 0 0.624216
 0 0.624216
 0 0.624248
 0 0.624342
 0 0.624468
 0 0.624478
 0 0.624573
 0 0.624573
 0 0.624686
 0 0.624687
 0 0.624778
 0 0.624778
 0 0.624779
 0 0.624881
 0 0.624881
 0 0.624881
 0 0.624895
 0 0.624948
 0 0.624948
 0 0.624955
 0 0.624964
 0 0.624964
 0 0.624965
 0 0.624965
 0 0.624965
 0 0.624987
 0 0.624987
 0 0.624987
 0 0.624987
 0 0.624987
 0 0.624996
 0 0.624997
 0 0.624998
 0 0.625029
 0 0.625029
 0 0.625044
 0 0.625045
 0 0.625127
 0 0.62516
 0 0.625198
 0 0.625198
 0 0.625221
 0 0.625222
 0 0.625222
 0 0.625473
 0 0.625537
 0 0.625538
 0 0.625567
 0 0.625567
 0 0.625665
 0 0.625665
 0 0.625666
 0 0.625679
 0 0.625711
 0 0.625712
 0 0.625748
 0 0.625749
 0 0.625755
 0 0.625778
 0 0.625886
 0 0.625886
 0 0.625915
 0 0.625972
 0 0.626228
 0 0.626229
 0 0.626269
 0 0.62627
 0 0.62627
 0 0.626413
 0 0.626413
 0 0.626429
 0 0.626537
 0 0.626537
 0 0.626563
 0 0.626563
 0 0.626563
 0 0.626566
 0 0.626566
 0 0.626566
 0 0.626589
 0 0.626598
 0 0.626611
 0 0.626771
 0 0.626772
 0 0.626789
 0 0.626892
 0 0.626892
 0 0.626892
 0 0.626914
 0 0.627042
 0 0.627064
 0 0.627121
 0 0.627121
 0 0.627154
 0 0.627154
 0 0.62724
 0 0.627255
 0 0.627255
 0 0.627256
 0 0.627256
 0 0.627259
 0 0.627294
 0 0.627295
 0 0.627295
 0 0.627296
 0 0.627351
 0 0.62738
 0 0.62738
 0 0.62738
 0 0.62738
 0 0.62738
 0 0.627421
 0 0.627422
 0 0.627422
 0 0.627444
 0 0.627552
 0 0.627563
 0 0.627563
 0 0.62759
 0 0.62759
 0 0.62759
 0 0.627593
 0 0.627594
 0 0.627607
 0 0.627607
 0 0.62761
 0 0.627621
 0 0.627622
 0 0.62764
 0 0.62764
 0 0.62764
 0 0.627684
 0 0.627712
 0 0.627713
 0 0.627715
 0 0.627728
 0 0.627743
 0 0.627743
 0 0.627743
 0 0.627753
 0 0.627753
 0 0.627753
 0 0.627754
 0 0.627826
 0 0.627826
 0 0.627835
 0 0.627899
 0 0.62804
 0 0.62804
 0 0.628067
 0 0.628067
 0 0.628067
 0 0.628084
 0 0.628085
 0 0.628142
 0 0.628174
 0 0.628174
 0 0.628174
 0 0.628179
 0 0.628179
 0 0.628181
 0 0.628189
 0 0.628189
 0 0.62819
 0 0.628212
 0 0.628218
 0 0.628219
 0 0.628235
 0 0.628237
 0 0.628271
 0 0.628284
 0 0.628284
 0 0.628293
 0 0.628295
 0 0.628308
 0 0.628309
 0 0.628362
 0 0.628362
 0 0.628371
 0 0.628406
 0 0.628406
 0 0.628438
 0 0.628468
 0 0.628516
 0 0.628516
 0 0.628522
 0 0.628525
 0 0.628543
 0 0.628543
 0 0.628543
 0 0.628571
 0 0.628571
 0 0.628628
 0 0.628628
 0 0.628632
 0 0.628633
 0 0.628633
 0 0.628662
 0 0.628676
 0 0.62869
 0 0.628692
 0 0.628692
 0 0.628695
 0 0.628729
 0 0.628729
 0 0.62876
 0 0.628811
 0 0.628811
 0 0.628817
 0 0.628817
 0 0.628817
 0 0.628818
 0 0.628837
 0 0.628838
 0 0.628867
 0 0.628893
 0 0.628925
 0 0.628925
 0 0.628934
 0 0.62894
 0 0.629006
 0 0.629006
 0 0.629006
 0 0.62902
 0 0.62902
 0 0.629029
 0 0.629062
 0 0.629062
 0 0.629073
 0 0.629097
 0 0.629099
 0 0.6291
 0 0.6291
 0 0.629103
 0 0.629128
 0 0.629135
 0 0.629138
 0 0.629138
 0 0.629139
 0 0.629139
 0 0.629177
 0 0.629177
 0 0.629177
 0 0.629179
 0 0.629227
 0 0.629227
 0 0.629229
 0 0.629229
 0 0.62923
 0 0.62923
 0 0.629242
 0 0.629242
 0 0.629242
 0 0.629261
 0 0.629261
 0 0.629262
 0 0.629262
 0 0.629262
 0 0.62928
 0 0.62928
 0 0.62928
 0 0.629325
 0 0.62941
 0 0.62941
 0 0.629412
 0 0.629412
 0 0.629439
 0 0.629444
 0 0.629444
 0 0.629445
 0 0.629487
 0 0.629516
 0 0.629521
 0 0.629521
 0 0.629586
 0 0.629606
 0 0.629607
 0 0.629607
 0 0.62961
 0 0.629613
 0 0.629614
 0 0.629642
 0 0.629642
 0 0.629661
 0 0.629693
 0 0.629693
 0 0.629694
 0 0.629694
 0 0.629694
 0 0.629695
 0 0.629728
 0 0.629757
 0 0.629757
 0 0.629764
 0 0.629785
 0 0.629796
 0 0.629812
 0 0.629818
 0 0.629818
 0 0.629818
 0 0.629881
 0 0.62993
 0 0.629951
 0 0.629951
 0 0.629954
 0 0.629955
 0 0.629984
 0 0.629984
 0 0.629984
 0 0.629984
 0 0.629985
 0 0.629999
 0 0.629999
 0 0.63
 0 0.630023
 0 0.630023
 0 0.630024
 0 0.630024
 0 0.630052
 0 0.630055
 0 0.6301
 0 0.630134
 0 0.630144
 0 0.630147
 0 0.630147
 0 0.630179
 0 0.630179
 0 0.630189
 0 0.630189
 0 0.630193
 0 0.630228
 0 0.630253
 0 0.630279
 0 0.630319
 0 0.630321
 0 0.630321
 0 0.630322
 0 0.630355
 0 0.630376
 0 0.630376
 0 0.630376
 0 0.630376
 0 0.630376
 0 0.63038
 0 0.630381
 0 0.630448
 0 0.630455
 0 0.630457
 0 0.630477
 0 0.630512
 0 0.630513
 0 0.63056
 0 0.630562
 0 0.630583
 0 0.630603
 0 0.630604
 0 0.63063
 0 0.63063
 0 0.630697
 0 0.6307
 0 0.630702
 0 0.630702
 0 0.630722
 0 0.630723
 0 0.630749
 0 0.63075
 0 0.630758
 0 0.630758
 0 0.630761
 0 0.630761
 0 0.630761
 0 0.630763
 0 0.630763
 0 0.630822
 0 0.630823
 0 0.630829
 0 0.630845
 0 0.630845
 0 0.630853
 0 0.630855
 0 0.630855
 0 0.630921
 0 0.630942
 0 0.630943
 0 0.630994
 0 0.631005
 0 0.631006
 0 0.631006
 0 0.631022
 0 0.631023
 0 0.631074
 0 0.631082
 0 0.631082
 0 0.631082
 0 0.631103
 0 0.631103
 0 0.631103
 0 0.631103
 0 0.631104
 0 0.631141
 0 0.631141
 0 0.631142
 0 0.631142
 0 0.631142
 0 0.631142
 0 0.631153
 0 0.631153
 0 0.631164
 0 0.631164
 0 0.631232
 0 0.631232
 0 0.631232
 0 0.631238
 0 0.631241
 0 0.631241
 0 0.631241
 0 0.631241
 0 0.631247
 0 0.631269
 0 0.631269
 0 0.631293
 0 0.631295
 0 0.631296
 0 0.631325
 0 0.631325
 0 0.631326
 0 0.631326
 0 0.631351
 0 0.631351
 0 0.631351
 0 0.631375
 0 0.631375
 0 0.631381
 0 0.631381
 0 0.631381
 0 0.631393
 0 0.631479
 0 0.631486
 0 0.631501
 0 0.631507
 0 0.631509
 0 0.63151
 0 0.631555
 0 0.631555
 0 0.631555
 0 0.631608
 0 0.631608
 0 0.631608
 0 0.631625
 0 0.631625
 0 0.631625
 0 0.631629
 0 0.631649
 0 0.631649
 0 0.631649
 0 0.631681
 0 0.631694
 0 0.631695
 0 0.631711
 0 0.631719
 0 0.631719
 0 0.631719
 0 0.63172
 0 0.631732
 0 0.631733
 0 0.631735
 0 0.631745
 0 0.631747
 0 0.631747
 0 0.631747
 0 0.631748
 0 0.631748
 0 0.631748
 0 0.631748
 0 0.631761
 0 0.631802
 0 0.631802
 0 0.631818
 0 0.631827
 0 0.63183
 0 0.63183
 0 0.631831
 0 0.631831
 0 0.631851
 0 0.631851
 0 0.631902
 0 0.631913
 0 0.631915
 0 0.631915
 0 0.631916
 0 0.631916
 0 0.631916
 0 0.631928
 0 0.631935
 0 0.631935
 0 0.631959
 0 0.631959
 0 0.631962
 0 0.631962
 0 0.631971
 0 0.631972
 0 0.631972
 0 0.631972
 0 0.631973
 0 0.631981
 0 0.631984
 0 0.632019
 0 0.632019
 0 0.632023
 0 0.632024
 0 0.632025
 0 0.632029
 0 0.63203
 0 0.632034
 0 0.632034
 0 0.632055
 0 0.632055
 0 0.632055
 0 0.632055
 0 0.632058
 0 0.632058
 0 0.632059
 0 0.632076
 0 0.632076
 0 0.632095
 0 0.632155
 0 0.632156
 0 0.632181
 0 0.632181
 0 0.632185
 0 0.632185
 0 0.632194
 0 0.632194
 0 0.632223
 0 0.632223
 0 0.632229
 0 0.632229
 0 0.632231
 0 0.632231
 0 0.632255
 0 0.632255
 0 0.632256
 0 0.632276
 0 0.632276
 0 0.632277
 0 0.632298
 0 0.632298
 0 0.632298
 0 0.632333
 0 0.632347
 0 0.632348
 0 0.632361
 0 0.632361
 0 0.632362
 0 0.632365
 0 0.632365
 0 0.632365
 0 0.632413
 0 0.632445
 0 0.632445
 0 0.632445
 0 0.632445
 0 0.632445
 0 0.632457
 0 0.632482
 0 0.632487
 0 0.632487
 0 0.632495
 0 0.632504
 0 0.632504
 0 0.632538
 0 0.632539
 0 0.632585
 0 0.632596
 0 0.632598
 0 0.632598
 0 0.632605
 0 0.632631
 0 0.632632
 0 0.632632
 0 0.632649
 0 0.632657
 0 0.632659
 0 0.632659
 0 0.632665
 0 0.632665
 0 0.632665
 0 0.632672
 0 0.632672
 0 0.632672
 0 0.632673
 0 0.632704
 0 0.632709
 0 0.632709
 0 0.632709
 0 0.632727
 0 0.632728
 0 0.632732
 0 0.632738
 0 0.632762
 0 0.632812
 0 0.632812
 0 0.632812
 0 0.632818
 0 0.632818
 0 0.63284
 0 0.632855
 0 0.632858
 0 0.632858
 0 0.632859
 0 0.632864
 0 0.632864
 0 0.632868
 0 0.632868
 0 0.632868
 0 0.632881
 0 0.632886
 0 0.632896
 0 0.632896
 0 0.632896
 0 0.632896
 0 0.632917
 0 0.632918
 0 0.632918
 0 0.632918
 0 0.632919
 0 0.63292
 0 0.632938
 0 0.632943
 0 0.632943
 0 0.632943
 0 0.632966
 0 0.632967
 0 0.632967
 0 0.632967
 0 0.632985
 0 0.632987
 0 0.632989
 0 0.632991
 0 0.633
 0 0.633001
 0 0.633001
 0 0.633001
 0 0.633002
 0 0.633003
 0 0.633016
 0 0.633079
 0 0.633088
 0 0.633088
 0 0.633088
 0 0.633089
 0 0.633095
 0 0.633095
 0 0.633143
 0 0.633173
 0 0.633174
 0 0.633174
 0 0.633194
 0 0.633194
 0 0.633198
 0 0.633199
 0 0.633206
 0 0.633206
 0 0.633206
 0 0.633207
 0 0.633207
 0 0.633231
 0 0.633231
 0 0.633231
 0 0.633233
 0 0.633234
 0 0.633234
 0 0.633236
 0 0.633257
 0 0.633265
 0 0.633268
 0 0.63328
 0 0.633281
 0 0.633284
 0 0.633284
 0 0.633316
 0 0.633317
 0 0.633317
 0 0.633317
 0 0.633331
 0 0.633331
 0 0.633332
 0 0.633332
 0 0.633332
 0 0.633334
 0 0.633349
 0 0.633354
 0 0.633364
 0 0.633364
 0 0.633368
 0 0.633368
 0 0.633369
 0 0.633374
 0 0.633375
 0 0.633375
 0 0.633384
 0 0.63343
 0 0.63343
 0 0.63343
 0 0.63343
 0 0.633431
 0 0.633442
 0 0.633443
 0 0.633443
 0 0.633487
 0 0.633488
 0 0.633505
 0 0.633506
 0 0.633513
 0 0.633513
 0 0.633514
 0 0.63354
 0 0.633541
 0 0.63355
 0 0.63355
 0 0.633571
 0 0.633572
 0 0.633576
 0 0.633604
 0 0.633604
 0 0.633604
 0 0.633618
 0 0.63366
 0 0.63366
 0 0.63366
 0 0.63367
 0 0.633711
 0 0.633711
 0 0.633712
 0 0.633715
 0 0.633715
 0 0.633715
 0 0.633715
 0 0.633741
 0 0.633741
 0 0.633766
 0 0.633766
 0 0.633773
 0 0.633774
 0 0.633774
 0 0.633775
 0 0.633775
 0 0.633777
 0 0.633803
 0 0.633804
 0 0.633808
 0 0.633808
 0 0.633818
 0 0.633818
 0 0.633819
 0 0.633854
 0 0.633854
 0 0.633867
 0 0.633867
 0 0.633868
 0 0.633896
 0 0.633903
 0 0.633915
 0 0.633916
 0 0.633926
 0 0.633926
 0 0.633926
 0 0.633941
 0 0.633943
 0 0.633951
 0 0.633988
 0 0.633992
 0 0.633992
 0 0.633992
 0 0.634008
 0 0.634008
 0 0.634035
 0 0.634035
 0 0.634039
 0 0.634056
 0 0.634056
 0 0.634059
 0 0.634059
 0 0.634081
 0 0.634081
 0 0.634081
 0 0.634081
 0 0.634081
 0 0.634085
 0 0.634092
 0 0.634092
 0 0.634108
 0 0.634139
 0 0.634181
 0 0.634181
 0 0.6342
 0 0.6342
 0 0.6342
 0 0.634251
 0 0.634251
 0 0.634251
 0 0.634252
 0 0.63426
 0 0.63426
 0 0.63431
 0 0.63431
 0 0.634311
 0 0.634311
 0 0.634311
 0 0.634323
 0 0.634357
 0 0.634358
 0 0.634365
 0 0.634365
 0 0.634377
 0 0.634377
 0 0.634378
 0 0.634385
 0 0.634385
 0 0.634386
 0 0.634392
 0 0.634392
 0 0.634437
 0 0.634439
 0 0.634441
 0 0.634442
 0 0.634442
 0 0.634496
 0 0.634506
 0 0.634525
 0 0.634536
 0 0.634536
 0 0.634546
 0 0.634581
 0 0.634605
 0 0.634606
 0 0.634606
 0 0.634607
 0 0.634625
 0 0.634626
 0 0.634626
 0 0.634634
 0 0.634651
 0 0.634656
 0 0.634656
 0 0.634656
 0 0.634657
 0 0.634657
 0 0.63468
 0 0.63468
 0 0.634687
 0 0.634689
 0 0.634689
 0 0.634705
 0 0.634709
 0 0.63476
 0 0.634761
 0 0.634764
 0 0.634764
 0 0.634764
 0 0.634773
 0 0.634815
 0 0.634815
 0 0.63483
 0 0.63483
 0 0.634832
 0 0.634852
 0 0.634852
 0 0.634854
 0 0.634885
 0 0.634913
 0 0.634913
 0 0.634914
 0 0.634914
 0 0.634923
 0 0.634924
 0 0.634924
 0 0.634953
 0 0.634964
 0 0.634964
 0 0.634964
 0 0.634965
 0 0.634965
 0 0.634966
 0 0.634966
 0 0.634966
 0 0.634974
 0 0.634975
 0 0.634981
 0 0.634982
 0 0.634982
 0 0.634991
 0 0.634991
 0 0.634991
 0 0.634991
 0 0.634991
 0 0.634994
 0 0.635015
 0 0.635058
 0 0.635058
 0 0.635059
 0 0.63506
 0 0.63506
 0 0.63506
 0 0.63506
 0 0.635071
 0 0.635071
 0 0.635072
 0 0.635094
 0 0.635113
 0 0.635113
 0 0.635113
 0 0.635126
 0 0.635137
 0 0.635139
 0 0.635167
 0 0.635167
 0 0.635167
 0 0.63517
 0 0.63517
 0 0.63517
 0 0.63517
 0 0.63517
 0 0.635198
 0 0.635198
 0 0.635198
 0 0.635198
 0 0.63521
 0 0.63521
 0 0.635213
 0 0.635213
 0 0.635213
 0 0.635224
 0 0.635228
 0 0.635233
 0 0.635233
 0 0.635248
 0 0.635258
 0 0.635259
 0 0.635298
 0 0.635298
 0 0.635305
 0 0.635305
 0 0.635312
 0 0.635312
 0 0.635312
 0 0.635332
 0 0.635345
 0 0.635352
 0 0.635352
 0 0.635353
 0 0.635353
 0 0.635353
 0 0.635355
 0 0.635356
 0 0.635385
 0 0.635385
 0 0.635385
 0 0.635386
 0 0.635391
 0 0.6354
 0 0.635403
 0 0.635403
 0 0.635413
 0 0.635425
 0 0.635427
 0 0.635439
 0 0.635441
 0 0.635462
 0 0.63547
 0 0.635474
 0 0.635485
 0 0.635485
 0 0.635485
 0 0.635491
 0 0.635491
 0 0.635491
 0 0.635493
 0 0.635495
 0 0.635495
 0 0.635498
 0 0.635499
 0 0.635516
 0 0.635516
 0 0.63552
 0 0.635521
 0 0.635543
 0 0.635543
 0 0.635554
 0 0.635554
 0 0.635554
 0 0.635554
 0 0.635554
 0 0.635555
 0 0.635556
 0 0.63557
 0 0.635586
 0 0.635617
 0 0.635617
 0 0.635624
 0 0.635634
 0 0.635634
 0 0.635649
 0 0.635668
 0 0.635674
 0 0.635674
 0 0.635686
 0 0.635687
 0 0.635691
 0 0.635718
 0 0.635719
 0 0.635719
 0 0.635739
 0 0.63575
 0 0.635751
 0 0.635763
 0 0.635764
 0 0.635772
 0 0.635772
 0 0.635778
 0 0.635795
 0 0.635819
 0 0.635845
 0 0.635845
 0 0.635864
 0 0.635865
 0 0.635877
 0 0.635877
 0 0.635877
 0 0.635888
 0 0.635892
 0 0.635892
 0 0.635893
 0 0.635893
 0 0.635893
 0 0.635893
 0 0.635894
 0 0.635913
 0 0.635947
 0 0.635947
 0 0.635951
 0 0.635957
 0 0.635966
 0 0.635999
 0 0.635999
 0 0.636015
 0 0.636041
 0 0.636069
 0 0.63607
 0 0.63607
 0 0.63607
 0 0.636074
 0 0.636085
 0 0.636088
 0 0.636088
 0 0.636111
 0 0.636111
 0 0.636113
 0 0.636141
 0 0.636141
 0 0.636151
 0 0.636153
 0 0.63617
 0 0.63617
 0 0.636176
 0 0.636178
 0 0.636178
 0 0.636192
 0 0.636192
 0 0.636192
 0 0.636201
 0 0.636202
 0 0.63622
 0 0.636221
 0 0.636232
 0 0.636233
 0 0.636268
 0 0.63628
 0 0.63628
 0 0.636284
 0 0.636284
 0 0.636284
 0 0.63629
 0 0.636291
 0 0.636306
 0 0.636309
 0 0.636309
 0 0.636333
 0 0.636334
 0 0.636334
 0 0.636336
 0 0.636407
 0 0.636407
 0 0.636407
 0 0.636407
 0 0.636407
 0 0.636429
 0 0.636438
 0 0.63644
 0 0.636442
 0 0.636457
 0 0.636491
 0 0.636491
 0 0.636491
 0 0.636491
 0 0.636494
 0 0.636494
 0 0.636495
 0 0.636495
 0 0.636511
 0 0.636539
 0 0.636539
 0 0.636539
 0 0.636541
 0 0.636548
 0 0.636549
 0 0.636549
 0 0.636549
 0 0.63656
 0 0.636562
 0 0.636573
 0 0.636617
 0 0.636642
 0 0.636655
 0 0.636655
 0 0.636655
 0 0.636672
 0 0.636689
 0 0.636689
 0 0.63669
 0 0.63669
 0 0.636717
 0 0.636718
 0 0.636727
 0 0.636727
 0 0.636729
 0 0.636746
 0 0.636767
 0 0.636767
 0 0.63679
 0 0.636815
 0 0.636815
 0 0.636818
 0 0.636869
 0 0.636888
 0 0.636889
 0 0.636889
 0 0.636903
 0 0.636903
 0 0.636903
 0 0.636909
 0 0.636909
 0 0.636909
 0 0.63694
 0 0.636975
 0 0.636976
 0 0.637
 0 0.637013
 0 0.637019
 0 0.63702
 0 0.63703
 0 0.637031
 0 0.637032
 0 0.637051
 0 0.637051
 0 0.637065
 0 0.637065
 0 0.637065
 0 0.637066
 0 0.637066
 0 0.637066
 0 0.637067
 0 0.637072
 0 0.637072
 0 0.637074
 0 0.637074
 0 0.637074
 0 0.637076
 0 0.637076
 0 0.637076
 0 0.637076
 0 0.637081
 0 0.637082
 0 0.637083
 0 0.637083
 0 0.637083
 0 0.637152
 0 0.637152
 0 0.637152
 0 0.637175
 0 0.637208
 0 0.637208
 0 0.63725
 0 0.637259
 0 0.637259
 0 0.637259
 0 0.637259
 0 0.637274
 0 0.637279
 0 0.63728
 0 0.637298
 0 0.637299
 0 0.637329
 0 0.637331
 0 0.637336
 0 0.637336
 0 0.63746
 0 0.637521
 0 0.637522
 0 0.637522
 0 0.637541
 0 0.637551
 0 0.637562
 0 0.637562
 0 0.63759
 0 0.63759
 0 0.637591
 0 0.637627
 0 0.637641
 0 0.637641
 0 0.637642
 0 0.637643
 0 0.637693
 0 0.637693
 0 0.637693
 0 0.637694
 0 0.637694
 0 0.63771
 0 0.637711
 0 0.637738
 0 0.637738
 0 0.637738
 0 0.637738
 0 0.637785
 0 0.637823
 0 0.637823
 0 0.637829
 0 0.637829
 0 0.637829
 0 0.637842
 0 0.637891
 0 0.637892
 0 0.637913
 0 0.637924
 0 0.637981
 0 0.637981
 0 0.637997
 0 0.637997
 0 0.637999
 0 0.637999
 0 0.638004
 0 0.638045
 0 0.638045
 0 0.638335
 0 0.638336
 0 0.638336
 0 0.638336
 0 0.638336
 0 0.63839
 0 0.63839
 0 0.638405
 0 0.638406
 0 0.638406
 0 0.638521
 0 0.638521
 0 0.638545
 0 0.638547
 0 0.638548
 0 0.638558
 0 0.638558
 0 0.638558
 0 0.638559
 0 0.638565
 0 0.638566
 0 0.638566
 0 0.638566
 0 0.638606
 0 0.638606
 0 0.638615
 0 0.638615
 0 0.638661
 0 0.638662
 0 0.638662
 0 0.638667
 0 0.638667
 0 0.638675
 0 0.638676
 0 0.638676
 0 0.638676
 0 0.638771
 0 0.638801
 0 0.638801
 0 0.638882
 0 0.63891
 0 0.638928
 0 0.638928
 0 0.638982
 0 0.638982
 0 0.638983
 0 0.638984
 0 0.638984
 0 0.638994
 0 0.638994
 0 0.638995
 0 0.638995
 0 0.639098
 0 0.639108
 0 0.639128
 0 0.639169
 0 0.639183
 0 0.639183
 0 0.639196
 0 0.639291
 0 0.639292
 0 0.639374
 0 0.639375
 0 0.639393
 0 0.639394
 0 0.639428
 0 0.63943
 0 0.639473
 0 0.639539
 0 0.639567
 0 0.639567
 0 0.639567
 0 0.639577
 0 0.639577
 0 0.639583
 0 0.639617
 0 0.639617
 0 0.639706
 0 0.639817
 0 0.63984
 0 0.63984
 0 0.639859
 0 0.639864
 0 0.639885
 0 0.639888
 0 0.639888
 0 0.639888
 0 0.639907
 0 0.639907
 0 0.639948
 0 0.640019
 0 0.640019
 0 0.640064
 0 0.640067
 0 0.640086
 0 0.640132
 0 0.640132
 0 0.640132
 0 0.640186
 0 0.640186
 0 0.640186
 0 0.640364
 0 0.640365
 0 0.640365
 0 0.640365
 0 0.640497
 0 0.640497
 0 0.640497
 0 0.640561
 0 0.640561
 0 0.640561
 0 0.640639
 0 0.640639
 0 0.640767
 0 0.640857
 0 0.640858
 0 0.640858
 0 0.640878
 0 0.640878
 0 0.640879
 0 0.64088
 0 0.64088
 0 0.640908
 0 0.640993
 0 0.640995
 0 0.640995
 0 0.641044
 0 0.641082
 0 0.641082
 0 0.641103
 0 0.641103
 0 0.641265
 0 0.641281
 0 0.641281
 0 0.641282
 0 0.641318
 0 0.641318
 0 0.641395
 0 0.641395
 0 0.641395
 0 0.641412
 0 0.641462
 0 0.641462
 0 0.641754
 0 0.64177
 0 0.641773
 0 0.641773
 0 0.641774
 0 0.641792
 0 0.6419
 0 0.641917
 0 0.64196
 0 0.64196
 0 0.641961
 0 0.641961
 0 0.641961
 0 0.641962
 0 0.642037
 0 0.642038
 0 0.642272
 0 0.642272
 0 0.642332
 0 0.642563
 0 0.642563
 0 0.642593
 0 0.642692
 0 0.642692
 0 0.642692
 0 0.642759
 0 0.642816
 0 0.642903
 0 0.642994
 0 0.643059
 0 0.64306
 0 0.643121
 0 0.643263
 0 0.643264
 0 0.643269
 0 0.643412
 0 0.643412
 0 0.643513
 0 0.643513
 0 0.643607
 0 0.643621
 0 0.643654
 0 0.643665
 0 0.643665
 0 0.64388
 0 0.643898
 0 0.643899
 0 0.643933
 0 0.643933
 0 0.643946
 0 0.643961
 0 0.644239
 0 0.644239
 0 0.644557
 0 0.644557
 0 0.644589
 0 0.64459
 0 0.6446
 0 0.6446
 0 0.6446
 0 0.644911
 0 0.644911
 0 0.644911
 0 0.644915
 0 0.644915
 0 0.645327
 0 0.645327
 0 0.645369
 0 0.645369
 0 0.645506
 0 0.645515
 0 0.645515
 0 0.645604
 0 0.645606
 0 0.645606
 0 0.64569
 0 0.645808
 0 0.645837
 0 0.645844
 0 0.646253
 0 0.646354
 0 0.64639
 0 0.64639
 0 0.646682
 0 inf
