 0 0.484259
 0 0.484259
 0 0.484686
 0 0.484686
 0 0.484687
 0 0.485133
 0 0.494317
 0 0.494317
 0 0.494317
 0 0.494318
 0 0.495173
 0 0.495173
 0 0.6201
 0 0.62083
 0 0.62083
 0 0.620852
 0 0.620852
 0 0.620853
 0 0.621033
 0 0.621033
 0 0.621038
 0 0.621039
 0 0.621039
 0 0.621125
 0 0.622145
 0 0.622146
 0 0.622284
 0 0.622284
 0 0.622285
 0 0.623121
 0 0.623121
 0 0.623122
 0 0.623122
 0 0.623196
 0 0.623748
 0 0.623905
 0 0.623907
 0 0.624363
 0 0.624363
 0 0.624376
 0 0.624376
 0 0.624378
 0 0.624472
 0 0.624472
 0 0.624909
 0 0.624937
 0 0.624938
 0 0.624943
 0 0.624943
 0 0.624943
 0 0.624944
 0 0.625004
 0 0.625004
 0 0.62508
 0 0.62509
 0 0.62509
 0 0.625152
 0 0.62516
 0 0.62516
 0 0.625162
 0 0.625162
 0 0.625193
 0 0.625214
 0 0.625214
 0 0.625225
 0 0.625244
 0 0.625244
 0 0.625244
 0 0.625244
 0 0.625259
 0 0.625259
 0 0.625261
 0 0.625261
 0 0.625287
 0 0.625287
 0 0.625287
 0 0.625296
 0 0.625343
 0 0.625356
 0 0.625356
 0 0.625451
 0 0.625464
 0 0.62554
 0 0.62554
 0 0.625566
 0 0.625567
 0 0.625714
 0 0.625722
 0 0.625722
 0 0.625724
 0 0.625735
 0 0.625735
 0 0.625845
 0 0.625845
 0 0.625941
 0 0.62598
 0 0.62598
 0 0.62598
 0 0.625991
 0 0.625991
 0 0.625992
 0 0.626023
 0 0.626051
 0 0.626052
 0 0.626053
 0 0.626068
 0 0.626075
 0 0.626076
 0 0.626076
 0 0.626076
 0 0.626076
 0 0.626136
 0 0.626136
 0 0.626146
 0 0.626161
 0 0.626261
 0 0.626293
 0 0.626339
 0 0.626339
 0 0.626358
 0 0.62636
 0 0.626391
 0 0.626459
 0 0.626459
 0 0.626459
 0 0.626484
 0 0.626575
 0 0.626633
 0 0.626641
 0 0.626642
 0 0.626642
 0 0.626715
 0 0.626715
 0 0.626744
 0 0.62678
 0 0.626841
 0 0.626841
 0 0.626843
 0 0.626862
 0 0.626862
 0 0.62687
 0 0.626916
 0 0.626918
 0 0.626942
 0 0.626943
 0 0.626943
 0 0.626943
 0 0.627048
 0 0.627048
 0 0.627064
 0 0.62714
 0 0.62714
 0 0.627141
 0 0.627252
 0 0.627252
 0 0.627346
 0 0.62736
 0 0.627361
 0 0.627508
 0 0.627542
 0 0.627558
 0 0.627578
 0 0.627578
 0 0.627584
 0 0.627609
 0 0.62761
 0 0.627698
 0 0.627699
 0 0.627738
 0 0.627739
 0 0.627739
 0 0.627739
 0 0.627767
 0 0.627767
 0 0.627773
 0 0.627774
 0 0.627774
 0 0.627801
 0 0.627854
 0 0.627874
 0 0.6279
 0 0.6279
 0 0.627901
 0 0.627998
 0 0.62804
 0 0.628068
 0 0.628068
 0 0.628072
 0 0.628072
 0 0.628075
 0 0.628075
 0 0.62808
 0 0.628081
 0 0.62811
 0 0.628113
 0 0.628113
 0 0.628116
 0 0.628144
 0 0.628144
 0 0.62815
 0 0.62815
 0 0.62815
 0 0.628151
 0 0.628176
 0 0.628176
 0 0.628196
 0 0.628198
 0 0.628198
 0 0.628199
 0 0.628205
 0 0.628228
 0 0.62838
 0 0.628415
 0 0.628466
 0 0.628466
 0 0.628498
 0 0.628502
 0 0.628514
 0 0.628514
 0 0.628515
 0 0.628536
 0 0.628538
 0 0.628538
 0 0.628546
 0 0.628603
 0 0.628634
 0 0.628676
 0 0.628682
 0 0.628728
 0 0.628741
 0 0.628785
 0 0.628827
 0 0.628827
 0 0.628827
 0 0.628864
 0 0.628871
 0 0.628871
 0 0.628885
 0 0.628885
 0 0.628931
 0 0.628948
 0 0.628948
 0 0.628953
 0 0.628954
 0 0.629033
 0 0.629033
 0 0.629047
 0 0.629053
 0 0.629098
 0 0.629099
 0 0.629099
 0 0.629128
 0 0.629128
 0 0.629148
 0 0.629148
 0 0.629169
 0 0.629174
 0 0.629174
 0 0.629174
 0 0.629185
 0 0.629185
 0 0.629185
 0 0.629207
 0 0.629277
 0 0.629279
 0 0.629332
 0 0.629378
 0 0.629397
 0 0.6294
 0 0.629407
 0 0.629407
 0 0.629438
 0 0.629438
 0 0.62947
 0 0.62947
 0 0.629484
 0 0.629484
 0 0.629484
 0 0.629485
 0 0.629533
 0 0.629533
 0 0.629563
 0 0.629563
 0 0.629564
 0 0.629564
 0 0.629571
 0 0.629604
 0 0.629611
 0 0.629622
 0 0.629623
 0 0.629623
 0 0.629623
 0 0.629623
 0 0.629661
 0 0.629661
 0 0.629675
 0 0.629675
 0 0.629692
 0 0.629692
 0 0.629727
 0 0.629755
 0 0.629755
 0 0.629757
 0 0.629757
 0 0.629778
 0 0.629789
 0 0.629789
 0 0.629789
 0 0.629826
 0 0.629827
 0 0.62985
 0 0.62985
 0 0.629852
 0 0.629852
 0 0.629872
 0 0.629873
 0 0.629873
 0 0.629874
 0 0.629879
 0 0.629879
 0 0.629884
 0 0.6299
 0 0.629968
 0 0.629981
 0 0.629981
 0 0.629982
 0 0.629982
 0 0.629984
 0 0.629998
 0 0.629999
 0 0.63004
 0 0.630081
 0 0.630087
 0 0.630087
 0 0.630088
 0 0.630089
 0 0.630096
 0 0.630096
 0 0.630096
 0 0.630098
 0 0.630099
 0 0.630109
 0 0.63011
 0 0.630144
 0 0.630175
 0 0.630175
 0 0.630175
 0 0.630176
 0 0.630178
 0 0.630186
 0 0.630244
 0 0.630245
 0 0.630245
 0 0.630246
 0 0.630246
 0 0.63027
 0 0.63027
 0 0.630271
 0 0.630279
 0 0.630279
 0 0.630283
 0 0.630283
 0 0.630284
 0 0.630293
 0 0.630293
 0 0.630297
 0 0.630297
 0 0.630325
 0 0.630336
 0 0.630369
 0 0.630369
 0 0.630369
 0 0.630371
 0 0.630398
 0 0.630398
 0 0.630413
 0 0.630505
 0 0.630505
 0 0.630507
 0 0.630519
 0 0.630529
 0 0.630531
 0 0.630531
 0 0.630562
 0 0.630562
 0 0.630563
 0 0.630565
 0 0.630569
 0 0.630571
 0 0.630571
 0 0.630571
 0 0.630584
 0 0.630602
 0 0.630602
 0 0.630614
 0 0.630614
 0 0.630614
 0 0.630638
 0 0.630645
 0 0.630645
 0 0.630649
 0 0.630689
 0 0.630721
 0 0.630721
 0 0.630721
 0 0.630721
 0 0.630721
 0 0.630721
 0 0.630721
 0 0.630756
 0 0.630756
 0 0.630758
 0 0.630773
 0 0.63082
 0 0.63082
 0 0.63082
 0 0.63082
 0 0.63082
 0 0.630821
 0 0.630862
 0 0.630868
 0 0.630888
 0 0.63089
 0 0.630931
 0 0.630931
 0 0.630936
 0 0.630938
 0 0.630962
 0 0.630962
 0 0.630972
 0 0.631026
 0 0.631026
 0 0.631026
 0 0.631026
 0 0.631027
 0 0.631028
 0 0.631041
 0 0.631042
 0 0.631042
 0 0.631042
 0 0.631059
 0 0.631065
 0 0.631065
 0 0.631079
 0 0.631081
 0 0.631096
 0 0.631097
 0 0.631098
 0 0.631098
 0 0.631102
 0 0.631124
 0 0.631125
 0 0.631125
 0 0.631161
 0 0.631167
 0 0.631168
 0 0.631187
 0 0.631188
 0 0.631198
 0 0.631198
 0 0.631203
 0 0.631203
 0 0.631203
 0 0.631243
 0 0.63126
 0 0.631317
 0 0.631317
 0 0.631318
 0 0.631318
 0 0.631318
 0 0.631318
 0 0.63132
 0 0.631335
 0 0.631336
 0 0.631336
 0 0.631336
 0 0.631336
 0 0.631364
 0 0.631364
 0 0.631365
 0 0.631365
 0 0.631401
 0 0.631413
 0 0.631414
 0 0.63142
 0 0.631421
 0 0.631428
 0 0.631459
 0 0.631459
 0 0.631459
 0 0.631459
 0 0.631462
 0 0.631462
 0 0.631476
 0 0.631495
 0 0.631495
 0 0.631497
 0 0.631521
 0 0.631542
 0 0.631548
 0 0.63155
 0 0.631553
 0 0.631553
 0 0.631575
 0 0.631575
 0 0.631576
 0 0.631577
 0 0.631592
 0 0.631593
 0 0.631593
 0 0.631597
 0 0.631606
 0 0.631622
 0 0.631623
 0 0.631628
 0 0.631628
 0 0.631649
 0 0.63165
 0 0.63165
 0 0.63165
 0 0.63165
 0 0.631681
 0 0.631706
 0 0.631708
 0 0.631715
 0 0.631715
 0 0.631737
 0 0.631737
 0 0.631745
 0 0.631768
 0 0.631768
 0 0.631769
 0 0.631795
 0 0.631795
 0 0.631796
 0 0.631799
 0 0.6318
 0 0.63182
 0 0.631828
 0 0.631828
 0 0.631859
 0 0.631859
 0 0.63186
 0 0.63186
 0 0.631865
 0 0.631865
 0 0.631878
 0 0.631899
 0 0.631904
 0 0.631906
 0 0.631913
 0 0.631913
 0 0.631915
 0 0.631916
 0 0.631916
 0 0.631916
 0 0.631928
 0 0.631946
 0 0.631946
 0 0.631951
 0 0.631952
 0 0.631952
 0 0.631953
 0 0.631963
 0 0.631964
 0 0.631997
 0 0.631998
 0 0.632008
 0 0.632017
 0 0.632018
 0 0.63202
 0 0.632026
 0 0.632036
 0 0.632036
 0 0.632036
 0 0.632048
 0 0.632084
 0 0.632103
 0 0.632104
 0 0.632104
 0 0.632105
 0 0.632105
 0 0.632117
 0 0.632128
 0 0.632132
 0 0.632132
 0 0.632134
 0 0.632135
 0 0.632147
 0 0.632147
 0 0.632164
 0 0.632172
 0 0.632182
 0 0.632185
 0 0.632198
 0 0.632203
 0 0.632203
 0 0.632203
 0 0.632203
 0 0.632203
 0 0.632203
 0 0.632206
 0 0.63221
 0 0.632211
 0 0.632211
 0 0.632263
 0 0.632263
 0 0.632264
 0 0.632293
 0 0.632293
 0 0.632303
 0 0.632314
 0 0.63232
 0 0.63232
 0 0.632321
 0 0.632333
 0 0.632333
 0 0.632354
 0 0.632356
 0 0.63237
 0 0.632371
 0 0.632371
 0 0.63238
 0 0.63242
 0 0.63242
 0 0.63242
 0 0.632434
 0 0.632447
 0 0.632448
 0 0.632456
 0 0.632485
 0 0.632485
 0 0.632487
 0 0.632487
 0 0.632488
 0 0.632508
 0 0.632529
 0 0.632546
 0 0.632554
 0 0.632556
 0 0.632595
 0 0.63261
 0 0.632615
 0 0.632615
 0 0.632615
 0 0.632621
 0 0.632621
 0 0.632621
 0 0.632621
 0 0.63264
 0 0.63264
 0 0.632641
 0 0.632641
 0 0.632641
 0 0.632642
 0 0.632648
 0 0.632649
 0 0.632649
 0 0.632696
 0 0.632697
 0 0.632703
 0 0.632704
 0 0.632704
 0 0.632732
 0 0.63274
 0 0.63274
 0 0.632741
 0 0.632741
 0 0.632741
 0 0.632741
 0 0.632741
 0 0.632741
 0 0.632752
 0 0.632754
 0 0.632772
 0 0.632783
 0 0.632783
 0 0.632789
 0 0.632792
 0 0.632792
 0 0.63282
 0 0.63282
 0 0.632822
 0 0.632822
 0 0.632824
 0 0.632832
 0 0.632832
 0 0.632833
 0 0.632833
 0 0.632857
 0 0.632858
 0 0.632867
 0 0.632867
 0 0.632871
 0 0.632871
 0 0.632875
 0 0.632875
 0 0.632875
 0 0.632875
 0 0.632881
 0 0.63289
 0 0.63289
 0 0.632901
 0 0.632934
 0 0.632952
 0 0.632968
 0 0.632976
 0 0.632977
 0 0.632978
 0 0.632978
 0 0.632987
 0 0.632987
 0 0.632993
 0 0.633002
 0 0.633006
 0 0.633006
 0 0.633023
 0 0.633024
 0 0.633025
 0 0.633025
 0 0.633047
 0 0.633048
 0 0.633048
 0 0.633057
 0 0.633057
 0 0.633064
 0 0.633072
 0 0.633072
 0 0.633073
 0 0.633073
 0 0.633078
 0 0.633078
 0 0.633078
 0 0.633079
 0 0.633079
 0 0.633085
 0 0.633108
 0 0.633108
 0 0.633127
 0 0.633127
 0 0.633127
 0 0.633127
 0 0.633162
 0 0.633162
 0 0.633201
 0 0.633201
 0 0.633224
 0 0.633224
 0 0.633224
 0 0.633234
 0 0.633234
 0 0.633304
 0 0.633312
 0 0.633312
 0 0.633314
 0 0.633326
 0 0.633326
 0 0.633329
 0 0.633329
 0 0.633341
 0 0.633342
 0 0.633342
 0 0.633342
 0 0.633344
 0 0.633345
 0 0.633347
 0 0.633347
 0 0.633347
 0 0.633348
 0 0.633348
 0 0.633348
 0 0.633348
 0 0.63335
 0 0.633355
 0 0.63336
 0 0.633381
 0 0.633388
 0 0.633388
 0 0.633389
 0 0.633389
 0 0.633405
 0 0.633414
 0 0.633414
 0 0.633421
 0 0.633439
 0 0.63344
 0 0.63344
 0 0.63345
 0 0.63345
 0 0.633452
 0 0.633487
 0 0.633524
 0 0.633534
 0 0.633534
 0 0.633535
 0 0.633546
 0 0.633546
 0 0.633572
 0 0.633584
 0 0.633585
 0 0.633593
 0 0.633595
 0 0.633603
 0 0.633604
 0 0.633604
 0 0.633604
 0 0.633605
 0 0.633639
 0 0.633639
 0 0.633639
 0 0.633641
 0 0.633641
 0 0.633641
 0 0.633652
 0 0.633652
 0 0.633653
 0 0.633654
 0 0.63366
 0 0.633677
 0 0.633695
 0 0.633695
 0 0.633736
 0 0.633736
 0 0.633784
 0 0.633847
 0 0.633852
 0 0.633868
 0 0.633894
 0 0.633895
 0 0.633895
 0 0.633909
 0 0.633909
 0 0.63391
 0 0.633912
 0 0.633912
 0 0.63393
 0 0.633963
 0 0.633969
 0 0.633969
 0 0.633971
 0 0.633978
 0 0.633991
 0 0.633991
 0 0.633991
 0 0.633992
 0 0.633992
 0 0.634005
 0 0.634005
 0 0.634016
 0 0.634016
 0 0.63402
 0 0.634021
 0 0.63404
 0 0.634049
 0 0.634049
 0 0.634049
 0 0.634077
 0 0.634077
 0 0.634077
 0 0.634078
 0 0.634095
 0 0.634096
 0 0.634099
 0 0.634107
 0 0.634109
 0 0.634109
 0 0.634114
 0 0.634157
 0 0.634157
 0 0.634157
 0 0.634157
 0 0.634168
 0 0.634169
 0 0.634185
 0 0.634197
 0 0.634205
 0 0.634228
 0 0.634233
 0 0.634233
 0 0.634245
 0 0.634245
 0 0.634277
 0 0.634277
 0 0.634278
 0 0.634292
 0 0.634296
 0 0.634296
 0 0.634297
 0 0.634297
 0 0.634297
 0 0.63431
 0 0.634324
 0 0.634326
 0 0.634327
 0 0.634328
 0 0.634346
 0 0.634376
 0 0.634379
 0 0.634379
 0 0.634398
 0 0.634399
 0 0.63442
 0 0.634437
 0 0.634451
 0 0.634479
 0 0.634479
 0 0.634508
 0 0.634592
 0 0.634592
 0 0.634592
 0 0.634592
 0 0.634593
 0 0.634595
 0 0.634612
 0 0.634612
 0 0.634635
 0 0.634671
 0 0.634671
 0 0.634691
 0 0.634706
 0 0.634731
 0 0.634732
 0 0.634736
 0 0.634736
 0 0.634802
 0 0.634803
 0 0.634803
 0 0.63484
 0 0.63484
 0 0.634846
 0 0.634846
 0 0.634871
 0 0.634883
 0 0.634883
 0 0.634895
 0 0.634895
 0 0.63492
 0 0.634929
 0 0.634937
 0 0.634937
 0 0.634965
 0 0.634966
 0 0.634978
 0 0.634979
 0 0.634991
 0 0.634991
 0 0.634992
 0 0.635046
 0 0.635046
 0 0.635046
 0 0.635065
 0 0.635075
 0 0.635083
 0 0.635083
 0 0.635095
 0 0.635113
 0 0.635113
 0 0.635113
 0 0.635114
 0 0.635123
 0 0.635135
 0 0.635135
 0 0.635143
 0 0.635143
 0 0.635177
 0 0.635177
 0 0.635177
 0 0.63518
 0 0.63518
 0 0.635181
 0 0.635181
 0 0.635182
 0 0.635184
 0 0.635184
 0 0.635197
 0 0.635197
 0 0.635214
 0 0.635221
 0 0.635223
 0 0.635224
 0 0.635224
 0 0.635224
 0 0.635227
 0 0.635227
 0 0.635233
 0 0.635264
 0 0.63527
 0 0.635331
 0 0.635331
 0 0.635331
 0 0.635353
 0 0.635362
 0 0.635379
 0 0.635379
 0 0.635379
 0 0.635379
 0 0.635413
 0 0.635413
 0 0.635419
 0 0.63542
 0 0.635444
 0 0.635454
 0 0.635454
 0 0.635458
 0 0.635459
 0 0.63546
 0 0.635463
 0 0.635463
 0 0.635464
 0 0.635464
 0 0.635507
 0 0.635535
 0 0.635537
 0 0.635548
 0 0.635549
 0 0.635549
 0 0.635574
 0 0.635576
 0 0.635576
 0 0.635586
 0 0.635586
 0 0.635587
 0 0.635587
 0 0.635587
 0 0.635587
 0 0.635588
 0 0.635588
 0 0.635593
 0 0.635594
 0 0.635619
 0 0.635623
 0 0.635624
 0 0.635624
 0 0.635635
 0 0.635649
 0 0.63565
 0 0.635662
 0 0.635662
 0 0.635662
 0 0.635664
 0 0.635669
 0 0.635669
 0 0.635669
 0 0.635672
 0 0.635674
 0 0.635674
 0 0.635692
 0 0.635696
 0 0.635699
 0 0.6357
 0 0.6357
 0 0.635707
 0 0.635715
 0 0.635723
 0 0.635724
 0 0.635726
 0 0.635727
 0 0.635727
 0 0.635739
 0 0.63574
 0 0.635762
 0 0.635787
 0 0.635787
 0 0.635803
 0 0.635804
 0 0.635804
 0 0.635812
 0 0.635812
 0 0.635821
 0 0.635838
 0 0.635838
 0 0.635853
 0 0.635853
 0 0.635858
 0 0.635858
 0 0.635862
 0 0.635863
 0 0.635866
 0 0.635892
 0 0.635894
 0 0.635901
 0 0.635916
 0 0.635922
 0 0.635922
 0 0.635932
 0 0.635933
 0 0.635933
 0 0.635933
 0 0.635935
 0 0.635947
 0 0.635991
 0 0.636014
 0 0.636024
 0 0.636024
 0 0.636039
 0 0.636041
 0 0.636041
 0 0.636041
 0 0.636041
 0 0.636043
 0 0.636049
 0 0.636057
 0 0.636065
 0 0.636079
 0 0.636079
 0 0.636079
 0 0.63609
 0 0.636092
 0 0.636092
 0 0.636092
 0 0.636096
 0 0.636099
 0 0.636104
 0 0.636114
 0 0.636114
 0 0.636114
 0 0.636115
 0 0.636116
 0 0.63612
 0 0.63614
 0 0.63614
 0 0.636141
 0 0.636141
 0 0.636141
 0 0.636165
 0 0.636172
 0 0.636173
 0 0.63618
 0 0.63618
 0 0.636215
 0 0.636215
 0 0.636215
 0 0.636216
 0 0.636224
 0 0.636224
 0 0.636227
 0 0.636228
 0 0.636228
 0 0.636228
 0 0.63624
 0 0.636246
 0 0.636247
 0 0.636247
 0 0.636265
 0 0.636282
 0 0.636304
 0 0.636304
 0 0.636304
 0 0.636304
 0 0.636305
 0 0.636313
 0 0.636323
 0 0.636331
 0 0.636331
 0 0.636333
 0 0.636334
 0 0.636334
 0 0.636334
 0 0.63634
 0 0.636354
 0 0.636362
 0 0.636362
 0 0.636368
 0 0.636368
 0 0.636368
 0 0.636369
 0 0.63637
 0 0.636392
 0 0.636392
 0 0.6364
 0 0.636407
 0 0.636409
 0 0.636409
 0 0.63641
 0 0.636444
 0 0.63646
 0 0.636463
 0 0.636492
 0 0.636492
 0 0.636499
 0 0.636499
 0 0.636508
 0 0.636508
 0 0.636508
 0 0.636514
 0 0.636514
 0 0.636514
 0 0.636516
 0 0.636516
 0 0.636531
 0 0.636532
 0 0.636614
 0 0.636615
 0 0.636616
 0 0.636616
 0 0.636624
 0 0.636655
 0 0.636655
 0 0.636662
 0 0.636662
 0 0.636663
 0 0.636696
 0 0.636742
 0 0.636742
 0 0.636742
 0 0.636743
 0 0.636743
 0 0.636752
 0 0.636756
 0 0.636758
 0 0.636763
 0 0.636763
 0 0.636763
 0 0.636778
 0 0.636779
 0 0.636784
 0 0.636784
 0 0.636784
 0 0.636799
 0 0.636812
 0 0.636813
 0 0.636815
 0 0.636815
 0 0.63684
 0 0.63684
 0 0.636857
 0 0.636857
 0 0.636878
 0 0.636878
 0 0.63689
 0 0.636934
 0 0.636934
 0 0.636949
 0 0.636953
 0 0.636953
 0 0.636955
 0 0.636964
 0 0.636982
 0 0.636983
 0 0.636983
 0 0.636984
 0 0.636984
 0 0.636984
 0 0.636988
 0 0.636989
 0 0.636989
 0 0.636993
 0 0.637012
 0 0.637012
 0 0.637012
 0 0.637012
 0 0.637012
 0 0.637014
 0 0.637014
 0 0.637015
 0 0.637057
 0 0.637068
 0 0.637069
 0 0.637072
 0 0.637072
 0 0.637072
 0 0.637088
 0 0.637089
 0 0.637089
 0 0.637092
 0 0.637092
 0 0.637092
 0 0.637097
 0 0.637098
 0 0.637162
 0 0.637169
 0 0.637172
 0 0.637173
 0 0.637189
 0 0.637189
 0 0.637201
 0 0.637201
 0 0.637201
 0 0.637233
 0 0.637233
 0 0.637242
 0 0.637242
 0 0.637279
 0 0.63728
 0 0.637281
 0 0.637315
 0 0.637333
 0 0.637348
 0 0.637348
 0 0.637359
 0 0.637359
 0 0.637368
 0 0.637368
 0 0.637397
 0 0.637397
 0 0.637397
 0 0.637398
 0 0.637402
 0 0.637402
 0 0.637402
 0 0.637405
 0 0.637449
 0 0.637449
 0 0.637516
 0 0.637516
 0 0.637516
 0 0.637517
 0 0.637549
 0 0.637549
 0 0.63756
 0 0.637562
 0 0.637573
 0 0.637573
 0 0.63765
 0 0.63765
 0 0.637651
 0 0.637669
 0 0.637686
 0 0.637687
 0 0.63769
 0 0.637691
 0 0.637691
 0 0.637728
 0 0.637729
 0 0.63773
 0 0.63773
 0 0.63773
 0 0.637737
 0 0.637753
 0 0.637754
 0 0.637782
 0 0.637804
 0 0.637872
 0 0.637873
 0 0.637876
 0 0.637876
 0 0.637876
 0 0.637995
 0 0.637995
 0 0.638
 0 0.638017
 0 0.638038
 0 0.638078
 0 0.638079
 0 0.638079
 0 0.63808
 0 0.638096
 0 0.638096
 0 0.638096
 0 0.638161
 0 0.638162
 0 0.638162
 0 0.638162
 0 0.638163
 0 0.638276
 0 0.638276
 0 0.638289
 0 0.63829
 0 0.638292
 0 0.638293
 0 0.638299
 0 0.638339
 0 0.63834
 0 0.63834
 0 0.63834
 0 0.638344
 0 0.638427
 0 0.638427
 0 0.638432
 0 0.638436
 0 0.638442
 0 0.638443
 0 0.638443
 0 0.638443
 0 0.638459
 0 0.638463
 0 0.638464
 0 0.638499
 0 0.638503
 0 0.638503
 0 0.638516
 0 0.638516
 0 0.638517
 0 0.638517
 0 0.638564
 0 0.638589
 0 0.638601
 0 0.638611
 0 0.638613
 0 0.638613
 0 0.638631
 0 0.638654
 0 0.638655
 0 0.638655
 0 0.638681
 0 0.638768
 0 0.63878
 0 0.638806
 0 0.638806
 0 0.638807
 0 0.638807
 0 0.63881
 0 0.63881
 0 0.638815
 0 0.638815
 0 0.638826
 0 0.638905
 0 0.638905
 0 0.638964
 0 0.638964
 0 0.638987
 0 0.638987
 0 0.639098
 0 0.639152
 0 0.639153
 0 0.639164
 0 0.639164
 0 0.639164
 0 0.639171
 0 0.63921
 0 0.63921
 0 0.639263
 0 0.639263
 0 0.639325
 0 0.639358
 0 0.639359
 0 0.639373
 0 0.639373
 0 0.639373
 0 0.639373
 0 0.639374
 0 0.639375
 0 0.639424
 0 0.639425
 0 0.639425
 0 0.639425
 0 0.639425
 0 0.639425
 0 0.639479
 0 0.639482
 0 0.639482
 0 0.63949
 0 0.639532
 0 0.639533
 0 0.63955
 0 0.639551
 0 0.639587
 0 0.639629
 0 0.63963
 0 0.639632
 0 0.639632
 0 0.639632
 0 0.639682
 0 0.639683
 0 0.639716
 0 0.639716
 0 0.639739
 0 0.639741
 0 0.639741
 0 0.639765
 0 0.63977
 0 0.639823
 0 0.639899
 0 0.639994
 0 0.640031
 0 0.640031
 0 0.640035
 0 0.640295
 0 0.64037
 0 0.640377
 0 0.640377
 0 0.640377
 0 0.640378
 0 0.640397
 0 0.640489
 0 0.640489
 0 0.640489
 0 0.640489
 0 0.64052
 0 0.64052
 0 0.640646
 0 0.640651
 0 0.640651
 0 0.640741
 0 0.640741
 0 0.640741
 0 0.640741
 0 0.640763
 0 0.640763
 0 0.64084
 0 0.640897
 0 0.640897
 0 0.641103
 0 0.641104
 0 0.641228
 0 0.641229
 0 0.641266
 0 0.6413
 0 0.6413
 0 0.6413
 0 0.6413
 0 0.64133
 0 0.641331
 0 0.641575
 0 0.641696
 0 0.641696
 0 0.642036
 0 0.642092
 0 0.642092
 0 0.642093
 0 0.642182
 0 0.642182
 0 0.642182
 0 0.642183
 0 0.642183
 0 0.642268
 0 0.642268
 0 0.642635
 0 0.643002
 0 0.643277
 0 0.643277
 0 0.643309
 0 0.643309
 0 0.643309
 0 0.643807
 0 0.644295
 0 0.644368
 0 0.644369
 0 0.644641
 0 0.644681
 0 0.644755
 0 0.645168
 0 0.645168
 0 0.645343
 0 0.645344
 0 0.645344
 0 0.648621
 0 0.64879
 0 0.64879
 0 0.64879
 0 0.648791
 0 0.648791
 0 inf
