 0 0.492531
 0 0.492973
 0 0.492975
 0 0.493107
 0 0.493107
 0 0.49311
 0 0.513894
 0 0.513894
 0 0.513894
 0 0.513894
 0 0.513946
 0 0.513953
 0 0.611491
 0 0.611692
 0 0.611692
 0 0.611693
 0 0.612276
 0 0.612278
 0 0.622719
 0 0.622725
 0 0.622726
 0 0.622726
 0 0.622828
 0 0.622828
 0 0.623389
 0 0.623393
 0 0.623393
 0 0.62372
 0 0.623721
 0 0.624089
 0 0.624095
 0 0.62411
 0 0.624289
 0 0.624647
 0 0.624895
 0 0.624901
 0 0.625901
 0 0.625901
 0 0.625901
 0 0.625905
 0 0.62624
 0 0.626243
 0 0.626346
 0 0.626408
 0 0.626408
 0 0.626412
 0 0.626412
 0 0.626817
 0 0.626915
 0 0.62699
 0 0.62699
 0 0.62699
 0 0.62701
 0 0.627013
 0 0.627013
 0 0.627528
 0 0.627707
 0 0.627713
 0 0.627736
 0 0.627883
 0 0.627896
 0 0.627896
 0 0.627896
 0 0.62796
 0 0.62796
 0 0.628092
 0 0.628092
 0 0.628098
 0 0.628098
 0 0.628293
 0 0.6284
 0 0.628403
 0 0.628501
 0 0.628501
 0 0.628671
 0 0.62871
 0 0.628803
 0 0.628803
 0 0.628803
 0 0.629006
 0 0.629006
 0 0.629007
 0 0.629011
 0 0.629011
 0 0.629011
 0 0.629124
 0 0.629124
 0 0.629154
 0 0.629154
 0 0.629229
 0 0.629693
 0 0.629721
 0 0.629721
 0 0.630036
 0 0.630188
 0 0.630188
 0 0.630188
 0 0.630188
 0 0.630323
 0 0.630373
 0 0.630374
 0 0.630597
 0 0.630664
 0 0.630666
 0 0.630737
 0 0.630872
 0 0.630877
 0 0.631043
 0 0.631043
 0 0.631044
 0 0.631197
 0 0.631328
 0 0.631334
 0 0.631335
 0 0.631375
 0 0.631381
 0 0.631382
 0 0.631486
 0 0.631498
 0 0.631548
 0 0.631628
 0 0.631639
 0 0.63167
 0 0.631676
 0 0.63186
 0 0.631877
 0 0.631909
 0 0.631909
 0 0.631915
 0 0.63205
 0 0.632052
 0 0.632052
 0 0.632052
 0 0.632052
 0 0.632069
 0 0.632069
 0 0.632069
 0 0.63207
 0 0.632074
 0 0.632075
 0 0.63211
 0 0.632194
 0 0.632194
 0 0.63228
 0 0.632283
 0 0.632298
 0 0.632298
 0 0.632299
 0 0.632299
 0 0.632302
 0 0.632329
 0 0.632329
 0 0.632368
 0 0.632403
 0 0.632423
 0 0.632424
 0 0.632432
 0 0.632452
 0 0.632452
 0 0.632525
 0 0.632526
 0 0.632526
 0 0.632543
 0 0.632551
 0 0.632557
 0 0.63257
 0 0.632572
 0 0.632698
 0 0.632699
 0 0.632745
 0 0.632745
 0 0.632751
 0 0.632777
 0 0.632781
 0 0.632782
 0 0.632879
 0 0.632889
 0 0.633002
 0 0.633034
 0 0.633041
 0 0.633043
 0 0.633048
 0 0.633109
 0 0.633111
 0 0.633116
 0 0.633116
 0 0.63319
 0 0.633198
 0 0.633208
 0 0.63321
 0 0.63325
 0 0.633278
 0 0.633284
 0 0.633292
 0 0.633292
 0 0.633294
 0 0.633321
 0 0.633323
 0 0.633324
 0 0.633333
 0 0.633442
 0 0.633442
 0 0.633479
 0 0.633483
 0 0.633537
 0 0.633551
 0 0.633552
 0 0.633713
 0 0.633719
 0 0.633727
 0 0.633727
 0 0.63377
 0 0.633772
 0 0.633778
 0 0.633778
 0 0.633786
 0 0.633801
 0 0.633801
 0 0.633801
 0 0.633802
 0 0.633802
 0 0.633877
 0 0.633909
 0 0.633916
 0 0.63392
 0 0.633921
 0 0.633921
 0 0.633921
 0 0.633928
 0 0.633953
 0 0.634036
 0 0.634036
 0 0.634037
 0 0.634044
 0 0.634044
 0 0.634083
 0 0.634154
 0 0.634154
 0 0.634158
 0 0.634174
 0 0.634175
 0 0.634179
 0 0.63421
 0 0.63421
 0 0.634231
 0 0.634239
 0 0.634366
 0 0.634366
 0 0.634387
 0 0.634391
 0 0.634401
 0 0.634401
 0 0.634403
 0 0.634482
 0 0.634482
 0 0.634497
 0 0.634499
 0 0.634535
 0 0.634566
 0 0.634586
 0 0.634586
 0 0.634588
 0 0.634592
 0 0.634645
 0 0.634645
 0 0.634675
 0 0.634712
 0 0.634712
 0 0.634717
 0 0.634717
 0 0.634719
 0 0.634719
 0 0.634725
 0 0.634788
 0 0.634788
 0 0.634794
 0 0.634901
 0 0.63492
 0 0.634923
 0 0.634923
 0 0.634925
 0 0.634928
 0 0.634943
 0 0.634946
 0 0.634946
 0 0.634958
 0 0.634961
 0 0.635028
 0 0.635071
 0 0.635087
 0 0.635093
 0 0.635137
 0 0.635153
 0 0.635154
 0 0.635175
 0 0.635242
 0 0.635283
 0 0.635304
 0 0.635323
 0 0.635324
 0 0.635373
 0 0.635396
 0 0.635398
 0 0.635422
 0 0.635424
 0 0.635431
 0 0.635465
 0 0.635468
 0 0.635468
 0 0.635492
 0 0.635492
 0 0.635516
 0 0.635518
 0 0.635613
 0 0.635613
 0 0.63563
 0 0.635636
 0 0.635638
 0 0.635641
 0 0.635731
 0 0.635784
 0 0.635835
 0 0.635836
 0 0.635838
 0 0.63584
 0 0.63584
 0 0.63584
 0 0.635869
 0 0.635869
 0 0.635889
 0 0.635891
 0 0.635951
 0 0.635958
 0 0.635958
 0 0.635958
 0 0.635958
 0 0.635988
 0 0.636013
 0 0.636025
 0 0.63603
 0 0.63603
 0 0.636031
 0 0.636034
 0 0.636102
 0 0.636142
 0 0.636143
 0 0.636154
 0 0.636155
 0 0.636155
 0 0.636185
 0 0.636185
 0 0.6362
 0 0.636204
 0 0.636217
 0 0.636217
 0 0.636233
 0 0.636234
 0 0.636238
 0 0.636238
 0 0.636239
 0 0.636254
 0 0.636279
 0 0.636286
 0 0.636286
 0 0.636325
 0 0.636345
 0 0.636345
 0 0.636355
 0 0.636366
 0 0.636397
 0 0.636486
 0 0.63652
 0 0.636522
 0 0.636527
 0 0.636527
 0 0.636561
 0 0.636568
 0 0.636573
 0 0.636573
 0 0.636645
 0 0.636647
 0 0.636647
 0 0.636647
 0 0.636648
 0 0.636654
 0 0.636659
 0 0.636659
 0 0.636664
 0 0.636673
 0 0.63669
 0 0.636693
 0 0.636693
 0 0.636732
 0 0.636767
 0 0.636767
 0 0.636768
 0 0.636768
 0 0.636768
 0 0.636776
 0 0.636777
 0 0.6368
 0 0.6368
 0 0.636895
 0 0.636895
 0 0.636905
 0 0.636905
 0 0.636907
 0 0.636907
 0 0.636986
 0 0.637
 0 0.637002
 0 0.637007
 0 0.637012
 0 0.637107
 0 0.637108
 0 0.637118
 0 0.637119
 0 0.637119
 0 0.637162
 0 0.637184
 0 0.637188
 0 0.637188
 0 0.637188
 0 0.637191
 0 0.637191
 0 0.637283
 0 0.637288
 0 0.637288
 0 0.637326
 0 0.637326
 0 0.637329
 0 0.63742
 0 0.637421
 0 0.637422
 0 0.637422
 0 0.637424
 0 0.637476
 0 0.637476
 0 0.637502
 0 0.637502
 0 0.637502
 0 0.637511
 0 0.63752
 0 0.637522
 0 0.63753
 0 0.63753
 0 0.637556
 0 0.637556
 0 0.63756
 0 0.637683
 0 0.637694
 0 0.637694
 0 0.637694
 0 0.637715
 0 0.637728
 0 0.637728
 0 0.637732
 0 0.637749
 0 0.637753
 0 0.637758
 0 0.637758
 0 0.637807
 0 0.637837
 0 0.637838
 0 0.637851
 0 0.63789
 0 0.63789
 0 0.637901
 0 0.637938
 0 0.637938
 0 0.638044
 0 0.638051
 0 0.638086
 0 0.638138
 0 0.638141
 0 0.638142
 0 0.638146
 0 0.638147
 0 0.63815
 0 0.638214
 0 0.638254
 0 0.638276
 0 0.638283
 0 0.638302
 0 0.638304
 0 0.63831
 0 0.63831
 0 0.638337
 0 0.638338
 0 0.638338
 0 0.63838
 0 0.638383
 0 0.638389
 0 0.638416
 0 0.638416
 0 0.638419
 0 0.63842
 0 0.638427
 0 0.63844
 0 0.638446
 0 0.638446
 0 0.638446
 0 0.638491
 0 0.638497
 0 0.638497
 0 0.638523
 0 0.638577
 0 0.638588
 0 0.638588
 0 0.638592
 0 0.6386
 0 0.6386
 0 0.638623
 0 0.638661
 0 0.638675
 0 0.638678
 0 0.638695
 0 0.638695
 0 0.638695
 0 0.638703
 0 0.638706
 0 0.638709
 0 0.63871
 0 0.638724
 0 0.638727
 0 0.638859
 0 0.638878
 0 0.638898
 0 0.638898
 0 0.638899
 0 0.638901
 0 0.638901
 0 0.638901
 0 0.638908
 0 0.638908
 0 0.638926
 0 0.638943
 0 0.638943
 0 0.638943
 0 0.638956
 0 0.638957
 0 0.63896
 0 0.638974
 0 0.638975
 0 0.639012
 0 0.639012
 0 0.639016
 0 0.639055
 0 0.639075
 0 0.639075
 0 0.639078
 0 0.639081
 0 0.639204
 0 0.639207
 0 0.639223
 0 0.639268
 0 0.639268
 0 0.63929
 0 0.639291
 0 0.639314
 0 0.639318
 0 0.639321
 0 0.639377
 0 0.63938
 0 0.639392
 0 0.639392
 0 0.639395
 0 0.639396
 0 0.639398
 0 0.639415
 0 0.639449
 0 0.639453
 0 0.639454
 0 0.639476
 0 0.639476
 0 0.639499
 0 0.639522
 0 0.639522
 0 0.639545
 0 0.639545
 0 0.63955
 0 0.639551
 0 0.639551
 0 0.639551
 0 0.639551
 0 0.639616
 0 0.639623
 0 0.639623
 0 0.639629
 0 0.639629
 0 0.639629
 0 0.639633
 0 0.639641
 0 0.639641
 0 0.639641
 0 0.63967
 0 0.639675
 0 0.639693
 0 0.639693
 0 0.639693
 0 0.639693
 0 0.63974
 0 0.63974
 0 0.639752
 0 0.639824
 0 0.639824
 0 0.639824
 0 0.639832
 0 0.639832
 0 0.639832
 0 0.639841
 0 0.639841
 0 0.639849
 0 0.639849
 0 0.639881
 0 0.639888
 0 0.639894
 0 0.639895
 0 0.639896
 0 0.639897
 0 0.639897
 0 0.640004
 0 0.640034
 0 0.640053
 0 0.640054
 0 0.640054
 0 0.640054
 0 0.640076
 0 0.640078
 0 0.640078
 0 0.640086
 0 0.640143
 0 0.640143
 0 0.640146
 0 0.640146
 0 0.640188
 0 0.640197
 0 0.640211
 0 0.640211
 0 0.640292
 0 0.640304
 0 0.640312
 0 0.640352
 0 0.640353
 0 0.640353
 0 0.640364
 0 0.640364
 0 0.640364
 0 0.640392
 0 0.640438
 0 0.640438
 0 0.640456
 0 0.640471
 0 0.640489
 0 0.640489
 0 0.640501
 0 0.640501
 0 0.640501
 0 0.640507
 0 0.640507
 0 0.64053
 0 0.64053
 0 0.640557
 0 0.640562
 0 0.640584
 0 0.640592
 0 0.640634
 0 0.640634
 0 0.640702
 0 0.640705
 0 0.640705
 0 0.640719
 0 0.640719
 0 0.640721
 0 0.640726
 0 0.640728
 0 0.640733
 0 0.640845
 0 0.640868
 0 0.640868
 0 0.640868
 0 0.640871
 0 0.640871
 0 0.640871
 0 0.640872
 0 0.640901
 0 0.640903
 0 0.640903
 0 0.640914
 0 0.640915
 0 0.640932
 0 0.640932
 0 0.640933
 0 0.640936
 0 0.641011
 0 0.641011
 0 0.641013
 0 0.641021
 0 0.641022
 0 0.641022
 0 0.641022
 0 0.641022
 0 0.641026
 0 0.641026
 0 0.641032
 0 0.641032
 0 0.641034
 0 0.641042
 0 0.641042
 0 0.641042
 0 0.641057
 0 0.641076
 0 0.641088
 0 0.641174
 0 0.641174
 0 0.641182
 0 0.641183
 0 0.641196
 0 0.641214
 0 0.641214
 0 0.64123
 0 0.641272
 0 0.641272
 0 0.641284
 0 0.641323
 0 0.641323
 0 0.641323
 0 0.641325
 0 0.641325
 0 0.641325
 0 0.64133
 0 0.641362
 0 0.641362
 0 0.641368
 0 0.641405
 0 0.641473
 0 0.641474
 0 0.641475
 0 0.641475
 0 0.641478
 0 0.641478
 0 0.64148
 0 0.64148
 0 0.641486
 0 0.641525
 0 0.641528
 0 0.641528
 0 0.641532
 0 0.641545
 0 0.641549
 0 0.641567
 0 0.641567
 0 0.641567
 0 0.641598
 0 0.641604
 0 0.641613
 0 0.641616
 0 0.641672
 0 0.641717
 0 0.641717
 0 0.641717
 0 0.641717
 0 0.641774
 0 0.641774
 0 0.641777
 0 0.641784
 0 0.641788
 0 0.641804
 0 0.641874
 0 0.641874
 0 0.641908
 0 0.641923
 0 0.641931
 0 0.641943
 0 0.641943
 0 0.641946
 0 0.641946
 0 0.641947
 0 0.641948
 0 0.641948
 0 0.641949
 0 0.641959
 0 0.641959
 0 0.641987
 0 0.641992
 0 0.642111
 0 0.642111
 0 0.642113
 0 0.642116
 0 0.642162
 0 0.642178
 0 0.642178
 0 0.642187
 0 0.642192
 0 0.64221
 0 0.642255
 0 0.642256
 0 0.642296
 0 0.642301
 0 0.642303
 0 0.642334
 0 0.642334
 0 0.642337
 0 0.642373
 0 0.642373
 0 0.642376
 0 0.642382
 0 0.642424
 0 0.642424
 0 0.642463
 0 0.642464
 0 0.642471
 0 0.642539
 0 0.64254
 0 0.642581
 0 0.642581
 0 0.642584
 0 0.642601
 0 0.642602
 0 0.642642
 0 0.642708
 0 0.642708
 0 0.642708
 0 0.642711
 0 0.642712
 0 0.642714
 0 0.642714
 0 0.642715
 0 0.642715
 0 0.642789
 0 0.642792
 0 0.642793
 0 0.642793
 0 0.642801
 0 0.64285
 0 0.64285
 0 0.642882
 0 0.642885
 0 0.642901
 0 0.642907
 0 0.64292
 0 0.64292
 0 0.64292
 0 0.64292
 0 0.642931
 0 0.642931
 0 0.642958
 0 0.642958
 0 0.642963
 0 0.642975
 0 0.642975
 0 0.643001
 0 0.643004
 0 0.643006
 0 0.643008
 0 0.643014
 0 0.643014
 0 0.643026
 0 0.643026
 0 0.643032
 0 0.643045
 0 0.643075
 0 0.643075
 0 0.64309
 0 0.64315
 0 0.64315
 0 0.643152
 0 0.643159
 0 0.643169
 0 0.643171
 0 0.643172
 0 0.643175
 0 0.643222
 0 0.643225
 0 0.64337
 0 0.64337
 0 0.643401
 0 0.643401
 0 0.643402
 0 0.643458
 0 0.64346
 0 0.64346
 0 0.643464
 0 0.643505
 0 0.643506
 0 0.643515
 0 0.643518
 0 0.643535
 0 0.643556
 0 0.643558
 0 0.643577
 0 0.643579
 0 0.643579
 0 0.643614
 0 0.643626
 0 0.643633
 0 0.643638
 0 0.643641
 0 0.64372
 0 0.643722
 0 0.643722
 0 0.643781
 0 0.643781
 0 0.643781
 0 0.643781
 0 0.643804
 0 0.643815
 0 0.643828
 0 0.643828
 0 0.643833
 0 0.643901
 0 0.643901
 0 0.643901
 0 0.643902
 0 0.643902
 0 0.643902
 0 0.643902
 0 0.643974
 0 0.643995
 0 0.643995
 0 0.644042
 0 0.644063
 0 0.644063
 0 0.644068
 0 0.644181
 0 0.644182
 0 0.644235
 0 0.644285
 0 0.644321
 0 0.644322
 0 0.644323
 0 0.644323
 0 0.644323
 0 0.644329
 0 0.644329
 0 0.644329
 0 0.644373
 0 0.644392
 0 0.644392
 0 0.644476
 0 0.644479
 0 0.644518
 0 0.644518
 0 0.644528
 0 0.64453
 0 0.644593
 0 0.6446
 0 0.6446
 0 0.644797
 0 0.644881
 0 0.644881
 0 0.644892
 0 0.644893
 0 0.644903
 0 0.644904
 0 0.64492
 0 0.645137
 0 0.645141
 0 0.645259
 0 0.645268
 0 0.645431
 0 0.645439
 0 0.64544
 0 0.645444
 0 0.645466
 0 0.645473
 0 0.645529
 0 0.64563
 0 0.645632
 0 0.645632
 0 0.645805
 0 0.645806
 0 0.645806
 0 0.645828
 0 0.645828
 0 0.64583
 0 0.645836
 0 0.645837
 0 0.645838
 0 0.64587
 0 0.645942
 0 0.646098
 0 0.646101
 0 0.646145
 0 0.646149
 0 0.646164
 0 0.646325
 0 0.646325
 0 0.646325
 0 0.646325
 0 0.646398
 0 0.646401
 0 0.646401
 0 0.646401
 0 0.646542
 0 0.646542
 0 0.646695
 0 0.646935
 0 0.646936
 0 0.646936
 0 0.64701
 0 0.647014
 0 0.647014
 0 0.647014
 0 0.647015
 0 0.647173
 0 0.64737
 0 0.647371
 0 0.647371
 0 0.647373
 0 0.647373
 0 0.647801
 0 0.647804
 0 0.648355
 0 0.648665
 0 0.648771
 0 0.648771
 0 0.648771
 0 0.648776
 0 0.648806
 0 0.648806
 0 0.648806
 0 0.648806
 0 0.648833
 0 0.650017
 0 0.650018
 0 0.652442
 0 0.652949
 0 0.652964
 0 0.653639
 0 0.653639
 0 0.653657
 0 0.654793
 0 0.655254
 0 0.655255
 0 0.655259
 0 0.655259
 0 0.655812
 0 inf
