 0 0.48839
 0 0.488391
 0 0.488401
 0 0.488844
 0 0.489287
 0 0.489299
 0 0.626219
 0 0.626262
 0 0.626262
 0 0.626262
 0 0.626803
 0 0.626804
 0 0.627046
 0 0.627046
 0 0.627392
 0 0.627519
 0 0.627519
 0 0.627674
 0 0.627765
 0 0.627865
 0 0.627865
 0 0.627865
 0 0.628118
 0 0.628118
 0 0.628118
 0 0.628175
 0 0.628189
 0 0.628189
 0 0.628189
 0 0.628189
 0 0.628246
 0 0.628246
 0 0.628246
 0 0.628246
 0 0.628338
 0 0.628338
 0 0.628339
 0 0.628339
 0 0.628522
 0 0.628601
 0 0.628726
 0 0.628727
 0 0.628793
 0 0.628958
 0 0.62901
 0 0.629059
 0 0.629111
 0 0.629112
 0 0.629114
 0 0.629115
 0 0.629153
 0 0.629179
 0 0.629179
 0 0.62918
 0 0.62918
 0 0.62918
 0 0.629401
 0 0.629429
 0 0.629496
 0 0.629497
 0 0.629497
 0 0.629497
 0 0.629529
 0 0.629582
 0 0.629582
 0 0.629585
 0 0.629639
 0 0.629639
 0 0.629692
 0 0.629692
 0 0.629692
 0 0.629718
 0 0.629718
 0 0.629732
 0 0.629778
 0 0.629778
 0 0.629785
 0 0.629786
 0 0.629786
 0 0.629787
 0 0.629795
 0 0.629795
 0 0.62987
 0 0.629871
 0 0.629871
 0 0.629917
 0 0.629938
 0 0.629948
 0 0.629948
 0 0.629992
 0 0.629993
 0 0.629993
 0 0.629993
 0 0.629993
 0 0.629993
 0 0.629998
 0 0.629998
 0 0.629999
 0 0.630004
 0 0.630004
 0 0.630037
 0 0.630063
 0 0.630063
 0 0.630066
 0 0.630069
 0 0.630069
 0 0.63013
 0 0.630143
 0 0.630255
 0 0.630265
 0 0.630266
 0 0.630291
 0 0.630331
 0 0.630332
 0 0.63035
 0 0.630351
 0 0.630388
 0 0.630408
 0 0.630408
 0 0.630487
 0 0.630487
 0 0.630504
 0 0.630505
 0 0.630505
 0 0.630505
 0 0.630513
 0 0.630563
 0 0.630563
 0 0.630566
 0 0.630566
 0 0.630567
 0 0.630595
 0 0.630595
 0 0.630599
 0 0.630599
 0 0.6306
 0 0.630607
 0 0.630608
 0 0.630608
 0 0.630631
 0 0.630643
 0 0.630651
 0 0.630651
 0 0.630724
 0 0.630734
 0 0.630776
 0 0.630782
 0 0.630803
 0 0.630803
 0 0.630804
 0 0.630812
 0 0.630835
 0 0.630835
 0 0.630835
 0 0.630835
 0 0.630896
 0 0.630896
 0 0.630898
 0 0.630904
 0 0.630904
 0 0.630927
 0 0.630927
 0 0.630927
 0 0.630952
 0 0.630952
 0 0.630952
 0 0.630952
 0 0.630952
 0 0.63099
 0 0.630998
 0 0.630998
 0 0.63101
 0 0.631011
 0 0.631011
 0 0.631025
 0 0.631025
 0 0.631035
 0 0.631035
 0 0.631035
 0 0.631068
 0 0.631068
 0 0.631081
 0 0.631083
 0 0.631158
 0 0.631201
 0 0.631201
 0 0.631236
 0 0.631298
 0 0.631299
 0 0.631299
 0 0.631299
 0 0.63138
 0 0.63138
 0 0.631383
 0 0.631385
 0 0.631385
 0 0.631386
 0 0.631386
 0 0.631431
 0 0.63144
 0 0.631462
 0 0.631476
 0 0.631495
 0 0.631495
 0 0.631498
 0 0.631529
 0 0.631531
 0 0.631576
 0 0.631577
 0 0.631577
 0 0.631718
 0 0.631728
 0 0.631729
 0 0.63173
 0 0.63173
 0 0.631751
 0 0.631751
 0 0.631775
 0 0.63178
 0 0.63178
 0 0.63178
 0 0.631788
 0 0.631788
 0 0.631789
 0 0.631869
 0 0.631897
 0 0.631897
 0 0.631913
 0 0.631914
 0 0.631914
 0 0.631936
 0 0.631941
 0 0.631941
 0 0.631941
 0 0.631944
 0 0.631957
 0 0.631969
 0 0.631978
 0 0.631978
 0 0.631979
 0 0.63199
 0 0.631995
 0 0.632008
 0 0.63203
 0 0.63204
 0 0.63204
 0 0.63204
 0 0.632041
 0 0.632051
 0 0.632051
 0 0.632071
 0 0.632071
 0 0.63213
 0 0.632131
 0 0.632143
 0 0.632143
 0 0.632149
 0 0.63215
 0 0.632164
 0 0.632165
 0 0.632183
 0 0.632188
 0 0.632214
 0 0.632216
 0 0.632217
 0 0.632217
 0 0.632229
 0 0.63223
 0 0.63223
 0 0.632273
 0 0.632273
 0 0.632288
 0 0.632289
 0 0.632289
 0 0.632289
 0 0.632322
 0 0.632323
 0 0.632324
 0 0.632348
 0 0.632349
 0 0.63235
 0 0.63235
 0 0.632368
 0 0.632371
 0 0.632371
 0 0.632426
 0 0.632427
 0 0.632445
 0 0.632445
 0 0.632445
 0 0.632482
 0 0.632482
 0 0.632483
 0 0.632502
 0 0.632502
 0 0.632503
 0 0.632504
 0 0.632517
 0 0.632534
 0 0.632534
 0 0.632534
 0 0.632535
 0 0.632542
 0 0.632542
 0 0.632542
 0 0.632547
 0 0.632547
 0 0.63257
 0 0.632586
 0 0.632586
 0 0.632586
 0 0.632586
 0 0.632587
 0 0.632588
 0 0.632599
 0 0.632599
 0 0.6326
 0 0.632602
 0 0.632603
 0 0.632622
 0 0.632655
 0 0.632656
 0 0.632657
 0 0.632663
 0 0.632665
 0 0.632668
 0 0.632668
 0 0.632672
 0 0.632672
 0 0.632672
 0 0.632678
 0 0.632678
 0 0.632678
 0 0.63269
 0 0.632691
 0 0.63271
 0 0.632722
 0 0.632742
 0 0.632743
 0 0.632743
 0 0.632743
 0 0.632744
 0 0.632754
 0 0.632754
 0 0.632754
 0 0.63276
 0 0.63276
 0 0.63276
 0 0.632764
 0 0.632764
 0 0.632764
 0 0.632775
 0 0.632778
 0 0.63278
 0 0.632791
 0 0.632791
 0 0.632791
 0 0.632791
 0 0.632792
 0 0.632792
 0 0.632836
 0 0.63284
 0 0.632867
 0 0.632867
 0 0.632867
 0 0.632876
 0 0.632877
 0 0.632884
 0 0.632884
 0 0.632901
 0 0.632902
 0 0.632913
 0 0.632926
 0 0.632926
 0 0.632926
 0 0.63294
 0 0.63294
 0 0.63294
 0 0.63294
 0 0.632941
 0 0.632952
 0 0.632952
 0 0.632952
 0 0.632953
 0 0.632953
 0 0.632987
 0 0.632987
 0 0.632987
 0 0.632995
 0 0.632995
 0 0.633009
 0 0.633012
 0 0.633012
 0 0.633013
 0 0.633025
 0 0.633039
 0 0.63304
 0 0.633041
 0 0.633061
 0 0.633083
 0 0.633092
 0 0.633092
 0 0.633092
 0 0.633111
 0 0.633111
 0 0.633111
 0 0.633111
 0 0.633124
 0 0.633124
 0 0.633124
 0 0.63313
 0 0.63313
 0 0.633166
 0 0.633166
 0 0.633166
 0 0.633167
 0 0.633179
 0 0.633179
 0 0.633179
 0 0.633179
 0 0.633217
 0 0.633218
 0 0.633219
 0 0.633273
 0 0.633279
 0 0.633283
 0 0.633288
 0 0.63329
 0 0.63329
 0 0.63329
 0 0.633311
 0 0.633317
 0 0.633317
 0 0.633334
 0 0.633335
 0 0.633336
 0 0.633336
 0 0.633354
 0 0.633355
 0 0.633367
 0 0.633368
 0 0.633373
 0 0.633373
 0 0.633374
 0 0.633374
 0 0.63338
 0 0.63338
 0 0.63338
 0 0.633381
 0 0.633381
 0 0.633398
 0 0.633399
 0 0.6334
 0 0.6334
 0 0.633418
 0 0.633419
 0 0.63343
 0 0.633432
 0 0.633436
 0 0.63344
 0 0.633448
 0 0.633451
 0 0.633452
 0 0.633473
 0 0.633473
 0 0.633483
 0 0.633487
 0 0.633487
 0 0.63349
 0 0.63349
 0 0.63349
 0 0.633493
 0 0.633501
 0 0.633509
 0 0.63351
 0 0.63351
 0 0.633512
 0 0.633533
 0 0.633535
 0 0.633541
 0 0.633543
 0 0.633544
 0 0.633545
 0 0.633545
 0 0.633548
 0 0.633548
 0 0.633573
 0 0.633573
 0 0.63358
 0 0.63358
 0 0.633582
 0 0.633585
 0 0.63359
 0 0.63361
 0 0.633619
 0 0.633619
 0 0.633626
 0 0.633627
 0 0.63366
 0 0.63366
 0 0.633662
 0 0.633664
 0 0.633673
 0 0.633679
 0 0.633679
 0 0.633679
 0 0.633692
 0 0.633698
 0 0.633698
 0 0.633698
 0 0.633698
 0 0.633699
 0 0.633717
 0 0.633717
 0 0.63372
 0 0.63373
 0 0.633734
 0 0.63374
 0 0.633741
 0 0.633746
 0 0.633746
 0 0.633746
 0 0.633746
 0 0.633746
 0 0.633746
 0 0.633755
 0 0.633778
 0 0.633778
 0 0.633821
 0 0.633822
 0 0.633825
 0 0.633829
 0 0.633849
 0 0.63385
 0 0.633852
 0 0.63386
 0 0.63386
 0 0.633865
 0 0.633865
 0 0.633865
 0 0.633866
 0 0.633866
 0 0.633866
 0 0.633869
 0 0.633917
 0 0.633935
 0 0.633935
 0 0.633937
 0 0.633961
 0 0.633962
 0 0.633969
 0 0.633969
 0 0.63397
 0 0.633973
 0 0.63398
 0 0.63398
 0 0.633982
 0 0.633983
 0 0.633983
 0 0.633983
 0 0.633989
 0 0.633989
 0 0.633995
 0 0.633995
 0 0.633995
 0 0.634006
 0 0.634008
 0 0.634017
 0 0.634051
 0 0.634051
 0 0.634058
 0 0.634058
 0 0.634077
 0 0.634081
 0 0.634081
 0 0.634081
 0 0.634095
 0 0.634096
 0 0.634098
 0 0.6341
 0 0.6341
 0 0.634101
 0 0.634102
 0 0.634102
 0 0.634122
 0 0.634124
 0 0.634124
 0 0.634124
 0 0.634138
 0 0.634138
 0 0.634138
 0 0.634138
 0 0.634138
 0 0.63414
 0 0.63414
 0 0.63415
 0 0.63415
 0 0.63415
 0 0.63415
 0 0.634151
 0 0.634157
 0 0.634158
 0 0.634158
 0 0.634158
 0 0.634176
 0 0.634177
 0 0.634177
 0 0.634177
 0 0.634177
 0 0.634178
 0 0.634178
 0 0.634179
 0 0.634183
 0 0.634183
 0 0.634197
 0 0.634209
 0 0.634209
 0 0.634217
 0 0.634233
 0 0.634233
 0 0.634233
 0 0.634233
 0 0.634239
 0 0.634239
 0 0.634239
 0 0.634256
 0 0.634279
 0 0.634279
 0 0.63428
 0 0.634283
 0 0.634294
 0 0.634294
 0 0.634294
 0 0.634294
 0 0.634296
 0 0.634297
 0 0.63435
 0 0.634351
 0 0.634351
 0 0.634384
 0 0.634389
 0 0.634393
 0 0.634393
 0 0.634405
 0 0.634405
 0 0.634405
 0 0.634405
 0 0.634418
 0 0.634419
 0 0.634437
 0 0.634444
 0 0.634451
 0 0.634453
 0 0.634462
 0 0.63447
 0 0.63447
 0 0.634471
 0 0.634478
 0 0.634479
 0 0.63448
 0 0.634495
 0 0.634496
 0 0.634499
 0 0.634499
 0 0.6345
 0 0.6345
 0 0.6345
 0 0.6345
 0 0.6345
 0 0.634501
 0 0.634505
 0 0.634505
 0 0.634528
 0 0.634529
 0 0.634529
 0 0.634532
 0 0.634533
 0 0.63454
 0 0.63454
 0 0.63454
 0 0.63454
 0 0.63454
 0 0.634572
 0 0.634573
 0 0.634575
 0 0.634583
 0 0.634583
 0 0.634587
 0 0.6346
 0 0.634601
 0 0.634601
 0 0.634607
 0 0.634607
 0 0.634607
 0 0.634609
 0 0.63461
 0 0.634612
 0 0.634613
 0 0.634613
 0 0.634613
 0 0.634626
 0 0.634637
 0 0.634638
 0 0.634638
 0 0.63464
 0 0.634641
 0 0.634641
 0 0.634642
 0 0.634642
 0 0.63465
 0 0.634703
 0 0.634703
 0 0.634705
 0 0.634705
 0 0.634705
 0 0.634705
 0 0.634706
 0 0.634729
 0 0.634731
 0 0.634742
 0 0.634742
 0 0.634742
 0 0.634748
 0 0.634748
 0 0.634748
 0 0.634755
 0 0.634764
 0 0.634813
 0 0.634813
 0 0.634813
 0 0.634819
 0 0.634821
 0 0.634821
 0 0.634853
 0 0.634853
 0 0.634871
 0 0.634876
 0 0.634876
 0 0.634896
 0 0.63492
 0 0.634944
 0 0.634944
 0 0.634951
 0 0.634951
 0 0.634951
 0 0.634953
 0 0.634957
 0 0.634958
 0 0.634971
 0 0.634984
 0 0.634984
 0 0.634984
 0 0.634984
 0 0.634985
 0 0.634986
 0 0.634986
 0 0.634991
 0 0.634991
 0 0.634992
 0 0.634992
 0 0.635031
 0 0.635045
 0 0.635046
 0 0.635047
 0 0.63505
 0 0.635057
 0 0.635057
 0 0.635057
 0 0.635062
 0 0.635062
 0 0.635062
 0 0.635066
 0 0.635086
 0 0.635107
 0 0.635107
 0 0.635107
 0 0.635111
 0 0.635111
 0 0.635126
 0 0.635133
 0 0.635149
 0 0.635162
 0 0.635163
 0 0.635177
 0 0.635179
 0 0.635179
 0 0.63518
 0 0.63518
 0 0.635186
 0 0.635186
 0 0.635201
 0 0.635202
 0 0.635202
 0 0.635205
 0 0.635206
 0 0.635214
 0 0.635214
 0 0.635216
 0 0.635246
 0 0.635247
 0 0.635247
 0 0.635259
 0 0.635271
 0 0.635275
 0 0.635275
 0 0.63529
 0 0.63529
 0 0.63529
 0 0.63529
 0 0.635295
 0 0.635295
 0 0.63531
 0 0.635314
 0 0.635314
 0 0.635315
 0 0.635315
 0 0.635343
 0 0.63535
 0 0.63535
 0 0.635351
 0 0.635368
 0 0.635368
 0 0.635368
 0 0.635379
 0 0.635379
 0 0.635379
 0 0.635379
 0 0.635385
 0 0.635385
 0 0.635385
 0 0.635385
 0 0.635385
 0 0.635393
 0 0.635393
 0 0.635394
 0 0.635414
 0 0.635416
 0 0.635421
 0 0.635421
 0 0.635421
 0 0.635421
 0 0.635425
 0 0.635425
 0 0.635428
 0 0.635429
 0 0.635444
 0 0.635444
 0 0.635445
 0 0.635445
 0 0.635445
 0 0.635445
 0 0.635454
 0 0.635463
 0 0.635464
 0 0.635464
 0 0.635464
 0 0.635464
 0 0.635468
 0 0.635468
 0 0.635478
 0 0.635486
 0 0.635489
 0 0.635489
 0 0.635499
 0 0.6355
 0 0.635516
 0 0.635539
 0 0.635539
 0 0.635539
 0 0.63554
 0 0.635542
 0 0.635542
 0 0.635542
 0 0.635549
 0 0.635563
 0 0.635564
 0 0.635564
 0 0.635582
 0 0.635582
 0 0.635588
 0 0.635619
 0 0.635621
 0 0.635621
 0 0.635631
 0 0.635632
 0 0.635646
 0 0.635646
 0 0.635651
 0 0.635651
 0 0.635651
 0 0.635674
 0 0.635674
 0 0.635674
 0 0.6357
 0 0.6357
 0 0.635709
 0 0.635709
 0 0.635709
 0 0.635712
 0 0.635715
 0 0.635715
 0 0.635733
 0 0.635733
 0 0.635734
 0 0.635736
 0 0.635736
 0 0.635737
 0 0.635742
 0 0.635742
 0 0.635746
 0 0.635756
 0 0.635768
 0 0.63577
 0 0.635775
 0 0.635777
 0 0.635778
 0 0.635784
 0 0.635806
 0 0.635806
 0 0.635811
 0 0.635811
 0 0.635816
 0 0.635816
 0 0.635816
 0 0.635818
 0 0.635846
 0 0.635847
 0 0.635851
 0 0.635853
 0 0.635853
 0 0.635857
 0 0.635858
 0 0.635858
 0 0.635859
 0 0.635881
 0 0.635881
 0 0.635894
 0 0.635894
 0 0.635894
 0 0.635895
 0 0.635895
 0 0.635897
 0 0.635904
 0 0.635915
 0 0.635915
 0 0.635928
 0 0.635929
 0 0.635929
 0 0.635931
 0 0.635956
 0 0.635957
 0 0.635957
 0 0.635958
 0 0.635958
 0 0.635958
 0 0.635968
 0 0.635971
 0 0.635971
 0 0.635971
 0 0.635979
 0 0.635979
 0 0.635979
 0 0.63602
 0 0.63602
 0 0.636021
 0 0.636021
 0 0.636022
 0 0.636022
 0 0.636032
 0 0.636046
 0 0.636046
 0 0.636047
 0 0.63606
 0 0.636062
 0 0.636063
 0 0.636065
 0 0.636065
 0 0.636065
 0 0.636066
 0 0.636071
 0 0.636085
 0 0.636086
 0 0.636086
 0 0.636087
 0 0.636114
 0 0.636114
 0 0.636114
 0 0.636135
 0 0.636143
 0 0.636144
 0 0.636146
 0 0.636146
 0 0.636152
 0 0.636171
 0 0.63618
 0 0.636196
 0 0.636196
 0 0.636196
 0 0.636221
 0 0.636221
 0 0.636253
 0 0.636254
 0 0.636254
 0 0.636254
 0 0.636254
 0 0.636266
 0 0.636274
 0 0.636284
 0 0.636324
 0 0.636324
 0 0.636328
 0 0.636328
 0 0.636328
 0 0.636328
 0 0.636328
 0 0.636334
 0 0.636334
 0 0.63638
 0 0.636394
 0 0.636395
 0 0.636395
 0 0.636395
 0 0.636397
 0 0.636419
 0 0.63643
 0 0.636431
 0 0.636431
 0 0.636431
 0 0.636431
 0 0.636436
 0 0.636436
 0 0.636448
 0 0.636448
 0 0.636449
 0 0.636466
 0 0.636469
 0 0.63647
 0 0.636513
 0 0.636513
 0 0.636514
 0 0.63652
 0 0.63652
 0 0.636544
 0 0.63656
 0 0.636561
 0 0.636574
 0 0.636578
 0 0.636581
 0 0.636581
 0 0.636581
 0 0.636581
 0 0.636605
 0 0.636605
 0 0.636606
 0 0.636606
 0 0.636622
 0 0.636624
 0 0.636624
 0 0.636624
 0 0.636631
 0 0.636635
 0 0.636636
 0 0.636637
 0 0.636645
 0 0.636661
 0 0.636661
 0 0.63667
 0 0.63668
 0 0.636683
 0 0.636683
 0 0.636714
 0 0.636714
 0 0.636721
 0 0.636723
 0 0.636723
 0 0.636723
 0 0.636724
 0 0.636746
 0 0.63676
 0 0.636784
 0 0.636786
 0 0.636786
 0 0.636786
 0 0.636791
 0 0.636799
 0 0.636802
 0 0.636885
 0 0.636885
 0 0.636885
 0 0.636886
 0 0.636928
 0 0.636954
 0 0.636954
 0 0.636954
 0 0.636967
 0 0.636967
 0 0.636982
 0 0.636983
 0 0.636983
 0 0.636983
 0 0.636983
 0 0.636993
 0 0.636994
 0 0.636994
 0 0.63702
 0 0.63702
 0 0.63702
 0 0.63703
 0 0.637038
 0 0.637039
 0 0.637039
 0 0.637067
 0 0.637067
 0 0.637067
 0 0.63708
 0 0.637082
 0 0.63715
 0 0.637152
 0 0.637185
 0 0.637213
 0 0.637259
 0 0.637278
 0 0.637289
 0 0.63729
 0 0.637364
 0 0.637365
 0 0.63737
 0 0.63737
 0 0.63737
 0 0.637371
 0 0.63738
 0 0.63738
 0 0.63738
 0 0.637384
 0 0.637385
 0 0.637401
 0 0.637401
 0 0.637411
 0 0.637487
 0 0.637487
 0 0.637529
 0 0.63753
 0 0.63756
 0 0.637562
 0 0.637565
 0 0.637565
 0 0.637565
 0 0.637615
 0 0.637616
 0 0.637616
 0 0.637641
 0 0.637666
 0 0.637667
 0 0.637671
 0 0.637672
 0 0.637697
 0 0.637734
 0 0.637734
 0 0.63778
 0 0.637781
 0 0.637784
 0 0.637784
 0 0.637833
 0 0.637855
 0 0.63786
 0 0.637866
 0 0.637866
 0 0.637866
 0 0.637866
 0 0.637891
 0 0.637892
 0 0.637892
 0 0.637913
 0 0.637913
 0 0.637921
 0 0.637922
 0 0.637923
 0 0.637923
 0 0.637973
 0 0.638012
 0 0.638013
 0 0.63805
 0 0.638054
 0 0.638054
 0 0.638054
 0 0.638099
 0 0.638099
 0 0.638099
 0 0.638101
 0 0.638101
 0 0.638102
 0 0.638102
 0 0.638149
 0 0.638149
 0 0.638149
 0 0.638149
 0 0.638152
 0 0.638161
 0 0.638161
 0 0.638207
 0 0.638207
 0 0.638215
 0 0.638268
 0 0.638268
 0 0.638274
 0 0.638275
 0 0.638275
 0 0.638401
 0 0.638515
 0 0.638608
 0 0.638608
 0 0.638608
 0 0.638665
 0 0.638667
 0 0.638687
 0 0.638687
 0 0.638703
 0 0.638703
 0 0.638722
 0 0.638722
 0 0.638722
 0 0.638766
 0 0.638786
 0 0.638787
 0 0.638796
 0 0.638797
 0 0.638809
 0 0.63881
 0 0.63881
 0 0.638906
 0 0.639062
 0 0.639129
 0 0.639129
 0 0.639216
 0 0.639216
 0 0.639219
 0 0.639219
 0 0.639483
 0 0.639546
 0 0.639695
 0 0.639695
 0 0.639695
 0 0.641994
 0 0.642048
 0 0.642049
 0 0.642584
 0 0.642798
 0 0.642817
 0 0.642854
 0 0.642922
 0 0.643388
 0 0.643439
 0 0.643439
 0 0.643441
 0 0.643752
 0 0.643823
 0 0.643857
 0 0.643858
 0 0.644727
 0 0.644729
 0 2.30134
 0 2.33104
 0 2.3311
 0 2.33154
 0 2.33154
 0 2.33184
 0 inf
