 8.77986 8.79462
 8.6958 8.70051
 8.6624 9.05345
 8.30941 8.86805
 7.74113 7.75684
 7.53569 7.92259
 7.36677 7.3924
 7.35347 7.4843
 7.34813 7.64077
 6.85859 8.30245
 6.76446 6.97716
 6.66716 6.99585
 6.6633 6.9997
 6.48092 7.04115
 6.47127 6.74715
 6.43883 7.20818
 6.39707 8.43885
 6.18784 7.26549
 6.13178 6.63116
 5.94125 8.71186
 5.62531 5.85735
 5.57782 6.28845
 5.4694 5.47589
 5.34651 5.48277
 5.33443 6.11545
 5.29022 6.95304
 5.24847 5.26234
 5.24608 5.25075
 5.21007 5.21045
 5.16254 5.16286
 5.15388 5.31823
 5.10276 5.36032
 4.99622 5.59513
 4.96377 4.98325
 4.94511 4.9726
 4.93977 4.94392
 4.93864 4.94159
 4.93437 4.94554
 4.9319 5.0266
 4.92372 5.53588
 4.92109 5.08707
 4.88998 4.89975
 4.8694 4.87407
 4.86175 5.12837
 4.86084 5.07173
 4.85607 4.87192
 4.85031 4.89458
 4.83209 4.84634
 4.81609 4.82575
 4.81517 5.36317
 4.80394 5.13122
 4.80075 4.80231
 4.79685 4.84529
 4.79607 4.80236
 4.77812 4.79602
 4.77786 4.79443
 4.7728 4.78825
 4.77212 5.65931
 4.76722 4.78181
 4.76184 4.87096
 4.74547 4.92891
 4.74511 4.7694
 4.74447 4.75279
 4.73991 4.74511
 4.73799 6.99918
 4.73643 4.74181
 4.71764 7.39281
 4.71161 4.71548
 4.71039 4.90446
 4.69864 5.00175
 4.69057 4.9015
 4.68925 4.70427
 4.68069 4.69341
 4.67638 4.6772
 4.67167 7.7686
 4.64434 4.65069
 4.64413 4.66719
 4.63434 4.93099
 4.62611 5.38826
 4.61197 4.82066
 4.61144 4.64025
 4.59769 5.64421
 4.58915 4.58947
 4.58639 4.89885
 4.56429 4.98835
 4.55763 4.60991
 4.54422 4.81078
 4.54245 4.55346
 4.54199 4.56725
 4.53748 5.07425
 4.53641 4.53711
 4.53633 4.68317
 4.51204 4.52952
 4.50694 5.18752
 4.50635 4.52951
 4.50448 5.03928
 4.47161 4.83446
 4.45642 4.4585
 4.45063 8.39909
 4.44961 4.45631
 4.43546 9.61349
 4.43003 4.54158
 4.41849 7.24434
 4.41608 4.4177
 4.41187 4.42879
 4.39417 4.97873
 4.38192 5.00093
 4.3789 7.58409
 4.37023 9.2577
 4.35983 4.47017
 4.35598 4.59633
 4.3555 7.69589
 4.34106 4.3492
 4.34003 6.23125
 4.3248 6.15929
 4.28685 4.28727
 4.27662 5.24559
 4.27449 7.94125
 4.27361 7.71831
 4.27021 4.8558
 4.26155 5.01672
 4.23005 5.27533
 4.22972 5.31649
 4.21272 5.03977
 4.20399 4.33486
 4.19652 11.7005
 4.18939 5.31536
 4.00862 5.61543
 3.98938 5.64057
 3.98443 8.60726
 3.95772 9.4896
 3.95422 4.95735
 3.9457 4.98523
 3.49367 5.70831
