 0 0.488669
 0 0.488764
 0 0.488764
 0 0.489345
 0 0.489345
 0 0.489346
 0 0.493484
 0 0.493615
 0 0.493615
 0 0.493615
 0 0.494333
 0 0.494333
 0 0.612407
 0 0.612766
 0 0.612766
 0 0.613202
 0 0.613202
 0 0.613202
 0 0.61754
 0 0.61754
 0 0.61814
 0 0.61814
 0 0.61814
 0 0.618248
 0 0.621173
 0 0.621174
 0 0.621175
 0 0.621249
 0 0.621393
 0 0.621683
 0 0.621683
 0 0.621862
 0 0.621862
 0 0.621862
 0 0.622052
 0 0.622054
 0 0.622134
 0 0.622134
 0 0.622135
 0 0.622352
 0 0.622352
 0 0.622352
 0 0.622353
 0 0.622353
 0 0.622677
 0 0.62294
 0 0.623022
 0 0.623023
 0 0.623042
 0 0.623042
 0 0.623043
 0 0.62319
 0 0.62319
 0 0.623639
 0 0.623892
 0 0.624014
 0 0.624065
 0 0.624065
 0 0.624251
 0 0.624251
 0 0.624258
 0 0.624258
 0 0.624258
 0 0.624462
 0 0.624463
 0 0.624463
 0 0.624463
 0 0.624463
 0 0.624507
 0 0.624507
 0 0.624507
 0 0.624507
 0 0.624512
 0 0.624566
 0 0.624567
 0 0.624621
 0 0.624888
 0 0.625013
 0 0.625029
 0 0.625173
 0 0.625174
 0 0.625302
 0 0.625436
 0 0.625593
 0 0.625681
 0 0.625682
 0 0.625704
 0 0.625704
 0 0.625704
 0 0.625822
 0 0.62593
 0 0.62593
 0 0.625969
 0 0.626059
 0 0.626059
 0 0.626076
 0 0.626076
 0 0.626076
 0 0.626077
 0 0.626078
 0 0.626102
 0 0.626102
 0 0.626102
 0 0.626254
 0 0.626254
 0 0.626254
 0 0.626277
 0 0.626328
 0 0.62634
 0 0.626341
 0 0.626414
 0 0.626416
 0 0.626431
 0 0.626432
 0 0.626583
 0 0.626636
 0 0.626637
 0 0.626647
 0 0.626651
 0 0.626663
 0 0.626663
 0 0.626663
 0 0.626808
 0 0.627042
 0 0.627111
 0 0.627111
 0 0.627112
 0 0.627112
 0 0.627151
 0 0.627151
 0 0.627187
 0 0.627246
 0 0.627341
 0 0.627341
 0 0.627341
 0 0.627364
 0 0.627415
 0 0.627456
 0 0.627492
 0 0.627492
 0 0.627496
 0 0.627497
 0 0.62751
 0 0.62751
 0 0.62751
 0 0.627549
 0 0.627549
 0 0.627549
 0 0.627759
 0 0.62776
 0 0.62776
 0 0.627829
 0 0.627881
 0 0.627918
 0 0.627918
 0 0.627927
 0 0.62794
 0 0.627941
 0 0.627946
 0 0.627947
 0 0.627954
 0 0.627975
 0 0.627979
 0 0.627979
 0 0.627979
 0 0.62798
 0 0.628174
 0 0.628175
 0 0.628175
 0 0.628175
 0 0.628175
 0 0.628259
 0 0.628278
 0 0.628278
 0 0.628279
 0 0.628279
 0 0.628279
 0 0.628283
 0 0.628284
 0 0.628284
 0 0.628325
 0 0.628325
 0 0.628325
 0 0.628326
 0 0.628397
 0 0.628456
 0 0.628456
 0 0.628456
 0 0.628456
 0 0.628459
 0 0.628459
 0 0.628459
 0 0.628469
 0 0.62847
 0 0.628499
 0 0.628501
 0 0.628536
 0 0.628548
 0 0.628549
 0 0.628549
 0 0.628555
 0 0.628596
 0 0.628596
 0 0.628641
 0 0.628641
 0 0.628689
 0 0.628689
 0 0.628748
 0 0.628749
 0 0.628753
 0 0.628854
 0 0.628858
 0 0.628915
 0 0.628915
 0 0.628937
 0 0.628937
 0 0.628988
 0 0.628991
 0 0.629036
 0 0.629036
 0 0.629103
 0 0.629103
 0 0.629109
 0 0.629109
 0 0.629119
 0 0.629135
 0 0.62914
 0 0.62914
 0 0.62914
 0 0.629141
 0 0.629142
 0 0.629142
 0 0.629147
 0 0.629159
 0 0.629159
 0 0.629292
 0 0.629325
 0 0.629333
 0 0.629334
 0 0.629334
 0 0.629334
 0 0.629359
 0 0.62936
 0 0.629392
 0 0.629392
 0 0.629392
 0 0.629398
 0 0.62949
 0 0.62949
 0 0.629497
 0 0.629497
 0 0.629498
 0 0.629498
 0 0.629498
 0 0.629498
 0 0.629499
 0 0.629512
 0 0.629512
 0 0.629513
 0 0.629513
 0 0.629513
 0 0.629547
 0 0.629593
 0 0.629594
 0 0.629594
 0 0.629594
 0 0.629594
 0 0.62963
 0 0.629683
 0 0.629715
 0 0.629715
 0 0.629722
 0 0.629751
 0 0.629751
 0 0.629752
 0 0.629752
 0 0.629814
 0 0.629814
 0 0.629814
 0 0.629814
 0 0.629821
 0 0.629821
 0 0.629888
 0 0.629959
 0 0.62996
 0 0.62996
 0 0.629963
 0 0.629964
 0 0.629964
 0 0.629974
 0 0.629974
 0 0.629974
 0 0.62998
 0 0.62998
 0 0.62998
 0 0.630021
 0 0.630038
 0 0.630091
 0 0.630092
 0 0.630128
 0 0.630135
 0 0.630152
 0 0.630152
 0 0.630226
 0 0.630226
 0 0.630264
 0 0.630264
 0 0.630265
 0 0.630322
 0 0.630322
 0 0.630404
 0 0.630411
 0 0.630411
 0 0.630432
 0 0.630432
 0 0.630464
 0 0.630465
 0 0.630465
 0 0.63047
 0 0.63047
 0 0.630471
 0 0.630471
 0 0.630471
 0 0.630508
 0 0.630509
 0 0.630534
 0 0.630535
 0 0.630559
 0 0.630566
 0 0.630584
 0 0.630584
 0 0.630585
 0 0.630598
 0 0.630598
 0 0.630627
 0 0.630627
 0 0.630628
 0 0.630628
 0 0.630639
 0 0.630639
 0 0.630639
 0 0.63064
 0 0.630644
 0 0.630644
 0 0.630766
 0 0.630778
 0 0.630829
 0 0.63083
 0 0.63083
 0 0.630838
 0 0.630839
 0 0.630839
 0 0.63084
 0 0.630841
 0 0.630841
 0 0.630892
 0 0.630902
 0 0.630909
 0 0.630909
 0 0.630952
 0 0.630959
 0 0.630959
 0 0.630984
 0 0.630985
 0 0.630985
 0 0.630985
 0 0.630985
 0 0.630988
 0 0.630994
 0 0.630994
 0 0.631
 0 0.631056
 0 0.631076
 0 0.631076
 0 0.631077
 0 0.631077
 0 0.631079
 0 0.631094
 0 0.631095
 0 0.631095
 0 0.631095
 0 0.631121
 0 0.631122
 0 0.631122
 0 0.631124
 0 0.631124
 0 0.631124
 0 0.631124
 0 0.631139
 0 0.63114
 0 0.631148
 0 0.631148
 0 0.631168
 0 0.631168
 0 0.631178
 0 0.631178
 0 0.631204
 0 0.631204
 0 0.631206
 0 0.631206
 0 0.631206
 0 0.631206
 0 0.631232
 0 0.63126
 0 0.63126
 0 0.63126
 0 0.63126
 0 0.63126
 0 0.631305
 0 0.631305
 0 0.631355
 0 0.631361
 0 0.631361
 0 0.631426
 0 0.631436
 0 0.631437
 0 0.631437
 0 0.631473
 0 0.631474
 0 0.631475
 0 0.631481
 0 0.631492
 0 0.631492
 0 0.631527
 0 0.631532
 0 0.631533
 0 0.631535
 0 0.631589
 0 0.63159
 0 0.63159
 0 0.63159
 0 0.631709
 0 0.631755
 0 0.63177
 0 0.63177
 0 0.63177
 0 0.631782
 0 0.631801
 0 0.631805
 0 0.631808
 0 0.631808
 0 0.631834
 0 0.631836
 0 0.631844
 0 0.631858
 0 0.631897
 0 0.631897
 0 0.631897
 0 0.631901
 0 0.631901
 0 0.631902
 0 0.631915
 0 0.631926
 0 0.631926
 0 0.63194
 0 0.631975
 0 0.631994
 0 0.631994
 0 0.631994
 0 0.631998
 0 0.632001
 0 0.632023
 0 0.632023
 0 0.63203
 0 0.63203
 0 0.632031
 0 0.632051
 0 0.632051
 0 0.632051
 0 0.632052
 0 0.632052
 0 0.632066
 0 0.632067
 0 0.632067
 0 0.632067
 0 0.632067
 0 0.632068
 0 0.632068
 0 0.632095
 0 0.632102
 0 0.632113
 0 0.632115
 0 0.632135
 0 0.632135
 0 0.632135
 0 0.632148
 0 0.632156
 0 0.632156
 0 0.632156
 0 0.632156
 0 0.632156
 0 0.632156
 0 0.6322
 0 0.6322
 0 0.6322
 0 0.6322
 0 0.632205
 0 0.632207
 0 0.632207
 0 0.632223
 0 0.632228
 0 0.632229
 0 0.632232
 0 0.632232
 0 0.632248
 0 0.632258
 0 0.632258
 0 0.632258
 0 0.632258
 0 0.632298
 0 0.632298
 0 0.632298
 0 0.632361
 0 0.632399
 0 0.632473
 0 0.632473
 0 0.632473
 0 0.632483
 0 0.632541
 0 0.632541
 0 0.632542
 0 0.632563
 0 0.632567
 0 0.632597
 0 0.632597
 0 0.632603
 0 0.632624
 0 0.632624
 0 0.632672
 0 0.632672
 0 0.632701
 0 0.632715
 0 0.632731
 0 0.632731
 0 0.632748
 0 0.632748
 0 0.632762
 0 0.632762
 0 0.632775
 0 0.632775
 0 0.632811
 0 0.63282
 0 0.632821
 0 0.632826
 0 0.632842
 0 0.632843
 0 0.632851
 0 0.632851
 0 0.632851
 0 0.632851
 0 0.632881
 0 0.632882
 0 0.632911
 0 0.632912
 0 0.632962
 0 0.632962
 0 0.632964
 0 0.633007
 0 0.633013
 0 0.633014
 0 0.633067
 0 0.633073
 0 0.633073
 0 0.633077
 0 0.633078
 0 0.63308
 0 0.63308
 0 0.63308
 0 0.63308
 0 0.633105
 0 0.633105
 0 0.633115
 0 0.633134
 0 0.633134
 0 0.633142
 0 0.633142
 0 0.633142
 0 0.633142
 0 0.633142
 0 0.633146
 0 0.633147
 0 0.633147
 0 0.633196
 0 0.633196
 0 0.633203
 0 0.633203
 0 0.633206
 0 0.633206
 0 0.633206
 0 0.633212
 0 0.633214
 0 0.633214
 0 0.633214
 0 0.633237
 0 0.633237
 0 0.633247
 0 0.633247
 0 0.633278
 0 0.633281
 0 0.633285
 0 0.633298
 0 0.633298
 0 0.633315
 0 0.633342
 0 0.633343
 0 0.633346
 0 0.633347
 0 0.633347
 0 0.633349
 0 0.633361
 0 0.633375
 0 0.633377
 0 0.633377
 0 0.633404
 0 0.633424
 0 0.633461
 0 0.633462
 0 0.633536
 0 0.633551
 0 0.633552
 0 0.633589
 0 0.63363
 0 0.633647
 0 0.633647
 0 0.633647
 0 0.633665
 0 0.633665
 0 0.633665
 0 0.633671
 0 0.633673
 0 0.633683
 0 0.633703
 0 0.633703
 0 0.633708
 0 0.633711
 0 0.633712
 0 0.633729
 0 0.633772
 0 0.63378
 0 0.633821
 0 0.633861
 0 0.633862
 0 0.633892
 0 0.633899
 0 0.633903
 0 0.633913
 0 0.633913
 0 0.633913
 0 0.633928
 0 0.633929
 0 0.633929
 0 0.63393
 0 0.63393
 0 0.63397
 0 0.63397
 0 0.63397
 0 0.633972
 0 0.633979
 0 0.633979
 0 0.63398
 0 0.63398
 0 0.634004
 0 0.634004
 0 0.634004
 0 0.634004
 0 0.634005
 0 0.634066
 0 0.634066
 0 0.634066
 0 0.634066
 0 0.634073
 0 0.634073
 0 0.634073
 0 0.634073
 0 0.634119
 0 0.634148
 0 0.634162
 0 0.634177
 0 0.634191
 0 0.634199
 0 0.634218
 0 0.634219
 0 0.634227
 0 0.634227
 0 0.634227
 0 0.634227
 0 0.634228
 0 0.634228
 0 0.634228
 0 0.63424
 0 0.634244
 0 0.634244
 0 0.634244
 0 0.634247
 0 0.634247
 0 0.634248
 0 0.634256
 0 0.634296
 0 0.634298
 0 0.634298
 0 0.634311
 0 0.634311
 0 0.634321
 0 0.634321
 0 0.634322
 0 0.634323
 0 0.634323
 0 0.634346
 0 0.634346
 0 0.634354
 0 0.634354
 0 0.634355
 0 0.634428
 0 0.63443
 0 0.63443
 0 0.63443
 0 0.634431
 0 0.634434
 0 0.634457
 0 0.634457
 0 0.634462
 0 0.634462
 0 0.634462
 0 0.63447
 0 0.63447
 0 0.63447
 0 0.63447
 0 0.634498
 0 0.634498
 0 0.634499
 0 0.634541
 0 0.634563
 0 0.634587
 0 0.634592
 0 0.634594
 0 0.634604
 0 0.634604
 0 0.634611
 0 0.634612
 0 0.634612
 0 0.634672
 0 0.634682
 0 0.634697
 0 0.634697
 0 0.634698
 0 0.634718
 0 0.634718
 0 0.634718
 0 0.634718
 0 0.63473
 0 0.634731
 0 0.634732
 0 0.634733
 0 0.634748
 0 0.634748
 0 0.634764
 0 0.634773
 0 0.634796
 0 0.634796
 0 0.634797
 0 0.634797
 0 0.634799
 0 0.6348
 0 0.634817
 0 0.634817
 0 0.63485
 0 0.634851
 0 0.634859
 0 0.634859
 0 0.634859
 0 0.634859
 0 0.634859
 0 0.634861
 0 0.634862
 0 0.634862
 0 0.634862
 0 0.634862
 0 0.634957
 0 0.634957
 0 0.634958
 0 0.634964
 0 0.634968
 0 0.634969
 0 0.634975
 0 0.634978
 0 0.634984
 0 0.634984
 0 0.634994
 0 0.635003
 0 0.635003
 0 0.63504
 0 0.635041
 0 0.635062
 0 0.635062
 0 0.635062
 0 0.635063
 0 0.635066
 0 0.635066
 0 0.635066
 0 0.635094
 0 0.635095
 0 0.635103
 0 0.635103
 0 0.635115
 0 0.635135
 0 0.635139
 0 0.635139
 0 0.63514
 0 0.635141
 0 0.635142
 0 0.635142
 0 0.635167
 0 0.635173
 0 0.635181
 0 0.635199
 0 0.635235
 0 0.635268
 0 0.635268
 0 0.63527
 0 0.63529
 0 0.635315
 0 0.635315
 0 0.635336
 0 0.635341
 0 0.635341
 0 0.635371
 0 0.635372
 0 0.635374
 0 0.635426
 0 0.635435
 0 0.635436
 0 0.635448
 0 0.635448
 0 0.635453
 0 0.635454
 0 0.635498
 0 0.635498
 0 0.635499
 0 0.635514
 0 0.635514
 0 0.635551
 0 0.635558
 0 0.635561
 0 0.635561
 0 0.635561
 0 0.635563
 0 0.635565
 0 0.635566
 0 0.635567
 0 0.635567
 0 0.635575
 0 0.635575
 0 0.635586
 0 0.635614
 0 0.635615
 0 0.63564
 0 0.635679
 0 0.635681
 0 0.635681
 0 0.635681
 0 0.635698
 0 0.635698
 0 0.635709
 0 0.635709
 0 0.635713
 0 0.635714
 0 0.635714
 0 0.635732
 0 0.63574
 0 0.635741
 0 0.635741
 0 0.635749
 0 0.63575
 0 0.635752
 0 0.635752
 0 0.635753
 0 0.635778
 0 0.635778
 0 0.635815
 0 0.635816
 0 0.635835
 0 0.635835
 0 0.635839
 0 0.635859
 0 0.635887
 0 0.635888
 0 0.635895
 0 0.635895
 0 0.635895
 0 0.635915
 0 0.635935
 0 0.635937
 0 0.635937
 0 0.635938
 0 0.635938
 0 0.635938
 0 0.635938
 0 0.63594
 0 0.635941
 0 0.635948
 0 0.635949
 0 0.636021
 0 0.636058
 0 0.636058
 0 0.636059
 0 0.636059
 0 0.636059
 0 0.636059
 0 0.636059
 0 0.636069
 0 0.63607
 0 0.636133
 0 0.636133
 0 0.636133
 0 0.636133
 0 0.636133
 0 0.636145
 0 0.636145
 0 0.636164
 0 0.636184
 0 0.636233
 0 0.636236
 0 0.636284
 0 0.636284
 0 0.636292
 0 0.636292
 0 0.636293
 0 0.636293
 0 0.636294
 0 0.636308
 0 0.636326
 0 0.636346
 0 0.636356
 0 0.636357
 0 0.636357
 0 0.636357
 0 0.636426
 0 0.636426
 0 0.636437
 0 0.636438
 0 0.636447
 0 0.636448
 0 0.636468
 0 0.636468
 0 0.636468
 0 0.636468
 0 0.636468
 0 0.63647
 0 0.63647
 0 0.636474
 0 0.636475
 0 0.636482
 0 0.636486
 0 0.636495
 0 0.636495
 0 0.636499
 0 0.636527
 0 0.636533
 0 0.636533
 0 0.636539
 0 0.636582
 0 0.636582
 0 0.636586
 0 0.636598
 0 0.636609
 0 0.636609
 0 0.63661
 0 0.636627
 0 0.636652
 0 0.636655
 0 0.636656
 0 0.636656
 0 0.636671
 0 0.636736
 0 0.636759
 0 0.636759
 0 0.636759
 0 0.636788
 0 0.636788
 0 0.636788
 0 0.636788
 0 0.636788
 0 0.6368
 0 0.6368
 0 0.6368
 0 0.6368
 0 0.636801
 0 0.636807
 0 0.636846
 0 0.636847
 0 0.63685
 0 0.636867
 0 0.636867
 0 0.636868
 0 0.636869
 0 0.63687
 0 0.63687
 0 0.636871
 0 0.636884
 0 0.636893
 0 0.636905
 0 0.636907
 0 0.636907
 0 0.636913
 0 0.636913
 0 0.636919
 0 0.636919
 0 0.636931
 0 0.636941
 0 0.636941
 0 0.636946
 0 0.636946
 0 0.636957
 0 0.636991
 0 0.636991
 0 0.636991
 0 0.636996
 0 0.636997
 0 0.636997
 0 0.637023
 0 0.637023
 0 0.637023
 0 0.637048
 0 0.637048
 0 0.637048
 0 0.637048
 0 0.637048
 0 0.637048
 0 0.637062
 0 0.637063
 0 0.637076
 0 0.637077
 0 0.637077
 0 0.637088
 0 0.637098
 0 0.63711
 0 0.63711
 0 0.637132
 0 0.637132
 0 0.637132
 0 0.637132
 0 0.637142
 0 0.637142
 0 0.637171
 0 0.637171
 0 0.637172
 0 0.637173
 0 0.637173
 0 0.637175
 0 0.637175
 0 0.637196
 0 0.637223
 0 0.637232
 0 0.637232
 0 0.637233
 0 0.637245
 0 0.637246
 0 0.637289
 0 0.637295
 0 0.637295
 0 0.637312
 0 0.637335
 0 0.637339
 0 0.63734
 0 0.63734
 0 0.637365
 0 0.63739
 0 0.637406
 0 0.637411
 0 0.637411
 0 0.637412
 0 0.637427
 0 0.637455
 0 0.637456
 0 0.637456
 0 0.637486
 0 0.637486
 0 0.637509
 0 0.637509
 0 0.637545
 0 0.637547
 0 0.637548
 0 0.637548
 0 0.637566
 0 0.637566
 0 0.637573
 0 0.637573
 0 0.637573
 0 0.637573
 0 0.637584
 0 0.637584
 0 0.637584
 0 0.637587
 0 0.637587
 0 0.637588
 0 0.637591
 0 0.637592
 0 0.637593
 0 0.637598
 0 0.637609
 0 0.637631
 0 0.637631
 0 0.637673
 0 0.637674
 0 0.637696
 0 0.637696
 0 0.637697
 0 0.637697
 0 0.637731
 0 0.637744
 0 0.63778
 0 0.637781
 0 0.637838
 0 0.637838
 0 0.637849
 0 0.637849
 0 0.637855
 0 0.637865
 0 0.637865
 0 0.637865
 0 0.637919
 0 0.637942
 0 0.637959
 0 0.637961
 0 0.637986
 0 0.637988
 0 0.63799
 0 0.63799
 0 0.638029
 0 0.638058
 0 0.638078
 0 0.638078
 0 0.638078
 0 0.638083
 0 0.638086
 0 0.638086
 0 0.638106
 0 0.638111
 0 0.638112
 0 0.638112
 0 0.638137
 0 0.638138
 0 0.638149
 0 0.638152
 0 0.638152
 0 0.638152
 0 0.638163
 0 0.638165
 0 0.63817
 0 0.638189
 0 0.638218
 0 0.638218
 0 0.638218
 0 0.638245
 0 0.638254
 0 0.638254
 0 0.638254
 0 0.638255
 0 0.638255
 0 0.638264
 0 0.638283
 0 0.638283
 0 0.63834
 0 0.63834
 0 0.638348
 0 0.638349
 0 0.638362
 0 0.638377
 0 0.638408
 0 0.638413
 0 0.638413
 0 0.638421
 0 0.638468
 0 0.638482
 0 0.638482
 0 0.638496
 0 0.638511
 0 0.63853
 0 0.63853
 0 0.638552
 0 0.638552
 0 0.638628
 0 0.638734
 0 0.638734
 0 0.638734
 0 0.63874
 0 0.638743
 0 0.638743
 0 0.638743
 0 0.638743
 0 0.638743
 0 0.638855
 0 0.638856
 0 0.638866
 0 0.638866
 0 0.638867
 0 0.638883
 0 0.638883
 0 0.638913
 0 0.638915
 0 0.638915
 0 0.638933
 0 0.638933
 0 0.638962
 0 0.638963
 0 0.638963
 0 0.638963
 0 0.639072
 0 0.639072
 0 0.639108
 0 0.639108
 0 0.639109
 0 0.639171
 0 0.639176
 0 0.639176
 0 0.639176
 0 0.639184
 0 0.639245
 0 0.639245
 0 0.639262
 0 0.639262
 0 0.639262
 0 0.639262
 0 0.639262
 0 0.639273
 0 0.639273
 0 0.639309
 0 0.639309
 0 0.639309
 0 0.639317
 0 0.639333
 0 0.639343
 0 0.639355
 0 0.639355
 0 0.639366
 0 0.639366
 0 0.639367
 0 0.639392
 0 0.639406
 0 0.639406
 0 0.639406
 0 0.639406
 0 0.639406
 0 0.639406
 0 0.639448
 0 0.639448
 0 0.639465
 0 0.639489
 0 0.639494
 0 0.639494
 0 0.639535
 0 0.639535
 0 0.639539
 0 0.639539
 0 0.639583
 0 0.639585
 0 0.639607
 0 0.639607
 0 0.639608
 0 0.639608
 0 0.639609
 0 0.639609
 0 0.639609
 0 0.63962
 0 0.639694
 0 0.639696
 0 0.639696
 0 0.639696
 0 0.639704
 0 0.639732
 0 0.639732
 0 0.639732
 0 0.639732
 0 0.639733
 0 0.639796
 0 0.639796
 0 0.639804
 0 0.639817
 0 0.639818
 0 0.639832
 0 0.639853
 0 0.639855
 0 0.639855
 0 0.639855
 0 0.639892
 0 0.639893
 0 0.639907
 0 0.639907
 0 0.63996
 0 0.639961
 0 0.639983
 0 0.64009
 0 0.640111
 0 0.640111
 0 0.640111
 0 0.640112
 0 0.640112
 0 0.64014
 0 0.64014
 0 0.64014
 0 0.640196
 0 0.640196
 0 0.640196
 0 0.640198
 0 0.640198
 0 0.640272
 0 0.640272
 0 0.640273
 0 0.640273
 0 0.640274
 0 0.640301
 0 0.640341
 0 0.640356
 0 0.640364
 0 0.640364
 0 0.640364
 0 0.640404
 0 0.640529
 0 0.640529
 0 0.640554
 0 0.640554
 0 0.640572
 0 0.640572
 0 0.640572
 0 0.640591
 0 0.640594
 0 0.640594
 0 0.640594
 0 0.640595
 0 0.640595
 0 0.640596
 0 0.640596
 0 0.640647
 0 0.640647
 0 0.640707
 0 0.640708
 0 0.640717
 0 0.640741
 0 0.640741
 0 0.640746
 0 0.640769
 0 0.640769
 0 0.640832
 0 0.640832
 0 0.640832
 0 0.640848
 0 0.640848
 0 0.640859
 0 0.640885
 0 0.640885
 0 0.640889
 0 0.640949
 0 0.64095
 0 0.64095
 0 0.640951
 0 0.640991
 0 0.641047
 0 0.64112
 0 0.64112
 0 0.64112
 0 0.641132
 0 0.641147
 0 0.641148
 0 0.641183
 0 0.641184
 0 0.64123
 0 0.641284
 0 0.641284
 0 0.641328
 0 0.641328
 0 0.641328
 0 0.641342
 0 0.641343
 0 0.641388
 0 0.641403
 0 0.641403
 0 0.641403
 0 0.641403
 0 0.641403
 0 0.641405
 0 0.641444
 0 0.641487
 0 0.641488
 0 0.641508
 0 0.64153
 0 0.641555
 0 0.641555
 0 0.641555
 0 0.641592
 0 0.641592
 0 0.641593
 0 0.641607
 0 0.641609
 0 0.641609
 0 0.641653
 0 0.641659
 0 0.641714
 0 0.641714
 0 0.641731
 0 0.641731
 0 0.641793
 0 0.641794
 0 0.641794
 0 0.64182
 0 0.641822
 0 0.641829
 0 0.641908
 0 0.641908
 0 0.642013
 0 0.642014
 0 0.642015
 0 0.642055
 0 0.642057
 0 0.642058
 0 0.642058
 0 0.642112
 0 0.642112
 0 0.642112
 0 0.642173
 0 0.642229
 0 0.642229
 0 0.642229
 0 0.642293
 0 0.642294
 0 0.64234
 0 0.64234
 0 0.64234
 0 0.642484
 0 0.642521
 0 0.642521
 0 0.642539
 0 0.642539
 0 0.642695
 0 0.642787
 0 0.642811
 0 0.642811
 0 0.642848
 0 0.642848
 0 0.642894
 0 0.642902
 0 0.642904
 0 0.64295
 0 0.64295
 0 0.642988
 0 0.64302
 0 0.643076
 0 0.643076
 0 0.643076
 0 0.643076
 0 0.643076
 0 0.643102
 0 0.64313
 0 0.64313
 0 0.64313
 0 0.64318
 0 0.64319
 0 0.643205
 0 0.643206
 0 0.643258
 0 0.643258
 0 0.643258
 0 0.643281
 0 0.643318
 0 0.643318
 0 0.643357
 0 0.643358
 0 0.643359
 0 0.643561
 0 0.643561
 0 0.643561
 0 0.643603
 0 0.643603
 0 0.643603
 0 0.643604
 0 0.643617
 0 0.643617
 0 0.643619
 0 0.643622
 0 0.643844
 0 0.643845
 0 0.643845
 0 0.643845
 0 0.643917
 0 0.644011
 0 0.644011
 0 0.644211
 0 0.644212
 0 0.644261
 0 0.644262
 0 0.64434
 0 0.644342
 0 0.644566
 0 0.644566
 0 0.644662
 0 0.644662
 0 0.644753
 0 0.644824
 0 0.644931
 0 0.644932
 0 0.644941
 0 0.644957
 0 0.644973
 0 0.645047
 0 0.645047
 0 0.645048
 0 0.645147
 0 0.645219
 0 0.645221
 0 0.645221
 0 0.645269
 0 0.645269
 0 0.645318
 0 0.645319
 0 0.645328
 0 0.645329
 0 0.645344
 0 0.645344
 0 0.645351
 0 0.645381
 0 0.645381
 0 0.645381
 0 0.645479
 0 0.645479
 0 0.64548
 0 0.645499
 0 0.645499
 0 0.645516
 0 0.645516
 0 0.645626
 0 0.645626
 0 0.645627
 0 0.645815
 0 0.645877
 0 0.646012
 0 0.646013
 0 0.646013
 0 0.646096
 0 0.646096
 0 0.646159
 0 0.646174
 0 0.646174
 0 0.64624
 0 0.64627
 0 0.64627
 0 0.64627
 0 0.646655
 0 0.646655
 0 0.646655
 0 0.647596
 0 0.647596
 0 0.647597
 0 0.647597
 0 0.64815
 0 0.64815
 0 1.91532
 0 1.91591
 0 1.91591
 0 1.91626
 0 1.91626
 0 1.91666
 0 inf
