 0 0.60985
 0 0.610383
 0 0.610383
 0 0.610386
 0 0.611551
 0 0.611552
 0 0.626268
 0 0.62644
 0 0.62644
 0 0.626922
 0 0.626922
 0 0.627447
 0 0.627447
 0 0.627447
 0 0.627512
 0 0.627514
 0 0.627637
 0 0.627637
 0 0.627637
 0 0.627737
 0 0.628038
 0 0.628038
 0 0.62804
 0 0.628132
 0 0.628161
 0 0.628163
 0 0.628163
 0 0.628164
 0 0.62839
 0 0.62839
 0 0.629757
 0 0.629757
 0 0.629757
 0 0.629757
 0 0.629831
 0 0.629831
 0 0.630445
 0 0.630499
 0 0.630499
 0 0.630499
 0 0.630564
 0 0.630594
 0 0.630594
 0 0.630595
 0 0.630739
 0 0.63074
 0 0.630851
 0 0.630851
 0 0.631143
 0 0.631143
 0 0.631143
 0 0.631143
 0 0.631145
 0 0.631159
 0 0.631159
 0 0.63117
 0 0.631185
 0 0.63123
 0 0.63123
 0 0.63123
 0 0.631244
 0 0.631244
 0 0.631245
 0 0.631267
 0 0.631268
 0 0.631319
 0 0.63132
 0 0.631356
 0 0.631358
 0 0.631447
 0 0.631447
 0 0.631448
 0 0.631482
 0 0.631515
 0 0.631516
 0 0.631534
 0 0.631535
 0 0.631546
 0 0.631551
 0 0.631614
 0 0.631634
 0 0.631634
 0 0.631643
 0 0.631644
 0 0.631671
 0 0.631673
 0 0.631673
 0 0.631673
 0 0.631677
 0 0.631686
 0 0.631697
 0 0.631716
 0 0.631769
 0 0.631771
 0 0.631802
 0 0.631803
 0 0.631838
 0 0.631838
 0 0.63184
 0 0.631848
 0 0.631849
 0 0.63185
 0 0.631851
 0 0.631851
 0 0.631862
 0 0.631912
 0 0.631932
 0 0.631932
 0 0.631932
 0 0.631934
 0 0.631953
 0 0.631954
 0 0.631956
 0 0.631971
 0 0.631972
 0 0.631974
 0 0.631993
 0 0.631993
 0 0.631998
 0 0.631998
 0 0.631999
 0 0.632
 0 0.632017
 0 0.632017
 0 0.632017
 0 0.632017
 0 0.632017
 0 0.632018
 0 0.63202
 0 0.63202
 0 0.632021
 0 0.632033
 0 0.632035
 0 0.63205
 0 0.63205
 0 0.632052
 0 0.632053
 0 0.63206
 0 0.632061
 0 0.632077
 0 0.632077
 0 0.632077
 0 0.632078
 0 0.632078
 0 0.632079
 0 0.632084
 0 0.632084
 0 0.632111
 0 0.632111
 0 0.632111
 0 0.632111
 0 0.632113
 0 0.632114
 0 0.632114
 0 0.632115
 0 0.632124
 0 0.632124
 0 0.632125
 0 0.632153
 0 0.632153
 0 0.632154
 0 0.632156
 0 0.632167
 0 0.632172
 0 0.632186
 0 0.632198
 0 0.632198
 0 0.632226
 0 0.632226
 0 0.632226
 0 0.632245
 0 0.632249
 0 0.63225
 0 0.632255
 0 0.632256
 0 0.632257
 0 0.632273
 0 0.632277
 0 0.632278
 0 0.63228
 0 0.632285
 0 0.632285
 0 0.632291
 0 0.632292
 0 0.632306
 0 0.632311
 0 0.632323
 0 0.632323
 0 0.632323
 0 0.632324
 0 0.632325
 0 0.632331
 0 0.632345
 0 0.632352
 0 0.632352
 0 0.632372
 0 0.632372
 0 0.632378
 0 0.632378
 0 0.632383
 0 0.632394
 0 0.632396
 0 0.6324
 0 0.6324
 0 0.632401
 0 0.632416
 0 0.632416
 0 0.632427
 0 0.632428
 0 0.632428
 0 0.632428
 0 0.632437
 0 0.632437
 0 0.632438
 0 0.632439
 0 0.632468
 0 0.632469
 0 0.6325
 0 0.632501
 0 0.632501
 0 0.632501
 0 0.632502
 0 0.632502
 0 0.632502
 0 0.632503
 0 0.632503
 0 0.632504
 0 0.632513
 0 0.632513
 0 0.632513
 0 0.632514
 0 0.632518
 0 0.63252
 0 0.63252
 0 0.632526
 0 0.632527
 0 0.632541
 0 0.632542
 0 0.632542
 0 0.632542
 0 0.632542
 0 0.632542
 0 0.632543
 0 0.632564
 0 0.632575
 0 0.632576
 0 0.632576
 0 0.63259
 0 0.632597
 0 0.632597
 0 0.632597
 0 0.632603
 0 0.632604
 0 0.632605
 0 0.632608
 0 0.632609
 0 0.63261
 0 0.63261
 0 0.632611
 0 0.632613
 0 0.632613
 0 0.632615
 0 0.632615
 0 0.632616
 0 0.632634
 0 0.632634
 0 0.632634
 0 0.632634
 0 0.632641
 0 0.632653
 0 0.632653
 0 0.632653
 0 0.63266
 0 0.632661
 0 0.632662
 0 0.632664
 0 0.632664
 0 0.632664
 0 0.632665
 0 0.632673
 0 0.632682
 0 0.632682
 0 0.632682
 0 0.632695
 0 0.632696
 0 0.632697
 0 0.632703
 0 0.632704
 0 0.632713
 0 0.632714
 0 0.632716
 0 0.632719
 0 0.632721
 0 0.632731
 0 0.632731
 0 0.632745
 0 0.632745
 0 0.632745
 0 0.632745
 0 0.632752
 0 0.632752
 0 0.632752
 0 0.632753
 0 0.632754
 0 0.632763
 0 0.632763
 0 0.632767
 0 0.632767
 0 0.632769
 0 0.632775
 0 0.632784
 0 0.632785
 0 0.632791
 0 0.632791
 0 0.632792
 0 0.632793
 0 0.632793
 0 0.632794
 0 0.632795
 0 0.632802
 0 0.63282
 0 0.632821
 0 0.632836
 0 0.632837
 0 0.632845
 0 0.632846
 0 0.632857
 0 0.632858
 0 0.632859
 0 0.632862
 0 0.632864
 0 0.632864
 0 0.632866
 0 0.632866
 0 0.632866
 0 0.632868
 0 0.632868
 0 0.632868
 0 0.632868
 0 0.632873
 0 0.632873
 0 0.632873
 0 0.632874
 0 0.632881
 0 0.632883
 0 0.632883
 0 0.632883
 0 0.632883
 0 0.632883
 0 0.632887
 0 0.632888
 0 0.632888
 0 0.632893
 0 0.632893
 0 0.632893
 0 0.632893
 0 0.632902
 0 0.632905
 0 0.632907
 0 0.632907
 0 0.632922
 0 0.632922
 0 0.632922
 0 0.632933
 0 0.632939
 0 0.63294
 0 0.63294
 0 0.632947
 0 0.632949
 0 0.63295
 0 0.632952
 0 0.632955
 0 0.632956
 0 0.632972
 0 0.632977
 0 0.632977
 0 0.632977
 0 0.632987
 0 0.632987
 0 0.633003
 0 0.633006
 0 0.633007
 0 0.633019
 0 0.633019
 0 0.633019
 0 0.633019
 0 0.633023
 0 0.633024
 0 0.633032
 0 0.633037
 0 0.633046
 0 0.633048
 0 0.633049
 0 0.633065
 0 0.633068
 0 0.633068
 0 0.633068
 0 0.633073
 0 0.633073
 0 0.633073
 0 0.633081
 0 0.633081
 0 0.633085
 0 0.633095
 0 0.633095
 0 0.633103
 0 0.633103
 0 0.633107
 0 0.633107
 0 0.633111
 0 0.633135
 0 0.633135
 0 0.633137
 0 0.633151
 0 0.633152
 0 0.633157
 0 0.633159
 0 0.633167
 0 0.633169
 0 0.633169
 0 0.633174
 0 0.633179
 0 0.633182
 0 0.633183
 0 0.633189
 0 0.633189
 0 0.633189
 0 0.633189
 0 0.63319
 0 0.63319
 0 0.63319
 0 0.63319
 0 0.633199
 0 0.633199
 0 0.633206
 0 0.633208
 0 0.633208
 0 0.633209
 0 0.633215
 0 0.633215
 0 0.633216
 0 0.633222
 0 0.633224
 0 0.633224
 0 0.633227
 0 0.633227
 0 0.633228
 0 0.63323
 0 0.633234
 0 0.633251
 0 0.633251
 0 0.633253
 0 0.633253
 0 0.633253
 0 0.633253
 0 0.633254
 0 0.633255
 0 0.633255
 0 0.633256
 0 0.633257
 0 0.633262
 0 0.633263
 0 0.633266
 0 0.633268
 0 0.633268
 0 0.633268
 0 0.633269
 0 0.63327
 0 0.63327
 0 0.633282
 0 0.633284
 0 0.633285
 0 0.633285
 0 0.633287
 0 0.633291
 0 0.633291
 0 0.633291
 0 0.633292
 0 0.633298
 0 0.633298
 0 0.633298
 0 0.633299
 0 0.633299
 0 0.633304
 0 0.633306
 0 0.633309
 0 0.633317
 0 0.633317
 0 0.633318
 0 0.633331
 0 0.633332
 0 0.633332
 0 0.633336
 0 0.633336
 0 0.633338
 0 0.633345
 0 0.633356
 0 0.633357
 0 0.633357
 0 0.633357
 0 0.633361
 0 0.633361
 0 0.633363
 0 0.633364
 0 0.633364
 0 0.633364
 0 0.633365
 0 0.633368
 0 0.633372
 0 0.633372
 0 0.633372
 0 0.633372
 0 0.633372
 0 0.633373
 0 0.633376
 0 0.633376
 0 0.633376
 0 0.633376
 0 0.633376
 0 0.633377
 0 0.633377
 0 0.633377
 0 0.633377
 0 0.633377
 0 0.633377
 0 0.633379
 0 0.63338
 0 0.633385
 0 0.633385
 0 0.633389
 0 0.633391
 0 0.633391
 0 0.633391
 0 0.633391
 0 0.633399
 0 0.633399
 0 0.633399
 0 0.633399
 0 0.633401
 0 0.633401
 0 0.633401
 0 0.633403
 0 0.633403
 0 0.633403
 0 0.633404
 0 0.633405
 0 0.633405
 0 0.633405
 0 0.633405
 0 0.633411
 0 0.633411
 0 0.633411
 0 0.633411
 0 0.633411
 0 0.633413
 0 0.633413
 0 0.63343
 0 0.63343
 0 0.633435
 0 0.633443
 0 0.633443
 0 0.633444
 0 0.633446
 0 0.63345
 0 0.633465
 0 0.633465
 0 0.633465
 0 0.633469
 0 0.633469
 0 0.633469
 0 0.633469
 0 0.633475
 0 0.633475
 0 0.633481
 0 0.633495
 0 0.633495
 0 0.633495
 0 0.633499
 0 0.633508
 0 0.633511
 0 0.633511
 0 0.633511
 0 0.63352
 0 0.63352
 0 0.633523
 0 0.633523
 0 0.633523
 0 0.633524
 0 0.633524
 0 0.633525
 0 0.633526
 0 0.633527
 0 0.633527
 0 0.633528
 0 0.633532
 0 0.633532
 0 0.633544
 0 0.633548
 0 0.633553
 0 0.633555
 0 0.633556
 0 0.633557
 0 0.633557
 0 0.633557
 0 0.633557
 0 0.633561
 0 0.633566
 0 0.633567
 0 0.633569
 0 0.63357
 0 0.633575
 0 0.633577
 0 0.633582
 0 0.633582
 0 0.633583
 0 0.633594
 0 0.633597
 0 0.633597
 0 0.633597
 0 0.633597
 0 0.633597
 0 0.633598
 0 0.633598
 0 0.633604
 0 0.633605
 0 0.633615
 0 0.633615
 0 0.633617
 0 0.633617
 0 0.633617
 0 0.633619
 0 0.63362
 0 0.63362
 0 0.633622
 0 0.633623
 0 0.633629
 0 0.63363
 0 0.633633
 0 0.63364
 0 0.63364
 0 0.63364
 0 0.633643
 0 0.633645
 0 0.633645
 0 0.633646
 0 0.633646
 0 0.633646
 0 0.633646
 0 0.633646
 0 0.633648
 0 0.633651
 0 0.633658
 0 0.633658
 0 0.633672
 0 0.633673
 0 0.633675
 0 0.633679
 0 0.633679
 0 0.633679
 0 0.633684
 0 0.633684
 0 0.633684
 0 0.633689
 0 0.633689
 0 0.63369
 0 0.633703
 0 0.633704
 0 0.633705
 0 0.633705
 0 0.633705
 0 0.633715
 0 0.633716
 0 0.633717
 0 0.633717
 0 0.633717
 0 0.633718
 0 0.633723
 0 0.633723
 0 0.633724
 0 0.633725
 0 0.633727
 0 0.633727
 0 0.633727
 0 0.633727
 0 0.633728
 0 0.633729
 0 0.633729
 0 0.63373
 0 0.633737
 0 0.63374
 0 0.63374
 0 0.633746
 0 0.633746
 0 0.633747
 0 0.633755
 0 0.633755
 0 0.633755
 0 0.633771
 0 0.633771
 0 0.633783
 0 0.633786
 0 0.633787
 0 0.633787
 0 0.63379
 0 0.63379
 0 0.633791
 0 0.633799
 0 0.633799
 0 0.6338
 0 0.6338
 0 0.633811
 0 0.633811
 0 0.633811
 0 0.633812
 0 0.633812
 0 0.633814
 0 0.633814
 0 0.633814
 0 0.633814
 0 0.633817
 0 0.633818
 0 0.633824
 0 0.633825
 0 0.633825
 0 0.633829
 0 0.633829
 0 0.633829
 0 0.633829
 0 0.63383
 0 0.633831
 0 0.633831
 0 0.633831
 0 0.633831
 0 0.633832
 0 0.633833
 0 0.633833
 0 0.633833
 0 0.633833
 0 0.633836
 0 0.633846
 0 0.633846
 0 0.633847
 0 0.633847
 0 0.633847
 0 0.633847
 0 0.633849
 0 0.633866
 0 0.633866
 0 0.633866
 0 0.633875
 0 0.633875
 0 0.633879
 0 0.633879
 0 0.633879
 0 0.633879
 0 0.633881
 0 0.633882
 0 0.633885
 0 0.633885
 0 0.633887
 0 0.633888
 0 0.633888
 0 0.633888
 0 0.633888
 0 0.633889
 0 0.633892
 0 0.633894
 0 0.633895
 0 0.633895
 0 0.633898
 0 0.633898
 0 0.633899
 0 0.633901
 0 0.633901
 0 0.633904
 0 0.633906
 0 0.633906
 0 0.633908
 0 0.63391
 0 0.63391
 0 0.63391
 0 0.63391
 0 0.633912
 0 0.633938
 0 0.633941
 0 0.633942
 0 0.633944
 0 0.633945
 0 0.633948
 0 0.633948
 0 0.633949
 0 0.63395
 0 0.633956
 0 0.63396
 0 0.633961
 0 0.633973
 0 0.633973
 0 0.633973
 0 0.633973
 0 0.633974
 0 0.633979
 0 0.63398
 0 0.63398
 0 0.63398
 0 0.633981
 0 0.633986
 0 0.633986
 0 0.633986
 0 0.633986
 0 0.633987
 0 0.633989
 0 0.63399
 0 0.633992
 0 0.633993
 0 0.633993
 0 0.633994
 0 0.633996
 0 0.633998
 0 0.634001
 0 0.634002
 0 0.634004
 0 0.634004
 0 0.634005
 0 0.634006
 0 0.63401
 0 0.63401
 0 0.634011
 0 0.634019
 0 0.63402
 0 0.634021
 0 0.634022
 0 0.634022
 0 0.634027
 0 0.634027
 0 0.634032
 0 0.634032
 0 0.634036
 0 0.634037
 0 0.634041
 0 0.634041
 0 0.63405
 0 0.634051
 0 0.634051
 0 0.634055
 0 0.634055
 0 0.634056
 0 0.634057
 0 0.634057
 0 0.634058
 0 0.634058
 0 0.634061
 0 0.634061
 0 0.634062
 0 0.634062
 0 0.634064
 0 0.634065
 0 0.634067
 0 0.634067
 0 0.634069
 0 0.63407
 0 0.634073
 0 0.634076
 0 0.634079
 0 0.634084
 0 0.634084
 0 0.634087
 0 0.634087
 0 0.634087
 0 0.634087
 0 0.634087
 0 0.634087
 0 0.634089
 0 0.634089
 0 0.634092
 0 0.634096
 0 0.634096
 0 0.634099
 0 0.634099
 0 0.634099
 0 0.634102
 0 0.634103
 0 0.634104
 0 0.634104
 0 0.634106
 0 0.634106
 0 0.634106
 0 0.634106
 0 0.634106
 0 0.634106
 0 0.634107
 0 0.634113
 0 0.634114
 0 0.634114
 0 0.634114
 0 0.634115
 0 0.634115
 0 0.63412
 0 0.634122
 0 0.634123
 0 0.634123
 0 0.634124
 0 0.634129
 0 0.63413
 0 0.63413
 0 0.63413
 0 0.63413
 0 0.634135
 0 0.634137
 0 0.634137
 0 0.634138
 0 0.634138
 0 0.634138
 0 0.634138
 0 0.634143
 0 0.634143
 0 0.634146
 0 0.634146
 0 0.634146
 0 0.634147
 0 0.634147
 0 0.634147
 0 0.63415
 0 0.634152
 0 0.634152
 0 0.634153
 0 0.634157
 0 0.634158
 0 0.63416
 0 0.634161
 0 0.634162
 0 0.634165
 0 0.634165
 0 0.634165
 0 0.634168
 0 0.634168
 0 0.634169
 0 0.634169
 0 0.634179
 0 0.63418
 0 0.634181
 0 0.634184
 0 0.634184
 0 0.634184
 0 0.634184
 0 0.634185
 0 0.634189
 0 0.634189
 0 0.634189
 0 0.634193
 0 0.634196
 0 0.634197
 0 0.634197
 0 0.634197
 0 0.634198
 0 0.634198
 0 0.634205
 0 0.634206
 0 0.634211
 0 0.634211
 0 0.634211
 0 0.634211
 0 0.634211
 0 0.634212
 0 0.634213
 0 0.634214
 0 0.634215
 0 0.634219
 0 0.634222
 0 0.634222
 0 0.634222
 0 0.634222
 0 0.634223
 0 0.63423
 0 0.634231
 0 0.634235
 0 0.634235
 0 0.634235
 0 0.634235
 0 0.634241
 0 0.634246
 0 0.634246
 0 0.634248
 0 0.634257
 0 0.634257
 0 0.634258
 0 0.634263
 0 0.634263
 0 0.634263
 0 0.634263
 0 0.634263
 0 0.634263
 0 0.634263
 0 0.634264
 0 0.634269
 0 0.634272
 0 0.634273
 0 0.634273
 0 0.634274
 0 0.634275
 0 0.634275
 0 0.634284
 0 0.634289
 0 0.634294
 0 0.634295
 0 0.634296
 0 0.634307
 0 0.634307
 0 0.634307
 0 0.634308
 0 0.634308
 0 0.634308
 0 0.63431
 0 0.634311
 0 0.63432
 0 0.63432
 0 0.634322
 0 0.634322
 0 0.634322
 0 0.634323
 0 0.634323
 0 0.634324
 0 0.634325
 0 0.634325
 0 0.634328
 0 0.634328
 0 0.634328
 0 0.634328
 0 0.634331
 0 0.634333
 0 0.634333
 0 0.634335
 0 0.634338
 0 0.634338
 0 0.634341
 0 0.634341
 0 0.634346
 0 0.634346
 0 0.634352
 0 0.634357
 0 0.634358
 0 0.634358
 0 0.634358
 0 0.634358
 0 0.634358
 0 0.634358
 0 0.634358
 0 0.634364
 0 0.634364
 0 0.634364
 0 0.634368
 0 0.63437
 0 0.634371
 0 0.634371
 0 0.634372
 0 0.634376
 0 0.634379
 0 0.63438
 0 0.63438
 0 0.634386
 0 0.634386
 0 0.634388
 0 0.634389
 0 0.634396
 0 0.634396
 0 0.634404
 0 0.634405
 0 0.634405
 0 0.634411
 0 0.634417
 0 0.634417
 0 0.634419
 0 0.634421
 0 0.634421
 0 0.634422
 0 0.634422
 0 0.634423
 0 0.634425
 0 0.634426
 0 0.634427
 0 0.634427
 0 0.634428
 0 0.634428
 0 0.634436
 0 0.634437
 0 0.634439
 0 0.634443
 0 0.634443
 0 0.634446
 0 0.634446
 0 0.634452
 0 0.634453
 0 0.634453
 0 0.63446
 0 0.634468
 0 0.634468
 0 0.634468
 0 0.634469
 0 0.634469
 0 0.63447
 0 0.634472
 0 0.634477
 0 0.634478
 0 0.634478
 0 0.634479
 0 0.634479
 0 0.634479
 0 0.634482
 0 0.634482
 0 0.634482
 0 0.634483
 0 0.634483
 0 0.634484
 0 0.634485
 0 0.634489
 0 0.634493
 0 0.634496
 0 0.634496
 0 0.634496
 0 0.634497
 0 0.634498
 0 0.634498
 0 0.634498
 0 0.634498
 0 0.634504
 0 0.634504
 0 0.634505
 0 0.634505
 0 0.634505
 0 0.634506
 0 0.634509
 0 0.634509
 0 0.634509
 0 0.634509
 0 0.63451
 0 0.63451
 0 0.634511
 0 0.634511
 0 0.634511
 0 0.634512
 0 0.634519
 0 0.634519
 0 0.63452
 0 0.63452
 0 0.634521
 0 0.634521
 0 0.634521
 0 0.634521
 0 0.634522
 0 0.634522
 0 0.634522
 0 0.634522
 0 0.634522
 0 0.634522
 0 0.634528
 0 0.634531
 0 0.634537
 0 0.634538
 0 0.634538
 0 0.634547
 0 0.634549
 0 0.63455
 0 0.634565
 0 0.634565
 0 0.634566
 0 0.634566
 0 0.634566
 0 0.634569
 0 0.63457
 0 0.634571
 0 0.634572
 0 0.634573
 0 0.634578
 0 0.634578
 0 0.634581
 0 0.634583
 0 0.634583
 0 0.634584
 0 0.634587
 0 0.634587
 0 0.634587
 0 0.634587
 0 0.634589
 0 0.634597
 0 0.634598
 0 0.6346
 0 0.6346
 0 0.63461
 0 0.63461
 0 0.63461
 0 0.634612
 0 0.634615
 0 0.634617
 0 0.634617
 0 0.634618
 0 0.63462
 0 0.634623
 0 0.634623
 0 0.634624
 0 0.634624
 0 0.634624
 0 0.634628
 0 0.634628
 0 0.634628
 0 0.634628
 0 0.634629
 0 0.63464
 0 0.634641
 0 0.634642
 0 0.634647
 0 0.634649
 0 0.634669
 0 0.634669
 0 0.634669
 0 0.63467
 0 0.63467
 0 0.63467
 0 0.634671
 0 0.634672
 0 0.634672
 0 0.634672
 0 0.634673
 0 0.634673
 0 0.634673
 0 0.634674
 0 0.634674
 0 0.634681
 0 0.634685
 0 0.634685
 0 0.634685
 0 0.634685
 0 0.634685
 0 0.634685
 0 0.634687
 0 0.634687
 0 0.634692
 0 0.634692
 0 0.634692
 0 0.634692
 0 0.634692
 0 0.634692
 0 0.634692
 0 0.634693
 0 0.634698
 0 0.6347
 0 0.634705
 0 0.634705
 0 0.634724
 0 0.634724
 0 0.634724
 0 0.634724
 0 0.634726
 0 0.634729
 0 0.634731
 0 0.634731
 0 0.634731
 0 0.634732
 0 0.634732
 0 0.634732
 0 0.634733
 0 0.634733
 0 0.634735
 0 0.634741
 0 0.634741
 0 0.634741
 0 0.634742
 0 0.634743
 0 0.634743
 0 0.634743
 0 0.634744
 0 0.634748
 0 0.634749
 0 0.634751
 0 0.634762
 0 0.634762
 0 0.634767
 0 0.634772
 0 0.634772
 0 0.634773
 0 0.634777
 0 0.634785
 0 0.634785
 0 0.634786
 0 0.634786
 0 0.634792
 0 0.634792
 0 0.634792
 0 0.634805
 0 0.634805
 0 0.634806
 0 0.634807
 0 0.634807
 0 0.634809
 0 0.634817
 0 0.634823
 0 0.634823
 0 0.634826
 0 0.63483
 0 0.634831
 0 0.634831
 0 0.634831
 0 0.634833
 0 0.634833
 0 0.634837
 0 0.634838
 0 0.634842
 0 0.634844
 0 0.634845
 0 0.634851
 0 0.634852
 0 0.634852
 0 0.634852
 0 0.634858
 0 0.63486
 0 0.634862
 0 0.634862
 0 0.634871
 0 0.634872
 0 0.634881
 0 0.634881
 0 0.634881
 0 0.634894
 0 0.634894
 0 0.634896
 0 0.634896
 0 0.634897
 0 0.634897
 0 0.634897
 0 0.634902
 0 0.634903
 0 0.634905
 0 0.634906
 0 0.634906
 0 0.634907
 0 0.634907
 0 0.63491
 0 0.634912
 0 0.634914
 0 0.634915
 0 0.634923
 0 0.634925
 0 0.634926
 0 0.634929
 0 0.634929
 0 0.634931
 0 0.634931
 0 0.634934
 0 0.634935
 0 0.634944
 0 0.634945
 0 0.634947
 0 0.634948
 0 0.634949
 0 0.634953
 0 0.634965
 0 0.634965
 0 0.634974
 0 0.634975
 0 0.634992
 0 0.635001
 0 0.635003
 0 0.635003
 0 0.635006
 0 0.635006
 0 0.635007
 0 0.635008
 0 0.635009
 0 0.63501
 0 0.63501
 0 0.635011
 0 0.635013
 0 0.635013
 0 0.635032
 0 0.635033
 0 0.635035
 0 0.635035
 0 0.635035
 0 0.635037
 0 0.635039
 0 0.635041
 0 0.635041
 0 0.635041
 0 0.635041
 0 0.635042
 0 0.635043
 0 0.63505
 0 0.635051
 0 0.635055
 0 0.635055
 0 0.635056
 0 0.63506
 0 0.63506
 0 0.63506
 0 0.63506
 0 0.635076
 0 0.635077
 0 0.635077
 0 0.635078
 0 0.635078
 0 0.635079
 0 0.635079
 0 0.635082
 0 0.635082
 0 0.635082
 0 0.635086
 0 0.635086
 0 0.635086
 0 0.635088
 0 0.635098
 0 0.635105
 0 0.635105
 0 0.635108
 0 0.635108
 0 0.63511
 0 0.63511
 0 0.635112
 0 0.635112
 0 0.635121
 0 0.635123
 0 0.635123
 0 0.635124
 0 0.635127
 0 0.635133
 0 0.635134
 0 0.635134
 0 0.635138
 0 0.635138
 0 0.635144
 0 0.635152
 0 0.635154
 0 0.635154
 0 0.635154
 0 0.635155
 0 0.635155
 0 0.635156
 0 0.635156
 0 0.635156
 0 0.635157
 0 0.635157
 0 0.635157
 0 0.635158
 0 0.635159
 0 0.635159
 0 0.635159
 0 0.635165
 0 0.635166
 0 0.635166
 0 0.635172
 0 0.635173
 0 0.635173
 0 0.635173
 0 0.635173
 0 0.635177
 0 0.635177
 0 0.635179
 0 0.635186
 0 0.635198
 0 0.6352
 0 0.635201
 0 0.635202
 0 0.635203
 0 0.635204
 0 0.635204
 0 0.635209
 0 0.63521
 0 0.635212
 0 0.635213
 0 0.635222
 0 0.635224
 0 0.635228
 0 0.635228
 0 0.635236
 0 0.635236
 0 0.635236
 0 0.635237
 0 0.63525
 0 0.635251
 0 0.635251
 0 0.635258
 0 0.635258
 0 0.63526
 0 0.63526
 0 0.63526
 0 0.635266
 0 0.635269
 0 0.635272
 0 0.635284
 0 0.635286
 0 0.635286
 0 0.635287
 0 0.635287
 0 0.635291
 0 0.635291
 0 0.635296
 0 0.635296
 0 0.635296
 0 0.635296
 0 0.635322
 0 0.63533
 0 0.63533
 0 0.635331
 0 0.635353
 0 0.635353
 0 0.635363
 0 0.635388
 0 0.635388
 0 0.635391
 0 0.635391
 0 0.635397
 0 0.635397
 0 0.635398
 0 0.635398
 0 0.635398
 0 0.6354
 0 0.6354
 0 0.635401
 0 0.635401
 0 0.635409
 0 0.635409
 0 0.635418
 0 0.635419
 0 0.63542
 0 0.635425
 0 0.635426
 0 0.635428
 0 0.635428
 0 0.635429
 0 0.635437
 0 0.635438
 0 0.635438
 0 0.63544
 0 0.635464
 0 0.635464
 0 0.635465
 0 0.635467
 0 0.635467
 0 0.635467
 0 0.635468
 0 0.635468
 0 0.635468
 0 0.635468
 0 0.635468
 0 0.635471
 0 0.635487
 0 0.635488
 0 0.635488
 0 0.635488
 0 0.635494
 0 0.635501
 0 0.635501
 0 0.63553
 0 0.635532
 0 0.63557
 0 0.635578
 0 0.635579
 0 0.635585
 0 0.635587
 0 0.635592
 0 0.635592
 0 0.635592
 0 0.635598
 0 0.635599
 0 0.6356
 0 0.6356
 0 0.635601
 0 0.63561
 0 0.63561
 0 0.635611
 0 0.635611
 0 0.635611
 0 0.635631
 0 0.635634
 0 0.635637
 0 0.635644
 0 0.635644
 0 0.635678
 0 0.635682
 0 0.635703
 0 0.635703
 0 0.635704
 0 0.635704
 0 0.635705
 0 0.635706
 0 0.635709
 0 0.635711
 0 0.635711
 0 0.635711
 0 0.635714
 0 0.635756
 0 0.635767
 0 0.635779
 0 0.635827
 0 0.635828
 0 0.635828
 0 0.635831
 0 0.635832
 0 0.635833
 0 0.635834
 0 0.635835
 0 0.635843
 0 0.635908
 0 0.635913
 0 0.635926
 0 0.635926
 0 0.635926
 0 0.635926
 0 0.635926
 0 0.63595
 0 0.63595
 0 0.63595
 0 0.635969
 0 0.635996
 0 0.636033
 0 0.636034
 0 0.63604
 0 0.63606
 0 0.636098
 0 0.636143
 0 0.63619
 0 0.636195
 0 0.636195
 0 0.636195
 0 0.636324
 0 0.636329
 0 0.636361
 0 0.636361
 0 0.636361
 0 0.636361
 0 0.636364
 0 0.636366
 0 0.636366
 0 0.63638
 0 0.636447
 0 0.636447
 0 0.636521
 0 0.636524
 0 0.636524
 0 0.636527
 0 0.636527
 0 0.636576
 0 0.636579
 0 0.636583
 0 0.636601
 0 0.636601
 0 0.636636
 0 0.636636
 0 0.636636
 0 0.636674
 0 0.636706
 0 0.636706
 0 0.636707
 0 0.636708
 0 0.636708
 0 0.636709
 0 0.636771
 0 0.636772
 0 0.636878
 0 0.636878
 0 0.637038
 0 0.637038
 0 0.63708
 0 0.63708
 0 0.637081
 0 0.63717
 0 0.637221
 0 0.637327
 0 0.637393
 0 0.637434
 0 0.637451
 0 0.637451
 0 0.637496
 0 0.637641
 0 0.637642
 0 0.637648
 0 0.637836
 0 0.637836
 0 0.637838
 0 0.637838
 0 0.637916
 0 0.637967
 0 0.63797
 0 0.63797
 0 0.638013
 0 0.638061
 0 0.638064
 0 0.638064
 0 0.638064
 0 0.638065
 0 0.638065
 0 0.638148
 0 0.63815
 0 0.638293
 0 0.63836
 0 0.638362
 0 0.638506
 0 0.638514
 0 0.638526
 0 0.638568
 0 0.638568
 0 0.638568
 0 0.638627
 0 0.638644
 0 0.638645
 0 0.638693
 0 0.638695
 0 0.638779
 0 0.638843
 0 0.638844
 0 0.638844
 0 0.638845
 0 0.638845
 0 0.638927
 0 0.638927
 0 0.639164
 0 0.639168
 0 0.639168
 0 0.639168
 0 0.639237
 0 0.639238
 0 0.639397
 0 0.639469
 0 0.63951
 0 0.639511
 0 0.639991
 0 0.639998
 0 0.640085
 0 0.640085
 0 0.640085
 0 0.640086
 0 0.640469
 0 0.64047
 0 0.640648
 0 0.640648
 0 0.640706
 0 0.640709
 0 0.640716
 0 0.641016
 0 0.641016
 0 0.641032
 0 0.641094
 0 0.641272
 0 0.641414
 0 0.6418
 0 0.6418
 0 0.641848
 0 0.64205
 0 0.64205
 0 0.64205
 0 0.642051
 0 0.642277
 0 0.642277
 0 0.643402
 0 0.643403
 0 3.23391
 0 3.23391
 0 3.23391
 0 3.23393
 0 3.23478
 0 3.23478
 0 inf
