 0 0.489244
 0 0.489245
 0 0.489463
 0 0.489463
 0 0.489684
 0 0.489901
 0 0.491889
 0 0.491889
 0 0.491913
 0 0.492383
 0 0.492821
 0 0.492821
 0 0.618671
 0 0.618673
 0 0.619051
 0 0.619051
 0 0.619053
 0 0.619053
 0 0.620271
 0 0.620271
 0 0.620271
 0 0.620273
 0 0.620273
 0 0.620525
 0 0.6236
 0 0.6236
 0 0.623875
 0 0.623875
 0 0.623875
 0 0.623875
 0 0.623875
 0 0.624944
 0 0.625023
 0 0.625024
 0 0.625024
 0 0.625024
 0 0.625468
 0 0.625468
 0 0.625468
 0 0.625468
 0 0.625468
 0 0.625626
 0 0.625626
 0 0.62589
 0 0.625915
 0 0.625915
 0 0.625991
 0 0.625991
 0 0.626059
 0 0.626059
 0 0.626069
 0 0.62611
 0 0.626176
 0 0.626176
 0 0.626293
 0 0.626294
 0 0.626327
 0 0.626327
 0 0.62634
 0 0.62634
 0 0.626342
 0 0.626444
 0 0.626478
 0 0.626479
 0 0.626554
 0 0.626554
 0 0.626586
 0 0.626671
 0 0.626859
 0 0.626861
 0 0.626861
 0 0.626882
 0 0.626956
 0 0.626969
 0 0.627023
 0 0.627023
 0 0.627024
 0 0.627063
 0 0.627064
 0 0.627064
 0 0.6271
 0 0.627136
 0 0.627147
 0 0.627167
 0 0.627167
 0 0.627224
 0 0.627262
 0 0.627263
 0 0.627263
 0 0.627348
 0 0.627348
 0 0.627348
 0 0.627348
 0 0.627348
 0 0.627449
 0 0.62745
 0 0.6276
 0 0.6276
 0 0.6276
 0 0.627601
 0 0.627601
 0 0.627601
 0 0.627653
 0 0.627654
 0 0.627674
 0 0.627683
 0 0.627737
 0 0.62774
 0 0.627745
 0 0.627745
 0 0.627901
 0 0.627901
 0 0.627934
 0 0.627935
 0 0.62797
 0 0.627992
 0 0.628115
 0 0.628116
 0 0.628117
 0 0.628195
 0 0.628213
 0 0.628214
 0 0.628215
 0 0.62829
 0 0.628291
 0 0.628355
 0 0.628434
 0 0.628435
 0 0.628436
 0 0.628491
 0 0.628491
 0 0.628491
 0 0.628492
 0 0.628498
 0 0.628498
 0 0.628499
 0 0.628516
 0 0.628516
 0 0.628516
 0 0.628516
 0 0.628519
 0 0.628624
 0 0.628624
 0 0.628624
 0 0.628625
 0 0.628669
 0 0.62867
 0 0.628671
 0 0.628674
 0 0.628716
 0 0.628771
 0 0.628772
 0 0.628772
 0 0.628777
 0 0.628777
 0 0.628807
 0 0.628823
 0 0.628824
 0 0.628915
 0 0.628919
 0 0.628961
 0 0.628963
 0 0.629099
 0 0.629099
 0 0.629101
 0 0.629134
 0 0.629134
 0 0.629191
 0 0.629203
 0 0.629203
 0 0.629203
 0 0.629232
 0 0.629233
 0 0.629309
 0 0.629315
 0 0.629352
 0 0.62939
 0 0.62939
 0 0.62939
 0 0.629391
 0 0.62952
 0 0.629521
 0 0.629521
 0 0.629522
 0 0.629529
 0 0.629533
 0 0.629604
 0 0.629629
 0 0.62963
 0 0.62963
 0 0.629639
 0 0.62964
 0 0.629671
 0 0.629672
 0 0.629743
 0 0.629743
 0 0.629743
 0 0.629744
 0 0.629746
 0 0.629747
 0 0.629749
 0 0.629763
 0 0.629764
 0 0.629782
 0 0.629782
 0 0.629829
 0 0.629836
 0 0.629836
 0 0.62984
 0 0.62984
 0 0.62984
 0 0.62987
 0 0.629871
 0 0.629887
 0 0.629903
 0 0.629903
 0 0.629904
 0 0.629904
 0 0.629905
 0 0.629914
 0 0.629914
 0 0.629914
 0 0.629914
 0 0.629937
 0 0.629937
 0 0.629937
 0 0.629943
 0 0.629943
 0 0.629944
 0 0.629944
 0 0.629976
 0 0.629976
 0 0.629976
 0 0.629994
 0 0.629995
 0 0.629995
 0 0.630051
 0 0.630097
 0 0.630097
 0 0.6301
 0 0.630127
 0 0.630128
 0 0.630128
 0 0.630139
 0 0.630139
 0 0.63014
 0 0.630141
 0 0.630147
 0 0.630148
 0 0.630159
 0 0.63016
 0 0.630177
 0 0.630183
 0 0.630183
 0 0.630183
 0 0.630185
 0 0.630243
 0 0.630243
 0 0.630244
 0 0.630245
 0 0.630245
 0 0.630279
 0 0.630286
 0 0.630287
 0 0.630308
 0 0.630308
 0 0.630308
 0 0.630321
 0 0.630348
 0 0.630366
 0 0.630366
 0 0.630384
 0 0.630385
 0 0.630385
 0 0.630408
 0 0.630413
 0 0.630414
 0 0.630431
 0 0.630468
 0 0.630468
 0 0.630468
 0 0.63048
 0 0.63048
 0 0.630481
 0 0.630486
 0 0.630487
 0 0.63049
 0 0.63049
 0 0.630497
 0 0.630499
 0 0.630537
 0 0.630538
 0 0.630557
 0 0.630557
 0 0.630557
 0 0.630578
 0 0.630578
 0 0.630598
 0 0.630611
 0 0.630613
 0 0.630613
 0 0.630636
 0 0.630639
 0 0.630639
 0 0.63064
 0 0.63064
 0 0.63064
 0 0.630641
 0 0.630641
 0 0.630641
 0 0.630641
 0 0.630653
 0 0.630657
 0 0.630659
 0 0.630659
 0 0.630659
 0 0.630678
 0 0.63069
 0 0.630697
 0 0.630697
 0 0.630719
 0 0.630752
 0 0.630752
 0 0.630753
 0 0.630753
 0 0.630754
 0 0.630755
 0 0.630762
 0 0.630787
 0 0.630788
 0 0.630824
 0 0.630825
 0 0.630832
 0 0.630832
 0 0.630833
 0 0.630837
 0 0.630837
 0 0.630868
 0 0.630879
 0 0.63088
 0 0.63088
 0 0.630887
 0 0.630888
 0 0.630898
 0 0.630899
 0 0.630899
 0 0.630899
 0 0.6309
 0 0.630906
 0 0.630914
 0 0.630914
 0 0.630916
 0 0.630918
 0 0.630925
 0 0.63093
 0 0.630932
 0 0.630936
 0 0.630942
 0 0.630953
 0 0.630953
 0 0.630953
 0 0.630955
 0 0.630957
 0 0.630957
 0 0.630959
 0 0.630959
 0 0.630964
 0 0.630964
 0 0.630975
 0 0.630975
 0 0.630976
 0 0.630976
 0 0.631003
 0 0.631055
 0 0.631084
 0 0.631084
 0 0.631084
 0 0.631084
 0 0.631085
 0 0.631092
 0 0.631094
 0 0.631094
 0 0.631116
 0 0.631121
 0 0.631129
 0 0.631143
 0 0.631144
 0 0.631144
 0 0.631153
 0 0.631153
 0 0.631153
 0 0.631153
 0 0.631155
 0 0.631168
 0 0.631168
 0 0.631168
 0 0.63117
 0 0.63117
 0 0.631184
 0 0.631184
 0 0.631184
 0 0.631219
 0 0.631249
 0 0.631249
 0 0.631271
 0 0.631271
 0 0.631294
 0 0.631305
 0 0.631305
 0 0.631305
 0 0.631307
 0 0.631307
 0 0.631308
 0 0.631308
 0 0.631309
 0 0.631341
 0 0.631349
 0 0.63135
 0 0.63135
 0 0.631378
 0 0.631378
 0 0.631394
 0 0.631394
 0 0.631408
 0 0.631409
 0 0.631426
 0 0.631426
 0 0.631426
 0 0.631431
 0 0.631434
 0 0.631434
 0 0.63144
 0 0.631441
 0 0.631441
 0 0.631444
 0 0.631445
 0 0.631452
 0 0.631453
 0 0.631453
 0 0.631468
 0 0.631483
 0 0.631483
 0 0.631519
 0 0.631536
 0 0.631536
 0 0.631551
 0 0.631552
 0 0.631553
 0 0.631575
 0 0.631586
 0 0.631598
 0 0.631606
 0 0.631606
 0 0.631609
 0 0.63161
 0 0.63161
 0 0.631616
 0 0.631616
 0 0.631617
 0 0.631622
 0 0.631622
 0 0.631643
 0 0.631643
 0 0.631646
 0 0.631648
 0 0.631649
 0 0.631649
 0 0.631649
 0 0.631692
 0 0.631692
 0 0.631696
 0 0.631697
 0 0.631698
 0 0.631702
 0 0.631722
 0 0.631722
 0 0.631723
 0 0.63173
 0 0.631752
 0 0.631753
 0 0.631753
 0 0.631764
 0 0.631767
 0 0.631777
 0 0.631777
 0 0.631779
 0 0.631781
 0 0.631799
 0 0.631799
 0 0.631812
 0 0.631812
 0 0.631812
 0 0.631817
 0 0.631826
 0 0.631827
 0 0.63183
 0 0.631831
 0 0.631831
 0 0.631839
 0 0.63184
 0 0.631842
 0 0.631849
 0 0.631849
 0 0.63185
 0 0.63185
 0 0.63188
 0 0.63188
 0 0.63188
 0 0.631881
 0 0.631881
 0 0.631881
 0 0.631882
 0 0.631933
 0 0.631938
 0 0.631956
 0 0.631963
 0 0.631971
 0 0.631971
 0 0.631972
 0 0.631988
 0 0.631988
 0 0.631989
 0 0.631989
 0 0.63199
 0 0.63199
 0 0.632007
 0 0.632008
 0 0.63201
 0 0.63201
 0 0.63201
 0 0.63201
 0 0.63201
 0 0.63201
 0 0.632011
 0 0.632013
 0 0.632029
 0 0.632034
 0 0.632034
 0 0.632034
 0 0.632034
 0 0.632034
 0 0.632034
 0 0.632034
 0 0.63204
 0 0.632041
 0 0.632041
 0 0.632041
 0 0.632041
 0 0.632048
 0 0.632049
 0 0.632049
 0 0.632054
 0 0.632056
 0 0.632058
 0 0.632058
 0 0.63213
 0 0.632162
 0 0.632162
 0 0.632162
 0 0.632162
 0 0.632162
 0 0.632162
 0 0.632187
 0 0.632198
 0 0.6322
 0 0.6322
 0 0.632204
 0 0.632219
 0 0.632231
 0 0.632231
 0 0.632247
 0 0.632255
 0 0.632256
 0 0.632256
 0 0.632259
 0 0.632259
 0 0.632259
 0 0.63226
 0 0.632285
 0 0.632286
 0 0.632286
 0 0.632298
 0 0.632298
 0 0.632298
 0 0.632317
 0 0.632317
 0 0.632318
 0 0.632318
 0 0.632318
 0 0.63232
 0 0.63232
 0 0.632324
 0 0.632337
 0 0.632337
 0 0.632337
 0 0.632356
 0 0.632357
 0 0.632358
 0 0.632358
 0 0.632364
 0 0.632364
 0 0.632368
 0 0.632368
 0 0.632368
 0 0.632368
 0 0.63237
 0 0.632381
 0 0.632382
 0 0.632395
 0 0.632395
 0 0.632398
 0 0.632398
 0 0.632399
 0 0.632411
 0 0.632411
 0 0.632411
 0 0.632412
 0 0.632414
 0 0.632439
 0 0.63244
 0 0.63244
 0 0.632441
 0 0.632441
 0 0.632473
 0 0.632484
 0 0.632488
 0 0.632488
 0 0.632488
 0 0.632504
 0 0.632504
 0 0.632505
 0 0.632505
 0 0.632514
 0 0.632514
 0 0.632514
 0 0.632514
 0 0.632526
 0 0.632526
 0 0.632577
 0 0.632577
 0 0.632588
 0 0.632603
 0 0.632629
 0 0.632634
 0 0.632653
 0 0.632653
 0 0.632668
 0 0.632668
 0 0.632669
 0 0.63267
 0 0.632675
 0 0.632675
 0 0.632675
 0 0.632697
 0 0.632703
 0 0.632719
 0 0.63272
 0 0.63272
 0 0.63274
 0 0.632804
 0 0.632806
 0 0.632808
 0 0.632808
 0 0.632808
 0 0.632809
 0 0.63281
 0 0.63281
 0 0.632825
 0 0.632825
 0 0.63283
 0 0.63285
 0 0.63285
 0 0.632864
 0 0.632865
 0 0.632867
 0 0.632867
 0 0.632867
 0 0.632867
 0 0.632871
 0 0.632871
 0 0.632893
 0 0.632903
 0 0.632907
 0 0.632914
 0 0.632915
 0 0.632937
 0 0.632953
 0 0.632953
 0 0.632955
 0 0.632957
 0 0.632994
 0 0.633
 0 0.633
 0 0.633
 0 0.633002
 0 0.633003
 0 0.633006
 0 0.633008
 0 0.633012
 0 0.633012
 0 0.633013
 0 0.633013
 0 0.633013
 0 0.633029
 0 0.633052
 0 0.633078
 0 0.633098
 0 0.633098
 0 0.633099
 0 0.633099
 0 0.633099
 0 0.633105
 0 0.63313
 0 0.63313
 0 0.633137
 0 0.633178
 0 0.633178
 0 0.633178
 0 0.633183
 0 0.633183
 0 0.633185
 0 0.633185
 0 0.633185
 0 0.633185
 0 0.633196
 0 0.633196
 0 0.633196
 0 0.633218
 0 0.633243
 0 0.633243
 0 0.633243
 0 0.633244
 0 0.633256
 0 0.633259
 0 0.633273
 0 0.633273
 0 0.633274
 0 0.633276
 0 0.633286
 0 0.633293
 0 0.633293
 0 0.633306
 0 0.633314
 0 0.633316
 0 0.633328
 0 0.633329
 0 0.63333
 0 0.633339
 0 0.633339
 0 0.633342
 0 0.633342
 0 0.633346
 0 0.63335
 0 0.63335
 0 0.633366
 0 0.633367
 0 0.633401
 0 0.633404
 0 0.633404
 0 0.633406
 0 0.633406
 0 0.633406
 0 0.633406
 0 0.633406
 0 0.633406
 0 0.633407
 0 0.633407
 0 0.633407
 0 0.633408
 0 0.633415
 0 0.633415
 0 0.633454
 0 0.633457
 0 0.633457
 0 0.633468
 0 0.633469
 0 0.633498
 0 0.633498
 0 0.633508
 0 0.633509
 0 0.633509
 0 0.633509
 0 0.633524
 0 0.633524
 0 0.633524
 0 0.633524
 0 0.633534
 0 0.633546
 0 0.633546
 0 0.63355
 0 0.633551
 0 0.633554
 0 0.633554
 0 0.633554
 0 0.633569
 0 0.633588
 0 0.633601
 0 0.633602
 0 0.633625
 0 0.633627
 0 0.633639
 0 0.63366
 0 0.63366
 0 0.633661
 0 0.633661
 0 0.633661
 0 0.633672
 0 0.633673
 0 0.633673
 0 0.633673
 0 0.633673
 0 0.633673
 0 0.633686
 0 0.633686
 0 0.633688
 0 0.633688
 0 0.633688
 0 0.633688
 0 0.633688
 0 0.633689
 0 0.63369
 0 0.633691
 0 0.633694
 0 0.633699
 0 0.633699
 0 0.633699
 0 0.633707
 0 0.633707
 0 0.633708
 0 0.633723
 0 0.633729
 0 0.633733
 0 0.633737
 0 0.633737
 0 0.633746
 0 0.633746
 0 0.633766
 0 0.633766
 0 0.633774
 0 0.633774
 0 0.633774
 0 0.633782
 0 0.633821
 0 0.633823
 0 0.633823
 0 0.633824
 0 0.63383
 0 0.633834
 0 0.633834
 0 0.633836
 0 0.633836
 0 0.633837
 0 0.633837
 0 0.633837
 0 0.633838
 0 0.633843
 0 0.633859
 0 0.633859
 0 0.63386
 0 0.63387
 0 0.633872
 0 0.633872
 0 0.63388
 0 0.63388
 0 0.633891
 0 0.633922
 0 0.633924
 0 0.633924
 0 0.633957
 0 0.633967
 0 0.633968
 0 0.63397
 0 0.63397
 0 0.633995
 0 0.633995
 0 0.634005
 0 0.634005
 0 0.634006
 0 0.63401
 0 0.63401
 0 0.634026
 0 0.634026
 0 0.634026
 0 0.634028
 0 0.634036
 0 0.634039
 0 0.634039
 0 0.634039
 0 0.634039
 0 0.634039
 0 0.634048
 0 0.634061
 0 0.634062
 0 0.634062
 0 0.634064
 0 0.634093
 0 0.634093
 0 0.634093
 0 0.634115
 0 0.634115
 0 0.634125
 0 0.634125
 0 0.634131
 0 0.634131
 0 0.634131
 0 0.634133
 0 0.634134
 0 0.634135
 0 0.634137
 0 0.634189
 0 0.634194
 0 0.634194
 0 0.634194
 0 0.634209
 0 0.634209
 0 0.634216
 0 0.634264
 0 0.634307
 0 0.634307
 0 0.634308
 0 0.634308
 0 0.634308
 0 0.634316
 0 0.634316
 0 0.634359
 0 0.634359
 0 0.634368
 0 0.634369
 0 0.63437
 0 0.63437
 0 0.634376
 0 0.634393
 0 0.634394
 0 0.634434
 0 0.634435
 0 0.634436
 0 0.634437
 0 0.634443
 0 0.634443
 0 0.634444
 0 0.634444
 0 0.634475
 0 0.634475
 0 0.634508
 0 0.634508
 0 0.634519
 0 0.634522
 0 0.634524
 0 0.634527
 0 0.634527
 0 0.634527
 0 0.634528
 0 0.634528
 0 0.634528
 0 0.634528
 0 0.634532
 0 0.634534
 0 0.634555
 0 0.634556
 0 0.634559
 0 0.634569
 0 0.634573
 0 0.634585
 0 0.634613
 0 0.634613
 0 0.634613
 0 0.634613
 0 0.634624
 0 0.634626
 0 0.634626
 0 0.634632
 0 0.634647
 0 0.634656
 0 0.63466
 0 0.63466
 0 0.63466
 0 0.634668
 0 0.634682
 0 0.634691
 0 0.634692
 0 0.634743
 0 0.634743
 0 0.634744
 0 0.634746
 0 0.634748
 0 0.634748
 0 0.634748
 0 0.634749
 0 0.634772
 0 0.634786
 0 0.634786
 0 0.634793
 0 0.634793
 0 0.634798
 0 0.634798
 0 0.634812
 0 0.634812
 0 0.634812
 0 0.634812
 0 0.634815
 0 0.634827
 0 0.634827
 0 0.634827
 0 0.634827
 0 0.634827
 0 0.634827
 0 0.634828
 0 0.634834
 0 0.634837
 0 0.634843
 0 0.634852
 0 0.634856
 0 0.634856
 0 0.634856
 0 0.634856
 0 0.634858
 0 0.634867
 0 0.634892
 0 0.634892
 0 0.634892
 0 0.634893
 0 0.634897
 0 0.634897
 0 0.634898
 0 0.634898
 0 0.634919
 0 0.634919
 0 0.634941
 0 0.634941
 0 0.634946
 0 0.634961
 0 0.634962
 0 0.634966
 0 0.634966
 0 0.634969
 0 0.634995
 0 0.634995
 0 0.634995
 0 0.634995
 0 0.634995
 0 0.635008
 0 0.635038
 0 0.635039
 0 0.635039
 0 0.635039
 0 0.635039
 0 0.635039
 0 0.635043
 0 0.635043
 0 0.635043
 0 0.635045
 0 0.635045
 0 0.635046
 0 0.635046
 0 0.63505
 0 0.63505
 0 0.63505
 0 0.63505
 0 0.635055
 0 0.635056
 0 0.635057
 0 0.635058
 0 0.635058
 0 0.635058
 0 0.63506
 0 0.635062
 0 0.635062
 0 0.635079
 0 0.635092
 0 0.635093
 0 0.635097
 0 0.635097
 0 0.635097
 0 0.635098
 0 0.635099
 0 0.635108
 0 0.635109
 0 0.63512
 0 0.63512
 0 0.635133
 0 0.635133
 0 0.63518
 0 0.635192
 0 0.635205
 0 0.635206
 0 0.635206
 0 0.635206
 0 0.635206
 0 0.635215
 0 0.635217
 0 0.635224
 0 0.635224
 0 0.635224
 0 0.635227
 0 0.635228
 0 0.635228
 0 0.635236
 0 0.635237
 0 0.635237
 0 0.635237
 0 0.635243
 0 0.635273
 0 0.635273
 0 0.635281
 0 0.635281
 0 0.635305
 0 0.635315
 0 0.635315
 0 0.635315
 0 0.635347
 0 0.635357
 0 0.635366
 0 0.635367
 0 0.635367
 0 0.635376
 0 0.635381
 0 0.635381
 0 0.635398
 0 0.635398
 0 0.635429
 0 0.635443
 0 0.635444
 0 0.635449
 0 0.635449
 0 0.635449
 0 0.635453
 0 0.635454
 0 0.63547
 0 0.63547
 0 0.63547
 0 0.635498
 0 0.635498
 0 0.635498
 0 0.635505
 0 0.635505
 0 0.635505
 0 0.63551
 0 0.63553
 0 0.635531
 0 0.635531
 0 0.635532
 0 0.635532
 0 0.635532
 0 0.635533
 0 0.635534
 0 0.635549
 0 0.635551
 0 0.635568
 0 0.635611
 0 0.635611
 0 0.635611
 0 0.635611
 0 0.635613
 0 0.635613
 0 0.635615
 0 0.635616
 0 0.635617
 0 0.635651
 0 0.635651
 0 0.635651
 0 0.635664
 0 0.635679
 0 0.63568
 0 0.635682
 0 0.635682
 0 0.635684
 0 0.635691
 0 0.635696
 0 0.6357
 0 0.635701
 0 0.635739
 0 0.635739
 0 0.635744
 0 0.635744
 0 0.635747
 0 0.635747
 0 0.635749
 0 0.63575
 0 0.635779
 0 0.635805
 0 0.635805
 0 0.635812
 0 0.635812
 0 0.635812
 0 0.635813
 0 0.635814
 0 0.635837
 0 0.63584
 0 0.635851
 0 0.635898
 0 0.635901
 0 0.635901
 0 0.635901
 0 0.635927
 0 0.635928
 0 0.635929
 0 0.635929
 0 0.635929
 0 0.63593
 0 0.635932
 0 0.635945
 0 0.635949
 0 0.635955
 0 0.635955
 0 0.635964
 0 0.635964
 0 0.635977
 0 0.635982
 0 0.635986
 0 0.635986
 0 0.635986
 0 0.635999
 0 0.636004
 0 0.636034
 0 0.636034
 0 0.636051
 0 0.636065
 0 0.636066
 0 0.636091
 0 0.636128
 0 0.636151
 0 0.636157
 0 0.636157
 0 0.636158
 0 0.63618
 0 0.636185
 0 0.636186
 0 0.636191
 0 0.636191
 0 0.636192
 0 0.636193
 0 0.636201
 0 0.636202
 0 0.636211
 0 0.636213
 0 0.636256
 0 0.636256
 0 0.636257
 0 0.636259
 0 0.636259
 0 0.636259
 0 0.636259
 0 0.636277
 0 0.636277
 0 0.636278
 0 0.636278
 0 0.636299
 0 0.636299
 0 0.636299
 0 0.636321
 0 0.636321
 0 0.636325
 0 0.636325
 0 0.636325
 0 0.63633
 0 0.63633
 0 0.636331
 0 0.636336
 0 0.636337
 0 0.636356
 0 0.636356
 0 0.636356
 0 0.636382
 0 0.636398
 0 0.636398
 0 0.6364
 0 0.636401
 0 0.636401
 0 0.636456
 0 0.636467
 0 0.636467
 0 0.636467
 0 0.636468
 0 0.636471
 0 0.636471
 0 0.636472
 0 0.636482
 0 0.636482
 0 0.636483
 0 0.636491
 0 0.636491
 0 0.636491
 0 0.636491
 0 0.636494
 0 0.636495
 0 0.636495
 0 0.636499
 0 0.63652
 0 0.636549
 0 0.636549
 0 0.636569
 0 0.63657
 0 0.63657
 0 0.63658
 0 0.636589
 0 0.636599
 0 0.6366
 0 0.636609
 0 0.636611
 0 0.636614
 0 0.636626
 0 0.636635
 0 0.636636
 0 0.636644
 0 0.636653
 0 0.636654
 0 0.636655
 0 0.636656
 0 0.636693
 0 0.636693
 0 0.636699
 0 0.636699
 0 0.636699
 0 0.636699
 0 0.636699
 0 0.636699
 0 0.636711
 0 0.636718
 0 0.636719
 0 0.63672
 0 0.636724
 0 0.636724
 0 0.636728
 0 0.636728
 0 0.636728
 0 0.636728
 0 0.636737
 0 0.636742
 0 0.636743
 0 0.636743
 0 0.636758
 0 0.636758
 0 0.636758
 0 0.636841
 0 0.636876
 0 0.636966
 0 0.636996
 0 0.636996
 0 0.637011
 0 0.63702
 0 0.63702
 0 0.63702
 0 0.637034
 0 0.637052
 0 0.637058
 0 0.637058
 0 0.63707
 0 0.63707
 0 0.637088
 0 0.637094
 0 0.637094
 0 0.637126
 0 0.637158
 0 0.637183
 0 0.637186
 0 0.637188
 0 0.637188
 0 0.637192
 0 0.637192
 0 0.637193
 0 0.637193
 0 0.637213
 0 0.637214
 0 0.63722
 0 0.63722
 0 0.63722
 0 0.63722
 0 0.637227
 0 0.637227
 0 0.637227
 0 0.637233
 0 0.637233
 0 0.637233
 0 0.637234
 0 0.637239
 0 0.637239
 0 0.637239
 0 0.637239
 0 0.637239
 0 0.637251
 0 0.637251
 0 0.637274
 0 0.63732
 0 0.637322
 0 0.637376
 0 0.637376
 0 0.637416
 0 0.637416
 0 0.637421
 0 0.637421
 0 0.637421
 0 0.637422
 0 0.6375
 0 0.637537
 0 0.637541
 0 0.637541
 0 0.637565
 0 0.637567
 0 0.637586
 0 0.637586
 0 0.637594
 0 0.637603
 0 0.637604
 0 0.63761
 0 0.63761
 0 0.637624
 0 0.637625
 0 0.637627
 0 0.637627
 0 0.637672
 0 0.637709
 0 0.637763
 0 0.637787
 0 0.637788
 0 0.637788
 0 0.637788
 0 0.637795
 0 0.637795
 0 0.637815
 0 0.637816
 0 0.637817
 0 0.637835
 0 0.637835
 0 0.637835
 0 0.63784
 0 0.637844
 0 0.637844
 0 0.637846
 0 0.637886
 0 0.637887
 0 0.637887
 0 0.637889
 0 0.637889
 0 0.637907
 0 0.637926
 0 0.637928
 0 0.637955
 0 0.637957
 0 0.637975
 0 0.638004
 0 0.638005
 0 0.638075
 0 0.638085
 0 0.638085
 0 0.638092
 0 0.638092
 0 0.638107
 0 0.638212
 0 0.638265
 0 0.638265
 0 0.638265
 0 0.638265
 0 0.638303
 0 0.638366
 0 0.638399
 0 0.6384
 0 0.638417
 0 0.638421
 0 0.638422
 0 0.638446
 0 0.638458
 0 0.638459
 0 0.638459
 0 0.638459
 0 0.638509
 0 0.638534
 0 0.63855
 0 0.63855
 0 0.638553
 0 0.638554
 0 0.638554
 0 0.638579
 0 0.638648
 0 0.638649
 0 0.638661
 0 0.638703
 0 0.638703
 0 0.638731
 0 0.638732
 0 0.638758
 0 0.638762
 0 0.638762
 0 0.638762
 0 0.638809
 0 0.638809
 0 0.638809
 0 0.638809
 0 0.638904
 0 0.638904
 0 0.638964
 0 0.638973
 0 0.63899
 0 0.638991
 0 0.638991
 0 0.638991
 0 0.639071
 0 0.639071
 0 0.639101
 0 0.639101
 0 0.639229
 0 0.639265
 0 0.639463
 0 0.639463
 0 0.63969
 0 0.63986
 0 0.639861
 0 0.639876
 0 0.640011
 0 0.640029
 0 0.640029
 0 0.640289
 0 0.640386
 0 0.640443
 0 0.640444
 0 0.64075
 0 0.640753
 0 0.640859
 0 0.64086
 0 0.640861
 0 0.640861
 0 0.640916
 0 0.640916
 0 0.640917
 0 0.640953
 0 0.641338
 0 0.641338
 0 0.641339
 0 0.641339
 0 0.641486
 0 0.641486
 0 0.641487
 0 0.641487
 0 0.64209
 0 0.642124
 0 0.642125
 0 0.642272
 0 inf
