 0 0.486642
 0 0.486642
 0 0.486642
 0 0.486643
 0 0.486861
 0 0.487513
 0 0.489204
 0 0.489205
 0 0.489205
 0 0.490102
 0 0.490102
 0 0.490431
 0 0.612252
 0 0.612252
 0 0.612253
 0 0.612634
 0 0.61349
 0 0.613491
 0 0.615918
 0 0.616076
 0 0.616076
 0 0.616076
 0 0.617446
 0 0.617446
 0 0.619826
 0 0.619827
 0 0.62002
 0 0.62002
 0 0.62002
 0 0.620085
 0 0.620358
 0 0.620358
 0 0.620358
 0 0.620458
 0 0.620459
 0 0.620459
 0 0.620459
 0 0.620459
 0 0.621016
 0 0.621016
 0 0.621074
 0 0.621074
 0 0.621074
 0 0.621091
 0 0.621556
 0 0.621622
 0 0.621811
 0 0.621929
 0 0.621935
 0 0.621953
 0 0.622061
 0 0.62218
 0 0.622181
 0 0.622181
 0 0.622242
 0 0.622242
 0 0.622624
 0 0.622624
 0 0.622653
 0 0.622653
 0 0.622654
 0 0.622656
 0 0.622656
 0 0.622796
 0 0.622876
 0 0.622876
 0 0.622887
 0 0.622955
 0 0.622955
 0 0.622955
 0 0.623113
 0 0.623284
 0 0.623285
 0 0.623298
 0 0.623298
 0 0.623299
 0 0.623329
 0 0.623329
 0 0.623329
 0 0.623329
 0 0.623342
 0 0.623342
 0 0.623528
 0 0.623529
 0 0.623531
 0 0.623531
 0 0.623531
 0 0.623622
 0 0.623622
 0 0.623723
 0 0.623726
 0 0.623992
 0 0.623992
 0 0.623992
 0 0.623993
 0 0.624018
 0 0.624039
 0 0.624039
 0 0.62404
 0 0.62404
 0 0.624083
 0 0.624084
 0 0.624085
 0 0.624116
 0 0.624116
 0 0.624118
 0 0.624129
 0 0.624129
 0 0.624149
 0 0.624168
 0 0.624168
 0 0.624171
 0 0.624171
 0 0.624177
 0 0.624206
 0 0.624206
 0 0.624233
 0 0.624233
 0 0.624233
 0 0.624256
 0 0.624256
 0 0.624256
 0 0.624289
 0 0.624289
 0 0.624469
 0 0.624469
 0 0.624516
 0 0.624517
 0 0.624517
 0 0.624527
 0 0.624555
 0 0.624587
 0 0.624588
 0 0.624588
 0 0.624591
 0 0.624591
 0 0.624591
 0 0.624591
 0 0.624643
 0 0.624644
 0 0.62468
 0 0.624681
 0 0.624681
 0 0.624681
 0 0.624778
 0 0.624779
 0 0.624779
 0 0.624823
 0 0.624823
 0 0.624823
 0 0.624823
 0 0.624856
 0 0.624856
 0 0.624859
 0 0.624859
 0 0.624859
 0 0.624859
 0 0.624875
 0 0.624875
 0 0.62498
 0 0.624982
 0 0.624982
 0 0.624984
 0 0.625025
 0 0.625027
 0 0.62503
 0 0.62503
 0 0.62504
 0 0.625041
 0 0.625067
 0 0.625067
 0 0.625092
 0 0.625093
 0 0.625094
 0 0.625102
 0 0.625103
 0 0.625126
 0 0.625135
 0 0.625135
 0 0.625135
 0 0.625164
 0 0.625187
 0 0.625187
 0 0.625187
 0 0.625187
 0 0.625278
 0 0.625279
 0 0.625279
 0 0.625279
 0 0.625279
 0 0.625279
 0 0.625279
 0 0.625314
 0 0.625324
 0 0.62534
 0 0.62534
 0 0.625341
 0 0.625341
 0 0.625355
 0 0.625355
 0 0.625375
 0 0.625398
 0 0.625398
 0 0.625398
 0 0.625399
 0 0.6254
 0 0.625416
 0 0.625475
 0 0.625475
 0 0.625475
 0 0.625477
 0 0.62548
 0 0.62548
 0 0.625481
 0 0.6255
 0 0.625501
 0 0.625511
 0 0.625592
 0 0.625593
 0 0.625623
 0 0.625628
 0 0.62563
 0 0.62563
 0 0.625642
 0 0.625643
 0 0.625643
 0 0.625667
 0 0.62571
 0 0.62571
 0 0.625714
 0 0.625714
 0 0.625714
 0 0.625724
 0 0.625726
 0 0.625727
 0 0.625786
 0 0.625787
 0 0.62581
 0 0.62581
 0 0.62581
 0 0.62581
 0 0.625908
 0 0.625933
 0 0.625933
 0 0.625934
 0 0.625935
 0 0.625935
 0 0.625969
 0 0.62597
 0 0.625972
 0 0.625972
 0 0.625975
 0 0.625979
 0 0.625979
 0 0.626015
 0 0.626026
 0 0.626061
 0 0.626061
 0 0.626094
 0 0.626094
 0 0.626094
 0 0.626094
 0 0.626094
 0 0.626156
 0 0.626157
 0 0.626174
 0 0.626174
 0 0.626174
 0 0.62619
 0 0.626208
 0 0.626209
 0 0.626235
 0 0.626235
 0 0.626243
 0 0.626243
 0 0.626248
 0 0.626249
 0 0.62625
 0 0.626297
 0 0.626297
 0 0.626326
 0 0.626328
 0 0.626345
 0 0.626362
 0 0.626362
 0 0.626389
 0 0.626391
 0 0.626391
 0 0.626417
 0 0.62642
 0 0.62642
 0 0.626465
 0 0.626467
 0 0.626469
 0 0.62647
 0 0.62647
 0 0.626513
 0 0.626513
 0 0.626518
 0 0.626536
 0 0.626541
 0 0.626541
 0 0.626541
 0 0.62655
 0 0.626592
 0 0.626592
 0 0.626592
 0 0.626602
 0 0.626618
 0 0.626621
 0 0.626621
 0 0.626621
 0 0.626626
 0 0.626626
 0 0.626662
 0 0.626737
 0 0.626737
 0 0.626742
 0 0.626757
 0 0.62679
 0 0.62679
 0 0.626791
 0 0.62688
 0 0.62688
 0 0.62688
 0 0.626898
 0 0.626927
 0 0.626927
 0 0.626975
 0 0.626987
 0 0.626987
 0 0.626987
 0 0.626989
 0 0.627009
 0 0.627009
 0 0.627028
 0 0.627035
 0 0.627035
 0 0.627035
 0 0.627042
 0 0.627059
 0 0.627076
 0 0.627128
 0 0.627128
 0 0.627144
 0 0.627147
 0 0.627161
 0 0.627176
 0 0.627186
 0 0.627227
 0 0.627227
 0 0.627227
 0 0.627268
 0 0.627269
 0 0.627285
 0 0.627285
 0 0.627285
 0 0.627287
 0 0.627293
 0 0.627335
 0 0.627352
 0 0.627364
 0 0.627365
 0 0.627365
 0 0.627365
 0 0.627366
 0 0.627385
 0 0.627389
 0 0.627389
 0 0.62739
 0 0.62739
 0 0.62739
 0 0.62739
 0 0.62739
 0 0.62741
 0 0.62741
 0 0.62741
 0 0.627423
 0 0.627429
 0 0.627429
 0 0.627444
 0 0.627444
 0 0.627511
 0 0.627511
 0 0.627511
 0 0.627538
 0 0.627538
 0 0.627543
 0 0.627543
 0 0.627543
 0 0.627544
 0 0.627558
 0 0.627584
 0 0.627584
 0 0.627599
 0 0.627599
 0 0.6276
 0 0.6276
 0 0.62761
 0 0.627649
 0 0.627663
 0 0.627663
 0 0.627663
 0 0.627663
 0 0.627697
 0 0.627698
 0 0.6277
 0 0.627708
 0 0.627708
 0 0.62771
 0 0.627712
 0 0.627741
 0 0.627783
 0 0.62779
 0 0.62779
 0 0.62779
 0 0.627791
 0 0.62783
 0 0.627837
 0 0.627838
 0 0.627838
 0 0.627845
 0 0.627845
 0 0.627863
 0 0.627864
 0 0.627901
 0 0.627903
 0 0.627903
 0 0.627907
 0 0.627907
 0 0.627907
 0 0.62791
 0 0.62791
 0 0.627913
 0 0.627913
 0 0.627913
 0 0.627918
 0 0.627931
 0 0.627931
 0 0.627957
 0 0.627957
 0 0.627957
 0 0.627957
 0 0.627958
 0 0.627968
 0 0.628054
 0 0.62806
 0 0.62806
 0 0.628063
 0 0.62809
 0 0.62809
 0 0.628125
 0 0.628125
 0 0.628125
 0 0.628144
 0 0.628147
 0 0.628147
 0 0.628148
 0 0.628148
 0 0.628186
 0 0.62819
 0 0.628191
 0 0.628195
 0 0.628204
 0 0.628204
 0 0.628204
 0 0.628205
 0 0.628205
 0 0.628205
 0 0.628227
 0 0.628253
 0 0.628253
 0 0.628253
 0 0.628258
 0 0.628267
 0 0.628268
 0 0.628268
 0 0.628269
 0 0.628269
 0 0.628269
 0 0.628297
 0 0.628297
 0 0.628326
 0 0.628326
 0 0.628331
 0 0.628331
 0 0.628357
 0 0.628357
 0 0.628357
 0 0.628385
 0 0.628385
 0 0.628406
 0 0.628428
 0 0.628437
 0 0.628437
 0 0.628438
 0 0.628438
 0 0.628443
 0 0.62845
 0 0.62845
 0 0.628473
 0 0.628473
 0 0.628473
 0 0.628478
 0 0.628479
 0 0.628507
 0 0.628508
 0 0.628508
 0 0.628517
 0 0.628517
 0 0.628518
 0 0.628518
 0 0.628522
 0 0.628523
 0 0.628523
 0 0.628523
 0 0.628524
 0 0.628531
 0 0.628531
 0 0.628531
 0 0.628532
 0 0.628584
 0 0.628586
 0 0.628612
 0 0.628625
 0 0.628638
 0 0.628638
 0 0.628639
 0 0.628661
 0 0.628662
 0 0.628716
 0 0.628719
 0 0.628746
 0 0.628746
 0 0.628747
 0 0.628747
 0 0.628869
 0 0.62887
 0 0.62887
 0 0.628924
 0 0.628947
 0 0.628949
 0 0.628975
 0 0.628975
 0 0.628978
 0 0.628999
 0 0.628999
 0 0.629
 0 0.629014
 0 0.629032
 0 0.629032
 0 0.629032
 0 0.629032
 0 0.629054
 0 0.629054
 0 0.629054
 0 0.629099
 0 0.629103
 0 0.629127
 0 0.629136
 0 0.629137
 0 0.629152
 0 0.629153
 0 0.629153
 0 0.629154
 0 0.629154
 0 0.62916
 0 0.62916
 0 0.629164
 0 0.629254
 0 0.629254
 0 0.629296
 0 0.629337
 0 0.629338
 0 0.629353
 0 0.629367
 0 0.629367
 0 0.629414
 0 0.629414
 0 0.629414
 0 0.629415
 0 0.629417
 0 0.629436
 0 0.62947
 0 0.62947
 0 0.629479
 0 0.629484
 0 0.629485
 0 0.629493
 0 0.629493
 0 0.629496
 0 0.62953
 0 0.629531
 0 0.629567
 0 0.629567
 0 0.629592
 0 0.629592
 0 0.629598
 0 0.629639
 0 0.62964
 0 0.629651
 0 0.629651
 0 0.629654
 0 0.629655
 0 0.629669
 0 0.62968
 0 0.629681
 0 0.629682
 0 0.629682
 0 0.629687
 0 0.629694
 0 0.629694
 0 0.629725
 0 0.629726
 0 0.629769
 0 0.629784
 0 0.629785
 0 0.629801
 0 0.629801
 0 0.629801
 0 0.629801
 0 0.629821
 0 0.629826
 0 0.629858
 0 0.629861
 0 0.629879
 0 0.62989
 0 0.62989
 0 0.629902
 0 0.629902
 0 0.629909
 0 0.62991
 0 0.62991
 0 0.629911
 0 0.629916
 0 0.629959
 0 0.629983
 0 0.629984
 0 0.630005
 0 0.630005
 0 0.630021
 0 0.630032
 0 0.630084
 0 0.630084
 0 0.630092
 0 0.630093
 0 0.63012
 0 0.630139
 0 0.630146
 0 0.630146
 0 0.630149
 0 0.63015
 0 0.63015
 0 0.63015
 0 0.630151
 0 0.630182
 0 0.630183
 0 0.630201
 0 0.630202
 0 0.630222
 0 0.630258
 0 0.630259
 0 0.630267
 0 0.630271
 0 0.630272
 0 0.630272
 0 0.630272
 0 0.630297
 0 0.630297
 0 0.630298
 0 0.630298
 0 0.630322
 0 0.630324
 0 0.630325
 0 0.630334
 0 0.63035
 0 0.63035
 0 0.630351
 0 0.630356
 0 0.630357
 0 0.630357
 0 0.630358
 0 0.630359
 0 0.63036
 0 0.63036
 0 0.63036
 0 0.63036
 0 0.630361
 0 0.630366
 0 0.630407
 0 0.63041
 0 0.630411
 0 0.630412
 0 0.630413
 0 0.630413
 0 0.63042
 0 0.63042
 0 0.630439
 0 0.630439
 0 0.630464
 0 0.630475
 0 0.630477
 0 0.630498
 0 0.630499
 0 0.630506
 0 0.630535
 0 0.630535
 0 0.630547
 0 0.630547
 0 0.630548
 0 0.630548
 0 0.630581
 0 0.630582
 0 0.630582
 0 0.630582
 0 0.630619
 0 0.63062
 0 0.63062
 0 0.630637
 0 0.630652
 0 0.630686
 0 0.630692
 0 0.630698
 0 0.630755
 0 0.630765
 0 0.630765
 0 0.630815
 0 0.630834
 0 0.630835
 0 0.630835
 0 0.630835
 0 0.630839
 0 0.630839
 0 0.630869
 0 0.630871
 0 0.630888
 0 0.630918
 0 0.630934
 0 0.630937
 0 0.630937
 0 0.630937
 0 0.630952
 0 0.630952
 0 0.630952
 0 0.630987
 0 0.630987
 0 0.630988
 0 0.630988
 0 0.630989
 0 0.631007
 0 0.631007
 0 0.631019
 0 0.631019
 0 0.631019
 0 0.63102
 0 0.63102
 0 0.63102
 0 0.63102
 0 0.63102
 0 0.63102
 0 0.631027
 0 0.631027
 0 0.631027
 0 0.631029
 0 0.631042
 0 0.631043
 0 0.631046
 0 0.631046
 0 0.631046
 0 0.631046
 0 0.631046
 0 0.631064
 0 0.631066
 0 0.631066
 0 0.631091
 0 0.631092
 0 0.631092
 0 0.631096
 0 0.631096
 0 0.631105
 0 0.631105
 0 0.631105
 0 0.63111
 0 0.63111
 0 0.63111
 0 0.631141
 0 0.631153
 0 0.631153
 0 0.631159
 0 0.63116
 0 0.631184
 0 0.631185
 0 0.631185
 0 0.631185
 0 0.631193
 0 0.631198
 0 0.631215
 0 0.63123
 0 0.631253
 0 0.631253
 0 0.631274
 0 0.63128
 0 0.631286
 0 0.631286
 0 0.631286
 0 0.631286
 0 0.631287
 0 0.631317
 0 0.631317
 0 0.631345
 0 0.631345
 0 0.631345
 0 0.631345
 0 0.631377
 0 0.631384
 0 0.631384
 0 0.6314
 0 0.6314
 0 0.631405
 0 0.631405
 0 0.631405
 0 0.631406
 0 0.631421
 0 0.631432
 0 0.631432
 0 0.631434
 0 0.63144
 0 0.63144
 0 0.631441
 0 0.631446
 0 0.631447
 0 0.631469
 0 0.631469
 0 0.63147
 0 0.631497
 0 0.631497
 0 0.631514
 0 0.631519
 0 0.63152
 0 0.631545
 0 0.63159
 0 0.6316
 0 0.631622
 0 0.631627
 0 0.631627
 0 0.631664
 0 0.631664
 0 0.631664
 0 0.631672
 0 0.631672
 0 0.631687
 0 0.631687
 0 0.631688
 0 0.631716
 0 0.631757
 0 0.631758
 0 0.631758
 0 0.631761
 0 0.631764
 0 0.631764
 0 0.631764
 0 0.631764
 0 0.631773
 0 0.631773
 0 0.631773
 0 0.63178
 0 0.631786
 0 0.631787
 0 0.631809
 0 0.631812
 0 0.631815
 0 0.631817
 0 0.631817
 0 0.631817
 0 0.631817
 0 0.631818
 0 0.631848
 0 0.631849
 0 0.63185
 0 0.631851
 0 0.631851
 0 0.631859
 0 0.631859
 0 0.631884
 0 0.631884
 0 0.631919
 0 0.631919
 0 0.631935
 0 0.631947
 0 0.631971
 0 0.631972
 0 0.631972
 0 0.631972
 0 0.631973
 0 0.631981
 0 0.631981
 0 0.631989
 0 0.631989
 0 0.63199
 0 0.632004
 0 0.632004
 0 0.632013
 0 0.63202
 0 0.632021
 0 0.632037
 0 0.632037
 0 0.63204
 0 0.632066
 0 0.632068
 0 0.632079
 0 0.632105
 0 0.632109
 0 0.632125
 0 0.632134
 0 0.632147
 0 0.632147
 0 0.632162
 0 0.632173
 0 0.632173
 0 0.632173
 0 0.632173
 0 0.632173
 0 0.632201
 0 0.632224
 0 0.632239
 0 0.632239
 0 0.632266
 0 0.632267
 0 0.632273
 0 0.632281
 0 0.632282
 0 0.6323
 0 0.6323
 0 0.632312
 0 0.632312
 0 0.632339
 0 0.632365
 0 0.632367
 0 0.632368
 0 0.632368
 0 0.632369
 0 0.63237
 0 0.632381
 0 0.632381
 0 0.632381
 0 0.632383
 0 0.632399
 0 0.63244
 0 0.632442
 0 0.632455
 0 0.632456
 0 0.632456
 0 0.632463
 0 0.632463
 0 0.632467
 0 0.632474
 0 0.632475
 0 0.632475
 0 0.632479
 0 0.632481
 0 0.632482
 0 0.632516
 0 0.632516
 0 0.632542
 0 0.632542
 0 0.632559
 0 0.632564
 0 0.632576
 0 0.632577
 0 0.63258
 0 0.632581
 0 0.632627
 0 0.632627
 0 0.632627
 0 0.632653
 0 0.632653
 0 0.632665
 0 0.632667
 0 0.632705
 0 0.63271
 0 0.632711
 0 0.632713
 0 0.632724
 0 0.632724
 0 0.632737
 0 0.632737
 0 0.632763
 0 0.632763
 0 0.632781
 0 0.632782
 0 0.632783
 0 0.632783
 0 0.632783
 0 0.632783
 0 0.632783
 0 0.6328
 0 0.63283
 0 0.63283
 0 0.63283
 0 0.632862
 0 0.632863
 0 0.632863
 0 0.632863
 0 0.632865
 0 0.632881
 0 0.632886
 0 0.632887
 0 0.632887
 0 0.63289
 0 0.63289
 0 0.632893
 0 0.632938
 0 0.632939
 0 0.63295
 0 0.63295
 0 0.632985
 0 0.632997
 0 0.633004
 0 0.633004
 0 0.633004
 0 0.633025
 0 0.633025
 0 0.633028
 0 0.633031
 0 0.633031
 0 0.63304
 0 0.63304
 0 0.633041
 0 0.633079
 0 0.633104
 0 0.633107
 0 0.633109
 0 0.63312
 0 0.63312
 0 0.63312
 0 0.633144
 0 0.633145
 0 0.633158
 0 0.633172
 0 0.633173
 0 0.63319
 0 0.63319
 0 0.63319
 0 0.633191
 0 0.633202
 0 0.633203
 0 0.633203
 0 0.633204
 0 0.633218
 0 0.633231
 0 0.633231
 0 0.633231
 0 0.633231
 0 0.633233
 0 0.633234
 0 0.633234
 0 0.633235
 0 0.633235
 0 0.633235
 0 0.63326
 0 0.633273
 0 0.633277
 0 0.633278
 0 0.633278
 0 0.633305
 0 0.633305
 0 0.633305
 0 0.633308
 0 0.633326
 0 0.633326
 0 0.633326
 0 0.63333
 0 0.633331
 0 0.633331
 0 0.633331
 0 0.633331
 0 0.633331
 0 0.633332
 0 0.633345
 0 0.633345
 0 0.63336
 0 0.63336
 0 0.633364
 0 0.63338
 0 0.633393
 0 0.633393
 0 0.633407
 0 0.633409
 0 0.633451
 0 0.633451
 0 0.633483
 0 0.633483
 0 0.633499
 0 0.633512
 0 0.633512
 0 0.633516
 0 0.633516
 0 0.633516
 0 0.633519
 0 0.633519
 0 0.633596
 0 0.633596
 0 0.633596
 0 0.633602
 0 0.633604
 0 0.633604
 0 0.633604
 0 0.633651
 0 0.633653
 0 0.633796
 0 0.633796
 0 0.633796
 0 0.633805
 0 0.633852
 0 0.633853
 0 0.633878
 0 0.63389
 0 0.63389
 0 0.633921
 0 0.633948
 0 0.633954
 0 0.633955
 0 0.633955
 0 0.633961
 0 0.633961
 0 0.633961
 0 0.633961
 0 0.633975
 0 0.633994
 0 0.633995
 0 0.634042
 0 0.634083
 0 0.634087
 0 0.634087
 0 0.634087
 0 0.634087
 0 0.634094
 0 0.634096
 0 0.634107
 0 0.634108
 0 0.634108
 0 0.634108
 0 0.634109
 0 0.634117
 0 0.634118
 0 0.634138
 0 0.634146
 0 0.634146
 0 0.63415
 0 0.63415
 0 0.63415
 0 0.634152
 0 0.634152
 0 0.634153
 0 0.634156
 0 0.634161
 0 0.634161
 0 0.634162
 0 0.634213
 0 0.634232
 0 0.634256
 0 0.634256
 0 0.634288
 0 0.634288
 0 0.634316
 0 0.634316
 0 0.634316
 0 0.63432
 0 0.63432
 0 0.634352
 0 0.634352
 0 0.634352
 0 0.63436
 0 0.634389
 0 0.634423
 0 0.634424
 0 0.634434
 0 0.634434
 0 0.634435
 0 0.634449
 0 0.634493
 0 0.634493
 0 0.634519
 0 0.634519
 0 0.634525
 0 0.634525
 0 0.634525
 0 0.634525
 0 0.634525
 0 0.634542
 0 0.634613
 0 0.634613
 0 0.634613
 0 0.634613
 0 0.634613
 0 0.634639
 0 0.634639
 0 0.634639
 0 0.634641
 0 0.634641
 0 0.634654
 0 0.634655
 0 0.634656
 0 0.634656
 0 0.634704
 0 0.634704
 0 0.634704
 0 0.634707
 0 0.634707
 0 0.634709
 0 0.634709
 0 0.634709
 0 0.634727
 0 0.634727
 0 0.63473
 0 0.63473
 0 0.634732
 0 0.634743
 0 0.634743
 0 0.634743
 0 0.634743
 0 0.634743
 0 0.634746
 0 0.634756
 0 0.634915
 0 0.634916
 0 0.634924
 0 0.634963
 0 0.635012
 0 0.635014
 0 0.635051
 0 0.635051
 0 0.635063
 0 0.635064
 0 0.635067
 0 0.635067
 0 0.635098
 0 0.635098
 0 0.635099
 0 0.635114
 0 0.635114
 0 0.635114
 0 0.635117
 0 0.635123
 0 0.635123
 0 0.635126
 0 0.635127
 0 0.635127
 0 0.635127
 0 0.635129
 0 0.635129
 0 0.635129
 0 0.63516
 0 0.635161
 0 0.635173
 0 0.635226
 0 0.635249
 0 0.635249
 0 0.63528
 0 0.635301
 0 0.635301
 0 0.635301
 0 0.635306
 0 0.635306
 0 0.635306
 0 0.635323
 0 0.635323
 0 0.635325
 0 0.635343
 0 0.63536
 0 0.635398
 0 0.635432
 0 0.635436
 0 0.635438
 0 0.635446
 0 0.635446
 0 0.635446
 0 0.635455
 0 0.635457
 0 0.635491
 0 0.635492
 0 0.635492
 0 0.635504
 0 0.63556
 0 0.635561
 0 0.635563
 0 0.635618
 0 0.635633
 0 0.635633
 0 0.635634
 0 0.63564
 0 0.635673
 0 0.635674
 0 0.635683
 0 0.635708
 0 0.635768
 0 0.635777
 0 0.635777
 0 0.635794
 0 0.635795
 0 0.63583
 0 0.63585
 0 0.63585
 0 0.635865
 0 0.635866
 0 0.635907
 0 0.635909
 0 0.635909
 0 0.635926
 0 0.635926
 0 0.635926
 0 0.635926
 0 0.635926
 0 0.635935
 0 0.635935
 0 0.635936
 0 0.635976
 0 0.635976
 0 0.635977
 0 0.635977
 0 0.635978
 0 0.635978
 0 0.636009
 0 0.636022
 0 0.636118
 0 0.636149
 0 0.636193
 0 0.636208
 0 0.636215
 0 0.636215
 0 0.636215
 0 0.636215
 0 0.636215
 0 0.636216
 0 0.636216
 0 0.636218
 0 0.636221
 0 0.636222
 0 0.636224
 0 0.63623
 0 0.636247
 0 0.636247
 0 0.636252
 0 0.636264
 0 0.636291
 0 0.636291
 0 0.636291
 0 0.636313
 0 0.636343
 0 0.636343
 0 0.636344
 0 0.63635
 0 0.63635
 0 0.63635
 0 0.63638
 0 0.63638
 0 0.636418
 0 0.63642
 0 0.636422
 0 0.636422
 0 0.636422
 0 0.636464
 0 0.636464
 0 0.636486
 0 0.636512
 0 0.636514
 0 0.636526
 0 0.636623
 0 0.636685
 0 0.636685
 0 0.636685
 0 0.636687
 0 0.636733
 0 0.636733
 0 0.636735
 0 0.636736
 0 0.63676
 0 0.636761
 0 0.636761
 0 0.636899
 0 0.6369
 0 0.636906
 0 0.636906
 0 0.637061
 0 0.637114
 0 0.637114
 0 0.637131
 0 0.637133
 0 0.637145
 0 0.637145
 0 0.63717
 0 0.63717
 0 0.637172
 0 0.637173
 0 0.637173
 0 0.637177
 0 0.637213
 0 0.637213
 0 0.637213
 0 0.637213
 0 0.637225
 0 0.637225
 0 0.637226
 0 0.637339
 0 0.637339
 0 0.637339
 0 0.637368
 0 0.637398
 0 0.637398
 0 0.637399
 0 0.637439
 0 0.637439
 0 0.637439
 0 0.637443
 0 0.637444
 0 0.637488
 0 0.637561
 0 0.637563
 0 0.63759
 0 0.63759
 0 0.63759
 0 0.63759
 0 0.637633
 0 0.637633
 0 0.63764
 0 0.637649
 0 0.637649
 0 0.63765
 0 0.637682
 0 0.637684
 0 0.637741
 0 0.637741
 0 0.637743
 0 0.637785
 0 0.637785
 0 0.6378
 0 0.6378
 0 0.6378
 0 0.637875
 0 0.637875
 0 0.637875
 0 0.637879
 0 0.637913
 0 0.637914
 0 0.637945
 0 0.637971
 0 0.637971
 0 0.637992
 0 0.637993
 0 0.63802
 0 0.638098
 0 0.638098
 0 0.638152
 0 0.638171
 0 0.638254
 0 0.638254
 0 0.638318
 0 0.638318
 0 0.638319
 0 0.638449
 0 0.63857
 0 0.63857
 0 0.63857
 0 0.638953
 0 0.638953
 0 0.638967
 0 0.638968
 0 0.638968
 0 0.638968
 0 0.638968
 0 0.63897
 0 0.639073
 0 0.639129
 0 0.639232
 0 0.639233
 0 0.639351
 0 0.639358
 0 0.639358
 0 0.639359
 0 0.63977
 0 0.63977
 0 0.639827
 0 0.639828
 0 0.639828
 0 0.639835
 0 0.639835
 0 0.639835
 0 0.639864
 0 0.639864
 0 0.639892
 0 0.639892
 0 0.639933
 0 0.64001
 0 0.640051
 0 0.640052
 0 0.640092
 0 0.640093
 0 0.640129
 0 0.640269
 0 0.640276
 0 0.640276
 0 0.640277
 0 0.64028
 0 0.640281
 0 0.640282
 0 0.640769
 0 0.640769
 0 0.640791
 0 0.64081
 0 0.64081
 0 0.64081
 0 0.640919
 0 0.641032
 0 0.64104
 0 0.641041
 0 0.641041
 0 0.641063
 0 0.641064
 0 0.641318
 0 0.641318
 0 0.642081
 0 0.642081
 0 0.642192
 0 0.642354
 0 0.6441
 0 0.6441
 0 0.644392
 0 0.644392
 0 0.644829
 0 0.64483
 0 0.644899
 0 0.644913
 0 0.645051
 0 0.645051
 0 0.64533
 0 0.645573
 0 0.645958
 0 0.646238
 0 0.646238
 0 0.646239
 0 0.647015
 0 0.647016
 0 0.651789
 0 0.651789
 0 0.651996
 0 0.653033
 0 0.653034
 0 0.653034
 0 inf
