 0 0.487013
 0 0.487013
 0 0.487014
 0 0.487014
 0 0.488246
 0 0.488247
 0 0.490587
 0 0.490588
 0 0.490817
 0 0.491028
 0 0.491029
 0 0.491257
 0 0.620511
 0 0.620511
 0 0.620511
 0 0.620777
 0 0.620777
 0 0.621491
 0 0.621918
 0 0.6221
 0 0.6221
 0 0.6221
 0 0.62214
 0 0.622185
 0 0.622186
 0 0.622578
 0 0.622579
 0 0.622579
 0 0.622579
 0 0.622581
 0 0.622581
 0 0.622582
 0 0.622582
 0 0.62266
 0 0.622661
 0 0.622994
 0 0.623514
 0 0.623515
 0 0.623573
 0 0.623573
 0 0.623712
 0 0.62377
 0 0.62377
 0 0.623771
 0 0.623788
 0 0.623789
 0 0.623789
 0 0.623943
 0 0.623963
 0 0.623963
 0 0.623998
 0 0.624009
 0 0.62401
 0 0.624136
 0 0.624138
 0 0.624138
 0 0.624354
 0 0.624354
 0 0.624359
 0 0.62436
 0 0.624459
 0 0.624459
 0 0.624481
 0 0.624517
 0 0.624523
 0 0.624636
 0 0.624636
 0 0.624636
 0 0.624756
 0 0.624756
 0 0.624786
 0 0.624786
 0 0.624829
 0 0.62484
 0 0.62484
 0 0.624861
 0 0.624896
 0 0.624917
 0 0.624963
 0 0.624964
 0 0.624971
 0 0.624971
 0 0.624971
 0 0.624971
 0 0.624972
 0 0.62502
 0 0.62502
 0 0.625109
 0 0.625131
 0 0.625132
 0 0.625133
 0 0.625146
 0 0.625225
 0 0.625225
 0 0.625225
 0 0.625358
 0 0.625359
 0 0.62536
 0 0.625368
 0 0.625368
 0 0.625369
 0 0.62541
 0 0.625452
 0 0.62547
 0 0.625471
 0 0.625493
 0 0.625494
 0 0.625507
 0 0.62554
 0 0.625582
 0 0.625582
 0 0.625582
 0 0.625582
 0 0.625582
 0 0.625626
 0 0.625697
 0 0.625701
 0 0.625725
 0 0.62575
 0 0.625751
 0 0.625772
 0 0.625772
 0 0.625772
 0 0.625795
 0 0.625795
 0 0.625795
 0 0.625796
 0 0.625812
 0 0.625812
 0 0.62595
 0 0.625966
 0 0.625967
 0 0.625967
 0 0.625968
 0 0.625986
 0 0.626019
 0 0.626036
 0 0.626037
 0 0.626049
 0 0.626049
 0 0.626049
 0 0.626049
 0 0.626049
 0 0.626186
 0 0.626187
 0 0.626193
 0 0.626235
 0 0.626259
 0 0.62626
 0 0.62628
 0 0.626283
 0 0.626283
 0 0.626312
 0 0.626312
 0 0.626314
 0 0.626363
 0 0.626363
 0 0.626413
 0 0.626416
 0 0.626416
 0 0.626418
 0 0.626419
 0 0.62642
 0 0.62642
 0 0.62642
 0 0.626451
 0 0.626451
 0 0.626465
 0 0.626466
 0 0.626466
 0 0.626519
 0 0.626519
 0 0.626519
 0 0.626528
 0 0.626528
 0 0.626551
 0 0.626551
 0 0.626561
 0 0.626561
 0 0.626621
 0 0.626621
 0 0.626629
 0 0.626629
 0 0.626629
 0 0.626656
 0 0.626656
 0 0.626684
 0 0.626694
 0 0.626721
 0 0.626722
 0 0.626784
 0 0.626799
 0 0.626828
 0 0.626834
 0 0.626834
 0 0.626835
 0 0.626838
 0 0.626839
 0 0.626906
 0 0.626931
 0 0.626931
 0 0.626946
 0 0.626946
 0 0.626946
 0 0.626965
 0 0.626965
 0 0.626965
 0 0.626965
 0 0.626965
 0 0.626996
 0 0.627029
 0 0.627029
 0 0.627029
 0 0.627053
 0 0.627053
 0 0.627076
 0 0.627092
 0 0.627094
 0 0.627109
 0 0.627119
 0 0.627119
 0 0.627119
 0 0.627174
 0 0.627199
 0 0.627259
 0 0.627259
 0 0.627293
 0 0.627328
 0 0.627328
 0 0.62736
 0 0.627372
 0 0.627373
 0 0.627392
 0 0.627408
 0 0.627408
 0 0.627409
 0 0.627415
 0 0.627415
 0 0.627415
 0 0.627415
 0 0.627416
 0 0.627434
 0 0.627434
 0 0.627435
 0 0.627435
 0 0.627491
 0 0.627494
 0 0.627494
 0 0.627516
 0 0.627516
 0 0.627516
 0 0.627517
 0 0.627536
 0 0.627565
 0 0.627594
 0 0.627595
 0 0.627595
 0 0.62761
 0 0.627614
 0 0.627657
 0 0.627657
 0 0.627657
 0 0.627657
 0 0.627666
 0 0.627666
 0 0.627673
 0 0.627719
 0 0.62776
 0 0.62776
 0 0.627766
 0 0.627801
 0 0.627801
 0 0.627876
 0 0.627877
 0 0.627877
 0 0.627878
 0 0.627878
 0 0.627898
 0 0.627903
 0 0.627903
 0 0.627931
 0 0.627932
 0 0.627948
 0 0.627982
 0 0.627982
 0 0.627982
 0 0.627983
 0 0.628016
 0 0.628045
 0 0.628046
 0 0.628077
 0 0.628091
 0 0.628092
 0 0.628125
 0 0.628125
 0 0.628136
 0 0.628186
 0 0.628186
 0 0.628187
 0 0.628249
 0 0.628249
 0 0.628249
 0 0.628249
 0 0.628269
 0 0.628282
 0 0.628284
 0 0.628284
 0 0.628313
 0 0.62832
 0 0.62832
 0 0.628323
 0 0.628323
 0 0.628324
 0 0.62836
 0 0.628361
 0 0.628397
 0 0.628398
 0 0.628408
 0 0.628415
 0 0.628431
 0 0.628462
 0 0.628464
 0 0.628466
 0 0.628475
 0 0.628475
 0 0.628506
 0 0.628509
 0 0.62855
 0 0.628621
 0 0.628622
 0 0.628622
 0 0.628625
 0 0.628625
 0 0.628656
 0 0.62872
 0 0.628723
 0 0.628724
 0 0.628726
 0 0.628726
 0 0.628728
 0 0.628748
 0 0.628748
 0 0.628748
 0 0.628769
 0 0.628793
 0 0.628793
 0 0.628793
 0 0.628793
 0 0.628793
 0 0.628797
 0 0.628818
 0 0.628818
 0 0.628818
 0 0.628828
 0 0.628863
 0 0.628863
 0 0.62887
 0 0.62887
 0 0.628874
 0 0.628887
 0 0.628888
 0 0.62891
 0 0.62891
 0 0.62891
 0 0.62891
 0 0.628911
 0 0.628917
 0 0.628918
 0 0.628918
 0 0.628918
 0 0.628918
 0 0.62894
 0 0.628946
 0 0.628957
 0 0.628958
 0 0.628959
 0 0.628963
 0 0.628963
 0 0.628963
 0 0.628963
 0 0.628963
 0 0.628963
 0 0.628964
 0 0.628964
 0 0.628965
 0 0.628967
 0 0.628968
 0 0.628975
 0 0.628975
 0 0.628975
 0 0.628975
 0 0.628976
 0 0.628987
 0 0.628988
 0 0.628994
 0 0.628994
 0 0.628994
 0 0.62902
 0 0.62902
 0 0.629061
 0 0.629062
 0 0.629073
 0 0.629073
 0 0.629088
 0 0.629088
 0 0.629098
 0 0.62911
 0 0.629115
 0 0.629122
 0 0.629123
 0 0.629124
 0 0.629124
 0 0.629128
 0 0.629134
 0 0.629137
 0 0.629137
 0 0.629147
 0 0.629147
 0 0.629147
 0 0.629153
 0 0.629178
 0 0.629179
 0 0.629179
 0 0.629179
 0 0.62918
 0 0.629204
 0 0.629204
 0 0.629212
 0 0.629212
 0 0.629229
 0 0.62923
 0 0.62923
 0 0.62923
 0 0.629239
 0 0.629308
 0 0.62931
 0 0.629325
 0 0.629331
 0 0.629331
 0 0.629333
 0 0.629372
 0 0.629373
 0 0.629373
 0 0.629385
 0 0.629385
 0 0.629385
 0 0.629392
 0 0.629392
 0 0.629392
 0 0.629393
 0 0.629407
 0 0.629407
 0 0.629407
 0 0.629413
 0 0.629413
 0 0.629414
 0 0.62944
 0 0.62944
 0 0.62944
 0 0.629444
 0 0.629445
 0 0.629445
 0 0.629445
 0 0.629445
 0 0.629477
 0 0.629477
 0 0.629487
 0 0.629502
 0 0.629502
 0 0.629502
 0 0.62951
 0 0.62951
 0 0.629523
 0 0.629543
 0 0.629593
 0 0.629593
 0 0.629593
 0 0.629593
 0 0.629619
 0 0.629627
 0 0.62965
 0 0.62965
 0 0.629669
 0 0.629673
 0 0.629674
 0 0.629675
 0 0.6297
 0 0.629732
 0 0.629732
 0 0.629747
 0 0.629747
 0 0.629747
 0 0.629757
 0 0.629758
 0 0.629766
 0 0.629766
 0 0.629766
 0 0.629766
 0 0.629766
 0 0.629766
 0 0.629794
 0 0.629813
 0 0.629813
 0 0.629813
 0 0.629833
 0 0.629833
 0 0.629835
 0 0.629835
 0 0.629835
 0 0.629836
 0 0.629845
 0 0.629845
 0 0.629846
 0 0.629846
 0 0.629851
 0 0.629852
 0 0.629853
 0 0.629853
 0 0.629853
 0 0.629883
 0 0.629883
 0 0.629883
 0 0.629897
 0 0.629898
 0 0.629898
 0 0.629899
 0 0.629909
 0 0.629909
 0 0.629909
 0 0.629914
 0 0.629916
 0 0.629916
 0 0.629916
 0 0.629917
 0 0.629919
 0 0.629919
 0 0.629921
 0 0.629921
 0 0.629922
 0 0.629942
 0 0.629943
 0 0.629956
 0 0.629962
 0 0.629962
 0 0.629963
 0 0.629969
 0 0.629969
 0 0.629982
 0 0.629994
 0 0.630003
 0 0.630024
 0 0.630024
 0 0.630036
 0 0.630036
 0 0.630036
 0 0.630037
 0 0.630043
 0 0.63005
 0 0.630057
 0 0.630057
 0 0.630057
 0 0.630057
 0 0.630081
 0 0.630081
 0 0.630082
 0 0.630118
 0 0.630118
 0 0.630134
 0 0.63016
 0 0.630163
 0 0.630175
 0 0.630176
 0 0.630183
 0 0.630183
 0 0.630185
 0 0.630185
 0 0.630218
 0 0.630253
 0 0.630253
 0 0.630274
 0 0.630276
 0 0.630283
 0 0.630283
 0 0.630306
 0 0.630316
 0 0.630316
 0 0.630316
 0 0.630321
 0 0.630321
 0 0.630322
 0 0.630338
 0 0.630338
 0 0.630354
 0 0.630355
 0 0.630375
 0 0.630376
 0 0.630377
 0 0.630377
 0 0.630377
 0 0.630384
 0 0.630385
 0 0.630385
 0 0.630401
 0 0.630431
 0 0.630432
 0 0.630433
 0 0.630451
 0 0.630506
 0 0.630506
 0 0.63051
 0 0.63051
 0 0.630511
 0 0.630515
 0 0.630515
 0 0.630516
 0 0.630521
 0 0.630529
 0 0.630529
 0 0.63053
 0 0.630534
 0 0.630546
 0 0.630553
 0 0.630553
 0 0.630553
 0 0.630562
 0 0.630562
 0 0.630563
 0 0.630582
 0 0.630582
 0 0.630583
 0 0.630602
 0 0.630602
 0 0.63062
 0 0.630627
 0 0.630627
 0 0.630635
 0 0.630638
 0 0.630639
 0 0.630649
 0 0.630673
 0 0.630674
 0 0.630674
 0 0.630682
 0 0.630683
 0 0.6307
 0 0.630703
 0 0.630704
 0 0.630718
 0 0.630719
 0 0.630719
 0 0.630734
 0 0.630735
 0 0.630736
 0 0.630736
 0 0.630737
 0 0.630737
 0 0.630737
 0 0.630744
 0 0.630757
 0 0.630757
 0 0.630774
 0 0.630774
 0 0.630778
 0 0.630779
 0 0.63078
 0 0.630804
 0 0.630811
 0 0.630813
 0 0.630825
 0 0.630825
 0 0.630825
 0 0.630838
 0 0.630839
 0 0.630839
 0 0.630839
 0 0.630876
 0 0.630876
 0 0.630876
 0 0.630877
 0 0.630903
 0 0.630903
 0 0.630905
 0 0.630905
 0 0.630915
 0 0.630916
 0 0.630916
 0 0.630925
 0 0.630931
 0 0.630931
 0 0.630932
 0 0.630945
 0 0.630945
 0 0.630947
 0 0.630947
 0 0.630968
 0 0.630968
 0 0.630976
 0 0.630976
 0 0.630981
 0 0.630981
 0 0.631001
 0 0.631022
 0 0.631022
 0 0.631044
 0 0.631068
 0 0.631071
 0 0.631071
 0 0.631073
 0 0.631089
 0 0.631115
 0 0.631115
 0 0.631133
 0 0.631133
 0 0.631134
 0 0.631158
 0 0.631169
 0 0.631172
 0 0.631173
 0 0.631173
 0 0.631173
 0 0.63118
 0 0.631182
 0 0.631193
 0 0.631193
 0 0.631193
 0 0.631198
 0 0.631198
 0 0.631198
 0 0.631205
 0 0.631205
 0 0.631205
 0 0.631222
 0 0.631222
 0 0.631223
 0 0.631229
 0 0.631236
 0 0.631236
 0 0.631236
 0 0.631236
 0 0.631236
 0 0.631242
 0 0.631248
 0 0.631249
 0 0.63126
 0 0.63126
 0 0.631284
 0 0.631284
 0 0.631285
 0 0.631285
 0 0.631285
 0 0.631285
 0 0.631309
 0 0.631315
 0 0.631315
 0 0.631321
 0 0.631321
 0 0.631324
 0 0.631333
 0 0.631339
 0 0.631343
 0 0.63138
 0 0.631388
 0 0.631415
 0 0.631419
 0 0.63142
 0 0.63142
 0 0.63142
 0 0.63142
 0 0.631422
 0 0.631422
 0 0.631422
 0 0.631428
 0 0.631428
 0 0.631441
 0 0.631441
 0 0.631445
 0 0.631446
 0 0.631446
 0 0.631446
 0 0.631454
 0 0.631471
 0 0.631472
 0 0.631472
 0 0.631478
 0 0.631494
 0 0.631498
 0 0.631499
 0 0.6315
 0 0.631516
 0 0.631519
 0 0.631519
 0 0.631521
 0 0.631522
 0 0.631522
 0 0.631557
 0 0.631583
 0 0.631583
 0 0.631585
 0 0.631605
 0 0.631606
 0 0.631609
 0 0.631614
 0 0.631614
 0 0.631618
 0 0.631618
 0 0.631618
 0 0.631618
 0 0.631619
 0 0.631641
 0 0.631662
 0 0.631663
 0 0.631663
 0 0.631663
 0 0.631686
 0 0.631686
 0 0.631687
 0 0.631703
 0 0.631704
 0 0.631712
 0 0.631725
 0 0.631727
 0 0.631729
 0 0.631731
 0 0.631748
 0 0.631749
 0 0.631749
 0 0.631789
 0 0.631793
 0 0.631806
 0 0.631806
 0 0.631806
 0 0.631807
 0 0.631809
 0 0.631813
 0 0.631814
 0 0.631814
 0 0.631814
 0 0.631821
 0 0.631852
 0 0.631852
 0 0.631855
 0 0.631855
 0 0.631855
 0 0.631878
 0 0.631878
 0 0.631891
 0 0.631891
 0 0.631915
 0 0.631916
 0 0.631922
 0 0.631922
 0 0.631922
 0 0.631923
 0 0.631925
 0 0.631925
 0 0.631925
 0 0.631926
 0 0.631926
 0 0.631947
 0 0.631948
 0 0.631956
 0 0.631965
 0 0.631966
 0 0.631972
 0 0.631989
 0 0.63199
 0 0.632011
 0 0.632012
 0 0.632012
 0 0.632016
 0 0.632017
 0 0.632022
 0 0.632022
 0 0.632039
 0 0.63206
 0 0.63206
 0 0.632066
 0 0.632067
 0 0.632068
 0 0.632068
 0 0.632068
 0 0.632068
 0 0.632068
 0 0.632069
 0 0.632074
 0 0.632076
 0 0.632078
 0 0.632093
 0 0.632111
 0 0.632112
 0 0.632112
 0 0.632112
 0 0.632126
 0 0.632127
 0 0.632147
 0 0.632147
 0 0.632167
 0 0.632168
 0 0.632168
 0 0.632168
 0 0.632168
 0 0.632181
 0 0.632182
 0 0.632182
 0 0.632182
 0 0.632191
 0 0.632191
 0 0.632192
 0 0.632197
 0 0.632226
 0 0.632241
 0 0.632249
 0 0.632249
 0 0.632249
 0 0.632249
 0 0.63228
 0 0.632281
 0 0.632288
 0 0.632343
 0 0.632344
 0 0.632356
 0 0.632356
 0 0.63236
 0 0.63236
 0 0.632369
 0 0.632386
 0 0.632407
 0 0.632408
 0 0.632413
 0 0.632414
 0 0.632444
 0 0.632444
 0 0.632444
 0 0.632457
 0 0.632457
 0 0.632457
 0 0.632471
 0 0.632472
 0 0.632472
 0 0.632501
 0 0.632502
 0 0.632502
 0 0.632502
 0 0.632514
 0 0.632516
 0 0.632525
 0 0.632526
 0 0.632537
 0 0.632538
 0 0.632538
 0 0.632539
 0 0.632543
 0 0.632559
 0 0.632599
 0 0.6326
 0 0.6326
 0 0.6326
 0 0.632602
 0 0.632604
 0 0.63261
 0 0.63261
 0 0.632616
 0 0.632618
 0 0.632618
 0 0.632619
 0 0.632639
 0 0.632653
 0 0.63266
 0 0.632665
 0 0.632665
 0 0.632701
 0 0.632712
 0 0.632712
 0 0.632716
 0 0.632718
 0 0.632723
 0 0.632723
 0 0.632732
 0 0.632741
 0 0.632741
 0 0.632746
 0 0.632754
 0 0.632767
 0 0.632768
 0 0.632771
 0 0.632771
 0 0.632772
 0 0.632772
 0 0.632839
 0 0.632854
 0 0.632857
 0 0.632857
 0 0.632859
 0 0.63286
 0 0.632863
 0 0.632863
 0 0.632865
 0 0.632869
 0 0.632869
 0 0.632874
 0 0.632879
 0 0.632879
 0 0.632879
 0 0.632879
 0 0.632879
 0 0.632884
 0 0.632884
 0 0.632899
 0 0.6329
 0 0.6329
 0 0.632918
 0 0.632919
 0 0.632919
 0 0.63292
 0 0.632924
 0 0.632925
 0 0.632925
 0 0.632925
 0 0.632925
 0 0.632943
 0 0.632969
 0 0.63297
 0 0.632981
 0 0.632982
 0 0.633022
 0 0.633022
 0 0.633022
 0 0.633022
 0 0.633029
 0 0.633036
 0 0.633036
 0 0.633038
 0 0.633041
 0 0.633056
 0 0.633056
 0 0.633057
 0 0.633066
 0 0.633066
 0 0.633066
 0 0.633066
 0 0.633066
 0 0.633067
 0 0.63307
 0 0.633095
 0 0.633106
 0 0.633107
 0 0.633107
 0 0.633108
 0 0.633111
 0 0.633114
 0 0.633114
 0 0.63313
 0 0.63313
 0 0.633131
 0 0.633131
 0 0.633132
 0 0.633153
 0 0.633153
 0 0.633182
 0 0.633183
 0 0.633184
 0 0.633185
 0 0.633191
 0 0.633195
 0 0.633215
 0 0.633215
 0 0.633216
 0 0.633227
 0 0.633228
 0 0.633228
 0 0.63323
 0 0.633231
 0 0.633233
 0 0.633233
 0 0.633233
 0 0.633238
 0 0.633238
 0 0.633238
 0 0.633262
 0 0.633262
 0 0.633266
 0 0.633267
 0 0.633268
 0 0.633269
 0 0.633269
 0 0.633275
 0 0.633275
 0 0.633284
 0 0.633288
 0 0.633319
 0 0.633332
 0 0.633332
 0 0.633361
 0 0.633362
 0 0.633362
 0 0.633376
 0 0.633377
 0 0.633377
 0 0.633383
 0 0.633398
 0 0.633398
 0 0.633399
 0 0.633399
 0 0.633401
 0 0.633401
 0 0.63341
 0 0.633411
 0 0.633411
 0 0.633437
 0 0.633437
 0 0.633438
 0 0.633442
 0 0.633443
 0 0.633444
 0 0.633444
 0 0.633445
 0 0.633447
 0 0.633473
 0 0.633485
 0 0.633486
 0 0.633486
 0 0.633486
 0 0.633488
 0 0.633513
 0 0.633513
 0 0.633518
 0 0.633534
 0 0.633544
 0 0.633548
 0 0.633556
 0 0.633556
 0 0.633557
 0 0.633581
 0 0.633584
 0 0.633584
 0 0.633584
 0 0.633584
 0 0.633594
 0 0.633603
 0 0.633604
 0 0.633605
 0 0.633606
 0 0.633616
 0 0.633616
 0 0.633616
 0 0.633617
 0 0.633617
 0 0.633617
 0 0.63367
 0 0.633673
 0 0.633673
 0 0.633705
 0 0.633721
 0 0.633734
 0 0.633735
 0 0.633735
 0 0.633765
 0 0.633786
 0 0.633787
 0 0.633802
 0 0.633815
 0 0.633822
 0 0.633831
 0 0.633848
 0 0.633852
 0 0.63386
 0 0.633861
 0 0.633892
 0 0.633894
 0 0.633908
 0 0.633911
 0 0.633911
 0 0.633912
 0 0.633912
 0 0.633981
 0 0.63402
 0 0.634021
 0 0.634024
 0 0.634024
 0 0.634024
 0 0.634024
 0 0.634058
 0 0.63406
 0 0.634078
 0 0.63409
 0 0.63409
 0 0.634108
 0 0.634108
 0 0.634112
 0 0.634112
 0 0.634112
 0 0.634126
 0 0.634133
 0 0.634136
 0 0.634136
 0 0.634136
 0 0.634136
 0 0.634136
 0 0.634137
 0 0.634137
 0 0.634137
 0 0.634137
 0 0.634144
 0 0.634144
 0 0.634144
 0 0.634147
 0 0.634147
 0 0.634151
 0 0.634151
 0 0.634151
 0 0.634151
 0 0.634171
 0 0.634171
 0 0.634188
 0 0.634188
 0 0.634229
 0 0.634229
 0 0.634229
 0 0.634233
 0 0.634233
 0 0.634233
 0 0.634244
 0 0.634244
 0 0.63431
 0 0.63431
 0 0.63431
 0 0.634322
 0 0.634323
 0 0.634337
 0 0.634366
 0 0.634371
 0 0.634372
 0 0.63439
 0 0.63439
 0 0.63439
 0 0.634393
 0 0.634393
 0 0.634415
 0 0.634435
 0 0.634436
 0 0.634436
 0 0.634437
 0 0.634437
 0 0.634445
 0 0.634448
 0 0.634449
 0 0.634449
 0 0.634449
 0 0.634449
 0 0.634449
 0 0.634452
 0 0.634453
 0 0.634468
 0 0.634497
 0 0.634504
 0 0.634517
 0 0.63454
 0 0.63454
 0 0.63454
 0 0.634551
 0 0.634551
 0 0.634551
 0 0.634553
 0 0.634553
 0 0.634575
 0 0.634575
 0 0.634584
 0 0.634584
 0 0.634587
 0 0.634597
 0 0.6346
 0 0.6346
 0 0.6346
 0 0.634604
 0 0.634605
 0 0.634618
 0 0.634618
 0 0.634621
 0 0.634668
 0 0.634668
 0 0.634707
 0 0.63471
 0 0.634711
 0 0.634736
 0 0.634744
 0 0.634751
 0 0.634751
 0 0.63476
 0 0.634774
 0 0.634833
 0 0.634834
 0 0.634834
 0 0.634845
 0 0.634858
 0 0.634858
 0 0.634858
 0 0.634858
 0 0.634881
 0 0.634882
 0 0.634886
 0 0.634887
 0 0.634894
 0 0.634894
 0 0.634915
 0 0.634941
 0 0.634981
 0 0.634982
 0 0.635039
 0 0.635077
 0 0.635077
 0 0.635077
 0 0.635113
 0 0.63515
 0 0.635179
 0 0.635185
 0 0.635185
 0 0.635214
 0 0.635224
 0 0.635298
 0 0.635315
 0 0.635353
 0 0.635353
 0 0.635353
 0 0.635356
 0 0.635356
 0 0.635356
 0 0.63536
 0 0.635393
 0 0.635399
 0 0.6354
 0 0.6354
 0 0.635484
 0 0.635484
 0 0.635485
 0 0.635494
 0 0.635495
 0 0.635519
 0 0.63552
 0 0.63552
 0 0.63552
 0 0.635521
 0 0.635529
 0 0.635599
 0 0.635611
 0 0.635611
 0 0.635611
 0 0.635612
 0 0.63563
 0 0.635636
 0 0.635636
 0 0.635669
 0 0.635669
 0 0.635693
 0 0.635693
 0 0.635693
 0 0.635693
 0 0.635693
 0 0.635694
 0 0.635694
 0 0.635726
 0 0.635731
 0 0.635731
 0 0.635775
 0 0.635814
 0 0.635815
 0 0.635834
 0 0.635834
 0 0.635844
 0 0.635844
 0 0.635844
 0 0.635844
 0 0.635844
 0 0.635849
 0 0.635849
 0 0.635849
 0 0.63585
 0 0.635919
 0 0.635919
 0 0.63592
 0 0.635921
 0 0.635922
 0 0.635929
 0 0.635988
 0 0.635988
 0 0.635988
 0 0.635988
 0 0.636079
 0 0.636079
 0 0.636083
 0 0.636083
 0 0.636161
 0 0.636162
 0 0.636162
 0 0.636162
 0 0.636185
 0 0.636185
 0 0.636217
 0 0.636248
 0 0.636257
 0 0.636257
 0 0.636356
 0 0.636356
 0 0.63636
 0 0.63636
 0 0.636361
 0 0.636381
 0 0.636381
 0 0.636386
 0 0.636397
 0 0.636397
 0 0.636397
 0 0.636415
 0 0.63642
 0 0.636422
 0 0.636497
 0 0.636544
 0 0.636545
 0 0.636545
 0 0.636563
 0 0.636564
 0 0.636584
 0 0.636617
 0 0.636617
 0 0.63666
 0 0.63666
 0 0.636685
 0 0.636686
 0 0.636708
 0 0.636709
 0 0.636733
 0 0.636745
 0 0.636747
 0 0.636883
 0 0.636883
 0 0.636969
 0 0.63697
 0 0.63697
 0 0.637005
 0 0.637025
 0 0.637025
 0 0.637025
 0 0.637063
 0 0.637063
 0 0.637092
 0 0.637135
 0 0.637135
 0 0.637163
 0 0.637163
 0 0.637173
 0 0.637184
 0 0.637194
 0 0.637195
 0 0.637267
 0 0.637267
 0 0.637283
 0 0.637309
 0 0.637309
 0 0.63731
 0 0.63731
 0 0.63731
 0 0.637311
 0 0.637312
 0 0.637315
 0 0.637315
 0 0.637316
 0 0.637366
 0 0.637392
 0 0.637392
 0 0.637393
 0 0.637459
 0 0.637463
 0 0.637553
 0 0.637554
 0 0.637559
 0 0.637559
 0 0.637559
 0 0.637573
 0 0.637605
 0 0.637637
 0 0.637638
 0 0.637643
 0 0.637798
 0 0.637856
 0 0.637856
 0 0.637857
 0 0.637857
 0 0.637892
 0 0.637912
 0 0.637922
 0 0.637963
 0 0.637981
 0 0.637981
 0 0.638025
 0 0.638058
 0 0.638058
 0 0.638108
 0 0.638123
 0 0.638125
 0 0.638179
 0 0.638183
 0 0.638186
 0 0.638302
 0 0.638322
 0 0.638352
 0 0.638353
 0 0.638374
 0 0.638378
 0 0.638378
 0 0.638378
 0 0.638434
 0 0.638499
 0 0.638549
 0 0.638549
 0 0.638549
 0 0.638569
 0 0.638569
 0 0.638569
 0 0.638606
 0 0.638608
 0 0.638635
 0 0.638718
 0 0.63872
 0 0.63872
 0 0.638727
 0 0.638835
 0 0.638835
 0 0.638855
 0 0.638913
 0 0.639395
 0 0.639485
 0 0.639485
 0 0.639485
 0 0.639551
 0 0.639552
 0 0.639738
 0 0.63974
 0 0.641374
 0 0.641992
 0 0.641993
 0 0.641993
 0 0.642301
 0 0.642301
 0 inf
