 0 0.490565
 0 0.49079
 0 0.49079
 0 0.491435
 0 0.491563
 0 0.491563
 0 0.491563
 0 0.491659
 0 0.491659
 0 0.49166
 0 0.491661
 0 0.491661
 0 0.619437
 0 0.619437
 0 0.62097
 0 0.62097
 0 0.620972
 0 0.620972
 0 0.621791
 0 0.621798
 0 0.6218
 0 0.6218
 0 0.6218
 0 0.622796
 0 0.623657
 0 0.623659
 0 0.623659
 0 0.623659
 0 0.623908
 0 0.623908
 0 0.624741
 0 0.624742
 0 0.624742
 0 0.624742
 0 0.624742
 0 0.625253
 0 0.625253
 0 0.625419
 0 0.625544
 0 0.625713
 0 0.625735
 0 0.625736
 0 0.625781
 0 0.625966
 0 0.625966
 0 0.626077
 0 0.626077
 0 0.626116
 0 0.626117
 0 0.626122
 0 0.626122
 0 0.626122
 0 0.626158
 0 0.626158
 0 0.626158
 0 0.626159
 0 0.62623
 0 0.62623
 0 0.626268
 0 0.626268
 0 0.626268
 0 0.626276
 0 0.626277
 0 0.626298
 0 0.626298
 0 0.626309
 0 0.62631
 0 0.62631
 0 0.62644
 0 0.626441
 0 0.626463
 0 0.626463
 0 0.626463
 0 0.626463
 0 0.626515
 0 0.626515
 0 0.626657
 0 0.626719
 0 0.626813
 0 0.626985
 0 0.627081
 0 0.627081
 0 0.627123
 0 0.627123
 0 0.627159
 0 0.627221
 0 0.627434
 0 0.627434
 0 0.62747
 0 0.627568
 0 0.627569
 0 0.627621
 0 0.627623
 0 0.627623
 0 0.627623
 0 0.627721
 0 0.627908
 0 0.627908
 0 0.627909
 0 0.627982
 0 0.627982
 0 0.627983
 0 0.6281
 0 0.628117
 0 0.628117
 0 0.628118
 0 0.628179
 0 0.628179
 0 0.628179
 0 0.62818
 0 0.62818
 0 0.62824
 0 0.62824
 0 0.628271
 0 0.628333
 0 0.628333
 0 0.628333
 0 0.628365
 0 0.628365
 0 0.628416
 0 0.628421
 0 0.628434
 0 0.628435
 0 0.62848
 0 0.628481
 0 0.628482
 0 0.628493
 0 0.628498
 0 0.628499
 0 0.628509
 0 0.628511
 0 0.62853
 0 0.628532
 0 0.628532
 0 0.628532
 0 0.628533
 0 0.628536
 0 0.628536
 0 0.628536
 0 0.628558
 0 0.628558
 0 0.628558
 0 0.628584
 0 0.628615
 0 0.628615
 0 0.628625
 0 0.628625
 0 0.628626
 0 0.628626
 0 0.628652
 0 0.628653
 0 0.628654
 0 0.628741
 0 0.628742
 0 0.628742
 0 0.628778
 0 0.628778
 0 0.628778
 0 0.628806
 0 0.62887
 0 0.62887
 0 0.62887
 0 0.628927
 0 0.628931
 0 0.628941
 0 0.628947
 0 0.628947
 0 0.628974
 0 0.628975
 0 0.629022
 0 0.629022
 0 0.629023
 0 0.629023
 0 0.629024
 0 0.629076
 0 0.629099
 0 0.629099
 0 0.629122
 0 0.629125
 0 0.629125
 0 0.629148
 0 0.62915
 0 0.629158
 0 0.629158
 0 0.629162
 0 0.629163
 0 0.629163
 0 0.629164
 0 0.629187
 0 0.629187
 0 0.629207
 0 0.62923
 0 0.629242
 0 0.629252
 0 0.629261
 0 0.62927
 0 0.629271
 0 0.629292
 0 0.629292
 0 0.629295
 0 0.629295
 0 0.629295
 0 0.629298
 0 0.629328
 0 0.629328
 0 0.629335
 0 0.629337
 0 0.629353
 0 0.629354
 0 0.629414
 0 0.629414
 0 0.629429
 0 0.629429
 0 0.62943
 0 0.62943
 0 0.629436
 0 0.629436
 0 0.62963
 0 0.62963
 0 0.629638
 0 0.629639
 0 0.629639
 0 0.62964
 0 0.629642
 0 0.629676
 0 0.629693
 0 0.629693
 0 0.629693
 0 0.629693
 0 0.629695
 0 0.629695
 0 0.629711
 0 0.629711
 0 0.629711
 0 0.629711
 0 0.629722
 0 0.629749
 0 0.629753
 0 0.629753
 0 0.629754
 0 0.629754
 0 0.62977
 0 0.629788
 0 0.629804
 0 0.629821
 0 0.629823
 0 0.629833
 0 0.629833
 0 0.629848
 0 0.629848
 0 0.629849
 0 0.629861
 0 0.629861
 0 0.629861
 0 0.629861
 0 0.6299
 0 0.6299
 0 0.6299
 0 0.629949
 0 0.629949
 0 0.629961
 0 0.629961
 0 0.629963
 0 0.629986
 0 0.629988
 0 0.630007
 0 0.630008
 0 0.630008
 0 0.630008
 0 0.630022
 0 0.630029
 0 0.630029
 0 0.630029
 0 0.63003
 0 0.630087
 0 0.630088
 0 0.630107
 0 0.630107
 0 0.630107
 0 0.630109
 0 0.630109
 0 0.630109
 0 0.630109
 0 0.630109
 0 0.63011
 0 0.630114
 0 0.630114
 0 0.630115
 0 0.630119
 0 0.63012
 0 0.630144
 0 0.630166
 0 0.630181
 0 0.630182
 0 0.630217
 0 0.630217
 0 0.630218
 0 0.630219
 0 0.630219
 0 0.630233
 0 0.630233
 0 0.630233
 0 0.630252
 0 0.630252
 0 0.630252
 0 0.630277
 0 0.630277
 0 0.630285
 0 0.630285
 0 0.630285
 0 0.630356
 0 0.630385
 0 0.630386
 0 0.630387
 0 0.630411
 0 0.630411
 0 0.630412
 0 0.630413
 0 0.630465
 0 0.630473
 0 0.630473
 0 0.63052
 0 0.63052
 0 0.630528
 0 0.63054
 0 0.63054
 0 0.630541
 0 0.630563
 0 0.630564
 0 0.630579
 0 0.630579
 0 0.630579
 0 0.630585
 0 0.630585
 0 0.630601
 0 0.630601
 0 0.630601
 0 0.630603
 0 0.630607
 0 0.630635
 0 0.630646
 0 0.630661
 0 0.630661
 0 0.630662
 0 0.63067
 0 0.63067
 0 0.630689
 0 0.630689
 0 0.630696
 0 0.630696
 0 0.630696
 0 0.630696
 0 0.630701
 0 0.630709
 0 0.630755
 0 0.630756
 0 0.63076
 0 0.630761
 0 0.630786
 0 0.630788
 0 0.630788
 0 0.630788
 0 0.630788
 0 0.630819
 0 0.63082
 0 0.630848
 0 0.630848
 0 0.630852
 0 0.630852
 0 0.63087
 0 0.63087
 0 0.63087
 0 0.63087
 0 0.630871
 0 0.630873
 0 0.630873
 0 0.630875
 0 0.630897
 0 0.630915
 0 0.630975
 0 0.630975
 0 0.630975
 0 0.630984
 0 0.630984
 0 0.630985
 0 0.631004
 0 0.631004
 0 0.631005
 0 0.631025
 0 0.631026
 0 0.631031
 0 0.631031
 0 0.631038
 0 0.631041
 0 0.631041
 0 0.631047
 0 0.631048
 0 0.631048
 0 0.631052
 0 0.631052
 0 0.631076
 0 0.631076
 0 0.631078
 0 0.631078
 0 0.631094
 0 0.631107
 0 0.631107
 0 0.631107
 0 0.631112
 0 0.631112
 0 0.631149
 0 0.631155
 0 0.631172
 0 0.631197
 0 0.631198
 0 0.631198
 0 0.631199
 0 0.6312
 0 0.631204
 0 0.631206
 0 0.631229
 0 0.631229
 0 0.631229
 0 0.631249
 0 0.631273
 0 0.631274
 0 0.631279
 0 0.631279
 0 0.63128
 0 0.63128
 0 0.631289
 0 0.631297
 0 0.631298
 0 0.631299
 0 0.631324
 0 0.631324
 0 0.631325
 0 0.631325
 0 0.631326
 0 0.631332
 0 0.631332
 0 0.631335
 0 0.631336
 0 0.631336
 0 0.631406
 0 0.631406
 0 0.631406
 0 0.631429
 0 0.631434
 0 0.631434
 0 0.631434
 0 0.631459
 0 0.63146
 0 0.631478
 0 0.631479
 0 0.631479
 0 0.631509
 0 0.631509
 0 0.631509
 0 0.63151
 0 0.631533
 0 0.631543
 0 0.631543
 0 0.631546
 0 0.631546
 0 0.631559
 0 0.631561
 0 0.631564
 0 0.631575
 0 0.631576
 0 0.631576
 0 0.631576
 0 0.631576
 0 0.631576
 0 0.631585
 0 0.631586
 0 0.631586
 0 0.631587
 0 0.631587
 0 0.631589
 0 0.63159
 0 0.63159
 0 0.631592
 0 0.631592
 0 0.631596
 0 0.631597
 0 0.631598
 0 0.631603
 0 0.631603
 0 0.631635
 0 0.631647
 0 0.631648
 0 0.63165
 0 0.63165
 0 0.63165
 0 0.631669
 0 0.631669
 0 0.631695
 0 0.631695
 0 0.631705
 0 0.631708
 0 0.631757
 0 0.631767
 0 0.631767
 0 0.631774
 0 0.631783
 0 0.631783
 0 0.631796
 0 0.631796
 0 0.631817
 0 0.631818
 0 0.63183
 0 0.631839
 0 0.631839
 0 0.631846
 0 0.631863
 0 0.631881
 0 0.631884
 0 0.631884
 0 0.631905
 0 0.631906
 0 0.631907
 0 0.631922
 0 0.631931
 0 0.631932
 0 0.631968
 0 0.63197
 0 0.631971
 0 0.631982
 0 0.631982
 0 0.631985
 0 0.631986
 0 0.631997
 0 0.631997
 0 0.631998
 0 0.632015
 0 0.632017
 0 0.632024
 0 0.632024
 0 0.632024
 0 0.63203
 0 0.63203
 0 0.63204
 0 0.632053
 0 0.632087
 0 0.632096
 0 0.632097
 0 0.632097
 0 0.632099
 0 0.632102
 0 0.632106
 0 0.632106
 0 0.63211
 0 0.632116
 0 0.632148
 0 0.632156
 0 0.632156
 0 0.632162
 0 0.632167
 0 0.632187
 0 0.632189
 0 0.632194
 0 0.632197
 0 0.632228
 0 0.632228
 0 0.63224
 0 0.632253
 0 0.63227
 0 0.632272
 0 0.632292
 0 0.632297
 0 0.632298
 0 0.632304
 0 0.632304
 0 0.632305
 0 0.632321
 0 0.632329
 0 0.632331
 0 0.632331
 0 0.632331
 0 0.632337
 0 0.632337
 0 0.632337
 0 0.632361
 0 0.632365
 0 0.632388
 0 0.632389
 0 0.6324
 0 0.632401
 0 0.632405
 0 0.632411
 0 0.632411
 0 0.632412
 0 0.632419
 0 0.63242
 0 0.63242
 0 0.632424
 0 0.632426
 0 0.632426
 0 0.632426
 0 0.632435
 0 0.632436
 0 0.632437
 0 0.632437
 0 0.632437
 0 0.632458
 0 0.632458
 0 0.632459
 0 0.632459
 0 0.632459
 0 0.632466
 0 0.632466
 0 0.632466
 0 0.632466
 0 0.632483
 0 0.632491
 0 0.632491
 0 0.632491
 0 0.632504
 0 0.632504
 0 0.632517
 0 0.632546
 0 0.632546
 0 0.632551
 0 0.632552
 0 0.632563
 0 0.63257
 0 0.632571
 0 0.632572
 0 0.632572
 0 0.632584
 0 0.632584
 0 0.632587
 0 0.63259
 0 0.632597
 0 0.632597
 0 0.632599
 0 0.632599
 0 0.632599
 0 0.632599
 0 0.632602
 0 0.632602
 0 0.632603
 0 0.632606
 0 0.632606
 0 0.632606
 0 0.632606
 0 0.632616
 0 0.632617
 0 0.632621
 0 0.632621
 0 0.632621
 0 0.632621
 0 0.632621
 0 0.632623
 0 0.632623
 0 0.632634
 0 0.632634
 0 0.632639
 0 0.632639
 0 0.632639
 0 0.632643
 0 0.632643
 0 0.632664
 0 0.632664
 0 0.632665
 0 0.632672
 0 0.632672
 0 0.632672
 0 0.632672
 0 0.632672
 0 0.632704
 0 0.632704
 0 0.632712
 0 0.632714
 0 0.63273
 0 0.632731
 0 0.632743
 0 0.632765
 0 0.632767
 0 0.63278
 0 0.632794
 0 0.632811
 0 0.632817
 0 0.632817
 0 0.632834
 0 0.632854
 0 0.632854
 0 0.632869
 0 0.63287
 0 0.63287
 0 0.63287
 0 0.63287
 0 0.63287
 0 0.63287
 0 0.6329
 0 0.632909
 0 0.632918
 0 0.632918
 0 0.63292
 0 0.632921
 0 0.632921
 0 0.632921
 0 0.632922
 0 0.63293
 0 0.632931
 0 0.632938
 0 0.63295
 0 0.632951
 0 0.632952
 0 0.632953
 0 0.632971
 0 0.632976
 0 0.632976
 0 0.633
 0 0.633
 0 0.633
 0 0.633022
 0 0.633024
 0 0.633025
 0 0.633026
 0 0.633027
 0 0.633027
 0 0.633028
 0 0.633029
 0 0.633032
 0 0.633032
 0 0.633047
 0 0.63306
 0 0.633063
 0 0.633063
 0 0.633067
 0 0.633075
 0 0.633076
 0 0.633107
 0 0.633108
 0 0.633108
 0 0.633108
 0 0.633108
 0 0.633108
 0 0.633109
 0 0.633111
 0 0.633112
 0 0.63312
 0 0.633121
 0 0.633121
 0 0.633123
 0 0.633123
 0 0.633132
 0 0.633133
 0 0.633133
 0 0.633146
 0 0.633147
 0 0.633156
 0 0.633159
 0 0.633171
 0 0.633171
 0 0.633171
 0 0.633172
 0 0.633172
 0 0.633172
 0 0.633194
 0 0.633202
 0 0.633207
 0 0.633213
 0 0.633213
 0 0.633215
 0 0.633246
 0 0.633246
 0 0.633248
 0 0.633248
 0 0.633255
 0 0.633255
 0 0.633256
 0 0.633266
 0 0.6333
 0 0.6333
 0 0.633319
 0 0.633319
 0 0.633319
 0 0.633319
 0 0.633319
 0 0.633325
 0 0.633346
 0 0.633351
 0 0.633352
 0 0.633355
 0 0.633355
 0 0.633355
 0 0.633361
 0 0.633362
 0 0.633368
 0 0.633368
 0 0.633372
 0 0.633374
 0 0.633395
 0 0.633395
 0 0.633395
 0 0.633395
 0 0.633399
 0 0.6334
 0 0.633412
 0 0.633421
 0 0.633424
 0 0.63344
 0 0.633446
 0 0.633446
 0 0.633447
 0 0.633447
 0 0.633456
 0 0.633457
 0 0.633457
 0 0.633463
 0 0.633465
 0 0.633471
 0 0.633484
 0 0.633486
 0 0.633486
 0 0.63349
 0 0.633491
 0 0.633502
 0 0.633503
 0 0.633515
 0 0.633521
 0 0.633531
 0 0.633538
 0 0.633538
 0 0.63354
 0 0.63354
 0 0.633544
 0 0.633545
 0 0.633545
 0 0.633548
 0 0.633549
 0 0.633549
 0 0.63355
 0 0.63357
 0 0.63357
 0 0.633596
 0 0.633596
 0 0.633601
 0 0.633607
 0 0.633608
 0 0.633609
 0 0.633663
 0 0.633669
 0 0.633679
 0 0.63368
 0 0.63368
 0 0.633682
 0 0.633682
 0 0.633682
 0 0.633683
 0 0.633727
 0 0.633727
 0 0.633727
 0 0.633743
 0 0.633751
 0 0.633752
 0 0.633752
 0 0.63378
 0 0.63378
 0 0.633781
 0 0.633786
 0 0.633799
 0 0.633813
 0 0.633813
 0 0.633815
 0 0.633815
 0 0.633818
 0 0.633819
 0 0.633823
 0 0.633825
 0 0.633825
 0 0.633841
 0 0.633856
 0 0.633857
 0 0.633857
 0 0.633861
 0 0.633861
 0 0.633869
 0 0.63387
 0 0.633913
 0 0.633925
 0 0.633948
 0 0.633955
 0 0.633957
 0 0.633972
 0 0.633972
 0 0.634018
 0 0.63402
 0 0.634032
 0 0.634062
 0 0.634062
 0 0.634062
 0 0.634064
 0 0.634064
 0 0.634074
 0 0.634074
 0 0.634074
 0 0.634074
 0 0.634074
 0 0.634108
 0 0.63412
 0 0.63412
 0 0.634125
 0 0.634125
 0 0.634133
 0 0.634133
 0 0.634133
 0 0.634138
 0 0.634161
 0 0.634162
 0 0.634171
 0 0.634171
 0 0.63418
 0 0.634205
 0 0.634232
 0 0.634233
 0 0.634243
 0 0.634243
 0 0.634263
 0 0.634263
 0 0.634263
 0 0.634264
 0 0.634294
 0 0.634294
 0 0.634294
 0 0.634298
 0 0.634301
 0 0.634306
 0 0.634316
 0 0.634316
 0 0.634319
 0 0.634322
 0 0.634322
 0 0.634323
 0 0.634323
 0 0.634323
 0 0.634323
 0 0.634324
 0 0.634341
 0 0.634376
 0 0.634376
 0 0.634378
 0 0.634379
 0 0.63438
 0 0.63438
 0 0.634392
 0 0.634396
 0 0.634396
 0 0.634396
 0 0.634398
 0 0.634399
 0 0.634425
 0 0.634434
 0 0.634435
 0 0.634436
 0 0.634437
 0 0.634443
 0 0.634444
 0 0.634444
 0 0.634445
 0 0.634456
 0 0.63448
 0 0.63451
 0 0.63451
 0 0.634535
 0 0.634535
 0 0.634542
 0 0.634542
 0 0.634569
 0 0.634581
 0 0.634581
 0 0.634583
 0 0.634583
 0 0.634588
 0 0.634592
 0 0.634592
 0 0.634611
 0 0.634634
 0 0.63464
 0 0.634688
 0 0.634688
 0 0.634694
 0 0.634695
 0 0.634695
 0 0.634708
 0 0.634711
 0 0.634711
 0 0.634718
 0 0.634718
 0 0.634718
 0 0.634719
 0 0.63472
 0 0.63472
 0 0.634765
 0 0.634783
 0 0.634783
 0 0.634783
 0 0.634817
 0 0.634818
 0 0.63482
 0 0.634863
 0 0.634864
 0 0.634864
 0 0.634888
 0 0.634888
 0 0.634888
 0 0.634888
 0 0.63489
 0 0.634893
 0 0.634913
 0 0.634913
 0 0.634918
 0 0.634919
 0 0.634919
 0 0.634919
 0 0.634921
 0 0.634921
 0 0.634921
 0 0.634921
 0 0.634959
 0 0.634963
 0 0.634963
 0 0.634971
 0 0.634971
 0 0.634971
 0 0.634971
 0 0.634981
 0 0.634982
 0 0.634985
 0 0.634987
 0 0.635016
 0 0.635017
 0 0.635031
 0 0.635032
 0 0.635032
 0 0.635034
 0 0.635034
 0 0.635048
 0 0.635067
 0 0.635072
 0 0.635085
 0 0.635085
 0 0.635098
 0 0.635098
 0 0.635098
 0 0.635099
 0 0.635117
 0 0.63512
 0 0.635126
 0 0.635126
 0 0.635126
 0 0.635127
 0 0.635127
 0 0.635165
 0 0.635166
 0 0.63517
 0 0.635175
 0 0.635176
 0 0.635192
 0 0.635196
 0 0.635196
 0 0.635201
 0 0.635202
 0 0.635205
 0 0.635205
 0 0.635205
 0 0.635211
 0 0.635231
 0 0.635231
 0 0.635242
 0 0.635242
 0 0.635257
 0 0.635257
 0 0.635258
 0 0.635258
 0 0.635276
 0 0.635277
 0 0.635277
 0 0.635301
 0 0.635319
 0 0.635319
 0 0.635331
 0 0.635332
 0 0.635341
 0 0.635341
 0 0.63535
 0 0.63535
 0 0.63535
 0 0.635362
 0 0.635363
 0 0.635385
 0 0.635387
 0 0.635387
 0 0.635387
 0 0.635387
 0 0.63541
 0 0.63541
 0 0.63541
 0 0.635411
 0 0.635412
 0 0.635444
 0 0.635455
 0 0.635467
 0 0.635477
 0 0.635477
 0 0.635489
 0 0.635489
 0 0.635489
 0 0.635494
 0 0.635494
 0 0.635495
 0 0.635496
 0 0.635518
 0 0.635518
 0 0.635519
 0 0.635523
 0 0.635525
 0 0.635539
 0 0.635539
 0 0.635539
 0 0.635587
 0 0.635602
 0 0.635602
 0 0.635603
 0 0.635607
 0 0.635608
 0 0.635609
 0 0.635625
 0 0.635626
 0 0.635635
 0 0.635635
 0 0.635637
 0 0.635637
 0 0.635654
 0 0.635654
 0 0.635657
 0 0.635658
 0 0.635664
 0 0.635664
 0 0.635681
 0 0.635681
 0 0.635681
 0 0.635705
 0 0.635705
 0 0.635709
 0 0.635711
 0 0.635768
 0 0.635769
 0 0.635781
 0 0.635781
 0 0.635781
 0 0.63579
 0 0.63579
 0 0.635791
 0 0.635813
 0 0.635822
 0 0.635822
 0 0.635828
 0 0.635829
 0 0.635838
 0 0.635838
 0 0.635838
 0 0.635841
 0 0.635843
 0 0.635844
 0 0.635845
 0 0.635845
 0 0.635846
 0 0.635854
 0 0.635855
 0 0.635855
 0 0.63588
 0 0.635882
 0 0.635882
 0 0.635882
 0 0.635882
 0 0.635901
 0 0.635917
 0 0.635922
 0 0.635937
 0 0.635937
 0 0.635954
 0 0.635954
 0 0.635973
 0 0.635973
 0 0.635982
 0 0.635982
 0 0.635993
 0 0.635994
 0 0.636002
 0 0.636003
 0 0.636025
 0 0.636028
 0 0.636028
 0 0.636041
 0 0.636041
 0 0.636049
 0 0.636057
 0 0.636058
 0 0.636058
 0 0.63606
 0 0.63606
 0 0.636061
 0 0.636075
 0 0.636098
 0 0.636099
 0 0.6361
 0 0.636126
 0 0.636134
 0 0.636134
 0 0.636135
 0 0.636135
 0 0.636137
 0 0.636137
 0 0.636141
 0 0.636156
 0 0.63617
 0 0.63617
 0 0.636172
 0 0.636182
 0 0.636183
 0 0.636184
 0 0.636202
 0 0.636202
 0 0.636202
 0 0.636202
 0 0.636205
 0 0.636205
 0 0.636206
 0 0.636219
 0 0.636261
 0 0.636262
 0 0.636262
 0 0.636265
 0 0.636271
 0 0.636271
 0 0.636272
 0 0.636286
 0 0.636311
 0 0.636315
 0 0.636316
 0 0.63638
 0 0.63638
 0 0.636387
 0 0.636393
 0 0.636404
 0 0.636405
 0 0.636411
 0 0.636411
 0 0.636416
 0 0.636419
 0 0.636421
 0 0.636422
 0 0.636422
 0 0.636429
 0 0.63643
 0 0.63643
 0 0.63643
 0 0.636444
 0 0.636444
 0 0.636456
 0 0.636457
 0 0.636457
 0 0.636467
 0 0.636496
 0 0.6365
 0 0.63651
 0 0.63651
 0 0.63651
 0 0.636513
 0 0.636514
 0 0.636548
 0 0.636554
 0 0.636569
 0 0.63657
 0 0.636576
 0 0.636578
 0 0.636592
 0 0.636594
 0 0.636595
 0 0.636604
 0 0.636645
 0 0.636647
 0 0.636648
 0 0.636652
 0 0.636652
 0 0.636652
 0 0.636652
 0 0.636702
 0 0.636702
 0 0.636706
 0 0.636706
 0 0.636706
 0 0.636725
 0 0.636725
 0 0.636725
 0 0.636726
 0 0.636739
 0 0.63674
 0 0.636744
 0 0.636744
 0 0.636745
 0 0.636745
 0 0.636801
 0 0.636801
 0 0.636801
 0 0.636811
 0 0.636831
 0 0.636831
 0 0.636856
 0 0.636858
 0 0.636868
 0 0.636869
 0 0.636873
 0 0.636873
 0 0.636912
 0 0.636912
 0 0.636912
 0 0.636914
 0 0.636916
 0 0.636917
 0 0.636918
 0 0.636918
 0 0.636966
 0 0.636966
 0 0.636981
 0 0.636982
 0 0.636998
 0 0.637
 0 0.637013
 0 0.637101
 0 0.637107
 0 0.637108
 0 0.637114
 0 0.637114
 0 0.637114
 0 0.637123
 0 0.637126
 0 0.637135
 0 0.637138
 0 0.637189
 0 0.637189
 0 0.637189
 0 0.637195
 0 0.637202
 0 0.637214
 0 0.637216
 0 0.637216
 0 0.637217
 0 0.637242
 0 0.637246
 0 0.637246
 0 0.637266
 0 0.637266
 0 0.637279
 0 0.637279
 0 0.637279
 0 0.63728
 0 0.637281
 0 0.637281
 0 0.637304
 0 0.637327
 0 0.637328
 0 0.63734
 0 0.63734
 0 0.637341
 0 0.637349
 0 0.637367
 0 0.63739
 0 0.63739
 0 0.637403
 0 0.637412
 0 0.637424
 0 0.637424
 0 0.637482
 0 0.637484
 0 0.637484
 0 0.637532
 0 0.637532
 0 0.637549
 0 0.637549
 0 0.637553
 0 0.637566
 0 0.637584
 0 0.637584
 0 0.637586
 0 0.637587
 0 0.637589
 0 0.637594
 0 0.637594
 0 0.637614
 0 0.637615
 0 0.637621
 0 0.637622
 0 0.637652
 0 0.637652
 0 0.637654
 0 0.637655
 0 0.637655
 0 0.637668
 0 0.637669
 0 0.637669
 0 0.637669
 0 0.637691
 0 0.637782
 0 0.637782
 0 0.637819
 0 0.63782
 0 0.63782
 0 0.637861
 0 0.637861
 0 0.637894
 0 0.637898
 0 0.637898
 0 0.637899
 0 0.637899
 0 0.637899
 0 0.637899
 0 0.637899
 0 0.637924
 0 0.637924
 0 0.637924
 0 0.637924
 0 0.637937
 0 0.637938
 0 0.638027
 0 0.638027
 0 0.638179
 0 0.638188
 0 0.638215
 0 0.638226
 0 0.638226
 0 0.638281
 0 0.638284
 0 0.638292
 0 0.638292
 0 0.638293
 0 0.638318
 0 0.638318
 0 0.638318
 0 0.638327
 0 0.638328
 0 0.638338
 0 0.638412
 0 0.638518
 0 0.638518
 0 0.638518
 0 0.638518
 0 0.638545
 0 0.63858
 0 0.638642
 0 0.638642
 0 0.638683
 0 0.638683
 0 0.638684
 0 0.638684
 0 0.638684
 0 0.638689
 0 0.638689
 0 0.638884
 0 0.638884
 0 0.638976
 0 0.639085
 0 0.639159
 0 0.639159
 0 0.63916
 0 0.63916
 0 0.63916
 0 0.63916
 0 0.63922
 0 0.63922
 0 0.63922
 0 0.63922
 0 0.639308
 0 0.639308
 0 0.639385
 0 0.639385
 0 0.639385
 0 0.639385
 0 0.639391
 0 0.639391
 0 0.639426
 0 0.639495
 0 0.639697
 0 0.639704
 0 0.639732
 0 0.639773
 0 0.639773
 0 0.639832
 0 0.640206
 0 0.640212
 0 0.640212
 0 0.640213
 0 0.640213
 0 0.640301
 0 0.640417
 0 0.640417
 0 0.640417
 0 0.640425
 0 0.640425
 0 0.640426
 0 0.64054
 0 0.640869
 0 0.640928
 0 0.641317
 0 0.64147
 0 0.641689
 0 0.641689
 0 0.64169
 0 0.641718
 0 0.641719
 0 0.642088
 0 0.642094
 0 0.642094
 0 0.642095
 0 0.642141
 0 0.642141
 0 0.642393
 0 0.642393
 0 0.642394
 0 0.642394
 0 1.02873
 0 1.02874
 0 1.02885
 0 1.02898
 0 1.0297
 0 1.0297
 0 inf
