 0 0.488171
 0 0.488172
 0 0.488593
 0 0.488595
 0 0.488595
 0 0.489468
 0 0.496633
 0 0.496634
 0 0.497318
 0 0.497468
 0 0.497469
 0 0.49747
 0 0.621333
 0 0.621334
 0 0.621856
 0 0.621857
 0 0.622443
 0 0.622716
 0 0.622717
 0 0.622717
 0 0.622718
 0 0.623061
 0 0.623061
 0 0.623061
 0 0.623062
 0 0.623067
 0 0.623068
 0 0.623069
 0 0.623069
 0 0.623069
 0 0.62461
 0 0.624875
 0 0.625072
 0 0.625072
 0 0.625218
 0 0.625218
 0 0.625251
 0 0.625251
 0 0.625252
 0 0.625342
 0 0.625343
 0 0.625343
 0 0.625344
 0 0.625405
 0 0.625844
 0 0.625956
 0 0.626006
 0 0.626007
 0 0.62601
 0 0.626055
 0 0.626055
 0 0.626057
 0 0.626145
 0 0.626145
 0 0.626145
 0 0.626145
 0 0.626413
 0 0.626413
 0 0.626414
 0 0.626466
 0 0.626477
 0 0.626477
 0 0.626479
 0 0.626691
 0 0.626715
 0 0.626716
 0 0.626716
 0 0.626826
 0 0.626827
 0 0.626912
 0 0.626912
 0 0.626912
 0 0.626913
 0 0.626977
 0 0.626978
 0 0.627022
 0 0.627129
 0 0.6272
 0 0.627201
 0 0.627202
 0 0.627235
 0 0.627235
 0 0.627239
 0 0.627347
 0 0.627347
 0 0.627404
 0 0.627406
 0 0.627406
 0 0.627407
 0 0.627492
 0 0.627492
 0 0.627494
 0 0.627623
 0 0.627624
 0 0.627625
 0 0.627625
 0 0.627625
 0 0.627695
 0 0.627697
 0 0.627716
 0 0.627719
 0 0.627797
 0 0.627797
 0 0.627804
 0 0.62783
 0 0.627831
 0 0.627843
 0 0.627847
 0 0.627909
 0 0.62793
 0 0.627933
 0 0.627941
 0 0.627941
 0 0.627942
 0 0.627942
 0 0.627961
 0 0.628036
 0 0.628036
 0 0.628036
 0 0.628038
 0 0.628077
 0 0.628078
 0 0.62808
 0 0.628081
 0 0.628144
 0 0.628276
 0 0.628276
 0 0.628289
 0 0.628298
 0 0.628347
 0 0.628347
 0 0.628383
 0 0.628384
 0 0.628419
 0 0.628419
 0 0.628419
 0 0.628436
 0 0.628436
 0 0.628486
 0 0.628487
 0 0.628488
 0 0.628539
 0 0.628554
 0 0.628565
 0 0.628565
 0 0.628565
 0 0.628565
 0 0.628574
 0 0.628607
 0 0.628608
 0 0.62861
 0 0.62861
 0 0.628611
 0 0.628618
 0 0.628619
 0 0.62862
 0 0.62862
 0 0.628631
 0 0.628644
 0 0.628646
 0 0.628649
 0 0.628676
 0 0.628676
 0 0.628689
 0 0.62869
 0 0.62869
 0 0.62869
 0 0.62869
 0 0.628721
 0 0.628789
 0 0.628856
 0 0.628867
 0 0.628912
 0 0.628947
 0 0.628949
 0 0.628951
 0 0.628951
 0 0.628969
 0 0.62897
 0 0.62897
 0 0.628971
 0 0.628994
 0 0.628994
 0 0.629023
 0 0.629024
 0 0.629025
 0 0.629035
 0 0.629037
 0 0.629038
 0 0.629038
 0 0.629039
 0 0.629039
 0 0.629064
 0 0.629065
 0 0.629065
 0 0.629071
 0 0.629073
 0 0.629073
 0 0.629074
 0 0.629074
 0 0.629156
 0 0.629174
 0 0.629175
 0 0.629175
 0 0.62922
 0 0.62922
 0 0.629227
 0 0.629252
 0 0.629256
 0 0.629257
 0 0.629258
 0 0.629278
 0 0.629312
 0 0.62933
 0 0.62933
 0 0.629341
 0 0.629341
 0 0.629341
 0 0.629366
 0 0.629368
 0 0.629394
 0 0.629395
 0 0.629397
 0 0.629397
 0 0.629397
 0 0.629401
 0 0.629422
 0 0.629424
 0 0.629454
 0 0.629454
 0 0.629454
 0 0.629492
 0 0.629493
 0 0.629493
 0 0.629497
 0 0.629497
 0 0.629528
 0 0.629534
 0 0.629604
 0 0.629622
 0 0.629632
 0 0.629632
 0 0.629634
 0 0.629643
 0 0.629646
 0 0.629646
 0 0.629669
 0 0.629736
 0 0.629737
 0 0.629737
 0 0.629779
 0 0.629784
 0 0.629785
 0 0.629871
 0 0.629871
 0 0.62996
 0 0.629961
 0 0.629961
 0 0.630005
 0 0.630058
 0 0.630059
 0 0.630059
 0 0.630059
 0 0.630078
 0 0.630129
 0 0.630157
 0 0.63016
 0 0.63016
 0 0.630161
 0 0.630161
 0 0.630166
 0 0.630221
 0 0.630221
 0 0.630227
 0 0.630287
 0 0.630296
 0 0.630296
 0 0.630297
 0 0.630299
 0 0.630299
 0 0.630299
 0 0.6303
 0 0.630325
 0 0.630333
 0 0.630333
 0 0.630339
 0 0.630339
 0 0.630393
 0 0.630393
 0 0.630394
 0 0.630461
 0 0.630497
 0 0.630497
 0 0.630498
 0 0.630498
 0 0.630499
 0 0.63054
 0 0.630569
 0 0.630571
 0 0.630572
 0 0.630583
 0 0.630608
 0 0.630628
 0 0.630696
 0 0.630731
 0 0.630752
 0 0.630754
 0 0.630811
 0 0.630813
 0 0.630836
 0 0.630836
 0 0.630846
 0 0.630847
 0 0.630849
 0 0.630852
 0 0.630852
 0 0.630852
 0 0.630852
 0 0.630862
 0 0.630863
 0 0.630873
 0 0.630873
 0 0.630873
 0 0.630892
 0 0.630892
 0 0.630893
 0 0.630893
 0 0.630902
 0 0.630902
 0 0.630903
 0 0.630903
 0 0.630907
 0 0.630927
 0 0.630931
 0 0.630933
 0 0.630933
 0 0.630982
 0 0.630983
 0 0.630987
 0 0.630998
 0 0.630999
 0 0.631022
 0 0.631025
 0 0.631026
 0 0.631026
 0 0.631053
 0 0.631053
 0 0.631053
 0 0.631054
 0 0.63109
 0 0.631104
 0 0.631105
 0 0.631106
 0 0.631107
 0 0.631108
 0 0.631115
 0 0.631118
 0 0.631126
 0 0.631127
 0 0.631161
 0 0.631165
 0 0.631165
 0 0.631168
 0 0.631171
 0 0.631172
 0 0.631172
 0 0.631173
 0 0.631173
 0 0.631194
 0 0.631198
 0 0.631216
 0 0.631229
 0 0.631235
 0 0.631236
 0 0.631236
 0 0.631242
 0 0.631242
 0 0.631253
 0 0.631259
 0 0.63126
 0 0.63126
 0 0.631263
 0 0.631263
 0 0.631306
 0 0.631312
 0 0.631318
 0 0.631388
 0 0.631398
 0 0.631412
 0 0.631413
 0 0.631424
 0 0.631434
 0 0.631436
 0 0.631462
 0 0.631475
 0 0.631476
 0 0.631478
 0 0.631478
 0 0.631486
 0 0.631489
 0 0.631489
 0 0.631498
 0 0.631498
 0 0.631537
 0 0.631537
 0 0.631547
 0 0.631547
 0 0.631548
 0 0.631552
 0 0.63159
 0 0.631592
 0 0.631592
 0 0.631595
 0 0.631597
 0 0.63162
 0 0.631621
 0 0.63164
 0 0.631642
 0 0.631661
 0 0.631661
 0 0.631669
 0 0.631672
 0 0.631673
 0 0.631673
 0 0.631692
 0 0.631694
 0 0.631703
 0 0.631728
 0 0.631731
 0 0.631731
 0 0.631732
 0 0.631732
 0 0.631755
 0 0.631757
 0 0.631758
 0 0.631762
 0 0.631763
 0 0.631777
 0 0.631777
 0 0.631777
 0 0.631782
 0 0.631791
 0 0.631791
 0 0.631791
 0 0.631795
 0 0.6318
 0 0.631826
 0 0.631827
 0 0.631848
 0 0.631848
 0 0.631848
 0 0.631849
 0 0.631849
 0 0.631855
 0 0.631863
 0 0.631865
 0 0.631866
 0 0.631875
 0 0.631894
 0 0.631894
 0 0.631904
 0 0.631909
 0 0.631918
 0 0.631932
 0 0.631932
 0 0.631975
 0 0.631975
 0 0.631983
 0 0.631985
 0 0.631986
 0 0.631989
 0 0.631989
 0 0.63199
 0 0.631992
 0 0.632013
 0 0.632049
 0 0.632064
 0 0.632065
 0 0.632065
 0 0.632065
 0 0.632065
 0 0.632072
 0 0.63208
 0 0.63208
 0 0.632082
 0 0.632083
 0 0.632115
 0 0.632115
 0 0.632115
 0 0.632116
 0 0.632129
 0 0.632143
 0 0.632143
 0 0.632143
 0 0.632144
 0 0.632144
 0 0.632144
 0 0.632155
 0 0.632156
 0 0.632156
 0 0.632157
 0 0.632163
 0 0.632163
 0 0.632164
 0 0.632165
 0 0.632167
 0 0.632167
 0 0.63217
 0 0.63217
 0 0.63217
 0 0.63217
 0 0.63219
 0 0.63219
 0 0.632228
 0 0.632228
 0 0.632228
 0 0.632228
 0 0.63223
 0 0.632235
 0 0.632248
 0 0.632248
 0 0.632248
 0 0.632254
 0 0.632254
 0 0.632256
 0 0.632257
 0 0.632259
 0 0.632283
 0 0.632283
 0 0.632293
 0 0.632297
 0 0.6323
 0 0.632312
 0 0.632312
 0 0.632312
 0 0.632312
 0 0.632313
 0 0.63235
 0 0.632372
 0 0.63239
 0 0.632394
 0 0.632395
 0 0.632395
 0 0.632424
 0 0.632424
 0 0.632424
 0 0.632424
 0 0.632425
 0 0.632425
 0 0.632427
 0 0.632439
 0 0.63244
 0 0.632462
 0 0.632462
 0 0.632478
 0 0.632492
 0 0.632492
 0 0.632499
 0 0.6325
 0 0.632511
 0 0.632538
 0 0.632545
 0 0.632546
 0 0.63255
 0 0.632551
 0 0.632551
 0 0.632551
 0 0.632611
 0 0.632613
 0 0.63262
 0 0.632621
 0 0.632622
 0 0.632623
 0 0.632625
 0 0.632625
 0 0.632631
 0 0.632656
 0 0.632656
 0 0.632667
 0 0.632667
 0 0.632669
 0 0.632669
 0 0.632676
 0 0.632681
 0 0.632681
 0 0.63269
 0 0.632691
 0 0.632691
 0 0.632692
 0 0.632703
 0 0.632704
 0 0.632713
 0 0.632738
 0 0.632739
 0 0.632794
 0 0.632795
 0 0.632803
 0 0.632803
 0 0.632805
 0 0.632806
 0 0.632811
 0 0.632814
 0 0.632816
 0 0.632826
 0 0.632829
 0 0.632831
 0 0.632832
 0 0.632833
 0 0.632838
 0 0.632842
 0 0.632854
 0 0.632854
 0 0.632855
 0 0.632874
 0 0.632876
 0 0.632882
 0 0.632889
 0 0.632889
 0 0.63289
 0 0.632935
 0 0.63295
 0 0.63297
 0 0.633006
 0 0.633009
 0 0.63301
 0 0.633051
 0 0.633057
 0 0.633057
 0 0.633057
 0 0.633058
 0 0.633075
 0 0.633075
 0 0.633082
 0 0.633082
 0 0.633082
 0 0.633082
 0 0.633082
 0 0.633104
 0 0.633105
 0 0.633108
 0 0.633142
 0 0.633143
 0 0.633147
 0 0.633147
 0 0.633147
 0 0.633147
 0 0.633148
 0 0.633149
 0 0.633167
 0 0.633187
 0 0.63319
 0 0.63319
 0 0.633192
 0 0.633192
 0 0.633214
 0 0.633215
 0 0.633215
 0 0.633218
 0 0.633218
 0 0.633218
 0 0.633219
 0 0.633221
 0 0.633222
 0 0.633222
 0 0.63324
 0 0.633291
 0 0.633292
 0 0.633294
 0 0.633294
 0 0.633325
 0 0.633325
 0 0.633327
 0 0.633327
 0 0.633399
 0 0.633432
 0 0.633432
 0 0.633434
 0 0.633443
 0 0.633443
 0 0.633484
 0 0.633484
 0 0.633487
 0 0.633487
 0 0.633489
 0 0.63349
 0 0.633498
 0 0.633499
 0 0.633551
 0 0.633551
 0 0.633551
 0 0.633555
 0 0.633555
 0 0.633555
 0 0.633556
 0 0.633565
 0 0.633565
 0 0.633566
 0 0.63358
 0 0.63358
 0 0.633583
 0 0.633584
 0 0.633584
 0 0.633589
 0 0.63359
 0 0.633591
 0 0.633597
 0 0.633597
 0 0.633598
 0 0.633598
 0 0.633598
 0 0.63361
 0 0.63361
 0 0.633611
 0 0.633616
 0 0.633626
 0 0.633671
 0 0.633672
 0 0.63369
 0 0.63369
 0 0.633692
 0 0.633715
 0 0.633717
 0 0.63373
 0 0.633735
 0 0.633735
 0 0.633735
 0 0.633736
 0 0.633737
 0 0.633751
 0 0.633752
 0 0.633752
 0 0.633752
 0 0.633754
 0 0.633759
 0 0.633761
 0 0.633822
 0 0.633823
 0 0.633856
 0 0.633857
 0 0.633891
 0 0.633893
 0 0.633941
 0 0.633966
 0 0.633968
 0 0.63397
 0 0.63397
 0 0.63397
 0 0.63397
 0 0.63397
 0 0.63397
 0 0.633988
 0 0.633988
 0 0.634007
 0 0.634012
 0 0.634015
 0 0.634015
 0 0.634026
 0 0.63403
 0 0.634031
 0 0.634031
 0 0.634031
 0 0.634057
 0 0.634092
 0 0.634092
 0 0.634092
 0 0.634107
 0 0.634107
 0 0.634115
 0 0.634177
 0 0.634191
 0 0.634191
 0 0.634196
 0 0.634201
 0 0.634201
 0 0.634206
 0 0.634216
 0 0.63424
 0 0.634247
 0 0.634247
 0 0.634264
 0 0.634264
 0 0.634265
 0 0.63427
 0 0.634271
 0 0.634271
 0 0.634286
 0 0.634286
 0 0.634313
 0 0.634314
 0 0.634319
 0 0.634322
 0 0.634326
 0 0.634352
 0 0.634376
 0 0.634376
 0 0.634385
 0 0.634388
 0 0.634395
 0 0.634395
 0 0.634396
 0 0.634396
 0 0.634401
 0 0.634418
 0 0.634446
 0 0.634447
 0 0.634452
 0 0.634452
 0 0.634465
 0 0.634468
 0 0.634511
 0 0.634512
 0 0.634575
 0 0.634584
 0 0.634644
 0 0.634644
 0 0.634644
 0 0.63467
 0 0.634694
 0 0.634702
 0 0.634702
 0 0.634715
 0 0.634715
 0 0.634716
 0 0.634716
 0 0.634716
 0 0.634719
 0 0.634719
 0 0.63472
 0 0.634726
 0 0.634727
 0 0.634738
 0 0.634786
 0 0.634786
 0 0.634787
 0 0.634787
 0 0.634787
 0 0.634797
 0 0.634797
 0 0.634798
 0 0.634808
 0 0.634808
 0 0.634808
 0 0.63482
 0 0.63482
 0 0.634822
 0 0.63485
 0 0.634855
 0 0.634856
 0 0.63487
 0 0.63487
 0 0.63487
 0 0.634875
 0 0.634931
 0 0.634932
 0 0.634935
 0 0.634935
 0 0.634935
 0 0.634935
 0 0.634947
 0 0.634965
 0 0.634973
 0 0.634985
 0 0.634985
 0 0.634986
 0 0.634986
 0 0.634995
 0 0.635007
 0 0.635009
 0 0.635022
 0 0.635022
 0 0.635026
 0 0.635034
 0 0.635034
 0 0.63506
 0 0.635061
 0 0.635114
 0 0.635116
 0 0.635118
 0 0.63512
 0 0.635139
 0 0.635141
 0 0.635145
 0 0.635146
 0 0.635148
 0 0.635151
 0 0.635151
 0 0.635208
 0 0.635209
 0 0.635222
 0 0.635222
 0 0.635223
 0 0.635223
 0 0.635249
 0 0.635249
 0 0.635251
 0 0.635261
 0 0.635264
 0 0.635268
 0 0.635277
 0 0.635277
 0 0.63529
 0 0.635291
 0 0.635291
 0 0.635292
 0 0.635293
 0 0.635301
 0 0.635303
 0 0.635304
 0 0.635331
 0 0.635331
 0 0.635352
 0 0.635352
 0 0.635352
 0 0.635356
 0 0.635366
 0 0.635394
 0 0.635397
 0 0.635398
 0 0.635398
 0 0.635398
 0 0.635398
 0 0.635406
 0 0.635409
 0 0.63541
 0 0.63541
 0 0.635441
 0 0.635463
 0 0.635481
 0 0.635481
 0 0.635491
 0 0.635491
 0 0.635491
 0 0.635492
 0 0.635492
 0 0.635513
 0 0.635565
 0 0.635566
 0 0.635567
 0 0.635567
 0 0.635567
 0 0.635575
 0 0.635578
 0 0.635579
 0 0.63558
 0 0.63558
 0 0.63558
 0 0.635616
 0 0.635639
 0 0.63565
 0 0.635671
 0 0.635677
 0 0.635677
 0 0.635682
 0 0.635692
 0 0.635695
 0 0.635713
 0 0.635714
 0 0.635763
 0 0.635768
 0 0.635768
 0 0.635769
 0 0.63577
 0 0.6358
 0 0.6358
 0 0.6358
 0 0.6358
 0 0.635804
 0 0.635818
 0 0.635818
 0 0.635834
 0 0.635834
 0 0.635842
 0 0.635842
 0 0.635844
 0 0.635866
 0 0.635879
 0 0.635885
 0 0.63589
 0 0.635891
 0 0.635891
 0 0.635905
 0 0.63591
 0 0.635911
 0 0.635943
 0 0.635945
 0 0.635977
 0 0.635998
 0 0.636027
 0 0.636037
 0 0.636064
 0 0.636086
 0 0.636086
 0 0.636086
 0 0.636089
 0 0.636151
 0 0.636186
 0 0.636221
 0 0.636222
 0 0.636227
 0 0.636241
 0 0.636261
 0 0.636262
 0 0.636266
 0 0.636324
 0 0.63633
 0 0.63633
 0 0.636334
 0 0.636391
 0 0.636401
 0 0.636401
 0 0.636401
 0 0.636402
 0 0.636422
 0 0.636425
 0 0.636435
 0 0.63646
 0 0.636487
 0 0.636488
 0 0.636519
 0 0.63652
 0 0.63652
 0 0.636529
 0 0.63653
 0 0.63653
 0 0.636533
 0 0.636565
 0 0.636567
 0 0.636569
 0 0.63657
 0 0.636575
 0 0.636575
 0 0.636576
 0 0.636576
 0 0.636578
 0 0.636596
 0 0.636596
 0 0.636618
 0 0.636643
 0 0.636643
 0 0.636646
 0 0.636647
 0 0.636647
 0 0.636662
 0 0.636663
 0 0.636677
 0 0.636678
 0 0.63668
 0 0.636681
 0 0.636699
 0 0.636699
 0 0.636779
 0 0.636798
 0 0.636799
 0 0.6368
 0 0.636825
 0 0.636843
 0 0.636843
 0 0.636848
 0 0.636865
 0 0.636865
 0 0.636865
 0 0.636928
 0 0.63693
 0 0.636931
 0 0.636936
 0 0.636971
 0 0.636973
 0 0.636973
 0 0.636978
 0 0.636978
 0 0.636978
 0 0.63702
 0 0.63702
 0 0.637022
 0 0.637024
 0 0.637026
 0 0.637042
 0 0.637042
 0 0.637061
 0 0.637061
 0 0.637072
 0 0.637072
 0 0.637072
 0 0.637072
 0 0.637072
 0 0.637074
 0 0.637074
 0 0.637075
 0 0.637075
 0 0.637109
 0 0.637117
 0 0.637129
 0 0.637129
 0 0.637129
 0 0.637146
 0 0.637172
 0 0.637173
 0 0.637173
 0 0.637207
 0 0.637207
 0 0.637208
 0 0.63721
 0 0.63721
 0 0.637211
 0 0.637231
 0 0.637236
 0 0.637238
 0 0.637238
 0 0.637246
 0 0.637277
 0 0.637278
 0 0.637279
 0 0.63729
 0 0.637291
 0 0.637295
 0 0.637296
 0 0.637296
 0 0.637297
 0 0.637298
 0 0.63734
 0 0.637345
 0 0.637345
 0 0.637345
 0 0.637346
 0 0.637368
 0 0.637388
 0 0.637391
 0 0.637392
 0 0.637398
 0 0.637398
 0 0.637398
 0 0.637402
 0 0.637402
 0 0.637424
 0 0.637424
 0 0.637435
 0 0.637436
 0 0.637476
 0 0.637484
 0 0.637514
 0 0.637515
 0 0.637558
 0 0.63756
 0 0.637601
 0 0.637603
 0 0.63762
 0 0.637626
 0 0.637637
 0 0.637643
 0 0.637649
 0 0.637656
 0 0.637657
 0 0.637658
 0 0.637659
 0 0.637718
 0 0.637718
 0 0.637722
 0 0.637747
 0 0.637761
 0 0.637829
 0 0.637829
 0 0.63783
 0 0.63783
 0 0.637831
 0 0.637835
 0 0.637848
 0 0.637848
 0 0.63785
 0 0.637855
 0 0.637857
 0 0.63786
 0 0.637888
 0 0.637888
 0 0.637888
 0 0.637888
 0 0.637888
 0 0.63789
 0 0.63789
 0 0.6379
 0 0.6379
 0 0.637901
 0 0.637936
 0 0.637948
 0 0.637948
 0 0.63797
 0 0.637971
 0 0.637985
 0 0.637985
 0 0.638006
 0 0.638006
 0 0.638007
 0 0.638022
 0 0.638022
 0 0.638023
 0 0.638031
 0 0.638031
 0 0.638031
 0 0.638031
 0 0.638048
 0 0.638086
 0 0.638092
 0 0.638094
 0 0.638104
 0 0.638104
 0 0.638118
 0 0.638118
 0 0.638118
 0 0.638137
 0 0.638139
 0 0.638139
 0 0.63814
 0 0.638158
 0 0.638159
 0 0.638182
 0 0.638182
 0 0.638182
 0 0.638182
 0 0.63823
 0 0.63823
 0 0.63823
 0 0.638231
 0 0.638231
 0 0.638239
 0 0.638244
 0 0.63825
 0 0.638276
 0 0.638277
 0 0.638289
 0 0.63829
 0 0.638317
 0 0.638318
 0 0.638386
 0 0.638387
 0 0.638387
 0 0.638387
 0 0.638387
 0 0.638388
 0 0.638388
 0 0.638396
 0 0.638397
 0 0.638398
 0 0.638401
 0 0.638401
 0 0.638442
 0 0.638489
 0 0.638496
 0 0.638499
 0 0.638499
 0 0.6385
 0 0.638527
 0 0.63853
 0 0.638558
 0 0.638558
 0 0.638558
 0 0.638607
 0 0.638608
 0 0.638611
 0 0.638611
 0 0.638611
 0 0.638611
 0 0.638612
 0 0.638612
 0 0.638615
 0 0.638668
 0 0.638671
 0 0.638671
 0 0.638671
 0 0.638688
 0 0.638707
 0 0.638739
 0 0.638756
 0 0.63876
 0 0.63876
 0 0.638771
 0 0.638787
 0 0.638803
 0 0.638803
 0 0.638821
 0 0.638827
 0 0.638827
 0 0.638841
 0 0.638864
 0 0.638885
 0 0.638897
 0 0.638897
 0 0.638906
 0 0.63891
 0 0.638911
 0 0.638938
 0 0.638938
 0 0.638959
 0 0.638959
 0 0.639038
 0 0.639038
 0 0.639063
 0 0.639097
 0 0.639097
 0 0.639099
 0 0.639114
 0 0.639118
 0 0.639119
 0 0.63912
 0 0.639128
 0 0.63913
 0 0.639139
 0 0.639182
 0 0.639186
 0 0.639229
 0 0.639236
 0 0.639236
 0 0.639266
 0 0.639268
 0 0.639326
 0 0.639326
 0 0.639326
 0 0.639336
 0 0.63941
 0 0.63941
 0 0.639415
 0 0.639419
 0 0.639439
 0 0.639452
 0 0.639454
 0 0.639454
 0 0.639455
 0 0.639457
 0 0.639458
 0 0.639469
 0 0.639482
 0 0.639482
 0 0.639487
 0 0.639487
 0 0.639487
 0 0.639548
 0 0.639548
 0 0.639548
 0 0.63966
 0 0.639715
 0 0.639716
 0 0.639724
 0 0.639766
 0 0.639767
 0 0.639767
 0 0.63977
 0 0.639784
 0 0.639785
 0 0.639787
 0 0.639813
 0 0.639853
 0 0.639853
 0 0.639854
 0 0.639919
 0 0.639919
 0 0.639943
 0 0.639965
 0 0.640006
 0 0.64001
 0 0.640048
 0 0.640048
 0 0.640051
 0 0.640052
 0 0.640053
 0 0.640076
 0 0.640083
 0 0.640083
 0 0.640083
 0 0.640083
 0 0.640097
 0 0.640097
 0 0.640097
 0 0.640099
 0 0.640102
 0 0.640103
 0 0.640122
 0 0.640123
 0 0.640136
 0 0.640161
 0 0.640162
 0 0.640164
 0 0.640164
 0 0.640164
 0 0.640201
 0 0.640203
 0 0.64025
 0 0.640287
 0 0.640287
 0 0.64029
 0 0.6403
 0 0.640301
 0 0.640328
 0 0.640328
 0 0.640331
 0 0.640334
 0 0.640334
 0 0.640336
 0 0.640382
 0 0.640386
 0 0.640398
 0 0.640411
 0 0.640415
 0 0.640417
 0 0.640417
 0 0.640417
 0 0.640428
 0 0.640429
 0 0.64043
 0 0.640489
 0 0.64049
 0 0.640558
 0 0.640558
 0 0.6406
 0 0.640622
 0 0.640639
 0 0.64064
 0 0.640659
 0 0.640776
 0 0.640778
 0 0.640907
 0 0.640907
 0 0.640907
 0 0.640925
 0 0.640927
 0 0.640973
 0 0.640973
 0 0.641085
 0 0.641125
 0 0.641125
 0 0.641166
 0 0.641166
 0 0.641166
 0 0.641178
 0 0.64119
 0 0.64119
 0 0.641215
 0 0.641215
 0 0.641216
 0 0.641216
 0 0.641303
 0 0.641303
 0 0.641543
 0 0.641609
 0 0.641609
 0 0.641779
 0 0.641891
 0 0.641893
 0 0.641923
 0 0.641924
 0 0.641924
 0 0.642186
 0 0.642187
 0 0.642187
 0 0.642187
 0 0.642239
 0 0.642463
 0 0.642546
 0 0.642546
 0 0.642546
 0 0.642593
 0 0.642669
 0 0.642669
 0 0.642677
 0 0.642679
 0 0.642751
 0 0.642751
 0 0.642808
 0 0.642813
 0 0.642829
 0 0.642848
 0 0.642848
 0 0.642872
 0 0.642873
 0 0.642909
 0 0.642912
 0 0.64302
 0 0.64302
 0 0.643224
 0 0.643224
 0 0.643226
 0 0.643333
 0 0.643333
 0 0.643333
 0 0.643419
 0 0.643419
 0 0.643419
 0 0.64343
 0 0.64343
 0 0.64343
 0 0.643435
 0 0.643435
 0 0.643436
 0 0.643443
 0 0.643443
 0 0.643444
 0 0.643769
 0 0.643772
 0 0.643773
 0 0.643777
 0 0.643996
 0 0.644012
 0 0.644013
 0 0.644113
 0 0.644114
 0 0.644114
 0 0.644192
 0 0.644192
 0 0.644303
 0 0.644724
 0 0.644725
 0 0.644726
 0 0.645047
 0 0.645282
 0 0.645286
 0 0.645472
 0 0.645472
 0 0.645476
 0 0.645483
 0 0.645524
 0 0.645524
 0 0.645524
 0 0.645671
 0 0.645671
 0 0.645899
 0 0.645919
 0 0.646072
 0 0.646075
 0 0.646075
 0 0.646077
 0 0.646078
 0 0.646239
 0 0.646239
 0 0.646241
 0 0.646241
 0 0.646959
 0 0.64696
 0 0.646961
 0 0.64713
 0 0.648284
 0 0.648322
 0 0.648621
 0 0.648807
 0 0.648808
 0 0.649106
 0 1.87486
 0 2.00934
 0 2.0103
 0 2.0103
 0 2.0103
 0 2.0103
 0 inf
