 0 0.493721
 0 0.493721
 0 0.494139
 0 0.494827
 0 0.494827
 0 0.494827
 0 0.507915
 0 0.507916
 0 0.509423
 0 0.509424
 0 0.509425
 0 0.509425
 0 0.624045
 0 0.624046
 0 0.624082
 0 0.624084
 0 0.624084
 0 0.624084
 0 0.624993
 0 0.626051
 0 0.626052
 0 0.626054
 0 0.626119
 0 0.626484
 0 0.626649
 0 0.626653
 0 0.626714
 0 0.626714
 0 0.626733
 0 0.626733
 0 0.626733
 0 0.626733
 0 0.626764
 0 0.626764
 0 0.626867
 0 0.626867
 0 0.627357
 0 0.62741
 0 0.62741
 0 0.627685
 0 0.627685
 0 0.62776
 0 0.627891
 0 0.628116
 0 0.628335
 0 0.628485
 0 0.628487
 0 0.628531
 0 0.6287
 0 0.628702
 0 0.628702
 0 0.628702
 0 0.628703
 0 0.628775
 0 0.628932
 0 0.628932
 0 0.629096
 0 0.629223
 0 0.629251
 0 0.629251
 0 0.629251
 0 0.629256
 0 0.629258
 0 0.629304
 0 0.629305
 0 0.629309
 0 0.62931
 0 0.629445
 0 0.629445
 0 0.629445
 0 0.629455
 0 0.629456
 0 0.629458
 0 0.629458
 0 0.62946
 0 0.62952
 0 0.629521
 0 0.629521
 0 0.629593
 0 0.629594
 0 0.629605
 0 0.6297
 0 0.6297
 0 0.6297
 0 0.6297
 0 0.629703
 0 0.629776
 0 0.629853
 0 0.629891
 0 0.629891
 0 0.629892
 0 0.629896
 0 0.629976
 0 0.630023
 0 0.630024
 0 0.630058
 0 0.63006
 0 0.630155
 0 0.630188
 0 0.63019
 0 0.63019
 0 0.63019
 0 0.630206
 0 0.630206
 0 0.630206
 0 0.630207
 0 0.630207
 0 0.630207
 0 0.630207
 0 0.630277
 0 0.630277
 0 0.630283
 0 0.630323
 0 0.630356
 0 0.630356
 0 0.630357
 0 0.630358
 0 0.630363
 0 0.630364
 0 0.630481
 0 0.630481
 0 0.630481
 0 0.630488
 0 0.630582
 0 0.630582
 0 0.630657
 0 0.630659
 0 0.630659
 0 0.630663
 0 0.630665
 0 0.630665
 0 0.630679
 0 0.63068
 0 0.630682
 0 0.630699
 0 0.630699
 0 0.630722
 0 0.630723
 0 0.630723
 0 0.630729
 0 0.630737
 0 0.630738
 0 0.630754
 0 0.630777
 0 0.630778
 0 0.630779
 0 0.630779
 0 0.630817
 0 0.630833
 0 0.630837
 0 0.630861
 0 0.630864
 0 0.630865
 0 0.630874
 0 0.630877
 0 0.630894
 0 0.630894
 0 0.630907
 0 0.630907
 0 0.630908
 0 0.63091
 0 0.63091
 0 0.63091
 0 0.63091
 0 0.630911
 0 0.630911
 0 0.630912
 0 0.630935
 0 0.630956
 0 0.630957
 0 0.630957
 0 0.630957
 0 0.630958
 0 0.63107
 0 0.63107
 0 0.631071
 0 0.631117
 0 0.631118
 0 0.631161
 0 0.631162
 0 0.631162
 0 0.631163
 0 0.631163
 0 0.631179
 0 0.631179
 0 0.631179
 0 0.63119
 0 0.631191
 0 0.631198
 0 0.631198
 0 0.631229
 0 0.63123
 0 0.63123
 0 0.631236
 0 0.631242
 0 0.631243
 0 0.631247
 0 0.631247
 0 0.631248
 0 0.631249
 0 0.631254
 0 0.631266
 0 0.631273
 0 0.631274
 0 0.631285
 0 0.631288
 0 0.631388
 0 0.631388
 0 0.631451
 0 0.631478
 0 0.631497
 0 0.631497
 0 0.631506
 0 0.631535
 0 0.631548
 0 0.63158
 0 0.631581
 0 0.631581
 0 0.631589
 0 0.631591
 0 0.631596
 0 0.6316
 0 0.631611
 0 0.631612
 0 0.631613
 0 0.631615
 0 0.631615
 0 0.631628
 0 0.631628
 0 0.631628
 0 0.631628
 0 0.631628
 0 0.631629
 0 0.631631
 0 0.631631
 0 0.631637
 0 0.631712
 0 0.631712
 0 0.631713
 0 0.631719
 0 0.631719
 0 0.631764
 0 0.631783
 0 0.631796
 0 0.631803
 0 0.631817
 0 0.631817
 0 0.631819
 0 0.631819
 0 0.63184
 0 0.631841
 0 0.631863
 0 0.631891
 0 0.631892
 0 0.631897
 0 0.631897
 0 0.631897
 0 0.6319
 0 0.631904
 0 0.631925
 0 0.63193
 0 0.631944
 0 0.631946
 0 0.631982
 0 0.631989
 0 0.632031
 0 0.632033
 0 0.632042
 0 0.632045
 0 0.632047
 0 0.632047
 0 0.632057
 0 0.632058
 0 0.632065
 0 0.632066
 0 0.632067
 0 0.632067
 0 0.632067
 0 0.632077
 0 0.632094
 0 0.632098
 0 0.632099
 0 0.632099
 0 0.632106
 0 0.632108
 0 0.632109
 0 0.632112
 0 0.632146
 0 0.632148
 0 0.632148
 0 0.63215
 0 0.632178
 0 0.632206
 0 0.632216
 0 0.632217
 0 0.632218
 0 0.63222
 0 0.63222
 0 0.632221
 0 0.632239
 0 0.632239
 0 0.632239
 0 0.632244
 0 0.632245
 0 0.632246
 0 0.63226
 0 0.632268
 0 0.632268
 0 0.632268
 0 0.632295
 0 0.632318
 0 0.632323
 0 0.632325
 0 0.63236
 0 0.632362
 0 0.632362
 0 0.632362
 0 0.632362
 0 0.632401
 0 0.632401
 0 0.632409
 0 0.632464
 0 0.632484
 0 0.632491
 0 0.632504
 0 0.632504
 0 0.632516
 0 0.632516
 0 0.632518
 0 0.632544
 0 0.632544
 0 0.632548
 0 0.632581
 0 0.632582
 0 0.632585
 0 0.632588
 0 0.632588
 0 0.632606
 0 0.632611
 0 0.632614
 0 0.632614
 0 0.632615
 0 0.632615
 0 0.632615
 0 0.632616
 0 0.632616
 0 0.632634
 0 0.632649
 0 0.632649
 0 0.632653
 0 0.632654
 0 0.632654
 0 0.632673
 0 0.632673
 0 0.632674
 0 0.632674
 0 0.632675
 0 0.632675
 0 0.632685
 0 0.632685
 0 0.632698
 0 0.632699
 0 0.632722
 0 0.63273
 0 0.632732
 0 0.63274
 0 0.63274
 0 0.632757
 0 0.632776
 0 0.632782
 0 0.632782
 0 0.632783
 0 0.632813
 0 0.632823
 0 0.632823
 0 0.632834
 0 0.632836
 0 0.632836
 0 0.632836
 0 0.632838
 0 0.632839
 0 0.632854
 0 0.632854
 0 0.632854
 0 0.632855
 0 0.632855
 0 0.632858
 0 0.632858
 0 0.632859
 0 0.632859
 0 0.632871
 0 0.632872
 0 0.632883
 0 0.632889
 0 0.63289
 0 0.632891
 0 0.632894
 0 0.632896
 0 0.632896
 0 0.632903
 0 0.632903
 0 0.632905
 0 0.632905
 0 0.632926
 0 0.632928
 0 0.632928
 0 0.63293
 0 0.632937
 0 0.632938
 0 0.632938
 0 0.632938
 0 0.632949
 0 0.63295
 0 0.632953
 0 0.632961
 0 0.632964
 0 0.632965
 0 0.632965
 0 0.632969
 0 0.63297
 0 0.632979
 0 0.633006
 0 0.633007
 0 0.633007
 0 0.633007
 0 0.633007
 0 0.633027
 0 0.633029
 0 0.633029
 0 0.633029
 0 0.63303
 0 0.633032
 0 0.633032
 0 0.633033
 0 0.633049
 0 0.633058
 0 0.63306
 0 0.633061
 0 0.633061
 0 0.633061
 0 0.633063
 0 0.633063
 0 0.633065
 0 0.633065
 0 0.63307
 0 0.633085
 0 0.633086
 0 0.633106
 0 0.633114
 0 0.633115
 0 0.633115
 0 0.633161
 0 0.633162
 0 0.63317
 0 0.63317
 0 0.633179
 0 0.633193
 0 0.633193
 0 0.633193
 0 0.633193
 0 0.633193
 0 0.633194
 0 0.633194
 0 0.633196
 0 0.633196
 0 0.633224
 0 0.633224
 0 0.633225
 0 0.633231
 0 0.633231
 0 0.633235
 0 0.633236
 0 0.633266
 0 0.633267
 0 0.633272
 0 0.633281
 0 0.633297
 0 0.633298
 0 0.633316
 0 0.633327
 0 0.633327
 0 0.633344
 0 0.633354
 0 0.633354
 0 0.633354
 0 0.633355
 0 0.633355
 0 0.633357
 0 0.633362
 0 0.633391
 0 0.633394
 0 0.633394
 0 0.633395
 0 0.633401
 0 0.633408
 0 0.633421
 0 0.633421
 0 0.633422
 0 0.63344
 0 0.63344
 0 0.633451
 0 0.633467
 0 0.633503
 0 0.633511
 0 0.633515
 0 0.633517
 0 0.633522
 0 0.633522
 0 0.633522
 0 0.633526
 0 0.633527
 0 0.633527
 0 0.633556
 0 0.633558
 0 0.633558
 0 0.633561
 0 0.633562
 0 0.633615
 0 0.633617
 0 0.63364
 0 0.63365
 0 0.63365
 0 0.633657
 0 0.633657
 0 0.633676
 0 0.633677
 0 0.633677
 0 0.633677
 0 0.633684
 0 0.633684
 0 0.633684
 0 0.633684
 0 0.633686
 0 0.633686
 0 0.633687
 0 0.633688
 0 0.633717
 0 0.633717
 0 0.633717
 0 0.633717
 0 0.633732
 0 0.633733
 0 0.633733
 0 0.633735
 0 0.633752
 0 0.633752
 0 0.63378
 0 0.633784
 0 0.633826
 0 0.63383
 0 0.633831
 0 0.633841
 0 0.633841
 0 0.633846
 0 0.633846
 0 0.633847
 0 0.633868
 0 0.633888
 0 0.63389
 0 0.633897
 0 0.633898
 0 0.633898
 0 0.633898
 0 0.633901
 0 0.633902
 0 0.633911
 0 0.633915
 0 0.633919
 0 0.633921
 0 0.633921
 0 0.633941
 0 0.633941
 0 0.633948
 0 0.633949
 0 0.633951
 0 0.633951
 0 0.633951
 0 0.633951
 0 0.633952
 0 0.633958
 0 0.633963
 0 0.633972
 0 0.633973
 0 0.633991
 0 0.633996
 0 0.63401
 0 0.63401
 0 0.634055
 0 0.634057
 0 0.634059
 0 0.634061
 0 0.634079
 0 0.63408
 0 0.63408
 0 0.634089
 0 0.634089
 0 0.63411
 0 0.634124
 0 0.634124
 0 0.634125
 0 0.634161
 0 0.634164
 0 0.634176
 0 0.634176
 0 0.634176
 0 0.634177
 0 0.634177
 0 0.634194
 0 0.634194
 0 0.634194
 0 0.634194
 0 0.634207
 0 0.634229
 0 0.634232
 0 0.634232
 0 0.634233
 0 0.634265
 0 0.634265
 0 0.634277
 0 0.634297
 0 0.634303
 0 0.63431
 0 0.634313
 0 0.634315
 0 0.634325
 0 0.634331
 0 0.634332
 0 0.634342
 0 0.634342
 0 0.634342
 0 0.634347
 0 0.634347
 0 0.634348
 0 0.63435
 0 0.634351
 0 0.634358
 0 0.634366
 0 0.634413
 0 0.634413
 0 0.634415
 0 0.634415
 0 0.63442
 0 0.634422
 0 0.634423
 0 0.634463
 0 0.634465
 0 0.634467
 0 0.634476
 0 0.634476
 0 0.634476
 0 0.634476
 0 0.634477
 0 0.634479
 0 0.634499
 0 0.634512
 0 0.634528
 0 0.634529
 0 0.634529
 0 0.634529
 0 0.634529
 0 0.634529
 0 0.634535
 0 0.63454
 0 0.63454
 0 0.63454
 0 0.634564
 0 0.634566
 0 0.634567
 0 0.634575
 0 0.634576
 0 0.634584
 0 0.634584
 0 0.634585
 0 0.634586
 0 0.634586
 0 0.634586
 0 0.634602
 0 0.63461
 0 0.63461
 0 0.63461
 0 0.63461
 0 0.634613
 0 0.634613
 0 0.634614
 0 0.634614
 0 0.634626
 0 0.634647
 0 0.634647
 0 0.634651
 0 0.634652
 0 0.634661
 0 0.634682
 0 0.634683
 0 0.634684
 0 0.634685
 0 0.634702
 0 0.634702
 0 0.634702
 0 0.634723
 0 0.634733
 0 0.634733
 0 0.634748
 0 0.634748
 0 0.634749
 0 0.634749
 0 0.634749
 0 0.63475
 0 0.634761
 0 0.634762
 0 0.634798
 0 0.634799
 0 0.634799
 0 0.634799
 0 0.6348
 0 0.6348
 0 0.634842
 0 0.634849
 0 0.63487
 0 0.634871
 0 0.634871
 0 0.63488
 0 0.634882
 0 0.634882
 0 0.634882
 0 0.634894
 0 0.634894
 0 0.634894
 0 0.634898
 0 0.634898
 0 0.634903
 0 0.634914
 0 0.634914
 0 0.634915
 0 0.634915
 0 0.634916
 0 0.634936
 0 0.63494
 0 0.634941
 0 0.635011
 0 0.635022
 0 0.635022
 0 0.635022
 0 0.635022
 0 0.635022
 0 0.635037
 0 0.635039
 0 0.635039
 0 0.63504
 0 0.635048
 0 0.63507
 0 0.635078
 0 0.635079
 0 0.635079
 0 0.635079
 0 0.63508
 0 0.63508
 0 0.635096
 0 0.635098
 0 0.635104
 0 0.635104
 0 0.635107
 0 0.635109
 0 0.635123
 0 0.635124
 0 0.635124
 0 0.635155
 0 0.635156
 0 0.635162
 0 0.635162
 0 0.635165
 0 0.635173
 0 0.635211
 0 0.635221
 0 0.635227
 0 0.635227
 0 0.635237
 0 0.63524
 0 0.635242
 0 0.635245
 0 0.635247
 0 0.635255
 0 0.635264
 0 0.635264
 0 0.635267
 0 0.635274
 0 0.635275
 0 0.635296
 0 0.635296
 0 0.635296
 0 0.635297
 0 0.635323
 0 0.635328
 0 0.635329
 0 0.635376
 0 0.635396
 0 0.635406
 0 0.635406
 0 0.635406
 0 0.63544
 0 0.635441
 0 0.635456
 0 0.635457
 0 0.63546
 0 0.635461
 0 0.635479
 0 0.635481
 0 0.635484
 0 0.635499
 0 0.63552
 0 0.635522
 0 0.635524
 0 0.635526
 0 0.635526
 0 0.635535
 0 0.635536
 0 0.635537
 0 0.635542
 0 0.635542
 0 0.635542
 0 0.635547
 0 0.635549
 0 0.635549
 0 0.635557
 0 0.635557
 0 0.635557
 0 0.635557
 0 0.635558
 0 0.635561
 0 0.63558
 0 0.63558
 0 0.635601
 0 0.635625
 0 0.635626
 0 0.635627
 0 0.635627
 0 0.635638
 0 0.635638
 0 0.635655
 0 0.635656
 0 0.635658
 0 0.635658
 0 0.635675
 0 0.635679
 0 0.635679
 0 0.635692
 0 0.635719
 0 0.63572
 0 0.63572
 0 0.635726
 0 0.635726
 0 0.635782
 0 0.635785
 0 0.635785
 0 0.635785
 0 0.6358
 0 0.635801
 0 0.635801
 0 0.635801
 0 0.635802
 0 0.635808
 0 0.635808
 0 0.635822
 0 0.635823
 0 0.635823
 0 0.635833
 0 0.635835
 0 0.635835
 0 0.635835
 0 0.635835
 0 0.635853
 0 0.635854
 0 0.635856
 0 0.635857
 0 0.635858
 0 0.635866
 0 0.635884
 0 0.635884
 0 0.635884
 0 0.63589
 0 0.635892
 0 0.635892
 0 0.635894
 0 0.635894
 0 0.635894
 0 0.635894
 0 0.635894
 0 0.635897
 0 0.635897
 0 0.635899
 0 0.635909
 0 0.635909
 0 0.63591
 0 0.635913
 0 0.635916
 0 0.635921
 0 0.635926
 0 0.635926
 0 0.635927
 0 0.635927
 0 0.635927
 0 0.635929
 0 0.635964
 0 0.635965
 0 0.635976
 0 0.635977
 0 0.635983
 0 0.635988
 0 0.635988
 0 0.635991
 0 0.635995
 0 0.635996
 0 0.636019
 0 0.63602
 0 0.636051
 0 0.636051
 0 0.636052
 0 0.636052
 0 0.636055
 0 0.636056
 0 0.636061
 0 0.63607
 0 0.63608
 0 0.63608
 0 0.636091
 0 0.636114
 0 0.636114
 0 0.636122
 0 0.636145
 0 0.636155
 0 0.636155
 0 0.636183
 0 0.636185
 0 0.636208
 0 0.636211
 0 0.636211
 0 0.636212
 0 0.636212
 0 0.636213
 0 0.636213
 0 0.636213
 0 0.63622
 0 0.636222
 0 0.636222
 0 0.636223
 0 0.636249
 0 0.636249
 0 0.636262
 0 0.636265
 0 0.636266
 0 0.636271
 0 0.636272
 0 0.636272
 0 0.636288
 0 0.6363
 0 0.636305
 0 0.636307
 0 0.636307
 0 0.636312
 0 0.636315
 0 0.636329
 0 0.636329
 0 0.63633
 0 0.63633
 0 0.63633
 0 0.63635
 0 0.636351
 0 0.636351
 0 0.636353
 0 0.636357
 0 0.636381
 0 0.636383
 0 0.63642
 0 0.636448
 0 0.636448
 0 0.636453
 0 0.636456
 0 0.636457
 0 0.636458
 0 0.636474
 0 0.636475
 0 0.636507
 0 0.636507
 0 0.636522
 0 0.636522
 0 0.636523
 0 0.636526
 0 0.636526
 0 0.636526
 0 0.636526
 0 0.636526
 0 0.636559
 0 0.636562
 0 0.636562
 0 0.636564
 0 0.636565
 0 0.63657
 0 0.63657
 0 0.636577
 0 0.636577
 0 0.636577
 0 0.636578
 0 0.63658
 0 0.63658
 0 0.636582
 0 0.636584
 0 0.636603
 0 0.636619
 0 0.636619
 0 0.636619
 0 0.636621
 0 0.636621
 0 0.636642
 0 0.636667
 0 0.636667
 0 0.636668
 0 0.63667
 0 0.636675
 0 0.636693
 0 0.636693
 0 0.636724
 0 0.636749
 0 0.636749
 0 0.636751
 0 0.636753
 0 0.636776
 0 0.636776
 0 0.636776
 0 0.636776
 0 0.636777
 0 0.636778
 0 0.63679
 0 0.636792
 0 0.636792
 0 0.636794
 0 0.636796
 0 0.636799
 0 0.636799
 0 0.636799
 0 0.636799
 0 0.6368
 0 0.6368
 0 0.636814
 0 0.636831
 0 0.636833
 0 0.636834
 0 0.636843
 0 0.636844
 0 0.636844
 0 0.636845
 0 0.636847
 0 0.636848
 0 0.636872
 0 0.636873
 0 0.636877
 0 0.636887
 0 0.636895
 0 0.636896
 0 0.636903
 0 0.636903
 0 0.636911
 0 0.636938
 0 0.636938
 0 0.636951
 0 0.636951
 0 0.636966
 0 0.636966
 0 0.636966
 0 0.636967
 0 0.636967
 0 0.636968
 0 0.636981
 0 0.636985
 0 0.63704
 0 0.637044
 0 0.637044
 0 0.637044
 0 0.63706
 0 0.63706
 0 0.637061
 0 0.637074
 0 0.637081
 0 0.637081
 0 0.637083
 0 0.637091
 0 0.637091
 0 0.637095
 0 0.637095
 0 0.637095
 0 0.637123
 0 0.637129
 0 0.637129
 0 0.637135
 0 0.637135
 0 0.637135
 0 0.637135
 0 0.637135
 0 0.637138
 0 0.637153
 0 0.637164
 0 0.637165
 0 0.637165
 0 0.637165
 0 0.637178
 0 0.637189
 0 0.637189
 0 0.637189
 0 0.637196
 0 0.637197
 0 0.6372
 0 0.6372
 0 0.637201
 0 0.637223
 0 0.637224
 0 0.637224
 0 0.637235
 0 0.637236
 0 0.637255
 0 0.637274
 0 0.637274
 0 0.637279
 0 0.637283
 0 0.637291
 0 0.637307
 0 0.637311
 0 0.637333
 0 0.637333
 0 0.637383
 0 0.637385
 0 0.637388
 0 0.637389
 0 0.63741
 0 0.63741
 0 0.63741
 0 0.637411
 0 0.637411
 0 0.637419
 0 0.637419
 0 0.637423
 0 0.637434
 0 0.637436
 0 0.637436
 0 0.637436
 0 0.637439
 0 0.637439
 0 0.637439
 0 0.637439
 0 0.637444
 0 0.637444
 0 0.637447
 0 0.637463
 0 0.637463
 0 0.637499
 0 0.637508
 0 0.637508
 0 0.637509
 0 0.637509
 0 0.637509
 0 0.637515
 0 0.637516
 0 0.637516
 0 0.637531
 0 0.637535
 0 0.637542
 0 0.637542
 0 0.637543
 0 0.637543
 0 0.637548
 0 0.637548
 0 0.637549
 0 0.637549
 0 0.63755
 0 0.63755
 0 0.637569
 0 0.637584
 0 0.637585
 0 0.637587
 0 0.637638
 0 0.637663
 0 0.637663
 0 0.637674
 0 0.637674
 0 0.637674
 0 0.63768
 0 0.637693
 0 0.637695
 0 0.637695
 0 0.637716
 0 0.637716
 0 0.637727
 0 0.637742
 0 0.637767
 0 0.637767
 0 0.637785
 0 0.637786
 0 0.637786
 0 0.637812
 0 0.637812
 0 0.637812
 0 0.637812
 0 0.637819
 0 0.637831
 0 0.637832
 0 0.637833
 0 0.637848
 0 0.637849
 0 0.637851
 0 0.637851
 0 0.637858
 0 0.637858
 0 0.637859
 0 0.63786
 0 0.63786
 0 0.637874
 0 0.637878
 0 0.637878
 0 0.637898
 0 0.637913
 0 0.637935
 0 0.637935
 0 0.637935
 0 0.637937
 0 0.637937
 0 0.638002
 0 0.638002
 0 0.638002
 0 0.638003
 0 0.638003
 0 0.638017
 0 0.638018
 0 0.638027
 0 0.638029
 0 0.638045
 0 0.63807
 0 0.63807
 0 0.638078
 0 0.638078
 0 0.638095
 0 0.638095
 0 0.638095
 0 0.638095
 0 0.638103
 0 0.63811
 0 0.638111
 0 0.638111
 0 0.638113
 0 0.63815
 0 0.638177
 0 0.638194
 0 0.638195
 0 0.638214
 0 0.638232
 0 0.638245
 0 0.638248
 0 0.638255
 0 0.638268
 0 0.638283
 0 0.638283
 0 0.638283
 0 0.638284
 0 0.638284
 0 0.638286
 0 0.638291
 0 0.638292
 0 0.638306
 0 0.638306
 0 0.638316
 0 0.63838
 0 0.638388
 0 0.638426
 0 0.638426
 0 0.638452
 0 0.638466
 0 0.638469
 0 0.63849
 0 0.638493
 0 0.638493
 0 0.638501
 0 0.638501
 0 0.638501
 0 0.638526
 0 0.638527
 0 0.63855
 0 0.638563
 0 0.638564
 0 0.638567
 0 0.638569
 0 0.638571
 0 0.638571
 0 0.638574
 0 0.638603
 0 0.638603
 0 0.638605
 0 0.638605
 0 0.638632
 0 0.638633
 0 0.638665
 0 0.638665
 0 0.638666
 0 0.638692
 0 0.638693
 0 0.638755
 0 0.638755
 0 0.638763
 0 0.638763
 0 0.638778
 0 0.638836
 0 0.638859
 0 0.63886
 0 0.63887
 0 0.63887
 0 0.6389
 0 0.638901
 0 0.63893
 0 0.63893
 0 0.638931
 0 0.638932
 0 0.638946
 0 0.638948
 0 0.638949
 0 0.63895
 0 0.638976
 0 0.639002
 0 0.639002
 0 0.639003
 0 0.639005
 0 0.639017
 0 0.639017
 0 0.639036
 0 0.639039
 0 0.639069
 0 0.639073
 0 0.639132
 0 0.639141
 0 0.639146
 0 0.639147
 0 0.639174
 0 0.639176
 0 0.639176
 0 0.639177
 0 0.639178
 0 0.639231
 0 0.639231
 0 0.639231
 0 0.639231
 0 0.639247
 0 0.639247
 0 0.639251
 0 0.639301
 0 0.639301
 0 0.639301
 0 0.639301
 0 0.639339
 0 0.639339
 0 0.63934
 0 0.639345
 0 0.639345
 0 0.639345
 0 0.639345
 0 0.639345
 0 0.639346
 0 0.639346
 0 0.639346
 0 0.639354
 0 0.639369
 0 0.639377
 0 0.639377
 0 0.63939
 0 0.639391
 0 0.639407
 0 0.639407
 0 0.639407
 0 0.639421
 0 0.639421
 0 0.639421
 0 0.639421
 0 0.639431
 0 0.639431
 0 0.639433
 0 0.639434
 0 0.639457
 0 0.639457
 0 0.63949
 0 0.639494
 0 0.639494
 0 0.639523
 0 0.639556
 0 0.639556
 0 0.639556
 0 0.639557
 0 0.639559
 0 0.639559
 0 0.639559
 0 0.639561
 0 0.639561
 0 0.63958
 0 0.639662
 0 0.639663
 0 0.639701
 0 0.639708
 0 0.639708
 0 0.639708
 0 0.639728
 0 0.639733
 0 0.639735
 0 0.639735
 0 0.639742
 0 0.639789
 0 0.63979
 0 0.63979
 0 0.639843
 0 0.639845
 0 0.639847
 0 0.639847
 0 0.639864
 0 0.639878
 0 0.639879
 0 0.639885
 0 0.639885
 0 0.639885
 0 0.639907
 0 0.639971
 0 0.639971
 0 0.640019
 0 0.640054
 0 0.640073
 0 0.640073
 0 0.640073
 0 0.640078
 0 0.640092
 0 0.640143
 0 0.640157
 0 0.640189
 0 0.640223
 0 0.640261
 0 0.640261
 0 0.640261
 0 0.64027
 0 0.640271
 0 0.640321
 0 0.640322
 0 0.640352
 0 0.640352
 0 0.640391
 0 0.640403
 0 0.640404
 0 0.640404
 0 0.640404
 0 0.640418
 0 0.640422
 0 0.640422
 0 0.640422
 0 0.640422
 0 0.640491
 0 0.640638
 0 0.640639
 0 0.640647
 0 0.640647
 0 0.640648
 0 0.640649
 0 0.640651
 0 0.640652
 0 0.640653
 0 0.640769
 0 0.640784
 0 0.640784
 0 0.640784
 0 0.640784
 0 0.640787
 0 0.640827
 0 0.640841
 0 0.640841
 0 0.640856
 0 0.640856
 0 0.64087
 0 0.64087
 0 0.64108
 0 0.64108
 0 0.641095
 0 0.641178
 0 0.641184
 0 0.641184
 0 0.641184
 0 0.641241
 0 0.641242
 0 0.641266
 0 0.641291
 0 0.641291
 0 0.641295
 0 0.641397
 0 0.641416
 0 0.641416
 0 0.64148
 0 0.641509
 0 0.641512
 0 0.641512
 0 0.641512
 0 0.641512
 0 0.641561
 0 0.641565
 0 0.641577
 0 0.641733
 0 0.641734
 0 0.641734
 0 0.641957
 0 0.642056
 0 0.642058
 0 0.642108
 0 0.642111
 0 0.642111
 0 0.642111
 0 0.642226
 0 0.642226
 0 0.642226
 0 0.642227
 0 0.642253
 0 0.642299
 0 0.642302
 0 0.642376
 0 0.642376
 0 0.642377
 0 0.64238
 0 0.642501
 0 0.642601
 0 0.64271
 0 0.64271
 0 0.642711
 0 0.642839
 0 0.6431
 0 0.6431
 0 0.64336
 0 0.644773
 0 0.644774
 0 0.644774
 0 0.644775
 0 0.645251
 0 0.645252
 0 0.646407
 0 0.646407
 0 0.647828
 0 0.647828
 0 0.647828
 0 0.647828
 0 2.02235
 0 2.04588
 0 2.11462
 0 2.11472
 0 2.11513
 0 2.11524
 0 inf
