 0 0.481684
 0 0.481684
 0 0.481732
 0 0.481732
 0 0.482259
 0 0.48253
 0 0.497548
 0 0.497586
 0 0.497586
 0 0.497586
 0 0.498058
 0 0.498058
 0 0.618437
 0 0.618437
 0 0.618918
 0 0.619029
 0 0.619029
 0 0.61903
 0 0.61903
 0 0.619031
 0 0.619263
 0 0.619823
 0 0.619823
 0 0.619824
 0 0.620144
 0 0.620144
 0 0.620764
 0 0.621285
 0 0.621286
 0 0.621288
 0 0.622014
 0 0.622543
 0 0.622622
 0 0.622694
 0 0.622762
 0 0.622766
 0 0.622942
 0 0.623093
 0 0.623096
 0 0.623096
 0 0.623098
 0 0.623199
 0 0.623323
 0 0.623369
 0 0.623369
 0 0.623369
 0 0.623369
 0 0.623547
 0 0.623562
 0 0.623689
 0 0.623951
 0 0.623954
 0 0.62402
 0 0.62402
 0 0.624054
 0 0.624055
 0 0.624091
 0 0.624175
 0 0.624199
 0 0.624203
 0 0.624203
 0 0.624314
 0 0.624314
 0 0.624351
 0 0.624378
 0 0.624419
 0 0.624419
 0 0.62442
 0 0.624573
 0 0.624577
 0 0.624577
 0 0.624582
 0 0.624583
 0 0.624619
 0 0.62462
 0 0.62462
 0 0.62462
 0 0.624731
 0 0.624732
 0 0.624743
 0 0.624754
 0 0.624859
 0 0.624866
 0 0.624906
 0 0.624929
 0 0.624964
 0 0.624964
 0 0.624964
 0 0.624964
 0 0.625
 0 0.625
 0 0.625156
 0 0.625156
 0 0.625275
 0 0.625275
 0 0.625325
 0 0.625402
 0 0.625403
 0 0.625463
 0 0.625464
 0 0.625543
 0 0.625565
 0 0.625565
 0 0.625606
 0 0.62561
 0 0.625639
 0 0.625639
 0 0.625641
 0 0.625702
 0 0.625746
 0 0.625746
 0 0.625746
 0 0.625857
 0 0.625861
 0 0.625895
 0 0.625897
 0 0.625898
 0 0.625899
 0 0.625902
 0 0.625902
 0 0.625915
 0 0.625916
 0 0.625974
 0 0.626018
 0 0.626018
 0 0.626108
 0 0.62614
 0 0.626142
 0 0.626146
 0 0.626146
 0 0.626146
 0 0.62616
 0 0.626199
 0 0.626267
 0 0.626267
 0 0.626285
 0 0.626311
 0 0.626315
 0 0.626315
 0 0.62632
 0 0.626637
 0 0.626647
 0 0.626647
 0 0.626647
 0 0.626679
 0 0.626738
 0 0.626739
 0 0.626739
 0 0.626764
 0 0.626764
 0 0.626766
 0 0.626779
 0 0.626789
 0 0.626875
 0 0.626879
 0 0.62688
 0 0.626888
 0 0.626888
 0 0.626888
 0 0.62689
 0 0.626891
 0 0.626897
 0 0.626899
 0 0.626899
 0 0.626899
 0 0.626899
 0 0.626899
 0 0.626953
 0 0.626954
 0 0.626957
 0 0.626957
 0 0.626961
 0 0.626963
 0 0.626967
 0 0.626967
 0 0.627013
 0 0.627013
 0 0.627014
 0 0.627109
 0 0.627113
 0 0.627114
 0 0.627114
 0 0.627114
 0 0.627263
 0 0.627263
 0 0.627277
 0 0.627277
 0 0.627306
 0 0.627344
 0 0.627344
 0 0.62735
 0 0.627435
 0 0.627481
 0 0.627482
 0 0.627528
 0 0.62753
 0 0.627531
 0 0.627567
 0 0.627568
 0 0.627576
 0 0.627618
 0 0.627646
 0 0.627674
 0 0.627675
 0 0.627675
 0 0.627678
 0 0.627697
 0 0.627699
 0 0.627713
 0 0.627727
 0 0.627741
 0 0.627749
 0 0.62777
 0 0.627777
 0 0.627785
 0 0.627785
 0 0.627818
 0 0.627823
 0 0.627823
 0 0.627823
 0 0.627823
 0 0.627824
 0 0.627824
 0 0.627904
 0 0.627908
 0 0.627938
 0 0.627938
 0 0.627995
 0 0.627997
 0 0.628009
 0 0.628056
 0 0.628056
 0 0.628057
 0 0.628058
 0 0.62811
 0 0.628116
 0 0.628127
 0 0.628128
 0 0.62813
 0 0.628135
 0 0.628135
 0 0.628189
 0 0.628199
 0 0.628232
 0 0.628234
 0 0.628234
 0 0.628239
 0 0.628261
 0 0.628263
 0 0.628286
 0 0.628288
 0 0.628338
 0 0.628338
 0 0.62834
 0 0.62834
 0 0.62838
 0 0.628385
 0 0.62839
 0 0.62839
 0 0.62839
 0 0.628443
 0 0.628447
 0 0.628448
 0 0.628448
 0 0.628451
 0 0.628535
 0 0.628536
 0 0.628551
 0 0.628553
 0 0.628553
 0 0.628579
 0 0.628579
 0 0.628581
 0 0.628581
 0 0.628582
 0 0.628586
 0 0.628592
 0 0.628593
 0 0.628594
 0 0.628616
 0 0.628616
 0 0.628617
 0 0.628618
 0 0.628639
 0 0.628652
 0 0.628661
 0 0.628662
 0 0.628665
 0 0.62869
 0 0.628691
 0 0.628691
 0 0.628692
 0 0.628707
 0 0.628816
 0 0.628817
 0 0.628905
 0 0.628905
 0 0.628905
 0 0.62892
 0 0.628921
 0 0.628925
 0 0.628928
 0 0.628958
 0 0.62896
 0 0.628963
 0 0.62898
 0 0.62898
 0 0.628992
 0 0.628993
 0 0.629003
 0 0.629003
 0 0.629043
 0 0.629086
 0 0.62911
 0 0.629122
 0 0.629123
 0 0.629124
 0 0.629124
 0 0.629124
 0 0.629124
 0 0.629125
 0 0.629126
 0 0.629159
 0 0.629159
 0 0.62916
 0 0.629169
 0 0.629169
 0 0.629169
 0 0.62917
 0 0.629214
 0 0.629216
 0 0.62922
 0 0.629252
 0 0.629252
 0 0.62932
 0 0.629323
 0 0.62939
 0 0.62939
 0 0.629391
 0 0.629392
 0 0.629411
 0 0.629414
 0 0.629414
 0 0.629414
 0 0.629435
 0 0.62944
 0 0.629443
 0 0.629443
 0 0.629446
 0 0.629449
 0 0.629477
 0 0.629477
 0 0.629477
 0 0.629479
 0 0.629481
 0 0.629481
 0 0.629481
 0 0.629487
 0 0.629541
 0 0.629543
 0 0.629556
 0 0.629556
 0 0.629596
 0 0.629596
 0 0.629607
 0 0.629608
 0 0.629609
 0 0.629611
 0 0.629611
 0 0.629634
 0 0.629634
 0 0.629642
 0 0.629676
 0 0.629687
 0 0.629728
 0 0.629729
 0 0.629729
 0 0.629781
 0 0.629825
 0 0.629825
 0 0.629825
 0 0.629845
 0 0.629845
 0 0.629848
 0 0.629848
 0 0.629848
 0 0.629851
 0 0.629872
 0 0.629874
 0 0.629894
 0 0.629924
 0 0.629925
 0 0.629925
 0 0.629925
 0 0.629936
 0 0.629971
 0 0.629971
 0 0.629972
 0 0.629975
 0 0.629994
 0 0.629994
 0 0.630036
 0 0.630036
 0 0.630037
 0 0.630054
 0 0.630054
 0 0.630055
 0 0.630073
 0 0.630097
 0 0.630097
 0 0.630111
 0 0.630136
 0 0.630164
 0 0.630205
 0 0.630261
 0 0.630263
 0 0.630272
 0 0.630277
 0 0.630278
 0 0.63028
 0 0.630301
 0 0.630302
 0 0.630308
 0 0.630316
 0 0.630342
 0 0.630345
 0 0.630345
 0 0.630346
 0 0.630347
 0 0.630366
 0 0.630367
 0 0.630367
 0 0.630391
 0 0.630392
 0 0.630405
 0 0.630405
 0 0.630405
 0 0.630406
 0 0.630436
 0 0.630436
 0 0.630446
 0 0.630446
 0 0.630446
 0 0.630453
 0 0.630453
 0 0.630455
 0 0.630455
 0 0.630456
 0 0.630464
 0 0.63048
 0 0.630483
 0 0.630485
 0 0.630485
 0 0.630486
 0 0.630496
 0 0.630558
 0 0.630565
 0 0.630566
 0 0.63057
 0 0.63057
 0 0.630572
 0 0.630582
 0 0.630582
 0 0.630583
 0 0.630621
 0 0.630621
 0 0.630621
 0 0.630671
 0 0.630712
 0 0.630712
 0 0.630724
 0 0.630764
 0 0.630772
 0 0.630773
 0 0.630782
 0 0.630782
 0 0.630782
 0 0.630782
 0 0.630794
 0 0.630868
 0 0.630868
 0 0.630868
 0 0.630868
 0 0.630885
 0 0.630885
 0 0.630887
 0 0.630889
 0 0.630896
 0 0.630899
 0 0.630908
 0 0.630908
 0 0.630923
 0 0.630927
 0 0.630927
 0 0.630947
 0 0.63095
 0 0.63095
 0 0.630953
 0 0.630969
 0 0.630989
 0 0.631
 0 0.631004
 0 0.631008
 0 0.63102
 0 0.631022
 0 0.631108
 0 0.631108
 0 0.631108
 0 0.631149
 0 0.631149
 0 0.631154
 0 0.631156
 0 0.631156
 0 0.631158
 0 0.63116
 0 0.631238
 0 0.63128
 0 0.631305
 0 0.631321
 0 0.631343
 0 0.631343
 0 0.631346
 0 0.63136
 0 0.631372
 0 0.631381
 0 0.631384
 0 0.631385
 0 0.631385
 0 0.631386
 0 0.631392
 0 0.631393
 0 0.631395
 0 0.631395
 0 0.631396
 0 0.631409
 0 0.63141
 0 0.631447
 0 0.631456
 0 0.631456
 0 0.631463
 0 0.631464
 0 0.63147
 0 0.631533
 0 0.631534
 0 0.631568
 0 0.631568
 0 0.631568
 0 0.631578
 0 0.63158
 0 0.631581
 0 0.631585
 0 0.631605
 0 0.631636
 0 0.631638
 0 0.631638
 0 0.631638
 0 0.631675
 0 0.631685
 0 0.631685
 0 0.631819
 0 0.631819
 0 0.631825
 0 0.631835
 0 0.631836
 0 0.631837
 0 0.631837
 0 0.631838
 0 0.631857
 0 0.631862
 0 0.631862
 0 0.631903
 0 0.631904
 0 0.631904
 0 0.631904
 0 0.631904
 0 0.631907
 0 0.631908
 0 0.631908
 0 0.631921
 0 0.631934
 0 0.631935
 0 0.631968
 0 0.631977
 0 0.631978
 0 0.632032
 0 0.632041
 0 0.632041
 0 0.632052
 0 0.632072
 0 0.632073
 0 0.632079
 0 0.63208
 0 0.632081
 0 0.632081
 0 0.632091
 0 0.632127
 0 0.632128
 0 0.632196
 0 0.632198
 0 0.6322
 0 0.632203
 0 0.632203
 0 0.632205
 0 0.632205
 0 0.632209
 0 0.632238
 0 0.632238
 0 0.632238
 0 0.63224
 0 0.63224
 0 0.632283
 0 0.632288
 0 0.632288
 0 0.632349
 0 0.632349
 0 0.632368
 0 0.632374
 0 0.632374
 0 0.632374
 0 0.632378
 0 0.632381
 0 0.632383
 0 0.632511
 0 0.63252
 0 0.632582
 0 0.632582
 0 0.632583
 0 0.632604
 0 0.632604
 0 0.63265
 0 0.632651
 0 0.632655
 0 0.632655
 0 0.632661
 0 0.632715
 0 0.632715
 0 0.632715
 0 0.632728
 0 0.63273
 0 0.632748
 0 0.632748
 0 0.63275
 0 0.632761
 0 0.632761
 0 0.632764
 0 0.632796
 0 0.632796
 0 0.632798
 0 0.6328
 0 0.632804
 0 0.632804
 0 0.632808
 0 0.632808
 0 0.632808
 0 0.632818
 0 0.632819
 0 0.632819
 0 0.632855
 0 0.632855
 0 0.632855
 0 0.632857
 0 0.63286
 0 0.632861
 0 0.632877
 0 0.632877
 0 0.632889
 0 0.632889
 0 0.632891
 0 0.632897
 0 0.632913
 0 0.632915
 0 0.632915
 0 0.632937
 0 0.632937
 0 0.632958
 0 0.632958
 0 0.632958
 0 0.633004
 0 0.633025
 0 0.633025
 0 0.633025
 0 0.633026
 0 0.633057
 0 0.633057
 0 0.633067
 0 0.633089
 0 0.633103
 0 0.633105
 0 0.633126
 0 0.633126
 0 0.633128
 0 0.633142
 0 0.63315
 0 0.633152
 0 0.633153
 0 0.633153
 0 0.633159
 0 0.633159
 0 0.633178
 0 0.633179
 0 0.63318
 0 0.633181
 0 0.633203
 0 0.633204
 0 0.633206
 0 0.633231
 0 0.633234
 0 0.633234
 0 0.633244
 0 0.633248
 0 0.633263
 0 0.633299
 0 0.633299
 0 0.633314
 0 0.633325
 0 0.633327
 0 0.633354
 0 0.633357
 0 0.633357
 0 0.633364
 0 0.63337
 0 0.63338
 0 0.633403
 0 0.633404
 0 0.633405
 0 0.63342
 0 0.633425
 0 0.633437
 0 0.633438
 0 0.633465
 0 0.633489
 0 0.63349
 0 0.63349
 0 0.633517
 0 0.633518
 0 0.633556
 0 0.633582
 0 0.633582
 0 0.633582
 0 0.633594
 0 0.633601
 0 0.633619
 0 0.633622
 0 0.633629
 0 0.63363
 0 0.633634
 0 0.633644
 0 0.633645
 0 0.633684
 0 0.633684
 0 0.63369
 0 0.633704
 0 0.633719
 0 0.633725
 0 0.63376
 0 0.63377
 0 0.633772
 0 0.633772
 0 0.633775
 0 0.633784
 0 0.633784
 0 0.633784
 0 0.633784
 0 0.633789
 0 0.633814
 0 0.633834
 0 0.63385
 0 0.633858
 0 0.63386
 0 0.633862
 0 0.633894
 0 0.633895
 0 0.633898
 0 0.633945
 0 0.633962
 0 0.633977
 0 0.633994
 0 0.633995
 0 0.634008
 0 0.634014
 0 0.634014
 0 0.634029
 0 0.634029
 0 0.634029
 0 0.634029
 0 0.634036
 0 0.634055
 0 0.634055
 0 0.634055
 0 0.634055
 0 0.634062
 0 0.634063
 0 0.634069
 0 0.634069
 0 0.634075
 0 0.634081
 0 0.634104
 0 0.634106
 0 0.634109
 0 0.634109
 0 0.634113
 0 0.634117
 0 0.634141
 0 0.634151
 0 0.634155
 0 0.634156
 0 0.63419
 0 0.63419
 0 0.634191
 0 0.634197
 0 0.634197
 0 0.634221
 0 0.634221
 0 0.634222
 0 0.634266
 0 0.634266
 0 0.634266
 0 0.634266
 0 0.634308
 0 0.634314
 0 0.634325
 0 0.634326
 0 0.634328
 0 0.634329
 0 0.634354
 0 0.634379
 0 0.634379
 0 0.634385
 0 0.634393
 0 0.634393
 0 0.634395
 0 0.634397
 0 0.634436
 0 0.634437
 0 0.634437
 0 0.634437
 0 0.634437
 0 0.634459
 0 0.634462
 0 0.634472
 0 0.634472
 0 0.634473
 0 0.634478
 0 0.634479
 0 0.634479
 0 0.634484
 0 0.634484
 0 0.634508
 0 0.63451
 0 0.634511
 0 0.634512
 0 0.634512
 0 0.634517
 0 0.63456
 0 0.634566
 0 0.634571
 0 0.634575
 0 0.634575
 0 0.634592
 0 0.634592
 0 0.634593
 0 0.634594
 0 0.634594
 0 0.634616
 0 0.634616
 0 0.634616
 0 0.634642
 0 0.634642
 0 0.634642
 0 0.634658
 0 0.634679
 0 0.634686
 0 0.634691
 0 0.634704
 0 0.634705
 0 0.634705
 0 0.634731
 0 0.634732
 0 0.634741
 0 0.634745
 0 0.634784
 0 0.634787
 0 0.634788
 0 0.634795
 0 0.634801
 0 0.634821
 0 0.634821
 0 0.634822
 0 0.63484
 0 0.63484
 0 0.634851
 0 0.634868
 0 0.634869
 0 0.634871
 0 0.634887
 0 0.634887
 0 0.634936
 0 0.634937
 0 0.634938
 0 0.634944
 0 0.634944
 0 0.634967
 0 0.634987
 0 0.634988
 0 0.634988
 0 0.634988
 0 0.63499
 0 0.635009
 0 0.635036
 0 0.635036
 0 0.63505
 0 0.635051
 0 0.635101
 0 0.635101
 0 0.635102
 0 0.635127
 0 0.63513
 0 0.635154
 0 0.635171
 0 0.635222
 0 0.635222
 0 0.635226
 0 0.635227
 0 0.635228
 0 0.635234
 0 0.63524
 0 0.635249
 0 0.635317
 0 0.635318
 0 0.635331
 0 0.635334
 0 0.635355
 0 0.635359
 0 0.635359
 0 0.635362
 0 0.635366
 0 0.635367
 0 0.635369
 0 0.635372
 0 0.635373
 0 0.635373
 0 0.635398
 0 0.6354
 0 0.635407
 0 0.635446
 0 0.635447
 0 0.635447
 0 0.635485
 0 0.635489
 0 0.635512
 0 0.635519
 0 0.63552
 0 0.63552
 0 0.635521
 0 0.635532
 0 0.635532
 0 0.635532
 0 0.635534
 0 0.635548
 0 0.635548
 0 0.635562
 0 0.635562
 0 0.63557
 0 0.63557
 0 0.635574
 0 0.635579
 0 0.635582
 0 0.635637
 0 0.635638
 0 0.63572
 0 0.63572
 0 0.635721
 0 0.635722
 0 0.635724
 0 0.635724
 0 0.635724
 0 0.635746
 0 0.635747
 0 0.635759
 0 0.63576
 0 0.635763
 0 0.635763
 0 0.635763
 0 0.635763
 0 0.635772
 0 0.635772
 0 0.635772
 0 0.635852
 0 0.635892
 0 0.635893
 0 0.635893
 0 0.635927
 0 0.635939
 0 0.635942
 0 0.635947
 0 0.635947
 0 0.635947
 0 0.635965
 0 0.635966
 0 0.635966
 0 0.63599
 0 0.636028
 0 0.636029
 0 0.636052
 0 0.636052
 0 0.636053
 0 0.636053
 0 0.636061
 0 0.636061
 0 0.636062
 0 0.636084
 0 0.636088
 0 0.636113
 0 0.636113
 0 0.636118
 0 0.636118
 0 0.636119
 0 0.636123
 0 0.636156
 0 0.636156
 0 0.636156
 0 0.636193
 0 0.636193
 0 0.636193
 0 0.636193
 0 0.636197
 0 0.636265
 0 0.636266
 0 0.636304
 0 0.636304
 0 0.636312
 0 0.636324
 0 0.636324
 0 0.636366
 0 0.636366
 0 0.636388
 0 0.636406
 0 0.636407
 0 0.636409
 0 0.636416
 0 0.636416
 0 0.636416
 0 0.636416
 0 0.636416
 0 0.636419
 0 0.63643
 0 0.636447
 0 0.636456
 0 0.636457
 0 0.636481
 0 0.636484
 0 0.636517
 0 0.636526
 0 0.636527
 0 0.636537
 0 0.636537
 0 0.63655
 0 0.636555
 0 0.636555
 0 0.636555
 0 0.636601
 0 0.636623
 0 0.636624
 0 0.636624
 0 0.636632
 0 0.636635
 0 0.636635
 0 0.636636
 0 0.6367
 0 0.6367
 0 0.636703
 0 0.636738
 0 0.636738
 0 0.636738
 0 0.63679
 0 0.63679
 0 0.636791
 0 0.636805
 0 0.636807
 0 0.636824
 0 0.636824
 0 0.636827
 0 0.636831
 0 0.636855
 0 0.636869
 0 0.63687
 0 0.636872
 0 0.636888
 0 0.636918
 0 0.636931
 0 0.636931
 0 0.636963
 0 0.636964
 0 0.636964
 0 0.636965
 0 0.636975
 0 0.636977
 0 0.636977
 0 0.63698
 0 0.636984
 0 0.636985
 0 0.636986
 0 0.636989
 0 0.637015
 0 0.637015
 0 0.637031
 0 0.63707
 0 0.63707
 0 0.637074
 0 0.637076
 0 0.637077
 0 0.637078
 0 0.637078
 0 0.637078
 0 0.63708
 0 0.637083
 0 0.637083
 0 0.637099
 0 0.637101
 0 0.637102
 0 0.637103
 0 0.637103
 0 0.637104
 0 0.637105
 0 0.637169
 0 0.637169
 0 0.637222
 0 0.637222
 0 0.63728
 0 0.637282
 0 0.637282
 0 0.637282
 0 0.637285
 0 0.63732
 0 0.637344
 0 0.63735
 0 0.63735
 0 0.637358
 0 0.637358
 0 0.63736
 0 0.637362
 0 0.637365
 0 0.637365
 0 0.637365
 0 0.637367
 0 0.637371
 0 0.637437
 0 0.637437
 0 0.637448
 0 0.637455
 0 0.637486
 0 0.637526
 0 0.637528
 0 0.637528
 0 0.63757
 0 0.637612
 0 0.637613
 0 0.637666
 0 0.637669
 0 0.637669
 0 0.637669
 0 0.637705
 0 0.637705
 0 0.637707
 0 0.637708
 0 0.637708
 0 0.63773
 0 0.637731
 0 0.637731
 0 0.637739
 0 0.637745
 0 0.637745
 0 0.637748
 0 0.637749
 0 0.637751
 0 0.637766
 0 0.63777
 0 0.637771
 0 0.637773
 0 0.637777
 0 0.637778
 0 0.637779
 0 0.637784
 0 0.637787
 0 0.637794
 0 0.637796
 0 0.637796
 0 0.637797
 0 0.637811
 0 0.637813
 0 0.637813
 0 0.637815
 0 0.637822
 0 0.637823
 0 0.637859
 0 0.637861
 0 0.637861
 0 0.637862
 0 0.637872
 0 0.637872
 0 0.637872
 0 0.637872
 0 0.637874
 0 0.637885
 0 0.637885
 0 0.63789
 0 0.63789
 0 0.637891
 0 0.637894
 0 0.637894
 0 0.637894
 0 0.637909
 0 0.637948
 0 0.63796
 0 0.637961
 0 0.637962
 0 0.637962
 0 0.637963
 0 0.637964
 0 0.637964
 0 0.637995
 0 0.638
 0 0.638001
 0 0.638008
 0 0.638009
 0 0.638011
 0 0.638011
 0 0.638011
 0 0.638011
 0 0.638011
 0 0.638011
 0 0.638011
 0 0.638014
 0 0.638138
 0 0.63816
 0 0.638161
 0 0.638177
 0 0.638178
 0 0.638182
 0 0.6382
 0 0.638203
 0 0.638268
 0 0.638268
 0 0.638269
 0 0.638288
 0 0.638293
 0 0.638295
 0 0.638305
 0 0.63831
 0 0.638375
 0 0.638376
 0 0.638379
 0 0.638388
 0 0.638388
 0 0.63839
 0 0.638397
 0 0.638402
 0 0.638404
 0 0.638443
 0 0.638443
 0 0.638469
 0 0.638471
 0 0.638471
 0 0.638493
 0 0.638541
 0 0.638541
 0 0.638566
 0 0.638593
 0 0.638594
 0 0.638605
 0 0.63862
 0 0.638623
 0 0.638623
 0 0.638639
 0 0.638639
 0 0.638639
 0 0.63864
 0 0.638642
 0 0.638663
 0 0.638663
 0 0.638663
 0 0.638672
 0 0.63868
 0 0.63868
 0 0.638733
 0 0.638733
 0 0.638769
 0 0.638769
 0 0.638774
 0 0.638774
 0 0.63883
 0 0.638851
 0 0.638866
 0 0.638901
 0 0.638902
 0 0.638906
 0 0.638906
 0 0.638906
 0 0.638906
 0 0.638906
 0 0.638952
 0 0.638953
 0 0.638953
 0 0.639031
 0 0.63906
 0 0.639061
 0 0.639132
 0 0.639132
 0 0.639172
 0 0.639246
 0 0.639248
 0 0.639248
 0 0.639254
 0 0.639254
 0 0.639254
 0 0.639254
 0 0.639264
 0 0.639269
 0 0.639269
 0 0.639276
 0 0.639276
 0 0.639278
 0 0.639279
 0 0.639294
 0 0.639294
 0 0.639322
 0 0.639322
 0 0.639364
 0 0.639366
 0 0.639366
 0 0.63939
 0 0.63939
 0 0.639392
 0 0.639392
 0 0.639392
 0 0.639403
 0 0.639454
 0 0.639456
 0 0.639509
 0 0.639549
 0 0.639551
 0 0.639551
 0 0.639551
 0 0.639768
 0 0.639839
 0 0.639839
 0 0.639903
 0 0.639923
 0 0.639924
 0 0.639924
 0 0.639959
 0 0.63996
 0 0.63996
 0 0.639964
 0 0.639998
 0 0.640019
 0 0.640183
 0 0.640183
 0 0.640183
 0 0.640183
 0 0.640215
 0 0.640463
 0 0.640466
 0 0.640467
 0 0.640467
 0 0.640468
 0 0.640513
 0 0.640515
 0 0.640515
 0 0.640516
 0 0.640517
 0 0.640518
 0 0.640518
 0 0.64064
 0 0.64064
 0 0.640641
 0 0.640642
 0 0.640642
 0 0.64072
 0 0.640721
 0 0.640764
 0 0.640786
 0 0.640787
 0 0.640806
 0 0.640806
 0 0.640807
 0 0.640807
 0 0.640807
 0 0.640819
 0 0.64089
 0 0.640893
 0 0.640991
 0 0.640991
 0 0.641
 0 0.641001
 0 0.641034
 0 0.641034
 0 0.641077
 0 0.641109
 0 0.641109
 0 0.641109
 0 0.641111
 0 0.641162
 0 0.641165
 0 0.641165
 0 0.641183
 0 0.641192
 0 0.641215
 0 0.641234
 0 0.641256
 0 0.641266
 0 0.641269
 0 0.641275
 0 0.641282
 0 0.641316
 0 0.641316
 0 0.641316
 0 0.641323
 0 0.641324
 0 0.641328
 0 0.641328
 0 0.641328
 0 0.641354
 0 0.641378
 0 0.641379
 0 0.641468
 0 0.641491
 0 0.641525
 0 0.641525
 0 0.64157
 0 0.64157
 0 0.641571
 0 0.641572
 0 0.641598
 0 0.641598
 0 0.6416
 0 0.641608
 0 0.641678
 0 0.641679
 0 0.641715
 0 0.641716
 0 0.641719
 0 0.641807
 0 0.641807
 0 0.641885
 0 0.641885
 0 0.641933
 0 0.641933
 0 0.641937
 0 0.641937
 0 0.641982
 0 0.641983
 0 0.641995
 0 0.642018
 0 0.642018
 0 0.642037
 0 0.642249
 0 0.642249
 0 0.642315
 0 0.642315
 0 0.642319
 0 0.642319
 0 0.642357
 0 0.642468
 0 0.642469
 0 0.642469
 0 0.642685
 0 0.642769
 0 0.64277
 0 0.642772
 0 0.642796
 0 0.642817
 0 0.642817
 0 0.642819
 0 0.642821
 0 0.642883
 0 0.642923
 0 0.642927
 0 0.642935
 0 0.642936
 0 0.642946
 0 0.642946
 0 0.643078
 0 0.643101
 0 0.643211
 0 0.643212
 0 0.643212
 0 0.643323
 0 0.643325
 0 0.643332
 0 0.643336
 0 0.643357
 0 0.643357
 0 0.64344
 0 0.643517
 0 0.643517
 0 0.64352
 0 0.643705
 0 0.643978
 0 0.64398
 0 0.64398
 0 0.644154
 0 0.644154
 0 0.644183
 0 0.644185
 0 0.644185
 0 0.644242
 0 0.644242
 0 0.644244
 0 0.644393
 0 0.644404
 0 0.644404
 0 0.644405
 0 0.644432
 0 0.644433
 0 0.644597
 0 0.644598
 0 0.6446
 0 0.6446
 0 0.6446
 0 0.644601
 0 0.644709
 0 0.644722
 0 0.644722
 0 0.644723
 0 0.644763
 0 0.644766
 0 0.644767
 0 0.644869
 0 0.64487
 0 0.644919
 0 0.644919
 0 0.645015
 0 0.645016
 0 0.645016
 0 0.64528
 0 0.645281
 0 0.645543
 0 0.645607
 0 0.645607
 0 0.645636
 0 0.645637
 0 0.646689
 0 0.646897
 0 0.647229
 0 0.647609
 0 0.647941
 0 0.647941
 0 inf
