 0 0.483397
 0 0.483398
 0 0.483771
 0 0.484192
 0 0.484192
 0 0.484632
 0 0.503732
 0 0.503732
 0 0.503732
 0 0.503732
 0 0.503732
 0 0.504765
 0 0.610655
 0 0.610782
 0 0.611409
 0 0.611409
 0 0.611536
 0 0.611537
 0 0.617257
 0 0.617258
 0 0.617272
 0 0.61742
 0 0.617714
 0 0.617714
 0 0.617715
 0 0.617826
 0 0.617827
 0 0.618304
 0 0.61868
 0 0.618711
 0 0.618712
 0 0.618728
 0 0.618728
 0 0.619317
 0 0.619317
 0 0.619319
 0 0.619329
 0 0.619331
 0 0.619583
 0 0.620232
 0 0.620234
 0 0.620609
 0 0.620609
 0 0.62061
 0 0.620925
 0 0.620967
 0 0.620968
 0 0.621204
 0 0.621206
 0 0.62146
 0 0.621764
 0 0.621764
 0 0.621936
 0 0.621936
 0 0.621936
 0 0.621936
 0 0.62194
 0 0.622068
 0 0.622068
 0 0.622218
 0 0.622347
 0 0.622347
 0 0.622892
 0 0.622892
 0 0.622892
 0 0.622892
 0 0.622897
 0 0.622897
 0 0.622897
 0 0.622974
 0 0.622974
 0 0.622974
 0 0.622974
 0 0.623027
 0 0.623028
 0 0.623028
 0 0.623029
 0 0.623087
 0 0.623104
 0 0.623104
 0 0.62323
 0 0.62323
 0 0.623266
 0 0.62331
 0 0.62331
 0 0.623311
 0 0.623311
 0 0.623311
 0 0.623561
 0 0.623562
 0 0.623703
 0 0.623703
 0 0.623703
 0 0.623703
 0 0.623712
 0 0.623712
 0 0.623726
 0 0.623814
 0 0.623814
 0 0.623836
 0 0.623902
 0 0.623902
 0 0.623919
 0 0.623919
 0 0.623919
 0 0.623919
 0 0.623919
 0 0.624106
 0 0.624175
 0 0.624176
 0 0.624176
 0 0.624235
 0 0.624236
 0 0.624271
 0 0.624271
 0 0.624271
 0 0.624462
 0 0.624476
 0 0.624482
 0 0.624515
 0 0.624682
 0 0.624745
 0 0.624751
 0 0.62478
 0 0.62478
 0 0.624852
 0 0.624853
 0 0.624853
 0 0.624853
 0 0.624853
 0 0.625214
 0 0.625214
 0 0.625215
 0 0.625274
 0 0.625276
 0 0.625279
 0 0.62528
 0 0.625308
 0 0.625308
 0 0.625311
 0 0.625311
 0 0.625311
 0 0.625312
 0 0.625312
 0 0.625336
 0 0.625435
 0 0.625437
 0 0.625455
 0 0.625467
 0 0.625467
 0 0.625495
 0 0.6255
 0 0.6255
 0 0.625519
 0 0.625519
 0 0.625572
 0 0.625628
 0 0.625628
 0 0.625633
 0 0.625634
 0 0.625759
 0 0.62576
 0 0.62576
 0 0.625811
 0 0.625815
 0 0.625868
 0 0.625868
 0 0.62588
 0 0.625881
 0 0.625881
 0 0.625908
 0 0.62603
 0 0.626043
 0 0.626043
 0 0.626058
 0 0.626082
 0 0.626082
 0 0.626167
 0 0.626199
 0 0.626245
 0 0.626245
 0 0.626271
 0 0.626272
 0 0.626323
 0 0.626377
 0 0.626378
 0 0.626401
 0 0.626449
 0 0.626471
 0 0.626488
 0 0.626503
 0 0.626503
 0 0.626504
 0 0.626533
 0 0.626535
 0 0.626554
 0 0.626585
 0 0.626617
 0 0.626619
 0 0.626619
 0 0.626619
 0 0.62662
 0 0.626622
 0 0.626659
 0 0.62666
 0 0.626672
 0 0.626672
 0 0.6267
 0 0.626701
 0 0.626721
 0 0.626775
 0 0.62681
 0 0.626839
 0 0.626899
 0 0.626899
 0 0.626899
 0 0.626963
 0 0.626994
 0 0.627029
 0 0.627065
 0 0.627065
 0 0.62708
 0 0.62708
 0 0.62708
 0 0.627137
 0 0.627137
 0 0.62718
 0 0.627193
 0 0.627193
 0 0.627195
 0 0.627213
 0 0.627213
 0 0.627233
 0 0.627234
 0 0.62746
 0 0.62746
 0 0.627461
 0 0.627658
 0 0.627658
 0 0.627733
 0 0.627779
 0 0.627781
 0 0.627782
 0 0.627782
 0 0.627782
 0 0.627803
 0 0.627829
 0 0.627829
 0 0.627829
 0 0.627829
 0 0.627849
 0 0.62785
 0 0.62785
 0 0.627999
 0 0.627999
 0 0.627999
 0 0.628009
 0 0.628061
 0 0.628087
 0 0.628106
 0 0.628107
 0 0.628139
 0 0.628139
 0 0.628261
 0 0.628276
 0 0.628276
 0 0.628308
 0 0.628352
 0 0.628358
 0 0.628358
 0 0.628376
 0 0.628396
 0 0.628478
 0 0.62849
 0 0.62849
 0 0.62849
 0 0.628491
 0 0.628527
 0 0.628536
 0 0.628542
 0 0.628542
 0 0.628542
 0 0.628613
 0 0.628614
 0 0.628615
 0 0.628615
 0 0.628646
 0 0.628677
 0 0.628677
 0 0.628685
 0 0.628687
 0 0.628723
 0 0.628736
 0 0.628736
 0 0.628736
 0 0.628737
 0 0.628742
 0 0.628742
 0 0.628744
 0 0.628744
 0 0.628825
 0 0.628825
 0 0.628841
 0 0.628842
 0 0.628893
 0 0.628893
 0 0.628894
 0 0.628933
 0 0.628937
 0 0.628937
 0 0.62901
 0 0.62901
 0 0.629022
 0 0.629022
 0 0.629032
 0 0.629032
 0 0.629034
 0 0.629039
 0 0.629039
 0 0.62904
 0 0.629073
 0 0.629074
 0 0.629093
 0 0.629093
 0 0.629093
 0 0.629093
 0 0.629099
 0 0.629146
 0 0.629146
 0 0.629147
 0 0.629182
 0 0.629182
 0 0.629183
 0 0.629198
 0 0.629199
 0 0.629242
 0 0.629242
 0 0.629242
 0 0.629242
 0 0.629279
 0 0.629281
 0 0.629337
 0 0.629337
 0 0.629337
 0 0.629357
 0 0.629388
 0 0.629477
 0 0.629478
 0 0.629478
 0 0.629478
 0 0.629495
 0 0.629495
 0 0.629535
 0 0.629535
 0 0.629559
 0 0.629559
 0 0.62956
 0 0.629561
 0 0.629561
 0 0.629593
 0 0.629604
 0 0.629622
 0 0.629622
 0 0.629622
 0 0.629717
 0 0.629718
 0 0.629868
 0 0.629868
 0 0.629873
 0 0.629881
 0 0.629881
 0 0.629881
 0 0.629881
 0 0.62991
 0 0.629914
 0 0.629944
 0 0.629944
 0 0.629944
 0 0.629999
 0 0.629999
 0 0.630064
 0 0.630065
 0 0.630065
 0 0.630154
 0 0.630161
 0 0.630202
 0 0.630278
 0 0.630361
 0 0.630362
 0 0.630363
 0 0.630452
 0 0.630531
 0 0.630554
 0 0.630556
 0 0.630556
 0 0.630582
 0 0.630623
 0 0.630624
 0 0.630647
 0 0.630649
 0 0.630655
 0 0.630655
 0 0.630655
 0 0.630656
 0 0.630667
 0 0.630667
 0 0.630668
 0 0.63073
 0 0.630731
 0 0.630746
 0 0.630816
 0 0.630817
 0 0.63083
 0 0.630838
 0 0.630839
 0 0.630839
 0 0.630839
 0 0.630853
 0 0.630858
 0 0.630896
 0 0.630896
 0 0.630918
 0 0.630924
 0 0.630924
 0 0.630927
 0 0.630949
 0 0.631095
 0 0.631127
 0 0.631134
 0 0.631134
 0 0.631153
 0 0.631153
 0 0.631171
 0 0.631171
 0 0.631179
 0 0.631184
 0 0.631184
 0 0.631251
 0 0.631252
 0 0.631297
 0 0.631299
 0 0.631299
 0 0.631299
 0 0.631312
 0 0.631312
 0 0.631316
 0 0.631318
 0 0.631354
 0 0.631355
 0 0.631368
 0 0.631368
 0 0.631368
 0 0.631379
 0 0.631379
 0 0.631379
 0 0.631396
 0 0.631411
 0 0.631412
 0 0.631412
 0 0.631412
 0 0.631419
 0 0.631419
 0 0.631419
 0 0.631434
 0 0.631453
 0 0.631453
 0 0.631453
 0 0.631552
 0 0.631552
 0 0.631557
 0 0.631578
 0 0.63158
 0 0.63158
 0 0.63158
 0 0.631592
 0 0.631627
 0 0.631646
 0 0.631646
 0 0.631646
 0 0.631662
 0 0.631725
 0 0.631725
 0 0.631736
 0 0.631742
 0 0.631775
 0 0.631807
 0 0.631807
 0 0.631809
 0 0.631809
 0 0.631827
 0 0.631839
 0 0.63184
 0 0.631871
 0 0.631871
 0 0.631871
 0 0.631872
 0 0.631872
 0 0.631874
 0 0.631875
 0 0.631877
 0 0.631904
 0 0.631913
 0 0.631915
 0 0.631959
 0 0.631982
 0 0.631982
 0 0.631982
 0 0.632001
 0 0.632001
 0 0.632007
 0 0.632008
 0 0.632008
 0 0.632009
 0 0.632009
 0 0.632029
 0 0.632029
 0 0.632036
 0 0.632049
 0 0.632053
 0 0.632057
 0 0.632072
 0 0.632079
 0 0.632079
 0 0.632083
 0 0.632083
 0 0.632083
 0 0.632083
 0 0.632083
 0 0.632084
 0 0.632084
 0 0.632123
 0 0.632131
 0 0.632166
 0 0.632196
 0 0.632198
 0 0.632202
 0 0.632203
 0 0.632209
 0 0.632209
 0 0.63221
 0 0.632252
 0 0.632255
 0 0.632255
 0 0.632287
 0 0.63229
 0 0.632317
 0 0.632317
 0 0.632326
 0 0.632326
 0 0.632327
 0 0.632327
 0 0.632327
 0 0.632327
 0 0.632327
 0 0.632328
 0 0.632336
 0 0.63234
 0 0.632342
 0 0.632353
 0 0.632358
 0 0.63239
 0 0.632399
 0 0.632401
 0 0.632406
 0 0.632407
 0 0.63246
 0 0.632471
 0 0.632472
 0 0.632473
 0 0.632473
 0 0.632488
 0 0.632489
 0 0.632535
 0 0.63255
 0 0.632562
 0 0.632562
 0 0.63258
 0 0.63258
 0 0.632581
 0 0.632581
 0 0.63261
 0 0.632699
 0 0.6327
 0 0.632701
 0 0.632712
 0 0.632712
 0 0.632718
 0 0.632718
 0 0.632718
 0 0.632724
 0 0.632724
 0 0.632768
 0 0.632783
 0 0.632843
 0 0.632844
 0 0.632844
 0 0.63287
 0 0.632872
 0 0.632874
 0 0.632887
 0 0.632888
 0 0.632888
 0 0.63291
 0 0.633001
 0 0.633002
 0 0.633027
 0 0.633028
 0 0.633028
 0 0.633071
 0 0.633072
 0 0.633109
 0 0.63311
 0 0.633111
 0 0.633112
 0 0.633114
 0 0.633218
 0 0.633219
 0 0.633219
 0 0.633226
 0 0.633229
 0 0.633259
 0 0.633259
 0 0.63326
 0 0.63327
 0 0.633271
 0 0.633272
 0 0.633272
 0 0.633272
 0 0.633284
 0 0.633285
 0 0.633285
 0 0.633285
 0 0.633285
 0 0.633286
 0 0.633291
 0 0.633292
 0 0.633301
 0 0.633329
 0 0.633344
 0 0.633345
 0 0.633346
 0 0.633379
 0 0.633405
 0 0.633405
 0 0.633406
 0 0.63341
 0 0.633442
 0 0.633456
 0 0.633457
 0 0.633489
 0 0.633489
 0 0.633533
 0 0.633534
 0 0.633553
 0 0.633553
 0 0.633554
 0 0.633554
 0 0.633556
 0 0.633557
 0 0.633583
 0 0.633583
 0 0.633583
 0 0.633583
 0 0.633601
 0 0.633602
 0 0.633602
 0 0.633603
 0 0.633604
 0 0.633612
 0 0.633612
 0 0.633612
 0 0.633615
 0 0.633647
 0 0.633647
 0 0.633648
 0 0.633648
 0 0.633668
 0 0.633668
 0 0.63367
 0 0.633671
 0 0.633672
 0 0.633673
 0 0.633673
 0 0.633687
 0 0.633695
 0 0.633695
 0 0.633701
 0 0.63376
 0 0.633774
 0 0.633774
 0 0.633813
 0 0.633813
 0 0.63382
 0 0.633821
 0 0.633821
 0 0.633828
 0 0.633843
 0 0.633868
 0 0.633868
 0 0.63388
 0 0.633897
 0 0.633897
 0 0.633899
 0 0.633929
 0 0.633931
 0 0.633965
 0 0.63403
 0 0.63403
 0 0.63405
 0 0.634052
 0 0.634089
 0 0.63409
 0 0.634099
 0 0.634099
 0 0.634099
 0 0.634101
 0 0.634111
 0 0.634126
 0 0.63418
 0 0.634181
 0 0.634189
 0 0.634189
 0 0.634211
 0 0.634212
 0 0.634212
 0 0.634212
 0 0.634212
 0 0.634213
 0 0.634214
 0 0.63422
 0 0.63422
 0 0.63422
 0 0.634225
 0 0.634225
 0 0.634238
 0 0.634269
 0 0.634269
 0 0.634287
 0 0.634288
 0 0.634288
 0 0.634288
 0 0.6343
 0 0.6343
 0 0.634329
 0 0.634329
 0 0.634331
 0 0.634377
 0 0.634378
 0 0.634397
 0 0.634399
 0 0.634399
 0 0.634425
 0 0.634496
 0 0.6345
 0 0.634527
 0 0.634528
 0 0.634558
 0 0.634569
 0 0.63457
 0 0.634575
 0 0.634575
 0 0.634591
 0 0.634593
 0 0.6346
 0 0.6346
 0 0.6346
 0 0.6346
 0 0.634626
 0 0.634641
 0 0.634642
 0 0.634642
 0 0.634647
 0 0.634647
 0 0.634658
 0 0.634659
 0 0.634659
 0 0.634659
 0 0.634701
 0 0.634705
 0 0.634737
 0 0.634737
 0 0.634754
 0 0.634754
 0 0.634767
 0 0.634768
 0 0.63478
 0 0.634796
 0 0.634796
 0 0.634835
 0 0.634835
 0 0.634836
 0 0.634836
 0 0.634856
 0 0.634925
 0 0.634993
 0 0.634994
 0 0.634994
 0 0.634995
 0 0.63501
 0 0.63501
 0 0.635011
 0 0.635013
 0 0.63502
 0 0.635034
 0 0.635035
 0 0.63506
 0 0.635061
 0 0.635102
 0 0.63513
 0 0.63513
 0 0.635173
 0 0.635173
 0 0.635174
 0 0.63518
 0 0.635196
 0 0.635227
 0 0.635228
 0 0.635228
 0 0.63524
 0 0.635241
 0 0.635243
 0 0.635243
 0 0.635243
 0 0.635248
 0 0.635248
 0 0.63525
 0 0.635275
 0 0.635283
 0 0.635284
 0 0.635284
 0 0.635285
 0 0.635286
 0 0.63534
 0 0.635342
 0 0.635348
 0 0.635363
 0 0.635367
 0 0.635367
 0 0.635369
 0 0.635369
 0 0.635369
 0 0.635369
 0 0.635369
 0 0.635385
 0 0.635397
 0 0.635398
 0 0.6354
 0 0.63544
 0 0.635441
 0 0.635441
 0 0.635445
 0 0.635448
 0 0.63548
 0 0.635498
 0 0.635498
 0 0.635525
 0 0.635525
 0 0.635531
 0 0.635532
 0 0.635532
 0 0.635532
 0 0.635532
 0 0.635535
 0 0.635536
 0 0.635536
 0 0.635537
 0 0.635544
 0 0.635546
 0 0.635569
 0 0.635569
 0 0.63557
 0 0.635589
 0 0.635589
 0 0.635589
 0 0.635589
 0 0.635591
 0 0.635592
 0 0.635592
 0 0.635592
 0 0.635592
 0 0.635592
 0 0.635592
 0 0.635598
 0 0.635599
 0 0.635599
 0 0.63562
 0 0.635623
 0 0.635623
 0 0.635623
 0 0.635632
 0 0.635633
 0 0.635633
 0 0.635633
 0 0.635633
 0 0.635662
 0 0.63569
 0 0.635725
 0 0.635734
 0 0.635734
 0 0.635734
 0 0.635748
 0 0.635769
 0 0.635769
 0 0.63577
 0 0.635772
 0 0.635775
 0 0.635777
 0 0.63578
 0 0.63578
 0 0.635788
 0 0.635788
 0 0.635816
 0 0.635827
 0 0.635827
 0 0.635878
 0 0.635879
 0 0.63588
 0 0.63588
 0 0.635886
 0 0.635894
 0 0.635895
 0 0.635921
 0 0.635951
 0 0.635951
 0 0.635964
 0 0.635964
 0 0.635965
 0 0.635965
 0 0.635965
 0 0.636015
 0 0.636039
 0 0.63604
 0 0.636071
 0 0.636079
 0 0.63608
 0 0.63608
 0 0.636103
 0 0.636103
 0 0.636103
 0 0.636103
 0 0.636105
 0 0.636134
 0 0.636168
 0 0.636168
 0 0.636171
 0 0.636185
 0 0.636239
 0 0.636241
 0 0.636299
 0 0.636299
 0 0.63633
 0 0.63633
 0 0.63633
 0 0.636366
 0 0.636367
 0 0.636367
 0 0.636368
 0 0.6364
 0 0.63641
 0 0.63641
 0 0.636423
 0 0.636423
 0 0.636423
 0 0.636498
 0 0.636506
 0 0.636522
 0 0.636523
 0 0.636557
 0 0.636604
 0 0.636608
 0 0.636614
 0 0.63667
 0 0.636684
 0 0.636687
 0 0.63669
 0 0.63669
 0 0.63669
 0 0.636727
 0 0.636727
 0 0.636728
 0 0.636771
 0 0.636789
 0 0.636791
 0 0.636806
 0 0.636824
 0 0.636824
 0 0.636831
 0 0.636834
 0 0.636855
 0 0.636861
 0 0.636879
 0 0.636882
 0 0.636882
 0 0.636882
 0 0.636906
 0 0.636938
 0 0.63697
 0 0.63697
 0 0.636975
 0 0.636981
 0 0.63703
 0 0.637032
 0 0.637079
 0 0.63708
 0 0.637082
 0 0.637082
 0 0.637082
 0 0.637134
 0 0.637134
 0 0.637135
 0 0.637135
 0 0.637135
 0 0.637135
 0 0.637136
 0 0.637161
 0 0.637195
 0 0.637195
 0 0.637202
 0 0.637202
 0 0.637208
 0 0.637218
 0 0.637251
 0 0.637257
 0 0.637257
 0 0.637257
 0 0.637258
 0 0.637258
 0 0.63726
 0 0.637261
 0 0.637276
 0 0.637277
 0 0.637278
 0 0.637301
 0 0.637302
 0 0.637302
 0 0.637321
 0 0.637379
 0 0.637379
 0 0.63738
 0 0.63738
 0 0.637385
 0 0.637385
 0 0.637385
 0 0.637389
 0 0.637389
 0 0.637423
 0 0.637424
 0 0.637431
 0 0.63744
 0 0.637442
 0 0.637462
 0 0.637476
 0 0.63749
 0 0.63749
 0 0.637491
 0 0.6375
 0 0.6375
 0 0.6375
 0 0.6375
 0 0.637512
 0 0.637513
 0 0.637513
 0 0.637537
 0 0.637546
 0 0.637546
 0 0.637548
 0 0.637548
 0 0.637555
 0 0.637555
 0 0.637562
 0 0.637562
 0 0.637579
 0 0.637579
 0 0.63758
 0 0.63758
 0 0.63758
 0 0.637581
 0 0.637581
 0 0.637643
 0 0.637643
 0 0.637643
 0 0.637643
 0 0.637643
 0 0.637643
 0 0.637644
 0 0.637644
 0 0.637651
 0 0.637668
 0 0.637668
 0 0.637697
 0 0.637697
 0 0.637739
 0 0.637739
 0 0.63775
 0 0.63775
 0 0.637752
 0 0.637753
 0 0.637754
 0 0.637754
 0 0.637755
 0 0.637755
 0 0.637763
 0 0.637763
 0 0.637768
 0 0.637772
 0 0.637773
 0 0.637782
 0 0.637786
 0 0.637786
 0 0.637787
 0 0.637825
 0 0.637828
 0 0.637828
 0 0.637849
 0 0.637858
 0 0.637858
 0 0.637865
 0 0.637867
 0 0.637905
 0 0.637928
 0 0.637928
 0 0.637941
 0 0.637942
 0 0.638013
 0 0.638013
 0 0.63802
 0 0.638021
 0 0.638076
 0 0.638101
 0 0.638114
 0 0.638174
 0 0.638218
 0 0.638227
 0 0.638271
 0 0.638271
 0 0.638292
 0 0.638315
 0 0.638348
 0 0.638348
 0 0.638349
 0 0.638443
 0 0.638467
 0 0.638468
 0 0.638474
 0 0.638477
 0 0.638484
 0 0.638484
 0 0.638492
 0 0.638512
 0 0.638515
 0 0.638537
 0 0.638542
 0 0.638542
 0 0.638552
 0 0.638556
 0 0.638556
 0 0.638556
 0 0.638556
 0 0.638612
 0 0.638613
 0 0.638618
 0 0.638618
 0 0.638618
 0 0.638641
 0 0.638642
 0 0.638647
 0 0.638647
 0 0.63865
 0 0.63865
 0 0.63865
 0 0.63865
 0 0.638659
 0 0.638675
 0 0.638675
 0 0.638697
 0 0.638698
 0 0.638702
 0 0.638724
 0 0.638725
 0 0.638726
 0 0.638727
 0 0.638727
 0 0.638737
 0 0.638749
 0 0.638749
 0 0.63875
 0 0.638768
 0 0.638768
 0 0.638778
 0 0.638793
 0 0.638793
 0 0.63882
 0 0.638834
 0 0.638836
 0 0.638846
 0 0.638847
 0 0.638848
 0 0.63887
 0 0.63887
 0 0.638876
 0 0.638876
 0 0.638907
 0 0.638932
 0 0.638939
 0 0.638991
 0 0.638991
 0 0.638991
 0 0.638992
 0 0.638997
 0 0.638998
 0 0.638998
 0 0.638998
 0 0.638998
 0 0.63901
 0 0.639011
 0 0.639013
 0 0.639013
 0 0.639033
 0 0.639034
 0 0.639042
 0 0.639046
 0 0.639046
 0 0.639047
 0 0.639047
 0 0.639047
 0 0.639081
 0 0.639082
 0 0.639082
 0 0.639134
 0 0.639142
 0 0.639148
 0 0.639154
 0 0.639155
 0 0.639156
 0 0.639202
 0 0.639202
 0 0.639202
 0 0.639204
 0 0.639205
 0 0.63921
 0 0.639229
 0 0.639262
 0 0.639282
 0 0.639282
 0 0.639283
 0 0.639378
 0 0.639394
 0 0.639394
 0 0.639394
 0 0.639395
 0 0.639435
 0 0.639436
 0 0.639438
 0 0.639445
 0 0.639451
 0 0.639452
 0 0.639514
 0 0.639516
 0 0.639516
 0 0.639516
 0 0.639516
 0 0.639517
 0 0.639546
 0 0.639566
 0 0.639567
 0 0.639589
 0 0.63961
 0 0.639626
 0 0.639627
 0 0.639692
 0 0.639744
 0 0.639746
 0 0.639779
 0 0.639779
 0 0.639815
 0 0.639859
 0 0.639859
 0 0.639901
 0 0.639906
 0 0.639907
 0 0.639907
 0 0.639928
 0 0.639945
 0 0.639952
 0 0.639952
 0 0.639972
 0 0.639974
 0 0.639974
 0 0.639992
 0 0.639992
 0 0.639992
 0 0.640016
 0 0.640067
 0 0.640067
 0 0.640067
 0 0.64014
 0 0.64014
 0 0.640201
 0 0.640201
 0 0.640203
 0 0.640332
 0 0.640364
 0 0.64037
 0 0.64037
 0 0.640371
 0 0.64041
 0 0.640412
 0 0.640442
 0 0.640442
 0 0.640442
 0 0.640442
 0 0.640442
 0 0.640497
 0 0.640509
 0 0.640518
 0 0.640519
 0 0.640555
 0 0.640608
 0 0.640655
 0 0.640657
 0 0.640657
 0 0.640657
 0 0.640663
 0 0.640673
 0 0.64082
 0 0.640823
 0 0.640844
 0 0.640844
 0 0.640858
 0 0.640861
 0 0.640861
 0 0.640861
 0 0.640861
 0 0.640869
 0 0.64087
 0 0.640902
 0 0.641003
 0 0.641003
 0 0.641049
 0 0.64105
 0 0.641051
 0 0.641074
 0 0.641075
 0 0.641086
 0 0.641157
 0 0.641157
 0 0.641157
 0 0.641157
 0 0.641164
 0 0.641165
 0 0.641183
 0 0.641183
 0 0.641227
 0 0.641228
 0 0.641238
 0 0.641239
 0 0.641256
 0 0.641277
 0 0.641277
 0 0.641409
 0 0.64141
 0 0.641427
 0 0.641427
 0 0.641427
 0 0.641523
 0 0.641534
 0 0.641534
 0 0.641534
 0 0.641536
 0 0.641577
 0 0.641577
 0 0.641589
 0 0.641589
 0 0.641593
 0 0.641594
 0 0.6416
 0 0.6416
 0 0.641601
 0 0.641625
 0 0.641625
 0 0.641689
 0 0.641714
 0 0.641714
 0 0.64178
 0 0.64178
 0 0.641821
 0 0.641821
 0 0.641821
 0 0.641821
 0 0.641839
 0 0.64184
 0 0.641886
 0 0.641892
 0 0.641892
 0 0.641958
 0 0.641988
 0 0.642005
 0 0.642028
 0 0.64206
 0 0.64206
 0 0.642068
 0 0.642082
 0 0.642116
 0 0.642117
 0 0.642132
 0 0.642132
 0 0.642144
 0 0.642217
 0 0.642217
 0 0.642219
 0 0.642225
 0 0.642301
 0 0.642301
 0 0.642438
 0 0.642447
 0 0.642514
 0 0.642514
 0 0.642572
 0 0.642589
 0 0.642593
 0 0.642601
 0 0.642605
 0 0.642605
 0 0.642605
 0 0.642616
 0 0.642616
 0 0.642624
 0 0.642624
 0 0.642667
 0 0.642668
 0 0.642699
 0 0.642699
 0 0.642823
 0 0.642827
 0 0.642847
 0 0.642847
 0 0.642847
 0 0.642908
 0 0.642954
 0 0.642954
 0 0.643123
 0 0.643227
 0 0.643268
 0 0.643269
 0 0.64327
 0 0.643272
 0 0.643308
 0 0.643308
 0 0.643308
 0 0.643314
 0 0.643314
 0 0.643316
 0 0.643339
 0 0.643339
 0 0.643342
 0 0.643342
 0 0.643584
 0 0.643741
 0 0.643741
 0 0.64375
 0 0.643861
 0 0.643861
 0 0.643861
 0 0.643861
 0 0.64387
 0 0.64387
 0 0.643995
 0 0.644211
 0 0.644342
 0 0.644343
 0 0.644343
 0 0.644382
 0 0.644383
 0 0.644404
 0 0.644495
 0 0.644557
 0 0.644566
 0 0.644566
 0 0.644566
 0 0.644597
 0 0.644615
 0 0.644848
 0 0.644848
 0 0.644972
 0 0.644973
 0 0.64526
 0 0.645261
 0 0.645261
 0 0.645269
 0 0.645271
 0 0.645384
 0 0.645419
 0 0.645419
 0 0.64548
 0 0.64548
 0 0.645768
 0 0.645816
 0 0.645816
 0 0.645906
 0 0.645907
 0 0.645977
 0 0.646024
 0 0.646024
 0 0.646171
 0 0.646443
 0 0.646492
 0 0.646675
 0 0.646676
 0 0.646693
 0 0.646783
 0 0.646784
 0 0.646784
 0 0.646784
 0 0.646953
 0 0.646954
 0 0.646954
 0 0.646955
 0 0.647
 0 0.647
 0 0.647121
 0 0.647121
 0 0.647121
 0 0.647123
 0 0.647242
 0 0.647335
 0 0.647619
 0 0.64762
 0 0.647799
 0 0.6478
 0 0.647801
 0 0.648042
 0 0.648042
 0 0.648042
 0 0.648042
 0 0.648149
 0 0.648151
 0 0.648151
 0 0.648151
 0 0.648151
 0 0.648151
 0 0.648207
 0 0.648208
 0 0.648545
 0 0.648545
 0 0.648545
 0 0.648546
 0 0.648546
 0 0.650031
 0 0.654917
 0 0.655239
 0 0.655239
 0 0.655553
 0 0.655725
 0 0.656047
 0 inf
