 0 0.485
 0 0.485002
 0 0.485315
 0 0.485782
 0 0.485782
 0 0.486193
 0 0.493489
 0 0.493489
 0 0.493489
 0 0.493489
 0 0.493977
 0 0.493977
 0 0.609474
 0 0.609474
 0 0.609479
 0 0.609479
 0 0.609479
 0 0.609479
 0 0.61567
 0 0.61567
 0 0.615994
 0 0.615995
 0 0.615995
 0 0.616193
 0 0.616537
 0 0.616576
 0 0.616577
 0 0.616643
 0 0.616742
 0 0.616811
 0 0.616812
 0 0.616958
 0 0.617032
 0 0.617032
 0 0.617032
 0 0.617107
 0 0.617107
 0 0.6172
 0 0.617201
 0 0.617489
 0 0.617712
 0 0.617712
 0 0.617714
 0 0.617752
 0 0.617753
 0 0.618239
 0 0.618914
 0 0.618915
 0 0.61994
 0 0.619941
 0 0.620177
 0 0.620177
 0 0.620446
 0 0.620658
 0 0.620667
 0 0.62073
 0 0.621181
 0 0.621181
 0 0.621182
 0 0.621189
 0 0.62119
 0 0.621388
 0 0.62139
 0 0.621479
 0 0.62148
 0 0.621503
 0 0.621503
 0 0.621565
 0 0.621565
 0 0.621568
 0 0.621639
 0 0.621697
 0 0.621736
 0 0.621736
 0 0.621828
 0 0.621982
 0 0.622002
 0 0.622002
 0 0.622027
 0 0.622028
 0 0.622042
 0 0.622043
 0 0.622105
 0 0.62213
 0 0.622142
 0 0.622293
 0 0.622328
 0 0.622328
 0 0.622331
 0 0.622331
 0 0.622381
 0 0.622506
 0 0.622506
 0 0.622506
 0 0.622506
 0 0.622619
 0 0.622632
 0 0.622668
 0 0.622672
 0 0.622694
 0 0.622694
 0 0.622696
 0 0.622696
 0 0.622757
 0 0.622939
 0 0.622954
 0 0.622955
 0 0.622955
 0 0.622955
 0 0.623025
 0 0.623046
 0 0.623047
 0 0.623053
 0 0.62307
 0 0.623092
 0 0.623095
 0 0.62311
 0 0.62311
 0 0.623116
 0 0.623116
 0 0.623128
 0 0.623131
 0 0.623132
 0 0.623222
 0 0.623222
 0 0.623222
 0 0.62327
 0 0.62327
 0 0.623355
 0 0.623361
 0 0.623361
 0 0.623437
 0 0.623437
 0 0.623437
 0 0.623437
 0 0.623527
 0 0.623528
 0 0.623574
 0 0.623574
 0 0.623574
 0 0.623575
 0 0.623603
 0 0.623603
 0 0.623684
 0 0.623684
 0 0.623685
 0 0.62374
 0 0.623908
 0 0.623928
 0 0.624009
 0 0.624065
 0 0.624101
 0 0.624101
 0 0.624107
 0 0.624107
 0 0.624107
 0 0.624143
 0 0.624172
 0 0.624172
 0 0.624173
 0 0.624198
 0 0.624198
 0 0.624199
 0 0.624338
 0 0.624338
 0 0.624362
 0 0.624375
 0 0.624375
 0 0.624375
 0 0.624388
 0 0.62439
 0 0.624429
 0 0.62444
 0 0.62447
 0 0.624495
 0 0.624495
 0 0.624499
 0 0.624504
 0 0.624603
 0 0.624603
 0 0.624604
 0 0.624604
 0 0.624631
 0 0.624632
 0 0.624648
 0 0.62465
 0 0.624659
 0 0.624715
 0 0.624717
 0 0.624839
 0 0.62484
 0 0.62484
 0 0.62485
 0 0.62485
 0 0.624923
 0 0.624925
 0 0.624939
 0 0.624939
 0 0.624939
 0 0.624977
 0 0.625045
 0 0.625083
 0 0.625146
 0 0.625148
 0 0.625189
 0 0.625189
 0 0.625255
 0 0.625256
 0 0.625279
 0 0.625279
 0 0.62528
 0 0.62528
 0 0.625398
 0 0.625433
 0 0.625437
 0 0.625445
 0 0.625446
 0 0.625464
 0 0.625464
 0 0.625503
 0 0.625505
 0 0.625512
 0 0.625591
 0 0.625591
 0 0.625592
 0 0.625717
 0 0.625717
 0 0.625717
 0 0.625717
 0 0.625724
 0 0.625724
 0 0.625724
 0 0.625769
 0 0.625769
 0 0.625865
 0 0.625865
 0 0.625882
 0 0.625981
 0 0.626081
 0 0.626081
 0 0.626097
 0 0.626097
 0 0.626099
 0 0.626099
 0 0.626121
 0 0.626146
 0 0.626147
 0 0.626237
 0 0.626282
 0 0.626283
 0 0.626283
 0 0.626283
 0 0.626283
 0 0.626283
 0 0.626291
 0 0.626404
 0 0.626435
 0 0.626458
 0 0.626483
 0 0.626483
 0 0.626483
 0 0.626542
 0 0.626542
 0 0.626564
 0 0.626573
 0 0.626573
 0 0.62662
 0 0.626698
 0 0.626698
 0 0.626698
 0 0.6267
 0 0.6267
 0 0.6267
 0 0.626701
 0 0.626737
 0 0.626752
 0 0.626755
 0 0.626758
 0 0.626765
 0 0.626765
 0 0.626766
 0 0.62678
 0 0.62678
 0 0.626781
 0 0.626781
 0 0.62685
 0 0.626869
 0 0.62687
 0 0.626871
 0 0.626926
 0 0.626927
 0 0.626927
 0 0.626955
 0 0.626968
 0 0.62697
 0 0.62697
 0 0.62702
 0 0.627033
 0 0.627033
 0 0.627137
 0 0.627167
 0 0.627167
 0 0.627193
 0 0.627193
 0 0.627199
 0 0.627201
 0 0.627201
 0 0.627201
 0 0.627232
 0 0.627244
 0 0.627245
 0 0.627271
 0 0.627271
 0 0.627271
 0 0.627362
 0 0.627362
 0 0.627418
 0 0.627418
 0 0.627472
 0 0.627472
 0 0.627472
 0 0.627472
 0 0.627492
 0 0.627497
 0 0.627497
 0 0.627498
 0 0.627504
 0 0.627505
 0 0.627505
 0 0.627506
 0 0.627589
 0 0.62759
 0 0.62759
 0 0.627627
 0 0.627627
 0 0.627627
 0 0.62763
 0 0.627632
 0 0.627648
 0 0.627659
 0 0.627659
 0 0.627684
 0 0.627684
 0 0.627714
 0 0.627714
 0 0.627714
 0 0.62772
 0 0.627792
 0 0.627804
 0 0.627804
 0 0.627952
 0 0.627957
 0 0.627957
 0 0.627957
 0 0.627957
 0 0.627957
 0 0.627963
 0 0.627965
 0 0.628
 0 0.628
 0 0.628002
 0 0.628002
 0 0.628002
 0 0.628037
 0 0.628058
 0 0.628096
 0 0.62811
 0 0.62811
 0 0.628139
 0 0.628174
 0 0.628174
 0 0.628174
 0 0.628178
 0 0.62818
 0 0.628226
 0 0.628226
 0 0.628226
 0 0.628241
 0 0.628243
 0 0.628243
 0 0.628245
 0 0.628315
 0 0.628351
 0 0.628351
 0 0.628357
 0 0.628358
 0 0.628358
 0 0.62836
 0 0.62836
 0 0.62837
 0 0.628375
 0 0.628376
 0 0.628379
 0 0.628493
 0 0.628493
 0 0.628493
 0 0.628498
 0 0.628525
 0 0.628525
 0 0.628526
 0 0.628526
 0 0.628526
 0 0.628536
 0 0.628536
 0 0.628592
 0 0.628609
 0 0.628612
 0 0.628634
 0 0.628634
 0 0.628634
 0 0.62865
 0 0.628666
 0 0.628666
 0 0.62868
 0 0.628682
 0 0.628684
 0 0.628707
 0 0.628708
 0 0.628708
 0 0.628708
 0 0.628708
 0 0.628709
 0 0.628721
 0 0.628736
 0 0.628812
 0 0.628812
 0 0.628814
 0 0.628832
 0 0.628832
 0 0.628842
 0 0.628848
 0 0.628867
 0 0.628868
 0 0.628869
 0 0.628869
 0 0.628897
 0 0.628897
 0 0.628897
 0 0.628949
 0 0.628975
 0 0.628975
 0 0.628976
 0 0.629003
 0 0.629003
 0 0.629004
 0 0.629012
 0 0.629042
 0 0.629042
 0 0.629073
 0 0.629073
 0 0.62908
 0 0.629144
 0 0.629169
 0 0.62919
 0 0.629192
 0 0.629192
 0 0.629192
 0 0.629226
 0 0.629226
 0 0.629226
 0 0.629227
 0 0.629234
 0 0.629236
 0 0.629237
 0 0.629256
 0 0.629311
 0 0.629366
 0 0.62938
 0 0.629402
 0 0.629402
 0 0.629404
 0 0.629407
 0 0.629414
 0 0.629414
 0 0.629414
 0 0.629421
 0 0.629421
 0 0.629427
 0 0.629427
 0 0.629432
 0 0.629436
 0 0.629436
 0 0.629436
 0 0.629446
 0 0.629448
 0 0.629466
 0 0.629467
 0 0.629497
 0 0.629535
 0 0.629535
 0 0.629535
 0 0.629554
 0 0.629554
 0 0.629554
 0 0.629576
 0 0.629578
 0 0.629578
 0 0.629579
 0 0.629616
 0 0.629617
 0 0.629623
 0 0.629625
 0 0.629631
 0 0.629632
 0 0.629725
 0 0.629725
 0 0.629725
 0 0.629726
 0 0.629726
 0 0.629729
 0 0.62973
 0 0.629731
 0 0.629731
 0 0.629731
 0 0.629776
 0 0.629778
 0 0.62979
 0 0.629848
 0 0.629849
 0 0.629877
 0 0.629903
 0 0.629913
 0 0.629913
 0 0.629917
 0 0.629919
 0 0.629919
 0 0.629922
 0 0.629923
 0 0.629923
 0 0.629959
 0 0.629973
 0 0.629973
 0 0.629982
 0 0.630005
 0 0.63002
 0 0.630021
 0 0.630061
 0 0.630063
 0 0.630078
 0 0.63008
 0 0.630081
 0 0.630127
 0 0.630147
 0 0.630147
 0 0.63015
 0 0.630259
 0 0.63026
 0 0.63029
 0 0.630292
 0 0.630292
 0 0.630294
 0 0.630305
 0 0.630305
 0 0.630316
 0 0.630317
 0 0.630334
 0 0.630334
 0 0.630356
 0 0.630381
 0 0.630382
 0 0.630386
 0 0.630386
 0 0.630405
 0 0.630405
 0 0.630405
 0 0.630481
 0 0.630532
 0 0.630533
 0 0.630533
 0 0.630575
 0 0.630578
 0 0.630588
 0 0.630589
 0 0.630602
 0 0.630604
 0 0.630607
 0 0.630607
 0 0.630614
 0 0.630616
 0 0.630634
 0 0.630634
 0 0.630635
 0 0.630656
 0 0.630691
 0 0.630728
 0 0.630733
 0 0.630735
 0 0.630741
 0 0.630742
 0 0.630743
 0 0.630754
 0 0.630779
 0 0.630787
 0 0.630789
 0 0.630791
 0 0.630796
 0 0.630824
 0 0.630824
 0 0.630829
 0 0.630829
 0 0.630847
 0 0.630848
 0 0.630849
 0 0.63085
 0 0.63085
 0 0.630851
 0 0.630855
 0 0.63087
 0 0.630877
 0 0.63088
 0 0.630882
 0 0.630893
 0 0.630937
 0 0.630943
 0 0.630954
 0 0.630954
 0 0.630963
 0 0.630969
 0 0.630975
 0 0.630975
 0 0.631006
 0 0.631006
 0 0.631018
 0 0.631018
 0 0.631042
 0 0.631065
 0 0.631065
 0 0.631065
 0 0.631081
 0 0.631082
 0 0.631085
 0 0.631098
 0 0.631099
 0 0.631099
 0 0.6311
 0 0.631115
 0 0.631115
 0 0.631115
 0 0.631115
 0 0.631118
 0 0.631118
 0 0.631118
 0 0.631142
 0 0.631143
 0 0.631162
 0 0.631162
 0 0.631164
 0 0.631168
 0 0.631168
 0 0.631174
 0 0.631174
 0 0.631222
 0 0.631231
 0 0.631233
 0 0.631244
 0 0.631254
 0 0.631295
 0 0.631295
 0 0.631296
 0 0.631297
 0 0.631297
 0 0.631298
 0 0.631307
 0 0.631324
 0 0.631327
 0 0.63133
 0 0.63133
 0 0.631331
 0 0.631333
 0 0.631334
 0 0.631348
 0 0.631355
 0 0.631355
 0 0.631377
 0 0.631396
 0 0.631396
 0 0.631398
 0 0.631399
 0 0.631406
 0 0.631406
 0 0.631407
 0 0.631407
 0 0.631424
 0 0.631448
 0 0.631452
 0 0.631459
 0 0.631475
 0 0.631486
 0 0.631486
 0 0.631486
 0 0.631521
 0 0.631522
 0 0.631561
 0 0.631628
 0 0.631628
 0 0.631633
 0 0.631637
 0 0.631669
 0 0.63168
 0 0.63168
 0 0.631691
 0 0.631691
 0 0.631691
 0 0.631691
 0 0.631692
 0 0.631692
 0 0.631699
 0 0.631701
 0 0.631701
 0 0.631701
 0 0.631755
 0 0.631766
 0 0.631766
 0 0.631766
 0 0.631806
 0 0.631806
 0 0.63182
 0 0.631857
 0 0.631857
 0 0.631857
 0 0.631857
 0 0.631857
 0 0.631866
 0 0.631866
 0 0.631879
 0 0.63188
 0 0.631884
 0 0.631886
 0 0.631887
 0 0.631942
 0 0.631979
 0 0.631999
 0 0.63201
 0 0.632012
 0 0.632048
 0 0.632049
 0 0.632072
 0 0.632074
 0 0.632082
 0 0.632084
 0 0.63209
 0 0.63209
 0 0.632092
 0 0.632092
 0 0.632093
 0 0.632151
 0 0.632182
 0 0.632182
 0 0.632219
 0 0.632222
 0 0.632223
 0 0.632241
 0 0.632241
 0 0.632246
 0 0.632257
 0 0.632257
 0 0.632257
 0 0.632269
 0 0.63227
 0 0.632295
 0 0.632295
 0 0.632298
 0 0.632299
 0 0.632305
 0 0.632312
 0 0.632313
 0 0.632359
 0 0.632388
 0 0.632389
 0 0.632392
 0 0.632395
 0 0.632406
 0 0.632475
 0 0.632476
 0 0.632476
 0 0.632476
 0 0.632477
 0 0.632485
 0 0.632485
 0 0.632495
 0 0.632497
 0 0.632497
 0 0.632504
 0 0.632507
 0 0.632507
 0 0.632532
 0 0.632537
 0 0.632538
 0 0.63256
 0 0.632566
 0 0.632589
 0 0.632589
 0 0.632595
 0 0.632613
 0 0.632615
 0 0.632646
 0 0.632665
 0 0.632665
 0 0.632665
 0 0.63271
 0 0.632716
 0 0.632754
 0 0.632767
 0 0.632788
 0 0.632788
 0 0.632817
 0 0.632858
 0 0.632881
 0 0.6329
 0 0.632901
 0 0.632901
 0 0.632901
 0 0.632921
 0 0.632922
 0 0.632932
 0 0.632932
 0 0.63302
 0 0.633028
 0 0.633028
 0 0.633051
 0 0.633059
 0 0.63307
 0 0.633071
 0 0.633071
 0 0.633078
 0 0.633092
 0 0.633118
 0 0.633118
 0 0.633157
 0 0.633158
 0 0.633158
 0 0.633159
 0 0.633159
 0 0.633169
 0 0.63317
 0 0.63317
 0 0.633199
 0 0.633204
 0 0.633204
 0 0.633225
 0 0.633282
 0 0.633282
 0 0.633282
 0 0.633282
 0 0.633295
 0 0.633324
 0 0.633338
 0 0.63336
 0 0.633379
 0 0.633379
 0 0.633391
 0 0.633391
 0 0.63342
 0 0.633434
 0 0.633434
 0 0.633445
 0 0.633454
 0 0.633454
 0 0.633474
 0 0.633474
 0 0.633476
 0 0.633518
 0 0.633518
 0 0.633518
 0 0.633521
 0 0.633522
 0 0.633556
 0 0.633563
 0 0.633578
 0 0.633578
 0 0.63358
 0 0.633581
 0 0.633582
 0 0.633597
 0 0.633597
 0 0.633598
 0 0.633641
 0 0.633657
 0 0.633657
 0 0.63366
 0 0.63366
 0 0.633666
 0 0.633667
 0 0.633667
 0 0.633667
 0 0.633667
 0 0.633756
 0 0.633757
 0 0.633758
 0 0.633759
 0 0.633787
 0 0.633835
 0 0.633835
 0 0.633835
 0 0.633836
 0 0.633864
 0 0.633865
 0 0.633916
 0 0.633929
 0 0.63393
 0 0.633941
 0 0.633953
 0 0.633973
 0 0.633974
 0 0.634013
 0 0.634014
 0 0.634046
 0 0.634142
 0 0.634164
 0 0.634206
 0 0.634208
 0 0.634208
 0 0.634212
 0 0.634213
 0 0.634314
 0 0.634314
 0 0.634314
 0 0.634366
 0 0.634378
 0 0.634379
 0 0.634385
 0 0.634397
 0 0.634407
 0 0.634408
 0 0.634436
 0 0.634439
 0 0.634439
 0 0.634495
 0 0.634495
 0 0.634502
 0 0.634502
 0 0.634502
 0 0.63454
 0 0.63454
 0 0.63456
 0 0.634604
 0 0.634626
 0 0.634651
 0 0.634652
 0 0.634662
 0 0.634663
 0 0.63467
 0 0.634735
 0 0.634735
 0 0.634736
 0 0.634754
 0 0.634754
 0 0.634754
 0 0.634772
 0 0.634793
 0 0.634845
 0 0.634859
 0 0.634881
 0 0.634881
 0 0.634881
 0 0.634882
 0 0.634903
 0 0.634905
 0 0.634909
 0 0.634914
 0 0.634915
 0 0.634915
 0 0.634933
 0 0.634943
 0 0.634943
 0 0.634952
 0 0.635007
 0 0.635014
 0 0.635021
 0 0.635031
 0 0.635085
 0 0.635087
 0 0.635091
 0 0.635091
 0 0.635092
 0 0.635107
 0 0.635122
 0 0.635122
 0 0.635123
 0 0.635143
 0 0.635214
 0 0.635216
 0 0.635257
 0 0.635259
 0 0.635273
 0 0.635312
 0 0.635312
 0 0.635316
 0 0.635325
 0 0.635325
 0 0.635328
 0 0.635343
 0 0.635343
 0 0.635343
 0 0.635343
 0 0.635344
 0 0.635344
 0 0.635344
 0 0.635344
 0 0.635355
 0 0.635379
 0 0.635379
 0 0.635381
 0 0.635485
 0 0.635497
 0 0.635498
 0 0.635499
 0 0.635501
 0 0.635501
 0 0.635511
 0 0.635511
 0 0.635511
 0 0.635542
 0 0.635542
 0 0.635561
 0 0.635562
 0 0.635595
 0 0.635595
 0 0.635595
 0 0.635596
 0 0.635639
 0 0.635653
 0 0.635668
 0 0.635668
 0 0.63567
 0 0.635674
 0 0.635674
 0 0.635674
 0 0.635674
 0 0.635674
 0 0.635674
 0 0.6357
 0 0.6357
 0 0.6357
 0 0.635736
 0 0.635737
 0 0.635742
 0 0.635742
 0 0.63575
 0 0.635752
 0 0.635753
 0 0.635753
 0 0.635754
 0 0.635754
 0 0.63576
 0 0.635762
 0 0.635763
 0 0.635776
 0 0.635777
 0 0.635777
 0 0.635777
 0 0.635777
 0 0.635791
 0 0.635791
 0 0.635796
 0 0.635798
 0 0.635807
 0 0.635822
 0 0.635958
 0 0.635987
 0 0.635987
 0 0.635991
 0 0.635993
 0 0.635997
 0 0.63601
 0 0.636011
 0 0.636046
 0 0.636046
 0 0.636047
 0 0.636047
 0 0.636048
 0 0.636048
 0 0.636048
 0 0.636048
 0 0.636049
 0 0.636049
 0 0.636049
 0 0.636049
 0 0.636057
 0 0.636058
 0 0.636058
 0 0.636058
 0 0.63608
 0 0.63608
 0 0.636081
 0 0.636082
 0 0.636145
 0 0.636146
 0 0.636208
 0 0.636216
 0 0.636216
 0 0.636236
 0 0.636236
 0 0.636236
 0 0.63625
 0 0.636255
 0 0.636321
 0 0.636322
 0 0.636322
 0 0.636331
 0 0.636335
 0 0.636358
 0 0.636359
 0 0.636423
 0 0.636424
 0 0.636431
 0 0.63646
 0 0.63646
 0 0.63646
 0 0.63646
 0 0.636495
 0 0.636495
 0 0.636497
 0 0.636512
 0 0.636515
 0 0.636517
 0 0.63657
 0 0.636571
 0 0.636572
 0 0.636582
 0 0.636582
 0 0.636595
 0 0.636596
 0 0.636613
 0 0.636613
 0 0.636614
 0 0.636701
 0 0.636704
 0 0.636714
 0 0.636719
 0 0.636723
 0 0.636723
 0 0.636723
 0 0.636723
 0 0.636725
 0 0.636726
 0 0.636745
 0 0.636747
 0 0.636796
 0 0.636796
 0 0.636797
 0 0.636857
 0 0.636878
 0 0.636881
 0 0.636975
 0 0.636976
 0 0.636978
 0 0.63702
 0 0.63702
 0 0.637021
 0 0.637021
 0 0.637021
 0 0.637026
 0 0.637026
 0 0.63712
 0 0.637152
 0 0.63717
 0 0.63717
 0 0.63717
 0 0.637239
 0 0.637304
 0 0.637304
 0 0.637304
 0 0.637305
 0 0.637339
 0 0.637339
 0 0.637339
 0 0.637363
 0 0.637363
 0 0.637363
 0 0.637363
 0 0.637363
 0 0.637373
 0 0.637414
 0 0.637415
 0 0.637423
 0 0.637423
 0 0.637426
 0 0.637426
 0 0.637438
 0 0.637439
 0 0.637471
 0 0.637471
 0 0.637552
 0 0.637552
 0 0.637565
 0 0.637578
 0 0.637578
 0 0.637612
 0 0.637639
 0 0.637662
 0 0.637662
 0 0.637695
 0 0.637695
 0 0.637695
 0 0.637695
 0 0.637709
 0 0.637709
 0 0.637743
 0 0.637761
 0 0.637761
 0 0.637907
 0 0.637979
 0 0.63798
 0 0.63798
 0 0.638003
 0 0.638039
 0 0.63804
 0 0.638098
 0 0.638105
 0 0.638148
 0 0.638186
 0 0.638188
 0 0.638188
 0 0.638188
 0 0.638267
 0 0.638276
 0 0.638276
 0 0.638277
 0 0.638304
 0 0.638332
 0 0.638332
 0 0.638332
 0 0.638358
 0 0.638358
 0 0.638393
 0 0.638393
 0 0.63844
 0 0.638463
 0 0.638503
 0 0.638504
 0 0.638543
 0 0.638543
 0 0.638544
 0 0.638544
 0 0.638588
 0 0.638601
 0 0.638627
 0 0.638629
 0 0.638629
 0 0.638629
 0 0.638629
 0 0.638703
 0 0.638753
 0 0.638753
 0 0.638778
 0 0.638788
 0 0.638806
 0 0.638862
 0 0.638862
 0 0.638863
 0 0.638863
 0 0.638863
 0 0.638908
 0 0.63891
 0 0.638914
 0 0.638914
 0 0.638939
 0 0.63894
 0 0.638941
 0 0.639004
 0 0.63907
 0 0.63907
 0 0.639075
 0 0.639113
 0 0.639115
 0 0.639162
 0 0.639162
 0 0.639162
 0 0.639191
 0 0.639203
 0 0.639212
 0 0.639213
 0 0.639213
 0 0.639216
 0 0.639263
 0 0.639263
 0 0.639263
 0 0.639284
 0 0.639335
 0 0.639336
 0 0.639469
 0 0.639469
 0 0.639497
 0 0.639501
 0 0.639501
 0 0.639655
 0 0.639656
 0 0.639657
 0 0.639657
 0 0.639694
 0 0.639695
 0 0.639755
 0 0.639755
 0 0.639755
 0 0.63976
 0 0.63986
 0 0.63986
 0 0.63986
 0 0.639886
 0 0.639889
 0 0.639889
 0 0.639914
 0 0.639945
 0 0.639976
 0 0.639979
 0 0.63998
 0 0.640004
 0 0.640035
 0 0.640036
 0 0.640036
 0 0.640041
 0 0.640042
 0 0.640042
 0 0.640072
 0 0.640072
 0 0.640073
 0 0.640093
 0 0.640096
 0 0.640107
 0 0.640107
 0 0.640107
 0 0.640108
 0 0.640108
 0 0.640116
 0 0.640117
 0 0.640188
 0 0.640198
 0 0.640199
 0 0.640242
 0 0.640254
 0 0.640332
 0 0.640333
 0 0.640333
 0 0.640366
 0 0.640371
 0 0.640371
 0 0.640376
 0 0.640467
 0 0.640491
 0 0.640491
 0 0.640491
 0 0.640539
 0 0.640539
 0 0.640539
 0 0.640664
 0 0.640664
 0 0.640706
 0 0.640706
 0 0.640707
 0 0.640707
 0 0.640729
 0 0.640825
 0 0.640993
 0 0.641001
 0 0.641001
 0 0.641019
 0 0.641053
 0 0.641054
 0 0.641057
 0 0.641058
 0 0.641058
 0 0.641058
 0 0.641058
 0 0.641096
 0 0.641101
 0 0.641101
 0 0.641181
 0 0.641181
 0 0.641182
 0 0.641194
 0 0.641194
 0 0.641195
 0 0.641213
 0 0.641302
 0 0.641302
 0 0.641302
 0 0.641303
 0 0.641304
 0 0.641304
 0 0.641342
 0 0.641342
 0 0.641426
 0 0.641428
 0 0.641446
 0 0.641448
 0 0.6415
 0 0.641501
 0 0.64163
 0 0.641638
 0 0.641656
 0 0.641656
 0 0.641748
 0 0.64175
 0 0.64177
 0 0.641771
 0 0.641771
 0 0.641777
 0 0.641777
 0 0.641777
 0 0.641777
 0 0.641778
 0 0.641786
 0 0.641787
 0 0.641787
 0 0.641861
 0 0.641862
 0 0.641876
 0 0.641877
 0 0.641919
 0 0.641939
 0 0.64194
 0 0.64194
 0 0.64194
 0 0.642034
 0 0.642054
 0 0.642054
 0 0.642055
 0 0.642254
 0 0.642254
 0 0.642275
 0 0.642275
 0 0.642275
 0 0.642356
 0 0.642427
 0 0.642427
 0 0.642427
 0 0.642427
 0 0.642437
 0 0.642451
 0 0.642452
 0 0.642487
 0 0.642488
 0 0.642488
 0 0.642498
 0 0.642511
 0 0.642511
 0 0.642513
 0 0.642513
 0 0.642534
 0 0.642535
 0 0.642535
 0 0.64254
 0 0.642542
 0 0.64255
 0 0.642561
 0 0.642573
 0 0.642573
 0 0.642575
 0 0.642729
 0 0.642733
 0 0.642735
 0 0.642735
 0 0.642791
 0 0.642791
 0 0.642792
 0 0.642862
 0 0.642863
 0 0.642863
 0 0.642944
 0 0.642944
 0 0.642944
 0 0.642945
 0 0.643
 0 0.64305
 0 0.643088
 0 0.643088
 0 0.64309
 0 0.64309
 0 0.643107
 0 0.643107
 0 0.643143
 0 0.643143
 0 0.643159
 0 0.643177
 0 0.643189
 0 0.643191
 0 0.643245
 0 0.643245
 0 0.643258
 0 0.643274
 0 0.643275
 0 0.643275
 0 0.643312
 0 0.643313
 0 0.643365
 0 0.643443
 0 0.643445
 0 0.643445
 0 0.643445
 0 0.643445
 0 0.643579
 0 0.64358
 0 0.643698
 0 0.643701
 0 0.643701
 0 0.643701
 0 0.643948
 0 0.644038
 0 0.644038
 0 0.644039
 0 0.644126
 0 0.644346
 0 0.644346
 0 0.644405
 0 0.644406
 0 0.645468
 0 0.645998
 0 0.645999
 0 0.645999
 0 0.646338
 0 0.646341
 0 0.646341
 0 0.646444
 0 0.646444
 0 0.646759
 0 0.646759
 0 0.64704
 0 0.64713
 0 0.64713
 0 0.64713
 0 0.647131
 0 0.647173
 0 0.647484
 0 0.647485
 0 0.647976
 0 0.647976
 0 0.647976
 0 0.648142
 0 0.648144
 0 0.648619
 0 0.648621
 0 0.648685
 0 0.648687
 0 0.648687
 0 0.648835
 0 0.649574
 0 0.649588
 0 0.649901
 0 0.650075
 0 0.650075
 0 0.650388
 0 0.654716
 0 0.654717
 0 0.655341
 0 0.655343
 0 0.655343
 0 0.655866
 0 0.655867
 0 0.655867
 0 0.655983
 0 0.655983
 0 0.655983
 0 0.656425
 0 inf
