 0 0.490357
 0 0.490588
 0 0.490588
 0 0.49123
 0 0.49146
 0 0.491461
 0 0.495555
 0 0.495555
 0 0.495586
 0 0.495973
 0 0.495973
 0 0.496463
 0 0.624479
 0 0.62509
 0 0.625098
 0 0.625098
 0 0.625098
 0 0.625098
 0 0.625098
 0 0.625394
 0 0.625402
 0 0.625402
 0 0.625499
 0 0.625499
 0 0.625638
 0 0.625646
 0 0.625907
 0 0.625909
 0 0.625909
 0 0.626277
 0 0.626279
 0 0.626279
 0 0.626279
 0 0.626279
 0 0.626353
 0 0.626359
 0 0.626446
 0 0.626561
 0 0.626579
 0 0.626585
 0 0.627009
 0 0.627116
 0 0.627223
 0 0.627225
 0 0.627391
 0 0.627396
 0 0.627397
 0 0.627484
 0 0.627485
 0 0.627485
 0 0.627573
 0 0.627587
 0 0.627604
 0 0.627604
 0 0.627613
 0 0.62766
 0 0.62766
 0 0.62766
 0 0.627744
 0 0.627838
 0 0.627858
 0 0.627858
 0 0.627858
 0 0.627907
 0 0.627937
 0 0.627937
 0 0.627942
 0 0.627975
 0 0.627977
 0 0.628054
 0 0.628054
 0 0.628129
 0 0.628136
 0 0.628137
 0 0.62814
 0 0.628141
 0 0.628161
 0 0.628161
 0 0.628168
 0 0.628168
 0 0.628233
 0 0.628316
 0 0.62837
 0 0.628374
 0 0.628475
 0 0.628476
 0 0.628477
 0 0.628551
 0 0.628558
 0 0.628582
 0 0.628582
 0 0.62859
 0 0.628595
 0 0.628651
 0 0.628689
 0 0.62869
 0 0.628715
 0 0.628732
 0 0.628732
 0 0.628771
 0 0.628771
 0 0.628778
 0 0.628783
 0 0.628795
 0 0.628796
 0 0.628797
 0 0.628891
 0 0.628891
 0 0.628971
 0 0.628976
 0 0.62901
 0 0.629011
 0 0.629021
 0 0.629021
 0 0.629202
 0 0.629224
 0 0.629224
 0 0.629224
 0 0.629259
 0 0.629259
 0 0.629345
 0 0.62935
 0 0.629415
 0 0.629432
 0 0.629481
 0 0.629481
 0 0.629482
 0 0.629492
 0 0.629494
 0 0.629512
 0 0.629515
 0 0.629515
 0 0.629515
 0 0.62953
 0 0.629627
 0 0.629632
 0 0.629715
 0 0.62972
 0 0.629737
 0 0.629737
 0 0.629772
 0 0.629791
 0 0.629846
 0 0.629847
 0 0.629897
 0 0.629897
 0 0.629897
 0 0.629897
 0 0.629898
 0 0.629898
 0 0.629922
 0 0.629922
 0 0.629922
 0 0.629928
 0 0.629969
 0 0.629974
 0 0.629974
 0 0.629976
 0 0.629981
 0 0.629981
 0 0.629984
 0 0.629984
 0 0.629984
 0 0.630006
 0 0.63002
 0 0.630021
 0 0.630039
 0 0.630061
 0 0.630061
 0 0.630061
 0 0.630062
 0 0.630062
 0 0.630062
 0 0.630062
 0 0.630063
 0 0.630063
 0 0.630064
 0 0.630071
 0 0.63009
 0 0.630118
 0 0.630121
 0 0.630174
 0 0.630177
 0 0.630177
 0 0.630177
 0 0.630178
 0 0.630234
 0 0.6303
 0 0.630301
 0 0.630331
 0 0.630331
 0 0.630331
 0 0.630338
 0 0.630338
 0 0.630348
 0 0.630348
 0 0.630351
 0 0.630359
 0 0.630359
 0 0.630363
 0 0.630363
 0 0.630386
 0 0.630386
 0 0.630386
 0 0.630386
 0 0.630386
 0 0.630387
 0 0.630388
 0 0.630388
 0 0.63042
 0 0.630448
 0 0.630449
 0 0.630449
 0 0.63045
 0 0.630467
 0 0.630468
 0 0.630468
 0 0.630468
 0 0.630468
 0 0.630468
 0 0.63047
 0 0.630477
 0 0.630477
 0 0.630511
 0 0.630511
 0 0.630622
 0 0.630627
 0 0.630635
 0 0.63067
 0 0.630681
 0 0.630681
 0 0.630681
 0 0.630684
 0 0.630709
 0 0.630763
 0 0.630775
 0 0.630775
 0 0.630775
 0 0.630776
 0 0.630777
 0 0.630778
 0 0.630781
 0 0.630782
 0 0.630782
 0 0.630819
 0 0.630819
 0 0.630819
 0 0.630819
 0 0.630832
 0 0.630851
 0 0.630872
 0 0.630872
 0 0.630876
 0 0.630888
 0 0.630907
 0 0.630908
 0 0.630908
 0 0.630908
 0 0.630908
 0 0.630943
 0 0.630943
 0 0.630943
 0 0.630962
 0 0.630983
 0 0.630984
 0 0.631006
 0 0.631023
 0 0.631025
 0 0.63103
 0 0.63103
 0 0.63103
 0 0.631045
 0 0.631058
 0 0.631058
 0 0.631058
 0 0.631068
 0 0.631097
 0 0.631097
 0 0.63111
 0 0.631113
 0 0.631121
 0 0.631121
 0 0.631123
 0 0.631126
 0 0.631128
 0 0.63113
 0 0.631133
 0 0.631134
 0 0.631146
 0 0.631147
 0 0.631148
 0 0.631154
 0 0.631158
 0 0.631159
 0 0.631159
 0 0.631162
 0 0.631189
 0 0.631202
 0 0.631229
 0 0.631234
 0 0.631239
 0 0.631244
 0 0.631248
 0 0.631248
 0 0.631248
 0 0.631251
 0 0.631257
 0 0.631297
 0 0.631298
 0 0.631298
 0 0.631298
 0 0.6313
 0 0.6313
 0 0.631301
 0 0.631302
 0 0.631305
 0 0.631318
 0 0.631319
 0 0.631333
 0 0.631347
 0 0.631371
 0 0.631371
 0 0.631371
 0 0.631379
 0 0.631386
 0 0.631386
 0 0.631387
 0 0.631387
 0 0.631391
 0 0.631395
 0 0.631395
 0 0.631405
 0 0.631407
 0 0.631407
 0 0.631407
 0 0.631415
 0 0.631419
 0 0.631419
 0 0.631419
 0 0.631444
 0 0.631445
 0 0.631447
 0 0.631457
 0 0.631457
 0 0.631457
 0 0.631457
 0 0.631468
 0 0.63147
 0 0.631471
 0 0.631471
 0 0.631472
 0 0.631476
 0 0.631478
 0 0.631478
 0 0.631505
 0 0.631509
 0 0.631509
 0 0.631529
 0 0.631529
 0 0.631529
 0 0.631551
 0 0.631552
 0 0.631558
 0 0.631558
 0 0.631565
 0 0.63157
 0 0.631571
 0 0.631572
 0 0.631581
 0 0.631582
 0 0.631582
 0 0.631584
 0 0.631584
 0 0.631604
 0 0.631604
 0 0.631604
 0 0.631604
 0 0.631605
 0 0.631606
 0 0.631611
 0 0.631617
 0 0.631624
 0 0.631637
 0 0.631642
 0 0.631643
 0 0.631647
 0 0.631675
 0 0.631676
 0 0.631676
 0 0.631681
 0 0.631685
 0 0.631689
 0 0.631691
 0 0.631692
 0 0.631693
 0 0.631723
 0 0.631723
 0 0.631725
 0 0.631726
 0 0.631738
 0 0.631739
 0 0.631751
 0 0.631751
 0 0.631751
 0 0.631752
 0 0.631767
 0 0.631767
 0 0.631767
 0 0.631767
 0 0.631776
 0 0.631779
 0 0.631823
 0 0.631825
 0 0.631825
 0 0.631865
 0 0.631871
 0 0.631875
 0 0.631876
 0 0.631881
 0 0.631881
 0 0.631882
 0 0.631915
 0 0.631915
 0 0.631932
 0 0.631932
 0 0.631932
 0 0.631932
 0 0.631936
 0 0.631939
 0 0.631943
 0 0.631947
 0 0.631953
 0 0.631963
 0 0.631965
 0 0.631976
 0 0.631984
 0 0.631989
 0 0.631989
 0 0.63199
 0 0.632003
 0 0.632003
 0 0.632004
 0 0.632025
 0 0.632028
 0 0.63203
 0 0.632043
 0 0.63205
 0 0.632057
 0 0.632069
 0 0.632069
 0 0.632069
 0 0.632079
 0 0.632103
 0 0.632124
 0 0.632141
 0 0.632141
 0 0.632142
 0 0.632142
 0 0.632168
 0 0.632175
 0 0.632175
 0 0.63218
 0 0.632182
 0 0.632235
 0 0.632235
 0 0.632241
 0 0.632242
 0 0.632242
 0 0.632254
 0 0.632254
 0 0.632258
 0 0.63228
 0 0.632281
 0 0.632281
 0 0.632282
 0 0.632285
 0 0.632286
 0 0.632286
 0 0.632286
 0 0.632287
 0 0.632292
 0 0.632293
 0 0.632294
 0 0.632306
 0 0.632317
 0 0.632321
 0 0.632321
 0 0.632325
 0 0.632326
 0 0.632326
 0 0.632326
 0 0.632331
 0 0.632332
 0 0.632335
 0 0.632335
 0 0.632335
 0 0.632335
 0 0.632335
 0 0.63234
 0 0.63234
 0 0.63234
 0 0.632348
 0 0.632354
 0 0.632354
 0 0.632358
 0 0.632359
 0 0.632365
 0 0.632365
 0 0.632373
 0 0.632374
 0 0.632384
 0 0.632384
 0 0.632398
 0 0.632399
 0 0.632405
 0 0.632409
 0 0.632409
 0 0.632411
 0 0.632414
 0 0.632414
 0 0.632415
 0 0.632425
 0 0.632438
 0 0.632439
 0 0.632439
 0 0.632447
 0 0.632457
 0 0.632461
 0 0.632467
 0 0.632467
 0 0.632482
 0 0.632494
 0 0.632494
 0 0.632494
 0 0.632498
 0 0.632498
 0 0.632504
 0 0.63251
 0 0.63251
 0 0.632529
 0 0.632529
 0 0.63253
 0 0.63253
 0 0.632531
 0 0.632531
 0 0.632534
 0 0.632534
 0 0.632535
 0 0.632535
 0 0.632547
 0 0.632547
 0 0.632557
 0 0.632578
 0 0.632578
 0 0.632583
 0 0.632588
 0 0.632588
 0 0.632588
 0 0.632592
 0 0.632596
 0 0.632596
 0 0.632596
 0 0.632601
 0 0.632601
 0 0.632607
 0 0.632636
 0 0.632647
 0 0.632654
 0 0.632656
 0 0.63266
 0 0.632663
 0 0.632663
 0 0.632667
 0 0.632667
 0 0.632695
 0 0.632699
 0 0.6327
 0 0.632712
 0 0.632712
 0 0.632712
 0 0.632712
 0 0.632714
 0 0.632724
 0 0.632726
 0 0.632732
 0 0.632732
 0 0.632737
 0 0.632738
 0 0.632738
 0 0.632762
 0 0.632762
 0 0.632763
 0 0.632763
 0 0.632769
 0 0.63277
 0 0.63277
 0 0.6328
 0 0.6328
 0 0.6328
 0 0.6328
 0 0.632806
 0 0.632807
 0 0.63281
 0 0.63281
 0 0.63281
 0 0.632816
 0 0.632817
 0 0.632827
 0 0.632836
 0 0.632836
 0 0.632842
 0 0.632854
 0 0.632856
 0 0.632856
 0 0.632862
 0 0.632866
 0 0.632866
 0 0.632878
 0 0.632879
 0 0.632881
 0 0.632883
 0 0.632899
 0 0.632904
 0 0.632904
 0 0.632904
 0 0.632904
 0 0.63291
 0 0.63291
 0 0.632921
 0 0.632921
 0 0.632931
 0 0.632931
 0 0.632931
 0 0.632941
 0 0.632957
 0 0.632962
 0 0.632962
 0 0.632963
 0 0.632967
 0 0.632968
 0 0.632968
 0 0.632969
 0 0.632975
 0 0.632976
 0 0.632976
 0 0.632976
 0 0.632977
 0 0.632997
 0 0.633
 0 0.633042
 0 0.633043
 0 0.633062
 0 0.633066
 0 0.633101
 0 0.633113
 0 0.633114
 0 0.633114
 0 0.633114
 0 0.633114
 0 0.633124
 0 0.633145
 0 0.633145
 0 0.633145
 0 0.633152
 0 0.633161
 0 0.633161
 0 0.633161
 0 0.633171
 0 0.633175
 0 0.633175
 0 0.633177
 0 0.633178
 0 0.633178
 0 0.633178
 0 0.633198
 0 0.633199
 0 0.633207
 0 0.63322
 0 0.633221
 0 0.633222
 0 0.633223
 0 0.633234
 0 0.633234
 0 0.633235
 0 0.633241
 0 0.633244
 0 0.633244
 0 0.633264
 0 0.633284
 0 0.633284
 0 0.633289
 0 0.633295
 0 0.633297
 0 0.633306
 0 0.633306
 0 0.63333
 0 0.633331
 0 0.633331
 0 0.633331
 0 0.633331
 0 0.633333
 0 0.633346
 0 0.633348
 0 0.633353
 0 0.633356
 0 0.633359
 0 0.633359
 0 0.63336
 0 0.633384
 0 0.633385
 0 0.633435
 0 0.633436
 0 0.633436
 0 0.633437
 0 0.633437
 0 0.63344
 0 0.633481
 0 0.633484
 0 0.633484
 0 0.63349
 0 0.633491
 0 0.633494
 0 0.633494
 0 0.633497
 0 0.633513
 0 0.633545
 0 0.633556
 0 0.633557
 0 0.633557
 0 0.633568
 0 0.633583
 0 0.633601
 0 0.633625
 0 0.63363
 0 0.633635
 0 0.633635
 0 0.633637
 0 0.633637
 0 0.633642
 0 0.633648
 0 0.633667
 0 0.633667
 0 0.63367
 0 0.63367
 0 0.633674
 0 0.633676
 0 0.633676
 0 0.633683
 0 0.633696
 0 0.633705
 0 0.633723
 0 0.633724
 0 0.633733
 0 0.633733
 0 0.633749
 0 0.633756
 0 0.633756
 0 0.633796
 0 0.633799
 0 0.633802
 0 0.633802
 0 0.633808
 0 0.633808
 0 0.633809
 0 0.633838
 0 0.633858
 0 0.633858
 0 0.633861
 0 0.633861
 0 0.633863
 0 0.63387
 0 0.633879
 0 0.633882
 0 0.633882
 0 0.633897
 0 0.633905
 0 0.633909
 0 0.633909
 0 0.633913
 0 0.633913
 0 0.633922
 0 0.633923
 0 0.633923
 0 0.633923
 0 0.633928
 0 0.633929
 0 0.633929
 0 0.633929
 0 0.633949
 0 0.633949
 0 0.633963
 0 0.633966
 0 0.633967
 0 0.63399
 0 0.63399
 0 0.63399
 0 0.63399
 0 0.633991
 0 0.633991
 0 0.633991
 0 0.633991
 0 0.634001
 0 0.634005
 0 0.634005
 0 0.634012
 0 0.63402
 0 0.63402
 0 0.63402
 0 0.634042
 0 0.634043
 0 0.634043
 0 0.634043
 0 0.634045
 0 0.634045
 0 0.634051
 0 0.634052
 0 0.634077
 0 0.634077
 0 0.634093
 0 0.634094
 0 0.634102
 0 0.634105
 0 0.634106
 0 0.634112
 0 0.634142
 0 0.634142
 0 0.634149
 0 0.634149
 0 0.634168
 0 0.634174
 0 0.634178
 0 0.634182
 0 0.634183
 0 0.634183
 0 0.634197
 0 0.634197
 0 0.634197
 0 0.634198
 0 0.634207
 0 0.634213
 0 0.634213
 0 0.634213
 0 0.634216
 0 0.634219
 0 0.634219
 0 0.634228
 0 0.634229
 0 0.634229
 0 0.634229
 0 0.634229
 0 0.634229
 0 0.63423
 0 0.634237
 0 0.634237
 0 0.634238
 0 0.63424
 0 0.634241
 0 0.634244
 0 0.634244
 0 0.63426
 0 0.634274
 0 0.634287
 0 0.634287
 0 0.634303
 0 0.634305
 0 0.634326
 0 0.634328
 0 0.634329
 0 0.634336
 0 0.634339
 0 0.634339
 0 0.634339
 0 0.63434
 0 0.63434
 0 0.634341
 0 0.634348
 0 0.634348
 0 0.634375
 0 0.634383
 0 0.634383
 0 0.634383
 0 0.634384
 0 0.634384
 0 0.634386
 0 0.634402
 0 0.634406
 0 0.634416
 0 0.634421
 0 0.634428
 0 0.634429
 0 0.634431
 0 0.634434
 0 0.634434
 0 0.634435
 0 0.634454
 0 0.634454
 0 0.634477
 0 0.634477
 0 0.63448
 0 0.63448
 0 0.634483
 0 0.634497
 0 0.63454
 0 0.634541
 0 0.634542
 0 0.634544
 0 0.634546
 0 0.634557
 0 0.634557
 0 0.634563
 0 0.634565
 0 0.634565
 0 0.634566
 0 0.634566
 0 0.63459
 0 0.634591
 0 0.634591
 0 0.634597
 0 0.6346
 0 0.6346
 0 0.634603
 0 0.634603
 0 0.634608
 0 0.63461
 0 0.634626
 0 0.634626
 0 0.634626
 0 0.634645
 0 0.634651
 0 0.634651
 0 0.634653
 0 0.634653
 0 0.634653
 0 0.634654
 0 0.634666
 0 0.634666
 0 0.634669
 0 0.63467
 0 0.634677
 0 0.634679
 0 0.63468
 0 0.63468
 0 0.634694
 0 0.634694
 0 0.634695
 0 0.634708
 0 0.634718
 0 0.63472
 0 0.63472
 0 0.634738
 0 0.634745
 0 0.634747
 0 0.634749
 0 0.63475
 0 0.634751
 0 0.634756
 0 0.634763
 0 0.634763
 0 0.634789
 0 0.634791
 0 0.634806
 0 0.634806
 0 0.634806
 0 0.634806
 0 0.634809
 0 0.634809
 0 0.634818
 0 0.634818
 0 0.63482
 0 0.634825
 0 0.634825
 0 0.634852
 0 0.634852
 0 0.634853
 0 0.634859
 0 0.63486
 0 0.634868
 0 0.634873
 0 0.634876
 0 0.634883
 0 0.634883
 0 0.634904
 0 0.634918
 0 0.634918
 0 0.634937
 0 0.634937
 0 0.634948
 0 0.63495
 0 0.634961
 0 0.634961
 0 0.634965
 0 0.634965
 0 0.634965
 0 0.634966
 0 0.634966
 0 0.634966
 0 0.634966
 0 0.634966
 0 0.634988
 0 0.634988
 0 0.634988
 0 0.634996
 0 0.635
 0 0.635011
 0 0.63504
 0 0.63504
 0 0.635044
 0 0.635044
 0 0.635044
 0 0.635051
 0 0.635051
 0 0.635078
 0 0.635078
 0 0.635084
 0 0.635085
 0 0.635086
 0 0.635099
 0 0.6351
 0 0.6351
 0 0.635105
 0 0.635106
 0 0.63511
 0 0.63511
 0 0.635129
 0 0.635135
 0 0.635145
 0 0.63517
 0 0.635175
 0 0.635175
 0 0.635199
 0 0.635205
 0 0.635205
 0 0.635216
 0 0.635229
 0 0.635229
 0 0.635229
 0 0.635243
 0 0.635276
 0 0.635285
 0 0.635324
 0 0.635324
 0 0.635324
 0 0.635329
 0 0.635341
 0 0.635341
 0 0.635341
 0 0.635341
 0 0.63535
 0 0.63535
 0 0.635352
 0 0.635352
 0 0.635352
 0 0.635352
 0 0.635358
 0 0.635358
 0 0.635359
 0 0.63536
 0 0.635364
 0 0.635379
 0 0.635384
 0 0.635393
 0 0.635399
 0 0.635399
 0 0.635427
 0 0.635427
 0 0.635427
 0 0.635433
 0 0.635437
 0 0.635439
 0 0.63544
 0 0.63544
 0 0.635444
 0 0.635444
 0 0.635446
 0 0.635446
 0 0.635477
 0 0.635519
 0 0.635519
 0 0.635525
 0 0.635526
 0 0.63553
 0 0.63553
 0 0.63553
 0 0.63553
 0 0.63555
 0 0.635563
 0 0.635567
 0 0.63558
 0 0.63558
 0 0.63558
 0 0.635586
 0 0.635586
 0 0.635587
 0 0.635597
 0 0.635607
 0 0.635626
 0 0.635632
 0 0.635668
 0 0.635668
 0 0.635672
 0 0.635672
 0 0.635681
 0 0.635681
 0 0.635683
 0 0.635683
 0 0.635693
 0 0.635693
 0 0.635694
 0 0.635694
 0 0.6357
 0 0.6357
 0 0.635705
 0 0.635709
 0 0.63571
 0 0.635724
 0 0.635731
 0 0.635739
 0 0.635748
 0 0.635786
 0 0.635786
 0 0.635786
 0 0.635794
 0 0.6358
 0 0.635805
 0 0.635806
 0 0.635806
 0 0.635838
 0 0.635844
 0 0.635859
 0 0.635863
 0 0.635867
 0 0.635867
 0 0.635867
 0 0.635872
 0 0.635872
 0 0.635873
 0 0.635873
 0 0.635874
 0 0.635938
 0 0.635939
 0 0.635941
 0 0.635941
 0 0.635951
 0 0.635951
 0 0.635952
 0 0.635952
 0 0.635962
 0 0.63597
 0 0.636005
 0 0.636005
 0 0.636006
 0 0.636011
 0 0.636022
 0 0.636023
 0 0.636023
 0 0.636036
 0 0.63605
 0 0.63605
 0 0.636051
 0 0.636056
 0 0.63607
 0 0.63607
 0 0.636086
 0 0.636091
 0 0.636095
 0 0.63613
 0 0.636152
 0 0.636152
 0 0.636155
 0 0.636155
 0 0.636159
 0 0.63616
 0 0.636179
 0 0.636181
 0 0.636191
 0 0.636191
 0 0.636201
 0 0.636206
 0 0.636215
 0 0.636221
 0 0.636221
 0 0.636223
 0 0.636231
 0 0.636231
 0 0.636235
 0 0.636237
 0 0.636237
 0 0.636237
 0 0.636239
 0 0.636243
 0 0.636272
 0 0.636276
 0 0.636324
 0 0.636324
 0 0.636324
 0 0.636326
 0 0.636326
 0 0.636326
 0 0.636326
 0 0.636326
 0 0.636378
 0 0.636378
 0 0.636385
 0 0.636429
 0 0.636431
 0 0.636437
 0 0.636437
 0 0.636438
 0 0.636439
 0 0.636439
 0 0.636445
 0 0.636475
 0 0.636475
 0 0.636487
 0 0.636492
 0 0.636537
 0 0.636537
 0 0.636559
 0 0.636559
 0 0.636561
 0 0.636563
 0 0.636581
 0 0.636588
 0 0.636588
 0 0.636614
 0 0.636614
 0 0.636627
 0 0.636629
 0 0.636636
 0 0.636652
 0 0.636665
 0 0.636665
 0 0.636667
 0 0.63667
 0 0.63667
 0 0.63667
 0 0.636675
 0 0.636676
 0 0.636698
 0 0.636698
 0 0.63671
 0 0.63671
 0 0.636711
 0 0.636711
 0 0.636719
 0 0.636761
 0 0.636781
 0 0.636793
 0 0.636793
 0 0.636808
 0 0.636809
 0 0.636814
 0 0.636814
 0 0.636814
 0 0.636839
 0 0.63685
 0 0.63685
 0 0.636855
 0 0.636884
 0 0.636887
 0 0.636894
 0 0.636894
 0 0.636901
 0 0.636901
 0 0.636901
 0 0.636903
 0 0.636903
 0 0.636906
 0 0.636907
 0 0.636907
 0 0.636907
 0 0.63692
 0 0.63692
 0 0.636921
 0 0.636921
 0 0.636921
 0 0.636928
 0 0.636931
 0 0.636938
 0 0.636946
 0 0.636946
 0 0.636956
 0 0.636956
 0 0.636956
 0 0.636966
 0 0.636983
 0 0.636983
 0 0.636983
 0 0.636993
 0 0.637008
 0 0.637015
 0 0.637024
 0 0.637024
 0 0.637025
 0 0.637028
 0 0.637028
 0 0.637028
 0 0.637051
 0 0.637057
 0 0.637062
 0 0.637066
 0 0.637066
 0 0.637066
 0 0.637073
 0 0.637076
 0 0.637076
 0 0.637079
 0 0.637079
 0 0.637124
 0 0.637124
 0 0.637125
 0 0.637125
 0 0.637125
 0 0.637126
 0 0.637126
 0 0.637131
 0 0.637131
 0 0.637166
 0 0.637169
 0 0.637169
 0 0.637208
 0 0.637208
 0 0.637209
 0 0.637215
 0 0.637215
 0 0.637216
 0 0.637223
 0 0.637244
 0 0.637246
 0 0.637279
 0 0.637282
 0 0.637282
 0 0.637283
 0 0.637284
 0 0.637304
 0 0.637304
 0 0.637305
 0 0.637325
 0 0.637325
 0 0.637331
 0 0.637343
 0 0.637343
 0 0.637343
 0 0.637343
 0 0.637343
 0 0.637351
 0 0.637384
 0 0.637384
 0 0.637385
 0 0.63739
 0 0.637422
 0 0.637422
 0 0.637422
 0 0.637424
 0 0.637458
 0 0.637467
 0 0.637468
 0 0.637473
 0 0.637489
 0 0.637489
 0 0.637496
 0 0.637496
 0 0.637528
 0 0.63754
 0 0.637541
 0 0.637552
 0 0.637552
 0 0.637552
 0 0.637588
 0 0.637593
 0 0.637604
 0 0.637608
 0 0.63762
 0 0.637622
 0 0.637623
 0 0.637623
 0 0.637623
 0 0.637623
 0 0.637635
 0 0.637635
 0 0.637635
 0 0.63768
 0 0.637681
 0 0.637684
 0 0.637684
 0 0.637686
 0 0.637688
 0 0.637755
 0 0.637758
 0 0.637766
 0 0.637766
 0 0.637784
 0 0.637784
 0 0.637786
 0 0.637805
 0 0.637811
 0 0.637811
 0 0.637814
 0 0.637814
 0 0.637817
 0 0.637818
 0 0.637849
 0 0.637856
 0 0.637856
 0 0.637914
 0 0.63794
 0 0.63794
 0 0.63794
 0 0.63794
 0 0.637955
 0 0.637955
 0 0.637955
 0 0.637956
 0 0.637968
 0 0.637969
 0 0.637972
 0 0.638002
 0 0.638012
 0 0.638023
 0 0.638025
 0 0.638026
 0 0.638041
 0 0.638041
 0 0.638041
 0 0.638047
 0 0.63805
 0 0.638053
 0 0.638054
 0 0.63808
 0 0.638081
 0 0.638094
 0 0.638095
 0 0.638095
 0 0.638117
 0 0.638117
 0 0.638121
 0 0.638138
 0 0.638178
 0 0.638178
 0 0.638191
 0 0.638191
 0 0.638191
 0 0.638198
 0 0.638202
 0 0.638205
 0 0.638218
 0 0.638218
 0 0.638272
 0 0.638272
 0 0.638366
 0 0.638416
 0 0.638424
 0 0.638424
 0 0.638429
 0 0.63843
 0 0.638436
 0 0.638436
 0 0.638437
 0 0.638441
 0 0.638456
 0 0.638456
 0 0.638458
 0 0.638459
 0 0.638523
 0 0.638523
 0 0.638537
 0 0.638537
 0 0.638537
 0 0.63857
 0 0.63857
 0 0.638582
 0 0.6386
 0 0.638603
 0 0.638605
 0 0.638613
 0 0.638668
 0 0.638693
 0 0.638693
 0 0.6387
 0 0.638746
 0 0.638753
 0 0.6388
 0 0.6388
 0 0.638814
 0 0.638822
 0 0.638835
 0 0.638835
 0 0.638835
 0 0.638835
 0 0.638871
 0 0.638876
 0 0.638879
 0 0.638879
 0 0.638931
 0 0.638932
 0 0.638989
 0 0.638989
 0 0.639003
 0 0.63903
 0 0.63903
 0 0.639103
 0 0.639107
 0 0.639107
 0 0.639107
 0 0.639156
 0 0.639163
 0 0.639199
 0 0.639199
 0 0.639205
 0 0.639206
 0 0.639307
 0 0.639314
 0 0.639318
 0 0.639318
 0 0.639364
 0 0.639368
 0 0.639368
 0 0.639368
 0 0.639368
 0 0.639474
 0 0.639618
 0 0.639682
 0 0.639682
 0 0.639684
 0 0.639797
 0 0.639797
 0 0.640082
 0 0.640182
 0 0.640183
 0 0.640358
 0 0.641162
 0 0.641321
 0 0.641325
 0 0.641325
 0 0.641325
 0 0.641325
 0 0.641683
 0 0.641683
 0 0.641687
 0 0.641927
 0 0.642565
 0 0.642565
 0 0.643758
 0 0.643758
 0 0.643997
 0 0.644055
 0 0.644497
 0 0.644503
 0 inf
