 9.03744 9.56904
 8.79812 9.31913
 8.57114 8.8644
 8.38884 8.46104
 7.80043 8.33591
 7.74331 7.92585
 7.28448 8.08535
 6.88622 7.01249
 6.86727 7.09813
 6.63128 7.63014
 6.61379 7.15476
 6.5735 6.98554
 6.56153 6.93029
 6.47489 6.55899
 6.35738 7.28149
 6.24649 6.77745
 6.22735 7.18118
 6.1993 7.35297
 6.02377 7.57621
 5.93334 6.01173
 5.82549 8.65485
 5.78951 6.0348
 5.35798 5.36776
 5.35234 5.60885
 5.29332 6.67355
 5.2443 5.83318
 5.21779 5.49386
 5.214 5.23235
 5.1922 5.19241
 5.13709 5.14218
 5.11305 5.11842
 5.08358 5.09221
 5.07123 5.42369
 5.06489 5.13338
 5.03833 5.05085
 5.00294 5.01969
 4.95171 4.95481
 4.94279 4.9607
 4.93598 4.93669
 4.92086 4.92958
 4.91416 4.93185
 4.91315 4.93149
 4.90796 4.92804
 4.90775 4.92754
 4.907 4.93808
 4.9005 4.91352
 4.8924 4.90744
 4.88799 4.90599
 4.88567 5.22
 4.87667 4.87719
 4.86806 4.87634
 4.85104 4.86512
 4.84594 4.89143
 4.84245 4.84501
 4.83595 5.14264
 4.83159 4.83415
 4.82526 4.82861
 4.81498 4.82276
 4.80744 4.81966
 4.80597 4.80869
 4.80458 4.82269
 4.80262 4.81222
 4.79493 4.98331
 4.78647 5.56546
 4.77755 4.81818
 4.77517 4.79001
 4.7618 4.77369
 4.75996 4.78103
 4.75775 4.76875
 4.75462 4.99831
 4.74209 4.76553
 4.73244 4.73906
 4.72325 4.72787
 4.71462 4.92862
 4.69436 4.69712
 4.6934 4.69885
 4.68783 4.6967
 4.66457 4.84275
 4.65374 4.68776
 4.65138 4.65844
 4.64808 4.66474
 4.64296 4.66056
 4.64256 4.66148
 4.62728 4.65841
 4.62152 4.82649
 4.61824 4.64825
 4.61728 5.87453
 4.61052 4.63931
 4.60921 4.61397
 4.59002 5.23047
 4.58464 4.59756
 4.57845 4.59673
 4.56889 4.84983
 4.5401 4.55235
 4.52241 4.91075
 4.50763 4.50836
 4.49531 4.71009
 4.48695 5.02933
 4.48323 4.49066
 4.48085 4.4946
 4.47652 4.9431
 4.46794 5.10571
 4.45439 4.46622
 4.453 4.9926
 4.45221 4.84408
 4.45169 4.46546
 4.44723 7.76453
 4.44105 4.55964
 4.43532 6.1376
 4.4121 8.15194
 4.41075 4.43061
 4.40949 4.94845
 4.40277 4.42039
 4.39679 8.74353
 4.39621 6.05991
 4.39097 6.17495
 4.3768 4.98658
 4.33157 6.5797
 4.31378 5.19362
 4.30053 5.20236
 4.29168 5.14678
 4.28003 5.24372
 4.26827 7.48334
 4.2549 4.35116
 4.22675 7.047
 4.22056 5.04514
 4.21701 5.25251
 4.19128 5.03368
 4.15783 5.1535
 4.15208 4.2888
 4.14571 4.36793
 4.13362 6.14048
 4.1271 4.31021
 4.0987 9.42096
 4.09252 7.36771
 4.03087 5.42306
 4.02342 4.97311
 4.0229 4.03
 4.00728 5.88691
 3.98244 8.02532
 3.94579 7.20491
 3.82948 4.71699
 3.7135 8.62396
 3.2861 5.46581
