 0 0.488394
 0 0.488394
 0 0.488907
 0 0.489298
 0 0.489298
 0 0.489299
 0 0.489683
 0 0.489683
 0 0.49012
 0 0.490555
 0 0.490555
 0 0.490555
 0 0.611342
 0 0.611858
 0 0.611858
 0 0.611858
 0 0.611858
 0 0.611858
 0 0.617936
 0 0.617936
 0 0.617937
 0 0.61862
 0 0.619591
 0 0.619592
 0 0.620822
 0 0.620824
 0 0.620974
 0 0.621202
 0 0.621203
 0 0.621477
 0 0.621477
 0 0.621478
 0 0.621746
 0 0.621746
 0 0.621747
 0 0.621747
 0 0.621808
 0 0.621808
 0 0.621808
 0 0.621808
 0 0.622344
 0 0.622644
 0 0.622741
 0 0.622741
 0 0.622794
 0 0.623083
 0 0.623083
 0 0.623186
 0 0.623187
 0 0.623187
 0 0.623331
 0 0.623331
 0 0.623761
 0 0.623761
 0 0.623809
 0 0.623992
 0 0.623992
 0 0.623992
 0 0.624086
 0 0.624088
 0 0.624149
 0 0.624398
 0 0.624519
 0 0.624519
 0 0.624591
 0 0.624591
 0 0.624593
 0 0.624699
 0 0.624741
 0 0.624743
 0 0.624908
 0 0.624988
 0 0.625031
 0 0.625031
 0 0.625188
 0 0.625188
 0 0.625188
 0 0.625188
 0 0.625281
 0 0.625282
 0 0.625375
 0 0.6254
 0 0.6254
 0 0.625439
 0 0.625547
 0 0.625547
 0 0.625548
 0 0.625548
 0 0.625548
 0 0.625632
 0 0.625642
 0 0.625695
 0 0.625695
 0 0.625695
 0 0.625695
 0 0.625706
 0 0.625707
 0 0.625711
 0 0.625931
 0 0.625932
 0 0.625932
 0 0.625986
 0 0.625986
 0 0.62602
 0 0.626022
 0 0.626098
 0 0.626098
 0 0.62626
 0 0.626269
 0 0.626269
 0 0.626269
 0 0.626279
 0 0.626346
 0 0.626347
 0 0.626439
 0 0.62651
 0 0.626511
 0 0.626512
 0 0.626512
 0 0.626581
 0 0.626581
 0 0.626583
 0 0.626656
 0 0.626664
 0 0.626678
 0 0.626678
 0 0.626678
 0 0.62668
 0 0.626707
 0 0.626808
 0 0.626808
 0 0.626822
 0 0.626823
 0 0.62693
 0 0.62693
 0 0.626931
 0 0.626931
 0 0.626931
 0 0.627111
 0 0.627111
 0 0.627111
 0 0.627193
 0 0.627203
 0 0.627204
 0 0.627308
 0 0.627378
 0 0.627401
 0 0.627401
 0 0.627402
 0 0.627402
 0 0.627415
 0 0.627416
 0 0.627416
 0 0.62743
 0 0.627482
 0 0.627488
 0 0.627554
 0 0.627555
 0 0.627555
 0 0.627555
 0 0.627555
 0 0.627607
 0 0.627628
 0 0.627628
 0 0.627628
 0 0.627657
 0 0.627657
 0 0.627658
 0 0.627659
 0 0.627685
 0 0.627687
 0 0.627689
 0 0.627689
 0 0.627695
 0 0.627702
 0 0.627702
 0 0.627702
 0 0.627715
 0 0.627763
 0 0.627765
 0 0.627765
 0 0.627768
 0 0.627774
 0 0.627774
 0 0.627855
 0 0.627892
 0 0.627892
 0 0.627893
 0 0.627893
 0 0.627931
 0 0.627939
 0 0.627939
 0 0.627978
 0 0.628001
 0 0.628001
 0 0.628027
 0 0.628087
 0 0.628135
 0 0.628135
 0 0.628144
 0 0.62824
 0 0.62824
 0 0.628275
 0 0.628275
 0 0.628286
 0 0.628287
 0 0.628287
 0 0.628294
 0 0.628304
 0 0.628312
 0 0.628314
 0 0.628316
 0 0.628325
 0 0.628325
 0 0.628372
 0 0.62838
 0 0.628469
 0 0.628469
 0 0.628469
 0 0.628514
 0 0.628514
 0 0.628529
 0 0.628529
 0 0.62853
 0 0.628552
 0 0.628552
 0 0.628601
 0 0.628614
 0 0.628686
 0 0.628686
 0 0.628686
 0 0.628686
 0 0.628734
 0 0.628734
 0 0.628735
 0 0.628735
 0 0.628776
 0 0.628777
 0 0.628777
 0 0.628785
 0 0.628786
 0 0.628812
 0 0.628856
 0 0.628856
 0 0.628874
 0 0.628874
 0 0.628949
 0 0.629067
 0 0.629124
 0 0.629147
 0 0.629153
 0 0.629153
 0 0.629178
 0 0.629178
 0 0.629249
 0 0.629249
 0 0.629249
 0 0.629276
 0 0.629277
 0 0.629277
 0 0.629277
 0 0.629277
 0 0.629277
 0 0.629277
 0 0.629277
 0 0.629372
 0 0.629372
 0 0.629377
 0 0.629377
 0 0.629414
 0 0.629421
 0 0.629439
 0 0.62944
 0 0.629441
 0 0.629588
 0 0.629721
 0 0.629745
 0 0.629745
 0 0.629745
 0 0.629792
 0 0.62982
 0 0.629831
 0 0.629845
 0 0.629845
 0 0.629846
 0 0.629846
 0 0.629864
 0 0.629941
 0 0.629941
 0 0.629941
 0 0.629954
 0 0.629954
 0 0.62998
 0 0.62998
 0 0.629993
 0 0.629993
 0 0.629993
 0 0.630031
 0 0.630031
 0 0.630048
 0 0.630048
 0 0.630048
 0 0.630049
 0 0.630049
 0 0.630065
 0 0.630065
 0 0.630086
 0 0.630094
 0 0.630182
 0 0.630229
 0 0.630231
 0 0.630251
 0 0.630254
 0 0.630258
 0 0.630258
 0 0.630261
 0 0.630261
 0 0.630261
 0 0.630286
 0 0.630324
 0 0.630347
 0 0.630387
 0 0.630387
 0 0.630407
 0 0.630407
 0 0.630415
 0 0.63042
 0 0.630432
 0 0.630452
 0 0.630453
 0 0.630463
 0 0.630477
 0 0.630477
 0 0.630513
 0 0.630527
 0 0.630528
 0 0.630528
 0 0.630528
 0 0.630532
 0 0.630533
 0 0.630535
 0 0.630556
 0 0.630557
 0 0.630557
 0 0.630594
 0 0.630595
 0 0.630595
 0 0.630634
 0 0.630634
 0 0.630634
 0 0.630647
 0 0.630648
 0 0.630649
 0 0.630649
 0 0.630649
 0 0.630687
 0 0.630701
 0 0.630704
 0 0.630731
 0 0.630731
 0 0.630732
 0 0.630732
 0 0.630764
 0 0.630772
 0 0.630772
 0 0.630793
 0 0.630814
 0 0.63082
 0 0.63082
 0 0.630889
 0 0.630892
 0 0.630892
 0 0.630909
 0 0.630911
 0 0.630924
 0 0.630934
 0 0.630978
 0 0.630984
 0 0.631014
 0 0.631014
 0 0.631014
 0 0.631015
 0 0.631015
 0 0.631025
 0 0.631025
 0 0.631027
 0 0.631032
 0 0.631045
 0 0.631045
 0 0.631045
 0 0.631051
 0 0.631052
 0 0.631052
 0 0.631086
 0 0.631087
 0 0.631092
 0 0.631098
 0 0.631104
 0 0.631113
 0 0.631115
 0 0.631115
 0 0.631121
 0 0.631121
 0 0.631126
 0 0.631127
 0 0.631127
 0 0.631139
 0 0.631208
 0 0.631208
 0 0.631254
 0 0.63126
 0 0.631282
 0 0.631283
 0 0.631294
 0 0.631295
 0 0.631298
 0 0.6313
 0 0.6313
 0 0.631301
 0 0.631332
 0 0.631333
 0 0.631335
 0 0.631336
 0 0.631336
 0 0.631344
 0 0.631364
 0 0.631364
 0 0.631365
 0 0.631366
 0 0.631369
 0 0.631373
 0 0.631373
 0 0.631374
 0 0.631375
 0 0.631375
 0 0.631375
 0 0.631386
 0 0.631393
 0 0.631393
 0 0.631394
 0 0.631415
 0 0.631415
 0 0.631415
 0 0.631422
 0 0.631438
 0 0.631438
 0 0.631439
 0 0.631441
 0 0.631441
 0 0.631466
 0 0.631529
 0 0.631529
 0 0.631534
 0 0.631537
 0 0.631537
 0 0.631538
 0 0.63156
 0 0.631561
 0 0.631566
 0 0.631567
 0 0.631581
 0 0.631597
 0 0.631597
 0 0.631602
 0 0.631631
 0 0.631639
 0 0.63164
 0 0.631642
 0 0.631642
 0 0.631647
 0 0.631662
 0 0.631672
 0 0.631675
 0 0.631677
 0 0.631687
 0 0.631687
 0 0.631712
 0 0.631716
 0 0.631716
 0 0.631755
 0 0.631755
 0 0.631755
 0 0.631755
 0 0.63178
 0 0.6318
 0 0.631802
 0 0.631859
 0 0.631862
 0 0.631862
 0 0.631862
 0 0.631862
 0 0.631863
 0 0.631864
 0 0.631877
 0 0.63188
 0 0.631893
 0 0.631908
 0 0.631908
 0 0.631908
 0 0.631914
 0 0.631934
 0 0.631934
 0 0.631934
 0 0.631935
 0 0.631935
 0 0.631935
 0 0.631954
 0 0.63196
 0 0.63199
 0 0.632008
 0 0.632008
 0 0.632008
 0 0.632026
 0 0.632032
 0 0.632033
 0 0.632087
 0 0.632087
 0 0.632096
 0 0.632105
 0 0.632109
 0 0.632128
 0 0.632128
 0 0.63214
 0 0.63214
 0 0.632172
 0 0.632175
 0 0.632175
 0 0.632183
 0 0.632186
 0 0.632186
 0 0.632186
 0 0.632226
 0 0.632227
 0 0.632248
 0 0.632248
 0 0.632248
 0 0.632249
 0 0.632255
 0 0.632266
 0 0.632269
 0 0.632269
 0 0.632269
 0 0.632273
 0 0.632277
 0 0.632277
 0 0.63229
 0 0.632333
 0 0.632334
 0 0.632338
 0 0.632338
 0 0.632344
 0 0.632344
 0 0.632346
 0 0.63235
 0 0.632368
 0 0.632368
 0 0.632369
 0 0.632372
 0 0.632397
 0 0.632397
 0 0.632403
 0 0.632404
 0 0.632411
 0 0.632411
 0 0.632425
 0 0.632425
 0 0.632425
 0 0.632438
 0 0.632444
 0 0.632445
 0 0.632445
 0 0.632471
 0 0.632488
 0 0.632489
 0 0.632489
 0 0.63249
 0 0.6325
 0 0.632501
 0 0.632501
 0 0.632501
 0 0.632502
 0 0.632525
 0 0.632527
 0 0.632527
 0 0.632548
 0 0.632549
 0 0.632564
 0 0.632564
 0 0.632565
 0 0.632587
 0 0.632596
 0 0.632597
 0 0.632599
 0 0.632621
 0 0.632621
 0 0.632639
 0 0.632639
 0 0.632639
 0 0.632655
 0 0.632731
 0 0.632733
 0 0.632733
 0 0.632737
 0 0.632743
 0 0.63275
 0 0.63275
 0 0.632778
 0 0.632779
 0 0.632779
 0 0.632779
 0 0.632819
 0 0.632819
 0 0.63282
 0 0.632836
 0 0.632838
 0 0.632838
 0 0.632838
 0 0.632838
 0 0.632838
 0 0.632854
 0 0.632855
 0 0.632855
 0 0.632856
 0 0.632856
 0 0.632893
 0 0.632908
 0 0.632909
 0 0.63291
 0 0.632912
 0 0.632912
 0 0.632914
 0 0.632915
 0 0.632915
 0 0.632915
 0 0.632937
 0 0.632937
 0 0.632938
 0 0.632939
 0 0.63294
 0 0.632958
 0 0.632962
 0 0.632963
 0 0.632966
 0 0.632966
 0 0.632967
 0 0.632988
 0 0.633022
 0 0.633045
 0 0.633047
 0 0.633047
 0 0.633047
 0 0.633051
 0 0.633051
 0 0.633058
 0 0.633059
 0 0.63307
 0 0.63307
 0 0.633072
 0 0.633088
 0 0.633089
 0 0.633092
 0 0.633102
 0 0.633124
 0 0.633125
 0 0.633133
 0 0.633156
 0 0.63316
 0 0.633161
 0 0.633168
 0 0.633177
 0 0.633178
 0 0.633187
 0 0.633187
 0 0.633191
 0 0.633191
 0 0.633221
 0 0.633231
 0 0.633231
 0 0.633262
 0 0.633288
 0 0.633288
 0 0.633288
 0 0.633304
 0 0.633314
 0 0.633334
 0 0.633334
 0 0.633335
 0 0.633336
 0 0.633374
 0 0.633388
 0 0.633388
 0 0.633389
 0 0.63339
 0 0.633392
 0 0.633393
 0 0.633394
 0 0.633396
 0 0.633421
 0 0.633421
 0 0.633426
 0 0.633442
 0 0.633443
 0 0.633444
 0 0.633444
 0 0.633452
 0 0.633459
 0 0.633483
 0 0.633483
 0 0.633484
 0 0.633496
 0 0.6335
 0 0.633501
 0 0.633508
 0 0.633509
 0 0.63352
 0 0.633545
 0 0.633546
 0 0.633546
 0 0.633546
 0 0.63359
 0 0.633591
 0 0.633591
 0 0.633679
 0 0.633679
 0 0.633689
 0 0.633689
 0 0.63371
 0 0.63371
 0 0.633711
 0 0.633711
 0 0.633727
 0 0.633738
 0 0.633741
 0 0.633742
 0 0.633744
 0 0.633767
 0 0.633768
 0 0.63379
 0 0.633811
 0 0.633825
 0 0.633825
 0 0.633826
 0 0.633832
 0 0.633868
 0 0.633868
 0 0.633869
 0 0.633873
 0 0.63388
 0 0.633893
 0 0.633894
 0 0.633913
 0 0.633915
 0 0.633915
 0 0.633949
 0 0.633949
 0 0.633972
 0 0.633997
 0 0.633997
 0 0.633997
 0 0.633998
 0 0.633998
 0 0.633999
 0 0.634013
 0 0.634014
 0 0.634015
 0 0.634016
 0 0.634017
 0 0.634018
 0 0.634032
 0 0.634032
 0 0.634032
 0 0.634042
 0 0.634051
 0 0.634051
 0 0.634051
 0 0.634081
 0 0.634081
 0 0.634081
 0 0.634081
 0 0.634115
 0 0.634115
 0 0.634115
 0 0.634129
 0 0.634129
 0 0.634147
 0 0.634149
 0 0.634149
 0 0.634149
 0 0.634149
 0 0.63415
 0 0.63415
 0 0.63415
 0 0.6342
 0 0.6342
 0 0.634221
 0 0.634222
 0 0.634224
 0 0.634225
 0 0.634225
 0 0.634225
 0 0.634225
 0 0.634245
 0 0.634245
 0 0.634251
 0 0.634252
 0 0.634252
 0 0.634257
 0 0.634257
 0 0.634283
 0 0.634283
 0 0.634284
 0 0.634306
 0 0.634308
 0 0.634328
 0 0.634335
 0 0.634335
 0 0.634378
 0 0.634396
 0 0.634396
 0 0.634401
 0 0.634401
 0 0.634403
 0 0.634403
 0 0.634403
 0 0.634415
 0 0.634436
 0 0.634452
 0 0.634453
 0 0.634478
 0 0.63448
 0 0.634481
 0 0.634481
 0 0.634495
 0 0.634495
 0 0.634496
 0 0.634528
 0 0.634531
 0 0.634533
 0 0.634556
 0 0.634558
 0 0.634558
 0 0.634559
 0 0.634559
 0 0.634559
 0 0.634559
 0 0.63456
 0 0.634568
 0 0.634591
 0 0.634591
 0 0.634591
 0 0.634591
 0 0.634648
 0 0.634672
 0 0.634673
 0 0.634679
 0 0.634694
 0 0.634694
 0 0.634704
 0 0.634712
 0 0.634713
 0 0.63472
 0 0.634721
 0 0.634721
 0 0.634724
 0 0.634725
 0 0.634749
 0 0.634749
 0 0.634752
 0 0.634752
 0 0.634757
 0 0.634757
 0 0.634785
 0 0.634785
 0 0.634785
 0 0.634785
 0 0.634801
 0 0.634808
 0 0.634824
 0 0.634824
 0 0.63489
 0 0.634891
 0 0.634902
 0 0.634902
 0 0.634904
 0 0.634919
 0 0.634921
 0 0.634942
 0 0.634942
 0 0.634942
 0 0.634944
 0 0.634975
 0 0.634975
 0 0.634988
 0 0.635002
 0 0.635003
 0 0.635015
 0 0.635015
 0 0.635017
 0 0.635017
 0 0.635052
 0 0.635075
 0 0.635075
 0 0.635084
 0 0.635085
 0 0.635088
 0 0.635089
 0 0.635164
 0 0.635165
 0 0.635169
 0 0.635174
 0 0.635179
 0 0.635181
 0 0.635181
 0 0.635218
 0 0.635218
 0 0.635218
 0 0.635227
 0 0.635228
 0 0.635248
 0 0.635294
 0 0.635294
 0 0.635294
 0 0.635294
 0 0.635294
 0 0.6353
 0 0.6353
 0 0.635306
 0 0.635306
 0 0.635308
 0 0.635311
 0 0.635311
 0 0.635316
 0 0.635316
 0 0.635316
 0 0.63532
 0 0.635321
 0 0.635321
 0 0.635321
 0 0.635321
 0 0.635341
 0 0.635341
 0 0.635345
 0 0.635345
 0 0.635346
 0 0.635354
 0 0.635358
 0 0.635446
 0 0.63546
 0 0.63546
 0 0.635479
 0 0.635494
 0 0.635494
 0 0.635497
 0 0.635502
 0 0.635503
 0 0.635503
 0 0.635503
 0 0.635536
 0 0.635537
 0 0.635538
 0 0.635605
 0 0.635608
 0 0.635608
 0 0.635633
 0 0.635643
 0 0.635658
 0 0.635658
 0 0.635658
 0 0.635665
 0 0.635694
 0 0.635694
 0 0.635714
 0 0.635715
 0 0.635724
 0 0.635732
 0 0.635734
 0 0.635734
 0 0.635751
 0 0.635756
 0 0.635756
 0 0.635756
 0 0.635758
 0 0.635791
 0 0.635791
 0 0.635794
 0 0.635813
 0 0.635814
 0 0.635872
 0 0.635872
 0 0.635872
 0 0.635872
 0 0.635882
 0 0.635889
 0 0.63589
 0 0.635893
 0 0.635894
 0 0.635894
 0 0.635895
 0 0.635895
 0 0.635895
 0 0.635926
 0 0.635926
 0 0.635926
 0 0.635926
 0 0.635926
 0 0.635926
 0 0.636098
 0 0.636106
 0 0.636145
 0 0.636145
 0 0.636146
 0 0.636146
 0 0.636146
 0 0.636178
 0 0.636178
 0 0.636222
 0 0.636222
 0 0.636222
 0 0.636276
 0 0.636277
 0 0.636312
 0 0.636313
 0 0.636315
 0 0.636323
 0 0.636324
 0 0.636414
 0 0.636448
 0 0.636448
 0 0.636467
 0 0.636468
 0 0.636468
 0 0.636468
 0 0.636468
 0 0.636469
 0 0.636482
 0 0.636513
 0 0.636514
 0 0.636514
 0 0.636515
 0 0.636534
 0 0.636602
 0 0.636632
 0 0.636634
 0 0.636634
 0 0.636634
 0 0.636634
 0 0.636658
 0 0.636659
 0 0.636673
 0 0.636673
 0 0.636674
 0 0.636674
 0 0.636674
 0 0.636686
 0 0.636708
 0 0.636722
 0 0.636758
 0 0.636758
 0 0.636777
 0 0.636872
 0 0.636905
 0 0.636906
 0 0.636925
 0 0.636926
 0 0.636926
 0 0.636934
 0 0.636935
 0 0.636938
 0 0.63694
 0 0.636943
 0 0.636944
 0 0.636957
 0 0.636958
 0 0.636983
 0 0.636997
 0 0.636997
 0 0.637021
 0 0.637021
 0 0.637023
 0 0.637041
 0 0.637064
 0 0.637064
 0 0.637119
 0 0.637119
 0 0.637119
 0 0.637119
 0 0.637119
 0 0.63712
 0 0.637123
 0 0.637123
 0 0.63721
 0 0.63721
 0 0.637213
 0 0.637238
 0 0.637255
 0 0.637276
 0 0.637277
 0 0.637317
 0 0.637317
 0 0.637317
 0 0.637318
 0 0.637318
 0 0.637335
 0 0.637336
 0 0.637348
 0 0.637348
 0 0.637349
 0 0.637349
 0 0.637349
 0 0.63735
 0 0.637363
 0 0.637381
 0 0.637381
 0 0.637381
 0 0.637385
 0 0.637405
 0 0.637406
 0 0.637406
 0 0.637406
 0 0.637406
 0 0.637407
 0 0.637464
 0 0.637464
 0 0.637502
 0 0.637502
 0 0.637502
 0 0.637514
 0 0.637516
 0 0.637516
 0 0.637517
 0 0.637547
 0 0.637547
 0 0.637569
 0 0.637569
 0 0.637584
 0 0.637587
 0 0.637587
 0 0.63759
 0 0.637596
 0 0.637596
 0 0.637646
 0 0.637649
 0 0.637649
 0 0.637649
 0 0.637649
 0 0.637669
 0 0.637679
 0 0.637679
 0 0.637679
 0 0.637735
 0 0.637735
 0 0.637735
 0 0.637735
 0 0.63774
 0 0.637766
 0 0.637776
 0 0.637812
 0 0.637815
 0 0.637817
 0 0.637817
 0 0.637817
 0 0.637817
 0 0.637817
 0 0.637867
 0 0.637868
 0 0.637879
 0 0.637879
 0 0.637881
 0 0.637882
 0 0.637882
 0 0.637882
 0 0.637882
 0 0.637886
 0 0.637905
 0 0.637918
 0 0.637937
 0 0.63795
 0 0.63795
 0 0.63795
 0 0.637951
 0 0.637957
 0 0.637957
 0 0.637972
 0 0.637974
 0 0.63798
 0 0.63798
 0 0.637992
 0 0.637992
 0 0.638039
 0 0.638039
 0 0.63804
 0 0.638042
 0 0.638062
 0 0.638086
 0 0.638086
 0 0.638102
 0 0.638128
 0 0.63813
 0 0.638131
 0 0.638143
 0 0.638165
 0 0.638182
 0 0.638183
 0 0.638226
 0 0.638227
 0 0.638277
 0 0.638279
 0 0.638292
 0 0.638293
 0 0.638308
 0 0.638309
 0 0.638309
 0 0.63831
 0 0.638318
 0 0.638332
 0 0.63836
 0 0.63836
 0 0.63836
 0 0.638368
 0 0.638378
 0 0.638378
 0 0.638378
 0 0.638383
 0 0.638384
 0 0.638384
 0 0.63849
 0 0.638532
 0 0.638532
 0 0.638555
 0 0.638556
 0 0.638556
 0 0.63857
 0 0.638572
 0 0.638573
 0 0.638573
 0 0.638596
 0 0.638596
 0 0.638632
 0 0.638687
 0 0.638721
 0 0.638775
 0 0.638775
 0 0.638775
 0 0.638775
 0 0.638777
 0 0.638781
 0 0.638793
 0 0.638809
 0 0.638809
 0 0.638819
 0 0.638944
 0 0.638945
 0 0.638948
 0 0.638948
 0 0.638953
 0 0.638953
 0 0.638953
 0 0.638953
 0 0.638988
 0 0.639006
 0 0.639007
 0 0.639022
 0 0.639062
 0 0.639062
 0 0.639063
 0 0.63911
 0 0.639141
 0 0.639141
 0 0.63919
 0 0.639219
 0 0.639219
 0 0.639219
 0 0.63923
 0 0.639231
 0 0.639232
 0 0.639232
 0 0.639232
 0 0.639265
 0 0.639286
 0 0.639286
 0 0.639296
 0 0.639326
 0 0.639367
 0 0.639385
 0 0.639385
 0 0.639385
 0 0.63941
 0 0.63941
 0 0.639433
 0 0.639445
 0 0.639445
 0 0.639445
 0 0.639454
 0 0.639455
 0 0.639459
 0 0.63947
 0 0.63947
 0 0.639502
 0 0.639553
 0 0.639554
 0 0.639593
 0 0.639616
 0 0.639616
 0 0.639619
 0 0.639619
 0 0.639619
 0 0.63962
 0 0.639656
 0 0.639656
 0 0.639656
 0 0.639715
 0 0.639737
 0 0.639737
 0 0.639738
 0 0.639738
 0 0.63984
 0 0.63984
 0 0.639851
 0 0.639851
 0 0.639852
 0 0.639885
 0 0.639885
 0 0.639885
 0 0.639885
 0 0.639885
 0 0.640002
 0 0.640002
 0 0.640011
 0 0.640011
 0 0.640019
 0 0.64002
 0 0.64004
 0 0.64004
 0 0.640066
 0 0.640066
 0 0.640105
 0 0.640132
 0 0.640142
 0 0.640159
 0 0.640164
 0 0.640166
 0 0.640167
 0 0.640223
 0 0.640224
 0 0.640256
 0 0.640325
 0 0.640351
 0 0.640378
 0 0.640378
 0 0.640429
 0 0.640463
 0 0.640464
 0 0.640479
 0 0.640488
 0 0.640488
 0 0.640506
 0 0.640506
 0 0.640583
 0 0.640583
 0 0.640583
 0 0.640649
 0 0.640675
 0 0.640678
 0 0.640742
 0 0.640742
 0 0.640785
 0 0.640802
 0 0.640802
 0 0.640879
 0 0.640879
 0 0.640879
 0 0.640879
 0 0.641004
 0 0.641015
 0 0.641016
 0 0.641102
 0 0.641184
 0 0.641277
 0 0.641278
 0 0.641292
 0 0.641295
 0 0.641297
 0 0.641297
 0 0.641298
 0 0.641405
 0 0.641418
 0 0.64143
 0 0.641453
 0 0.641505
 0 0.641509
 0 0.641539
 0 0.641604
 0 0.641636
 0 0.641636
 0 0.641636
 0 0.641637
 0 0.641637
 0 0.641638
 0 0.641638
 0 0.641638
 0 0.641638
 0 0.641737
 0 0.641737
 0 0.641739
 0 0.641771
 0 0.64178
 0 0.641803
 0 0.641843
 0 0.641845
 0 0.641864
 0 0.642031
 0 0.642031
 0 0.642032
 0 0.642032
 0 0.642078
 0 0.642231
 0 0.642231
 0 0.642285
 0 0.642348
 0 0.642349
 0 0.642359
 0 0.642359
 0 0.642362
 0 0.642402
 0 0.642402
 0 0.642451
 0 0.642452
 0 0.642455
 0 0.642552
 0 0.642552
 0 0.642593
 0 0.642686
 0 0.642687
 0 0.642788
 0 0.642788
 0 0.642835
 0 0.642889
 0 0.642906
 0 0.642907
 0 0.642907
 0 0.642907
 0 0.642967
 0 0.642967
 0 0.642975
 0 0.642975
 0 0.642985
 0 0.643016
 0 0.643017
 0 0.643062
 0 0.643096
 0 0.643097
 0 0.643182
 0 0.643184
 0 0.643225
 0 0.643374
 0 0.643374
 0 0.643461
 0 0.643463
 0 0.643464
 0 0.643479
 0 0.64348
 0 0.6435
 0 0.6435
 0 0.643623
 0 0.643624
 0 0.643624
 0 0.643714
 0 0.643715
 0 0.643737
 0 0.643737
 0 0.643737
 0 0.643741
 0 0.643801
 0 0.643852
 0 0.643852
 0 0.643854
 0 0.64397
 0 0.64397
 0 0.64397
 0 0.643993
 0 0.643996
 0 0.64407
 0 0.644071
 0 0.644071
 0 0.644142
 0 0.644244
 0 0.644244
 0 0.644245
 0 0.644308
 0 0.644336
 0 0.644337
 0 0.644342
 0 0.644342
 0 0.644343
 0 0.64445
 0 0.64455
 0 0.644551
 0 0.644615
 0 0.644617
 0 0.644617
 0 0.644907
 0 0.645171
 0 0.645423
 0 0.645964
 0 0.645964
 0 0.646215
 0 0.648041
 0 0.648788
 0 0.648788
 0 0.648788
 0 0.648945
 0 0.648945
 0 0.65165
 0 0.65165
 0 0.651651
 0 0.651652
 0 0.651652
 0 0.651801
 0 0.651837
 0 0.652081
 0 0.652082
 0 0.652411
 0 0.652667
 0 0.652911
 0 0.660789
 0 0.661296
 0 0.661453
 0 0.661454
 0 0.662143
 0 0.662301
 0 0.68189
 0 0.681924
 0 0.681925
 0 0.682568
 0 0.682602
 0 0.682602
 0 inf
