 0 0.492182
 0 0.492182
 0 0.492619
 0 0.49262
 0 0.49262
 0 0.492979
 0 0.49298
 0 0.49298
 0 0.49298
 0 0.493725
 0 0.494253
 0 0.494253
 0 0.616157
 0 0.616175
 0 0.616176
 0 0.616978
 0 0.616978
 0 0.616978
 0 0.62217
 0 0.622219
 0 0.62222
 0 0.622221
 0 0.622222
 0 0.622222
 0 0.622222
 0 0.622309
 0 0.622309
 0 0.622657
 0 0.622657
 0 0.623338
 0 0.623385
 0 0.623385
 0 0.623385
 0 0.623385
 0 0.623476
 0 0.623476
 0 0.623879
 0 0.623879
 0 0.623879
 0 0.623879
 0 0.623879
 0 0.624228
 0 0.624233
 0 0.624854
 0 0.6249
 0 0.6249
 0 0.625148
 0 0.625148
 0 0.625148
 0 0.625152
 0 0.625153
 0 0.625153
 0 0.625185
 0 0.625185
 0 0.625196
 0 0.625244
 0 0.625543
 0 0.625544
 0 0.625641
 0 0.625716
 0 0.625716
 0 0.625816
 0 0.625816
 0 0.626108
 0 0.62625
 0 0.626252
 0 0.626342
 0 0.62644
 0 0.62644
 0 0.626442
 0 0.626477
 0 0.626477
 0 0.626525
 0 0.626582
 0 0.62664
 0 0.626678
 0 0.626697
 0 0.626698
 0 0.626785
 0 0.626785
 0 0.626809
 0 0.626809
 0 0.626895
 0 0.626895
 0 0.626895
 0 0.626961
 0 0.626961
 0 0.627073
 0 0.62709
 0 0.627091
 0 0.627111
 0 0.627207
 0 0.627207
 0 0.627328
 0 0.627364
 0 0.627364
 0 0.627465
 0 0.62754
 0 0.627625
 0 0.627625
 0 0.627626
 0 0.627633
 0 0.627633
 0 0.627633
 0 0.627633
 0 0.62764
 0 0.62764
 0 0.627642
 0 0.627744
 0 0.627826
 0 0.627827
 0 0.627829
 0 0.62785
 0 0.628006
 0 0.628007
 0 0.628008
 0 0.628008
 0 0.628009
 0 0.628019
 0 0.62802
 0 0.62809
 0 0.628091
 0 0.628091
 0 0.628104
 0 0.628115
 0 0.628116
 0 0.628125
 0 0.628125
 0 0.628145
 0 0.628145
 0 0.628145
 0 0.628189
 0 0.628284
 0 0.628322
 0 0.628322
 0 0.628332
 0 0.628332
 0 0.62837
 0 0.62845
 0 0.628451
 0 0.628491
 0 0.628491
 0 0.628491
 0 0.628491
 0 0.628592
 0 0.628592
 0 0.628593
 0 0.628646
 0 0.628648
 0 0.628648
 0 0.628658
 0 0.628658
 0 0.628676
 0 0.628761
 0 0.628761
 0 0.628761
 0 0.628762
 0 0.628763
 0 0.628777
 0 0.628778
 0 0.628778
 0 0.628811
 0 0.628837
 0 0.628938
 0 0.628943
 0 0.628944
 0 0.629013
 0 0.629014
 0 0.629016
 0 0.629023
 0 0.629038
 0 0.62915
 0 0.629318
 0 0.629385
 0 0.629385
 0 0.629389
 0 0.629389
 0 0.62939
 0 0.629392
 0 0.629411
 0 0.629439
 0 0.62944
 0 0.629473
 0 0.629491
 0 0.629501
 0 0.629581
 0 0.62961
 0 0.62961
 0 0.629671
 0 0.629671
 0 0.629671
 0 0.629693
 0 0.629695
 0 0.629714
 0 0.62977
 0 0.629928
 0 0.629988
 0 0.629988
 0 0.629997
 0 0.629997
 0 0.630013
 0 0.630013
 0 0.630014
 0 0.630014
 0 0.630014
 0 0.630036
 0 0.630037
 0 0.630037
 0 0.630055
 0 0.630055
 0 0.630056
 0 0.6301
 0 0.63012
 0 0.630166
 0 0.630166
 0 0.630166
 0 0.630166
 0 0.630167
 0 0.630168
 0 0.630168
 0 0.630168
 0 0.63017
 0 0.63017
 0 0.630185
 0 0.630185
 0 0.630185
 0 0.63019
 0 0.63019
 0 0.63019
 0 0.630209
 0 0.630209
 0 0.630209
 0 0.63023
 0 0.63023
 0 0.63024
 0 0.63024
 0 0.63024
 0 0.63024
 0 0.630261
 0 0.630262
 0 0.630265
 0 0.630266
 0 0.630266
 0 0.630308
 0 0.630318
 0 0.630356
 0 0.630387
 0 0.630388
 0 0.630388
 0 0.630449
 0 0.630452
 0 0.630452
 0 0.630477
 0 0.630478
 0 0.630501
 0 0.630582
 0 0.630619
 0 0.63062
 0 0.630661
 0 0.630661
 0 0.630683
 0 0.630683
 0 0.630732
 0 0.630734
 0 0.630769
 0 0.630769
 0 0.630769
 0 0.630778
 0 0.630779
 0 0.630792
 0 0.630793
 0 0.630843
 0 0.630854
 0 0.630874
 0 0.630875
 0 0.630876
 0 0.630897
 0 0.630913
 0 0.630913
 0 0.630915
 0 0.630915
 0 0.630915
 0 0.630915
 0 0.630917
 0 0.630957
 0 0.630957
 0 0.630969
 0 0.631013
 0 0.631029
 0 0.63103
 0 0.631044
 0 0.631063
 0 0.631063
 0 0.631065
 0 0.631115
 0 0.631126
 0 0.631127
 0 0.631134
 0 0.631134
 0 0.631165
 0 0.631165
 0 0.631165
 0 0.631174
 0 0.631174
 0 0.631174
 0 0.631174
 0 0.631174
 0 0.631175
 0 0.631177
 0 0.631178
 0 0.631184
 0 0.631184
 0 0.631188
 0 0.631222
 0 0.631222
 0 0.631236
 0 0.631259
 0 0.63126
 0 0.631273
 0 0.631273
 0 0.631275
 0 0.631275
 0 0.631276
 0 0.631277
 0 0.631281
 0 0.631288
 0 0.631289
 0 0.631289
 0 0.631292
 0 0.631292
 0 0.631305
 0 0.631305
 0 0.631306
 0 0.631306
 0 0.631306
 0 0.631306
 0 0.631311
 0 0.631311
 0 0.631311
 0 0.63133
 0 0.63133
 0 0.631365
 0 0.631377
 0 0.631377
 0 0.631377
 0 0.63138
 0 0.63138
 0 0.63138
 0 0.63138
 0 0.631393
 0 0.631402
 0 0.631402
 0 0.631409
 0 0.63141
 0 0.631418
 0 0.631443
 0 0.631445
 0 0.631448
 0 0.631478
 0 0.63148
 0 0.631487
 0 0.631503
 0 0.631514
 0 0.631517
 0 0.631539
 0 0.631559
 0 0.631596
 0 0.631596
 0 0.631597
 0 0.631609
 0 0.631609
 0 0.631639
 0 0.631639
 0 0.63164
 0 0.631641
 0 0.631659
 0 0.63166
 0 0.63166
 0 0.631665
 0 0.631665
 0 0.631665
 0 0.631666
 0 0.631666
 0 0.631682
 0 0.631682
 0 0.631685
 0 0.6317
 0 0.631701
 0 0.631701
 0 0.631709
 0 0.631747
 0 0.631747
 0 0.631748
 0 0.631751
 0 0.631766
 0 0.631766
 0 0.631801
 0 0.631802
 0 0.631806
 0 0.631806
 0 0.631816
 0 0.631817
 0 0.631818
 0 0.631818
 0 0.631818
 0 0.63183
 0 0.631844
 0 0.631844
 0 0.631865
 0 0.631871
 0 0.631875
 0 0.631875
 0 0.631875
 0 0.631877
 0 0.631877
 0 0.631878
 0 0.631888
 0 0.631888
 0 0.631889
 0 0.631889
 0 0.631897
 0 0.631914
 0 0.631914
 0 0.631914
 0 0.631921
 0 0.631937
 0 0.631938
 0 0.631951
 0 0.631956
 0 0.631958
 0 0.631958
 0 0.63196
 0 0.631979
 0 0.631979
 0 0.631979
 0 0.631984
 0 0.63199
 0 0.632002
 0 0.632004
 0 0.632009
 0 0.632011
 0 0.632012
 0 0.632023
 0 0.632023
 0 0.632029
 0 0.63203
 0 0.632039
 0 0.63204
 0 0.632041
 0 0.632045
 0 0.632045
 0 0.632046
 0 0.632058
 0 0.632058
 0 0.63206
 0 0.632069
 0 0.632069
 0 0.632069
 0 0.632083
 0 0.63209
 0 0.63209
 0 0.632105
 0 0.632118
 0 0.632119
 0 0.632119
 0 0.632124
 0 0.632124
 0 0.632125
 0 0.632131
 0 0.632131
 0 0.63214
 0 0.63214
 0 0.63214
 0 0.63214
 0 0.632147
 0 0.632147
 0 0.632147
 0 0.632147
 0 0.632147
 0 0.632162
 0 0.632178
 0 0.632188
 0 0.632188
 0 0.632188
 0 0.632203
 0 0.632204
 0 0.632204
 0 0.632207
 0 0.632207
 0 0.632207
 0 0.632207
 0 0.632217
 0 0.632218
 0 0.632234
 0 0.632235
 0 0.63224
 0 0.632241
 0 0.632251
 0 0.632252
 0 0.632252
 0 0.632277
 0 0.632277
 0 0.632288
 0 0.632305
 0 0.632306
 0 0.632306
 0 0.632309
 0 0.632312
 0 0.632324
 0 0.632324
 0 0.632338
 0 0.632338
 0 0.632338
 0 0.632341
 0 0.632343
 0 0.632343
 0 0.632344
 0 0.632381
 0 0.632384
 0 0.632387
 0 0.6324
 0 0.632409
 0 0.632409
 0 0.632412
 0 0.632412
 0 0.632415
 0 0.632418
 0 0.63242
 0 0.632438
 0 0.632438
 0 0.632456
 0 0.632463
 0 0.632463
 0 0.632464
 0 0.632464
 0 0.632473
 0 0.632473
 0 0.632473
 0 0.632476
 0 0.632555
 0 0.632569
 0 0.63257
 0 0.632596
 0 0.632596
 0 0.63261
 0 0.63262
 0 0.632622
 0 0.632623
 0 0.63263
 0 0.632631
 0 0.632646
 0 0.632646
 0 0.63265
 0 0.632652
 0 0.632652
 0 0.632652
 0 0.632652
 0 0.632653
 0 0.632664
 0 0.632664
 0 0.632666
 0 0.632672
 0 0.632672
 0 0.632677
 0 0.632678
 0 0.632681
 0 0.632681
 0 0.632684
 0 0.632684
 0 0.632685
 0 0.632685
 0 0.632685
 0 0.632696
 0 0.632708
 0 0.632715
 0 0.632716
 0 0.632716
 0 0.632716
 0 0.632716
 0 0.632733
 0 0.632739
 0 0.632739
 0 0.632744
 0 0.632749
 0 0.63276
 0 0.63276
 0 0.632762
 0 0.632778
 0 0.632783
 0 0.632783
 0 0.632816
 0 0.632822
 0 0.632822
 0 0.632825
 0 0.632827
 0 0.632827
 0 0.632835
 0 0.632836
 0 0.632852
 0 0.632852
 0 0.63287
 0 0.632886
 0 0.632886
 0 0.632892
 0 0.632893
 0 0.63292
 0 0.63292
 0 0.632927
 0 0.632928
 0 0.632929
 0 0.63293
 0 0.632955
 0 0.632955
 0 0.632956
 0 0.632956
 0 0.632956
 0 0.632968
 0 0.632969
 0 0.632974
 0 0.632976
 0 0.632977
 0 0.632977
 0 0.632978
 0 0.632978
 0 0.632978
 0 0.632986
 0 0.632986
 0 0.632997
 0 0.632998
 0 0.633
 0 0.633
 0 0.633014
 0 0.633029
 0 0.633034
 0 0.633048
 0 0.633051
 0 0.633052
 0 0.633063
 0 0.63307
 0 0.633072
 0 0.633078
 0 0.63308
 0 0.633109
 0 0.63311
 0 0.633111
 0 0.633111
 0 0.633111
 0 0.633111
 0 0.633114
 0 0.633114
 0 0.63312
 0 0.633122
 0 0.633126
 0 0.633126
 0 0.633148
 0 0.633176
 0 0.633176
 0 0.633177
 0 0.633178
 0 0.633191
 0 0.633193
 0 0.633193
 0 0.633193
 0 0.633194
 0 0.633203
 0 0.633203
 0 0.633203
 0 0.633216
 0 0.633216
 0 0.633217
 0 0.633227
 0 0.633227
 0 0.633228
 0 0.633228
 0 0.633234
 0 0.633243
 0 0.633247
 0 0.633274
 0 0.633274
 0 0.633282
 0 0.633282
 0 0.633304
 0 0.633304
 0 0.633304
 0 0.633305
 0 0.633336
 0 0.633336
 0 0.633344
 0 0.633345
 0 0.633394
 0 0.63341
 0 0.633411
 0 0.633411
 0 0.633425
 0 0.633437
 0 0.633437
 0 0.633437
 0 0.633442
 0 0.633442
 0 0.633442
 0 0.633442
 0 0.633443
 0 0.633451
 0 0.63349
 0 0.63349
 0 0.633491
 0 0.633494
 0 0.633494
 0 0.633494
 0 0.633497
 0 0.633524
 0 0.633524
 0 0.633531
 0 0.633531
 0 0.633532
 0 0.633537
 0 0.633548
 0 0.63357
 0 0.63357
 0 0.633573
 0 0.633581
 0 0.633582
 0 0.633582
 0 0.633582
 0 0.633582
 0 0.633583
 0 0.633613
 0 0.633658
 0 0.633676
 0 0.633679
 0 0.633687
 0 0.633687
 0 0.633695
 0 0.633695
 0 0.633707
 0 0.633707
 0 0.633708
 0 0.63371
 0 0.633711
 0 0.633722
 0 0.633722
 0 0.633723
 0 0.633726
 0 0.633792
 0 0.633809
 0 0.633809
 0 0.633809
 0 0.633809
 0 0.63381
 0 0.633821
 0 0.633821
 0 0.633821
 0 0.633882
 0 0.633888
 0 0.634014
 0 0.634014
 0 0.634024
 0 0.634043
 0 0.634057
 0 0.634061
 0 0.634063
 0 0.634064
 0 0.634064
 0 0.634064
 0 0.634078
 0 0.634078
 0 0.634079
 0 0.634083
 0 0.634083
 0 0.634083
 0 0.634085
 0 0.634085
 0 0.634085
 0 0.634086
 0 0.634086
 0 0.634086
 0 0.634092
 0 0.634093
 0 0.634094
 0 0.634106
 0 0.634108
 0 0.634108
 0 0.63415
 0 0.634168
 0 0.634168
 0 0.634169
 0 0.634169
 0 0.63417
 0 0.63417
 0 0.634176
 0 0.634228
 0 0.634231
 0 0.634233
 0 0.634235
 0 0.634235
 0 0.634249
 0 0.634249
 0 0.634256
 0 0.634256
 0 0.634257
 0 0.634257
 0 0.634281
 0 0.634285
 0 0.634285
 0 0.634285
 0 0.634293
 0 0.634296
 0 0.634307
 0 0.634307
 0 0.634307
 0 0.634313
 0 0.634313
 0 0.634314
 0 0.634314
 0 0.634314
 0 0.634327
 0 0.634334
 0 0.634334
 0 0.634334
 0 0.634351
 0 0.634351
 0 0.634371
 0 0.634395
 0 0.634395
 0 0.634399
 0 0.6344
 0 0.63441
 0 0.63441
 0 0.634416
 0 0.634443
 0 0.634446
 0 0.634461
 0 0.634462
 0 0.634465
 0 0.634471
 0 0.634478
 0 0.634478
 0 0.634516
 0 0.634516
 0 0.634525
 0 0.634531
 0 0.634531
 0 0.634533
 0 0.634551
 0 0.634551
 0 0.634555
 0 0.634555
 0 0.634555
 0 0.634555
 0 0.634587
 0 0.634589
 0 0.634625
 0 0.634629
 0 0.634629
 0 0.634641
 0 0.634661
 0 0.634661
 0 0.634675
 0 0.634676
 0 0.634676
 0 0.63468
 0 0.634682
 0 0.634693
 0 0.634701
 0 0.634701
 0 0.634715
 0 0.634715
 0 0.634751
 0 0.634767
 0 0.634779
 0 0.634779
 0 0.63478
 0 0.634793
 0 0.63483
 0 0.63483
 0 0.634857
 0 0.634864
 0 0.634864
 0 0.634865
 0 0.634865
 0 0.634869
 0 0.6349
 0 0.6349
 0 0.634902
 0 0.634903
 0 0.634927
 0 0.634928
 0 0.634928
 0 0.634928
 0 0.634931
 0 0.634959
 0 0.634959
 0 0.634972
 0 0.634975
 0 0.634985
 0 0.634985
 0 0.634985
 0 0.635
 0 0.635026
 0 0.635031
 0 0.635031
 0 0.635033
 0 0.635035
 0 0.635035
 0 0.635038
 0 0.635041
 0 0.635044
 0 0.635057
 0 0.635058
 0 0.635071
 0 0.635098
 0 0.635098
 0 0.63511
 0 0.63511
 0 0.63511
 0 0.63511
 0 0.635111
 0 0.635111
 0 0.63512
 0 0.635122
 0 0.635133
 0 0.635133
 0 0.635133
 0 0.635138
 0 0.635138
 0 0.635139
 0 0.635139
 0 0.635139
 0 0.635139
 0 0.635142
 0 0.635142
 0 0.635161
 0 0.635162
 0 0.63517
 0 0.63517
 0 0.63518
 0 0.63518
 0 0.63518
 0 0.63518
 0 0.63518
 0 0.635192
 0 0.635192
 0 0.635192
 0 0.635197
 0 0.635197
 0 0.635199
 0 0.635199
 0 0.635199
 0 0.635199
 0 0.635201
 0 0.635202
 0 0.635202
 0 0.635204
 0 0.635242
 0 0.635243
 0 0.635246
 0 0.635248
 0 0.635248
 0 0.635293
 0 0.635293
 0 0.635311
 0 0.635315
 0 0.635331
 0 0.635331
 0 0.635331
 0 0.635359
 0 0.635372
 0 0.635372
 0 0.635373
 0 0.635381
 0 0.635383
 0 0.635409
 0 0.635409
 0 0.635416
 0 0.635416
 0 0.635424
 0 0.635424
 0 0.635438
 0 0.635438
 0 0.635445
 0 0.635447
 0 0.635449
 0 0.635456
 0 0.635536
 0 0.635547
 0 0.635549
 0 0.635555
 0 0.635559
 0 0.63556
 0 0.63556
 0 0.63556
 0 0.635563
 0 0.635563
 0 0.635592
 0 0.635593
 0 0.635601
 0 0.635601
 0 0.635601
 0 0.635601
 0 0.635602
 0 0.635602
 0 0.635614
 0 0.635624
 0 0.635624
 0 0.635625
 0 0.635625
 0 0.635625
 0 0.635625
 0 0.635626
 0 0.635637
 0 0.635638
 0 0.635643
 0 0.635643
 0 0.635645
 0 0.635646
 0 0.635647
 0 0.635658
 0 0.635664
 0 0.635668
 0 0.635694
 0 0.635705
 0 0.635705
 0 0.635705
 0 0.635732
 0 0.635738
 0 0.635743
 0 0.635744
 0 0.635744
 0 0.635745
 0 0.635749
 0 0.63575
 0 0.63575
 0 0.63575
 0 0.635794
 0 0.635795
 0 0.635832
 0 0.635849
 0 0.635857
 0 0.635879
 0 0.635882
 0 0.635883
 0 0.635884
 0 0.635893
 0 0.635896
 0 0.635899
 0 0.635899
 0 0.635901
 0 0.635902
 0 0.635902
 0 0.635927
 0 0.635928
 0 0.635933
 0 0.635957
 0 0.635957
 0 0.635976
 0 0.636017
 0 0.63602
 0 0.636032
 0 0.636039
 0 0.636039
 0 0.636042
 0 0.636042
 0 0.636042
 0 0.636042
 0 0.636043
 0 0.636051
 0 0.636051
 0 0.636051
 0 0.636051
 0 0.636051
 0 0.636051
 0 0.636058
 0 0.636059
 0 0.636066
 0 0.636108
 0 0.636134
 0 0.636155
 0 0.636186
 0 0.636186
 0 0.636193
 0 0.63623
 0 0.63623
 0 0.636231
 0 0.636245
 0 0.636245
 0 0.636254
 0 0.636254
 0 0.636278
 0 0.636279
 0 0.63628
 0 0.636297
 0 0.636297
 0 0.636347
 0 0.636348
 0 0.636349
 0 0.636349
 0 0.636375
 0 0.636392
 0 0.636397
 0 0.63641
 0 0.63641
 0 0.636418
 0 0.636418
 0 0.636426
 0 0.636428
 0 0.636428
 0 0.63645
 0 0.636457
 0 0.636457
 0 0.636513
 0 0.636517
 0 0.636517
 0 0.636541
 0 0.636572
 0 0.636573
 0 0.636573
 0 0.636584
 0 0.636592
 0 0.636593
 0 0.636593
 0 0.636593
 0 0.636593
 0 0.6366
 0 0.636601
 0 0.636635
 0 0.636636
 0 0.636639
 0 0.636639
 0 0.636652
 0 0.636652
 0 0.636652
 0 0.636652
 0 0.636668
 0 0.636669
 0 0.636669
 0 0.636682
 0 0.636683
 0 0.636688
 0 0.636688
 0 0.636689
 0 0.636689
 0 0.636736
 0 0.636737
 0 0.636737
 0 0.636737
 0 0.636739
 0 0.636739
 0 0.636739
 0 0.636743
 0 0.636743
 0 0.63676
 0 0.636772
 0 0.636806
 0 0.636824
 0 0.636834
 0 0.636834
 0 0.636838
 0 0.63684
 0 0.63684
 0 0.63684
 0 0.636842
 0 0.636845
 0 0.63685
 0 0.63685
 0 0.63685
 0 0.636872
 0 0.636884
 0 0.636907
 0 0.636907
 0 0.636907
 0 0.636911
 0 0.636922
 0 0.636922
 0 0.636922
 0 0.636938
 0 0.636938
 0 0.636938
 0 0.636954
 0 0.636999
 0 0.637038
 0 0.637038
 0 0.637076
 0 0.63712
 0 0.63712
 0 0.63712
 0 0.63712
 0 0.637152
 0 0.637158
 0 0.637166
 0 0.63717
 0 0.637208
 0 0.637213
 0 0.637214
 0 0.637219
 0 0.63722
 0 0.637238
 0 0.637249
 0 0.637249
 0 0.637249
 0 0.637267
 0 0.637279
 0 0.637279
 0 0.637279
 0 0.63731
 0 0.63731
 0 0.637316
 0 0.637317
 0 0.637323
 0 0.637325
 0 0.637339
 0 0.637339
 0 0.637339
 0 0.637354
 0 0.637359
 0 0.637359
 0 0.637361
 0 0.637385
 0 0.637387
 0 0.637419
 0 0.637436
 0 0.637436
 0 0.637443
 0 0.637443
 0 0.637444
 0 0.637458
 0 0.637462
 0 0.637462
 0 0.637464
 0 0.637465
 0 0.637465
 0 0.637465
 0 0.637465
 0 0.637476
 0 0.637476
 0 0.637478
 0 0.63749
 0 0.63749
 0 0.637492
 0 0.637505
 0 0.637505
 0 0.637509
 0 0.63754
 0 0.63754
 0 0.63754
 0 0.63754
 0 0.637571
 0 0.637572
 0 0.637625
 0 0.637643
 0 0.637679
 0 0.63768
 0 0.637697
 0 0.637697
 0 0.637776
 0 0.637828
 0 0.637828
 0 0.637828
 0 0.637828
 0 0.637828
 0 0.637834
 0 0.637834
 0 0.637834
 0 0.637851
 0 0.637879
 0 0.637879
 0 0.637879
 0 0.637886
 0 0.637886
 0 0.637886
 0 0.637886
 0 0.637906
 0 0.637923
 0 0.637923
 0 0.637923
 0 0.637929
 0 0.637949
 0 0.637978
 0 0.637978
 0 0.637978
 0 0.637978
 0 0.637978
 0 0.638006
 0 0.638013
 0 0.638074
 0 0.638083
 0 0.638083
 0 0.638086
 0 0.638086
 0 0.638086
 0 0.638087
 0 0.638119
 0 0.638126
 0 0.638127
 0 0.63813
 0 0.63813
 0 0.63813
 0 0.638154
 0 0.638157
 0 0.638157
 0 0.638157
 0 0.638164
 0 0.638172
 0 0.638173
 0 0.638174
 0 0.638185
 0 0.638186
 0 0.638186
 0 0.638216
 0 0.638217
 0 0.638217
 0 0.638235
 0 0.63828
 0 0.638281
 0 0.638325
 0 0.638325
 0 0.638337
 0 0.63834
 0 0.63834
 0 0.63834
 0 0.638377
 0 0.638378
 0 0.63838
 0 0.63838
 0 0.638384
 0 0.638384
 0 0.638481
 0 0.638565
 0 0.638565
 0 0.638565
 0 0.638581
 0 0.638582
 0 0.638607
 0 0.638607
 0 0.638607
 0 0.638612
 0 0.638612
 0 0.638619
 0 0.638634
 0 0.638671
 0 0.638671
 0 0.638673
 0 0.638716
 0 0.638716
 0 0.638716
 0 0.638722
 0 0.638722
 0 0.63876
 0 0.63876
 0 0.638772
 0 0.63881
 0 0.63881
 0 0.638832
 0 0.638832
 0 0.638857
 0 0.638893
 0 0.638893
 0 0.638893
 0 0.638893
 0 0.638894
 0 0.638922
 0 0.638931
 0 0.638952
 0 0.638952
 0 0.638954
 0 0.639014
 0 0.639058
 0 0.639099
 0 0.639148
 0 0.639148
 0 0.63916
 0 0.639168
 0 0.639206
 0 0.639208
 0 0.639281
 0 0.639316
 0 0.639339
 0 0.639339
 0 0.639376
 0 0.639405
 0 0.639406
 0 0.639412
 0 0.639413
 0 0.639413
 0 0.639413
 0 0.63946
 0 0.63946
 0 0.63947
 0 0.639471
 0 0.639532
 0 0.639547
 0 0.639567
 0 0.639567
 0 0.639583
 0 0.639604
 0 0.639604
 0 0.639605
 0 0.639609
 0 0.639609
 0 0.63961
 0 0.639625
 0 0.639626
 0 0.639682
 0 0.639696
 0 0.639696
 0 0.639796
 0 0.639812
 0 0.639813
 0 0.639813
 0 0.639815
 0 0.639816
 0 0.639837
 0 0.639838
 0 0.639839
 0 0.639839
 0 0.639839
 0 0.639882
 0 0.639882
 0 0.639882
 0 0.639917
 0 0.639923
 0 0.639924
 0 0.639924
 0 0.639924
 0 0.639924
 0 0.639933
 0 0.639933
 0 0.639959
 0 0.639959
 0 0.639959
 0 0.640001
 0 0.640001
 0 0.640001
 0 0.640007
 0 0.640008
 0 0.640008
 0 0.640008
 0 0.640009
 0 0.640009
 0 0.640009
 0 0.640009
 0 0.640069
 0 0.640117
 0 0.640118
 0 0.640135
 0 0.64016
 0 0.640161
 0 0.640161
 0 0.640161
 0 0.640161
 0 0.64019
 0 0.64019
 0 0.640191
 0 0.640204
 0 0.640242
 0 0.640242
 0 0.640255
 0 0.640255
 0 0.640273
 0 0.640273
 0 0.640332
 0 0.640332
 0 0.640332
 0 0.640336
 0 0.640336
 0 0.640336
 0 0.640336
 0 0.640366
 0 0.640403
 0 0.640468
 0 0.640486
 0 0.640658
 0 0.64069
 0 0.640694
 0 0.640701
 0 0.640701
 0 0.640701
 0 0.64071
 0 0.64071
 0 0.640711
 0 0.640883
 0 0.640883
 0 0.640928
 0 0.640929
 0 0.640929
 0 0.64093
 0 0.64093
 0 0.64093
 0 0.640973
 0 0.641056
 0 0.641058
 0 0.641058
 0 0.641069
 0 0.641083
 0 0.641083
 0 0.641116
 0 0.641181
 0 0.641182
 0 0.641182
 0 0.641182
 0 0.641182
 0 0.641394
 0 0.641394
 0 0.641425
 0 0.641895
 0 0.641895
 0 0.642023
 0 0.642165
 0 0.642271
 0 0.642271
 0 0.642292
 0 0.64269
 0 0.642691
 0 0.642821
 0 0.642845
 0 0.642935
 0 0.642935
 0 0.642935
 0 0.642935
 0 0.642936
 0 0.643183
 0 0.643183
 0 0.643274
 0 0.643274
 0 0.643773
 0 0.643774
 0 0.643774
 0 0.643994
 0 0.644033
 0 0.644033
 0 0.644034
 0 0.644485
 0 0.644486
 0 0.644486
 0 0.644487
 0 0.644496
 0 0.644917
 0 0.645771
 0 0.645771
 0 0.645979
 0 0.646262
 0 0.646619
 0 0.646619
 0 inf
