 0 0.485318
 0 0.486191
 0 0.486192
 0 0.48641
 0 0.486626
 0 0.486626
 0 0.493587
 0 0.49409
 0 0.494091
 0 0.494091
 0 0.494499
 0 0.4945
 0 0.60551
 0 0.60551
 0 0.606122
 0 0.606122
 0 0.606435
 0 0.607046
 0 0.613973
 0 0.613973
 0 0.614631
 0 0.614867
 0 0.614867
 0 0.614924
 0 0.616738
 0 0.617204
 0 0.617446
 0 0.617446
 0 0.617447
 0 0.617881
 0 0.617881
 0 0.617881
 0 0.617882
 0 0.618098
 0 0.618098
 0 0.618374
 0 0.619249
 0 0.619249
 0 0.619249
 0 0.619268
 0 0.619268
 0 0.619506
 0 0.619642
 0 0.619752
 0 0.620113
 0 0.620113
 0 0.6206
 0 0.6206
 0 0.62097
 0 0.62097
 0 0.621106
 0 0.621199
 0 0.621199
 0 0.621505
 0 0.621641
 0 0.621641
 0 0.62165
 0 0.62165
 0 0.62165
 0 0.621999
 0 0.623718
 0 0.623718
 0 0.623718
 0 0.623718
 0 0.624623
 0 0.624623
 0 0.624677
 0 0.625129
 0 0.625129
 0 0.62516
 0 0.625167
 0 0.625246
 0 0.625386
 0 0.625388
 0 0.625388
 0 0.625417
 0 0.625449
 0 0.625547
 0 0.625547
 0 0.625547
 0 0.625574
 0 0.625735
 0 0.625735
 0 0.625736
 0 0.625742
 0 0.625742
 0 0.625996
 0 0.625998
 0 0.625998
 0 0.626031
 0 0.626039
 0 0.626039
 0 0.626077
 0 0.626077
 0 0.626095
 0 0.626095
 0 0.626279
 0 0.626279
 0 0.62628
 0 0.626295
 0 0.626385
 0 0.626385
 0 0.62642
 0 0.62642
 0 0.626451
 0 0.626564
 0 0.626633
 0 0.626633
 0 0.626638
 0 0.62664
 0 0.62664
 0 0.62669
 0 0.62669
 0 0.626701
 0 0.62671
 0 0.62671
 0 0.62671
 0 0.626727
 0 0.626728
 0 0.626738
 0 0.626785
 0 0.626833
 0 0.626861
 0 0.626886
 0 0.626956
 0 0.626956
 0 0.627045
 0 0.627053
 0 0.627054
 0 0.627054
 0 0.627054
 0 0.627054
 0 0.627121
 0 0.627188
 0 0.627188
 0 0.627196
 0 0.627325
 0 0.627326
 0 0.627326
 0 0.627342
 0 0.627389
 0 0.62739
 0 0.62739
 0 0.62739
 0 0.627453
 0 0.627453
 0 0.627456
 0 0.627466
 0 0.627492
 0 0.627493
 0 0.627493
 0 0.627511
 0 0.627511
 0 0.627559
 0 0.627573
 0 0.627577
 0 0.627577
 0 0.627578
 0 0.627599
 0 0.627599
 0 0.627638
 0 0.62764
 0 0.627642
 0 0.627659
 0 0.627668
 0 0.627683
 0 0.627739
 0 0.627741
 0 0.627816
 0 0.627816
 0 0.627817
 0 0.627817
 0 0.627817
 0 0.627832
 0 0.627833
 0 0.627866
 0 0.627866
 0 0.627866
 0 0.627866
 0 0.627866
 0 0.6279
 0 0.627948
 0 0.627949
 0 0.62795
 0 0.627961
 0 0.627962
 0 0.627963
 0 0.627972
 0 0.627972
 0 0.627979
 0 0.627979
 0 0.627981
 0 0.627982
 0 0.627982
 0 0.627982
 0 0.627985
 0 0.627986
 0 0.628002
 0 0.628013
 0 0.628046
 0 0.628075
 0 0.628086
 0 0.628087
 0 0.628087
 0 0.628088
 0 0.628088
 0 0.628091
 0 0.628092
 0 0.6281
 0 0.628161
 0 0.628162
 0 0.628162
 0 0.628167
 0 0.628168
 0 0.628168
 0 0.6283
 0 0.6283
 0 0.628339
 0 0.628339
 0 0.628341
 0 0.628378
 0 0.628378
 0 0.628378
 0 0.628394
 0 0.628395
 0 0.628395
 0 0.628395
 0 0.628395
 0 0.628443
 0 0.628445
 0 0.628485
 0 0.628488
 0 0.628507
 0 0.628507
 0 0.628507
 0 0.62852
 0 0.62853
 0 0.62853
 0 0.628535
 0 0.628535
 0 0.628536
 0 0.628568
 0 0.628606
 0 0.628657
 0 0.628695
 0 0.628696
 0 0.628696
 0 0.628696
 0 0.628735
 0 0.628735
 0 0.628735
 0 0.628778
 0 0.628778
 0 0.628803
 0 0.628804
 0 0.628843
 0 0.628879
 0 0.62888
 0 0.62888
 0 0.628882
 0 0.628883
 0 0.628942
 0 0.628947
 0 0.628949
 0 0.628972
 0 0.62901
 0 0.62901
 0 0.62902
 0 0.629038
 0 0.629039
 0 0.629123
 0 0.629124
 0 0.629125
 0 0.629125
 0 0.629186
 0 0.62921
 0 0.62921
 0 0.629235
 0 0.629237
 0 0.629237
 0 0.629237
 0 0.62926
 0 0.629261
 0 0.629261
 0 0.629261
 0 0.629261
 0 0.629298
 0 0.6293
 0 0.629334
 0 0.629342
 0 0.629342
 0 0.629421
 0 0.629443
 0 0.629466
 0 0.629468
 0 0.629468
 0 0.629473
 0 0.629474
 0 0.629483
 0 0.629483
 0 0.629484
 0 0.629484
 0 0.629486
 0 0.62949
 0 0.62949
 0 0.629497
 0 0.629516
 0 0.629516
 0 0.62955
 0 0.629573
 0 0.629574
 0 0.629582
 0 0.629582
 0 0.629583
 0 0.629583
 0 0.629635
 0 0.629687
 0 0.629688
 0 0.62969
 0 0.62969
 0 0.629699
 0 0.6297
 0 0.629733
 0 0.629746
 0 0.629746
 0 0.629757
 0 0.629762
 0 0.629762
 0 0.629763
 0 0.629786
 0 0.629807
 0 0.629808
 0 0.629808
 0 0.629808
 0 0.629808
 0 0.629816
 0 0.629817
 0 0.629817
 0 0.629817
 0 0.629818
 0 0.629853
 0 0.629861
 0 0.629861
 0 0.629861
 0 0.629865
 0 0.629873
 0 0.62993
 0 0.629931
 0 0.629965
 0 0.629966
 0 0.629975
 0 0.629975
 0 0.630001
 0 0.630001
 0 0.630014
 0 0.630014
 0 0.630026
 0 0.630026
 0 0.630055
 0 0.63007
 0 0.63007
 0 0.630071
 0 0.630139
 0 0.630166
 0 0.630175
 0 0.630176
 0 0.630183
 0 0.630183
 0 0.630195
 0 0.630196
 0 0.630211
 0 0.630242
 0 0.630265
 0 0.630271
 0 0.630271
 0 0.630271
 0 0.630271
 0 0.630274
 0 0.630278
 0 0.630287
 0 0.630287
 0 0.63029
 0 0.63029
 0 0.630316
 0 0.630342
 0 0.630342
 0 0.630366
 0 0.630366
 0 0.630372
 0 0.630382
 0 0.630401
 0 0.630413
 0 0.630454
 0 0.630491
 0 0.630519
 0 0.630519
 0 0.630519
 0 0.630562
 0 0.630563
 0 0.630563
 0 0.630588
 0 0.630589
 0 0.630589
 0 0.630589
 0 0.630592
 0 0.630592
 0 0.630609
 0 0.630609
 0 0.630629
 0 0.630629
 0 0.630655
 0 0.630685
 0 0.630685
 0 0.630742
 0 0.630742
 0 0.630742
 0 0.630743
 0 0.630747
 0 0.630747
 0 0.63077
 0 0.63077
 0 0.63077
 0 0.630814
 0 0.630814
 0 0.630822
 0 0.630823
 0 0.630829
 0 0.630829
 0 0.63083
 0 0.63083
 0 0.630831
 0 0.630831
 0 0.630868
 0 0.6309
 0 0.630901
 0 0.630901
 0 0.630901
 0 0.630912
 0 0.630912
 0 0.630912
 0 0.630915
 0 0.630919
 0 0.630919
 0 0.630936
 0 0.630936
 0 0.630936
 0 0.630968
 0 0.631002
 0 0.631002
 0 0.631002
 0 0.63101
 0 0.631033
 0 0.631033
 0 0.631041
 0 0.631041
 0 0.631041
 0 0.631041
 0 0.631044
 0 0.631045
 0 0.631046
 0 0.631046
 0 0.631058
 0 0.631058
 0 0.631058
 0 0.631071
 0 0.631071
 0 0.631117
 0 0.631118
 0 0.631142
 0 0.631173
 0 0.631175
 0 0.631175
 0 0.631208
 0 0.631219
 0 0.631232
 0 0.631232
 0 0.631238
 0 0.631247
 0 0.631249
 0 0.631287
 0 0.631292
 0 0.631299
 0 0.631305
 0 0.631305
 0 0.631356
 0 0.631381
 0 0.631382
 0 0.631402
 0 0.631403
 0 0.631408
 0 0.631408
 0 0.631428
 0 0.631428
 0 0.631429
 0 0.631429
 0 0.631429
 0 0.631554
 0 0.631555
 0 0.631555
 0 0.631592
 0 0.631592
 0 0.631593
 0 0.631597
 0 0.631606
 0 0.631606
 0 0.631606
 0 0.631606
 0 0.631618
 0 0.631619
 0 0.631629
 0 0.631638
 0 0.631638
 0 0.63165
 0 0.63165
 0 0.631671
 0 0.631672
 0 0.631673
 0 0.631724
 0 0.631732
 0 0.631733
 0 0.631774
 0 0.631774
 0 0.631779
 0 0.631779
 0 0.631779
 0 0.631779
 0 0.631787
 0 0.631793
 0 0.631808
 0 0.631808
 0 0.631808
 0 0.631811
 0 0.631818
 0 0.631818
 0 0.631829
 0 0.631829
 0 0.631859
 0 0.631869
 0 0.63189
 0 0.63189
 0 0.631897
 0 0.631897
 0 0.631922
 0 0.631926
 0 0.631926
 0 0.631926
 0 0.631934
 0 0.631954
 0 0.631972
 0 0.631977
 0 0.631978
 0 0.631983
 0 0.631983
 0 0.631983
 0 0.631983
 0 0.631983
 0 0.631998
 0 0.632004
 0 0.632005
 0 0.632041
 0 0.63207
 0 0.632071
 0 0.632072
 0 0.632072
 0 0.632076
 0 0.632077
 0 0.632077
 0 0.632077
 0 0.632083
 0 0.632097
 0 0.632116
 0 0.63212
 0 0.632121
 0 0.632134
 0 0.632134
 0 0.632152
 0 0.632153
 0 0.632153
 0 0.632153
 0 0.632166
 0 0.632178
 0 0.632225
 0 0.632226
 0 0.632226
 0 0.632237
 0 0.632237
 0 0.632237
 0 0.632262
 0 0.632262
 0 0.632284
 0 0.632296
 0 0.632296
 0 0.632296
 0 0.632315
 0 0.632316
 0 0.632317
 0 0.632349
 0 0.632362
 0 0.632371
 0 0.632377
 0 0.632378
 0 0.632378
 0 0.63239
 0 0.63239
 0 0.632403
 0 0.632403
 0 0.632448
 0 0.632459
 0 0.632487
 0 0.632488
 0 0.632525
 0 0.632527
 0 0.632536
 0 0.63256
 0 0.632561
 0 0.632562
 0 0.632577
 0 0.632577
 0 0.632577
 0 0.632605
 0 0.632605
 0 0.63261
 0 0.632611
 0 0.632611
 0 0.632611
 0 0.632615
 0 0.632615
 0 0.632616
 0 0.632623
 0 0.632627
 0 0.632628
 0 0.632633
 0 0.632633
 0 0.632634
 0 0.632635
 0 0.632636
 0 0.632679
 0 0.63268
 0 0.632693
 0 0.632693
 0 0.632706
 0 0.632706
 0 0.632728
 0 0.632728
 0 0.632728
 0 0.632728
 0 0.63273
 0 0.63273
 0 0.632754
 0 0.632755
 0 0.632764
 0 0.632771
 0 0.632788
 0 0.632789
 0 0.632789
 0 0.632795
 0 0.632811
 0 0.632811
 0 0.632818
 0 0.632831
 0 0.632851
 0 0.632851
 0 0.632851
 0 0.632855
 0 0.632868
 0 0.632868
 0 0.632869
 0 0.632883
 0 0.632883
 0 0.632886
 0 0.632886
 0 0.632887
 0 0.632901
 0 0.632901
 0 0.632901
 0 0.632907
 0 0.632907
 0 0.632925
 0 0.632928
 0 0.632928
 0 0.632928
 0 0.632928
 0 0.63293
 0 0.632938
 0 0.632938
 0 0.63294
 0 0.63295
 0 0.632981
 0 0.632981
 0 0.632981
 0 0.632982
 0 0.632994
 0 0.632995
 0 0.633009
 0 0.633009
 0 0.63301
 0 0.633053
 0 0.633053
 0 0.633067
 0 0.63312
 0 0.63312
 0 0.63312
 0 0.633123
 0 0.633123
 0 0.633127
 0 0.633127
 0 0.633141
 0 0.633142
 0 0.633158
 0 0.63317
 0 0.633174
 0 0.633175
 0 0.633175
 0 0.633205
 0 0.633205
 0 0.633219
 0 0.633242
 0 0.633242
 0 0.633283
 0 0.633298
 0 0.633299
 0 0.6333
 0 0.633314
 0 0.633314
 0 0.633319
 0 0.633323
 0 0.633333
 0 0.633351
 0 0.633352
 0 0.633352
 0 0.633385
 0 0.633385
 0 0.633414
 0 0.633433
 0 0.633442
 0 0.633449
 0 0.633452
 0 0.633481
 0 0.633481
 0 0.633483
 0 0.633493
 0 0.633493
 0 0.633494
 0 0.633495
 0 0.633496
 0 0.6335
 0 0.63351
 0 0.633549
 0 0.63355
 0 0.633571
 0 0.633585
 0 0.633585
 0 0.633585
 0 0.633588
 0 0.633588
 0 0.633603
 0 0.633603
 0 0.633603
 0 0.633627
 0 0.633627
 0 0.633629
 0 0.633643
 0 0.633654
 0 0.633654
 0 0.63366
 0 0.633662
 0 0.633664
 0 0.633664
 0 0.633665
 0 0.633672
 0 0.633673
 0 0.633673
 0 0.633686
 0 0.633686
 0 0.633687
 0 0.633692
 0 0.633692
 0 0.633739
 0 0.633739
 0 0.633746
 0 0.633752
 0 0.633753
 0 0.633753
 0 0.633783
 0 0.633783
 0 0.63381
 0 0.633816
 0 0.633845
 0 0.633847
 0 0.633847
 0 0.633847
 0 0.633847
 0 0.633847
 0 0.633847
 0 0.633847
 0 0.633849
 0 0.633849
 0 0.633853
 0 0.633878
 0 0.633884
 0 0.633884
 0 0.633886
 0 0.633886
 0 0.633887
 0 0.633894
 0 0.633894
 0 0.633923
 0 0.63397
 0 0.633975
 0 0.633989
 0 0.634006
 0 0.634035
 0 0.634036
 0 0.634036
 0 0.634043
 0 0.634043
 0 0.634044
 0 0.634057
 0 0.634058
 0 0.634058
 0 0.634087
 0 0.634087
 0 0.634088
 0 0.634095
 0 0.634125
 0 0.634126
 0 0.634127
 0 0.634128
 0 0.634128
 0 0.634129
 0 0.634134
 0 0.634134
 0 0.634134
 0 0.634146
 0 0.634156
 0 0.634225
 0 0.63424
 0 0.634251
 0 0.634252
 0 0.634252
 0 0.634252
 0 0.634273
 0 0.634275
 0 0.634276
 0 0.634289
 0 0.634289
 0 0.634301
 0 0.634304
 0 0.634351
 0 0.634378
 0 0.634379
 0 0.63438
 0 0.634394
 0 0.634395
 0 0.634396
 0 0.634396
 0 0.634396
 0 0.634397
 0 0.634454
 0 0.634455
 0 0.634455
 0 0.634457
 0 0.634465
 0 0.634466
 0 0.634466
 0 0.634478
 0 0.634479
 0 0.634483
 0 0.634489
 0 0.634503
 0 0.634503
 0 0.634507
 0 0.634511
 0 0.634511
 0 0.634511
 0 0.634512
 0 0.634512
 0 0.634512
 0 0.634562
 0 0.634562
 0 0.634562
 0 0.634571
 0 0.634571
 0 0.634576
 0 0.634576
 0 0.634591
 0 0.634607
 0 0.634607
 0 0.634607
 0 0.634607
 0 0.634607
 0 0.634618
 0 0.634618
 0 0.634634
 0 0.634634
 0 0.63466
 0 0.634669
 0 0.634676
 0 0.634693
 0 0.634694
 0 0.634694
 0 0.634701
 0 0.634713
 0 0.634715
 0 0.634717
 0 0.634719
 0 0.63472
 0 0.634723
 0 0.634723
 0 0.63473
 0 0.63473
 0 0.634742
 0 0.634742
 0 0.634784
 0 0.634784
 0 0.634808
 0 0.634821
 0 0.634821
 0 0.634821
 0 0.634822
 0 0.634822
 0 0.634831
 0 0.634831
 0 0.634832
 0 0.634845
 0 0.634868
 0 0.634869
 0 0.634871
 0 0.634878
 0 0.634944
 0 0.634945
 0 0.634975
 0 0.634975
 0 0.634975
 0 0.634981
 0 0.634991
 0 0.634991
 0 0.634991
 0 0.634993
 0 0.634995
 0 0.635007
 0 0.635007
 0 0.635009
 0 0.635009
 0 0.63501
 0 0.635015
 0 0.635015
 0 0.635051
 0 0.635082
 0 0.635082
 0 0.635141
 0 0.635142
 0 0.635173
 0 0.635173
 0 0.635173
 0 0.635173
 0 0.63519
 0 0.63519
 0 0.63519
 0 0.63519
 0 0.635215
 0 0.635246
 0 0.635247
 0 0.635258
 0 0.635268
 0 0.635277
 0 0.635277
 0 0.63528
 0 0.63528
 0 0.635293
 0 0.635293
 0 0.635319
 0 0.635319
 0 0.635319
 0 0.635331
 0 0.635331
 0 0.635341
 0 0.635365
 0 0.635366
 0 0.635366
 0 0.635366
 0 0.635366
 0 0.635394
 0 0.635395
 0 0.635395
 0 0.635398
 0 0.635398
 0 0.635398
 0 0.635411
 0 0.635411
 0 0.635412
 0 0.635412
 0 0.63544
 0 0.63544
 0 0.63544
 0 0.635452
 0 0.635452
 0 0.635452
 0 0.635452
 0 0.635452
 0 0.635475
 0 0.635477
 0 0.635523
 0 0.635567
 0 0.635567
 0 0.635567
 0 0.635567
 0 0.635579
 0 0.6356
 0 0.635626
 0 0.635626
 0 0.635631
 0 0.635631
 0 0.635631
 0 0.635632
 0 0.635632
 0 0.635632
 0 0.635645
 0 0.635651
 0 0.635664
 0 0.635665
 0 0.63569
 0 0.63569
 0 0.63569
 0 0.63569
 0 0.635692
 0 0.635692
 0 0.635696
 0 0.635697
 0 0.635713
 0 0.63572
 0 0.635734
 0 0.635735
 0 0.635735
 0 0.635746
 0 0.635765
 0 0.635771
 0 0.635777
 0 0.635777
 0 0.635778
 0 0.635778
 0 0.635778
 0 0.635787
 0 0.635787
 0 0.635812
 0 0.635822
 0 0.635822
 0 0.635822
 0 0.635823
 0 0.635825
 0 0.635844
 0 0.635844
 0 0.635904
 0 0.635915
 0 0.635915
 0 0.635944
 0 0.63598
 0 0.636031
 0 0.636046
 0 0.636047
 0 0.636047
 0 0.63607
 0 0.636071
 0 0.636071
 0 0.636071
 0 0.636071
 0 0.636091
 0 0.636092
 0 0.636121
 0 0.636121
 0 0.636121
 0 0.636133
 0 0.636133
 0 0.636133
 0 0.636228
 0 0.636228
 0 0.636228
 0 0.636229
 0 0.63626
 0 0.636271
 0 0.636308
 0 0.63631
 0 0.636311
 0 0.636325
 0 0.636325
 0 0.636336
 0 0.636336
 0 0.63634
 0 0.636341
 0 0.636401
 0 0.636408
 0 0.636409
 0 0.63641
 0 0.636457
 0 0.636486
 0 0.636486
 0 0.636486
 0 0.636486
 0 0.636497
 0 0.636498
 0 0.636504
 0 0.636508
 0 0.636513
 0 0.636519
 0 0.636519
 0 0.636607
 0 0.636608
 0 0.636624
 0 0.636637
 0 0.636645
 0 0.636647
 0 0.636706
 0 0.636708
 0 0.636729
 0 0.63673
 0 0.63673
 0 0.63673
 0 0.636731
 0 0.636785
 0 0.636787
 0 0.636796
 0 0.636836
 0 0.636837
 0 0.636838
 0 0.636843
 0 0.636846
 0 0.636846
 0 0.636846
 0 0.63689
 0 0.63689
 0 0.63689
 0 0.636891
 0 0.63692
 0 0.63692
 0 0.636958
 0 0.636958
 0 0.637006
 0 0.637008
 0 0.637008
 0 0.63701
 0 0.63701
 0 0.637023
 0 0.637023
 0 0.637044
 0 0.637044
 0 0.637045
 0 0.637046
 0 0.637046
 0 0.637064
 0 0.637067
 0 0.637073
 0 0.637077
 0 0.637088
 0 0.637102
 0 0.637102
 0 0.637102
 0 0.637103
 0 0.637139
 0 0.637139
 0 0.637139
 0 0.637139
 0 0.637169
 0 0.63717
 0 0.63717
 0 0.637171
 0 0.637171
 0 0.637171
 0 0.637206
 0 0.637223
 0 0.637249
 0 0.637249
 0 0.637253
 0 0.637253
 0 0.637256
 0 0.637256
 0 0.637256
 0 0.637279
 0 0.637298
 0 0.637298
 0 0.637298
 0 0.637298
 0 0.637302
 0 0.637342
 0 0.637347
 0 0.63736
 0 0.63736
 0 0.637367
 0 0.637367
 0 0.637367
 0 0.637378
 0 0.637393
 0 0.637394
 0 0.637394
 0 0.63742
 0 0.637461
 0 0.637462
 0 0.637462
 0 0.637462
 0 0.637519
 0 0.637519
 0 0.637519
 0 0.637525
 0 0.637525
 0 0.637525
 0 0.637525
 0 0.637536
 0 0.637536
 0 0.63754
 0 0.63754
 0 0.637558
 0 0.637559
 0 0.637559
 0 0.637559
 0 0.637568
 0 0.63757
 0 0.637587
 0 0.637598
 0 0.637613
 0 0.637629
 0 0.637629
 0 0.637629
 0 0.637659
 0 0.63766
 0 0.637662
 0 0.637662
 0 0.637662
 0 0.637662
 0 0.637663
 0 0.637709
 0 0.637709
 0 0.637709
 0 0.637709
 0 0.637709
 0 0.63771
 0 0.63771
 0 0.637712
 0 0.637713
 0 0.637721
 0 0.637764
 0 0.637769
 0 0.63777
 0 0.637781
 0 0.637781
 0 0.637782
 0 0.637785
 0 0.637786
 0 0.63781
 0 0.63781
 0 0.637811
 0 0.637855
 0 0.637856
 0 0.637873
 0 0.637876
 0 0.637893
 0 0.637916
 0 0.637916
 0 0.637916
 0 0.637917
 0 0.637921
 0 0.63798
 0 0.638006
 0 0.638006
 0 0.638029
 0 0.638041
 0 0.638044
 0 0.638045
 0 0.638045
 0 0.638045
 0 0.638046
 0 0.638047
 0 0.638048
 0 0.63808
 0 0.63808
 0 0.638087
 0 0.638088
 0 0.638088
 0 0.638133
 0 0.638133
 0 0.638134
 0 0.638134
 0 0.638148
 0 0.638167
 0 0.638168
 0 0.638189
 0 0.63819
 0 0.63819
 0 0.63819
 0 0.638226
 0 0.638227
 0 0.638227
 0 0.638258
 0 0.638268
 0 0.638282
 0 0.638282
 0 0.638283
 0 0.638283
 0 0.638336
 0 0.638337
 0 0.638428
 0 0.638428
 0 0.638428
 0 0.638446
 0 0.638447
 0 0.638493
 0 0.63855
 0 0.63855
 0 0.638569
 0 0.63858
 0 0.63858
 0 0.63858
 0 0.638682
 0 0.638682
 0 0.638682
 0 0.638694
 0 0.638695
 0 0.638739
 0 0.638762
 0 0.638762
 0 0.638765
 0 0.638821
 0 0.638821
 0 0.638821
 0 0.638822
 0 0.638824
 0 0.638824
 0 0.638826
 0 0.638826
 0 0.638878
 0 0.638879
 0 0.638879
 0 0.638885
 0 0.638922
 0 0.638922
 0 0.638924
 0 0.638967
 0 0.638971
 0 0.638972
 0 0.63898
 0 0.638998
 0 0.639048
 0 0.639108
 0 0.639108
 0 0.639126
 0 0.639127
 0 0.639194
 0 0.639194
 0 0.639201
 0 0.639241
 0 0.639255
 0 0.639278
 0 0.639282
 0 0.639307
 0 0.639348
 0 0.639348
 0 0.639353
 0 0.639353
 0 0.639371
 0 0.639388
 0 0.639401
 0 0.639444
 0 0.639444
 0 0.639454
 0 0.639454
 0 0.639455
 0 0.639476
 0 0.639476
 0 0.639476
 0 0.639491
 0 0.639491
 0 0.639493
 0 0.639544
 0 0.639544
 0 0.639567
 0 0.639567
 0 0.639567
 0 0.639588
 0 0.639588
 0 0.639588
 0 0.639588
 0 0.639654
 0 0.639654
 0 0.639655
 0 0.639679
 0 0.639685
 0 0.639685
 0 0.639686
 0 0.639704
 0 0.639704
 0 0.639706
 0 0.639745
 0 0.639801
 0 0.639838
 0 0.639839
 0 0.639845
 0 0.639845
 0 0.639857
 0 0.639858
 0 0.639858
 0 0.63989
 0 0.63989
 0 0.639944
 0 0.639944
 0 0.639945
 0 0.639945
 0 0.63997
 0 0.640083
 0 0.640092
 0 0.640127
 0 0.640127
 0 0.640288
 0 0.640298
 0 0.640338
 0 0.640338
 0 0.640338
 0 0.640338
 0 0.640344
 0 0.640424
 0 0.640426
 0 0.640427
 0 0.640487
 0 0.640487
 0 0.640522
 0 0.640589
 0 0.640628
 0 0.640628
 0 0.640657
 0 0.640657
 0 0.640678
 0 0.640678
 0 0.640684
 0 0.640685
 0 0.640721
 0 0.640731
 0 0.640743
 0 0.640755
 0 0.640755
 0 0.640755
 0 0.640806
 0 0.640806
 0 0.640807
 0 0.641052
 0 0.641056
 0 0.641058
 0 0.641256
 0 0.641257
 0 0.641319
 0 0.641319
 0 0.64132
 0 0.64142
 0 0.64142
 0 0.641422
 0 0.641712
 0 0.641714
 0 0.641714
 0 0.641715
 0 0.641715
 0 0.641789
 0 0.64183
 0 0.641831
 0 0.641831
 0 0.641836
 0 0.641836
 0 0.641838
 0 0.641999
 0 0.642036
 0 0.642038
 0 0.642067
 0 0.642068
 0 0.642274
 0 0.642274
 0 0.642677
 0 0.642677
 0 0.642677
 0 0.642678
 0 0.64269
 0 0.64269
 0 0.64287
 0 0.642973
 0 0.642973
 0 0.643115
 0 0.643194
 0 0.643293
 0 0.643294
 0 0.643294
 0 0.643294
 0 0.643388
 0 0.643389
 0 0.643409
 0 0.643491
 0 0.643579
 0 0.643703
 0 0.643717
 0 0.643717
 0 0.64375
 0 0.64375
 0 0.643793
 0 0.643793
 0 0.643794
 0 0.643814
 0 0.643859
 0 0.643996
 0 0.644058
 0 0.644224
 0 0.644243
 0 0.644243
 0 0.644382
 0 0.64446
 0 0.644494
 0 0.644494
 0 0.644494
 0 0.644623
 0 0.644623
 0 0.644652
 0 0.644652
 0 0.644656
 0 0.644747
 0 0.64512
 0 0.645123
 0 0.645223
 0 0.645224
 0 0.645362
 0 0.645363
 0 0.645363
 0 0.6454
 0 0.6454
 0 0.645459
 0 0.645459
 0 0.645572
 0 0.645639
 0 0.645639
 0 0.64588
 0 0.646116
 0 0.646116
 0 0.646116
 0 0.647104
 0 0.64717
 0 0.64717
 0 0.647285
 0 0.647285
 0 0.647489
 0 0.647489
 0 0.647489
 0 inf
