 0 0.4875
 0 0.4875
 0 0.487718
 0 0.488154
 0 0.488374
 0 0.488592
 0 0.493031
 0 0.493032
 0 0.493032
 0 0.493952
 0 0.493952
 0 0.494341
 0 0.60499
 0 0.604992
 0 0.605781
 0 0.605781
 0 0.605781
 0 0.605781
 0 0.611873
 0 0.611874
 0 0.612139
 0 0.612139
 0 0.612139
 0 0.612594
 0 0.616773
 0 0.616773
 0 0.616773
 0 0.616773
 0 0.616773
 0 0.61739
 0 0.62062
 0 0.62062
 0 0.62062
 0 0.620699
 0 0.6207
 0 0.620701
 0 0.620873
 0 0.621183
 0 0.621183
 0 0.621184
 0 0.621268
 0 0.621269
 0 0.621463
 0 0.622156
 0 0.622157
 0 0.622157
 0 0.622693
 0 0.622693
 0 0.622693
 0 0.622807
 0 0.622808
 0 0.623116
 0 0.623116
 0 0.623654
 0 0.623758
 0 0.623902
 0 0.623903
 0 0.623903
 0 0.623908
 0 0.623908
 0 0.624307
 0 0.624815
 0 0.624872
 0 0.624872
 0 0.624958
 0 0.625156
 0 0.625157
 0 0.625177
 0 0.625177
 0 0.625185
 0 0.625185
 0 0.625185
 0 0.625186
 0 0.625187
 0 0.625291
 0 0.625297
 0 0.625409
 0 0.625409
 0 0.625549
 0 0.62555
 0 0.625551
 0 0.625575
 0 0.625577
 0 0.625589
 0 0.625605
 0 0.625629
 0 0.625629
 0 0.62563
 0 0.625714
 0 0.625714
 0 0.625714
 0 0.625768
 0 0.625768
 0 0.625769
 0 0.625769
 0 0.625819
 0 0.625819
 0 0.626075
 0 0.626223
 0 0.626223
 0 0.62639
 0 0.62639
 0 0.62639
 0 0.62639
 0 0.626391
 0 0.626416
 0 0.626417
 0 0.626483
 0 0.626509
 0 0.626509
 0 0.626509
 0 0.626512
 0 0.626512
 0 0.626512
 0 0.626521
 0 0.626583
 0 0.626583
 0 0.626601
 0 0.626846
 0 0.626917
 0 0.626927
 0 0.626945
 0 0.626946
 0 0.626947
 0 0.626983
 0 0.626984
 0 0.626984
 0 0.626996
 0 0.627014
 0 0.627014
 0 0.627014
 0 0.627035
 0 0.627099
 0 0.627099
 0 0.627099
 0 0.627181
 0 0.627181
 0 0.627182
 0 0.627242
 0 0.627242
 0 0.62729
 0 0.627384
 0 0.627385
 0 0.627397
 0 0.627496
 0 0.627507
 0 0.627507
 0 0.627508
 0 0.627509
 0 0.627583
 0 0.627585
 0 0.627659
 0 0.627673
 0 0.627745
 0 0.627747
 0 0.627857
 0 0.627893
 0 0.627893
 0 0.627895
 0 0.627946
 0 0.627946
 0 0.627979
 0 0.627979
 0 0.627988
 0 0.627989
 0 0.628079
 0 0.62808
 0 0.62808
 0 0.628103
 0 0.628138
 0 0.6282
 0 0.628202
 0 0.62822
 0 0.628221
 0 0.628229
 0 0.62823
 0 0.628243
 0 0.628243
 0 0.628245
 0 0.628267
 0 0.628285
 0 0.628285
 0 0.628316
 0 0.628316
 0 0.628372
 0 0.628372
 0 0.628372
 0 0.628372
 0 0.628372
 0 0.628433
 0 0.628434
 0 0.628458
 0 0.628461
 0 0.628461
 0 0.628462
 0 0.628491
 0 0.628504
 0 0.628504
 0 0.628513
 0 0.628515
 0 0.628552
 0 0.628651
 0 0.628651
 0 0.628682
 0 0.62885
 0 0.628851
 0 0.628851
 0 0.628851
 0 0.628851
 0 0.628851
 0 0.628862
 0 0.628862
 0 0.628872
 0 0.628873
 0 0.628875
 0 0.628875
 0 0.628882
 0 0.628882
 0 0.628884
 0 0.628888
 0 0.628895
 0 0.628995
 0 0.628995
 0 0.628996
 0 0.629003
 0 0.629003
 0 0.629049
 0 0.629056
 0 0.629056
 0 0.629068
 0 0.629078
 0 0.629078
 0 0.629167
 0 0.629172
 0 0.629173
 0 0.629175
 0 0.629176
 0 0.62919
 0 0.629199
 0 0.629199
 0 0.629199
 0 0.629205
 0 0.629205
 0 0.629205
 0 0.629208
 0 0.629248
 0 0.629249
 0 0.629249
 0 0.629395
 0 0.629395
 0 0.629404
 0 0.629404
 0 0.629404
 0 0.629404
 0 0.629408
 0 0.62942
 0 0.629421
 0 0.629421
 0 0.629422
 0 0.629487
 0 0.629627
 0 0.629678
 0 0.629757
 0 0.629757
 0 0.629806
 0 0.629806
 0 0.629817
 0 0.62982
 0 0.629821
 0 0.629823
 0 0.629823
 0 0.629834
 0 0.629834
 0 0.629834
 0 0.629834
 0 0.629834
 0 0.629871
 0 0.629906
 0 0.629916
 0 0.629943
 0 0.629981
 0 0.629982
 0 0.629983
 0 0.629983
 0 0.629984
 0 0.629984
 0 0.63002
 0 0.630068
 0 0.630069
 0 0.630069
 0 0.630113
 0 0.630122
 0 0.630122
 0 0.630127
 0 0.630127
 0 0.630127
 0 0.630177
 0 0.630177
 0 0.630178
 0 0.630201
 0 0.630207
 0 0.630218
 0 0.630218
 0 0.630219
 0 0.630234
 0 0.630261
 0 0.630261
 0 0.630322
 0 0.630322
 0 0.630343
 0 0.630348
 0 0.630349
 0 0.630393
 0 0.630395
 0 0.630404
 0 0.630404
 0 0.630404
 0 0.630414
 0 0.630417
 0 0.630417
 0 0.63046
 0 0.630465
 0 0.630469
 0 0.630471
 0 0.630471
 0 0.630534
 0 0.630543
 0 0.630543
 0 0.630543
 0 0.630556
 0 0.630603
 0 0.630604
 0 0.630605
 0 0.630654
 0 0.630667
 0 0.630736
 0 0.630736
 0 0.630749
 0 0.630749
 0 0.630803
 0 0.630803
 0 0.63087
 0 0.63087
 0 0.630876
 0 0.630878
 0 0.630899
 0 0.630908
 0 0.630908
 0 0.63094
 0 0.63094
 0 0.63094
 0 0.63094
 0 0.63094
 0 0.630942
 0 0.630983
 0 0.630984
 0 0.630984
 0 0.630985
 0 0.631009
 0 0.631009
 0 0.63101
 0 0.631032
 0 0.631044
 0 0.631044
 0 0.631044
 0 0.631045
 0 0.631057
 0 0.631058
 0 0.631059
 0 0.631084
 0 0.631084
 0 0.631086
 0 0.631087
 0 0.631087
 0 0.631113
 0 0.631113
 0 0.631114
 0 0.631134
 0 0.631134
 0 0.631146
 0 0.631172
 0 0.631206
 0 0.631213
 0 0.631228
 0 0.631228
 0 0.631259
 0 0.63126
 0 0.631287
 0 0.631313
 0 0.631314
 0 0.631315
 0 0.631315
 0 0.631315
 0 0.631325
 0 0.631368
 0 0.631369
 0 0.631371
 0 0.631372
 0 0.631379
 0 0.631381
 0 0.631401
 0 0.631401
 0 0.631407
 0 0.631411
 0 0.631411
 0 0.631413
 0 0.631424
 0 0.631424
 0 0.631425
 0 0.631426
 0 0.631465
 0 0.631476
 0 0.631476
 0 0.631508
 0 0.631508
 0 0.631569
 0 0.63157
 0 0.631592
 0 0.631594
 0 0.631606
 0 0.63161
 0 0.63161
 0 0.631634
 0 0.631634
 0 0.631661
 0 0.631673
 0 0.631704
 0 0.631711
 0 0.631711
 0 0.631711
 0 0.631712
 0 0.631713
 0 0.631714
 0 0.631738
 0 0.631756
 0 0.631756
 0 0.631756
 0 0.631764
 0 0.631764
 0 0.631765
 0 0.631765
 0 0.631824
 0 0.631854
 0 0.631894
 0 0.631894
 0 0.631894
 0 0.631896
 0 0.631896
 0 0.631897
 0 0.631897
 0 0.631898
 0 0.631915
 0 0.631915
 0 0.631916
 0 0.631944
 0 0.631944
 0 0.631945
 0 0.63196
 0 0.63196
 0 0.63196
 0 0.631964
 0 0.631964
 0 0.631964
 0 0.631965
 0 0.631979
 0 0.631981
 0 0.631982
 0 0.631982
 0 0.631992
 0 0.631993
 0 0.631997
 0 0.632001
 0 0.632001
 0 0.632002
 0 0.632008
 0 0.632027
 0 0.632027
 0 0.632028
 0 0.632028
 0 0.632029
 0 0.632029
 0 0.632029
 0 0.632039
 0 0.63204
 0 0.63204
 0 0.63204
 0 0.632045
 0 0.632067
 0 0.632092
 0 0.632096
 0 0.632111
 0 0.632111
 0 0.632111
 0 0.632115
 0 0.632118
 0 0.632127
 0 0.632127
 0 0.632142
 0 0.632143
 0 0.632143
 0 0.632229
 0 0.632231
 0 0.632231
 0 0.632232
 0 0.632238
 0 0.632239
 0 0.632255
 0 0.632258
 0 0.632264
 0 0.632264
 0 0.632264
 0 0.632264
 0 0.63227
 0 0.632273
 0 0.632298
 0 0.632316
 0 0.632317
 0 0.632317
 0 0.632325
 0 0.632336
 0 0.632337
 0 0.632356
 0 0.63241
 0 0.632412
 0 0.632412
 0 0.632418
 0 0.632438
 0 0.632438
 0 0.63244
 0 0.63244
 0 0.632471
 0 0.63248
 0 0.63248
 0 0.632508
 0 0.632509
 0 0.63251
 0 0.632511
 0 0.632526
 0 0.632526
 0 0.632526
 0 0.632527
 0 0.632527
 0 0.632527
 0 0.632541
 0 0.632543
 0 0.632547
 0 0.632547
 0 0.632547
 0 0.632547
 0 0.632548
 0 0.63255
 0 0.632577
 0 0.632584
 0 0.632585
 0 0.63259
 0 0.63259
 0 0.63261
 0 0.632629
 0 0.63263
 0 0.632679
 0 0.632679
 0 0.632747
 0 0.632748
 0 0.632748
 0 0.632748
 0 0.632776
 0 0.632776
 0 0.632792
 0 0.632792
 0 0.632793
 0 0.632798
 0 0.63288
 0 0.63288
 0 0.632902
 0 0.632902
 0 0.632902
 0 0.632903
 0 0.632903
 0 0.632903
 0 0.632903
 0 0.632928
 0 0.632941
 0 0.632941
 0 0.632941
 0 0.632942
 0 0.632942
 0 0.632957
 0 0.632957
 0 0.632958
 0 0.632962
 0 0.632962
 0 0.632979
 0 0.632979
 0 0.632979
 0 0.632985
 0 0.632986
 0 0.632997
 0 0.632997
 0 0.632998
 0 0.632998
 0 0.633034
 0 0.633054
 0 0.633054
 0 0.633057
 0 0.633059
 0 0.633059
 0 0.633067
 0 0.633067
 0 0.633067
 0 0.633083
 0 0.633083
 0 0.633103
 0 0.633103
 0 0.633133
 0 0.633147
 0 0.633162
 0 0.633178
 0 0.633219
 0 0.633229
 0 0.63323
 0 0.63323
 0 0.633231
 0 0.633273
 0 0.633273
 0 0.633292
 0 0.633312
 0 0.633313
 0 0.633313
 0 0.633314
 0 0.633329
 0 0.633329
 0 0.633351
 0 0.633361
 0 0.633362
 0 0.633362
 0 0.633362
 0 0.633364
 0 0.633364
 0 0.633364
 0 0.633367
 0 0.633368
 0 0.63337
 0 0.633371
 0 0.633377
 0 0.63338
 0 0.633381
 0 0.633385
 0 0.633385
 0 0.633385
 0 0.633385
 0 0.633424
 0 0.63343
 0 0.633471
 0 0.633494
 0 0.633494
 0 0.633516
 0 0.633527
 0 0.633527
 0 0.633538
 0 0.633556
 0 0.633556
 0 0.633556
 0 0.633576
 0 0.633589
 0 0.633614
 0 0.633614
 0 0.633614
 0 0.633614
 0 0.633615
 0 0.633616
 0 0.633616
 0 0.633647
 0 0.633649
 0 0.63366
 0 0.633662
 0 0.633663
 0 0.633664
 0 0.633664
 0 0.633664
 0 0.633679
 0 0.633679
 0 0.633694
 0 0.633702
 0 0.633703
 0 0.633703
 0 0.633711
 0 0.633711
 0 0.633711
 0 0.633712
 0 0.633713
 0 0.633714
 0 0.633722
 0 0.633722
 0 0.633724
 0 0.633727
 0 0.633727
 0 0.633745
 0 0.633746
 0 0.633746
 0 0.633758
 0 0.633758
 0 0.633758
 0 0.633764
 0 0.633764
 0 0.63379
 0 0.633791
 0 0.633793
 0 0.633818
 0 0.633819
 0 0.633819
 0 0.633834
 0 0.633834
 0 0.633835
 0 0.63384
 0 0.63384
 0 0.63384
 0 0.63384
 0 0.633872
 0 0.633872
 0 0.633872
 0 0.633893
 0 0.633936
 0 0.633937
 0 0.633937
 0 0.633937
 0 0.633944
 0 0.633945
 0 0.633966
 0 0.633968
 0 0.633968
 0 0.633968
 0 0.633968
 0 0.633968
 0 0.633983
 0 0.633991
 0 0.633992
 0 0.633993
 0 0.634013
 0 0.634013
 0 0.634051
 0 0.634051
 0 0.634051
 0 0.634051
 0 0.634129
 0 0.634129
 0 0.634129
 0 0.634129
 0 0.634129
 0 0.634133
 0 0.634133
 0 0.634134
 0 0.634134
 0 0.634155
 0 0.634155
 0 0.634159
 0 0.634168
 0 0.634168
 0 0.634168
 0 0.634185
 0 0.634213
 0 0.634231
 0 0.634252
 0 0.634252
 0 0.634253
 0 0.634254
 0 0.634254
 0 0.634274
 0 0.634291
 0 0.634292
 0 0.634292
 0 0.634292
 0 0.634313
 0 0.634314
 0 0.634342
 0 0.634354
 0 0.634393
 0 0.634396
 0 0.634396
 0 0.634396
 0 0.634418
 0 0.63444
 0 0.634441
 0 0.634446
 0 0.634446
 0 0.634448
 0 0.634448
 0 0.634449
 0 0.634449
 0 0.634452
 0 0.634477
 0 0.634477
 0 0.634479
 0 0.634481
 0 0.634481
 0 0.634483
 0 0.634483
 0 0.634483
 0 0.634499
 0 0.634499
 0 0.634505
 0 0.634506
 0 0.634506
 0 0.634525
 0 0.634525
 0 0.634527
 0 0.634527
 0 0.634528
 0 0.634528
 0 0.634531
 0 0.634532
 0 0.634548
 0 0.634548
 0 0.634549
 0 0.634572
 0 0.634572
 0 0.634573
 0 0.634583
 0 0.634604
 0 0.634657
 0 0.634657
 0 0.634695
 0 0.634695
 0 0.634767
 0 0.634768
 0 0.634769
 0 0.63477
 0 0.634787
 0 0.634787
 0 0.634809
 0 0.63481
 0 0.634812
 0 0.634819
 0 0.634819
 0 0.63482
 0 0.63482
 0 0.63482
 0 0.634824
 0 0.634824
 0 0.634828
 0 0.634828
 0 0.634852
 0 0.634853
 0 0.634853
 0 0.63487
 0 0.634871
 0 0.634883
 0 0.634883
 0 0.634902
 0 0.634906
 0 0.634906
 0 0.634906
 0 0.634907
 0 0.634913
 0 0.634913
 0 0.634913
 0 0.63492
 0 0.634975
 0 0.634975
 0 0.634976
 0 0.635002
 0 0.635002
 0 0.635002
 0 0.635002
 0 0.63501
 0 0.63501
 0 0.635011
 0 0.635038
 0 0.635038
 0 0.635039
 0 0.635039
 0 0.63504
 0 0.63504
 0 0.635107
 0 0.635107
 0 0.635108
 0 0.635126
 0 0.635126
 0 0.635126
 0 0.635142
 0 0.635145
 0 0.635145
 0 0.635159
 0 0.635159
 0 0.635159
 0 0.635159
 0 0.635161
 0 0.635166
 0 0.635177
 0 0.635192
 0 0.635192
 0 0.63521
 0 0.635255
 0 0.635255
 0 0.635255
 0 0.635255
 0 0.635255
 0 0.635256
 0 0.635267
 0 0.635268
 0 0.63527
 0 0.635272
 0 0.635286
 0 0.635286
 0 0.635296
 0 0.635297
 0 0.635297
 0 0.635302
 0 0.635302
 0 0.635304
 0 0.635315
 0 0.635315
 0 0.635315
 0 0.635315
 0 0.635316
 0 0.635319
 0 0.635319
 0 0.635319
 0 0.635319
 0 0.635324
 0 0.635335
 0 0.635335
 0 0.635335
 0 0.635362
 0 0.635362
 0 0.635392
 0 0.635392
 0 0.635397
 0 0.635397
 0 0.635397
 0 0.635413
 0 0.635421
 0 0.635431
 0 0.635432
 0 0.63546
 0 0.635488
 0 0.635488
 0 0.635488
 0 0.635489
 0 0.6355
 0 0.63552
 0 0.635523
 0 0.635523
 0 0.635524
 0 0.635527
 0 0.635528
 0 0.635529
 0 0.63553
 0 0.635535
 0 0.635535
 0 0.635535
 0 0.635536
 0 0.635537
 0 0.635539
 0 0.635539
 0 0.635574
 0 0.635589
 0 0.635589
 0 0.635589
 0 0.63559
 0 0.635664
 0 0.635718
 0 0.635737
 0 0.635746
 0 0.635755
 0 0.63576
 0 0.635763
 0 0.635763
 0 0.635767
 0 0.635768
 0 0.635778
 0 0.635788
 0 0.635806
 0 0.635806
 0 0.635844
 0 0.635868
 0 0.635868
 0 0.635871
 0 0.635898
 0 0.635909
 0 0.635909
 0 0.635909
 0 0.635909
 0 0.63591
 0 0.63592
 0 0.635955
 0 0.635955
 0 0.635955
 0 0.635989
 0 0.63599
 0 0.635998
 0 0.636013
 0 0.636014
 0 0.636041
 0 0.636054
 0 0.636054
 0 0.636054
 0 0.636077
 0 0.636081
 0 0.636081
 0 0.636118
 0 0.636118
 0 0.636119
 0 0.636126
 0 0.636127
 0 0.636143
 0 0.636151
 0 0.636151
 0 0.636151
 0 0.636178
 0 0.63619
 0 0.63619
 0 0.63619
 0 0.636191
 0 0.6362
 0 0.636206
 0 0.636214
 0 0.636214
 0 0.636216
 0 0.63623
 0 0.636231
 0 0.636241
 0 0.636241
 0 0.636249
 0 0.636278
 0 0.636303
 0 0.636304
 0 0.636304
 0 0.636305
 0 0.636306
 0 0.636306
 0 0.636307
 0 0.636307
 0 0.636386
 0 0.636397
 0 0.636397
 0 0.636398
 0 0.636398
 0 0.636399
 0 0.636399
 0 0.636414
 0 0.636418
 0 0.636418
 0 0.636419
 0 0.636442
 0 0.636442
 0 0.636473
 0 0.636486
 0 0.636504
 0 0.636504
 0 0.636504
 0 0.636504
 0 0.636526
 0 0.636526
 0 0.636527
 0 0.636543
 0 0.636544
 0 0.636549
 0 0.636549
 0 0.63655
 0 0.636551
 0 0.636551
 0 0.636568
 0 0.63657
 0 0.636606
 0 0.636606
 0 0.636609
 0 0.63665
 0 0.63665
 0 0.636685
 0 0.636686
 0 0.636698
 0 0.636698
 0 0.636699
 0 0.636699
 0 0.636699
 0 0.636701
 0 0.636727
 0 0.636727
 0 0.636727
 0 0.636733
 0 0.636751
 0 0.636796
 0 0.636805
 0 0.636822
 0 0.636822
 0 0.636828
 0 0.636828
 0 0.636888
 0 0.636902
 0 0.636903
 0 0.636923
 0 0.636938
 0 0.636942
 0 0.636949
 0 0.636949
 0 0.636959
 0 0.636959
 0 0.636968
 0 0.636968
 0 0.636984
 0 0.636984
 0 0.636984
 0 0.636984
 0 0.636984
 0 0.636985
 0 0.636996
 0 0.636996
 0 0.63704
 0 0.637041
 0 0.637041
 0 0.637041
 0 0.637045
 0 0.637048
 0 0.637048
 0 0.637048
 0 0.63707
 0 0.637072
 0 0.637072
 0 0.637103
 0 0.637104
 0 0.637105
 0 0.637106
 0 0.637106
 0 0.637126
 0 0.637127
 0 0.637127
 0 0.637132
 0 0.637134
 0 0.637159
 0 0.637161
 0 0.637185
 0 0.637185
 0 0.637233
 0 0.637233
 0 0.637233
 0 0.637242
 0 0.637248
 0 0.637253
 0 0.637254
 0 0.637254
 0 0.637309
 0 0.637309
 0 0.637316
 0 0.637316
 0 0.63732
 0 0.63732
 0 0.637326
 0 0.637326
 0 0.637326
 0 0.637327
 0 0.637399
 0 0.6374
 0 0.6374
 0 0.637426
 0 0.637427
 0 0.637461
 0 0.637473
 0 0.637477
 0 0.637499
 0 0.6375
 0 0.6375
 0 0.6375
 0 0.637526
 0 0.637526
 0 0.637533
 0 0.637533
 0 0.637534
 0 0.637534
 0 0.637539
 0 0.637549
 0 0.63755
 0 0.63755
 0 0.637591
 0 0.637591
 0 0.637596
 0 0.637596
 0 0.637597
 0 0.637597
 0 0.637598
 0 0.637599
 0 0.637599
 0 0.637599
 0 0.637612
 0 0.637671
 0 0.63771
 0 0.637711
 0 0.637712
 0 0.637712
 0 0.637716
 0 0.637716
 0 0.637716
 0 0.637738
 0 0.637738
 0 0.637747
 0 0.637766
 0 0.637774
 0 0.637775
 0 0.637775
 0 0.637775
 0 0.637776
 0 0.637819
 0 0.637862
 0 0.637862
 0 0.637864
 0 0.637864
 0 0.637871
 0 0.637872
 0 0.637872
 0 0.637873
 0 0.637873
 0 0.637907
 0 0.637957
 0 0.637957
 0 0.637974
 0 0.637991
 0 0.637991
 0 0.638022
 0 0.638022
 0 0.638031
 0 0.638031
 0 0.638075
 0 0.638085
 0 0.638106
 0 0.638133
 0 0.638133
 0 0.638133
 0 0.638133
 0 0.638134
 0 0.638147
 0 0.638149
 0 0.638149
 0 0.63816
 0 0.638168
 0 0.638168
 0 0.638168
 0 0.638216
 0 0.638217
 0 0.638217
 0 0.638217
 0 0.638238
 0 0.638238
 0 0.638249
 0 0.638249
 0 0.638249
 0 0.638256
 0 0.638274
 0 0.638274
 0 0.638299
 0 0.638299
 0 0.638299
 0 0.638311
 0 0.638325
 0 0.638332
 0 0.638334
 0 0.638334
 0 0.638349
 0 0.638349
 0 0.638349
 0 0.638349
 0 0.638349
 0 0.638349
 0 0.63836
 0 0.638361
 0 0.638393
 0 0.638395
 0 0.638398
 0 0.638398
 0 0.638398
 0 0.638399
 0 0.638409
 0 0.638409
 0 0.638418
 0 0.638418
 0 0.638418
 0 0.63842
 0 0.638423
 0 0.638423
 0 0.638443
 0 0.63845
 0 0.638457
 0 0.638463
 0 0.638463
 0 0.638467
 0 0.638475
 0 0.638475
 0 0.638479
 0 0.63848
 0 0.638491
 0 0.638537
 0 0.638537
 0 0.638537
 0 0.638537
 0 0.638541
 0 0.638543
 0 0.638569
 0 0.638569
 0 0.638575
 0 0.638621
 0 0.63864
 0 0.638641
 0 0.638642
 0 0.638643
 0 0.638644
 0 0.638769
 0 0.63877
 0 0.638808
 0 0.638808
 0 0.638809
 0 0.638838
 0 0.638838
 0 0.638838
 0 0.638838
 0 0.638854
 0 0.638854
 0 0.638868
 0 0.638918
 0 0.638923
 0 0.638925
 0 0.638925
 0 0.638953
 0 0.638955
 0 0.638955
 0 0.638956
 0 0.638956
 0 0.638961
 0 0.638963
 0 0.638981
 0 0.638981
 0 0.638982
 0 0.638992
 0 0.638993
 0 0.638993
 0 0.639001
 0 0.639002
 0 0.639012
 0 0.639012
 0 0.639013
 0 0.639016
 0 0.639062
 0 0.639062
 0 0.639063
 0 0.639066
 0 0.639066
 0 0.639078
 0 0.639078
 0 0.639078
 0 0.639083
 0 0.639085
 0 0.639085
 0 0.63909
 0 0.639091
 0 0.639193
 0 0.639233
 0 0.639319
 0 0.63932
 0 0.639338
 0 0.639338
 0 0.639338
 0 0.639338
 0 0.639362
 0 0.639364
 0 0.639386
 0 0.639386
 0 0.639398
 0 0.639408
 0 0.639417
 0 0.639417
 0 0.639436
 0 0.639436
 0 0.639437
 0 0.639439
 0 0.639446
 0 0.639464
 0 0.639464
 0 0.639523
 0 0.639527
 0 0.639527
 0 0.639582
 0 0.639692
 0 0.639702
 0 0.639702
 0 0.639702
 0 0.639819
 0 0.639821
 0 0.639834
 0 0.639895
 0 0.639895
 0 0.639902
 0 0.639909
 0 0.639909
 0 0.63991
 0 0.63991
 0 0.639942
 0 0.639942
 0 0.640038
 0 0.640089
 0 0.640089
 0 0.640122
 0 0.640183
 0 0.640183
 0 0.640185
 0 0.640207
 0 0.640207
 0 0.640245
 0 0.640315
 0 0.640357
 0 0.640358
 0 0.64037
 0 0.640371
 0 0.640414
 0 0.640414
 0 0.640563
 0 0.640563
 0 0.640567
 0 0.640567
 0 0.640642
 0 0.640813
 0 0.640851
 0 0.640856
 0 0.640858
 0 0.640859
 0 0.640969
 0 0.641039
 0 0.641039
 0 0.641062
 0 0.641063
 0 0.641066
 0 0.641066
 0 0.641066
 0 0.641088
 0 0.641107
 0 0.641228
 0 0.641228
 0 0.641298
 0 0.641333
 0 0.641394
 0 0.641394
 0 0.641444
 0 0.641483
 0 0.641499
 0 0.641508
 0 0.641513
 0 0.641513
 0 0.641513
 0 0.641522
 0 0.64154
 0 0.641552
 0 0.641552
 0 0.641717
 0 0.641718
 0 0.641718
 0 0.64179
 0 0.641828
 0 0.641907
 0 0.641908
 0 0.641908
 0 0.641908
 0 0.642028
 0 0.642041
 0 0.642042
 0 0.642088
 0 0.642088
 0 0.642088
 0 0.642182
 0 0.642182
 0 0.642232
 0 0.642232
 0 0.642238
 0 0.642238
 0 0.642266
 0 0.642267
 0 0.642278
 0 0.64243
 0 0.64243
 0 0.642431
 0 0.642503
 0 0.642503
 0 0.642505
 0 0.642546
 0 0.642547
 0 0.642547
 0 0.642547
 0 0.642575
 0 0.642575
 0 0.642677
 0 0.642907
 0 0.642908
 0 0.642963
 0 0.642984
 0 0.643025
 0 0.643025
 0 0.643076
 0 0.643145
 0 0.643146
 0 0.643177
 0 0.643177
 0 0.643179
 0 0.643361
 0 0.643402
 0 0.643553
 0 0.643609
 0 0.64361
 0 0.643786
 0 0.643786
 0 0.643786
 0 0.643809
 0 0.643829
 0 0.643829
 0 0.643936
 0 0.644197
 0 0.6442
 0 0.644449
 0 0.644449
 0 0.644455
 0 0.644455
 0 0.644455
 0 0.644656
 0 0.644656
 0 0.644739
 0 0.64474
 0 0.644745
 0 0.645065
 0 0.645072
 0 0.645072
 0 0.645072
 0 0.64524
 0 0.64524
 0 0.645267
 0 0.645267
 0 0.645648
 0 0.646311
 0 0.646311
 0 0.646311
 0 0.646496
 0 0.646497
 0 0.646498
 0 0.646498
 0 0.646834
 0 0.646834
 0 0.646873
 0 0.647437
 0 0.647438
 0 inf
