 0 0.488379
 0 0.489253
 0 0.489253
 0 0.489253
 0 0.489253
 0 0.489254
 0 0.494341
 0 0.494342
 0 0.494342
 0 0.494733
 0 0.494734
 0 0.495653
 0 0.622234
 0 0.622234
 0 0.622989
 0 0.62299
 0 0.623428
 0 0.623428
 0 0.623429
 0 0.62343
 0 0.62353
 0 0.62353
 0 0.623531
 0 0.623531
 0 0.623664
 0 0.62389
 0 0.624093
 0 0.624093
 0 0.624285
 0 0.624285
 0 0.624285
 0 0.624488
 0 0.624607
 0 0.62465
 0 0.62465
 0 0.624652
 0 0.624703
 0 0.624835
 0 0.625094
 0 0.625094
 0 0.625211
 0 0.625211
 0 0.625212
 0 0.625214
 0 0.625214
 0 0.62532
 0 0.62532
 0 0.625346
 0 0.625346
 0 0.625479
 0 0.62548
 0 0.62548
 0 0.62559
 0 0.625617
 0 0.625617
 0 0.625617
 0 0.625731
 0 0.625795
 0 0.625795
 0 0.625795
 0 0.625908
 0 0.625908
 0 0.625908
 0 0.625908
 0 0.62591
 0 0.62597
 0 0.62597
 0 0.625994
 0 0.626114
 0 0.626116
 0 0.62623
 0 0.62623
 0 0.626278
 0 0.626296
 0 0.626297
 0 0.626436
 0 0.626461
 0 0.626461
 0 0.626461
 0 0.626462
 0 0.626582
 0 0.626628
 0 0.626659
 0 0.626682
 0 0.626682
 0 0.626775
 0 0.62678
 0 0.62678
 0 0.626786
 0 0.626786
 0 0.626787
 0 0.626863
 0 0.626866
 0 0.626961
 0 0.626961
 0 0.626963
 0 0.626963
 0 0.626963
 0 0.627042
 0 0.627061
 0 0.627062
 0 0.627062
 0 0.627093
 0 0.627093
 0 0.627093
 0 0.627403
 0 0.627404
 0 0.627404
 0 0.627556
 0 0.627557
 0 0.62758
 0 0.62758
 0 0.627581
 0 0.627581
 0 0.627581
 0 0.627582
 0 0.627588
 0 0.627601
 0 0.62761
 0 0.62761
 0 0.627611
 0 0.627631
 0 0.627631
 0 0.627632
 0 0.627632
 0 0.627634
 0 0.627634
 0 0.627638
 0 0.627638
 0 0.627639
 0 0.627639
 0 0.627707
 0 0.627707
 0 0.627707
 0 0.627708
 0 0.627746
 0 0.627746
 0 0.627815
 0 0.627816
 0 0.627854
 0 0.627896
 0 0.627897
 0 0.627905
 0 0.627972
 0 0.627972
 0 0.627973
 0 0.628023
 0 0.628107
 0 0.628176
 0 0.628177
 0 0.628231
 0 0.628316
 0 0.628316
 0 0.628322
 0 0.628323
 0 0.628424
 0 0.628448
 0 0.628485
 0 0.628486
 0 0.628543
 0 0.628624
 0 0.628626
 0 0.628626
 0 0.628765
 0 0.628765
 0 0.628765
 0 0.628773
 0 0.628773
 0 0.628821
 0 0.628821
 0 0.628822
 0 0.628841
 0 0.628841
 0 0.628894
 0 0.628899
 0 0.628899
 0 0.628932
 0 0.628933
 0 0.62894
 0 0.628987
 0 0.628987
 0 0.628987
 0 0.629014
 0 0.629014
 0 0.629034
 0 0.629073
 0 0.629073
 0 0.629075
 0 0.629129
 0 0.629129
 0 0.629129
 0 0.629129
 0 0.629129
 0 0.629138
 0 0.629138
 0 0.629146
 0 0.629151
 0 0.629151
 0 0.629153
 0 0.629159
 0 0.629159
 0 0.629218
 0 0.629257
 0 0.629366
 0 0.629381
 0 0.629382
 0 0.629396
 0 0.629396
 0 0.629397
 0 0.629496
 0 0.629516
 0 0.629516
 0 0.629516
 0 0.629516
 0 0.62952
 0 0.6296
 0 0.6296
 0 0.629659
 0 0.629671
 0 0.629671
 0 0.629756
 0 0.629757
 0 0.629789
 0 0.629791
 0 0.629791
 0 0.629794
 0 0.629794
 0 0.629794
 0 0.629802
 0 0.629802
 0 0.629802
 0 0.629871
 0 0.629876
 0 0.629876
 0 0.629876
 0 0.629878
 0 0.629901
 0 0.629957
 0 0.629992
 0 0.629992
 0 0.629993
 0 0.629994
 0 0.629995
 0 0.629995
 0 0.630029
 0 0.63003
 0 0.630049
 0 0.630069
 0 0.630084
 0 0.630128
 0 0.630128
 0 0.630153
 0 0.630188
 0 0.630188
 0 0.630189
 0 0.63019
 0 0.630221
 0 0.630221
 0 0.630222
 0 0.630319
 0 0.630353
 0 0.630359
 0 0.630359
 0 0.630379
 0 0.630391
 0 0.630391
 0 0.630391
 0 0.63041
 0 0.630412
 0 0.630423
 0 0.630423
 0 0.630433
 0 0.630433
 0 0.630433
 0 0.630433
 0 0.63044
 0 0.63044
 0 0.630449
 0 0.630449
 0 0.630461
 0 0.630471
 0 0.630473
 0 0.630477
 0 0.630478
 0 0.630509
 0 0.630509
 0 0.630518
 0 0.630532
 0 0.630532
 0 0.630543
 0 0.630544
 0 0.630545
 0 0.630577
 0 0.630577
 0 0.630601
 0 0.630601
 0 0.630604
 0 0.630666
 0 0.630666
 0 0.630677
 0 0.630678
 0 0.630678
 0 0.630678
 0 0.630697
 0 0.630701
 0 0.630718
 0 0.630718
 0 0.630718
 0 0.630718
 0 0.630775
 0 0.630787
 0 0.630801
 0 0.630802
 0 0.630828
 0 0.630844
 0 0.630845
 0 0.630852
 0 0.630852
 0 0.630871
 0 0.63088
 0 0.630898
 0 0.630898
 0 0.6309
 0 0.630905
 0 0.630905
 0 0.630908
 0 0.630908
 0 0.630908
 0 0.630909
 0 0.630916
 0 0.630917
 0 0.630917
 0 0.630917
 0 0.630917
 0 0.630919
 0 0.63092
 0 0.630934
 0 0.630934
 0 0.630934
 0 0.630949
 0 0.630949
 0 0.630949
 0 0.630962
 0 0.630963
 0 0.630963
 0 0.630965
 0 0.630975
 0 0.630976
 0 0.630976
 0 0.630976
 0 0.630993
 0 0.630993
 0 0.631016
 0 0.631016
 0 0.631051
 0 0.631052
 0 0.631064
 0 0.63107
 0 0.63107
 0 0.631089
 0 0.63111
 0 0.631114
 0 0.631117
 0 0.631117
 0 0.631127
 0 0.631127
 0 0.631159
 0 0.63121
 0 0.631212
 0 0.631213
 0 0.631251
 0 0.631254
 0 0.631259
 0 0.63126
 0 0.63126
 0 0.631281
 0 0.6313
 0 0.631301
 0 0.631301
 0 0.631301
 0 0.63132
 0 0.631324
 0 0.631326
 0 0.631327
 0 0.631352
 0 0.631352
 0 0.631403
 0 0.631405
 0 0.631405
 0 0.631411
 0 0.631412
 0 0.631445
 0 0.631445
 0 0.631445
 0 0.631453
 0 0.631453
 0 0.631456
 0 0.631456
 0 0.631456
 0 0.63146
 0 0.631466
 0 0.63147
 0 0.631494
 0 0.631494
 0 0.631495
 0 0.63153
 0 0.631531
 0 0.631541
 0 0.631548
 0 0.631549
 0 0.631561
 0 0.631565
 0 0.631573
 0 0.631573
 0 0.631617
 0 0.63162
 0 0.63162
 0 0.631623
 0 0.631623
 0 0.631624
 0 0.631646
 0 0.631646
 0 0.631646
 0 0.631664
 0 0.631673
 0 0.631673
 0 0.631692
 0 0.631704
 0 0.631711
 0 0.631786
 0 0.631787
 0 0.631787
 0 0.631787
 0 0.631791
 0 0.631793
 0 0.631799
 0 0.631799
 0 0.631801
 0 0.631847
 0 0.631865
 0 0.631873
 0 0.631875
 0 0.631875
 0 0.631876
 0 0.631876
 0 0.631894
 0 0.631894
 0 0.631898
 0 0.631901
 0 0.631911
 0 0.631935
 0 0.631938
 0 0.631958
 0 0.631964
 0 0.631988
 0 0.631989
 0 0.63199
 0 0.63199
 0 0.63199
 0 0.63199
 0 0.631995
 0 0.632061
 0 0.632061
 0 0.632062
 0 0.632064
 0 0.632065
 0 0.632067
 0 0.632067
 0 0.632067
 0 0.632079
 0 0.632097
 0 0.632116
 0 0.632116
 0 0.63214
 0 0.632141
 0 0.632142
 0 0.632143
 0 0.632143
 0 0.63216
 0 0.632182
 0 0.632183
 0 0.632209
 0 0.632209
 0 0.632211
 0 0.632211
 0 0.632244
 0 0.632245
 0 0.632262
 0 0.632266
 0 0.632266
 0 0.632331
 0 0.632331
 0 0.632331
 0 0.632331
 0 0.632337
 0 0.632337
 0 0.632337
 0 0.632351
 0 0.632371
 0 0.632372
 0 0.632393
 0 0.632394
 0 0.632409
 0 0.632409
 0 0.632419
 0 0.632419
 0 0.63242
 0 0.63242
 0 0.632469
 0 0.63247
 0 0.632491
 0 0.632513
 0 0.632514
 0 0.632514
 0 0.632514
 0 0.632514
 0 0.632515
 0 0.632552
 0 0.632552
 0 0.632568
 0 0.632588
 0 0.63259
 0 0.63259
 0 0.63259
 0 0.632602
 0 0.632602
 0 0.632611
 0 0.632611
 0 0.632618
 0 0.632637
 0 0.632637
 0 0.632652
 0 0.632652
 0 0.632653
 0 0.632653
 0 0.632665
 0 0.632667
 0 0.632667
 0 0.632673
 0 0.632687
 0 0.632687
 0 0.632693
 0 0.632698
 0 0.632698
 0 0.632719
 0 0.632736
 0 0.632736
 0 0.63274
 0 0.632748
 0 0.632748
 0 0.632755
 0 0.63276
 0 0.632764
 0 0.632788
 0 0.632788
 0 0.632822
 0 0.632829
 0 0.632847
 0 0.632925
 0 0.632943
 0 0.632944
 0 0.632989
 0 0.632989
 0 0.632989
 0 0.63299
 0 0.63299
 0 0.632996
 0 0.632997
 0 0.632998
 0 0.632998
 0 0.633001
 0 0.633002
 0 0.633002
 0 0.633028
 0 0.633053
 0 0.633054
 0 0.633054
 0 0.633054
 0 0.633054
 0 0.633077
 0 0.633097
 0 0.633097
 0 0.633101
 0 0.633102
 0 0.633102
 0 0.633102
 0 0.633103
 0 0.633114
 0 0.633114
 0 0.633136
 0 0.633136
 0 0.633136
 0 0.633142
 0 0.633142
 0 0.633143
 0 0.633143
 0 0.633143
 0 0.633149
 0 0.633177
 0 0.633177
 0 0.633178
 0 0.633198
 0 0.6332
 0 0.633205
 0 0.633206
 0 0.633211
 0 0.633218
 0 0.633221
 0 0.633223
 0 0.633223
 0 0.633231
 0 0.633232
 0 0.633233
 0 0.633234
 0 0.633235
 0 0.633235
 0 0.633236
 0 0.633236
 0 0.633241
 0 0.63325
 0 0.633271
 0 0.633272
 0 0.633272
 0 0.633282
 0 0.633282
 0 0.633282
 0 0.633299
 0 0.633361
 0 0.633395
 0 0.633404
 0 0.633404
 0 0.633404
 0 0.633412
 0 0.633414
 0 0.633421
 0 0.633442
 0 0.633445
 0 0.633447
 0 0.633447
 0 0.633447
 0 0.633447
 0 0.633448
 0 0.633448
 0 0.633448
 0 0.633448
 0 0.633449
 0 0.633452
 0 0.633453
 0 0.633465
 0 0.633468
 0 0.633469
 0 0.63347
 0 0.633495
 0 0.633495
 0 0.633502
 0 0.633503
 0 0.633503
 0 0.63351
 0 0.633521
 0 0.633521
 0 0.633526
 0 0.633528
 0 0.633531
 0 0.633531
 0 0.633546
 0 0.633547
 0 0.633547
 0 0.633548
 0 0.633549
 0 0.63355
 0 0.63355
 0 0.63355
 0 0.633553
 0 0.633554
 0 0.633554
 0 0.633554
 0 0.633558
 0 0.633558
 0 0.633558
 0 0.633563
 0 0.633563
 0 0.633578
 0 0.633578
 0 0.633578
 0 0.633578
 0 0.633584
 0 0.633614
 0 0.633616
 0 0.633623
 0 0.633623
 0 0.633675
 0 0.633675
 0 0.633698
 0 0.633699
 0 0.633699
 0 0.633703
 0 0.633711
 0 0.633711
 0 0.633717
 0 0.633717
 0 0.633718
 0 0.633718
 0 0.633723
 0 0.633724
 0 0.633726
 0 0.633758
 0 0.633766
 0 0.633767
 0 0.633776
 0 0.633786
 0 0.633799
 0 0.6338
 0 0.633803
 0 0.633803
 0 0.633803
 0 0.633803
 0 0.63381
 0 0.633814
 0 0.633815
 0 0.633815
 0 0.633821
 0 0.633822
 0 0.633822
 0 0.633822
 0 0.63386
 0 0.633879
 0 0.633885
 0 0.633904
 0 0.633904
 0 0.633919
 0 0.63394
 0 0.633966
 0 0.633966
 0 0.633967
 0 0.633969
 0 0.633969
 0 0.633969
 0 0.633969
 0 0.633991
 0 0.633992
 0 0.633994
 0 0.633995
 0 0.633995
 0 0.633997
 0 0.633997
 0 0.633999
 0 0.634005
 0 0.634008
 0 0.634019
 0 0.63402
 0 0.63402
 0 0.63402
 0 0.63402
 0 0.63402
 0 0.63402
 0 0.634029
 0 0.634029
 0 0.634034
 0 0.634036
 0 0.634039
 0 0.63404
 0 0.634046
 0 0.634046
 0 0.634063
 0 0.634074
 0 0.6341
 0 0.634104
 0 0.634107
 0 0.634107
 0 0.634107
 0 0.634108
 0 0.634144
 0 0.634144
 0 0.634145
 0 0.634149
 0 0.63415
 0 0.634151
 0 0.634151
 0 0.634189
 0 0.63419
 0 0.63419
 0 0.634226
 0 0.63423
 0 0.634232
 0 0.634235
 0 0.634235
 0 0.634235
 0 0.634235
 0 0.634244
 0 0.634251
 0 0.634252
 0 0.634258
 0 0.634259
 0 0.634271
 0 0.634273
 0 0.634273
 0 0.634282
 0 0.634282
 0 0.634282
 0 0.634292
 0 0.634292
 0 0.634292
 0 0.634294
 0 0.634295
 0 0.634309
 0 0.634309
 0 0.634313
 0 0.634318
 0 0.634318
 0 0.634318
 0 0.634318
 0 0.634318
 0 0.634319
 0 0.634319
 0 0.634319
 0 0.634323
 0 0.634327
 0 0.634327
 0 0.634328
 0 0.634328
 0 0.634328
 0 0.634354
 0 0.634365
 0 0.634378
 0 0.634378
 0 0.634391
 0 0.634406
 0 0.634406
 0 0.634414
 0 0.634414
 0 0.634414
 0 0.634423
 0 0.634432
 0 0.634433
 0 0.634433
 0 0.634433
 0 0.634433
 0 0.634433
 0 0.634441
 0 0.634442
 0 0.634446
 0 0.634446
 0 0.634446
 0 0.634462
 0 0.634462
 0 0.634463
 0 0.634471
 0 0.634479
 0 0.634483
 0 0.634486
 0 0.634489
 0 0.634491
 0 0.634496
 0 0.634496
 0 0.634534
 0 0.63454
 0 0.634556
 0 0.634556
 0 0.634566
 0 0.634567
 0 0.634585
 0 0.634586
 0 0.634586
 0 0.634586
 0 0.634591
 0 0.634593
 0 0.634613
 0 0.634614
 0 0.634625
 0 0.634625
 0 0.634625
 0 0.634627
 0 0.63464
 0 0.63464
 0 0.63464
 0 0.634642
 0 0.634642
 0 0.634649
 0 0.634649
 0 0.634667
 0 0.634667
 0 0.634667
 0 0.634692
 0 0.634701
 0 0.634702
 0 0.634705
 0 0.634706
 0 0.63471
 0 0.63471
 0 0.63471
 0 0.63471
 0 0.634717
 0 0.634719
 0 0.634719
 0 0.634731
 0 0.634733
 0 0.634748
 0 0.634749
 0 0.634749
 0 0.634749
 0 0.634749
 0 0.634749
 0 0.634756
 0 0.634756
 0 0.634769
 0 0.634769
 0 0.634769
 0 0.634769
 0 0.634783
 0 0.634783
 0 0.634783
 0 0.634804
 0 0.634805
 0 0.634805
 0 0.634805
 0 0.634808
 0 0.634814
 0 0.634815
 0 0.634821
 0 0.634821
 0 0.634827
 0 0.634827
 0 0.634831
 0 0.634831
 0 0.634832
 0 0.634832
 0 0.634833
 0 0.634833
 0 0.634833
 0 0.634852
 0 0.634853
 0 0.634861
 0 0.634863
 0 0.634863
 0 0.634868
 0 0.634878
 0 0.634878
 0 0.63493
 0 0.63493
 0 0.63493
 0 0.634934
 0 0.634935
 0 0.63494
 0 0.63494
 0 0.63494
 0 0.634995
 0 0.634995
 0 0.634995
 0 0.634996
 0 0.635
 0 0.635001
 0 0.635001
 0 0.635001
 0 0.635001
 0 0.635002
 0 0.635002
 0 0.635008
 0 0.635008
 0 0.635038
 0 0.63504
 0 0.635041
 0 0.635055
 0 0.635055
 0 0.63507
 0 0.635075
 0 0.635075
 0 0.635077
 0 0.635079
 0 0.635079
 0 0.635087
 0 0.635088
 0 0.635088
 0 0.635088
 0 0.635097
 0 0.635117
 0 0.635117
 0 0.635117
 0 0.635117
 0 0.635118
 0 0.635121
 0 0.635122
 0 0.635122
 0 0.635123
 0 0.635126
 0 0.635126
 0 0.635135
 0 0.635137
 0 0.635137
 0 0.635146
 0 0.635148
 0 0.635173
 0 0.635173
 0 0.635173
 0 0.635173
 0 0.635173
 0 0.635174
 0 0.635174
 0 0.635174
 0 0.635174
 0 0.635213
 0 0.635233
 0 0.635249
 0 0.635277
 0 0.635278
 0 0.635322
 0 0.635324
 0 0.635324
 0 0.635324
 0 0.63534
 0 0.63536
 0 0.635375
 0 0.635375
 0 0.635387
 0 0.635387
 0 0.635389
 0 0.635404
 0 0.63541
 0 0.63544
 0 0.63544
 0 0.63544
 0 0.635457
 0 0.635457
 0 0.635458
 0 0.635458
 0 0.635468
 0 0.635484
 0 0.635486
 0 0.63552
 0 0.63552
 0 0.63553
 0 0.635531
 0 0.635539
 0 0.635541
 0 0.635542
 0 0.635548
 0 0.635549
 0 0.635549
 0 0.635549
 0 0.635552
 0 0.635567
 0 0.635581
 0 0.635582
 0 0.635582
 0 0.635584
 0 0.635584
 0 0.635585
 0 0.635586
 0 0.635589
 0 0.63559
 0 0.635601
 0 0.635612
 0 0.635639
 0 0.635648
 0 0.635649
 0 0.635662
 0 0.635662
 0 0.635688
 0 0.635688
 0 0.635688
 0 0.635688
 0 0.635688
 0 0.63569
 0 0.63569
 0 0.635704
 0 0.635737
 0 0.635742
 0 0.635766
 0 0.635766
 0 0.635768
 0 0.635769
 0 0.63579
 0 0.635795
 0 0.635795
 0 0.635825
 0 0.635825
 0 0.635826
 0 0.635844
 0 0.635845
 0 0.635846
 0 0.635865
 0 0.635869
 0 0.635883
 0 0.635884
 0 0.635885
 0 0.635888
 0 0.635888
 0 0.635888
 0 0.635888
 0 0.635931
 0 0.635932
 0 0.635932
 0 0.635966
 0 0.635968
 0 0.635969
 0 0.635969
 0 0.635969
 0 0.635969
 0 0.63597
 0 0.635976
 0 0.635976
 0 0.635976
 0 0.635985
 0 0.635987
 0 0.63601
 0 0.636017
 0 0.636035
 0 0.636039
 0 0.63604
 0 0.636043
 0 0.636044
 0 0.636046
 0 0.636046
 0 0.636046
 0 0.636048
 0 0.636065
 0 0.636065
 0 0.636095
 0 0.636099
 0 0.636103
 0 0.636105
 0 0.636105
 0 0.636128
 0 0.636128
 0 0.636137
 0 0.636181
 0 0.636182
 0 0.636196
 0 0.636196
 0 0.636197
 0 0.636197
 0 0.636211
 0 0.636239
 0 0.63624
 0 0.63624
 0 0.636248
 0 0.63626
 0 0.636261
 0 0.636261
 0 0.636262
 0 0.636262
 0 0.636267
 0 0.636268
 0 0.636272
 0 0.636308
 0 0.636308
 0 0.636308
 0 0.636308
 0 0.636317
 0 0.636323
 0 0.636335
 0 0.636335
 0 0.636341
 0 0.636341
 0 0.636357
 0 0.636362
 0 0.636362
 0 0.636398
 0 0.636417
 0 0.636419
 0 0.63642
 0 0.636426
 0 0.636426
 0 0.636481
 0 0.636481
 0 0.636494
 0 0.636494
 0 0.636494
 0 0.636495
 0 0.636495
 0 0.636496
 0 0.636498
 0 0.636503
 0 0.636503
 0 0.636505
 0 0.636505
 0 0.636516
 0 0.636518
 0 0.636521
 0 0.636522
 0 0.636536
 0 0.636536
 0 0.636579
 0 0.636579
 0 0.636604
 0 0.636611
 0 0.636611
 0 0.636625
 0 0.63665
 0 0.636667
 0 0.636667
 0 0.636674
 0 0.636675
 0 0.636679
 0 0.63668
 0 0.63668
 0 0.63668
 0 0.63668
 0 0.636682
 0 0.636682
 0 0.636711
 0 0.636757
 0 0.636757
 0 0.636757
 0 0.636757
 0 0.636777
 0 0.636778
 0 0.636811
 0 0.636824
 0 0.636828
 0 0.636829
 0 0.636831
 0 0.636838
 0 0.636838
 0 0.636869
 0 0.636869
 0 0.63687
 0 0.636878
 0 0.636878
 0 0.636899
 0 0.6369
 0 0.636906
 0 0.636906
 0 0.636907
 0 0.636907
 0 0.636914
 0 0.636914
 0 0.636927
 0 0.636927
 0 0.636928
 0 0.636928
 0 0.636928
 0 0.636947
 0 0.636963
 0 0.636963
 0 0.636963
 0 0.636965
 0 0.636966
 0 0.636979
 0 0.636979
 0 0.636987
 0 0.636988
 0 0.636988
 0 0.636989
 0 0.637009
 0 0.63701
 0 0.63701
 0 0.637019
 0 0.637023
 0 0.637031
 0 0.637075
 0 0.637077
 0 0.637126
 0 0.637126
 0 0.637135
 0 0.637161
 0 0.63719
 0 0.637195
 0 0.637195
 0 0.637196
 0 0.637196
 0 0.637204
 0 0.637236
 0 0.637257
 0 0.637258
 0 0.637279
 0 0.637302
 0 0.637303
 0 0.637314
 0 0.637314
 0 0.637353
 0 0.637353
 0 0.637354
 0 0.637354
 0 0.637355
 0 0.637355
 0 0.637376
 0 0.637376
 0 0.637376
 0 0.637376
 0 0.637377
 0 0.637391
 0 0.637391
 0 0.637401
 0 0.637402
 0 0.637402
 0 0.637455
 0 0.637455
 0 0.637455
 0 0.63748
 0 0.637481
 0 0.637481
 0 0.637531
 0 0.637531
 0 0.637531
 0 0.637531
 0 0.637547
 0 0.637547
 0 0.637548
 0 0.637548
 0 0.637559
 0 0.637559
 0 0.637568
 0 0.637569
 0 0.637569
 0 0.637615
 0 0.637656
 0 0.637656
 0 0.637656
 0 0.63769
 0 0.637691
 0 0.637702
 0 0.637703
 0 0.637716
 0 0.637738
 0 0.637747
 0 0.637757
 0 0.637757
 0 0.637801
 0 0.637801
 0 0.637849
 0 0.63791
 0 0.63791
 0 0.63791
 0 0.637917
 0 0.63792
 0 0.63792
 0 0.63792
 0 0.637934
 0 0.637934
 0 0.637934
 0 0.637936
 0 0.63797
 0 0.63798
 0 0.63798
 0 0.638013
 0 0.638013
 0 0.638026
 0 0.638027
 0 0.638033
 0 0.638034
 0 0.638082
 0 0.638083
 0 0.638083
 0 0.638083
 0 0.638145
 0 0.638162
 0 0.638162
 0 0.638205
 0 0.638213
 0 0.638214
 0 0.638226
 0 0.638264
 0 0.638264
 0 0.638264
 0 0.638304
 0 0.63833
 0 0.63833
 0 0.63833
 0 0.638366
 0 0.638378
 0 0.638379
 0 0.638416
 0 0.638427
 0 0.638454
 0 0.638496
 0 0.638508
 0 0.638526
 0 0.638527
 0 0.638542
 0 0.638542
 0 0.638543
 0 0.638545
 0 0.638546
 0 0.638546
 0 0.638546
 0 0.638546
 0 0.638629
 0 0.638631
 0 0.638631
 0 0.638631
 0 0.638632
 0 0.638668
 0 0.638668
 0 0.638668
 0 0.638671
 0 0.638701
 0 0.638715
 0 0.638716
 0 0.638772
 0 0.638772
 0 0.638788
 0 0.638788
 0 0.638789
 0 0.638806
 0 0.638812
 0 0.638828
 0 0.638829
 0 0.638832
 0 0.638845
 0 0.638864
 0 0.638864
 0 0.638864
 0 0.638865
 0 0.638865
 0 0.638866
 0 0.638964
 0 0.638964
 0 0.639003
 0 0.639005
 0 0.639092
 0 0.639109
 0 0.639197
 0 0.639199
 0 0.639242
 0 0.639244
 0 0.639269
 0 0.639317
 0 0.639382
 0 0.639383
 0 0.639455
 0 0.639475
 0 0.639481
 0 0.639482
 0 0.639483
 0 0.639553
 0 0.639554
 0 0.639555
 0 0.639676
 0 0.639678
 0 0.639678
 0 0.639678
 0 0.63972
 0 0.63972
 0 0.639881
 0 0.640039
 0 0.640132
 0 0.640144
 0 0.640144
 0 0.640145
 0 0.640292
 0 0.640322
 0 0.640322
 0 0.640322
 0 0.640323
 0 0.640381
 0 0.640576
 0 0.640621
 0 0.640663
 0 0.640663
 0 0.640665
 0 0.640665
 0 0.640665
 0 0.640821
 0 0.640917
 0 0.641001
 0 0.641001
 0 0.641027
 0 0.641071
 0 0.641276
 0 0.641282
 0 0.641283
 0 0.641315
 0 0.641316
 0 0.641316
 0 0.641517
 0 0.641549
 0 0.64155
 0 0.64155
 0 0.64155
 0 0.641593
 0 0.641724
 0 0.641743
 0 0.641743
 0 0.641839
 0 0.641902
 0 0.641902
 0 0.641902
 0 0.641902
 0 0.642013
 0 0.642013
 0 0.642038
 0 0.642042
 0 0.642148
 0 0.64223
 0 0.64223
 0 0.64223
 0 0.642234
 0 0.642406
 0 0.642406
 0 0.642408
 0 0.642458
 0 0.642549
 0 0.6426
 0 0.642606
 0 0.642606
 0 0.642767
 0 0.642767
 0 0.642996
 0 0.642996
 0 0.643019
 0 0.643283
 0 0.643442
 0 0.643516
 0 0.643516
 0 0.643517
 0 0.643882
 0 0.643882
 0 0.643889
 0 0.644376
 0 0.644376
 0 0.644376
 0 0.6445
 0 0.6445
 0 0.644501
 0 0.644961
 0 0.645211
 0 0.645212
 0 0.645212
 0 0.645657
 0 0.645659
 0 0.645659
 0 0.646205
 0 0.646205
 0 0.646205
 0 0.646206
 0 0.646394
 0 0.646395
 0 0.64659
 0 0.646848
 0 0.646966
 0 0.646966
 0 0.646968
 0 0.647032
 0 0.647032
 0 0.648288
 0 0.648289
 0 inf
