 0 0.490353
 0 0.490353
 0 0.490999
 0 0.490999
 0 0.490999
 0 0.491435
 0 0.494034
 0 0.494445
 0 0.494446
 0 0.494446
 0 0.495396
 0 0.495396
 0 0.620673
 0 0.620675
 0 0.622046
 0 0.622046
 0 0.622047
 0 0.622047
 0 0.622102
 0 0.622545
 0 0.622546
 0 0.622546
 0 0.622547
 0 0.623006
 0 0.623068
 0 0.623069
 0 0.623244
 0 0.623392
 0 0.623708
 0 0.623708
 0 0.623708
 0 0.623719
 0 0.623719
 0 0.62387
 0 0.623946
 0 0.623946
 0 0.623967
 0 0.623985
 0 0.623995
 0 0.624016
 0 0.624016
 0 0.624317
 0 0.624317
 0 0.624344
 0 0.624345
 0 0.624426
 0 0.624427
 0 0.624449
 0 0.624461
 0 0.624471
 0 0.624471
 0 0.624471
 0 0.624543
 0 0.624712
 0 0.624876
 0 0.62492
 0 0.624938
 0 0.624958
 0 0.624974
 0 0.624981
 0 0.624982
 0 0.624984
 0 0.625053
 0 0.625053
 0 0.625102
 0 0.625103
 0 0.625135
 0 0.625135
 0 0.625146
 0 0.625212
 0 0.62532
 0 0.62532
 0 0.62532
 0 0.625322
 0 0.625322
 0 0.625346
 0 0.625375
 0 0.625375
 0 0.625376
 0 0.625461
 0 0.625538
 0 0.625538
 0 0.625548
 0 0.62557
 0 0.62557
 0 0.62557
 0 0.625572
 0 0.625574
 0 0.625605
 0 0.625605
 0 0.625606
 0 0.625606
 0 0.625622
 0 0.625803
 0 0.625803
 0 0.625832
 0 0.625832
 0 0.625836
 0 0.625836
 0 0.625936
 0 0.625936
 0 0.625936
 0 0.626023
 0 0.626118
 0 0.626118
 0 0.626236
 0 0.626236
 0 0.626325
 0 0.626327
 0 0.626327
 0 0.626328
 0 0.626328
 0 0.626419
 0 0.626419
 0 0.62642
 0 0.626465
 0 0.626465
 0 0.626466
 0 0.626492
 0 0.626493
 0 0.626563
 0 0.626621
 0 0.626621
 0 0.626652
 0 0.626739
 0 0.626963
 0 0.627025
 0 0.627025
 0 0.627025
 0 0.627128
 0 0.627129
 0 0.62713
 0 0.627349
 0 0.627376
 0 0.627376
 0 0.627376
 0 0.627478
 0 0.627544
 0 0.627549
 0 0.627606
 0 0.627606
 0 0.627647
 0 0.627648
 0 0.627654
 0 0.62767
 0 0.627671
 0 0.627671
 0 0.627689
 0 0.627743
 0 0.627755
 0 0.627756
 0 0.627861
 0 0.627896
 0 0.627896
 0 0.627896
 0 0.627948
 0 0.627973
 0 0.627973
 0 0.627973
 0 0.627998
 0 0.628052
 0 0.628061
 0 0.628062
 0 0.628132
 0 0.628186
 0 0.628188
 0 0.628262
 0 0.628327
 0 0.628328
 0 0.62842
 0 0.62846
 0 0.62846
 0 0.628527
 0 0.628536
 0 0.628537
 0 0.628545
 0 0.628549
 0 0.628559
 0 0.628559
 0 0.628562
 0 0.628669
 0 0.628709
 0 0.628752
 0 0.628752
 0 0.628769
 0 0.628769
 0 0.628847
 0 0.628847
 0 0.628848
 0 0.628853
 0 0.628853
 0 0.628853
 0 0.628899
 0 0.628899
 0 0.628899
 0 0.628928
 0 0.628991
 0 0.628992
 0 0.629016
 0 0.629029
 0 0.629058
 0 0.629058
 0 0.629108
 0 0.629108
 0 0.629122
 0 0.629123
 0 0.629147
 0 0.629174
 0 0.629174
 0 0.62923
 0 0.629235
 0 0.629235
 0 0.629235
 0 0.629317
 0 0.629317
 0 0.629317
 0 0.629346
 0 0.629346
 0 0.629363
 0 0.629365
 0 0.629365
 0 0.629435
 0 0.629436
 0 0.629467
 0 0.629469
 0 0.629523
 0 0.629523
 0 0.62954
 0 0.629559
 0 0.629559
 0 0.629561
 0 0.629561
 0 0.629588
 0 0.629613
 0 0.629614
 0 0.629628
 0 0.629629
 0 0.62967
 0 0.629672
 0 0.629672
 0 0.629725
 0 0.629725
 0 0.629725
 0 0.629741
 0 0.629758
 0 0.629782
 0 0.629782
 0 0.629796
 0 0.629821
 0 0.629821
 0 0.629841
 0 0.629842
 0 0.629843
 0 0.629861
 0 0.629861
 0 0.62989
 0 0.629893
 0 0.629893
 0 0.62992
 0 0.62992
 0 0.629921
 0 0.629923
 0 0.629923
 0 0.629986
 0 0.630001
 0 0.630001
 0 0.630001
 0 0.630001
 0 0.630037
 0 0.630037
 0 0.63004
 0 0.630045
 0 0.630059
 0 0.630059
 0 0.630093
 0 0.630104
 0 0.630105
 0 0.630166
 0 0.630167
 0 0.630167
 0 0.630167
 0 0.630167
 0 0.630167
 0 0.630167
 0 0.630167
 0 0.630195
 0 0.630207
 0 0.630208
 0 0.630208
 0 0.630215
 0 0.630216
 0 0.630229
 0 0.630255
 0 0.630255
 0 0.630291
 0 0.630308
 0 0.630309
 0 0.630309
 0 0.630309
 0 0.630327
 0 0.630331
 0 0.630408
 0 0.630413
 0 0.630414
 0 0.630417
 0 0.630431
 0 0.63044
 0 0.630452
 0 0.630452
 0 0.630453
 0 0.630482
 0 0.630483
 0 0.630488
 0 0.630489
 0 0.630522
 0 0.630522
 0 0.630523
 0 0.630537
 0 0.630539
 0 0.630546
 0 0.630546
 0 0.63055
 0 0.63055
 0 0.630551
 0 0.630551
 0 0.630551
 0 0.630551
 0 0.630555
 0 0.630556
 0 0.630557
 0 0.630572
 0 0.630572
 0 0.630582
 0 0.630582
 0 0.630584
 0 0.630613
 0 0.630615
 0 0.63062
 0 0.63062
 0 0.630629
 0 0.630629
 0 0.630629
 0 0.630629
 0 0.630658
 0 0.630658
 0 0.630721
 0 0.630721
 0 0.630722
 0 0.630739
 0 0.630739
 0 0.630768
 0 0.63077
 0 0.630789
 0 0.630791
 0 0.630797
 0 0.630797
 0 0.630798
 0 0.630832
 0 0.630835
 0 0.63087
 0 0.630917
 0 0.630917
 0 0.630938
 0 0.630965
 0 0.630965
 0 0.630973
 0 0.630973
 0 0.630976
 0 0.630976
 0 0.631003
 0 0.631004
 0 0.631004
 0 0.631004
 0 0.631021
 0 0.631028
 0 0.631029
 0 0.631029
 0 0.631032
 0 0.631035
 0 0.631037
 0 0.631037
 0 0.631037
 0 0.631037
 0 0.631038
 0 0.631038
 0 0.631038
 0 0.631051
 0 0.631074
 0 0.631074
 0 0.631097
 0 0.631101
 0 0.631115
 0 0.631117
 0 0.631135
 0 0.631154
 0 0.631155
 0 0.631155
 0 0.631155
 0 0.631155
 0 0.631156
 0 0.631188
 0 0.631188
 0 0.631188
 0 0.631188
 0 0.631221
 0 0.631245
 0 0.631248
 0 0.631249
 0 0.631261
 0 0.631261
 0 0.631288
 0 0.631288
 0 0.631289
 0 0.631297
 0 0.631298
 0 0.631298
 0 0.631323
 0 0.631323
 0 0.63133
 0 0.63133
 0 0.63133
 0 0.631342
 0 0.631343
 0 0.631348
 0 0.631354
 0 0.631354
 0 0.631355
 0 0.631368
 0 0.63137
 0 0.63137
 0 0.63138
 0 0.63138
 0 0.631382
 0 0.631416
 0 0.631416
 0 0.631447
 0 0.631447
 0 0.631448
 0 0.631479
 0 0.631479
 0 0.631479
 0 0.63148
 0 0.631504
 0 0.631507
 0 0.631507
 0 0.631507
 0 0.631507
 0 0.631507
 0 0.631508
 0 0.631509
 0 0.631511
 0 0.631546
 0 0.631547
 0 0.631556
 0 0.631557
 0 0.631561
 0 0.631561
 0 0.631565
 0 0.631592
 0 0.631593
 0 0.631593
 0 0.631593
 0 0.631593
 0 0.631594
 0 0.631594
 0 0.631596
 0 0.631596
 0 0.631596
 0 0.631596
 0 0.631607
 0 0.631622
 0 0.631622
 0 0.631624
 0 0.631676
 0 0.631677
 0 0.631681
 0 0.631681
 0 0.631681
 0 0.631691
 0 0.631691
 0 0.631691
 0 0.631692
 0 0.631697
 0 0.631697
 0 0.631724
 0 0.631724
 0 0.631738
 0 0.631739
 0 0.631739
 0 0.631755
 0 0.631756
 0 0.631763
 0 0.631788
 0 0.631805
 0 0.631806
 0 0.631831
 0 0.631855
 0 0.63186
 0 0.63186
 0 0.631862
 0 0.631875
 0 0.631878
 0 0.631893
 0 0.631894
 0 0.631914
 0 0.631954
 0 0.631954
 0 0.631958
 0 0.631958
 0 0.631962
 0 0.631978
 0 0.631986
 0 0.631986
 0 0.631995
 0 0.63202
 0 0.63202
 0 0.63202
 0 0.63202
 0 0.632021
 0 0.632058
 0 0.632058
 0 0.632058
 0 0.632058
 0 0.632061
 0 0.632072
 0 0.632072
 0 0.632072
 0 0.632102
 0 0.632102
 0 0.632108
 0 0.632109
 0 0.632119
 0 0.632121
 0 0.632121
 0 0.632123
 0 0.63213
 0 0.63213
 0 0.632134
 0 0.632143
 0 0.632148
 0 0.632149
 0 0.632149
 0 0.632149
 0 0.632161
 0 0.632172
 0 0.632181
 0 0.632195
 0 0.632199
 0 0.632205
 0 0.632205
 0 0.632217
 0 0.632217
 0 0.632217
 0 0.632246
 0 0.632247
 0 0.632262
 0 0.632262
 0 0.632263
 0 0.632264
 0 0.632311
 0 0.632312
 0 0.63234
 0 0.632395
 0 0.632399
 0 0.632399
 0 0.6324
 0 0.6324
 0 0.632409
 0 0.632409
 0 0.632409
 0 0.632447
 0 0.632464
 0 0.632464
 0 0.632464
 0 0.632465
 0 0.632473
 0 0.632473
 0 0.632476
 0 0.632476
 0 0.632478
 0 0.632479
 0 0.63248
 0 0.632481
 0 0.632502
 0 0.632502
 0 0.632533
 0 0.632548
 0 0.632549
 0 0.632549
 0 0.632561
 0 0.632568
 0 0.632568
 0 0.632568
 0 0.632577
 0 0.632596
 0 0.632597
 0 0.632609
 0 0.632609
 0 0.632609
 0 0.632621
 0 0.632637
 0 0.632637
 0 0.632653
 0 0.632659
 0 0.632659
 0 0.632659
 0 0.632675
 0 0.632675
 0 0.632681
 0 0.632681
 0 0.632682
 0 0.632694
 0 0.632699
 0 0.632699
 0 0.632699
 0 0.632702
 0 0.632702
 0 0.632703
 0 0.632703
 0 0.632704
 0 0.632704
 0 0.632715
 0 0.632717
 0 0.632717
 0 0.632717
 0 0.632742
 0 0.632754
 0 0.632763
 0 0.632763
 0 0.632776
 0 0.632805
 0 0.632839
 0 0.632839
 0 0.632844
 0 0.632874
 0 0.632875
 0 0.632875
 0 0.632893
 0 0.632894
 0 0.632894
 0 0.632894
 0 0.632904
 0 0.632905
 0 0.632927
 0 0.632927
 0 0.632939
 0 0.63294
 0 0.63294
 0 0.632941
 0 0.632945
 0 0.632945
 0 0.632957
 0 0.632957
 0 0.632959
 0 0.632964
 0 0.632964
 0 0.632969
 0 0.632969
 0 0.63297
 0 0.63297
 0 0.632984
 0 0.632984
 0 0.632984
 0 0.632985
 0 0.633002
 0 0.633004
 0 0.633004
 0 0.633013
 0 0.633014
 0 0.633022
 0 0.633046
 0 0.633046
 0 0.633058
 0 0.633058
 0 0.633082
 0 0.633101
 0 0.633101
 0 0.633103
 0 0.633107
 0 0.633108
 0 0.633123
 0 0.633131
 0 0.633151
 0 0.633152
 0 0.633152
 0 0.633152
 0 0.633152
 0 0.63317
 0 0.633174
 0 0.63318
 0 0.63318
 0 0.63318
 0 0.633198
 0 0.633198
 0 0.633203
 0 0.63321
 0 0.63321
 0 0.633216
 0 0.63322
 0 0.63322
 0 0.633226
 0 0.63323
 0 0.633243
 0 0.633243
 0 0.633252
 0 0.633253
 0 0.633253
 0 0.633254
 0 0.633269
 0 0.633305
 0 0.633305
 0 0.633309
 0 0.633309
 0 0.633309
 0 0.633347
 0 0.633347
 0 0.633347
 0 0.633349
 0 0.633357
 0 0.633376
 0 0.633376
 0 0.633376
 0 0.633399
 0 0.633403
 0 0.63342
 0 0.63342
 0 0.633421
 0 0.633421
 0 0.633421
 0 0.633455
 0 0.633478
 0 0.633478
 0 0.633487
 0 0.633487
 0 0.633487
 0 0.633487
 0 0.633512
 0 0.633526
 0 0.633526
 0 0.633553
 0 0.633554
 0 0.633555
 0 0.633556
 0 0.633556
 0 0.633589
 0 0.633605
 0 0.633605
 0 0.633605
 0 0.633613
 0 0.633613
 0 0.633632
 0 0.633632
 0 0.633638
 0 0.633638
 0 0.633639
 0 0.633639
 0 0.633639
 0 0.633643
 0 0.633643
 0 0.633643
 0 0.633644
 0 0.633651
 0 0.633652
 0 0.633652
 0 0.633652
 0 0.633652
 0 0.633652
 0 0.633652
 0 0.633652
 0 0.633652
 0 0.633652
 0 0.633662
 0 0.633662
 0 0.633668
 0 0.633668
 0 0.633703
 0 0.633713
 0 0.633714
 0 0.633714
 0 0.633787
 0 0.633787
 0 0.633787
 0 0.633793
 0 0.633794
 0 0.633794
 0 0.633795
 0 0.6338
 0 0.633801
 0 0.633804
 0 0.633804
 0 0.633806
 0 0.633806
 0 0.633806
 0 0.633808
 0 0.633815
 0 0.633815
 0 0.633818
 0 0.633819
 0 0.633819
 0 0.63382
 0 0.633822
 0 0.633844
 0 0.633868
 0 0.633868
 0 0.633868
 0 0.633869
 0 0.633907
 0 0.633907
 0 0.633913
 0 0.633913
 0 0.633913
 0 0.633913
 0 0.633914
 0 0.633928
 0 0.633928
 0 0.633998
 0 0.634
 0 0.63402
 0 0.634025
 0 0.634051
 0 0.634051
 0 0.634058
 0 0.634079
 0 0.634079
 0 0.634092
 0 0.634094
 0 0.634094
 0 0.634095
 0 0.634107
 0 0.634109
 0 0.63411
 0 0.634124
 0 0.634124
 0 0.634124
 0 0.634136
 0 0.634137
 0 0.634153
 0 0.634153
 0 0.634153
 0 0.634153
 0 0.634153
 0 0.634172
 0 0.634172
 0 0.634207
 0 0.634237
 0 0.634237
 0 0.634263
 0 0.634277
 0 0.634281
 0 0.634288
 0 0.634288
 0 0.634314
 0 0.634314
 0 0.634317
 0 0.634319
 0 0.634319
 0 0.634338
 0 0.634338
 0 0.634338
 0 0.634351
 0 0.634356
 0 0.634357
 0 0.634383
 0 0.634383
 0 0.634388
 0 0.634388
 0 0.634388
 0 0.634413
 0 0.634415
 0 0.634415
 0 0.634416
 0 0.634417
 0 0.634417
 0 0.634445
 0 0.634445
 0 0.634446
 0 0.634447
 0 0.634447
 0 0.634454
 0 0.634456
 0 0.634456
 0 0.634465
 0 0.634465
 0 0.634465
 0 0.634495
 0 0.634496
 0 0.634499
 0 0.6345
 0 0.634522
 0 0.634522
 0 0.634585
 0 0.634585
 0 0.634602
 0 0.634602
 0 0.634602
 0 0.634602
 0 0.634637
 0 0.634637
 0 0.634656
 0 0.634656
 0 0.634657
 0 0.634681
 0 0.634682
 0 0.634682
 0 0.634682
 0 0.634682
 0 0.634682
 0 0.634684
 0 0.634684
 0 0.634684
 0 0.634685
 0 0.634691
 0 0.634692
 0 0.634692
 0 0.634699
 0 0.634724
 0 0.634724
 0 0.634726
 0 0.634726
 0 0.634726
 0 0.634726
 0 0.634726
 0 0.634731
 0 0.634732
 0 0.634737
 0 0.634737
 0 0.634737
 0 0.634737
 0 0.634756
 0 0.63478
 0 0.634795
 0 0.634813
 0 0.634814
 0 0.634814
 0 0.63484
 0 0.63484
 0 0.634842
 0 0.634843
 0 0.634843
 0 0.634919
 0 0.634919
 0 0.634919
 0 0.63496
 0 0.634963
 0 0.634966
 0 0.634966
 0 0.634969
 0 0.634975
 0 0.634987
 0 0.635003
 0 0.63502
 0 0.635042
 0 0.635051
 0 0.635052
 0 0.635052
 0 0.635053
 0 0.635061
 0 0.635095
 0 0.635132
 0 0.635142
 0 0.635144
 0 0.635146
 0 0.635147
 0 0.635154
 0 0.635167
 0 0.635167
 0 0.63517
 0 0.635172
 0 0.635199
 0 0.635202
 0 0.635202
 0 0.635203
 0 0.635216
 0 0.635227
 0 0.635227
 0 0.635255
 0 0.635255
 0 0.635256
 0 0.635259
 0 0.635296
 0 0.635298
 0 0.6353
 0 0.63531
 0 0.635331
 0 0.635332
 0 0.635366
 0 0.635385
 0 0.635385
 0 0.635386
 0 0.635425
 0 0.63544
 0 0.635451
 0 0.635462
 0 0.635462
 0 0.635462
 0 0.635485
 0 0.635486
 0 0.635486
 0 0.635504
 0 0.63552
 0 0.63552
 0 0.635544
 0 0.635548
 0 0.635549
 0 0.635551
 0 0.635551
 0 0.635551
 0 0.63556
 0 0.635561
 0 0.635563
 0 0.635563
 0 0.635563
 0 0.635567
 0 0.635567
 0 0.635574
 0 0.635579
 0 0.635579
 0 0.635579
 0 0.635586
 0 0.635586
 0 0.635589
 0 0.635589
 0 0.63559
 0 0.63559
 0 0.6356
 0 0.6356
 0 0.63562
 0 0.635628
 0 0.635629
 0 0.635629
 0 0.635652
 0 0.635653
 0 0.635653
 0 0.635662
 0 0.635662
 0 0.635662
 0 0.635662
 0 0.63569
 0 0.635695
 0 0.635695
 0 0.635696
 0 0.635696
 0 0.635697
 0 0.635714
 0 0.635714
 0 0.635715
 0 0.635755
 0 0.635768
 0 0.635769
 0 0.635785
 0 0.635787
 0 0.635787
 0 0.635787
 0 0.635793
 0 0.635802
 0 0.635802
 0 0.635813
 0 0.63582
 0 0.635823
 0 0.635835
 0 0.635835
 0 0.635837
 0 0.635837
 0 0.635858
 0 0.635858
 0 0.635864
 0 0.635864
 0 0.635875
 0 0.635882
 0 0.635889
 0 0.635889
 0 0.635891
 0 0.635891
 0 0.635899
 0 0.6359
 0 0.635901
 0 0.635907
 0 0.635907
 0 0.635913
 0 0.635913
 0 0.635944
 0 0.636051
 0 0.636052
 0 0.636055
 0 0.636055
 0 0.636096
 0 0.636103
 0 0.636104
 0 0.636122
 0 0.636137
 0 0.636137
 0 0.636137
 0 0.636141
 0 0.636141
 0 0.636141
 0 0.636161
 0 0.636161
 0 0.636176
 0 0.636179
 0 0.63618
 0 0.63618
 0 0.636228
 0 0.636229
 0 0.636265
 0 0.636265
 0 0.63627
 0 0.636299
 0 0.636353
 0 0.636353
 0 0.636356
 0 0.636389
 0 0.636398
 0 0.636399
 0 0.636406
 0 0.636406
 0 0.636407
 0 0.636413
 0 0.636419
 0 0.636421
 0 0.636421
 0 0.636421
 0 0.636423
 0 0.636423
 0 0.636423
 0 0.636537
 0 0.636537
 0 0.636568
 0 0.636568
 0 0.636569
 0 0.63657
 0 0.636582
 0 0.636585
 0 0.636594
 0 0.636595
 0 0.636596
 0 0.636596
 0 0.636607
 0 0.636657
 0 0.636657
 0 0.636657
 0 0.636657
 0 0.636664
 0 0.636683
 0 0.636684
 0 0.636686
 0 0.636686
 0 0.6367
 0 0.6367
 0 0.6367
 0 0.6367
 0 0.636725
 0 0.636725
 0 0.636726
 0 0.63675
 0 0.63675
 0 0.63675
 0 0.63675
 0 0.636762
 0 0.636763
 0 0.636763
 0 0.636769
 0 0.636769
 0 0.636771
 0 0.636805
 0 0.636808
 0 0.636815
 0 0.636827
 0 0.636828
 0 0.636853
 0 0.636853
 0 0.636853
 0 0.636853
 0 0.636854
 0 0.636871
 0 0.636871
 0 0.636879
 0 0.636889
 0 0.636922
 0 0.636926
 0 0.636926
 0 0.636927
 0 0.636935
 0 0.636966
 0 0.636966
 0 0.636978
 0 0.637011
 0 0.637011
 0 0.637011
 0 0.637019
 0 0.637019
 0 0.637019
 0 0.637019
 0 0.637035
 0 0.637054
 0 0.637054
 0 0.637069
 0 0.637069
 0 0.637072
 0 0.637083
 0 0.63712
 0 0.637131
 0 0.637132
 0 0.637132
 0 0.63714
 0 0.637141
 0 0.637141
 0 0.637142
 0 0.637182
 0 0.637183
 0 0.637202
 0 0.637203
 0 0.637223
 0 0.637258
 0 0.637284
 0 0.637284
 0 0.637292
 0 0.637293
 0 0.637293
 0 0.637298
 0 0.637321
 0 0.637321
 0 0.637321
 0 0.637334
 0 0.637334
 0 0.637343
 0 0.637343
 0 0.637343
 0 0.637348
 0 0.63735
 0 0.637378
 0 0.637378
 0 0.637397
 0 0.637397
 0 0.637398
 0 0.637398
 0 0.637405
 0 0.637406
 0 0.637431
 0 0.637431
 0 0.637436
 0 0.637436
 0 0.637448
 0 0.637449
 0 0.637449
 0 0.637449
 0 0.637474
 0 0.637474
 0 0.637474
 0 0.637481
 0 0.637481
 0 0.637481
 0 0.6375
 0 0.637505
 0 0.637505
 0 0.637508
 0 0.63751
 0 0.637523
 0 0.637523
 0 0.637523
 0 0.637523
 0 0.637524
 0 0.637568
 0 0.637569
 0 0.637613
 0 0.63765
 0 0.63765
 0 0.637659
 0 0.637661
 0 0.63768
 0 0.637682
 0 0.637682
 0 0.637691
 0 0.637691
 0 0.637691
 0 0.637697
 0 0.637698
 0 0.637722
 0 0.637722
 0 0.637738
 0 0.637739
 0 0.63775
 0 0.63775
 0 0.63775
 0 0.63775
 0 0.637751
 0 0.637814
 0 0.637856
 0 0.637898
 0 0.637898
 0 0.637911
 0 0.637965
 0 0.637969
 0 0.637969
 0 0.637969
 0 0.638004
 0 0.638023
 0 0.638023
 0 0.638024
 0 0.63803
 0 0.638044
 0 0.638045
 0 0.638055
 0 0.638063
 0 0.638064
 0 0.638064
 0 0.638076
 0 0.638091
 0 0.63813
 0 0.638153
 0 0.638215
 0 0.638268
 0 0.638339
 0 0.638366
 0 0.638368
 0 0.638373
 0 0.638373
 0 0.638373
 0 0.638373
 0 0.638374
 0 0.638375
 0 0.63838
 0 0.63838
 0 0.63838
 0 0.63838
 0 0.638401
 0 0.638409
 0 0.638409
 0 0.638421
 0 0.638421
 0 0.638422
 0 0.638436
 0 0.638437
 0 0.638447
 0 0.638447
 0 0.638449
 0 0.63851
 0 0.63851
 0 0.638524
 0 0.638525
 0 0.638543
 0 0.638543
 0 0.638544
 0 0.638545
 0 0.638545
 0 0.63855
 0 0.638569
 0 0.638583
 0 0.638583
 0 0.638583
 0 0.638583
 0 0.638619
 0 0.638628
 0 0.638628
 0 0.638649
 0 0.63865
 0 0.638663
 0 0.638663
 0 0.638688
 0 0.638688
 0 0.638699
 0 0.6387
 0 0.638708
 0 0.638721
 0 0.638722
 0 0.638737
 0 0.638737
 0 0.638763
 0 0.638763
 0 0.638807
 0 0.638808
 0 0.638808
 0 0.638809
 0 0.638863
 0 0.638863
 0 0.63892
 0 0.63892
 0 0.638963
 0 0.638964
 0 0.638979
 0 0.63899
 0 0.63899
 0 0.639
 0 0.639
 0 0.639001
 0 0.63907
 0 0.63907
 0 0.639091
 0 0.639091
 0 0.639105
 0 0.63914
 0 0.639156
 0 0.639157
 0 0.639157
 0 0.639239
 0 0.639239
 0 0.639271
 0 0.639271
 0 0.639274
 0 0.639276
 0 0.639279
 0 0.639279
 0 0.639279
 0 0.639281
 0 0.639281
 0 0.639281
 0 0.639394
 0 0.6394
 0 0.6394
 0 0.639423
 0 0.639458
 0 0.639477
 0 0.639479
 0 0.639479
 0 0.639479
 0 0.639492
 0 0.639492
 0 0.639492
 0 0.639544
 0 0.639592
 0 0.63961
 0 0.639611
 0 0.639648
 0 0.639735
 0 0.639773
 0 0.639779
 0 0.639779
 0 0.639858
 0 0.639858
 0 0.639858
 0 0.639944
 0 0.639944
 0 0.639944
 0 0.640001
 0 0.640002
 0 0.640014
 0 0.640023
 0 0.640063
 0 0.640063
 0 0.640063
 0 0.640161
 0 0.640358
 0 0.640359
 0 0.640377
 0 0.640396
 0 0.640396
 0 0.64054
 0 0.640542
 0 0.640542
 0 0.640648
 0 0.640648
 0 0.640689
 0 0.640689
 0 0.640778
 0 0.640778
 0 0.640872
 0 0.640872
 0 0.640889
 0 0.640892
 0 0.640893
 0 0.640901
 0 0.640959
 0 0.641001
 0 0.641001
 0 0.641001
 0 0.641001
 0 0.64111
 0 0.64111
 0 0.641165
 0 0.641178
 0 0.641314
 0 0.641314
 0 0.641315
 0 0.641327
 0 0.641327
 0 0.641327
 0 0.641327
 0 0.641327
 0 0.641364
 0 0.641364
 0 0.641364
 0 0.641394
 0 0.641543
 0 0.641544
 0 0.641544
 0 0.641544
 0 0.641628
 0 0.641728
 0 0.641764
 0 0.641765
 0 0.641892
 0 0.641892
 0 0.641956
 0 0.641956
 0 0.641957
 0 0.641959
 0 0.642018
 0 0.642104
 0 0.642129
 0 0.642153
 0 0.642154
 0 0.642453
 0 0.642535
 0 0.642535
 0 0.642807
 0 0.642856
 0 0.64305
 0 0.64305
 0 0.64305
 0 0.643274
 0 0.643274
 0 0.643275
 0 0.643293
 0 0.643295
 0 0.643325
 0 0.643598
 0 0.643598
 0 0.643857
 0 0.643859
 0 0.644024
 0 0.644026
 0 0.644472
 0 0.644705
 0 0.644707
 0 0.645182
 0 0.645658
 0 0.645811
 0 0.645812
 0 0.645992
 0 0.645992
 0 0.645992
 0 0.649897
 0 0.649897
 0 0.649897
 0 0.649897
 0 0.649897
 0 0.650709
 0 inf
