 0 0.489909
 0 0.490128
 0 0.491216
 0 0.491216
 0 0.491435
 0 0.491435
 0 0.494972
 0 0.495511
 0 0.495893
 0 0.495894
 0 0.495956
 0 0.495957
 0 0.602534
 0 0.602535
 0 0.602535
 0 0.603235
 0 0.603235
 0 0.603922
 0 0.603922
 0 0.604162
 0 0.604511
 0 0.604511
 0 0.604794
 0 0.605384
 0 0.61225
 0 0.61225
 0 0.61225
 0 0.612251
 0 0.612765
 0 0.612765
 0 0.614688
 0 0.614688
 0 0.614783
 0 0.614783
 0 0.614959
 0 0.615053
 0 0.618454
 0 0.618454
 0 0.618905
 0 0.619
 0 0.619003
 0 0.619004
 0 0.619004
 0 0.619292
 0 0.619293
 0 0.619581
 0 0.620166
 0 0.620166
 0 0.620753
 0 0.620753
 0 0.620753
 0 0.620878
 0 0.621465
 0 0.621465
 0 0.621704
 0 0.621704
 0 0.621725
 0 0.622267
 0 0.622268
 0 0.622269
 0 0.622269
 0 0.622673
 0 0.622674
 0 0.622674
 0 0.622728
 0 0.622864
 0 0.622865
 0 0.622875
 0 0.62298
 0 0.622982
 0 0.623237
 0 0.623241
 0 0.623242
 0 0.623242
 0 0.623292
 0 0.623292
 0 0.623292
 0 0.623292
 0 0.623485
 0 0.623624
 0 0.623624
 0 0.623636
 0 0.623636
 0 0.6237
 0 0.623701
 0 0.623701
 0 0.624111
 0 0.624112
 0 0.624473
 0 0.624473
 0 0.624654
 0 0.624655
 0 0.624655
 0 0.624656
 0 0.624905
 0 0.624994
 0 0.624995
 0 0.625193
 0 0.625193
 0 0.625193
 0 0.62541
 0 0.625411
 0 0.625541
 0 0.625583
 0 0.625584
 0 0.625758
 0 0.625806
 0 0.625811
 0 0.626014
 0 0.626036
 0 0.626036
 0 0.626036
 0 0.626036
 0 0.626037
 0 0.626062
 0 0.626136
 0 0.626136
 0 0.626264
 0 0.626264
 0 0.626303
 0 0.626304
 0 0.626305
 0 0.626331
 0 0.626331
 0 0.626332
 0 0.626381
 0 0.626382
 0 0.626382
 0 0.62642
 0 0.626421
 0 0.626465
 0 0.626465
 0 0.62647
 0 0.62647
 0 0.626471
 0 0.626493
 0 0.626572
 0 0.626642
 0 0.626643
 0 0.626644
 0 0.626644
 0 0.626655
 0 0.626742
 0 0.626751
 0 0.62681
 0 0.627034
 0 0.627071
 0 0.627073
 0 0.627073
 0 0.627103
 0 0.627103
 0 0.627172
 0 0.627172
 0 0.627189
 0 0.627189
 0 0.62722
 0 0.627241
 0 0.627243
 0 0.627281
 0 0.627281
 0 0.627282
 0 0.6273
 0 0.627301
 0 0.627347
 0 0.627347
 0 0.627363
 0 0.627363
 0 0.627363
 0 0.627364
 0 0.627365
 0 0.627442
 0 0.627442
 0 0.627442
 0 0.627442
 0 0.627442
 0 0.627469
 0 0.62747
 0 0.627473
 0 0.627473
 0 0.627473
 0 0.627578
 0 0.627607
 0 0.627624
 0 0.627624
 0 0.627624
 0 0.627791
 0 0.627798
 0 0.627838
 0 0.627868
 0 0.627921
 0 0.627923
 0 0.627924
 0 0.627926
 0 0.627927
 0 0.627928
 0 0.627957
 0 0.627957
 0 0.627959
 0 0.62796
 0 0.627966
 0 0.627966
 0 0.627998
 0 0.627998
 0 0.627998
 0 0.627999
 0 0.628018
 0 0.628033
 0 0.628077
 0 0.628077
 0 0.628078
 0 0.628078
 0 0.628113
 0 0.628135
 0 0.628135
 0 0.628135
 0 0.628136
 0 0.628136
 0 0.62814
 0 0.62814
 0 0.628142
 0 0.628142
 0 0.628202
 0 0.62824
 0 0.62824
 0 0.62824
 0 0.62824
 0 0.628296
 0 0.628298
 0 0.628303
 0 0.62836
 0 0.62836
 0 0.628469
 0 0.628589
 0 0.628589
 0 0.62859
 0 0.62862
 0 0.628644
 0 0.628658
 0 0.628659
 0 0.628668
 0 0.628668
 0 0.628686
 0 0.628686
 0 0.628698
 0 0.628698
 0 0.628699
 0 0.628699
 0 0.628699
 0 0.628887
 0 0.628888
 0 0.628888
 0 0.628888
 0 0.628906
 0 0.628906
 0 0.628908
 0 0.628915
 0 0.628915
 0 0.628927
 0 0.628927
 0 0.628927
 0 0.628991
 0 0.629126
 0 0.629141
 0 0.629142
 0 0.629142
 0 0.629185
 0 0.629185
 0 0.629185
 0 0.629185
 0 0.629194
 0 0.629194
 0 0.629195
 0 0.629216
 0 0.629241
 0 0.629241
 0 0.629241
 0 0.629305
 0 0.629305
 0 0.629305
 0 0.629344
 0 0.629375
 0 0.629376
 0 0.629385
 0 0.629411
 0 0.629411
 0 0.629454
 0 0.629456
 0 0.629459
 0 0.629497
 0 0.6295
 0 0.629504
 0 0.629504
 0 0.629546
 0 0.629557
 0 0.629557
 0 0.629569
 0 0.62958
 0 0.62958
 0 0.629588
 0 0.629615
 0 0.62965
 0 0.62965
 0 0.629659
 0 0.629681
 0 0.629684
 0 0.629687
 0 0.629687
 0 0.629705
 0 0.629705
 0 0.629706
 0 0.629776
 0 0.629807
 0 0.629807
 0 0.629813
 0 0.629813
 0 0.629813
 0 0.629813
 0 0.629829
 0 0.629848
 0 0.629848
 0 0.629848
 0 0.629949
 0 0.629963
 0 0.629964
 0 0.629964
 0 0.629991
 0 0.629991
 0 0.629992
 0 0.629993
 0 0.6301
 0 0.6301
 0 0.6301
 0 0.630101
 0 0.630102
 0 0.630105
 0 0.630105
 0 0.630108
 0 0.630108
 0 0.630115
 0 0.630116
 0 0.630116
 0 0.630116
 0 0.630138
 0 0.63015
 0 0.63015
 0 0.63015
 0 0.630183
 0 0.630183
 0 0.630198
 0 0.630226
 0 0.630226
 0 0.630254
 0 0.630254
 0 0.630255
 0 0.630256
 0 0.630272
 0 0.630281
 0 0.630299
 0 0.6303
 0 0.6303
 0 0.6303
 0 0.6303
 0 0.630322
 0 0.630322
 0 0.630325
 0 0.63035
 0 0.630397
 0 0.630397
 0 0.630401
 0 0.630401
 0 0.630401
 0 0.630422
 0 0.630424
 0 0.630445
 0 0.630445
 0 0.630446
 0 0.630495
 0 0.630495
 0 0.630531
 0 0.630531
 0 0.63055
 0 0.63055
 0 0.630569
 0 0.630582
 0 0.630594
 0 0.630594
 0 0.630617
 0 0.630679
 0 0.63068
 0 0.63069
 0 0.630699
 0 0.6307
 0 0.630715
 0 0.630715
 0 0.630718
 0 0.630754
 0 0.630755
 0 0.630778
 0 0.630781
 0 0.630781
 0 0.630823
 0 0.630824
 0 0.630824
 0 0.630825
 0 0.630831
 0 0.630831
 0 0.630832
 0 0.630832
 0 0.630832
 0 0.630832
 0 0.630844
 0 0.630844
 0 0.630844
 0 0.630849
 0 0.630862
 0 0.630887
 0 0.630887
 0 0.630888
 0 0.630889
 0 0.630905
 0 0.630905
 0 0.630905
 0 0.630921
 0 0.630921
 0 0.630927
 0 0.630928
 0 0.630935
 0 0.631016
 0 0.631016
 0 0.631016
 0 0.631044
 0 0.631065
 0 0.631069
 0 0.631069
 0 0.631077
 0 0.631078
 0 0.631078
 0 0.631125
 0 0.631192
 0 0.631203
 0 0.631203
 0 0.631308
 0 0.631314
 0 0.631323
 0 0.631331
 0 0.631331
 0 0.631331
 0 0.631353
 0 0.631353
 0 0.631355
 0 0.631355
 0 0.631356
 0 0.631356
 0 0.631375
 0 0.631384
 0 0.631384
 0 0.631384
 0 0.631384
 0 0.631384
 0 0.63139
 0 0.631391
 0 0.63142
 0 0.631428
 0 0.631447
 0 0.631447
 0 0.631448
 0 0.631471
 0 0.631471
 0 0.63148
 0 0.631482
 0 0.631482
 0 0.631497
 0 0.631497
 0 0.631497
 0 0.631497
 0 0.631497
 0 0.631501
 0 0.631503
 0 0.631503
 0 0.631509
 0 0.631514
 0 0.631514
 0 0.631514
 0 0.631519
 0 0.63152
 0 0.631553
 0 0.631554
 0 0.631554
 0 0.631555
 0 0.631555
 0 0.631562
 0 0.631621
 0 0.631621
 0 0.631628
 0 0.631628
 0 0.631644
 0 0.631644
 0 0.631691
 0 0.631726
 0 0.631763
 0 0.631763
 0 0.631763
 0 0.631776
 0 0.631777
 0 0.631814
 0 0.631839
 0 0.63184
 0 0.631849
 0 0.631852
 0 0.63186
 0 0.63186
 0 0.631861
 0 0.631862
 0 0.631864
 0 0.631877
 0 0.631877
 0 0.631878
 0 0.631878
 0 0.63188
 0 0.631881
 0 0.631897
 0 0.631914
 0 0.631925
 0 0.631951
 0 0.631954
 0 0.631954
 0 0.631956
 0 0.631956
 0 0.631957
 0 0.631962
 0 0.631994
 0 0.631994
 0 0.631994
 0 0.632003
 0 0.632003
 0 0.632009
 0 0.632018
 0 0.632021
 0 0.632021
 0 0.632038
 0 0.632044
 0 0.632045
 0 0.63206
 0 0.632065
 0 0.632077
 0 0.632108
 0 0.632108
 0 0.632108
 0 0.632109
 0 0.632112
 0 0.632112
 0 0.632115
 0 0.632116
 0 0.632116
 0 0.632116
 0 0.632121
 0 0.632121
 0 0.632138
 0 0.632138
 0 0.632138
 0 0.632142
 0 0.632153
 0 0.632154
 0 0.632167
 0 0.632167
 0 0.632179
 0 0.6322
 0 0.632201
 0 0.632201
 0 0.632204
 0 0.632206
 0 0.632206
 0 0.632206
 0 0.632207
 0 0.632216
 0 0.632226
 0 0.632235
 0 0.632235
 0 0.632238
 0 0.632247
 0 0.632248
 0 0.632248
 0 0.632272
 0 0.632272
 0 0.632272
 0 0.632281
 0 0.632287
 0 0.632287
 0 0.632321
 0 0.632322
 0 0.632342
 0 0.632343
 0 0.632359
 0 0.632359
 0 0.63238
 0 0.632387
 0 0.632387
 0 0.632387
 0 0.63239
 0 0.632391
 0 0.632391
 0 0.632391
 0 0.632391
 0 0.632393
 0 0.632393
 0 0.632397
 0 0.632398
 0 0.632412
 0 0.632418
 0 0.632419
 0 0.632419
 0 0.632419
 0 0.632475
 0 0.632475
 0 0.632479
 0 0.632495
 0 0.632509
 0 0.632519
 0 0.632519
 0 0.632529
 0 0.632532
 0 0.632532
 0 0.632546
 0 0.632546
 0 0.632546
 0 0.63257
 0 0.63257
 0 0.63257
 0 0.63257
 0 0.632574
 0 0.632577
 0 0.632577
 0 0.632577
 0 0.632578
 0 0.632617
 0 0.632623
 0 0.632637
 0 0.632637
 0 0.632647
 0 0.63265
 0 0.63265
 0 0.632679
 0 0.632679
 0 0.632694
 0 0.632694
 0 0.6327
 0 0.632701
 0 0.63271
 0 0.632711
 0 0.632712
 0 0.632713
 0 0.632713
 0 0.632718
 0 0.632747
 0 0.632749
 0 0.632749
 0 0.632749
 0 0.632759
 0 0.63276
 0 0.632761
 0 0.632781
 0 0.632782
 0 0.632784
 0 0.632798
 0 0.632798
 0 0.632799
 0 0.632811
 0 0.632811
 0 0.632811
 0 0.632837
 0 0.632845
 0 0.632845
 0 0.632855
 0 0.632855
 0 0.632869
 0 0.632871
 0 0.632871
 0 0.632871
 0 0.632872
 0 0.632876
 0 0.632881
 0 0.632882
 0 0.632882
 0 0.632886
 0 0.632886
 0 0.632996
 0 0.632997
 0 0.633047
 0 0.633048
 0 0.633072
 0 0.633072
 0 0.633072
 0 0.633079
 0 0.633132
 0 0.633132
 0 0.633138
 0 0.633138
 0 0.633145
 0 0.633145
 0 0.633145
 0 0.633147
 0 0.633148
 0 0.633152
 0 0.633156
 0 0.63317
 0 0.633177
 0 0.633179
 0 0.633179
 0 0.633179
 0 0.63318
 0 0.633218
 0 0.633218
 0 0.633219
 0 0.633219
 0 0.633222
 0 0.633224
 0 0.633225
 0 0.633226
 0 0.633235
 0 0.633281
 0 0.633282
 0 0.633282
 0 0.633292
 0 0.633293
 0 0.633293
 0 0.633317
 0 0.633334
 0 0.633336
 0 0.633342
 0 0.633342
 0 0.633344
 0 0.633351
 0 0.633359
 0 0.633359
 0 0.633362
 0 0.633391
 0 0.633396
 0 0.633413
 0 0.633414
 0 0.633414
 0 0.633426
 0 0.633426
 0 0.63343
 0 0.63343
 0 0.633461
 0 0.633463
 0 0.633473
 0 0.633473
 0 0.633488
 0 0.633494
 0 0.633495
 0 0.633495
 0 0.63351
 0 0.633511
 0 0.633511
 0 0.633511
 0 0.633511
 0 0.633512
 0 0.633519
 0 0.633532
 0 0.633534
 0 0.63354
 0 0.633541
 0 0.633563
 0 0.63357
 0 0.633578
 0 0.633579
 0 0.633641
 0 0.633641
 0 0.633641
 0 0.633641
 0 0.633644
 0 0.633644
 0 0.633646
 0 0.633664
 0 0.63367
 0 0.633679
 0 0.633679
 0 0.633679
 0 0.63368
 0 0.633682
 0 0.633683
 0 0.633726
 0 0.633726
 0 0.633735
 0 0.633736
 0 0.633757
 0 0.633778
 0 0.633787
 0 0.633816
 0 0.633819
 0 0.633887
 0 0.633897
 0 0.633902
 0 0.633909
 0 0.633923
 0 0.633923
 0 0.633924
 0 0.633924
 0 0.633924
 0 0.633926
 0 0.633934
 0 0.633934
 0 0.633934
 0 0.633983
 0 0.634005
 0 0.634007
 0 0.634008
 0 0.634008
 0 0.63401
 0 0.63401
 0 0.63401
 0 0.634022
 0 0.634076
 0 0.634092
 0 0.634092
 0 0.634102
 0 0.634124
 0 0.634136
 0 0.634139
 0 0.63414
 0 0.63414
 0 0.634157
 0 0.634184
 0 0.634184
 0 0.634213
 0 0.634232
 0 0.634232
 0 0.634233
 0 0.634234
 0 0.634238
 0 0.63424
 0 0.634241
 0 0.634241
 0 0.634295
 0 0.634295
 0 0.634302
 0 0.634303
 0 0.634303
 0 0.634304
 0 0.634304
 0 0.634306
 0 0.634306
 0 0.634429
 0 0.63443
 0 0.634467
 0 0.63448
 0 0.63448
 0 0.634481
 0 0.634481
 0 0.634525
 0 0.634525
 0 0.634583
 0 0.634583
 0 0.634583
 0 0.634593
 0 0.634613
 0 0.634613
 0 0.634613
 0 0.634613
 0 0.634614
 0 0.634614
 0 0.634614
 0 0.634642
 0 0.634642
 0 0.634642
 0 0.634644
 0 0.634644
 0 0.634645
 0 0.634655
 0 0.634669
 0 0.634669
 0 0.634739
 0 0.634739
 0 0.634739
 0 0.634755
 0 0.634772
 0 0.634772
 0 0.634772
 0 0.634775
 0 0.634781
 0 0.634808
 0 0.634811
 0 0.634811
 0 0.634817
 0 0.634819
 0 0.634856
 0 0.634858
 0 0.634862
 0 0.63489
 0 0.634891
 0 0.6349
 0 0.634905
 0 0.634905
 0 0.634915
 0 0.634915
 0 0.634915
 0 0.634915
 0 0.634917
 0 0.634934
 0 0.634935
 0 0.634935
 0 0.634943
 0 0.634943
 0 0.634949
 0 0.634949
 0 0.63495
 0 0.635001
 0 0.635002
 0 0.635002
 0 0.635004
 0 0.635004
 0 0.63504
 0 0.63504
 0 0.635046
 0 0.635064
 0 0.635064
 0 0.635072
 0 0.635072
 0 0.635077
 0 0.63508
 0 0.63508
 0 0.635095
 0 0.635095
 0 0.63512
 0 0.635121
 0 0.635124
 0 0.635124
 0 0.635142
 0 0.635155
 0 0.635155
 0 0.635156
 0 0.635163
 0 0.635163
 0 0.635177
 0 0.635178
 0 0.635178
 0 0.635178
 0 0.635178
 0 0.635179
 0 0.635179
 0 0.635183
 0 0.635188
 0 0.635202
 0 0.635202
 0 0.635202
 0 0.635202
 0 0.635211
 0 0.635211
 0 0.635233
 0 0.635233
 0 0.635246
 0 0.635246
 0 0.635271
 0 0.635271
 0 0.635271
 0 0.63528
 0 0.63528
 0 0.635285
 0 0.635287
 0 0.635287
 0 0.6353
 0 0.635324
 0 0.635337
 0 0.635337
 0 0.635337
 0 0.635337
 0 0.635338
 0 0.635364
 0 0.635364
 0 0.635428
 0 0.635428
 0 0.635428
 0 0.635432
 0 0.635433
 0 0.635433
 0 0.635454
 0 0.635469
 0 0.635486
 0 0.635487
 0 0.635487
 0 0.63551
 0 0.63552
 0 0.635538
 0 0.635538
 0 0.635575
 0 0.635575
 0 0.63561
 0 0.63561
 0 0.635664
 0 0.635664
 0 0.635668
 0 0.635668
 0 0.635675
 0 0.635711
 0 0.63576
 0 0.63576
 0 0.63577
 0 0.635788
 0 0.635788
 0 0.63579
 0 0.635837
 0 0.635841
 0 0.635843
 0 0.635863
 0 0.635864
 0 0.635864
 0 0.635887
 0 0.635888
 0 0.6359
 0 0.6359
 0 0.635915
 0 0.635915
 0 0.635939
 0 0.635941
 0 0.635971
 0 0.635971
 0 0.635971
 0 0.635979
 0 0.635982
 0 0.636002
 0 0.636005
 0 0.636005
 0 0.636033
 0 0.636033
 0 0.636073
 0 0.636073
 0 0.636074
 0 0.636077
 0 0.636077
 0 0.636077
 0 0.636079
 0 0.636089
 0 0.636096
 0 0.636098
 0 0.636106
 0 0.636132
 0 0.636145
 0 0.636145
 0 0.636145
 0 0.636154
 0 0.636161
 0 0.636165
 0 0.636179
 0 0.63618
 0 0.636227
 0 0.636227
 0 0.636227
 0 0.636229
 0 0.636229
 0 0.636229
 0 0.636234
 0 0.636234
 0 0.636235
 0 0.636235
 0 0.636244
 0 0.636246
 0 0.636246
 0 0.636267
 0 0.636268
 0 0.636268
 0 0.636268
 0 0.636268
 0 0.636269
 0 0.636271
 0 0.636271
 0 0.636271
 0 0.63633
 0 0.63633
 0 0.63637
 0 0.636378
 0 0.636379
 0 0.636417
 0 0.636423
 0 0.636426
 0 0.636426
 0 0.636435
 0 0.636436
 0 0.63645
 0 0.63645
 0 0.636457
 0 0.63646
 0 0.636482
 0 0.636482
 0 0.636495
 0 0.63652
 0 0.636526
 0 0.636548
 0 0.636551
 0 0.636592
 0 0.636592
 0 0.636599
 0 0.63662
 0 0.636636
 0 0.636644
 0 0.636646
 0 0.636671
 0 0.636673
 0 0.636685
 0 0.636686
 0 0.636686
 0 0.636699
 0 0.636699
 0 0.636714
 0 0.636737
 0 0.636737
 0 0.636749
 0 0.636749
 0 0.636768
 0 0.636768
 0 0.63677
 0 0.63678
 0 0.63678
 0 0.636781
 0 0.636781
 0 0.636799
 0 0.63681
 0 0.63681
 0 0.636834
 0 0.636834
 0 0.636834
 0 0.636834
 0 0.636846
 0 0.636865
 0 0.636866
 0 0.636866
 0 0.636882
 0 0.636888
 0 0.636931
 0 0.636942
 0 0.636942
 0 0.636944
 0 0.636946
 0 0.636947
 0 0.636963
 0 0.636966
 0 0.636993
 0 0.636999
 0 0.636999
 0 0.636999
 0 0.637032
 0 0.637032
 0 0.637033
 0 0.637033
 0 0.637033
 0 0.637066
 0 0.637066
 0 0.637088
 0 0.637089
 0 0.637089
 0 0.637095
 0 0.637096
 0 0.637097
 0 0.637097
 0 0.6371
 0 0.63711
 0 0.637154
 0 0.637154
 0 0.637154
 0 0.637154
 0 0.637154
 0 0.637179
 0 0.637208
 0 0.63721
 0 0.637211
 0 0.637211
 0 0.637212
 0 0.637213
 0 0.63722
 0 0.637221
 0 0.637221
 0 0.637233
 0 0.63725
 0 0.63725
 0 0.637315
 0 0.637324
 0 0.637324
 0 0.637346
 0 0.637346
 0 0.637347
 0 0.637347
 0 0.637347
 0 0.63737
 0 0.637371
 0 0.637376
 0 0.63738
 0 0.63738
 0 0.63738
 0 0.637403
 0 0.637403
 0 0.637409
 0 0.637409
 0 0.637409
 0 0.637415
 0 0.637416
 0 0.637425
 0 0.637425
 0 0.63747
 0 0.63747
 0 0.63747
 0 0.63747
 0 0.637472
 0 0.637485
 0 0.637533
 0 0.637561
 0 0.63759
 0 0.63759
 0 0.63759
 0 0.63759
 0 0.63759
 0 0.637627
 0 0.637627
 0 0.637629
 0 0.637629
 0 0.637629
 0 0.637641
 0 0.637641
 0 0.637642
 0 0.637646
 0 0.63766
 0 0.637662
 0 0.637662
 0 0.637686
 0 0.637687
 0 0.637704
 0 0.637704
 0 0.637723
 0 0.637753
 0 0.637812
 0 0.637813
 0 0.637844
 0 0.637845
 0 0.637886
 0 0.637886
 0 0.637886
 0 0.637888
 0 0.6379
 0 0.637943
 0 0.637948
 0 0.637949
 0 0.637949
 0 0.637953
 0 0.637953
 0 0.637973
 0 0.637974
 0 0.637976
 0 0.637977
 0 0.638001
 0 0.638032
 0 0.638032
 0 0.638032
 0 0.638033
 0 0.638033
 0 0.638058
 0 0.638058
 0 0.638073
 0 0.638073
 0 0.638074
 0 0.638074
 0 0.638074
 0 0.638107
 0 0.638152
 0 0.638153
 0 0.638153
 0 0.638155
 0 0.638155
 0 0.638162
 0 0.638162
 0 0.638185
 0 0.638191
 0 0.638193
 0 0.638193
 0 0.638193
 0 0.638195
 0 0.638207
 0 0.638207
 0 0.638208
 0 0.638211
 0 0.638224
 0 0.638224
 0 0.638224
 0 0.638253
 0 0.638254
 0 0.638311
 0 0.63834
 0 0.63834
 0 0.63834
 0 0.638346
 0 0.638349
 0 0.638366
 0 0.638367
 0 0.638377
 0 0.63838
 0 0.638381
 0 0.638399
 0 0.638401
 0 0.638421
 0 0.638421
 0 0.638438
 0 0.638467
 0 0.638471
 0 0.638472
 0 0.638476
 0 0.638476
 0 0.638492
 0 0.638534
 0 0.638552
 0 0.638561
 0 0.638561
 0 0.638561
 0 0.638579
 0 0.638589
 0 0.638589
 0 0.638651
 0 0.638699
 0 0.638721
 0 0.638763
 0 0.638763
 0 0.638803
 0 0.638803
 0 0.638803
 0 0.638872
 0 0.638873
 0 0.638873
 0 0.638878
 0 0.638879
 0 0.638905
 0 0.638906
 0 0.638906
 0 0.638908
 0 0.638937
 0 0.638937
 0 0.638937
 0 0.638965
 0 0.638966
 0 0.638985
 0 0.638986
 0 0.639022
 0 0.639033
 0 0.639033
 0 0.639033
 0 0.639035
 0 0.639035
 0 0.639036
 0 0.639053
 0 0.639054
 0 0.639081
 0 0.639081
 0 0.639082
 0 0.639102
 0 0.639104
 0 0.639125
 0 0.639125
 0 0.639208
 0 0.639208
 0 0.639221
 0 0.639221
 0 0.639269
 0 0.639297
 0 0.639297
 0 0.6393
 0 0.639301
 0 0.639301
 0 0.639333
 0 0.639335
 0 0.639351
 0 0.639464
 0 0.639464
 0 0.639464
 0 0.639464
 0 0.639465
 0 0.639465
 0 0.639465
 0 0.639465
 0 0.639465
 0 0.639476
 0 0.639508
 0 0.639509
 0 0.639516
 0 0.63953
 0 0.63953
 0 0.639582
 0 0.639652
 0 0.639664
 0 0.639664
 0 0.639671
 0 0.639671
 0 0.639685
 0 0.639685
 0 0.639685
 0 0.639715
 0 0.639755
 0 0.639757
 0 0.639772
 0 0.639773
 0 0.639795
 0 0.639795
 0 0.639795
 0 0.639862
 0 0.639863
 0 0.639885
 0 0.639886
 0 0.639906
 0 0.639906
 0 0.63991
 0 0.639959
 0 0.639959
 0 0.639959
 0 0.639985
 0 0.640039
 0 0.640039
 0 0.640089
 0 0.64009
 0 0.64009
 0 0.640091
 0 0.640106
 0 0.640106
 0 0.640116
 0 0.640158
 0 0.640165
 0 0.640165
 0 0.640173
 0 0.640196
 0 0.640213
 0 0.640213
 0 0.640214
 0 0.640223
 0 0.640223
 0 0.640224
 0 0.640225
 0 0.640312
 0 0.640312
 0 0.640314
 0 0.640314
 0 0.640315
 0 0.640316
 0 0.640487
 0 0.640531
 0 0.640676
 0 0.640676
 0 0.640691
 0 0.640838
 0 0.6409
 0 0.6409
 0 0.640922
 0 0.640938
 0 0.640938
 0 0.640944
 0 0.640945
 0 0.641038
 0 0.641039
 0 0.641053
 0 0.641389
 0 0.641389
 0 0.641441
 0 0.641441
 0 0.641538
 0 0.64154
 0 0.641564
 0 0.641602
 0 0.641602
 0 0.641907
 0 0.641908
 0 0.641999
 0 0.642017
 0 0.642229
 0 0.642229
 0 0.642266
 0 0.642269
 0 0.64227
 0 0.642276
 0 0.642278
 0 0.642278
 0 0.6423
 0 0.6423
 0 0.6423
 0 0.64234
 0 0.64234
 0 0.642344
 0 0.642487
 0 0.642497
 0 0.64254
 0 0.642544
 0 0.64256
 0 0.642561
 0 0.642564
 0 0.642564
 0 0.642722
 0 0.642749
 0 0.642795
 0 0.642795
 0 0.642795
 0 0.643019
 0 0.643062
 0 0.643128
 0 0.643132
 0 0.643132
 0 0.643221
 0 0.643221
 0 0.643221
 0 0.643221
 0 0.643238
 0 0.643445
 0 0.643446
 0 0.643811
 0 0.643857
 0 0.643857
 0 0.643858
 0 0.643868
 0 0.643868
 0 0.644095
 0 0.644095
 0 0.644205
 0 0.644412
 0 0.644413
 0 0.644413
 0 0.64461
 0 0.64461
 0 0.644811
 0 0.645076
 0 0.645076
 0 0.645076
 0 0.645403
 0 0.64544
 0 0.645442
 0 0.645508
 0 0.645906
 0 0.646198
 0 0.646198
 0 0.646276
 0 0.646277
 0 0.646277
 0 0.646329
 0 0.646329
 0 0.6467
 0 0.647041
 0 0.649467
 0 0.649467
 0 0.649468
 0 0.649782
 0 0.650398
 0 0.650398
 0 inf
