 0 0.491213
 0 0.492084
 0 0.492084
 0 0.492085
 0 0.492085
 0 0.492307
 0 0.495819
 0 0.495819
 0 0.496731
 0 0.496731
 0 0.496732
 0 0.497141
 0 0.616718
 0 0.616718
 0 0.616719
 0 0.617153
 0 0.6175
 0 0.617501
 0 0.622772
 0 0.622772
 0 0.622772
 0 0.623113
 0 0.623114
 0 0.623767
 0 0.624023
 0 0.624323
 0 0.624323
 0 0.624351
 0 0.624352
 0 0.624487
 0 0.624489
 0 0.624527
 0 0.624528
 0 0.624603
 0 0.624604
 0 0.624721
 0 0.624721
 0 0.624943
 0 0.624943
 0 0.624958
 0 0.624959
 0 0.6251
 0 0.625135
 0 0.625154
 0 0.625155
 0 0.625322
 0 0.625353
 0 0.625362
 0 0.625365
 0 0.625365
 0 0.625365
 0 0.625365
 0 0.625387
 0 0.625414
 0 0.625417
 0 0.62548
 0 0.625486
 0 0.625512
 0 0.625512
 0 0.625575
 0 0.62569
 0 0.625691
 0 0.625692
 0 0.625798
 0 0.625799
 0 0.625799
 0 0.62582
 0 0.62582
 0 0.625877
 0 0.625877
 0 0.625877
 0 0.625878
 0 0.625926
 0 0.625926
 0 0.625934
 0 0.625934
 0 0.625955
 0 0.625956
 0 0.625957
 0 0.625957
 0 0.626018
 0 0.626018
 0 0.626018
 0 0.626021
 0 0.62603
 0 0.626032
 0 0.626046
 0 0.626047
 0 0.626047
 0 0.62608
 0 0.62608
 0 0.626114
 0 0.626114
 0 0.626115
 0 0.626161
 0 0.626161
 0 0.626162
 0 0.62618
 0 0.626206
 0 0.626206
 0 0.626206
 0 0.626216
 0 0.626222
 0 0.626222
 0 0.626285
 0 0.626356
 0 0.626357
 0 0.62641
 0 0.62641
 0 0.626451
 0 0.626451
 0 0.626453
 0 0.626519
 0 0.626519
 0 0.626523
 0 0.626523
 0 0.626523
 0 0.626605
 0 0.626645
 0 0.626645
 0 0.626656
 0 0.626689
 0 0.62669
 0 0.626701
 0 0.626752
 0 0.626755
 0 0.626914
 0 0.626944
 0 0.626944
 0 0.627024
 0 0.627097
 0 0.62712
 0 0.627124
 0 0.627131
 0 0.627208
 0 0.627208
 0 0.627208
 0 0.627257
 0 0.627258
 0 0.627315
 0 0.627315
 0 0.627316
 0 0.627341
 0 0.627341
 0 0.627343
 0 0.627344
 0 0.627344
 0 0.627348
 0 0.62737
 0 0.627383
 0 0.627393
 0 0.627401
 0 0.627401
 0 0.627401
 0 0.627408
 0 0.627408
 0 0.627409
 0 0.627429
 0 0.627429
 0 0.627472
 0 0.627499
 0 0.627507
 0 0.627507
 0 0.627536
 0 0.627576
 0 0.627618
 0 0.627619
 0 0.627683
 0 0.627717
 0 0.627718
 0 0.627769
 0 0.627794
 0 0.6278
 0 0.6278
 0 0.627801
 0 0.628009
 0 0.628072
 0 0.628116
 0 0.628116
 0 0.62816
 0 0.628169
 0 0.628193
 0 0.628236
 0 0.628237
 0 0.628257
 0 0.628257
 0 0.628257
 0 0.628268
 0 0.628268
 0 0.628268
 0 0.628268
 0 0.628277
 0 0.628277
 0 0.628302
 0 0.628323
 0 0.628323
 0 0.628371
 0 0.628371
 0 0.628371
 0 0.628382
 0 0.62839
 0 0.62839
 0 0.62839
 0 0.628391
 0 0.628403
 0 0.628451
 0 0.628467
 0 0.628469
 0 0.628494
 0 0.628496
 0 0.628496
 0 0.628514
 0 0.628515
 0 0.628545
 0 0.628545
 0 0.628545
 0 0.628589
 0 0.62859
 0 0.62859
 0 0.62859
 0 0.628591
 0 0.628592
 0 0.62861
 0 0.6287
 0 0.628701
 0 0.628701
 0 0.628701
 0 0.628701
 0 0.628733
 0 0.628733
 0 0.628734
 0 0.628879
 0 0.628888
 0 0.628888
 0 0.628899
 0 0.628927
 0 0.628927
 0 0.628962
 0 0.628972
 0 0.628972
 0 0.628982
 0 0.628982
 0 0.628982
 0 0.62901
 0 0.629011
 0 0.629011
 0 0.629012
 0 0.629013
 0 0.629013
 0 0.629026
 0 0.629038
 0 0.629039
 0 0.629064
 0 0.629102
 0 0.629102
 0 0.629146
 0 0.629146
 0 0.629146
 0 0.629174
 0 0.629271
 0 0.629281
 0 0.629281
 0 0.629285
 0 0.629285
 0 0.629285
 0 0.629287
 0 0.629287
 0 0.629302
 0 0.62934
 0 0.629351
 0 0.629388
 0 0.629389
 0 0.62939
 0 0.62939
 0 0.62939
 0 0.629418
 0 0.629432
 0 0.629433
 0 0.629434
 0 0.629453
 0 0.629496
 0 0.629543
 0 0.629548
 0 0.62955
 0 0.62955
 0 0.629566
 0 0.629568
 0 0.629586
 0 0.629601
 0 0.629607
 0 0.629608
 0 0.629608
 0 0.629609
 0 0.629619
 0 0.629627
 0 0.629628
 0 0.629629
 0 0.629629
 0 0.629629
 0 0.629669
 0 0.629671
 0 0.629686
 0 0.629687
 0 0.629696
 0 0.629698
 0 0.629706
 0 0.629722
 0 0.629743
 0 0.629743
 0 0.629754
 0 0.629754
 0 0.629758
 0 0.629759
 0 0.629777
 0 0.629777
 0 0.629801
 0 0.629802
 0 0.629802
 0 0.629815
 0 0.62986
 0 0.629861
 0 0.629864
 0 0.629931
 0 0.629932
 0 0.629935
 0 0.629982
 0 0.630042
 0 0.630095
 0 0.630154
 0 0.630163
 0 0.630163
 0 0.630163
 0 0.630242
 0 0.630243
 0 0.630247
 0 0.630247
 0 0.6303
 0 0.6303
 0 0.63035
 0 0.63035
 0 0.63035
 0 0.6304
 0 0.630401
 0 0.630401
 0 0.630401
 0 0.630416
 0 0.630416
 0 0.630424
 0 0.630424
 0 0.630424
 0 0.630437
 0 0.630439
 0 0.630456
 0 0.630463
 0 0.630464
 0 0.630464
 0 0.630468
 0 0.630511
 0 0.630511
 0 0.630516
 0 0.630516
 0 0.630528
 0 0.630528
 0 0.630541
 0 0.630548
 0 0.630551
 0 0.630553
 0 0.630553
 0 0.630553
 0 0.630566
 0 0.630581
 0 0.630582
 0 0.630597
 0 0.630614
 0 0.630614
 0 0.630634
 0 0.630634
 0 0.630664
 0 0.630664
 0 0.63068
 0 0.630681
 0 0.630681
 0 0.630681
 0 0.63069
 0 0.630716
 0 0.630717
 0 0.630724
 0 0.630724
 0 0.630724
 0 0.630739
 0 0.630761
 0 0.630761
 0 0.630768
 0 0.630768
 0 0.630768
 0 0.630787
 0 0.630817
 0 0.630817
 0 0.630818
 0 0.630824
 0 0.630825
 0 0.630825
 0 0.630829
 0 0.63083
 0 0.63083
 0 0.63083
 0 0.63083
 0 0.630859
 0 0.631007
 0 0.631007
 0 0.631007
 0 0.631025
 0 0.631025
 0 0.631027
 0 0.63105
 0 0.631055
 0 0.631055
 0 0.631055
 0 0.631058
 0 0.631063
 0 0.631146
 0 0.631146
 0 0.631146
 0 0.631149
 0 0.631151
 0 0.631153
 0 0.631156
 0 0.631192
 0 0.631192
 0 0.631209
 0 0.631211
 0 0.631211
 0 0.631212
 0 0.631212
 0 0.631212
 0 0.631212
 0 0.631213
 0 0.631236
 0 0.631236
 0 0.631242
 0 0.631242
 0 0.631242
 0 0.631251
 0 0.631291
 0 0.631355
 0 0.631401
 0 0.631401
 0 0.631403
 0 0.631412
 0 0.631412
 0 0.631419
 0 0.631419
 0 0.631451
 0 0.631473
 0 0.631494
 0 0.631497
 0 0.631497
 0 0.631498
 0 0.631498
 0 0.631498
 0 0.631544
 0 0.631545
 0 0.631546
 0 0.63157
 0 0.631573
 0 0.631573
 0 0.631573
 0 0.631573
 0 0.631576
 0 0.631589
 0 0.631589
 0 0.631589
 0 0.631602
 0 0.63164
 0 0.631641
 0 0.631641
 0 0.631641
 0 0.631642
 0 0.631665
 0 0.631665
 0 0.631667
 0 0.631678
 0 0.631682
 0 0.631712
 0 0.631712
 0 0.631713
 0 0.631717
 0 0.631717
 0 0.631735
 0 0.631741
 0 0.631775
 0 0.631777
 0 0.631802
 0 0.631802
 0 0.631802
 0 0.631802
 0 0.631825
 0 0.631843
 0 0.631844
 0 0.631844
 0 0.631844
 0 0.631898
 0 0.631905
 0 0.631906
 0 0.631907
 0 0.631907
 0 0.631913
 0 0.631953
 0 0.631958
 0 0.631967
 0 0.631967
 0 0.631975
 0 0.631976
 0 0.631982
 0 0.631982
 0 0.631994
 0 0.631994
 0 0.631995
 0 0.632021
 0 0.63207
 0 0.632078
 0 0.632078
 0 0.632084
 0 0.632084
 0 0.632112
 0 0.632112
 0 0.632112
 0 0.632113
 0 0.632128
 0 0.632128
 0 0.632136
 0 0.632136
 0 0.63216
 0 0.63216
 0 0.632161
 0 0.632206
 0 0.632207
 0 0.632207
 0 0.632209
 0 0.632294
 0 0.632296
 0 0.632325
 0 0.632325
 0 0.632346
 0 0.632346
 0 0.632346
 0 0.632346
 0 0.632346
 0 0.632346
 0 0.632347
 0 0.632359
 0 0.632378
 0 0.632393
 0 0.632394
 0 0.632394
 0 0.632403
 0 0.632428
 0 0.632428
 0 0.632431
 0 0.632445
 0 0.632456
 0 0.632456
 0 0.63246
 0 0.63246
 0 0.63247
 0 0.63247
 0 0.632472
 0 0.632472
 0 0.632475
 0 0.632475
 0 0.632475
 0 0.632475
 0 0.632478
 0 0.632479
 0 0.632508
 0 0.632508
 0 0.632509
 0 0.63251
 0 0.632512
 0 0.632516
 0 0.632516
 0 0.632527
 0 0.632565
 0 0.632566
 0 0.632571
 0 0.632571
 0 0.632571
 0 0.632572
 0 0.632572
 0 0.632573
 0 0.632613
 0 0.632615
 0 0.632617
 0 0.632618
 0 0.632621
 0 0.63263
 0 0.63263
 0 0.632648
 0 0.632649
 0 0.632652
 0 0.632652
 0 0.632659
 0 0.632659
 0 0.632696
 0 0.632727
 0 0.632727
 0 0.632727
 0 0.632743
 0 0.632743
 0 0.632753
 0 0.632753
 0 0.632754
 0 0.63276
 0 0.632762
 0 0.632763
 0 0.632764
 0 0.632764
 0 0.632764
 0 0.632764
 0 0.632788
 0 0.632805
 0 0.632807
 0 0.632807
 0 0.632807
 0 0.632807
 0 0.632809
 0 0.632814
 0 0.632814
 0 0.632814
 0 0.632826
 0 0.632826
 0 0.632826
 0 0.632826
 0 0.632836
 0 0.632838
 0 0.632851
 0 0.632864
 0 0.632865
 0 0.632865
 0 0.632865
 0 0.632866
 0 0.632866
 0 0.632879
 0 0.632882
 0 0.632882
 0 0.632882
 0 0.632882
 0 0.632883
 0 0.632884
 0 0.632918
 0 0.632919
 0 0.632919
 0 0.632919
 0 0.632925
 0 0.632926
 0 0.632926
 0 0.63293
 0 0.632932
 0 0.632944
 0 0.632948
 0 0.632948
 0 0.632949
 0 0.632952
 0 0.632953
 0 0.632956
 0 0.632956
 0 0.632957
 0 0.632957
 0 0.632989
 0 0.632989
 0 0.632989
 0 0.632993
 0 0.633013
 0 0.633025
 0 0.633025
 0 0.633025
 0 0.633055
 0 0.633067
 0 0.633067
 0 0.633067
 0 0.633067
 0 0.63307
 0 0.633073
 0 0.633073
 0 0.633073
 0 0.633073
 0 0.633073
 0 0.633113
 0 0.633114
 0 0.633114
 0 0.633159
 0 0.633174
 0 0.633187
 0 0.633187
 0 0.633187
 0 0.633187
 0 0.633188
 0 0.633188
 0 0.633188
 0 0.633188
 0 0.633199
 0 0.6332
 0 0.6332
 0 0.633202
 0 0.633202
 0 0.633202
 0 0.633202
 0 0.633203
 0 0.633206
 0 0.633206
 0 0.633266
 0 0.633266
 0 0.633269
 0 0.633282
 0 0.633282
 0 0.633282
 0 0.6333
 0 0.633303
 0 0.633303
 0 0.633307
 0 0.633313
 0 0.633313
 0 0.633317
 0 0.633317
 0 0.63332
 0 0.633371
 0 0.633371
 0 0.633371
 0 0.633376
 0 0.633377
 0 0.633377
 0 0.63339
 0 0.633391
 0 0.633391
 0 0.633391
 0 0.633439
 0 0.633439
 0 0.63344
 0 0.63344
 0 0.633441
 0 0.633442
 0 0.633443
 0 0.633444
 0 0.633447
 0 0.633447
 0 0.633447
 0 0.633452
 0 0.633452
 0 0.633462
 0 0.633501
 0 0.633501
 0 0.633522
 0 0.633536
 0 0.633537
 0 0.633544
 0 0.633545
 0 0.633545
 0 0.633545
 0 0.633545
 0 0.633545
 0 0.633546
 0 0.63355
 0 0.633576
 0 0.633576
 0 0.633577
 0 0.633597
 0 0.633597
 0 0.633602
 0 0.633602
 0 0.633603
 0 0.633604
 0 0.63362
 0 0.633625
 0 0.633637
 0 0.633637
 0 0.633682
 0 0.633682
 0 0.633701
 0 0.633715
 0 0.633722
 0 0.633742
 0 0.633746
 0 0.633746
 0 0.633751
 0 0.633765
 0 0.633765
 0 0.633776
 0 0.633776
 0 0.633799
 0 0.633802
 0 0.633802
 0 0.633806
 0 0.633816
 0 0.633816
 0 0.633816
 0 0.633816
 0 0.633824
 0 0.633842
 0 0.633842
 0 0.633842
 0 0.633856
 0 0.633864
 0 0.633865
 0 0.633866
 0 0.633866
 0 0.633878
 0 0.633888
 0 0.633895
 0 0.633916
 0 0.633955
 0 0.633963
 0 0.633963
 0 0.633964
 0 0.63398
 0 0.63398
 0 0.633992
 0 0.633992
 0 0.633992
 0 0.633992
 0 0.634002
 0 0.634002
 0 0.634002
 0 0.634008
 0 0.634013
 0 0.634013
 0 0.634017
 0 0.634017
 0 0.634018
 0 0.634058
 0 0.634077
 0 0.634089
 0 0.6341
 0 0.6341
 0 0.634123
 0 0.634131
 0 0.634132
 0 0.634156
 0 0.634156
 0 0.634158
 0 0.634175
 0 0.634176
 0 0.63419
 0 0.63419
 0 0.63419
 0 0.63419
 0 0.634207
 0 0.634207
 0 0.634229
 0 0.634243
 0 0.634244
 0 0.634256
 0 0.634256
 0 0.634256
 0 0.634256
 0 0.634259
 0 0.63426
 0 0.634271
 0 0.634288
 0 0.63429
 0 0.634297
 0 0.634302
 0 0.634302
 0 0.634336
 0 0.634339
 0 0.634342
 0 0.634348
 0 0.634349
 0 0.63439
 0 0.634402
 0 0.634403
 0 0.634403
 0 0.634403
 0 0.634411
 0 0.634411
 0 0.634454
 0 0.634455
 0 0.634468
 0 0.634493
 0 0.634493
 0 0.634493
 0 0.634495
 0 0.634495
 0 0.634503
 0 0.634533
 0 0.634533
 0 0.634534
 0 0.634534
 0 0.63456
 0 0.63456
 0 0.63456
 0 0.634561
 0 0.634562
 0 0.634562
 0 0.634565
 0 0.634567
 0 0.634594
 0 0.634594
 0 0.634604
 0 0.634607
 0 0.634611
 0 0.634626
 0 0.63463
 0 0.63463
 0 0.634632
 0 0.634634
 0 0.634642
 0 0.634663
 0 0.634668
 0 0.634668
 0 0.634669
 0 0.63467
 0 0.63467
 0 0.634676
 0 0.634677
 0 0.634686
 0 0.634701
 0 0.634702
 0 0.634703
 0 0.634704
 0 0.634704
 0 0.634704
 0 0.634705
 0 0.63471
 0 0.634743
 0 0.634744
 0 0.634775
 0 0.634775
 0 0.634775
 0 0.634793
 0 0.634799
 0 0.634799
 0 0.634799
 0 0.634799
 0 0.634804
 0 0.634812
 0 0.634812
 0 0.634812
 0 0.634812
 0 0.634812
 0 0.634818
 0 0.634819
 0 0.634843
 0 0.634846
 0 0.634846
 0 0.634856
 0 0.634858
 0 0.634877
 0 0.634903
 0 0.634903
 0 0.634903
 0 0.634903
 0 0.634924
 0 0.634925
 0 0.634925
 0 0.634925
 0 0.634959
 0 0.634959
 0 0.63496
 0 0.634963
 0 0.634963
 0 0.634984
 0 0.635033
 0 0.63505
 0 0.635051
 0 0.635063
 0 0.635078
 0 0.635078
 0 0.635079
 0 0.63508
 0 0.63508
 0 0.63508
 0 0.63509
 0 0.63509
 0 0.635117
 0 0.635117
 0 0.635118
 0 0.635133
 0 0.635144
 0 0.635145
 0 0.635145
 0 0.635157
 0 0.635158
 0 0.635158
 0 0.635176
 0 0.635177
 0 0.63518
 0 0.635211
 0 0.635211
 0 0.635211
 0 0.635211
 0 0.635223
 0 0.635223
 0 0.635223
 0 0.635227
 0 0.63523
 0 0.635231
 0 0.635243
 0 0.635249
 0 0.635249
 0 0.635265
 0 0.635274
 0 0.635285
 0 0.635286
 0 0.635302
 0 0.635302
 0 0.635312
 0 0.635318
 0 0.635318
 0 0.635321
 0 0.635377
 0 0.635422
 0 0.63544
 0 0.635441
 0 0.635475
 0 0.635475
 0 0.635475
 0 0.635482
 0 0.635482
 0 0.635485
 0 0.635486
 0 0.635491
 0 0.635494
 0 0.635494
 0 0.635495
 0 0.635504
 0 0.635505
 0 0.635508
 0 0.63552
 0 0.635554
 0 0.635554
 0 0.635556
 0 0.635556
 0 0.635567
 0 0.63557
 0 0.63557
 0 0.635571
 0 0.635571
 0 0.635571
 0 0.635596
 0 0.635598
 0 0.635605
 0 0.635605
 0 0.635605
 0 0.635606
 0 0.635606
 0 0.635606
 0 0.635625
 0 0.635626
 0 0.635649
 0 0.635655
 0 0.635656
 0 0.635656
 0 0.635656
 0 0.635657
 0 0.635659
 0 0.635659
 0 0.63567
 0 0.635703
 0 0.635724
 0 0.635724
 0 0.63574
 0 0.635777
 0 0.635785
 0 0.635787
 0 0.635795
 0 0.635796
 0 0.635796
 0 0.635815
 0 0.635838
 0 0.635838
 0 0.635838
 0 0.635843
 0 0.635845
 0 0.63586
 0 0.63586
 0 0.635866
 0 0.63589
 0 0.635891
 0 0.635893
 0 0.635894
 0 0.635894
 0 0.635894
 0 0.6359
 0 0.6359
 0 0.6359
 0 0.6359
 0 0.635901
 0 0.635919
 0 0.635944
 0 0.635946
 0 0.635966
 0 0.635988
 0 0.635988
 0 0.63607
 0 0.63607
 0 0.636082
 0 0.636084
 0 0.636125
 0 0.636125
 0 0.636127
 0 0.636128
 0 0.636155
 0 0.636156
 0 0.636156
 0 0.6362
 0 0.636204
 0 0.636204
 0 0.636204
 0 0.636204
 0 0.636206
 0 0.636206
 0 0.636206
 0 0.636206
 0 0.636206
 0 0.636244
 0 0.636255
 0 0.636256
 0 0.636266
 0 0.636266
 0 0.636276
 0 0.636279
 0 0.636305
 0 0.636306
 0 0.63631
 0 0.636341
 0 0.636341
 0 0.636375
 0 0.636377
 0 0.636379
 0 0.636379
 0 0.636379
 0 0.636392
 0 0.636406
 0 0.636425
 0 0.636426
 0 0.636428
 0 0.636428
 0 0.636445
 0 0.636445
 0 0.636461
 0 0.636475
 0 0.636491
 0 0.6365
 0 0.636501
 0 0.636598
 0 0.636598
 0 0.636598
 0 0.636627
 0 0.636627
 0 0.636635
 0 0.636636
 0 0.636639
 0 0.636639
 0 0.63664
 0 0.636652
 0 0.636652
 0 0.636673
 0 0.636673
 0 0.636674
 0 0.636675
 0 0.636693
 0 0.636711
 0 0.636711
 0 0.636711
 0 0.636711
 0 0.636711
 0 0.636719
 0 0.636725
 0 0.636731
 0 0.636773
 0 0.636775
 0 0.636778
 0 0.636788
 0 0.636788
 0 0.636794
 0 0.636806
 0 0.636806
 0 0.636822
 0 0.636826
 0 0.636846
 0 0.636846
 0 0.636858
 0 0.636859
 0 0.636859
 0 0.636874
 0 0.636874
 0 0.636906
 0 0.636908
 0 0.636921
 0 0.636921
 0 0.636923
 0 0.636953
 0 0.636957
 0 0.636973
 0 0.636976
 0 0.636988
 0 0.637008
 0 0.637008
 0 0.637008
 0 0.637028
 0 0.637028
 0 0.637033
 0 0.637041
 0 0.637042
 0 0.637044
 0 0.637044
 0 0.637047
 0 0.637061
 0 0.637077
 0 0.637097
 0 0.637097
 0 0.637113
 0 0.637117
 0 0.637137
 0 0.637138
 0 0.637138
 0 0.637155
 0 0.637182
 0 0.637183
 0 0.637185
 0 0.637185
 0 0.637197
 0 0.637198
 0 0.637208
 0 0.637211
 0 0.637211
 0 0.637236
 0 0.637253
 0 0.637253
 0 0.637273
 0 0.637273
 0 0.637294
 0 0.637294
 0 0.637295
 0 0.637295
 0 0.637307
 0 0.637308
 0 0.637308
 0 0.637326
 0 0.637327
 0 0.637332
 0 0.637334
 0 0.637349
 0 0.637349
 0 0.637351
 0 0.637364
 0 0.637365
 0 0.637365
 0 0.637381
 0 0.637381
 0 0.637381
 0 0.637429
 0 0.63743
 0 0.637431
 0 0.637443
 0 0.637447
 0 0.637471
 0 0.637499
 0 0.637499
 0 0.6375
 0 0.637512
 0 0.637518
 0 0.637561
 0 0.637562
 0 0.637565
 0 0.637589
 0 0.637597
 0 0.637604
 0 0.637607
 0 0.637607
 0 0.637616
 0 0.637617
 0 0.637617
 0 0.63764
 0 0.63764
 0 0.63764
 0 0.637641
 0 0.637644
 0 0.637644
 0 0.637669
 0 0.6377
 0 0.6377
 0 0.6377
 0 0.6377
 0 0.637718
 0 0.637731
 0 0.637766
 0 0.637766
 0 0.637773
 0 0.637773
 0 0.637773
 0 0.637804
 0 0.637804
 0 0.637804
 0 0.637815
 0 0.637815
 0 0.637816
 0 0.637816
 0 0.637817
 0 0.637817
 0 0.637818
 0 0.637818
 0 0.637835
 0 0.637835
 0 0.637836
 0 0.637841
 0 0.637854
 0 0.637854
 0 0.637854
 0 0.637854
 0 0.637855
 0 0.637879
 0 0.637879
 0 0.637907
 0 0.637944
 0 0.637944
 0 0.637944
 0 0.637983
 0 0.638019
 0 0.63802
 0 0.638023
 0 0.638023
 0 0.638023
 0 0.638023
 0 0.638033
 0 0.638033
 0 0.638036
 0 0.638036
 0 0.638036
 0 0.63817
 0 0.638171
 0 0.63819
 0 0.63819
 0 0.6382
 0 0.63823
 0 0.638232
 0 0.638232
 0 0.638301
 0 0.638301
 0 0.638301
 0 0.638302
 0 0.638327
 0 0.638327
 0 0.638327
 0 0.638327
 0 0.638342
 0 0.638346
 0 0.638346
 0 0.638346
 0 0.638346
 0 0.638357
 0 0.638359
 0 0.638401
 0 0.638408
 0 0.638436
 0 0.638436
 0 0.638437
 0 0.638457
 0 0.638457
 0 0.638488
 0 0.638533
 0 0.63854
 0 0.63854
 0 0.638562
 0 0.638563
 0 0.638565
 0 0.638565
 0 0.638596
 0 0.638596
 0 0.638596
 0 0.638604
 0 0.638604
 0 0.638605
 0 0.638606
 0 0.638615
 0 0.638628
 0 0.638647
 0 0.638647
 0 0.638655
 0 0.638656
 0 0.638656
 0 0.638752
 0 0.638752
 0 0.638752
 0 0.638788
 0 0.638838
 0 0.638863
 0 0.638938
 0 0.639045
 0 0.639063
 0 0.639063
 0 0.639118
 0 0.639174
 0 0.639174
 0 0.639185
 0 0.639185
 0 0.639253
 0 0.639254
 0 0.639423
 0 0.639423
 0 0.639423
 0 0.639508
 0 0.639532
 0 0.639573
 0 0.639588
 0 0.639588
 0 0.639603
 0 0.639603
 0 0.639612
 0 0.639612
 0 0.639612
 0 0.639612
 0 0.639613
 0 0.639691
 0 0.63972
 0 0.639805
 0 0.639828
 0 0.639829
 0 0.63983
 0 0.63983
 0 0.63983
 0 0.63988
 0 0.63988
 0 0.63988
 0 0.639891
 0 0.639892
 0 0.639949
 0 0.63997
 0 0.63997
 0 0.639971
 0 0.64003
 0 0.640044
 0 0.640045
 0 0.640177
 0 0.640177
 0 0.640177
 0 0.640326
 0 0.640326
 0 0.640342
 0 0.640404
 0 0.640404
 0 0.640469
 0 0.640471
 0 0.640472
 0 0.640516
 0 0.640516
 0 0.640517
 0 0.640518
 0 0.640692
 0 0.640692
 0 0.640694
 0 0.640694
 0 0.64076
 0 0.641077
 0 0.641077
 0 0.641197
 0 0.641197
 0 0.641198
 0 0.641198
 0 0.641366
 0 0.641412
 0 0.64144
 0 0.641463
 0 0.641465
 0 0.641489
 0 0.64149
 0 0.64149
 0 0.641552
 0 0.641581
 0 0.641581
 0 0.641602
 0 0.641602
 0 0.641603
 0 0.641632
 0 0.641633
 0 0.641643
 0 0.641643
 0 0.641687
 0 0.641879
 0 0.641926
 0 0.641926
 0 0.642128
 0 0.642129
 0 0.64241
 0 0.642411
 0 0.642411
 0 0.64244
 0 0.64244
 0 0.642459
 0 0.642459
 0 0.642562
 0 0.642562
 0 0.642562
 0 0.642611
 0 0.642611
 0 0.642611
 0 0.642634
 0 0.642655
 0 0.642655
 0 0.642655
 0 0.642685
 0 0.642687
 0 0.642687
 0 0.64272
 0 0.643031
 0 0.643031
 0 0.643031
 0 0.643031
 0 0.643031
 0 0.643059
 0 0.643086
 0 0.643139
 0 0.643139
 0 0.64314
 0 0.643143
 0 0.643143
 0 0.643175
 0 0.643259
 0 0.64361
 0 0.643611
 0 0.643611
 0 0.643683
 0 0.643684
 0 0.643687
 0 0.643687
 0 0.643751
 0 0.644156
 0 0.644156
 0 0.644433
 0 0.644434
 0 0.646282
 0 0.646312
 0 0.646313
 0 0.647187
 0 0.647187
 0 0.647187
 0 inf
