 0 0.494956
 0 0.495162
 0 0.495162
 0 0.495391
 0 0.495393
 0 0.495393
 0 0.499217
 0 0.499243
 0 0.500137
 0 0.500137
 0 0.500159
 0 0.50016
 0 0.624362
 0 0.624543
 0 0.624549
 0 0.62455
 0 0.62455
 0 0.62455
 0 0.62504
 0 0.62519
 0 0.625304
 0 0.625304
 0 0.625322
 0 0.625862
 0 0.625937
 0 0.625937
 0 0.625938
 0 0.626021
 0 0.626163
 0 0.626163
 0 0.626164
 0 0.626196
 0 0.62627
 0 0.62627
 0 0.626283
 0 0.626452
 0 0.626452
 0 0.626602
 0 0.626644
 0 0.626765
 0 0.626765
 0 0.626866
 0 0.626866
 0 0.626866
 0 0.627138
 0 0.627138
 0 0.627219
 0 0.627451
 0 0.627454
 0 0.627475
 0 0.627476
 0 0.627493
 0 0.627516
 0 0.627525
 0 0.627574
 0 0.627574
 0 0.627574
 0 0.627653
 0 0.627709
 0 0.627709
 0 0.62771
 0 0.627746
 0 0.627753
 0 0.627871
 0 0.627878
 0 0.627882
 0 0.62792
 0 0.62792
 0 0.62801
 0 0.62801
 0 0.628021
 0 0.628027
 0 0.628037
 0 0.628057
 0 0.628058
 0 0.62806
 0 0.62806
 0 0.628085
 0 0.628132
 0 0.628132
 0 0.628148
 0 0.628148
 0 0.628151
 0 0.628211
 0 0.628275
 0 0.628279
 0 0.628287
 0 0.628354
 0 0.628365
 0 0.628365
 0 0.628366
 0 0.628486
 0 0.628486
 0 0.628497
 0 0.628497
 0 0.628497
 0 0.628498
 0 0.6285
 0 0.628502
 0 0.628514
 0 0.628521
 0 0.628549
 0 0.628556
 0 0.628565
 0 0.628565
 0 0.628565
 0 0.628566
 0 0.628618
 0 0.628618
 0 0.62862
 0 0.628626
 0 0.628626
 0 0.628627
 0 0.628631
 0 0.628631
 0 0.628631
 0 0.62868
 0 0.628691
 0 0.628699
 0 0.628714
 0 0.628718
 0 0.628718
 0 0.628739
 0 0.628744
 0 0.628764
 0 0.628772
 0 0.628772
 0 0.628773
 0 0.628777
 0 0.628778
 0 0.628802
 0 0.628835
 0 0.628844
 0 0.628844
 0 0.62888
 0 0.628881
 0 0.628882
 0 0.628882
 0 0.628883
 0 0.628888
 0 0.628889
 0 0.628889
 0 0.628905
 0 0.628908
 0 0.628908
 0 0.628908
 0 0.628908
 0 0.628963
 0 0.628986
 0 0.628986
 0 0.628986
 0 0.628994
 0 0.629014
 0 0.629029
 0 0.629035
 0 0.629035
 0 0.629046
 0 0.629064
 0 0.629064
 0 0.629065
 0 0.629066
 0 0.629069
 0 0.629069
 0 0.629069
 0 0.629074
 0 0.629091
 0 0.629091
 0 0.629091
 0 0.629092
 0 0.629117
 0 0.629117
 0 0.629118
 0 0.629141
 0 0.629141
 0 0.629149
 0 0.629154
 0 0.629154
 0 0.629154
 0 0.62916
 0 0.629162
 0 0.629175
 0 0.629178
 0 0.629186
 0 0.629186
 0 0.629186
 0 0.629193
 0 0.629194
 0 0.629199
 0 0.629201
 0 0.629202
 0 0.629237
 0 0.62924
 0 0.62924
 0 0.629242
 0 0.629258
 0 0.629261
 0 0.629261
 0 0.629272
 0 0.629272
 0 0.629343
 0 0.629349
 0 0.629349
 0 0.62941
 0 0.629411
 0 0.62942
 0 0.62942
 0 0.62942
 0 0.62942
 0 0.629427
 0 0.629432
 0 0.629432
 0 0.629447
 0 0.629477
 0 0.629477
 0 0.629477
 0 0.629478
 0 0.629479
 0 0.629487
 0 0.629487
 0 0.629487
 0 0.629496
 0 0.629496
 0 0.629506
 0 0.629506
 0 0.629507
 0 0.629507
 0 0.629509
 0 0.629519
 0 0.629519
 0 0.629524
 0 0.629526
 0 0.629527
 0 0.629534
 0 0.629535
 0 0.629559
 0 0.629566
 0 0.629658
 0 0.629692
 0 0.629693
 0 0.629702
 0 0.629704
 0 0.629704
 0 0.629704
 0 0.629705
 0 0.629705
 0 0.629706
 0 0.629706
 0 0.629706
 0 0.629707
 0 0.629711
 0 0.629729
 0 0.629755
 0 0.629756
 0 0.629769
 0 0.629769
 0 0.629783
 0 0.629783
 0 0.629783
 0 0.629787
 0 0.629861
 0 0.62987
 0 0.629871
 0 0.629871
 0 0.629899
 0 0.629899
 0 0.6299
 0 0.629902
 0 0.629906
 0 0.629906
 0 0.629906
 0 0.629906
 0 0.629908
 0 0.629924
 0 0.629937
 0 0.629949
 0 0.62995
 0 0.629951
 0 0.629961
 0 0.629964
 0 0.629964
 0 0.629972
 0 0.629974
 0 0.629983
 0 0.629984
 0 0.629984
 0 0.62999
 0 0.62999
 0 0.62999
 0 0.62999
 0 0.630012
 0 0.630021
 0 0.630021
 0 0.630024
 0 0.630025
 0 0.630036
 0 0.630045
 0 0.63007
 0 0.63007
 0 0.63007
 0 0.630071
 0 0.630086
 0 0.630087
 0 0.630107
 0 0.630121
 0 0.630123
 0 0.630131
 0 0.630132
 0 0.630136
 0 0.630136
 0 0.630137
 0 0.630139
 0 0.63014
 0 0.630192
 0 0.630195
 0 0.630195
 0 0.630227
 0 0.630233
 0 0.630236
 0 0.630246
 0 0.630252
 0 0.630266
 0 0.630269
 0 0.630283
 0 0.630284
 0 0.630286
 0 0.630293
 0 0.630294
 0 0.630295
 0 0.6303
 0 0.630301
 0 0.630307
 0 0.630318
 0 0.630318
 0 0.630323
 0 0.630323
 0 0.630328
 0 0.630349
 0 0.630352
 0 0.630353
 0 0.630354
 0 0.630363
 0 0.630363
 0 0.630365
 0 0.630376
 0 0.630378
 0 0.630378
 0 0.630378
 0 0.630378
 0 0.63038
 0 0.63038
 0 0.630383
 0 0.630384
 0 0.630385
 0 0.630405
 0 0.63041
 0 0.630411
 0 0.630411
 0 0.630412
 0 0.630424
 0 0.630424
 0 0.630425
 0 0.630425
 0 0.630431
 0 0.630431
 0 0.630461
 0 0.630461
 0 0.630464
 0 0.630465
 0 0.630486
 0 0.630496
 0 0.630499
 0 0.630499
 0 0.630502
 0 0.630535
 0 0.630551
 0 0.630551
 0 0.630552
 0 0.630556
 0 0.630557
 0 0.630566
 0 0.630566
 0 0.630567
 0 0.630567
 0 0.630567
 0 0.63057
 0 0.63057
 0 0.63057
 0 0.630584
 0 0.630594
 0 0.630594
 0 0.630601
 0 0.630619
 0 0.630622
 0 0.630636
 0 0.630636
 0 0.630641
 0 0.630641
 0 0.630655
 0 0.630668
 0 0.630669
 0 0.630669
 0 0.630669
 0 0.630678
 0 0.63068
 0 0.630696
 0 0.630698
 0 0.630715
 0 0.630715
 0 0.630715
 0 0.630722
 0 0.630724
 0 0.630725
 0 0.630725
 0 0.630725
 0 0.630755
 0 0.630776
 0 0.630776
 0 0.630808
 0 0.630815
 0 0.630816
 0 0.630816
 0 0.630816
 0 0.630817
 0 0.630821
 0 0.630821
 0 0.630822
 0 0.630827
 0 0.630828
 0 0.63083
 0 0.630839
 0 0.630844
 0 0.63087
 0 0.630883
 0 0.630883
 0 0.630885
 0 0.630889
 0 0.630914
 0 0.63092
 0 0.63092
 0 0.63094
 0 0.63094
 0 0.630943
 0 0.630951
 0 0.630964
 0 0.630965
 0 0.630965
 0 0.630983
 0 0.630986
 0 0.631001
 0 0.631007
 0 0.631007
 0 0.631014
 0 0.631017
 0 0.63102
 0 0.631031
 0 0.631062
 0 0.631063
 0 0.631064
 0 0.631064
 0 0.631064
 0 0.631064
 0 0.631077
 0 0.631084
 0 0.631085
 0 0.631101
 0 0.631106
 0 0.631117
 0 0.631121
 0 0.631121
 0 0.631123
 0 0.631123
 0 0.631142
 0 0.631143
 0 0.631143
 0 0.631144
 0 0.631144
 0 0.631145
 0 0.631146
 0 0.631161
 0 0.631168
 0 0.631178
 0 0.631179
 0 0.631184
 0 0.631202
 0 0.631209
 0 0.631209
 0 0.631223
 0 0.631232
 0 0.631232
 0 0.631233
 0 0.631234
 0 0.631239
 0 0.631244
 0 0.631245
 0 0.631245
 0 0.631249
 0 0.631249
 0 0.631251
 0 0.631257
 0 0.631257
 0 0.631258
 0 0.631258
 0 0.63126
 0 0.63126
 0 0.631269
 0 0.631288
 0 0.631301
 0 0.631301
 0 0.631301
 0 0.631318
 0 0.631319
 0 0.631329
 0 0.63133
 0 0.631349
 0 0.631349
 0 0.631349
 0 0.631367
 0 0.631374
 0 0.631374
 0 0.631375
 0 0.631377
 0 0.6314
 0 0.631403
 0 0.631403
 0 0.631407
 0 0.631426
 0 0.631431
 0 0.631431
 0 0.631445
 0 0.631445
 0 0.631447
 0 0.631447
 0 0.631452
 0 0.631452
 0 0.631472
 0 0.631507
 0 0.631507
 0 0.631513
 0 0.631513
 0 0.631516
 0 0.631522
 0 0.631532
 0 0.631537
 0 0.631537
 0 0.631542
 0 0.631544
 0 0.631545
 0 0.631545
 0 0.631546
 0 0.631547
 0 0.631547
 0 0.631547
 0 0.631549
 0 0.631567
 0 0.631567
 0 0.631567
 0 0.631567
 0 0.631569
 0 0.631588
 0 0.631588
 0 0.631599
 0 0.631615
 0 0.631616
 0 0.631621
 0 0.63164
 0 0.631649
 0 0.63165
 0 0.631665
 0 0.631676
 0 0.631678
 0 0.631678
 0 0.63169
 0 0.631692
 0 0.631696
 0 0.631711
 0 0.631753
 0 0.631753
 0 0.631757
 0 0.631757
 0 0.631759
 0 0.631761
 0 0.631761
 0 0.631762
 0 0.631764
 0 0.631766
 0 0.631766
 0 0.631767
 0 0.631769
 0 0.631785
 0 0.631798
 0 0.631799
 0 0.631799
 0 0.6318
 0 0.6318
 0 0.6318
 0 0.631804
 0 0.631811
 0 0.631818
 0 0.631818
 0 0.631819
 0 0.631822
 0 0.631847
 0 0.631863
 0 0.631872
 0 0.631873
 0 0.631883
 0 0.631883
 0 0.631884
 0 0.631885
 0 0.631885
 0 0.631922
 0 0.631922
 0 0.631934
 0 0.631934
 0 0.631935
 0 0.631935
 0 0.631939
 0 0.631941
 0 0.631942
 0 0.631942
 0 0.631942
 0 0.631944
 0 0.631945
 0 0.631945
 0 0.631945
 0 0.631946
 0 0.631957
 0 0.631957
 0 0.631991
 0 0.631991
 0 0.631991
 0 0.631991
 0 0.631995
 0 0.631995
 0 0.631996
 0 0.631996
 0 0.632011
 0 0.632024
 0 0.632046
 0 0.632066
 0 0.632066
 0 0.632071
 0 0.632073
 0 0.632073
 0 0.632122
 0 0.632125
 0 0.632126
 0 0.632128
 0 0.632135
 0 0.63214
 0 0.63214
 0 0.632148
 0 0.63216
 0 0.632161
 0 0.632167
 0 0.632167
 0 0.632167
 0 0.632184
 0 0.632184
 0 0.63219
 0 0.632195
 0 0.632206
 0 0.632238
 0 0.632241
 0 0.632241
 0 0.632244
 0 0.632244
 0 0.632244
 0 0.632244
 0 0.632245
 0 0.632248
 0 0.632252
 0 0.632262
 0 0.632262
 0 0.632278
 0 0.632282
 0 0.632282
 0 0.632329
 0 0.63233
 0 0.632338
 0 0.632343
 0 0.632343
 0 0.632346
 0 0.632353
 0 0.632353
 0 0.632367
 0 0.63237
 0 0.63237
 0 0.632389
 0 0.632389
 0 0.63239
 0 0.632399
 0 0.632399
 0 0.632401
 0 0.632406
 0 0.632422
 0 0.63245
 0 0.632466
 0 0.632472
 0 0.632472
 0 0.632474
 0 0.632479
 0 0.632482
 0 0.632482
 0 0.632482
 0 0.632482
 0 0.632488
 0 0.632488
 0 0.632501
 0 0.632515
 0 0.632529
 0 0.63253
 0 0.63253
 0 0.632538
 0 0.632539
 0 0.632539
 0 0.632544
 0 0.632546
 0 0.632566
 0 0.632595
 0 0.632599
 0 0.632601
 0 0.632621
 0 0.632622
 0 0.632648
 0 0.632648
 0 0.632648
 0 0.632657
 0 0.632684
 0 0.632684
 0 0.632687
 0 0.632688
 0 0.632688
 0 0.63269
 0 0.632691
 0 0.632705
 0 0.632711
 0 0.632711
 0 0.632711
 0 0.632712
 0 0.632712
 0 0.632715
 0 0.632719
 0 0.632719
 0 0.632719
 0 0.632728
 0 0.632728
 0 0.63273
 0 0.632733
 0 0.632733
 0 0.632733
 0 0.632733
 0 0.632735
 0 0.632737
 0 0.632737
 0 0.632753
 0 0.632754
 0 0.632756
 0 0.632756
 0 0.632793
 0 0.632793
 0 0.632827
 0 0.632833
 0 0.632833
 0 0.632834
 0 0.632834
 0 0.632838
 0 0.63284
 0 0.63284
 0 0.632853
 0 0.632853
 0 0.632865
 0 0.632865
 0 0.632866
 0 0.632866
 0 0.632866
 0 0.632875
 0 0.632886
 0 0.632915
 0 0.632928
 0 0.63293
 0 0.632939
 0 0.63294
 0 0.63294
 0 0.632954
 0 0.632979
 0 0.63298
 0 0.63299
 0 0.632992
 0 0.632995
 0 0.632996
 0 0.632996
 0 0.633001
 0 0.633027
 0 0.633027
 0 0.633027
 0 0.63303
 0 0.633034
 0 0.633047
 0 0.633048
 0 0.633057
 0 0.633058
 0 0.633063
 0 0.633065
 0 0.633097
 0 0.633104
 0 0.633117
 0 0.633121
 0 0.633121
 0 0.633121
 0 0.633121
 0 0.633126
 0 0.633132
 0 0.633149
 0 0.633149
 0 0.633151
 0 0.633153
 0 0.63316
 0 0.63316
 0 0.63316
 0 0.633163
 0 0.633167
 0 0.633168
 0 0.633178
 0 0.63319
 0 0.633191
 0 0.633204
 0 0.633206
 0 0.633207
 0 0.633213
 0 0.633213
 0 0.633215
 0 0.633224
 0 0.633241
 0 0.633242
 0 0.633243
 0 0.633244
 0 0.633252
 0 0.633266
 0 0.633272
 0 0.633272
 0 0.633272
 0 0.633272
 0 0.633273
 0 0.633319
 0 0.633319
 0 0.633338
 0 0.633338
 0 0.63334
 0 0.63334
 0 0.63335
 0 0.633359
 0 0.633371
 0 0.633371
 0 0.633371
 0 0.633372
 0 0.633372
 0 0.633373
 0 0.633373
 0 0.633373
 0 0.633412
 0 0.633421
 0 0.633421
 0 0.633442
 0 0.633444
 0 0.633444
 0 0.633452
 0 0.633453
 0 0.633466
 0 0.633466
 0 0.633466
 0 0.633466
 0 0.633473
 0 0.6335
 0 0.633501
 0 0.633501
 0 0.633511
 0 0.633513
 0 0.633538
 0 0.633564
 0 0.633582
 0 0.633583
 0 0.633589
 0 0.633589
 0 0.6336
 0 0.633605
 0 0.633637
 0 0.633638
 0 0.633639
 0 0.633644
 0 0.633646
 0 0.63365
 0 0.633652
 0 0.633653
 0 0.633686
 0 0.633689
 0 0.633689
 0 0.633696
 0 0.633696
 0 0.633696
 0 0.633708
 0 0.633712
 0 0.633713
 0 0.633717
 0 0.633717
 0 0.633718
 0 0.633725
 0 0.633725
 0 0.633735
 0 0.633735
 0 0.633735
 0 0.633735
 0 0.633746
 0 0.633746
 0 0.633783
 0 0.633783
 0 0.633784
 0 0.633784
 0 0.633786
 0 0.633786
 0 0.633793
 0 0.633793
 0 0.633794
 0 0.633811
 0 0.633814
 0 0.633816
 0 0.633816
 0 0.633818
 0 0.633828
 0 0.633829
 0 0.633855
 0 0.633859
 0 0.633859
 0 0.633882
 0 0.633883
 0 0.633885
 0 0.633891
 0 0.633892
 0 0.633894
 0 0.633894
 0 0.633897
 0 0.633907
 0 0.633911
 0 0.633912
 0 0.633918
 0 0.633918
 0 0.633918
 0 0.633918
 0 0.633922
 0 0.633926
 0 0.633941
 0 0.633946
 0 0.633955
 0 0.633955
 0 0.633955
 0 0.633964
 0 0.633974
 0 0.633974
 0 0.633979
 0 0.633979
 0 0.634007
 0 0.634007
 0 0.634007
 0 0.634008
 0 0.634008
 0 0.634029
 0 0.634033
 0 0.634033
 0 0.634049
 0 0.634054
 0 0.634057
 0 0.634058
 0 0.634068
 0 0.634069
 0 0.634077
 0 0.634078
 0 0.634078
 0 0.634103
 0 0.634105
 0 0.634107
 0 0.634139
 0 0.634143
 0 0.634143
 0 0.634143
 0 0.634144
 0 0.634144
 0 0.634144
 0 0.634152
 0 0.634165
 0 0.634168
 0 0.634168
 0 0.634168
 0 0.634173
 0 0.634189
 0 0.634191
 0 0.634206
 0 0.634209
 0 0.63421
 0 0.63421
 0 0.63421
 0 0.63421
 0 0.634232
 0 0.634248
 0 0.634248
 0 0.634267
 0 0.634267
 0 0.634289
 0 0.634294
 0 0.634294
 0 0.634301
 0 0.634301
 0 0.634301
 0 0.634301
 0 0.634311
 0 0.634339
 0 0.634355
 0 0.634369
 0 0.634374
 0 0.634385
 0 0.634385
 0 0.634388
 0 0.63439
 0 0.63439
 0 0.634392
 0 0.634393
 0 0.634393
 0 0.634393
 0 0.634403
 0 0.634403
 0 0.634405
 0 0.634419
 0 0.63442
 0 0.63442
 0 0.634421
 0 0.634425
 0 0.634427
 0 0.634445
 0 0.634453
 0 0.634455
 0 0.634455
 0 0.634455
 0 0.634457
 0 0.634457
 0 0.634468
 0 0.634481
 0 0.634481
 0 0.634481
 0 0.634485
 0 0.634502
 0 0.634502
 0 0.634504
 0 0.634505
 0 0.63452
 0 0.634546
 0 0.63455
 0 0.634555
 0 0.63456
 0 0.634566
 0 0.634566
 0 0.634569
 0 0.634583
 0 0.634583
 0 0.634583
 0 0.634583
 0 0.634587
 0 0.634587
 0 0.634589
 0 0.634602
 0 0.634602
 0 0.634616
 0 0.634629
 0 0.634636
 0 0.634636
 0 0.634647
 0 0.634647
 0 0.634647
 0 0.634656
 0 0.634659
 0 0.634663
 0 0.634675
 0 0.634676
 0 0.634676
 0 0.634677
 0 0.634689
 0 0.634699
 0 0.634699
 0 0.634737
 0 0.634742
 0 0.634744
 0 0.634744
 0 0.634752
 0 0.634759
 0 0.634759
 0 0.634761
 0 0.634762
 0 0.634762
 0 0.634788
 0 0.634788
 0 0.63482
 0 0.634843
 0 0.634843
 0 0.634843
 0 0.634849
 0 0.634849
 0 0.63485
 0 0.634856
 0 0.634861
 0 0.634864
 0 0.634864
 0 0.634898
 0 0.634898
 0 0.634898
 0 0.634912
 0 0.634939
 0 0.63494
 0 0.634946
 0 0.634946
 0 0.634946
 0 0.634952
 0 0.634956
 0 0.634979
 0 0.635036
 0 0.635037
 0 0.635039
 0 0.635041
 0 0.635041
 0 0.635044
 0 0.635067
 0 0.63507
 0 0.635071
 0 0.635071
 0 0.635073
 0 0.635073
 0 0.635078
 0 0.63509
 0 0.635091
 0 0.635099
 0 0.635113
 0 0.635125
 0 0.635126
 0 0.635128
 0 0.635139
 0 0.635142
 0 0.635156
 0 0.635159
 0 0.635173
 0 0.635202
 0 0.635202
 0 0.635202
 0 0.635233
 0 0.635233
 0 0.635233
 0 0.635234
 0 0.635235
 0 0.635236
 0 0.635243
 0 0.635244
 0 0.635255
 0 0.635261
 0 0.635265
 0 0.635289
 0 0.635294
 0 0.635294
 0 0.635301
 0 0.635309
 0 0.635309
 0 0.635311
 0 0.635313
 0 0.635314
 0 0.635314
 0 0.635317
 0 0.635317
 0 0.635348
 0 0.635352
 0 0.635352
 0 0.635352
 0 0.635363
 0 0.635363
 0 0.635366
 0 0.635366
 0 0.635376
 0 0.635376
 0 0.635384
 0 0.635384
 0 0.635389
 0 0.63539
 0 0.635404
 0 0.63541
 0 0.635419
 0 0.635419
 0 0.635419
 0 0.635423
 0 0.635456
 0 0.635457
 0 0.635458
 0 0.635458
 0 0.635458
 0 0.63546
 0 0.63548
 0 0.63548
 0 0.63548
 0 0.635481
 0 0.635487
 0 0.635493
 0 0.635493
 0 0.635501
 0 0.635501
 0 0.635503
 0 0.635504
 0 0.635504
 0 0.635505
 0 0.635512
 0 0.635518
 0 0.635523
 0 0.635523
 0 0.635524
 0 0.635527
 0 0.635528
 0 0.635539
 0 0.635539
 0 0.63555
 0 0.63556
 0 0.635561
 0 0.635562
 0 0.635562
 0 0.635562
 0 0.635563
 0 0.635563
 0 0.635563
 0 0.635564
 0 0.635565
 0 0.635566
 0 0.635567
 0 0.63557
 0 0.63557
 0 0.63557
 0 0.635579
 0 0.635582
 0 0.635582
 0 0.635602
 0 0.635637
 0 0.635637
 0 0.635638
 0 0.63565
 0 0.635658
 0 0.635658
 0 0.635658
 0 0.635659
 0 0.635659
 0 0.635679
 0 0.635686
 0 0.635687
 0 0.635687
 0 0.635687
 0 0.635687
 0 0.635718
 0 0.635727
 0 0.635727
 0 0.635729
 0 0.635729
 0 0.635731
 0 0.635733
 0 0.635743
 0 0.635744
 0 0.635755
 0 0.635768
 0 0.635785
 0 0.635804
 0 0.635805
 0 0.635813
 0 0.635814
 0 0.635815
 0 0.635825
 0 0.635831
 0 0.635832
 0 0.635832
 0 0.635837
 0 0.635837
 0 0.63584
 0 0.635889
 0 0.635898
 0 0.635921
 0 0.635922
 0 0.635923
 0 0.635924
 0 0.635924
 0 0.635924
 0 0.635944
 0 0.635977
 0 0.635977
 0 0.635987
 0 0.635987
 0 0.635989
 0 0.635991
 0 0.635998
 0 0.636044
 0 0.636048
 0 0.63605
 0 0.636071
 0 0.636075
 0 0.636075
 0 0.636075
 0 0.636075
 0 0.636103
 0 0.636124
 0 0.636124
 0 0.636142
 0 0.636175
 0 0.636179
 0 0.636179
 0 0.636179
 0 0.63618
 0 0.636183
 0 0.636199
 0 0.636199
 0 0.636218
 0 0.636223
 0 0.636223
 0 0.636247
 0 0.636268
 0 0.636278
 0 0.636278
 0 0.63628
 0 0.636281
 0 0.636283
 0 0.636299
 0 0.636306
 0 0.636306
 0 0.636307
 0 0.636344
 0 0.636344
 0 0.636346
 0 0.636353
 0 0.636357
 0 0.636357
 0 0.636394
 0 0.636396
 0 0.636401
 0 0.636404
 0 0.636404
 0 0.63641
 0 0.636411
 0 0.63642
 0 0.636423
 0 0.636423
 0 0.63644
 0 0.636457
 0 0.636469
 0 0.636469
 0 0.636469
 0 0.63647
 0 0.636476
 0 0.636486
 0 0.636486
 0 0.636501
 0 0.636501
 0 0.636515
 0 0.636515
 0 0.636522
 0 0.636522
 0 0.63653
 0 0.63655
 0 0.636628
 0 0.63666
 0 0.63666
 0 0.63666
 0 0.63666
 0 0.636667
 0 0.636667
 0 0.636669
 0 0.636671
 0 0.636672
 0 0.636702
 0 0.636727
 0 0.636735
 0 0.636735
 0 0.636735
 0 0.63676
 0 0.636765
 0 0.63677
 0 0.636777
 0 0.63679
 0 0.636796
 0 0.636804
 0 0.636861
 0 0.636861
 0 0.636861
 0 0.63687
 0 0.636873
 0 0.636873
 0 0.636873
 0 0.636892
 0 0.636896
 0 0.636896
 0 0.636897
 0 0.636903
 0 0.636903
 0 0.636904
 0 0.636921
 0 0.636922
 0 0.636922
 0 0.636941
 0 0.636946
 0 0.636952
 0 0.636974
 0 0.636995
 0 0.637002
 0 0.63706
 0 0.637061
 0 0.637148
 0 0.63715
 0 0.63715
 0 0.63715
 0 0.637154
 0 0.637248
 0 0.637261
 0 0.637274
 0 0.637274
 0 0.637351
 0 0.637353
 0 0.637354
 0 0.637361
 0 0.637408
 0 0.637409
 0 0.637409
 0 0.63741
 0 0.637443
 0 0.637444
 0 0.637444
 0 0.637444
 0 0.637458
 0 0.637458
 0 0.637469
 0 0.637469
 0 0.637469
 0 0.63749
 0 0.637545
 0 0.637551
 0 0.637551
 0 0.637551
 0 0.637627
 0 0.637635
 0 0.637668
 0 0.637673
 0 0.637673
 0 0.637714
 0 0.637714
 0 0.637723
 0 0.637723
 0 0.637779
 0 0.637779
 0 0.637779
 0 0.637794
 0 0.637801
 0 0.637801
 0 0.637852
 0 0.637852
 0 0.637853
 0 0.637853
 0 0.637864
 0 0.637908
 0 0.637908
 0 0.637908
 0 0.637932
 0 0.637935
 0 0.637948
 0 0.638064
 0 0.638123
 0 0.638136
 0 0.638136
 0 0.638136
 0 0.638188
 0 0.638191
 0 0.638191
 0 0.638193
 0 0.638193
 0 0.63829
 0 0.638325
 0 0.638326
 0 0.638326
 0 0.638329
 0 0.638335
 0 0.638337
 0 0.638337
 0 0.638341
 0 0.638341
 0 0.638341
 0 0.638387
 0 0.638387
 0 0.638421
 0 0.638424
 0 0.638426
 0 0.638426
 0 0.638525
 0 0.638641
 0 0.638689
 0 0.638691
 0 0.638695
 0 0.638761
 0 0.638882
 0 0.638882
 0 0.638942
 0 0.638942
 0 0.638944
 0 0.638944
 0 0.638945
 0 0.638988
 0 0.63899
 0 0.63912
 0 0.639121
 0 0.639161
 0 0.639167
 0 0.639279
 0 0.639403
 0 0.639411
 0 0.639477
 0 0.639484
 0 0.639484
 0 0.639485
 0 0.639498
 0 0.639504
 0 0.639504
 0 0.639507
 0 0.639507
 0 0.639509
 0 0.639509
 0 0.639509
 0 0.639707
 0 0.639707
 0 0.639791
 0 0.640732
 0 0.640737
 0 0.640737
 0 0.641248
 0 0.64241
 0 0.642416
 0 inf
