 0 0.486058
 0 0.486495
 0 0.486495
 0 0.486495
 0 0.486495
 0 0.486734
 0 0.495066
 0 0.495611
 0 0.495611
 0 0.496015
 0 0.496018
 0 0.496018
 0 0.625701
 0 0.625709
 0 0.625824
 0 0.62646
 0 0.626487
 0 0.62652
 0 0.626655
 0 0.626677
 0 0.626677
 0 0.626738
 0 0.62674
 0 0.626881
 0 0.626933
 0 0.626934
 0 0.626934
 0 0.626934
 0 0.626955
 0 0.626955
 0 0.626957
 0 0.627098
 0 0.627098
 0 0.627175
 0 0.627175
 0 0.627176
 0 0.627176
 0 0.627183
 0 0.62723
 0 0.627236
 0 0.627237
 0 0.627404
 0 0.627408
 0 0.627418
 0 0.627419
 0 0.627458
 0 0.627465
 0 0.62758
 0 0.627582
 0 0.627631
 0 0.627632
 0 0.627657
 0 0.627694
 0 0.627694
 0 0.627694
 0 0.627694
 0 0.627718
 0 0.627748
 0 0.627752
 0 0.627752
 0 0.627781
 0 0.627839
 0 0.62784
 0 0.6279
 0 0.627902
 0 0.627962
 0 0.627963
 0 0.627964
 0 0.627964
 0 0.627968
 0 0.62797
 0 0.62797
 0 0.628035
 0 0.628036
 0 0.628036
 0 0.628215
 0 0.62825
 0 0.628352
 0 0.628381
 0 0.628381
 0 0.628381
 0 0.628424
 0 0.62844
 0 0.62844
 0 0.628477
 0 0.62855
 0 0.62855
 0 0.628583
 0 0.628583
 0 0.628662
 0 0.628669
 0 0.628743
 0 0.628744
 0 0.628759
 0 0.628761
 0 0.628762
 0 0.628766
 0 0.628766
 0 0.628774
 0 0.628775
 0 0.6288
 0 0.628803
 0 0.628803
 0 0.628883
 0 0.628901
 0 0.628901
 0 0.628908
 0 0.628949
 0 0.628949
 0 0.628949
 0 0.628953
 0 0.628953
 0 0.628959
 0 0.628959
 0 0.62896
 0 0.62896
 0 0.628991
 0 0.629006
 0 0.629013
 0 0.629057
 0 0.629134
 0 0.629134
 0 0.629141
 0 0.629141
 0 0.629141
 0 0.62917
 0 0.62919
 0 0.62919
 0 0.629198
 0 0.629314
 0 0.629316
 0 0.62932
 0 0.6294
 0 0.629411
 0 0.629411
 0 0.629434
 0 0.62944
 0 0.629465
 0 0.629465
 0 0.62947
 0 0.629472
 0 0.629534
 0 0.629534
 0 0.629535
 0 0.629546
 0 0.629546
 0 0.629598
 0 0.629651
 0 0.629652
 0 0.629652
 0 0.629652
 0 0.629654
 0 0.629654
 0 0.629668
 0 0.629671
 0 0.629671
 0 0.629671
 0 0.629703
 0 0.629703
 0 0.629711
 0 0.629719
 0 0.629719
 0 0.629719
 0 0.629749
 0 0.62975
 0 0.629755
 0 0.629755
 0 0.629756
 0 0.629777
 0 0.629777
 0 0.629778
 0 0.629778
 0 0.629787
 0 0.629792
 0 0.629811
 0 0.629813
 0 0.629813
 0 0.629862
 0 0.629863
 0 0.629868
 0 0.629871
 0 0.629871
 0 0.629873
 0 0.629922
 0 0.62997
 0 0.630048
 0 0.630051
 0 0.630055
 0 0.630081
 0 0.630099
 0 0.630099
 0 0.630099
 0 0.630119
 0 0.630119
 0 0.630122
 0 0.630122
 0 0.630122
 0 0.63013
 0 0.63013
 0 0.630131
 0 0.630165
 0 0.630165
 0 0.630165
 0 0.630169
 0 0.630169
 0 0.63017
 0 0.630171
 0 0.630171
 0 0.630177
 0 0.630181
 0 0.630181
 0 0.630185
 0 0.630189
 0 0.630189
 0 0.630229
 0 0.63023
 0 0.630236
 0 0.630262
 0 0.630262
 0 0.630272
 0 0.630272
 0 0.630308
 0 0.630308
 0 0.630308
 0 0.630336
 0 0.630432
 0 0.630458
 0 0.630497
 0 0.630497
 0 0.630511
 0 0.630519
 0 0.630529
 0 0.630529
 0 0.630577
 0 0.630584
 0 0.630584
 0 0.630584
 0 0.63059
 0 0.630595
 0 0.630598
 0 0.630623
 0 0.630639
 0 0.630639
 0 0.630641
 0 0.630655
 0 0.630655
 0 0.630655
 0 0.630655
 0 0.63066
 0 0.63066
 0 0.630661
 0 0.630661
 0 0.630669
 0 0.63067
 0 0.630672
 0 0.630678
 0 0.630707
 0 0.630713
 0 0.630808
 0 0.630837
 0 0.630838
 0 0.630858
 0 0.630864
 0 0.630877
 0 0.630878
 0 0.630881
 0 0.630882
 0 0.630882
 0 0.630895
 0 0.630898
 0 0.630898
 0 0.630898
 0 0.630899
 0 0.630899
 0 0.630912
 0 0.630914
 0 0.630924
 0 0.630948
 0 0.630948
 0 0.630958
 0 0.63096
 0 0.630985
 0 0.630986
 0 0.630987
 0 0.631002
 0 0.631003
 0 0.631003
 0 0.631006
 0 0.631007
 0 0.631042
 0 0.631067
 0 0.631067
 0 0.631089
 0 0.631092
 0 0.631093
 0 0.631126
 0 0.631136
 0 0.631136
 0 0.631164
 0 0.631197
 0 0.631198
 0 0.631198
 0 0.631221
 0 0.631222
 0 0.631334
 0 0.631335
 0 0.631335
 0 0.631368
 0 0.631373
 0 0.631373
 0 0.631375
 0 0.631377
 0 0.631378
 0 0.631384
 0 0.631384
 0 0.631384
 0 0.631385
 0 0.631388
 0 0.631388
 0 0.63139
 0 0.631391
 0 0.631392
 0 0.631393
 0 0.631395
 0 0.631395
 0 0.631395
 0 0.631395
 0 0.63142
 0 0.631429
 0 0.631433
 0 0.631437
 0 0.631437
 0 0.631439
 0 0.631451
 0 0.631451
 0 0.631451
 0 0.631463
 0 0.631466
 0 0.631466
 0 0.631577
 0 0.631618
 0 0.631622
 0 0.631622
 0 0.631624
 0 0.631631
 0 0.631656
 0 0.631711
 0 0.631722
 0 0.631732
 0 0.631735
 0 0.631751
 0 0.631753
 0 0.631767
 0 0.631769
 0 0.631772
 0 0.631781
 0 0.631781
 0 0.631789
 0 0.631793
 0 0.631798
 0 0.63181
 0 0.631811
 0 0.631834
 0 0.631844
 0 0.631844
 0 0.631846
 0 0.631846
 0 0.631848
 0 0.63186
 0 0.631934
 0 0.631935
 0 0.631935
 0 0.631939
 0 0.632
 0 0.632
 0 0.632002
 0 0.632005
 0 0.632019
 0 0.63202
 0 0.63202
 0 0.632022
 0 0.632022
 0 0.632023
 0 0.632027
 0 0.632029
 0 0.63203
 0 0.632036
 0 0.63206
 0 0.632061
 0 0.63208
 0 0.63208
 0 0.63208
 0 0.632081
 0 0.632081
 0 0.632091
 0 0.632091
 0 0.632108
 0 0.632122
 0 0.632142
 0 0.632143
 0 0.632143
 0 0.632143
 0 0.632143
 0 0.632144
 0 0.632144
 0 0.632144
 0 0.632166
 0 0.632168
 0 0.632192
 0 0.632192
 0 0.632194
 0 0.632199
 0 0.632205
 0 0.632205
 0 0.632225
 0 0.632225
 0 0.632226
 0 0.632237
 0 0.632241
 0 0.632245
 0 0.632245
 0 0.632263
 0 0.632263
 0 0.632273
 0 0.632289
 0 0.632289
 0 0.63229
 0 0.632296
 0 0.632316
 0 0.632316
 0 0.632316
 0 0.632319
 0 0.632319
 0 0.632358
 0 0.632358
 0 0.632359
 0 0.632359
 0 0.632361
 0 0.632362
 0 0.632369
 0 0.632369
 0 0.632396
 0 0.632401
 0 0.632401
 0 0.632401
 0 0.632401
 0 0.632404
 0 0.632404
 0 0.632404
 0 0.632404
 0 0.632406
 0 0.632421
 0 0.632421
 0 0.632421
 0 0.632428
 0 0.632429
 0 0.632429
 0 0.632459
 0 0.632459
 0 0.632463
 0 0.632463
 0 0.632464
 0 0.632466
 0 0.632466
 0 0.632476
 0 0.632477
 0 0.632477
 0 0.632478
 0 0.63248
 0 0.63248
 0 0.632511
 0 0.632511
 0 0.632511
 0 0.632511
 0 0.632514
 0 0.632519
 0 0.632519
 0 0.63252
 0 0.63252
 0 0.632521
 0 0.632522
 0 0.632522
 0 0.632563
 0 0.632571
 0 0.632577
 0 0.632581
 0 0.632582
 0 0.632582
 0 0.632583
 0 0.632584
 0 0.632584
 0 0.632584
 0 0.632588
 0 0.6326
 0 0.632611
 0 0.632611
 0 0.632611
 0 0.632614
 0 0.632614
 0 0.632618
 0 0.63262
 0 0.632621
 0 0.632643
 0 0.632643
 0 0.632646
 0 0.632653
 0 0.632676
 0 0.632682
 0 0.632682
 0 0.632682
 0 0.632691
 0 0.632715
 0 0.632716
 0 0.632716
 0 0.632722
 0 0.632723
 0 0.632726
 0 0.632729
 0 0.63275
 0 0.632773
 0 0.632774
 0 0.632776
 0 0.632776
 0 0.632777
 0 0.632781
 0 0.632785
 0 0.632787
 0 0.632799
 0 0.632811
 0 0.632811
 0 0.632812
 0 0.632814
 0 0.632814
 0 0.632819
 0 0.632819
 0 0.632821
 0 0.632821
 0 0.632824
 0 0.632854
 0 0.632857
 0 0.63286
 0 0.63286
 0 0.632865
 0 0.632866
 0 0.632866
 0 0.632869
 0 0.632876
 0 0.632876
 0 0.632876
 0 0.632886
 0 0.632892
 0 0.632892
 0 0.632893
 0 0.632905
 0 0.632905
 0 0.632924
 0 0.632926
 0 0.632927
 0 0.632931
 0 0.632942
 0 0.632943
 0 0.632943
 0 0.632946
 0 0.632957
 0 0.632957
 0 0.632966
 0 0.632966
 0 0.632978
 0 0.63298
 0 0.63298
 0 0.632989
 0 0.63299
 0 0.632994
 0 0.632994
 0 0.632995
 0 0.632995
 0 0.632997
 0 0.633009
 0 0.633009
 0 0.633009
 0 0.633014
 0 0.633014
 0 0.63302
 0 0.633021
 0 0.633026
 0 0.633026
 0 0.633026
 0 0.633027
 0 0.633033
 0 0.633043
 0 0.633043
 0 0.633043
 0 0.633044
 0 0.633044
 0 0.633045
 0 0.633063
 0 0.633068
 0 0.633069
 0 0.633072
 0 0.633072
 0 0.633079
 0 0.633079
 0 0.633085
 0 0.633085
 0 0.633085
 0 0.633088
 0 0.633088
 0 0.633089
 0 0.633097
 0 0.633098
 0 0.633098
 0 0.633098
 0 0.633113
 0 0.633133
 0 0.633145
 0 0.633166
 0 0.63317
 0 0.633174
 0 0.63318
 0 0.633195
 0 0.633213
 0 0.633216
 0 0.63322
 0 0.633222
 0 0.633227
 0 0.633256
 0 0.633263
 0 0.633263
 0 0.633263
 0 0.633264
 0 0.633264
 0 0.633282
 0 0.633282
 0 0.633286
 0 0.633288
 0 0.633288
 0 0.633289
 0 0.633303
 0 0.633313
 0 0.633315
 0 0.633315
 0 0.633316
 0 0.633316
 0 0.633317
 0 0.633319
 0 0.633348
 0 0.633366
 0 0.633367
 0 0.633367
 0 0.633367
 0 0.63337
 0 0.633378
 0 0.633379
 0 0.633381
 0 0.633382
 0 0.633386
 0 0.633402
 0 0.633418
 0 0.63342
 0 0.63342
 0 0.63342
 0 0.633426
 0 0.633426
 0 0.633429
 0 0.633429
 0 0.633435
 0 0.633435
 0 0.633438
 0 0.633438
 0 0.633446
 0 0.633459
 0 0.63348
 0 0.633481
 0 0.633481
 0 0.633481
 0 0.633482
 0 0.633482
 0 0.633483
 0 0.633488
 0 0.633506
 0 0.633534
 0 0.633539
 0 0.633542
 0 0.633542
 0 0.633544
 0 0.633545
 0 0.633546
 0 0.633546
 0 0.633546
 0 0.633552
 0 0.633555
 0 0.633558
 0 0.633566
 0 0.633571
 0 0.633571
 0 0.633571
 0 0.633571
 0 0.633578
 0 0.633578
 0 0.633593
 0 0.633593
 0 0.6336
 0 0.6336
 0 0.6336
 0 0.633601
 0 0.633602
 0 0.633602
 0 0.633611
 0 0.633613
 0 0.633613
 0 0.633613
 0 0.633613
 0 0.633613
 0 0.633623
 0 0.633625
 0 0.633626
 0 0.633626
 0 0.633626
 0 0.633629
 0 0.633629
 0 0.633629
 0 0.63363
 0 0.633631
 0 0.633632
 0 0.633633
 0 0.633638
 0 0.633641
 0 0.633643
 0 0.633643
 0 0.633643
 0 0.633647
 0 0.63365
 0 0.63365
 0 0.63366
 0 0.63366
 0 0.63367
 0 0.633683
 0 0.633687
 0 0.633687
 0 0.633691
 0 0.633727
 0 0.633742
 0 0.633742
 0 0.633743
 0 0.633743
 0 0.633754
 0 0.633754
 0 0.633759
 0 0.633765
 0 0.633765
 0 0.633769
 0 0.633774
 0 0.633775
 0 0.633787
 0 0.633799
 0 0.633799
 0 0.633819
 0 0.633819
 0 0.633837
 0 0.633869
 0 0.633876
 0 0.633887
 0 0.63389
 0 0.63389
 0 0.63389
 0 0.63389
 0 0.63389
 0 0.633902
 0 0.633902
 0 0.633902
 0 0.63391
 0 0.63391
 0 0.633935
 0 0.633935
 0 0.633935
 0 0.633935
 0 0.633939
 0 0.633939
 0 0.633946
 0 0.633947
 0 0.633948
 0 0.633951
 0 0.633964
 0 0.633964
 0 0.633964
 0 0.633966
 0 0.633973
 0 0.633973
 0 0.633974
 0 0.633979
 0 0.633979
 0 0.63398
 0 0.633985
 0 0.633992
 0 0.633992
 0 0.633995
 0 0.633996
 0 0.634001
 0 0.634001
 0 0.634001
 0 0.634005
 0 0.634009
 0 0.63401
 0 0.634018
 0 0.634021
 0 0.634021
 0 0.634024
 0 0.634026
 0 0.634036
 0 0.634039
 0 0.634054
 0 0.634061
 0 0.634061
 0 0.634065
 0 0.634072
 0 0.634073
 0 0.634075
 0 0.634075
 0 0.634081
 0 0.634081
 0 0.634081
 0 0.634081
 0 0.634081
 0 0.634085
 0 0.634086
 0 0.634086
 0 0.634098
 0 0.634111
 0 0.634113
 0 0.634113
 0 0.634113
 0 0.634118
 0 0.634118
 0 0.634129
 0 0.63413
 0 0.63413
 0 0.634134
 0 0.634135
 0 0.634135
 0 0.634138
 0 0.63414
 0 0.634143
 0 0.634144
 0 0.634149
 0 0.634155
 0 0.634156
 0 0.634169
 0 0.634169
 0 0.634181
 0 0.634181
 0 0.634185
 0 0.634185
 0 0.634201
 0 0.634206
 0 0.63423
 0 0.634235
 0 0.634235
 0 0.634235
 0 0.634235
 0 0.634235
 0 0.634235
 0 0.634239
 0 0.63424
 0 0.63424
 0 0.634256
 0 0.634256
 0 0.634257
 0 0.634263
 0 0.634269
 0 0.63428
 0 0.634284
 0 0.634284
 0 0.634284
 0 0.63429
 0 0.634291
 0 0.634301
 0 0.634302
 0 0.634302
 0 0.634303
 0 0.634303
 0 0.634307
 0 0.634313
 0 0.63432
 0 0.634329
 0 0.634333
 0 0.634333
 0 0.634341
 0 0.634341
 0 0.634341
 0 0.634341
 0 0.634354
 0 0.634359
 0 0.634359
 0 0.634359
 0 0.634363
 0 0.634374
 0 0.634381
 0 0.634383
 0 0.634383
 0 0.634402
 0 0.634405
 0 0.634416
 0 0.634419
 0 0.634426
 0 0.634426
 0 0.634426
 0 0.63445
 0 0.634458
 0 0.63446
 0 0.634482
 0 0.634482
 0 0.634496
 0 0.634506
 0 0.634507
 0 0.634516
 0 0.634523
 0 0.634548
 0 0.634569
 0 0.63457
 0 0.634572
 0 0.634584
 0 0.634585
 0 0.634585
 0 0.634586
 0 0.63459
 0 0.63459
 0 0.63459
 0 0.634618
 0 0.634618
 0 0.634636
 0 0.634638
 0 0.634639
 0 0.634643
 0 0.634644
 0 0.634644
 0 0.634644
 0 0.634644
 0 0.634644
 0 0.634647
 0 0.634681
 0 0.63469
 0 0.634692
 0 0.634692
 0 0.634719
 0 0.63472
 0 0.63472
 0 0.634722
 0 0.634722
 0 0.634735
 0 0.634739
 0 0.63474
 0 0.634772
 0 0.63478
 0 0.634785
 0 0.634785
 0 0.634794
 0 0.634794
 0 0.634802
 0 0.634802
 0 0.634806
 0 0.634811
 0 0.634822
 0 0.634823
 0 0.634823
 0 0.634825
 0 0.634825
 0 0.634827
 0 0.634829
 0 0.634829
 0 0.634831
 0 0.634832
 0 0.634834
 0 0.634834
 0 0.634835
 0 0.63485
 0 0.634851
 0 0.634851
 0 0.634851
 0 0.634851
 0 0.634859
 0 0.63486
 0 0.634879
 0 0.634879
 0 0.63488
 0 0.634881
 0 0.634881
 0 0.634881
 0 0.634883
 0 0.634883
 0 0.634883
 0 0.634884
 0 0.634894
 0 0.634895
 0 0.634897
 0 0.634897
 0 0.634897
 0 0.634919
 0 0.634919
 0 0.63492
 0 0.63492
 0 0.634921
 0 0.634939
 0 0.634944
 0 0.634966
 0 0.634966
 0 0.634983
 0 0.634986
 0 0.635006
 0 0.635013
 0 0.635018
 0 0.635018
 0 0.635019
 0 0.635023
 0 0.635026
 0 0.635045
 0 0.635045
 0 0.635045
 0 0.635055
 0 0.635077
 0 0.635077
 0 0.635077
 0 0.635077
 0 0.635078
 0 0.63508
 0 0.63508
 0 0.63508
 0 0.63509
 0 0.63509
 0 0.635097
 0 0.635099
 0 0.635102
 0 0.635102
 0 0.635115
 0 0.635115
 0 0.635115
 0 0.63512
 0 0.635123
 0 0.635157
 0 0.63516
 0 0.635162
 0 0.635165
 0 0.635172
 0 0.635187
 0 0.635187
 0 0.63519
 0 0.63519
 0 0.635215
 0 0.635215
 0 0.635219
 0 0.635221
 0 0.635228
 0 0.635228
 0 0.635228
 0 0.635229
 0 0.635229
 0 0.635229
 0 0.635247
 0 0.635248
 0 0.635262
 0 0.635267
 0 0.635274
 0 0.635274
 0 0.635275
 0 0.635284
 0 0.635285
 0 0.635285
 0 0.635285
 0 0.635303
 0 0.635304
 0 0.635304
 0 0.635309
 0 0.635309
 0 0.635318
 0 0.635335
 0 0.635336
 0 0.635344
 0 0.635358
 0 0.635365
 0 0.635365
 0 0.63537
 0 0.635372
 0 0.635401
 0 0.635405
 0 0.635405
 0 0.635408
 0 0.635414
 0 0.635416
 0 0.635416
 0 0.635418
 0 0.635433
 0 0.635433
 0 0.635449
 0 0.63545
 0 0.63545
 0 0.635471
 0 0.635496
 0 0.635497
 0 0.6355
 0 0.635501
 0 0.635522
 0 0.635538
 0 0.635538
 0 0.635539
 0 0.635539
 0 0.635541
 0 0.635545
 0 0.635545
 0 0.635547
 0 0.635547
 0 0.635554
 0 0.635554
 0 0.635555
 0 0.635555
 0 0.635557
 0 0.635557
 0 0.635557
 0 0.635561
 0 0.635575
 0 0.635576
 0 0.635577
 0 0.635577
 0 0.635589
 0 0.63559
 0 0.635591
 0 0.635594
 0 0.635594
 0 0.635613
 0 0.635614
 0 0.635614
 0 0.635614
 0 0.635614
 0 0.635643
 0 0.635662
 0 0.635663
 0 0.635669
 0 0.635679
 0 0.635699
 0 0.635699
 0 0.6357
 0 0.635702
 0 0.635713
 0 0.635713
 0 0.635719
 0 0.635721
 0 0.635724
 0 0.635724
 0 0.635724
 0 0.635727
 0 0.635738
 0 0.635765
 0 0.63577
 0 0.635771
 0 0.635773
 0 0.635774
 0 0.635775
 0 0.635776
 0 0.635781
 0 0.635782
 0 0.635811
 0 0.635812
 0 0.635813
 0 0.635815
 0 0.635816
 0 0.635817
 0 0.635819
 0 0.635871
 0 0.635871
 0 0.635871
 0 0.635884
 0 0.635884
 0 0.635899
 0 0.635912
 0 0.63593
 0 0.63593
 0 0.635936
 0 0.635943
 0 0.635943
 0 0.635951
 0 0.635951
 0 0.635954
 0 0.635954
 0 0.635955
 0 0.635967
 0 0.635969
 0 0.635969
 0 0.635969
 0 0.635969
 0 0.635969
 0 0.635969
 0 0.635999
 0 0.636
 0 0.636024
 0 0.636024
 0 0.636024
 0 0.636034
 0 0.636034
 0 0.636036
 0 0.636036
 0 0.636038
 0 0.63605
 0 0.63605
 0 0.636057
 0 0.636059
 0 0.63606
 0 0.636061
 0 0.636065
 0 0.636074
 0 0.636074
 0 0.636074
 0 0.636087
 0 0.636094
 0 0.636094
 0 0.636099
 0 0.636105
 0 0.636105
 0 0.636105
 0 0.63611
 0 0.63611
 0 0.63611
 0 0.636118
 0 0.636124
 0 0.636124
 0 0.636124
 0 0.636127
 0 0.636158
 0 0.636158
 0 0.636158
 0 0.63618
 0 0.63618
 0 0.636183
 0 0.636184
 0 0.636184
 0 0.636186
 0 0.636186
 0 0.636188
 0 0.636189
 0 0.636195
 0 0.636195
 0 0.6362
 0 0.636205
 0 0.636255
 0 0.636258
 0 0.636265
 0 0.636265
 0 0.636265
 0 0.636265
 0 0.636309
 0 0.636322
 0 0.636322
 0 0.636341
 0 0.636346
 0 0.636353
 0 0.636354
 0 0.636355
 0 0.636366
 0 0.636392
 0 0.636392
 0 0.636396
 0 0.636396
 0 0.636402
 0 0.636415
 0 0.636415
 0 0.636415
 0 0.636417
 0 0.636426
 0 0.636439
 0 0.636439
 0 0.636443
 0 0.636443
 0 0.636494
 0 0.636495
 0 0.636517
 0 0.636529
 0 0.63653
 0 0.63653
 0 0.636549
 0 0.63656
 0 0.63656
 0 0.636588
 0 0.636588
 0 0.63659
 0 0.636608
 0 0.636608
 0 0.636627
 0 0.636628
 0 0.636638
 0 0.63665
 0 0.63665
 0 0.636652
 0 0.63667
 0 0.63667
 0 0.636677
 0 0.636699
 0 0.6367
 0 0.63673
 0 0.636731
 0 0.636731
 0 0.636745
 0 0.636745
 0 0.636752
 0 0.636762
 0 0.636762
 0 0.636762
 0 0.636762
 0 0.636811
 0 0.636824
 0 0.636824
 0 0.636828
 0 0.636828
 0 0.636829
 0 0.63683
 0 0.63683
 0 0.63683
 0 0.63683
 0 0.636833
 0 0.636833
 0 0.636943
 0 0.636944
 0 0.636944
 0 0.637004
 0 0.637004
 0 0.637007
 0 0.63702
 0 0.63702
 0 0.637088
 0 0.637088
 0 0.637091
 0 0.637125
 0 0.637133
 0 0.637133
 0 0.637143
 0 0.637143
 0 0.637154
 0 0.637174
 0 0.637206
 0 0.637211
 0 0.637211
 0 0.637233
 0 0.637234
 0 0.637234
 0 0.637235
 0 0.637281
 0 0.637293
 0 0.637297
 0 0.637297
 0 0.637297
 0 0.637297
 0 0.637328
 0 0.637328
 0 0.637373
 0 0.637373
 0 0.637402
 0 0.637402
 0 0.637402
 0 0.637416
 0 0.637418
 0 0.637418
 0 0.637436
 0 0.637438
 0 0.637439
 0 0.637439
 0 0.637451
 0 0.637451
 0 0.637455
 0 0.637455
 0 0.637455
 0 0.637461
 0 0.637465
 0 0.637465
 0 0.637466
 0 0.637473
 0 0.637491
 0 0.637534
 0 0.637537
 0 0.637544
 0 0.637569
 0 0.637569
 0 0.637569
 0 0.637569
 0 0.637583
 0 0.637619
 0 0.637625
 0 0.637626
 0 0.637626
 0 0.637626
 0 0.637731
 0 0.637731
 0 0.637731
 0 0.637731
 0 0.637736
 0 0.637752
 0 0.637753
 0 0.637755
 0 0.63776
 0 0.637761
 0 0.637776
 0 0.637776
 0 0.637787
 0 0.637787
 0 0.637787
 0 0.637792
 0 0.637792
 0 0.637795
 0 0.637799
 0 0.637814
 0 0.637817
 0 0.637817
 0 0.637893
 0 0.637897
 0 0.637897
 0 0.637897
 0 0.637898
 0 0.637899
 0 0.637903
 0 0.637922
 0 0.637943
 0 0.637949
 0 0.637949
 0 0.63795
 0 0.63795
 0 0.637951
 0 0.637952
 0 0.637955
 0 0.637955
 0 0.637955
 0 0.637977
 0 0.638
 0 0.638
 0 0.638022
 0 0.638064
 0 0.638113
 0 0.638113
 0 0.638192
 0 0.638198
 0 0.638199
 0 0.638244
 0 0.638255
 0 0.638255
 0 0.638256
 0 0.638258
 0 0.638258
 0 0.638304
 0 0.638308
 0 0.638314
 0 0.638315
 0 0.63833
 0 0.63833
 0 0.63834
 0 0.63834
 0 0.63834
 0 0.63835
 0 0.638355
 0 0.638357
 0 0.63838
 0 0.638392
 0 0.638417
 0 0.638419
 0 0.638455
 0 0.638458
 0 0.638464
 0 0.638487
 0 0.63849
 0 0.63849
 0 0.638499
 0 0.638502
 0 0.638504
 0 0.638506
 0 0.638506
 0 0.638526
 0 0.638526
 0 0.638533
 0 0.638547
 0 0.638547
 0 0.638547
 0 0.638548
 0 0.638548
 0 0.638557
 0 0.638577
 0 0.63858
 0 0.638581
 0 0.638585
 0 0.638585
 0 0.638614
 0 0.638614
 0 0.638614
 0 0.638702
 0 0.638705
 0 0.638772
 0 0.638772
 0 0.638949
 0 0.638949
 0 0.638968
 0 0.638997
 0 0.639002
 0 0.639031
 0 0.639047
 0 0.639048
 0 0.639081
 0 0.639082
 0 0.639148
 0 0.639151
 0 0.639151
 0 0.639174
 0 0.639176
 0 0.639176
 0 0.63918
 0 0.639183
 0 0.639424
 0 0.639468
 0 0.639619
 0 0.639624
 0 0.639624
 0 0.640169
 0 0.640173
 0 0.640347
 0 0.640347
 0 0.640861
 0 0.640861
 0 0.640861
 0 0.640868
 0 0.640868
 0 0.641056
 0 0.641057
 0 0.641057
 0 0.641061
 0 0.641167
 0 0.641285
 0 0.641285
 0 0.641289
 0 0.641291
 0 0.643668
 0 0.643673
 0 0.64409
 0 0.644184
 0 0.644184
 0 0.644605
 0 inf
