 0 0.488516
 0 0.488518
 0 0.488718
 0 0.488719
 0 0.48872
 0 0.489146
 0 0.495244
 0 0.495752
 0 0.495752
 0 0.496093
 0 0.496154
 0 0.496157
 0 0.624327
 0 0.624572
 0 0.624572
 0 0.624901
 0 0.624962
 0 0.624962
 0 0.625212
 0 0.625212
 0 0.625213
 0 0.625216
 0 0.625224
 0 0.625298
 0 0.62558
 0 0.625786
 0 0.625792
 0 0.625989
 0 0.625989
 0 0.626121
 0 0.626238
 0 0.626238
 0 0.626522
 0 0.626523
 0 0.626681
 0 0.626805
 0 0.626987
 0 0.626987
 0 0.627112
 0 0.627112
 0 0.627112
 0 0.627112
 0 0.627228
 0 0.627229
 0 0.627231
 0 0.627261
 0 0.627262
 0 0.627262
 0 0.627384
 0 0.6274
 0 0.627529
 0 0.627664
 0 0.627786
 0 0.627796
 0 0.627994
 0 0.627994
 0 0.628
 0 0.628
 0 0.628004
 0 0.628008
 0 0.628019
 0 0.628029
 0 0.628029
 0 0.628029
 0 0.628033
 0 0.628033
 0 0.628033
 0 0.628033
 0 0.628034
 0 0.628038
 0 0.628038
 0 0.628038
 0 0.628116
 0 0.628147
 0 0.628163
 0 0.62818
 0 0.62818
 0 0.628248
 0 0.628255
 0 0.628343
 0 0.628343
 0 0.628349
 0 0.628349
 0 0.628349
 0 0.628392
 0 0.628421
 0 0.628421
 0 0.628488
 0 0.628488
 0 0.628511
 0 0.628543
 0 0.628581
 0 0.628596
 0 0.628606
 0 0.628612
 0 0.628613
 0 0.628687
 0 0.628687
 0 0.628723
 0 0.628724
 0 0.628744
 0 0.628774
 0 0.628776
 0 0.628794
 0 0.628794
 0 0.628794
 0 0.628794
 0 0.628798
 0 0.628798
 0 0.628799
 0 0.628844
 0 0.628851
 0 0.628909
 0 0.628909
 0 0.629005
 0 0.629078
 0 0.629112
 0 0.629112
 0 0.629115
 0 0.629116
 0 0.629244
 0 0.629244
 0 0.629245
 0 0.629245
 0 0.629267
 0 0.629315
 0 0.629315
 0 0.629325
 0 0.629326
 0 0.629326
 0 0.629342
 0 0.629342
 0 0.629342
 0 0.629346
 0 0.629347
 0 0.629369
 0 0.629402
 0 0.629442
 0 0.629461
 0 0.629461
 0 0.629477
 0 0.629477
 0 0.629547
 0 0.629547
 0 0.629563
 0 0.629606
 0 0.629606
 0 0.629606
 0 0.629606
 0 0.629608
 0 0.629662
 0 0.629663
 0 0.62967
 0 0.62967
 0 0.629734
 0 0.629739
 0 0.62974
 0 0.629764
 0 0.629829
 0 0.629829
 0 0.629874
 0 0.629948
 0 0.629972
 0 0.629997
 0 0.63003
 0 0.63003
 0 0.630032
 0 0.630033
 0 0.630035
 0 0.630035
 0 0.630042
 0 0.630081
 0 0.63009
 0 0.630096
 0 0.630104
 0 0.630111
 0 0.630155
 0 0.6302
 0 0.6302
 0 0.630209
 0 0.630212
 0 0.630226
 0 0.630226
 0 0.630241
 0 0.63031
 0 0.63034
 0 0.63034
 0 0.630343
 0 0.63035
 0 0.63035
 0 0.630352
 0 0.630396
 0 0.630409
 0 0.63041
 0 0.630453
 0 0.630469
 0 0.63047
 0 0.63047
 0 0.630472
 0 0.630479
 0 0.630487
 0 0.630487
 0 0.630536
 0 0.630544
 0 0.630595
 0 0.630597
 0 0.630597
 0 0.630635
 0 0.630637
 0 0.630692
 0 0.630692
 0 0.630692
 0 0.630692
 0 0.630695
 0 0.630752
 0 0.630752
 0 0.630752
 0 0.630761
 0 0.630761
 0 0.630817
 0 0.630818
 0 0.63084
 0 0.630848
 0 0.63086
 0 0.630875
 0 0.63088
 0 0.630911
 0 0.630966
 0 0.630991
 0 0.631046
 0 0.631046
 0 0.631048
 0 0.631051
 0 0.631051
 0 0.631065
 0 0.631066
 0 0.631082
 0 0.631095
 0 0.631124
 0 0.631125
 0 0.631125
 0 0.631126
 0 0.631128
 0 0.631148
 0 0.631186
 0 0.631188
 0 0.631198
 0 0.631199
 0 0.631203
 0 0.631203
 0 0.631204
 0 0.631208
 0 0.631209
 0 0.631213
 0 0.631213
 0 0.631214
 0 0.631266
 0 0.631266
 0 0.63127
 0 0.631293
 0 0.631293
 0 0.631343
 0 0.631343
 0 0.631343
 0 0.631347
 0 0.631352
 0 0.631353
 0 0.631365
 0 0.631382
 0 0.631445
 0 0.631445
 0 0.631445
 0 0.631445
 0 0.631469
 0 0.63151
 0 0.631528
 0 0.63154
 0 0.631562
 0 0.631596
 0 0.631596
 0 0.631598
 0 0.631608
 0 0.631639
 0 0.63164
 0 0.631641
 0 0.631641
 0 0.631647
 0 0.631647
 0 0.631653
 0 0.631654
 0 0.631659
 0 0.631661
 0 0.631668
 0 0.631668
 0 0.631674
 0 0.631674
 0 0.631675
 0 0.631677
 0 0.631677
 0 0.631677
 0 0.631684
 0 0.631685
 0 0.631685
 0 0.631804
 0 0.631804
 0 0.631804
 0 0.63181
 0 0.631812
 0 0.631827
 0 0.631827
 0 0.631845
 0 0.631866
 0 0.631866
 0 0.631866
 0 0.631885
 0 0.631886
 0 0.631886
 0 0.631886
 0 0.631889
 0 0.631889
 0 0.631939
 0 0.631939
 0 0.631939
 0 0.631939
 0 0.63196
 0 0.63196
 0 0.631972
 0 0.631972
 0 0.631982
 0 0.631992
 0 0.631992
 0 0.631998
 0 0.632009
 0 0.632015
 0 0.632015
 0 0.632015
 0 0.63203
 0 0.632031
 0 0.632043
 0 0.632043
 0 0.632053
 0 0.632094
 0 0.63211
 0 0.632119
 0 0.63212
 0 0.632122
 0 0.632124
 0 0.632133
 0 0.632142
 0 0.632143
 0 0.632144
 0 0.632148
 0 0.632148
 0 0.632156
 0 0.632156
 0 0.632156
 0 0.632157
 0 0.632158
 0 0.632163
 0 0.632163
 0 0.632163
 0 0.632167
 0 0.63218
 0 0.632181
 0 0.632208
 0 0.632208
 0 0.632218
 0 0.632218
 0 0.632225
 0 0.632235
 0 0.632235
 0 0.632236
 0 0.632249
 0 0.632252
 0 0.632259
 0 0.63226
 0 0.63226
 0 0.632284
 0 0.632286
 0 0.632298
 0 0.632302
 0 0.632302
 0 0.632304
 0 0.632312
 0 0.632313
 0 0.632313
 0 0.632314
 0 0.632345
 0 0.632359
 0 0.632359
 0 0.632359
 0 0.632407
 0 0.632407
 0 0.632407
 0 0.63241
 0 0.63241
 0 0.63242
 0 0.632421
 0 0.63243
 0 0.63243
 0 0.63243
 0 0.63243
 0 0.632442
 0 0.632442
 0 0.632442
 0 0.632447
 0 0.632456
 0 0.632457
 0 0.632461
 0 0.63248
 0 0.63248
 0 0.63248
 0 0.632484
 0 0.632484
 0 0.632484
 0 0.632485
 0 0.632497
 0 0.632502
 0 0.632502
 0 0.63254
 0 0.632543
 0 0.632543
 0 0.632564
 0 0.632564
 0 0.632572
 0 0.632591
 0 0.632596
 0 0.632605
 0 0.632605
 0 0.632605
 0 0.632606
 0 0.632608
 0 0.632615
 0 0.632615
 0 0.632615
 0 0.632616
 0 0.632616
 0 0.632617
 0 0.632626
 0 0.63263
 0 0.632638
 0 0.632639
 0 0.632639
 0 0.632654
 0 0.632654
 0 0.632664
 0 0.632688
 0 0.632688
 0 0.63269
 0 0.63269
 0 0.63269
 0 0.632691
 0 0.632694
 0 0.632695
 0 0.632695
 0 0.632695
 0 0.632697
 0 0.632701
 0 0.632701
 0 0.632701
 0 0.632701
 0 0.632701
 0 0.632703
 0 0.632709
 0 0.632709
 0 0.632709
 0 0.632709
 0 0.632713
 0 0.632714
 0 0.632716
 0 0.632717
 0 0.632719
 0 0.632721
 0 0.632721
 0 0.632722
 0 0.632722
 0 0.632722
 0 0.632726
 0 0.632735
 0 0.632743
 0 0.632745
 0 0.632749
 0 0.632762
 0 0.632765
 0 0.632772
 0 0.632776
 0 0.632776
 0 0.632777
 0 0.632781
 0 0.632781
 0 0.632787
 0 0.632789
 0 0.632794
 0 0.632794
 0 0.632795
 0 0.632811
 0 0.632812
 0 0.632812
 0 0.632816
 0 0.632818
 0 0.632824
 0 0.632839
 0 0.632869
 0 0.632869
 0 0.632894
 0 0.632905
 0 0.632925
 0 0.632925
 0 0.632925
 0 0.632932
 0 0.63294
 0 0.632949
 0 0.632951
 0 0.632952
 0 0.632953
 0 0.632963
 0 0.632976
 0 0.632976
 0 0.632979
 0 0.63298
 0 0.632981
 0 0.632982
 0 0.632983
 0 0.632989
 0 0.632992
 0 0.632992
 0 0.633019
 0 0.633019
 0 0.633019
 0 0.633019
 0 0.633025
 0 0.633035
 0 0.633043
 0 0.633043
 0 0.633043
 0 0.633064
 0 0.633064
 0 0.633079
 0 0.633079
 0 0.633083
 0 0.633083
 0 0.633092
 0 0.633096
 0 0.633097
 0 0.633103
 0 0.633103
 0 0.633104
 0 0.633104
 0 0.633122
 0 0.633122
 0 0.633136
 0 0.63314
 0 0.633141
 0 0.633148
 0 0.633148
 0 0.633149
 0 0.63315
 0 0.633152
 0 0.633157
 0 0.633162
 0 0.633162
 0 0.633167
 0 0.633171
 0 0.633171
 0 0.633174
 0 0.633183
 0 0.633193
 0 0.633193
 0 0.633197
 0 0.633198
 0 0.633199
 0 0.633201
 0 0.633204
 0 0.633205
 0 0.633213
 0 0.633222
 0 0.633227
 0 0.633227
 0 0.633241
 0 0.633241
 0 0.633241
 0 0.633242
 0 0.633263
 0 0.633265
 0 0.633265
 0 0.633265
 0 0.63328
 0 0.633315
 0 0.633322
 0 0.63334
 0 0.63334
 0 0.633347
 0 0.633362
 0 0.63337
 0 0.633376
 0 0.633376
 0 0.633381
 0 0.633386
 0 0.633402
 0 0.633405
 0 0.633405
 0 0.633405
 0 0.633406
 0 0.633408
 0 0.633408
 0 0.633419
 0 0.633428
 0 0.633429
 0 0.633431
 0 0.633432
 0 0.633433
 0 0.633446
 0 0.633448
 0 0.63346
 0 0.63346
 0 0.633463
 0 0.633463
 0 0.633469
 0 0.633469
 0 0.633471
 0 0.633471
 0 0.633474
 0 0.633474
 0 0.633474
 0 0.633474
 0 0.633481
 0 0.633488
 0 0.633494
 0 0.633509
 0 0.633509
 0 0.633512
 0 0.633512
 0 0.633512
 0 0.633513
 0 0.633528
 0 0.633535
 0 0.633557
 0 0.633557
 0 0.633557
 0 0.633557
 0 0.633557
 0 0.63356
 0 0.633574
 0 0.633578
 0 0.633579
 0 0.633579
 0 0.633584
 0 0.633592
 0 0.633593
 0 0.633598
 0 0.633599
 0 0.6336
 0 0.633603
 0 0.633603
 0 0.633607
 0 0.633608
 0 0.633613
 0 0.633614
 0 0.633616
 0 0.633616
 0 0.633622
 0 0.633623
 0 0.633623
 0 0.633623
 0 0.633623
 0 0.633634
 0 0.633641
 0 0.633665
 0 0.633665
 0 0.633666
 0 0.633667
 0 0.633668
 0 0.633668
 0 0.633669
 0 0.633676
 0 0.633678
 0 0.633678
 0 0.633679
 0 0.633683
 0 0.633683
 0 0.633683
 0 0.633683
 0 0.633695
 0 0.633695
 0 0.633707
 0 0.633709
 0 0.633709
 0 0.633714
 0 0.633722
 0 0.633722
 0 0.633727
 0 0.633731
 0 0.633745
 0 0.633746
 0 0.633746
 0 0.633747
 0 0.633748
 0 0.633771
 0 0.633771
 0 0.633773
 0 0.633779
 0 0.633781
 0 0.633806
 0 0.633806
 0 0.633808
 0 0.633809
 0 0.633809
 0 0.633809
 0 0.633818
 0 0.633818
 0 0.63383
 0 0.633831
 0 0.633846
 0 0.63385
 0 0.63385
 0 0.63385
 0 0.63385
 0 0.633859
 0 0.633881
 0 0.633896
 0 0.633897
 0 0.633903
 0 0.633923
 0 0.633923
 0 0.633924
 0 0.633931
 0 0.633934
 0 0.633948
 0 0.633949
 0 0.633949
 0 0.633966
 0 0.633967
 0 0.633967
 0 0.633971
 0 0.63398
 0 0.63398
 0 0.633981
 0 0.63399
 0 0.633994
 0 0.633994
 0 0.633997
 0 0.634008
 0 0.634009
 0 0.634012
 0 0.634018
 0 0.634018
 0 0.634025
 0 0.634028
 0 0.634028
 0 0.634029
 0 0.63403
 0 0.634033
 0 0.634035
 0 0.634035
 0 0.63405
 0 0.63405
 0 0.634052
 0 0.634057
 0 0.634088
 0 0.634092
 0 0.634094
 0 0.634095
 0 0.634096
 0 0.634096
 0 0.634099
 0 0.6341
 0 0.634105
 0 0.634106
 0 0.634106
 0 0.63411
 0 0.634111
 0 0.634114
 0 0.634115
 0 0.634115
 0 0.634127
 0 0.63413
 0 0.63413
 0 0.634131
 0 0.634134
 0 0.634146
 0 0.634183
 0 0.63419
 0 0.63419
 0 0.634194
 0 0.634198
 0 0.634202
 0 0.634203
 0 0.634203
 0 0.634203
 0 0.634205
 0 0.634205
 0 0.634206
 0 0.634206
 0 0.634206
 0 0.634206
 0 0.634208
 0 0.634211
 0 0.634215
 0 0.634217
 0 0.634223
 0 0.634226
 0 0.634226
 0 0.634226
 0 0.634226
 0 0.634226
 0 0.634236
 0 0.634238
 0 0.634239
 0 0.634239
 0 0.634239
 0 0.634242
 0 0.634243
 0 0.634249
 0 0.634249
 0 0.634252
 0 0.634262
 0 0.634264
 0 0.634271
 0 0.634277
 0 0.634279
 0 0.634279
 0 0.634279
 0 0.634284
 0 0.634302
 0 0.634304
 0 0.634304
 0 0.634319
 0 0.634319
 0 0.634319
 0 0.634326
 0 0.634326
 0 0.634326
 0 0.634332
 0 0.634333
 0 0.634333
 0 0.634338
 0 0.634338
 0 0.63434
 0 0.63434
 0 0.634341
 0 0.634347
 0 0.634365
 0 0.634365
 0 0.634365
 0 0.634365
 0 0.634383
 0 0.634391
 0 0.634391
 0 0.634392
 0 0.634408
 0 0.634408
 0 0.634408
 0 0.634417
 0 0.634425
 0 0.634435
 0 0.634436
 0 0.634439
 0 0.634448
 0 0.634449
 0 0.63445
 0 0.634456
 0 0.634457
 0 0.634464
 0 0.634464
 0 0.63447
 0 0.63447
 0 0.634471
 0 0.634471
 0 0.634477
 0 0.634479
 0 0.634481
 0 0.634487
 0 0.634487
 0 0.634487
 0 0.634487
 0 0.634493
 0 0.634505
 0 0.634515
 0 0.634526
 0 0.634538
 0 0.634538
 0 0.634538
 0 0.634545
 0 0.634549
 0 0.634572
 0 0.634584
 0 0.634588
 0 0.634598
 0 0.634615
 0 0.634615
 0 0.634616
 0 0.63462
 0 0.63462
 0 0.634621
 0 0.634625
 0 0.634625
 0 0.634628
 0 0.634632
 0 0.634635
 0 0.634635
 0 0.634636
 0 0.634637
 0 0.634637
 0 0.634646
 0 0.634647
 0 0.634661
 0 0.634661
 0 0.634661
 0 0.634662
 0 0.634663
 0 0.634663
 0 0.63468
 0 0.634682
 0 0.634682
 0 0.634682
 0 0.634683
 0 0.634694
 0 0.634724
 0 0.634726
 0 0.634726
 0 0.634726
 0 0.634727
 0 0.634737
 0 0.634746
 0 0.634746
 0 0.634747
 0 0.634747
 0 0.634748
 0 0.634748
 0 0.63475
 0 0.634755
 0 0.634763
 0 0.634765
 0 0.634767
 0 0.634767
 0 0.634773
 0 0.634773
 0 0.634777
 0 0.634777
 0 0.634777
 0 0.634778
 0 0.634786
 0 0.634794
 0 0.634802
 0 0.634802
 0 0.63481
 0 0.63481
 0 0.634815
 0 0.634817
 0 0.634818
 0 0.634819
 0 0.634827
 0 0.634827
 0 0.634829
 0 0.634829
 0 0.63485
 0 0.634855
 0 0.634862
 0 0.634873
 0 0.634873
 0 0.634886
 0 0.634886
 0 0.634886
 0 0.634887
 0 0.63489
 0 0.63489
 0 0.634893
 0 0.634894
 0 0.634911
 0 0.634922
 0 0.634922
 0 0.634923
 0 0.634927
 0 0.634934
 0 0.634947
 0 0.634947
 0 0.634951
 0 0.634952
 0 0.634953
 0 0.63497
 0 0.63497
 0 0.63497
 0 0.63497
 0 0.634973
 0 0.634975
 0 0.634975
 0 0.634976
 0 0.634979
 0 0.634979
 0 0.634979
 0 0.634979
 0 0.634979
 0 0.634986
 0 0.635001
 0 0.635006
 0 0.635012
 0 0.635015
 0 0.635015
 0 0.635019
 0 0.635023
 0 0.635023
 0 0.635023
 0 0.635024
 0 0.635045
 0 0.635046
 0 0.635049
 0 0.635053
 0 0.635079
 0 0.635099
 0 0.635102
 0 0.635102
 0 0.635118
 0 0.635118
 0 0.635119
 0 0.635119
 0 0.635119
 0 0.635142
 0 0.635142
 0 0.635145
 0 0.635151
 0 0.635153
 0 0.635156
 0 0.635163
 0 0.635164
 0 0.635165
 0 0.635213
 0 0.635229
 0 0.635229
 0 0.635236
 0 0.63524
 0 0.63525
 0 0.635251
 0 0.635258
 0 0.635258
 0 0.635279
 0 0.635285
 0 0.635289
 0 0.6353
 0 0.635312
 0 0.635313
 0 0.635317
 0 0.635319
 0 0.635319
 0 0.635319
 0 0.63532
 0 0.635321
 0 0.635321
 0 0.635321
 0 0.635321
 0 0.635322
 0 0.635323
 0 0.63534
 0 0.635356
 0 0.635369
 0 0.635374
 0 0.635374
 0 0.635376
 0 0.635403
 0 0.635404
 0 0.635406
 0 0.635407
 0 0.635411
 0 0.635433
 0 0.635436
 0 0.635436
 0 0.635436
 0 0.635448
 0 0.635456
 0 0.635457
 0 0.635461
 0 0.635461
 0 0.635461
 0 0.63547
 0 0.635473
 0 0.635478
 0 0.635478
 0 0.635482
 0 0.635483
 0 0.635486
 0 0.635486
 0 0.635487
 0 0.63549
 0 0.635503
 0 0.635503
 0 0.635503
 0 0.635506
 0 0.635513
 0 0.635514
 0 0.635514
 0 0.635539
 0 0.635539
 0 0.635542
 0 0.635565
 0 0.635565
 0 0.635567
 0 0.635567
 0 0.635567
 0 0.635568
 0 0.635569
 0 0.635569
 0 0.635571
 0 0.635572
 0 0.635577
 0 0.635587
 0 0.635587
 0 0.635592
 0 0.635593
 0 0.635603
 0 0.635604
 0 0.635608
 0 0.635612
 0 0.635612
 0 0.635615
 0 0.635616
 0 0.635619
 0 0.63562
 0 0.635625
 0 0.635661
 0 0.635665
 0 0.635691
 0 0.635712
 0 0.63575
 0 0.635753
 0 0.635768
 0 0.635772
 0 0.635772
 0 0.635772
 0 0.635774
 0 0.635776
 0 0.635782
 0 0.635785
 0 0.635785
 0 0.635785
 0 0.635785
 0 0.635787
 0 0.635804
 0 0.635813
 0 0.635813
 0 0.635822
 0 0.635839
 0 0.635839
 0 0.635847
 0 0.63585
 0 0.63585
 0 0.63585
 0 0.635855
 0 0.635855
 0 0.635888
 0 0.635888
 0 0.635899
 0 0.635904
 0 0.635905
 0 0.635905
 0 0.635906
 0 0.635906
 0 0.635909
 0 0.63591
 0 0.635925
 0 0.635926
 0 0.63593
 0 0.635947
 0 0.635947
 0 0.635947
 0 0.635965
 0 0.636005
 0 0.636005
 0 0.636012
 0 0.636032
 0 0.636033
 0 0.636062
 0 0.636064
 0 0.636082
 0 0.636088
 0 0.636089
 0 0.636089
 0 0.636096
 0 0.636096
 0 0.636098
 0 0.636098
 0 0.636107
 0 0.636108
 0 0.636108
 0 0.63611
 0 0.636111
 0 0.636162
 0 0.636181
 0 0.636183
 0 0.636184
 0 0.636191
 0 0.636206
 0 0.636206
 0 0.636212
 0 0.636212
 0 0.636213
 0 0.636239
 0 0.636245
 0 0.636249
 0 0.636249
 0 0.636249
 0 0.636256
 0 0.636258
 0 0.636258
 0 0.63628
 0 0.636283
 0 0.636299
 0 0.636301
 0 0.636339
 0 0.636339
 0 0.63634
 0 0.636345
 0 0.636355
 0 0.636365
 0 0.636367
 0 0.636375
 0 0.636375
 0 0.636397
 0 0.636415
 0 0.636415
 0 0.636416
 0 0.636416
 0 0.636417
 0 0.636459
 0 0.636459
 0 0.636469
 0 0.63647
 0 0.636529
 0 0.636541
 0 0.636558
 0 0.636558
 0 0.636558
 0 0.636558
 0 0.636559
 0 0.636588
 0 0.636635
 0 0.636638
 0 0.636642
 0 0.636643
 0 0.636643
 0 0.636652
 0 0.636652
 0 0.636652
 0 0.636675
 0 0.636675
 0 0.636681
 0 0.636682
 0 0.636682
 0 0.636682
 0 0.636703
 0 0.636706
 0 0.636706
 0 0.636706
 0 0.636706
 0 0.636718
 0 0.636718
 0 0.636736
 0 0.636743
 0 0.636743
 0 0.636743
 0 0.636744
 0 0.636744
 0 0.636781
 0 0.636816
 0 0.636816
 0 0.636843
 0 0.636844
 0 0.636844
 0 0.636844
 0 0.636851
 0 0.636883
 0 0.636883
 0 0.636894
 0 0.636904
 0 0.636904
 0 0.636904
 0 0.636958
 0 0.636958
 0 0.636961
 0 0.63699
 0 0.637002
 0 0.637002
 0 0.637007
 0 0.637023
 0 0.637029
 0 0.637032
 0 0.637033
 0 0.637033
 0 0.637051
 0 0.637075
 0 0.637075
 0 0.637077
 0 0.637077
 0 0.637077
 0 0.637077
 0 0.637085
 0 0.637096
 0 0.637103
 0 0.637103
 0 0.637103
 0 0.637112
 0 0.637112
 0 0.637112
 0 0.637112
 0 0.637112
 0 0.637125
 0 0.637132
 0 0.637157
 0 0.637157
 0 0.637157
 0 0.637157
 0 0.637158
 0 0.637158
 0 0.637161
 0 0.637161
 0 0.637165
 0 0.637165
 0 0.637165
 0 0.637168
 0 0.637169
 0 0.637176
 0 0.637177
 0 0.637178
 0 0.637199
 0 0.637208
 0 0.637267
 0 0.637273
 0 0.637273
 0 0.637275
 0 0.63728
 0 0.637281
 0 0.637294
 0 0.637295
 0 0.637296
 0 0.637296
 0 0.637305
 0 0.637311
 0 0.637311
 0 0.637327
 0 0.637329
 0 0.637329
 0 0.637361
 0 0.637361
 0 0.637386
 0 0.637402
 0 0.637418
 0 0.637428
 0 0.637428
 0 0.637439
 0 0.637439
 0 0.637439
 0 0.637463
 0 0.637463
 0 0.637489
 0 0.637525
 0 0.637525
 0 0.637527
 0 0.637541
 0 0.637543
 0 0.637543
 0 0.637543
 0 0.637543
 0 0.637548
 0 0.637551
 0 0.637551
 0 0.637557
 0 0.637557
 0 0.637574
 0 0.637574
 0 0.637574
 0 0.637574
 0 0.63759
 0 0.637591
 0 0.637591
 0 0.637596
 0 0.6376
 0 0.6376
 0 0.63761
 0 0.637614
 0 0.637678
 0 0.637684
 0 0.637684
 0 0.637687
 0 0.637687
 0 0.637698
 0 0.637733
 0 0.637757
 0 0.637769
 0 0.637792
 0 0.637796
 0 0.637798
 0 0.637803
 0 0.63781
 0 0.63781
 0 0.63782
 0 0.637838
 0 0.637844
 0 0.637844
 0 0.637845
 0 0.637848
 0 0.637848
 0 0.637851
 0 0.637875
 0 0.637877
 0 0.637878
 0 0.637933
 0 0.637941
 0 0.637951
 0 0.637968
 0 0.637994
 0 0.637995
 0 0.638007
 0 0.638007
 0 0.638042
 0 0.638065
 0 0.63807
 0 0.638091
 0 0.638092
 0 0.638105
 0 0.638115
 0 0.638115
 0 0.638116
 0 0.638125
 0 0.638126
 0 0.638126
 0 0.638129
 0 0.638129
 0 0.63815
 0 0.63815
 0 0.638186
 0 0.638187
 0 0.638217
 0 0.638233
 0 0.638233
 0 0.638247
 0 0.638256
 0 0.638267
 0 0.638267
 0 0.638272
 0 0.638274
 0 0.638274
 0 0.63828
 0 0.63828
 0 0.638298
 0 0.638299
 0 0.638306
 0 0.638306
 0 0.638319
 0 0.638335
 0 0.638361
 0 0.638362
 0 0.638376
 0 0.638414
 0 0.638426
 0 0.638426
 0 0.638495
 0 0.638498
 0 0.638515
 0 0.638515
 0 0.638515
 0 0.638536
 0 0.638538
 0 0.638538
 0 0.638538
 0 0.638559
 0 0.638562
 0 0.638563
 0 0.638564
 0 0.638569
 0 0.638593
 0 0.638593
 0 0.638609
 0 0.638644
 0 0.638645
 0 0.638669
 0 0.63867
 0 0.6387
 0 0.638706
 0 0.638763
 0 0.638888
 0 0.638892
 0 0.638931
 0 0.638931
 0 0.638931
 0 0.638937
 0 0.638989
 0 0.639056
 0 0.639056
 0 0.639056
 0 0.639075
 0 0.639156
 0 0.639157
 0 0.639157
 0 0.639161
 0 0.639169
 0 0.63917
 0 0.639189
 0 0.63919
 0 0.639219
 0 0.639219
 0 0.639229
 0 0.639229
 0 0.639338
 0 0.63951
 0 0.639511
 0 0.639511
 0 0.639515
 0 0.639515
 0 0.639545
 0 0.639545
 0 0.639584
 0 0.639584
 0 0.639595
 0 0.639595
 0 0.639677
 0 0.6399
 0 0.639901
 0 0.639932
 0 0.639932
 0 0.639932
 0 0.639948
 0 0.64002
 0 0.64002
 0 0.64014
 0 0.64014
 0 0.64023
 0 0.640265
 0 0.64045
 0 0.640456
 0 0.640457
 0 0.640792
 0 0.640963
 0 0.642447
 0 0.642447
 0 0.642447
 0 0.642447
 0 0.643183
 0 0.643183
 0 inf
