 0 0.624864
 0 0.624864
 0 0.624866
 0 0.625304
 0 0.625703
 0 0.625705
 0 0.625904
 0 0.625906
 0 0.625906
 0 0.625907
 0 0.625907
 0 0.626356
 0 0.627946
 0 0.627946
 0 0.627947
 0 0.627947
 0 0.627948
 0 0.628003
 0 0.628106
 0 0.628187
 0 0.628188
 0 0.628205
 0 0.62825
 0 0.62825
 0 0.62825
 0 0.628292
 0 0.628296
 0 0.628312
 0 0.628371
 0 0.628374
 0 0.628656
 0 0.628658
 0 0.628691
 0 0.628724
 0 0.628747
 0 0.628749
 0 0.628749
 0 0.62875
 0 0.628902
 0 0.628903
 0 0.628905
 0 0.628941
 0 0.628941
 0 0.628976
 0 0.628978
 0 0.629031
 0 0.629049
 0 0.629051
 0 0.629052
 0 0.629146
 0 0.629146
 0 0.629152
 0 0.629153
 0 0.629153
 0 0.629155
 0 0.629161
 0 0.629286
 0 0.629338
 0 0.629341
 0 0.629343
 0 0.629343
 0 0.629381
 0 0.629382
 0 0.629385
 0 0.629416
 0 0.629426
 0 0.629426
 0 0.629448
 0 0.629449
 0 0.629481
 0 0.629481
 0 0.629482
 0 0.629482
 0 0.629491
 0 0.62955
 0 0.629565
 0 0.62958
 0 0.629581
 0 0.629581
 0 0.629581
 0 0.629581
 0 0.629582
 0 0.629582
 0 0.629582
 0 0.629586
 0 0.629625
 0 0.629671
 0 0.629671
 0 0.629673
 0 0.629691
 0 0.629694
 0 0.629724
 0 0.629756
 0 0.629773
 0 0.629901
 0 0.629901
 0 0.629912
 0 0.629913
 0 0.629943
 0 0.629957
 0 0.629957
 0 0.629957
 0 0.629959
 0 0.63001
 0 0.630022
 0 0.630041
 0 0.630041
 0 0.63005
 0 0.630053
 0 0.63015
 0 0.630178
 0 0.630182
 0 0.630186
 0 0.630194
 0 0.630204
 0 0.630205
 0 0.630205
 0 0.63027
 0 0.63027
 0 0.63027
 0 0.630272
 0 0.630278
 0 0.630278
 0 0.630278
 0 0.630297
 0 0.630316
 0 0.630316
 0 0.630334
 0 0.630339
 0 0.630341
 0 0.630353
 0 0.630354
 0 0.630354
 0 0.630363
 0 0.630365
 0 0.630366
 0 0.630373
 0 0.630373
 0 0.630397
 0 0.630403
 0 0.630404
 0 0.630405
 0 0.630429
 0 0.630429
 0 0.630459
 0 0.630459
 0 0.630459
 0 0.630487
 0 0.630488
 0 0.630488
 0 0.630489
 0 0.630493
 0 0.630526
 0 0.630535
 0 0.630551
 0 0.630552
 0 0.63056
 0 0.63056
 0 0.63056
 0 0.630581
 0 0.630581
 0 0.630667
 0 0.630674
 0 0.630674
 0 0.630705
 0 0.630744
 0 0.630744
 0 0.630754
 0 0.630754
 0 0.630798
 0 0.630798
 0 0.630801
 0 0.630857
 0 0.630876
 0 0.630876
 0 0.630878
 0 0.630893
 0 0.630893
 0 0.63093
 0 0.630967
 0 0.630967
 0 0.630985
 0 0.630986
 0 0.631009
 0 0.631009
 0 0.631011
 0 0.631013
 0 0.631013
 0 0.631013
 0 0.631013
 0 0.631025
 0 0.631025
 0 0.631053
 0 0.631074
 0 0.631075
 0 0.631075
 0 0.631076
 0 0.631076
 0 0.631079
 0 0.631086
 0 0.631087
 0 0.631142
 0 0.631144
 0 0.631148
 0 0.631157
 0 0.63116
 0 0.63116
 0 0.631188
 0 0.631198
 0 0.631219
 0 0.631223
 0 0.631224
 0 0.631224
 0 0.631225
 0 0.631225
 0 0.631229
 0 0.631259
 0 0.63126
 0 0.631273
 0 0.631292
 0 0.631306
 0 0.63131
 0 0.631357
 0 0.631385
 0 0.631385
 0 0.631388
 0 0.63139
 0 0.631397
 0 0.631399
 0 0.631399
 0 0.631407
 0 0.631407
 0 0.631442
 0 0.631464
 0 0.63148
 0 0.63151
 0 0.631526
 0 0.631526
 0 0.631528
 0 0.63153
 0 0.631534
 0 0.631534
 0 0.631535
 0 0.631559
 0 0.631561
 0 0.631561
 0 0.631561
 0 0.631563
 0 0.631563
 0 0.631575
 0 0.631576
 0 0.631577
 0 0.631581
 0 0.631581
 0 0.631581
 0 0.631583
 0 0.631583
 0 0.631607
 0 0.63161
 0 0.63163
 0 0.631632
 0 0.631634
 0 0.631634
 0 0.631634
 0 0.631634
 0 0.631634
 0 0.631654
 0 0.631654
 0 0.631669
 0 0.631669
 0 0.631669
 0 0.631675
 0 0.631675
 0 0.631675
 0 0.631686
 0 0.63169
 0 0.631706
 0 0.631706
 0 0.631784
 0 0.63181
 0 0.631811
 0 0.631811
 0 0.631811
 0 0.631811
 0 0.631812
 0 0.631812
 0 0.631814
 0 0.631858
 0 0.631858
 0 0.631858
 0 0.631858
 0 0.631887
 0 0.631895
 0 0.631896
 0 0.631898
 0 0.631903
 0 0.631904
 0 0.631905
 0 0.631913
 0 0.631913
 0 0.631915
 0 0.631918
 0 0.631918
 0 0.631924
 0 0.631938
 0 0.631953
 0 0.631969
 0 0.631971
 0 0.631974
 0 0.632005
 0 0.632006
 0 0.632007
 0 0.632007
 0 0.632023
 0 0.632041
 0 0.632066
 0 0.632066
 0 0.632067
 0 0.632067
 0 0.632067
 0 0.632068
 0 0.632069
 0 0.632074
 0 0.632079
 0 0.632079
 0 0.632079
 0 0.632104
 0 0.632118
 0 0.632119
 0 0.632119
 0 0.632119
 0 0.632119
 0 0.632127
 0 0.632127
 0 0.632129
 0 0.63213
 0 0.632131
 0 0.632139
 0 0.63214
 0 0.632151
 0 0.632162
 0 0.632163
 0 0.632167
 0 0.63219
 0 0.632191
 0 0.632199
 0 0.632203
 0 0.632224
 0 0.632224
 0 0.632226
 0 0.632229
 0 0.63223
 0 0.632231
 0 0.632231
 0 0.632238
 0 0.632247
 0 0.632261
 0 0.632293
 0 0.632293
 0 0.632293
 0 0.632317
 0 0.632357
 0 0.632357
 0 0.63236
 0 0.632361
 0 0.632362
 0 0.632362
 0 0.632362
 0 0.632362
 0 0.632363
 0 0.632386
 0 0.632388
 0 0.632388
 0 0.632394
 0 0.632398
 0 0.632412
 0 0.632413
 0 0.632413
 0 0.632413
 0 0.63245
 0 0.632452
 0 0.632452
 0 0.632452
 0 0.632452
 0 0.632453
 0 0.632454
 0 0.632455
 0 0.632455
 0 0.632463
 0 0.632468
 0 0.632468
 0 0.63247
 0 0.63247
 0 0.632484
 0 0.63249
 0 0.632491
 0 0.632495
 0 0.632495
 0 0.632495
 0 0.632495
 0 0.632527
 0 0.632528
 0 0.632547
 0 0.632558
 0 0.632558
 0 0.632561
 0 0.632576
 0 0.632587
 0 0.632598
 0 0.632598
 0 0.632602
 0 0.632602
 0 0.632603
 0 0.632603
 0 0.632605
 0 0.632614
 0 0.632616
 0 0.63262
 0 0.63262
 0 0.632623
 0 0.632623
 0 0.632623
 0 0.632627
 0 0.63263
 0 0.632631
 0 0.632631
 0 0.632643
 0 0.63265
 0 0.632682
 0 0.632731
 0 0.632731
 0 0.632733
 0 0.632737
 0 0.632743
 0 0.63276
 0 0.632761
 0 0.632774
 0 0.632774
 0 0.632792
 0 0.632796
 0 0.632798
 0 0.632798
 0 0.632798
 0 0.632798
 0 0.632825
 0 0.632825
 0 0.632851
 0 0.632851
 0 0.632879
 0 0.632895
 0 0.632897
 0 0.632899
 0 0.632901
 0 0.632901
 0 0.632907
 0 0.632934
 0 0.632955
 0 0.632955
 0 0.632955
 0 0.632955
 0 0.632969
 0 0.632972
 0 0.632972
 0 0.632976
 0 0.632987
 0 0.632987
 0 0.632988
 0 0.632989
 0 0.632993
 0 0.632993
 0 0.633001
 0 0.633003
 0 0.633004
 0 0.633004
 0 0.633008
 0 0.633025
 0 0.633025
 0 0.633025
 0 0.633026
 0 0.633026
 0 0.633026
 0 0.633027
 0 0.633027
 0 0.633027
 0 0.63304
 0 0.633044
 0 0.633052
 0 0.633057
 0 0.633057
 0 0.633061
 0 0.633061
 0 0.633072
 0 0.633079
 0 0.633079
 0 0.633083
 0 0.633083
 0 0.633086
 0 0.633086
 0 0.633086
 0 0.633086
 0 0.633102
 0 0.633102
 0 0.633103
 0 0.633127
 0 0.633134
 0 0.633135
 0 0.633144
 0 0.633151
 0 0.633163
 0 0.633163
 0 0.633163
 0 0.633163
 0 0.633164
 0 0.633168
 0 0.633168
 0 0.633168
 0 0.63317
 0 0.633171
 0 0.633177
 0 0.633177
 0 0.633179
 0 0.63318
 0 0.633185
 0 0.633204
 0 0.633206
 0 0.633208
 0 0.633208
 0 0.633209
 0 0.633209
 0 0.633218
 0 0.633218
 0 0.63322
 0 0.63322
 0 0.63322
 0 0.63322
 0 0.633228
 0 0.633228
 0 0.633233
 0 0.633235
 0 0.63324
 0 0.633241
 0 0.633241
 0 0.633242
 0 0.633242
 0 0.633243
 0 0.633244
 0 0.633245
 0 0.633246
 0 0.633246
 0 0.633247
 0 0.633255
 0 0.633255
 0 0.633255
 0 0.633255
 0 0.633256
 0 0.633261
 0 0.633263
 0 0.633271
 0 0.633288
 0 0.633293
 0 0.633294
 0 0.6333
 0 0.633308
 0 0.633309
 0 0.633319
 0 0.633319
 0 0.633319
 0 0.63332
 0 0.63332
 0 0.63332
 0 0.633321
 0 0.633321
 0 0.633324
 0 0.633324
 0 0.633336
 0 0.633337
 0 0.633337
 0 0.633338
 0 0.633339
 0 0.633339
 0 0.633345
 0 0.633364
 0 0.633366
 0 0.633366
 0 0.633376
 0 0.633376
 0 0.633403
 0 0.633407
 0 0.633408
 0 0.633408
 0 0.633412
 0 0.633414
 0 0.633415
 0 0.633421
 0 0.633423
 0 0.633423
 0 0.633423
 0 0.63343
 0 0.633435
 0 0.633449
 0 0.633449
 0 0.633452
 0 0.633468
 0 0.63347
 0 0.633472
 0 0.633481
 0 0.633481
 0 0.633493
 0 0.633493
 0 0.633496
 0 0.633496
 0 0.633496
 0 0.633499
 0 0.633499
 0 0.633499
 0 0.633502
 0 0.633513
 0 0.633531
 0 0.633537
 0 0.633547
 0 0.63355
 0 0.633551
 0 0.633554
 0 0.633556
 0 0.633556
 0 0.633562
 0 0.633562
 0 0.633568
 0 0.633574
 0 0.633575
 0 0.633575
 0 0.633576
 0 0.633576
 0 0.633582
 0 0.633587
 0 0.633587
 0 0.633587
 0 0.633593
 0 0.633593
 0 0.633594
 0 0.633595
 0 0.633599
 0 0.633603
 0 0.633603
 0 0.633616
 0 0.633616
 0 0.633617
 0 0.633619
 0 0.63362
 0 0.63362
 0 0.63362
 0 0.63362
 0 0.63362
 0 0.633622
 0 0.633622
 0 0.633622
 0 0.633637
 0 0.633637
 0 0.633654
 0 0.633655
 0 0.633657
 0 0.63368
 0 0.63368
 0 0.633685
 0 0.633691
 0 0.6337
 0 0.633701
 0 0.633703
 0 0.633705
 0 0.633718
 0 0.633721
 0 0.633724
 0 0.633725
 0 0.633726
 0 0.633726
 0 0.633727
 0 0.633727
 0 0.633733
 0 0.633733
 0 0.633734
 0 0.633735
 0 0.633746
 0 0.633754
 0 0.63377
 0 0.633776
 0 0.633782
 0 0.633782
 0 0.633786
 0 0.63379
 0 0.633791
 0 0.633793
 0 0.633793
 0 0.633795
 0 0.633795
 0 0.633801
 0 0.633802
 0 0.633802
 0 0.633808
 0 0.633808
 0 0.63381
 0 0.63381
 0 0.633821
 0 0.633821
 0 0.633821
 0 0.633822
 0 0.633822
 0 0.633822
 0 0.633822
 0 0.633823
 0 0.633823
 0 0.633825
 0 0.633825
 0 0.633825
 0 0.633826
 0 0.633841
 0 0.633868
 0 0.633887
 0 0.63389
 0 0.633896
 0 0.633913
 0 0.633923
 0 0.633926
 0 0.633928
 0 0.633928
 0 0.63394
 0 0.633944
 0 0.633944
 0 0.63396
 0 0.63396
 0 0.63396
 0 0.633962
 0 0.633964
 0 0.633964
 0 0.633964
 0 0.633965
 0 0.633966
 0 0.633966
 0 0.633969
 0 0.633969
 0 0.633976
 0 0.633976
 0 0.633977
 0 0.633983
 0 0.633987
 0 0.633988
 0 0.633992
 0 0.633996
 0 0.633998
 0 0.633998
 0 0.633998
 0 0.634006
 0 0.634012
 0 0.634023
 0 0.634023
 0 0.634024
 0 0.634025
 0 0.634025
 0 0.63403
 0 0.63403
 0 0.634031
 0 0.634033
 0 0.634034
 0 0.634044
 0 0.634045
 0 0.634049
 0 0.634049
 0 0.634051
 0 0.634056
 0 0.634057
 0 0.634057
 0 0.634057
 0 0.634058
 0 0.634058
 0 0.634059
 0 0.634059
 0 0.634061
 0 0.634062
 0 0.634062
 0 0.634062
 0 0.634064
 0 0.634065
 0 0.634066
 0 0.63407
 0 0.634071
 0 0.634071
 0 0.63408
 0 0.634081
 0 0.634084
 0 0.634085
 0 0.634098
 0 0.634098
 0 0.634101
 0 0.634101
 0 0.634101
 0 0.634105
 0 0.634106
 0 0.634107
 0 0.634109
 0 0.634111
 0 0.634113
 0 0.634113
 0 0.634113
 0 0.634126
 0 0.634126
 0 0.634127
 0 0.634148
 0 0.634152
 0 0.634152
 0 0.634153
 0 0.634153
 0 0.634153
 0 0.634153
 0 0.634153
 0 0.634156
 0 0.634156
 0 0.63416
 0 0.634163
 0 0.634163
 0 0.634165
 0 0.634167
 0 0.634168
 0 0.634169
 0 0.634169
 0 0.63417
 0 0.63417
 0 0.63417
 0 0.63417
 0 0.634173
 0 0.634174
 0 0.634177
 0 0.634184
 0 0.634201
 0 0.634204
 0 0.634205
 0 0.634208
 0 0.634211
 0 0.634214
 0 0.634228
 0 0.634235
 0 0.63424
 0 0.634253
 0 0.634254
 0 0.634255
 0 0.634255
 0 0.634272
 0 0.634273
 0 0.634273
 0 0.634273
 0 0.634273
 0 0.634273
 0 0.634287
 0 0.634298
 0 0.634301
 0 0.634302
 0 0.634303
 0 0.634307
 0 0.634307
 0 0.63431
 0 0.634311
 0 0.634312
 0 0.634313
 0 0.634313
 0 0.634313
 0 0.634314
 0 0.634315
 0 0.634315
 0 0.634329
 0 0.634331
 0 0.634338
 0 0.634338
 0 0.634338
 0 0.63434
 0 0.63434
 0 0.63434
 0 0.63434
 0 0.634341
 0 0.634341
 0 0.634344
 0 0.634344
 0 0.634346
 0 0.634346
 0 0.634349
 0 0.634349
 0 0.63435
 0 0.63435
 0 0.63435
 0 0.63435
 0 0.634355
 0 0.634358
 0 0.634358
 0 0.634358
 0 0.63436
 0 0.634371
 0 0.634376
 0 0.634379
 0 0.63438
 0 0.634383
 0 0.634386
 0 0.634386
 0 0.634388
 0 0.63439
 0 0.634392
 0 0.634396
 0 0.634396
 0 0.634398
 0 0.634398
 0 0.634398
 0 0.634398
 0 0.634398
 0 0.634407
 0 0.634408
 0 0.634408
 0 0.634408
 0 0.634408
 0 0.634412
 0 0.634419
 0 0.634444
 0 0.634445
 0 0.634446
 0 0.634446
 0 0.634454
 0 0.63446
 0 0.63446
 0 0.63446
 0 0.634462
 0 0.634462
 0 0.634464
 0 0.634464
 0 0.634467
 0 0.634472
 0 0.634472
 0 0.634473
 0 0.634473
 0 0.634478
 0 0.634478
 0 0.634482
 0 0.634482
 0 0.634482
 0 0.634482
 0 0.634486
 0 0.634487
 0 0.634487
 0 0.634488
 0 0.63449
 0 0.634504
 0 0.634512
 0 0.634512
 0 0.634514
 0 0.634514
 0 0.634516
 0 0.634517
 0 0.634517
 0 0.634517
 0 0.634526
 0 0.634528
 0 0.63453
 0 0.634534
 0 0.634534
 0 0.634551
 0 0.634551
 0 0.634552
 0 0.634553
 0 0.634554
 0 0.634558
 0 0.634559
 0 0.634567
 0 0.634569
 0 0.634569
 0 0.634569
 0 0.63457
 0 0.634572
 0 0.634581
 0 0.634585
 0 0.634585
 0 0.634598
 0 0.634598
 0 0.634598
 0 0.634605
 0 0.634606
 0 0.634609
 0 0.634609
 0 0.634609
 0 0.634611
 0 0.634614
 0 0.634614
 0 0.634614
 0 0.634614
 0 0.634615
 0 0.634624
 0 0.634625
 0 0.634626
 0 0.634627
 0 0.634627
 0 0.634633
 0 0.634634
 0 0.634635
 0 0.634636
 0 0.634638
 0 0.634641
 0 0.634642
 0 0.634647
 0 0.634651
 0 0.634651
 0 0.634656
 0 0.634658
 0 0.634659
 0 0.634659
 0 0.63466
 0 0.634663
 0 0.634664
 0 0.634667
 0 0.634669
 0 0.634669
 0 0.634669
 0 0.634669
 0 0.634671
 0 0.634672
 0 0.634679
 0 0.63468
 0 0.634681
 0 0.634684
 0 0.634685
 0 0.634685
 0 0.634687
 0 0.634687
 0 0.634687
 0 0.634687
 0 0.634688
 0 0.634688
 0 0.634689
 0 0.634691
 0 0.634698
 0 0.634702
 0 0.634704
 0 0.634705
 0 0.634709
 0 0.634719
 0 0.63472
 0 0.634726
 0 0.634729
 0 0.634734
 0 0.634736
 0 0.634736
 0 0.634737
 0 0.63474
 0 0.63474
 0 0.634742
 0 0.634748
 0 0.634749
 0 0.634749
 0 0.634749
 0 0.634757
 0 0.634763
 0 0.634763
 0 0.634763
 0 0.634764
 0 0.634764
 0 0.634776
 0 0.634776
 0 0.634782
 0 0.634782
 0 0.634783
 0 0.634791
 0 0.634792
 0 0.634792
 0 0.634793
 0 0.634795
 0 0.634802
 0 0.634803
 0 0.634803
 0 0.634808
 0 0.634808
 0 0.634809
 0 0.63481
 0 0.634811
 0 0.634811
 0 0.634822
 0 0.634824
 0 0.634834
 0 0.634837
 0 0.634837
 0 0.63484
 0 0.63484
 0 0.634843
 0 0.634845
 0 0.634845
 0 0.634845
 0 0.634858
 0 0.634858
 0 0.634859
 0 0.634859
 0 0.634863
 0 0.634868
 0 0.634869
 0 0.63487
 0 0.63487
 0 0.634872
 0 0.634872
 0 0.634877
 0 0.634878
 0 0.634902
 0 0.634903
 0 0.634905
 0 0.634908
 0 0.634914
 0 0.634916
 0 0.634916
 0 0.634916
 0 0.634916
 0 0.634916
 0 0.634917
 0 0.634918
 0 0.634918
 0 0.634918
 0 0.634918
 0 0.634919
 0 0.634919
 0 0.634919
 0 0.63492
 0 0.63492
 0 0.634925
 0 0.634926
 0 0.634929
 0 0.63494
 0 0.634942
 0 0.634946
 0 0.634946
 0 0.634947
 0 0.634947
 0 0.634947
 0 0.634953
 0 0.634954
 0 0.634954
 0 0.634954
 0 0.634954
 0 0.634959
 0 0.634963
 0 0.634963
 0 0.634965
 0 0.634965
 0 0.634975
 0 0.634975
 0 0.634981
 0 0.634981
 0 0.634981
 0 0.634981
 0 0.634993
 0 0.634995
 0 0.634996
 0 0.634996
 0 0.634996
 0 0.634997
 0 0.634997
 0 0.635
 0 0.635
 0 0.635015
 0 0.635017
 0 0.635021
 0 0.635035
 0 0.635036
 0 0.635039
 0 0.635042
 0 0.635042
 0 0.635045
 0 0.635053
 0 0.635054
 0 0.635056
 0 0.635057
 0 0.635058
 0 0.635058
 0 0.635059
 0 0.63506
 0 0.63506
 0 0.635065
 0 0.635065
 0 0.635069
 0 0.635078
 0 0.635078
 0 0.635079
 0 0.635079
 0 0.635079
 0 0.63508
 0 0.635082
 0 0.635082
 0 0.635082
 0 0.635085
 0 0.635087
 0 0.635088
 0 0.635088
 0 0.635088
 0 0.635088
 0 0.635089
 0 0.635091
 0 0.635096
 0 0.635097
 0 0.635101
 0 0.635101
 0 0.635109
 0 0.635113
 0 0.635113
 0 0.635113
 0 0.635131
 0 0.635131
 0 0.635135
 0 0.635135
 0 0.635138
 0 0.63514
 0 0.635141
 0 0.635141
 0 0.635141
 0 0.635141
 0 0.635142
 0 0.635142
 0 0.635143
 0 0.635143
 0 0.635143
 0 0.635145
 0 0.635145
 0 0.635145
 0 0.635145
 0 0.635155
 0 0.635155
 0 0.635159
 0 0.635161
 0 0.635161
 0 0.635162
 0 0.635165
 0 0.63517
 0 0.635182
 0 0.635182
 0 0.635189
 0 0.635189
 0 0.635189
 0 0.635201
 0 0.635205
 0 0.635216
 0 0.635216
 0 0.635216
 0 0.635235
 0 0.635236
 0 0.635236
 0 0.63524
 0 0.635245
 0 0.635245
 0 0.635246
 0 0.635246
 0 0.635249
 0 0.635251
 0 0.635253
 0 0.635253
 0 0.635264
 0 0.635264
 0 0.635265
 0 0.635267
 0 0.635268
 0 0.635269
 0 0.635273
 0 0.635273
 0 0.635277
 0 0.635289
 0 0.635292
 0 0.635304
 0 0.635306
 0 0.635307
 0 0.635314
 0 0.635315
 0 0.635315
 0 0.635316
 0 0.635316
 0 0.635319
 0 0.635323
 0 0.635324
 0 0.635325
 0 0.635331
 0 0.635331
 0 0.635332
 0 0.635332
 0 0.635332
 0 0.635333
 0 0.635338
 0 0.635352
 0 0.635353
 0 0.635353
 0 0.635356
 0 0.635373
 0 0.635374
 0 0.635375
 0 0.635378
 0 0.63538
 0 0.635381
 0 0.635381
 0 0.635384
 0 0.635384
 0 0.635384
 0 0.635388
 0 0.635388
 0 0.635394
 0 0.635399
 0 0.6354
 0 0.635405
 0 0.635406
 0 0.635407
 0 0.635409
 0 0.63541
 0 0.635413
 0 0.635413
 0 0.635415
 0 0.635416
 0 0.635416
 0 0.635417
 0 0.635422
 0 0.635422
 0 0.635432
 0 0.635439
 0 0.635442
 0 0.635445
 0 0.635446
 0 0.635453
 0 0.635454
 0 0.635454
 0 0.635456
 0 0.635457
 0 0.63547
 0 0.63547
 0 0.635471
 0 0.635473
 0 0.635474
 0 0.635478
 0 0.635481
 0 0.635481
 0 0.635481
 0 0.635486
 0 0.635486
 0 0.635486
 0 0.635493
 0 0.635495
 0 0.635509
 0 0.635532
 0 0.635532
 0 0.635533
 0 0.635533
 0 0.635535
 0 0.635536
 0 0.635537
 0 0.635537
 0 0.635537
 0 0.635537
 0 0.635537
 0 0.63554
 0 0.635551
 0 0.635552
 0 0.635553
 0 0.635555
 0 0.635555
 0 0.635555
 0 0.635556
 0 0.635561
 0 0.635562
 0 0.635563
 0 0.635565
 0 0.635565
 0 0.635567
 0 0.635569
 0 0.635573
 0 0.635575
 0 0.635576
 0 0.635576
 0 0.635576
 0 0.635577
 0 0.635578
 0 0.63558
 0 0.635599
 0 0.635599
 0 0.6356
 0 0.6356
 0 0.635603
 0 0.635606
 0 0.635606
 0 0.635606
 0 0.635617
 0 0.635617
 0 0.635628
 0 0.635629
 0 0.635633
 0 0.635635
 0 0.635641
 0 0.635651
 0 0.635652
 0 0.635653
 0 0.635661
 0 0.635663
 0 0.635669
 0 0.635671
 0 0.635671
 0 0.635671
 0 0.635671
 0 0.635683
 0 0.635683
 0 0.635683
 0 0.635687
 0 0.635694
 0 0.635694
 0 0.635694
 0 0.635695
 0 0.635695
 0 0.635701
 0 0.635702
 0 0.635702
 0 0.635704
 0 0.635705
 0 0.635705
 0 0.635705
 0 0.635711
 0 0.635711
 0 0.635725
 0 0.635726
 0 0.635728
 0 0.635729
 0 0.635733
 0 0.635744
 0 0.635748
 0 0.635749
 0 0.635768
 0 0.635768
 0 0.635769
 0 0.63577
 0 0.63577
 0 0.635771
 0 0.635771
 0 0.635774
 0 0.635775
 0 0.635775
 0 0.635775
 0 0.635776
 0 0.635777
 0 0.635778
 0 0.635782
 0 0.635782
 0 0.635782
 0 0.635783
 0 0.635785
 0 0.63579
 0 0.635795
 0 0.635798
 0 0.635798
 0 0.635814
 0 0.635817
 0 0.635818
 0 0.635822
 0 0.63583
 0 0.635831
 0 0.635832
 0 0.635837
 0 0.635837
 0 0.635855
 0 0.635859
 0 0.635859
 0 0.635859
 0 0.635861
 0 0.635862
 0 0.635863
 0 0.635865
 0 0.635866
 0 0.635866
 0 0.635867
 0 0.635867
 0 0.635867
 0 0.635876
 0 0.635887
 0 0.63589
 0 0.635891
 0 0.635891
 0 0.635891
 0 0.635908
 0 0.63591
 0 0.63591
 0 0.635923
 0 0.635939
 0 0.635939
 0 0.635939
 0 0.635939
 0 0.635942
 0 0.635943
 0 0.635947
 0 0.63595
 0 0.63595
 0 0.635953
 0 0.635956
 0 0.635956
 0 0.635959
 0 0.635962
 0 0.635964
 0 0.635965
 0 0.635967
 0 0.635968
 0 0.635976
 0 0.635976
 0 0.635977
 0 0.635977
 0 0.635978
 0 0.635978
 0 0.635978
 0 0.635984
 0 0.636009
 0 0.636011
 0 0.636012
 0 0.636012
 0 0.636022
 0 0.636024
 0 0.636027
 0 0.636027
 0 0.636028
 0 0.636029
 0 0.636038
 0 0.636038
 0 0.636038
 0 0.636039
 0 0.636039
 0 0.636039
 0 0.636039
 0 0.636039
 0 0.636039
 0 0.636041
 0 0.636041
 0 0.636042
 0 0.636056
 0 0.636056
 0 0.636061
 0 0.636064
 0 0.636065
 0 0.636066
 0 0.636066
 0 0.636068
 0 0.636069
 0 0.63607
 0 0.63607
 0 0.636073
 0 0.636073
 0 0.636074
 0 0.636079
 0 0.636079
 0 0.636079
 0 0.636098
 0 0.636098
 0 0.636099
 0 0.636099
 0 0.636112
 0 0.636116
 0 0.63612
 0 0.636127
 0 0.636127
 0 0.636129
 0 0.63613
 0 0.63613
 0 0.63613
 0 0.63613
 0 0.636135
 0 0.636135
 0 0.636139
 0 0.636143
 0 0.636144
 0 0.636147
 0 0.636161
 0 0.636162
 0 0.636164
 0 0.636164
 0 0.636164
 0 0.636165
 0 0.636165
 0 0.636166
 0 0.636167
 0 0.636167
 0 0.636168
 0 0.63617
 0 0.636173
 0 0.636177
 0 0.636177
 0 0.636196
 0 0.636196
 0 0.636203
 0 0.636209
 0 0.636209
 0 0.63621
 0 0.636231
 0 0.63625
 0 0.63625
 0 0.636252
 0 0.636255
 0 0.636263
 0 0.63627
 0 0.636271
 0 0.636271
 0 0.636271
 0 0.636272
 0 0.636274
 0 0.636274
 0 0.636274
 0 0.636275
 0 0.636275
 0 0.636276
 0 0.63629
 0 0.63629
 0 0.636293
 0 0.636294
 0 0.636294
 0 0.636294
 0 0.636304
 0 0.636305
 0 0.636305
 0 0.636312
 0 0.636313
 0 0.636313
 0 0.636321
 0 0.636322
 0 0.636322
 0 0.636323
 0 0.636323
 0 0.63633
 0 0.636333
 0 0.636342
 0 0.636343
 0 0.636343
 0 0.636343
 0 0.636343
 0 0.636343
 0 0.636344
 0 0.636344
 0 0.636346
 0 0.636347
 0 0.636347
 0 0.636347
 0 0.636349
 0 0.636353
 0 0.636356
 0 0.636365
 0 0.636367
 0 0.63637
 0 0.636371
 0 0.636375
 0 0.636375
 0 0.636377
 0 0.636378
 0 0.636387
 0 0.636388
 0 0.636388
 0 0.636388
 0 0.636389
 0 0.636391
 0 0.636396
 0 0.636396
 0 0.636398
 0 0.636399
 0 0.636399
 0 0.636399
 0 0.636399
 0 0.6364
 0 0.636401
 0 0.636401
 0 0.636401
 0 0.636401
 0 0.636406
 0 0.636406
 0 0.636407
 0 0.636408
 0 0.636409
 0 0.63641
 0 0.63641
 0 0.636415
 0 0.636418
 0 0.636418
 0 0.636419
 0 0.636419
 0 0.636424
 0 0.636424
 0 0.636425
 0 0.636438
 0 0.636438
 0 0.636438
 0 0.636439
 0 0.63644
 0 0.636441
 0 0.636441
 0 0.636447
 0 0.63645
 0 0.63645
 0 0.63645
 0 0.63645
 0 0.63645
 0 0.63645
 0 0.63645
 0 0.636453
 0 0.636457
 0 0.636459
 0 0.636461
 0 0.636461
 0 0.636461
 0 0.636461
 0 0.636464
 0 0.636467
 0 0.636471
 0 0.636472
 0 0.636472
 0 0.636472
 0 0.636472
 0 0.636472
 0 0.636472
 0 0.636473
 0 0.636476
 0 0.636482
 0 0.636483
 0 0.636498
 0 0.636503
 0 0.636507
 0 0.636508
 0 0.636508
 0 0.636508
 0 0.636509
 0 0.636523
 0 0.636523
 0 0.636525
 0 0.636532
 0 0.636536
 0 0.636537
 0 0.636558
 0 0.636563
 0 0.636569
 0 0.636569
 0 0.636572
 0 0.636573
 0 0.636582
 0 0.636591
 0 0.636592
 0 0.636593
 0 0.636598
 0 0.636603
 0 0.636605
 0 0.636605
 0 0.636605
 0 0.636605
 0 0.636621
 0 0.636624
 0 0.636639
 0 0.636639
 0 0.636643
 0 0.636643
 0 0.636644
 0 0.63665
 0 0.636662
 0 0.63668
 0 0.63668
 0 0.63668
 0 0.636688
 0 0.636689
 0 0.636701
 0 0.636703
 0 0.636703
 0 0.636711
 0 0.636711
 0 0.636717
 0 0.636721
 0 0.636721
 0 0.636723
 0 0.636734
 0 0.636746
 0 0.636748
 0 0.636758
 0 0.636775
 0 0.636777
 0 0.636778
 0 0.636805
 0 0.636805
 0 0.636809
 0 0.636813
 0 0.636813
 0 0.636831
 0 0.636834
 0 0.636837
 0 0.63685
 0 0.63685
 0 0.63685
 0 0.636852
 0 0.636884
 0 0.636884
 0 0.636884
 0 0.636884
 0 0.636884
 0 0.636887
 0 0.636887
 0 0.636889
 0 0.636903
 0 0.636903
 0 0.636909
 0 0.636917
 0 0.636926
 0 0.636929
 0 0.636932
 0 0.636932
 0 0.636932
 0 0.636933
 0 0.636941
 0 0.636943
 0 0.636943
 0 0.636944
 0 0.63695
 0 0.636956
 0 0.636957
 0 0.636957
 0 0.636958
 0 0.636959
 0 0.636964
 0 0.636976
 0 0.636981
 0 0.636983
 0 0.636987
 0 0.63699
 0 0.636992
 0 0.636993
 0 0.636994
 0 0.636994
 0 0.636994
 0 0.636994
 0 0.637005
 0 0.637006
 0 0.637008
 0 0.637011
 0 0.63702
 0 0.637031
 0 0.637044
 0 0.637044
 0 0.637058
 0 0.637064
 0 0.637064
 0 0.637095
 0 0.63711
 0 0.63711
 0 0.637111
 0 0.637111
 0 0.637113
 0 0.637114
 0 0.637138
 0 0.637138
 0 0.637138
 0 0.637139
 0 0.637139
 0 0.637146
 0 0.637146
 0 0.637148
 0 0.637149
 0 0.637149
 0 0.637155
 0 0.63719
 0 0.637193
 0 0.637194
 0 0.637201
 0 0.637204
 0 0.637204
 0 0.637216
 0 0.637218
 0 0.637219
 0 0.63722
 0 0.63722
 0 0.63722
 0 0.637222
 0 0.637224
 0 0.637225
 0 0.637225
 0 0.637225
 0 0.637231
 0 0.637236
 0 0.637237
 0 0.637252
 0 0.637252
 0 0.637253
 0 0.637288
 0 0.637291
 0 0.637295
 0 0.637315
 0 0.637315
 0 0.637315
 0 0.637335
 0 0.637335
 0 0.63734
 0 0.637361
 0 0.637361
 0 0.637362
 0 0.637363
 0 0.637363
 0 0.637363
 0 0.637367
 0 0.637369
 0 0.637371
 0 0.637392
 0 0.637395
 0 0.637396
 0 0.637401
 0 0.637405
 0 0.637406
 0 0.637409
 0 0.637409
 0 0.63743
 0 0.63743
 0 0.63743
 0 0.637431
 0 0.637437
 0 0.637437
 0 0.637437
 0 0.637449
 0 0.637449
 0 0.637473
 0 0.637473
 0 0.637475
 0 0.637478
 0 0.637478
 0 0.637504
 0 0.637505
 0 0.63752
 0 0.637522
 0 0.637522
 0 0.637523
 0 0.637523
 0 0.637525
 0 0.637525
 0 0.637528
 0 0.637528
 0 0.637528
 0 0.637528
 0 0.637535
 0 0.637547
 0 0.637547
 0 0.637547
 0 0.637547
 0 0.637549
 0 0.637549
 0 0.637549
 0 0.637549
 0 0.63755
 0 0.637555
 0 0.637555
 0 0.637557
 0 0.637562
 0 0.637565
 0 0.63757
 0 0.637573
 0 0.637573
 0 0.637579
 0 0.637582
 0 0.637583
 0 0.637587
 0 0.63762
 0 0.637643
 0 0.637643
 0 0.637645
 0 0.63766
 0 0.637664
 0 0.637707
 0 0.637712
 0 0.637712
 0 0.637732
 0 0.637741
 0 0.637741
 0 0.637742
 0 0.637761
 0 0.637763
 0 0.637763
 0 0.637764
 0 0.637807
 0 0.637813
 0 0.637814
 0 0.637815
 0 0.637815
 0 0.637834
 0 0.637836
 0 0.637836
 0 0.637836
 0 0.637848
 0 0.637849
 0 0.637852
 0 0.637855
 0 0.637859
 0 0.637863
 0 0.637864
 0 0.637882
 0 0.637882
 0 0.637905
 0 0.637912
 0 0.637913
 0 0.637915
 0 0.637916
 0 0.637918
 0 0.637919
 0 0.637922
 0 0.637922
 0 0.637935
 0 0.637941
 0 0.637956
 0 0.637962
 0 0.637962
 0 0.637969
 0 0.637969
 0 0.63797
 0 0.637971
 0 0.637971
 0 0.637971
 0 0.637979
 0 0.637981
 0 0.637984
 0 0.637997
 0 0.638026
 0 0.638027
 0 0.638029
 0 0.638031
 0 0.638031
 0 0.638048
 0 0.638094
 0 0.638094
 0 0.638094
 0 0.638098
 0 0.638115
 0 0.638135
 0 0.638135
 0 0.63814
 0 0.638152
 0 0.638152
 0 0.638161
 0 0.638179
 0 0.638179
 0 0.638179
 0 0.638179
 0 0.638179
 0 0.638182
 0 0.638182
 0 0.638192
 0 0.638227
 0 0.638227
 0 0.638229
 0 0.638229
 0 0.63823
 0 0.63823
 0 0.638231
 0 0.638233
 0 0.638233
 0 0.638236
 0 0.638259
 0 0.638259
 0 0.638279
 0 0.638283
 0 0.638283
 0 0.638283
 0 0.638286
 0 0.638286
 0 0.638286
 0 0.638303
 0 0.638333
 0 0.638333
 0 0.638337
 0 0.638338
 0 0.638375
 0 0.638375
 0 0.638375
 0 0.638375
 0 0.638391
 0 0.638394
 0 0.638394
 0 0.638395
 0 0.638401
 0 0.638401
 0 0.638401
 0 0.638403
 0 0.63844
 0 0.638444
 0 0.638444
 0 0.63845
 0 0.638497
 0 0.638498
 0 0.638504
 0 0.638505
 0 0.638505
 0 0.638507
 0 0.638507
 0 0.638509
 0 0.638511
 0 0.638517
 0 0.638517
 0 0.638517
 0 0.638518
 0 0.63852
 0 0.638536
 0 0.638536
 0 0.638537
 0 0.63855
 0 0.63855
 0 0.638553
 0 0.638553
 0 0.638553
 0 0.638553
 0 0.638583
 0 0.638584
 0 0.638587
 0 0.638595
 0 0.638602
 0 0.638603
 0 0.638603
 0 0.638603
 0 0.638623
 0 0.638624
 0 0.638634
 0 0.638634
 0 0.638634
 0 0.638635
 0 0.638656
 0 0.638676
 0 0.638676
 0 0.638679
 0 0.638694
 0 0.638694
 0 0.638707
 0 0.638707
 0 0.638719
 0 0.638719
 0 0.63872
 0 0.63872
 0 0.638721
 0 0.638721
 0 0.638745
 0 0.638763
 0 0.638774
 0 0.638789
 0 0.638793
 0 0.638794
 0 0.638806
 0 0.638807
 0 0.638807
 0 0.638838
 0 0.638894
 0 0.638894
 0 0.638894
 0 0.638901
 0 0.638911
 0 0.638911
 0 0.638925
 0 0.638935
 0 0.638935
 0 0.638944
 0 0.638948
 0 0.638957
 0 0.638957
 0 0.638958
 0 0.638992
 0 0.638992
 0 0.638994
 0 0.638995
 0 0.638997
 0 0.639003
 0 0.639038
 0 0.639038
 0 0.639039
 0 0.639039
 0 0.639041
 0 0.639077
 0 0.639108
 0 0.639108
 0 0.639108
 0 0.639111
 0 0.639111
 0 0.639116
 0 0.639117
 0 0.639118
 0 0.63912
 0 0.639135
 0 0.639135
 0 0.639206
 0 0.639231
 0 0.639241
 0 0.639264
 0 0.639264
 0 0.639265
 0 0.639285
 0 0.639303
 0 0.639306
 0 0.639307
 0 0.639309
 0 0.639323
 0 0.639324
 0 0.639333
 0 0.639334
 0 0.639334
 0 0.639337
 0 0.639344
 0 0.639346
 0 0.639418
 0 0.639418
 0 0.639422
 0 0.639443
 0 0.639443
 0 0.639444
 0 0.639444
 0 0.639474
 0 0.639476
 0 0.639476
 0 0.639495
 0 0.639495
 0 0.6395
 0 0.6395
 0 0.639503
 0 0.639503
 0 0.639504
 0 0.639507
 0 0.639575
 0 0.639579
 0 0.63958
 0 0.639598
 0 0.639708
 0 0.639736
 0 0.639736
 0 0.639739
 0 0.639769
 0 0.639788
 0 0.639788
 0 0.639804
 0 0.639839
 0 0.639845
 0 0.639845
 0 0.639846
 0 0.63985
 0 0.63985
 0 0.63988
 0 0.639881
 0 0.639903
 0 0.639921
 0 0.639921
 0 0.639954
 0 0.639991
 0 0.639991
 0 0.640019
 0 0.64002
 0 0.64002
 0 0.640028
 0 0.640029
 0 0.640168
 0 0.640255
 0 0.640255
 0 0.640294
 0 0.640406
 0 0.640498
 0 0.640554
 0 0.640556
 0 0.640729
 0 0.640799
 0 0.640801
 0 0.640801
 0 0.640801
 0 0.640824
 0 0.640976
 0 0.641243
 0 0.641243
 0 0.641243
 0 0.6422
 0 0.642425
 0 0.642425
 0 0.642996
 0 0.642996
 0 0.642996
 0 2.46031
 0 2.46031
 0 2.46032
 0 2.46088
 0 2.46109
 0 2.46109
 0 inf
