 8.85559 9.4473
 8.76857 9.29987
 8.74758 8.91932
 8.67833 8.69878
 8.49253 8.58317
 8.36347 8.48436
 7.80273 8.00794
 7.72076 8.33156
 7.32647 8.05458
 7.26321 7.3221
 7.21179 7.21725
 6.85356 7.07845
 6.84164 7.02144
 6.77217 7.61755
 6.56109 6.99262
 6.44816 6.84461
 6.36104 7.07456
 6.35552 7.23759
 6.27861 7.17012
 6.21316 6.74888
 6.19851 7.33928
 6.0678 7.71294
 5.923 8.65986
 5.82575 5.91972
 5.76538 6.00189
 5.48783 6.62334
 5.3909 5.39847
 5.3752 5.60673
 5.2475 5.25747
 5.22194 5.80773
 5.1592 5.41833
 5.05942 5.0694
 5.05798 5.13249
 5.0465 5.06831
 5.03237 5.41825
 5.03139 5.03764
 4.96879 4.97753
 4.9137 4.92498
 4.87414 4.87421
 4.86575 4.86823
 4.86087 4.86854
 4.85954 4.86823
 4.85828 5.04243
 4.84488 4.84815
 4.84071 4.85039
 4.8345 5.60268
 4.82327 4.82976
 4.82284 4.84244
 4.8213 5.02994
 4.81163 5.21479
 4.80743 4.8291
 4.8073 5.05767
 4.80645 4.81455
 4.79965 4.81153
 4.79366 5.08518
 4.7868 4.7894
 4.78388 4.86497
 4.78288 4.81649
 4.77806 4.79667
 4.76114 4.76772
 4.74985 4.75527
 4.74781 4.75938
 4.74721 4.76874
 4.74593 4.90707
 4.73101 4.73372
 4.71972 4.73034
 4.71717 4.74524
 4.69984 4.7006
 4.68769 4.69911
 4.68208 4.69536
 4.67313 4.85281
 4.66958 4.68064
 4.66291 4.8783
 4.65216 4.6604
 4.64087 5.25321
 4.6389 4.65631
 4.63787 4.66549
 4.63426 4.65819
 4.62894 4.65535
 4.60941 4.61017
 4.60858 4.64033
 4.60612 4.64359
 4.60582 5.89287
 4.58892 4.59906
 4.58331 4.592
 4.58266 4.87777
 4.57736 4.60667
 4.57595 4.73411
 4.54535 4.57473
 4.53955 4.56494
 4.53796 4.56308
 4.52306 5.05157
 4.52201 4.52937
 4.51915 4.52293
 4.50131 4.51426
 4.49215 5.14097
 4.49087 4.87978
 4.47725 4.48715
 4.47723 4.4816
 4.47578 4.87311
 4.45379 5.04058
 4.43976 5.86648
 4.43962 4.44986
 4.43461 4.46268
 4.43424 4.43817
 4.43371 8.18927
 4.43312 4.43641
 4.43004 7.66957
 4.42892 4.43774
 4.42552 4.73274
 4.41373 4.98104
 4.41317 6.07605
 4.40964 4.45571
 4.40672 5.17862
 4.39264 7.51837
 4.38468 8.69087
 4.34594 5.01176
 4.33276 6.52514
 4.3299 4.41227
 4.30079 5.13604
 4.2963 5.29495
 4.25924 5.22131
 4.25168 4.35624
 4.2455 7.06585
 4.23043 6.09185
 4.19319 5.09194
 4.16241 5.23279
 4.16079 5.16991
 4.14165 4.94259
 4.1388 7.31099
 4.13572 9.31648
 4.12929 4.36207
 4.11165 4.26301
 4.09135 4.23103
 4.07929 6.02681
 4.07871 5.01992
 4.02865 5.38864
 4.00997 4.02172
 3.99739 5.87757
 3.97389 7.16697
 3.96235 3.96693
 3.94669 8.08266
 3.85631 4.65933
 3.71819 8.57754
 3.25622 5.42751
