 9.11998 9.62993
 8.76188 9.3041
 8.45888 8.76841
 8.42986 8.51039
 7.79034 8.41083
 7.6996 7.88727
 7.30933 8.11063
 7.26761 7.3255
 7.22492 7.37944
 7.16298 7.1666
 6.88905 7.04237
 6.65048 7.08879
 6.59662 7.59869
 6.48159 7.1649
 6.44471 6.81675
 6.28993 7.17861
 6.27831 7.20566
 6.18324 7.73123
 6.1446 6.58117
 6.04075 7.41614
 5.94629 8.6175
 5.93932 5.95981
 5.89344 6.12426
 5.53764 6.62135
 5.4349 5.44539
 5.34273 5.35763
 5.30895 5.59079
 5.20973 5.22189
 5.19872 5.88276
 5.19078 5.47267
 5.14023 5.45835
 5.08865 5.1
 5.08132 5.08302
 5.05732 5.15778
 5.05112 5.06597
 5.04599 5.0735
 5.03906 5.0519
 4.99647 5.01164
 4.96233 4.98039
 4.90737 4.90847
 4.89749 4.89938
 4.8959 4.90224
 4.88583 4.88823
 4.88309 5.04577
 4.88287 5.06799
 4.87185 4.8884
 4.86302 4.87364
 4.85271 4.8684
 4.84749 4.87239
 4.84732 5.14457
 4.84595 4.84684
 4.84442 5.00445
 4.83967 4.84007
 4.81717 4.83925
 4.80613 4.84697
 4.80561 4.81029
 4.79666 4.80276
 4.77446 5.25724
 4.76523 4.77776
 4.76382 4.78662
 4.75786 4.76512
 4.75656 4.76099
 4.75618 4.75794
 4.75078 4.75748
 4.74627 4.76512
 4.74602 4.76123
 4.74479 4.74706
 4.7438 5.32031
 4.73993 4.76537
 4.73825 4.7563
 4.73565 4.75387
 4.73168 4.77368
 4.73134 4.89252
 4.72597 5.45954
 4.71991 4.74264
 4.71472 4.76903
 4.71355 4.75859
 4.70438 4.71126
 4.69411 4.70604
 4.68837 4.69387
 4.68716 4.70822
 4.68702 4.69824
 4.68421 4.8405
 4.67347 4.72193
 4.66295 4.69342
 4.63978 4.65404
 4.63738 4.65416
 4.63521 4.65698
 4.62564 4.84509
 4.6191 4.62188
 4.61874 4.8797
 4.61165 4.63995
 4.61043 5.89352
 4.60271 4.99744
 4.57962 4.59119
 4.57867 4.59081
 4.57145 4.57728
 4.5642 5.13987
 4.53723 4.56707
 4.53215 4.89801
 4.52103 4.88595
 4.50606 8.20916
 4.50541 4.5152
 4.50471 4.5156
 4.50062 4.54509
 4.49318 4.74383
 4.48855 4.91909
 4.48699 5.85181
 4.46625 7.64507
 4.45737 4.45971
 4.44765 4.45935
 4.42436 7.59281
 4.42213 4.42897
 4.4116 8.73185
 4.40079 6.12848
 4.39257 4.94411
 4.38169 4.79118
 4.36926 5.256
 4.36382 5.15289
 4.36286 4.48724
 4.34545 4.9131
 4.32546 5.19335
 4.31855 5.14195
 4.31203 7.14348
 4.26987 6.49678
 4.26498 4.36407
 4.22361 5.04176
 4.20796 7.41195
 4.20679 6.11209
 4.20321 5.21232
 4.19982 5.21364
 4.18154 5.05708
 4.16188 9.33198
 4.13998 4.4076
 4.12458 4.25143
 4.12273 6.09492
 4.11378 5.40966
 4.08566 4.27988
 4.0764 4.99483
 4.06322 4.0721
 4.04646 5.88388
 3.96629 7.10906
 3.93855 8.03312
 3.83039 4.61504
 3.75397 8.51822
 3.26646 5.41651
