 9.85309 10.0016
 9.74711 9.77255
 8.79042 8.8043
 7.86202 7.89877
 7.69667 8.14756
 7.50754 7.62899
 7.41887 7.56168
 7.30511 7.41629
 7.22236 8.61676
 7.07142 7.17492
 6.88231 8.02693
 6.84344 7.29605
 6.64535 6.88184
 6.44694 6.99305
 6.34171 6.88654
 6.26958 6.8271
 6.02944 6.03118
 6.02776 6.70405
 6.00254 8.68145
 5.98997 6.24083
 5.98268 6.79048
 5.97283 6.44022
 5.56075 7.23928
 5.55928 7.4687
 5.47941 5.88618
 5.47262 7.63878
 5.25521 5.78453
 5.21323 6.7497
 5.01303 5.02917
 4.94585 4.9535
 4.93705 4.96318
 4.89552 4.99246
 4.88298 4.9289
 4.85379 5.26009
 4.83993 4.85603
 4.80209 4.82396
 4.79611 4.80382
 4.77707 5.06183
 4.7749 4.78153
 4.76123 4.76859
 4.75046 4.7625
 4.74259 4.96899
 4.74186 4.75122
 4.73359 4.73581
 4.73257 4.74758
 4.73058 4.74
 4.72241 4.72242
 4.72239 4.73175
 4.72163 4.74725
 4.71761 4.89738
 4.71456 4.73374
 4.7103 4.74268
 4.70262 4.72051
 4.70146 4.73598
 4.69691 4.71859
 4.69536 4.73125
 4.69422 7.37636
 4.69211 4.69408
 4.69109 4.72988
 4.69089 4.7527
 4.68707 4.71274
 4.68465 5.16673
 4.6836 4.68453
 4.68047 4.68926
 4.68024 4.93959
 4.67619 5.09878
 4.67563 4.67637
 4.67153 4.74424
 4.67012 4.68637
 4.66971 5.42865
 4.6694 4.68463
 4.65729 6.01581
 4.65503 4.66324
 4.64808 5.15691
 4.60566 4.61532
 4.60528 4.6085
 4.5991 4.59962
 4.59623 4.99193
 4.57148 4.58314
 4.56765 4.57361
 4.56444 4.57031
 4.56183 4.67401
 4.55873 4.5889
 4.55726 4.57787
 4.54908 4.55958
 4.53225 4.53288
 4.53154 7.46354
 4.52977 4.54256
 4.52667 4.98955
 4.51709 5.11246
 4.51159 4.52467
 4.50779 4.57711
 4.50528 4.51288
 4.50378 7.52568
 4.49744 4.50434
 4.49391 4.50669
 4.49384 4.94165
 4.49246 4.61915
 4.48327 4.8355
 4.48192 4.49451
 4.45708 8.05804
 4.45406 5.21621
 4.44493 4.46839
 4.43564 4.46417
 4.42318 7.64081
 4.36544 4.9517
 4.36348 4.86075
 4.35347 5.2046
 4.33903 6.6675
 4.29604 4.3596
 4.29352 4.55491
 4.2652 4.27273
 4.25832 8.97574
 4.25556 9.14895
 4.24416 4.24662
 4.17737 4.65614
 4.1771 5.23694
 4.15434 4.26108
 4.15076 4.15853
 4.14713 9.32166
 4.09877 4.5263
 4.06258 5.66582
 4.03356 4.04879
 4.01023 4.96083
 4.00252 4.45362
 3.99506 5.02511
 3.9683 3.98804
 3.95491 3.96569
 3.94972 3.98137
 3.79125 3.8069
 3.78046 6.22977
 3.75654 5.21712
 3.37536 9.14746
