 0 0.484936
 0 0.484936
 0 0.484936
 0 0.485462
 0 0.485656
 0 0.485656
 0 0.485915
 0 0.485915
 0 0.486172
 0 0.486172
 0 0.486173
 0 0.487046
 0 0.509072
 0 0.509162
 0 0.509431
 0 0.51
 0 0.510001
 0 0.510088
 0 0.614385
 0 0.614393
 0 0.614393
 0 0.614475
 0 0.615488
 0 0.615488
 0 0.618949
 0 0.61895
 0 0.61931
 0 0.61931
 0 0.61931
 0 0.619313
 0 0.620209
 0 0.620213
 0 0.620213
 0 0.620264
 0 0.621419
 0 0.621424
 0 0.622462
 0 0.622463
 0 0.622463
 0 0.622518
 0 0.622519
 0 0.622519
 0 0.622768
 0 0.622931
 0 0.622934
 0 0.62316
 0 0.62316
 0 0.623612
 0 0.623612
 0 0.623613
 0 0.623614
 0 0.623614
 0 0.623759
 0 0.623891
 0 0.624315
 0 0.624315
 0 0.624732
 0 0.624841
 0 0.624841
 0 0.625193
 0 0.625211
 0 0.625211
 0 0.625223
 0 0.625225
 0 0.625225
 0 0.625285
 0 0.625291
 0 0.625454
 0 0.625454
 0 0.625454
 0 0.625454
 0 0.625457
 0 0.625469
 0 0.625503
 0 0.625507
 0 0.625528
 0 0.625547
 0 0.625547
 0 0.625652
 0 0.625657
 0 0.625717
 0 0.625718
 0 0.625722
 0 0.625722
 0 0.625851
 0 0.625853
 0 0.625858
 0 0.625875
 0 0.625879
 0 0.62588
 0 0.626009
 0 0.626009
 0 0.626011
 0 0.626044
 0 0.626046
 0 0.626046
 0 0.626449
 0 0.626461
 0 0.626464
 0 0.626464
 0 0.626491
 0 0.626507
 0 0.626662
 0 0.626744
 0 0.626822
 0 0.626822
 0 0.626826
 0 0.626834
 0 0.62684
 0 0.62684
 0 0.62684
 0 0.626841
 0 0.627011
 0 0.627014
 0 0.627057
 0 0.627119
 0 0.627163
 0 0.627284
 0 0.627314
 0 0.627341
 0 0.627378
 0 0.627378
 0 0.627449
 0 0.62745
 0 0.627499
 0 0.627512
 0 0.627618
 0 0.627637
 0 0.627711
 0 0.627712
 0 0.627755
 0 0.627756
 0 0.627783
 0 0.627784
 0 0.627785
 0 0.627788
 0 0.627789
 0 0.627893
 0 0.627895
 0 0.627931
 0 0.627931
 0 0.627959
 0 0.627961
 0 0.627961
 0 0.627993
 0 0.628043
 0 0.62807
 0 0.628073
 0 0.628146
 0 0.628146
 0 0.628156
 0 0.628173
 0 0.628173
 0 0.628174
 0 0.628174
 0 0.628174
 0 0.628228
 0 0.628228
 0 0.628234
 0 0.628242
 0 0.628245
 0 0.628247
 0 0.62825
 0 0.628272
 0 0.628347
 0 0.628348
 0 0.628348
 0 0.628349
 0 0.628361
 0 0.628361
 0 0.628366
 0 0.628367
 0 0.628392
 0 0.628412
 0 0.628413
 0 0.628477
 0 0.628477
 0 0.628486
 0 0.628498
 0 0.628498
 0 0.628516
 0 0.628516
 0 0.62855
 0 0.62855
 0 0.628562
 0 0.628564
 0 0.628564
 0 0.628564
 0 0.628584
 0 0.62859
 0 0.628606
 0 0.628606
 0 0.628611
 0 0.628633
 0 0.628663
 0 0.628678
 0 0.628681
 0 0.62869
 0 0.628693
 0 0.628696
 0 0.62872
 0 0.628724
 0 0.628749
 0 0.628757
 0 0.628803
 0 0.628803
 0 0.628882
 0 0.628882
 0 0.628882
 0 0.628894
 0 0.628896
 0 0.628903
 0 0.628905
 0 0.628926
 0 0.628931
 0 0.628983
 0 0.629029
 0 0.62903
 0 0.629053
 0 0.629054
 0 0.629054
 0 0.629058
 0 0.629095
 0 0.6291
 0 0.6291
 0 0.629104
 0 0.629164
 0 0.629197
 0 0.629198
 0 0.629235
 0 0.629235
 0 0.629245
 0 0.629252
 0 0.629252
 0 0.629253
 0 0.629318
 0 0.629345
 0 0.629362
 0 0.629362
 0 0.629366
 0 0.6294
 0 0.629401
 0 0.62941
 0 0.62941
 0 0.629411
 0 0.629411
 0 0.629421
 0 0.629446
 0 0.629481
 0 0.629485
 0 0.629499
 0 0.6295
 0 0.629504
 0 0.629505
 0 0.629542
 0 0.629553
 0 0.629555
 0 0.629557
 0 0.629557
 0 0.629596
 0 0.629596
 0 0.629598
 0 0.629611
 0 0.629612
 0 0.629671
 0 0.629688
 0 0.629728
 0 0.629728
 0 0.629744
 0 0.629747
 0 0.629757
 0 0.629828
 0 0.629829
 0 0.629829
 0 0.629924
 0 0.629924
 0 0.629939
 0 0.62994
 0 0.629941
 0 0.629951
 0 0.629951
 0 0.629952
 0 0.629969
 0 0.629969
 0 0.629976
 0 0.629988
 0 0.629988
 0 0.630013
 0 0.630048
 0 0.63005
 0 0.630062
 0 0.630071
 0 0.630071
 0 0.630072
 0 0.630073
 0 0.63009
 0 0.630111
 0 0.630112
 0 0.630159
 0 0.630161
 0 0.630161
 0 0.630183
 0 0.630183
 0 0.630184
 0 0.630186
 0 0.630188
 0 0.630188
 0 0.630191
 0 0.630192
 0 0.630203
 0 0.630207
 0 0.630244
 0 0.630244
 0 0.630279
 0 0.630282
 0 0.630299
 0 0.6303
 0 0.630318
 0 0.63032
 0 0.630325
 0 0.630352
 0 0.630354
 0 0.630354
 0 0.630365
 0 0.630423
 0 0.630423
 0 0.630427
 0 0.630434
 0 0.630437
 0 0.630437
 0 0.630534
 0 0.630534
 0 0.630534
 0 0.630562
 0 0.630564
 0 0.630565
 0 0.630569
 0 0.630579
 0 0.630585
 0 0.630588
 0 0.630591
 0 0.630671
 0 0.630671
 0 0.630718
 0 0.630724
 0 0.630724
 0 0.630724
 0 0.630746
 0 0.630749
 0 0.630771
 0 0.630771
 0 0.630771
 0 0.630777
 0 0.63078
 0 0.630783
 0 0.630784
 0 0.630857
 0 0.630871
 0 0.630871
 0 0.630871
 0 0.630919
 0 0.630932
 0 0.630932
 0 0.630961
 0 0.630963
 0 0.63108
 0 0.631082
 0 0.631092
 0 0.631092
 0 0.631115
 0 0.631117
 0 0.63112
 0 0.631134
 0 0.631136
 0 0.631136
 0 0.631136
 0 0.631136
 0 0.631198
 0 0.631199
 0 0.631205
 0 0.631226
 0 0.631228
 0 0.631279
 0 0.631283
 0 0.631293
 0 0.631295
 0 0.631303
 0 0.631303
 0 0.631305
 0 0.631347
 0 0.631351
 0 0.631351
 0 0.631386
 0 0.631387
 0 0.631387
 0 0.631394
 0 0.631433
 0 0.631433
 0 0.631494
 0 0.631495
 0 0.631522
 0 0.631524
 0 0.631524
 0 0.631526
 0 0.63155
 0 0.631551
 0 0.631553
 0 0.631553
 0 0.631556
 0 0.631609
 0 0.631613
 0 0.631622
 0 0.631622
 0 0.631622
 0 0.631623
 0 0.631623
 0 0.631625
 0 0.631627
 0 0.631655
 0 0.631655
 0 0.631655
 0 0.631655
 0 0.631661
 0 0.631678
 0 0.631678
 0 0.631678
 0 0.631678
 0 0.631717
 0 0.631718
 0 0.631718
 0 0.63173
 0 0.631732
 0 0.631735
 0 0.631737
 0 0.631757
 0 0.631757
 0 0.631757
 0 0.631757
 0 0.631757
 0 0.631835
 0 0.631838
 0 0.631838
 0 0.631841
 0 0.631853
 0 0.631853
 0 0.631858
 0 0.631864
 0 0.631864
 0 0.631865
 0 0.631865
 0 0.631895
 0 0.631896
 0 0.631897
 0 0.631908
 0 0.631914
 0 0.631921
 0 0.631926
 0 0.631949
 0 0.63195
 0 0.63195
 0 0.631951
 0 0.631952
 0 0.631952
 0 0.632001
 0 0.632028
 0 0.632029
 0 0.632045
 0 0.632045
 0 0.632087
 0 0.632088
 0 0.632088
 0 0.63209
 0 0.63209
 0 0.63209
 0 0.632091
 0 0.632117
 0 0.632118
 0 0.632118
 0 0.63216
 0 0.632205
 0 0.632228
 0 0.632268
 0 0.632268
 0 0.632269
 0 0.632331
 0 0.632363
 0 0.632364
 0 0.632365
 0 0.632366
 0 0.632368
 0 0.632371
 0 0.632373
 0 0.632408
 0 0.632428
 0 0.632428
 0 0.632428
 0 0.632429
 0 0.632441
 0 0.632474
 0 0.632474
 0 0.632506
 0 0.632538
 0 0.632539
 0 0.632557
 0 0.632559
 0 0.632561
 0 0.632561
 0 0.632561
 0 0.632562
 0 0.632566
 0 0.632567
 0 0.632572
 0 0.632604
 0 0.632681
 0 0.632681
 0 0.632683
 0 0.632683
 0 0.632696
 0 0.632701
 0 0.632702
 0 0.632703
 0 0.632704
 0 0.632708
 0 0.632709
 0 0.632709
 0 0.632717
 0 0.632736
 0 0.632756
 0 0.632756
 0 0.632756
 0 0.632772
 0 0.632776
 0 0.632776
 0 0.632777
 0 0.632777
 0 0.632791
 0 0.632798
 0 0.632806
 0 0.632813
 0 0.632819
 0 0.63282
 0 0.632834
 0 0.632836
 0 0.632836
 0 0.632846
 0 0.632875
 0 0.632875
 0 0.632898
 0 0.632899
 0 0.632905
 0 0.632905
 0 0.632907
 0 0.632907
 0 0.632907
 0 0.632919
 0 0.632919
 0 0.632938
 0 0.632943
 0 0.632945
 0 0.632945
 0 0.632948
 0 0.632948
 0 0.632982
 0 0.632987
 0 0.632988
 0 0.632992
 0 0.632994
 0 0.633021
 0 0.633093
 0 0.633093
 0 0.633098
 0 0.633117
 0 0.633117
 0 0.633117
 0 0.633119
 0 0.633148
 0 0.633173
 0 0.633177
 0 0.633178
 0 0.633178
 0 0.63318
 0 0.633202
 0 0.633209
 0 0.633212
 0 0.633213
 0 0.633244
 0 0.633245
 0 0.633246
 0 0.633248
 0 0.633262
 0 0.633262
 0 0.633264
 0 0.633267
 0 0.633285
 0 0.633288
 0 0.633288
 0 0.633288
 0 0.633291
 0 0.633294
 0 0.633294
 0 0.633299
 0 0.633304
 0 0.633307
 0 0.633307
 0 0.633308
 0 0.633308
 0 0.63332
 0 0.633332
 0 0.633333
 0 0.633368
 0 0.633368
 0 0.633377
 0 0.633377
 0 0.633377
 0 0.633401
 0 0.633408
 0 0.633409
 0 0.63341
 0 0.633415
 0 0.633428
 0 0.633432
 0 0.633449
 0 0.633457
 0 0.633458
 0 0.633461
 0 0.633461
 0 0.63349
 0 0.63349
 0 0.633522
 0 0.633546
 0 0.633558
 0 0.633558
 0 0.633579
 0 0.633579
 0 0.633595
 0 0.633595
 0 0.633604
 0 0.633606
 0 0.633643
 0 0.633643
 0 0.633644
 0 0.633644
 0 0.633644
 0 0.633661
 0 0.633661
 0 0.633661
 0 0.633686
 0 0.633686
 0 0.633687
 0 0.633687
 0 0.633693
 0 0.633693
 0 0.633703
 0 0.633727
 0 0.633743
 0 0.633743
 0 0.633744
 0 0.633744
 0 0.633747
 0 0.633748
 0 0.633748
 0 0.633748
 0 0.633793
 0 0.633805
 0 0.633818
 0 0.633819
 0 0.63382
 0 0.633856
 0 0.633865
 0 0.633865
 0 0.63389
 0 0.633918
 0 0.633919
 0 0.633919
 0 0.633964
 0 0.633966
 0 0.633984
 0 0.633984
 0 0.633984
 0 0.633988
 0 0.63399
 0 0.633991
 0 0.633994
 0 0.633995
 0 0.633999
 0 0.634001
 0 0.634006
 0 0.634006
 0 0.634007
 0 0.634012
 0 0.634032
 0 0.634036
 0 0.634036
 0 0.63404
 0 0.63404
 0 0.63404
 0 0.634048
 0 0.634049
 0 0.634051
 0 0.634052
 0 0.634053
 0 0.634057
 0 0.634081
 0 0.634082
 0 0.634102
 0 0.634105
 0 0.634109
 0 0.634109
 0 0.634143
 0 0.634143
 0 0.634143
 0 0.634151
 0 0.634152
 0 0.634155
 0 0.634172
 0 0.634176
 0 0.634178
 0 0.634178
 0 0.634218
 0 0.634219
 0 0.634219
 0 0.634226
 0 0.634271
 0 0.634272
 0 0.634273
 0 0.6343
 0 0.634303
 0 0.634355
 0 0.634356
 0 0.634356
 0 0.634358
 0 0.634383
 0 0.634392
 0 0.634396
 0 0.634396
 0 0.634454
 0 0.634478
 0 0.63453
 0 0.63453
 0 0.63453
 0 0.63453
 0 0.634559
 0 0.63456
 0 0.6346
 0 0.634611
 0 0.634623
 0 0.634626
 0 0.634638
 0 0.634639
 0 0.634639
 0 0.63468
 0 0.63468
 0 0.634681
 0 0.634685
 0 0.634715
 0 0.634781
 0 0.634781
 0 0.634783
 0 0.634787
 0 0.634813
 0 0.634816
 0 0.63482
 0 0.63482
 0 0.634888
 0 0.634888
 0 0.634891
 0 0.634891
 0 0.634891
 0 0.634928
 0 0.634948
 0 0.634983
 0 0.634983
 0 0.63499
 0 0.634992
 0 0.634992
 0 0.635008
 0 0.635051
 0 0.635123
 0 0.635126
 0 0.635128
 0 0.635138
 0 0.635204
 0 0.635205
 0 0.635218
 0 0.63522
 0 0.63522
 0 0.635223
 0 0.635227
 0 0.63524
 0 0.635244
 0 0.635248
 0 0.635251
 0 0.635257
 0 0.635257
 0 0.63531
 0 0.635345
 0 0.635364
 0 0.635378
 0 0.635382
 0 0.635384
 0 0.635385
 0 0.635385
 0 0.635423
 0 0.635447
 0 0.635447
 0 0.635448
 0 0.635448
 0 0.635468
 0 0.635469
 0 0.635469
 0 0.63547
 0 0.63547
 0 0.635488
 0 0.635491
 0 0.635532
 0 0.635533
 0 0.635563
 0 0.635564
 0 0.635579
 0 0.63558
 0 0.635581
 0 0.635582
 0 0.635584
 0 0.635625
 0 0.635625
 0 0.63567
 0 0.635726
 0 0.635729
 0 0.635745
 0 0.635757
 0 0.635793
 0 0.635807
 0 0.63581
 0 0.635821
 0 0.635823
 0 0.635824
 0 0.635825
 0 0.635857
 0 0.63586
 0 0.635867
 0 0.635869
 0 0.635879
 0 0.63588
 0 0.635883
 0 0.635884
 0 0.635894
 0 0.635897
 0 0.635899
 0 0.6359
 0 0.635902
 0 0.635915
 0 0.635917
 0 0.635932
 0 0.635949
 0 0.635951
 0 0.635965
 0 0.635967
 0 0.635969
 0 0.635975
 0 0.635978
 0 0.636019
 0 0.63602
 0 0.636021
 0 0.636023
 0 0.636029
 0 0.636038
 0 0.63604
 0 0.636041
 0 0.636041
 0 0.636056
 0 0.636056
 0 0.636057
 0 0.636057
 0 0.636057
 0 0.636057
 0 0.63606
 0 0.636078
 0 0.636132
 0 0.636132
 0 0.636148
 0 0.636148
 0 0.63615
 0 0.63615
 0 0.636152
 0 0.636154
 0 0.636172
 0 0.636202
 0 0.636203
 0 0.636204
 0 0.636204
 0 0.636204
 0 0.636206
 0 0.63621
 0 0.63621
 0 0.636211
 0 0.636211
 0 0.636211
 0 0.636214
 0 0.636214
 0 0.636226
 0 0.636226
 0 0.636237
 0 0.636237
 0 0.636237
 0 0.636237
 0 0.63627
 0 0.636296
 0 0.636392
 0 0.636392
 0 0.636392
 0 0.636397
 0 0.636427
 0 0.636427
 0 0.636444
 0 0.63645
 0 0.636454
 0 0.63646
 0 0.636462
 0 0.636509
 0 0.636517
 0 0.636517
 0 0.636536
 0 0.636537
 0 0.636538
 0 0.636548
 0 0.636553
 0 0.636573
 0 0.636573
 0 0.636573
 0 0.636575
 0 0.636577
 0 0.636577
 0 0.636631
 0 0.636631
 0 0.636636
 0 0.636637
 0 0.636639
 0 0.636656
 0 0.63675
 0 0.636794
 0 0.636794
 0 0.636796
 0 0.636829
 0 0.636831
 0 0.636831
 0 0.636832
 0 0.636835
 0 0.636868
 0 0.636887
 0 0.636904
 0 0.636934
 0 0.636941
 0 0.637022
 0 0.637025
 0 0.637025
 0 0.637025
 0 0.637028
 0 0.637028
 0 0.637029
 0 0.637047
 0 0.637048
 0 0.637048
 0 0.637048
 0 0.637066
 0 0.637066
 0 0.637067
 0 0.637067
 0 0.637068
 0 0.637069
 0 0.637069
 0 0.63709
 0 0.63709
 0 0.637118
 0 0.637122
 0 0.637122
 0 0.637151
 0 0.637151
 0 0.637153
 0 0.637172
 0 0.637179
 0 0.63722
 0 0.637249
 0 0.637251
 0 0.637254
 0 0.637256
 0 0.637269
 0 0.637269
 0 0.637287
 0 0.637288
 0 0.637405
 0 0.637407
 0 0.637407
 0 0.637425
 0 0.637433
 0 0.637433
 0 0.637445
 0 0.637491
 0 0.637491
 0 0.637498
 0 0.637498
 0 0.637504
 0 0.637506
 0 0.637561
 0 0.637561
 0 0.637574
 0 0.637575
 0 0.637576
 0 0.637577
 0 0.637578
 0 0.637578
 0 0.637624
 0 0.637625
 0 0.637627
 0 0.637684
 0 0.637684
 0 0.637719
 0 0.637719
 0 0.637745
 0 0.637747
 0 0.637748
 0 0.637792
 0 0.637799
 0 0.637876
 0 0.637911
 0 0.637912
 0 0.63792
 0 0.638006
 0 0.638072
 0 0.638074
 0 0.638114
 0 0.638114
 0 0.638115
 0 0.638115
 0 0.63817
 0 0.63817
 0 0.638189
 0 0.638189
 0 0.638206
 0 0.638222
 0 0.638241
 0 0.638241
 0 0.638278
 0 0.63829
 0 0.63829
 0 0.638292
 0 0.638309
 0 0.638315
 0 0.638466
 0 0.638468
 0 0.638468
 0 0.638471
 0 0.638531
 0 0.638534
 0 0.638535
 0 0.638535
 0 0.63854
 0 0.638542
 0 0.638542
 0 0.638564
 0 0.638705
 0 0.638783
 0 0.638784
 0 0.63882
 0 0.638874
 0 0.638874
 0 0.63888
 0 0.638948
 0 0.638949
 0 0.63895
 0 0.638974
 0 0.63898
 0 0.638997
 0 0.639
 0 0.639025
 0 0.639025
 0 0.639025
 0 0.639025
 0 0.639076
 0 0.639175
 0 0.639176
 0 0.639176
 0 0.639183
 0 0.639184
 0 0.63925
 0 0.639255
 0 0.639261
 0 0.639269
 0 0.639269
 0 0.639336
 0 0.639417
 0 0.639418
 0 0.639429
 0 0.639429
 0 0.639434
 0 0.639453
 0 0.6395
 0 0.639511
 0 0.639621
 0 0.639629
 0 0.639682
 0 0.639686
 0 0.639686
 0 0.639686
 0 0.639686
 0 0.63974
 0 0.639747
 0 0.639747
 0 0.639764
 0 0.639816
 0 0.639816
 0 0.639882
 0 0.639901
 0 0.640041
 0 0.640044
 0 0.640045
 0 0.640068
 0 0.64007
 0 0.640137
 0 0.640137
 0 0.64023
 0 0.640233
 0 0.640327
 0 0.640332
 0 0.640345
 0 0.640349
 0 0.640354
 0 0.640357
 0 0.640478
 0 0.64048
 0 0.640486
 0 0.640524
 0 0.640531
 0 0.640531
 0 0.640664
 0 0.640665
 0 0.640751
 0 0.640811
 0 0.640939
 0 0.640939
 0 0.640968
 0 0.640968
 0 0.64097
 0 0.640972
 0 0.641086
 0 0.6411
 0 0.641102
 0 0.641688
 0 0.64169
 0 0.641692
 0 0.641693
 0 0.641693
 0 0.641898
 0 0.6419
 0 0.641921
 0 0.641921
 0 0.642019
 0 0.64202
 0 0.64202
 0 0.642319
 0 0.642374
 0 0.642374
 0 0.642378
 0 0.642575
 0 0.642669
 0 0.642669
 0 0.642723
 0 0.642767
 0 0.643181
 0 0.643181
 0 0.643181
 0 0.645415
 0 0.645416
 0 0.645569
 0 0.645569
 0 0.64557
 0 0.645846
 0 0.646736
 0 0.646736
 0 0.646937
 0 0.647507
 0 0.647507
 0 0.647507
 0 0.880526
 0 0.880911
 0 0.880912
 0 0.881479
 0 0.881577
 0 0.881864
 0 1.27028
 0 1.36783
 0 1.36783
 0 1.368
 0 1.36842
 0 1.36842
 0 1.36843
 0 1.89599
 0 2.4203
 0 2.42061
 0 2.42069
 0 2.42101
 0 inf
