 10.1386 10.4836
 9.88636 10.0809
 8.02129 8.06031
 7.6289 8.45736
 7.61286 7.8955
 7.48631 7.98873
 7.45774 7.68849
 7.01102 7.15051
 6.80697 7.24921
 6.76881 7.05674
 6.56219 6.86276
 6.53218 7.37979
 6.48355 8.63363
 6.39281 6.39532
 6.37503 6.90121
 6.33091 8.47064
 6.15034 6.18521
 5.93189 5.94933
 5.93072 5.94821
 5.93013 5.95269
 5.88759 6.34275
 5.87725 7.75995
 5.86208 7.7447
 5.83886 6.26034
 5.71259 5.86219
 5.68473 5.69035
 5.67772 5.68583
 5.67216 5.7162
 5.63975 5.68632
 5.60833 6.86276
 5.58878 5.59216
 5.57019 6.26468
 5.51528 5.56399
 5.42951 5.48744
 5.37317 5.88012
 5.22317 5.23014
 5.21599 5.26749
 5.20565 5.23135
 5.20149 5.22771
 5.12631 5.73581
 5.12044 6.04304
 5.10635 5.1342
 5.03837 5.0409
 5.00967 5.01479
 5.00945 5.03019
 4.99771 5.37191
 4.97511 4.97899
 4.95576 4.96574
 4.93605 4.95883
 4.91958 4.92737
 4.91305 4.92804
 4.8976 4.8981
 4.88662 4.92405
 4.8801 4.88116
 4.84355 4.85348
 4.83429 4.85783
 4.83288 4.83797
 4.82456 4.83818
 4.81964 7.52768
 4.81833 4.82475
 4.81714 7.65837
 4.81606 8.14377
 4.81354 5.40276
 4.80269 4.82371
 4.80225 4.93677
 4.80154 4.81727
 4.79216 4.81926
 4.79094 4.79989
 4.78742 4.80685
 4.78505 5.1767
 4.78115 5.23589
 4.78046 4.8058
 4.77743 4.79517
 4.77129 4.77676
 4.7575 4.77117
 4.75072 4.7629
 4.74824 4.77865
 4.74461 4.8345
 4.72178 4.74095
 4.71946 4.72476
 4.71685 4.73584
 4.71348 8.19176
 4.70251 4.89198
 4.69519 4.72673
 4.6832 4.70516
 4.67781 4.69433
 4.67465 4.71157
 4.67328 4.70444
 4.67306 4.70435
 4.67273 4.67889
 4.67049 5.58172
 4.66833 4.67531
 4.66675 4.67114
 4.66413 4.6689
 4.65808 5.67358
 4.65478 4.76803
 4.65156 4.66181
 4.64921 4.65192
 4.64584 4.66005
 4.63168 5.59848
 4.62277 4.64876
 4.61718 4.62594
 4.61449 4.7256
 4.60782 4.62515
 4.6025 4.62245
 4.59044 4.59821
 4.5883 5.61144
 4.58742 5.40854
 4.58719 4.59087
 4.57743 8.88739
 4.56667 4.57777
 4.55404 4.57116
 4.54664 4.56472
 4.54043 8.9841
 4.53765 4.78851
 4.51789 9.49998
 4.45262 4.51079
 4.44711 4.45093
 4.42991 4.43038
 4.41805 4.42011
 4.40582 4.69714
 4.36275 4.7261
 4.36194 5.06262
 4.35501 4.7814
 4.21067 5.1898
 4.20524 4.59839
 4.19953 4.20439
 4.17953 4.76757
 4.16745 5.29711
 4.16547 4.35307
 4.12459 4.14926
 4.11397 4.81339
 4.11066 6.87931
 4.02795 9.5135
 4.02184 4.7157
 3.98253 8.52526
 3.97325 4.16944
 3.81913 5.30494
 3.78551 3.79563
 3.77689 6.8597
 3.72349 5.44044
 3.69943 3.70496
 3.66012 3.67785
 3.64999 3.68396
 3.62741 4.87285
