 0 0.620003
 0 0.620003
 0 0.620004
 0 0.620004
 0 0.621118
 0 0.621119
 0 0.62112
 0 0.62112
 0 0.62138
 0 0.621385
 0 0.621438
 0 0.621746
 0 0.621795
 0 0.621897
 0 0.621898
 0 0.62198
 0 0.621981
 0 0.62202
 0 0.62202
 0 0.62202
 0 0.62202
 0 0.622021
 0 0.622078
 0 0.622099
 0 0.62249
 0 0.622491
 0 0.622545
 0 0.622618
 0 0.62262
 0 0.622737
 0 0.622738
 0 0.622738
 0 0.622738
 0 0.622757
 0 0.62298
 0 0.622995
 0 0.623116
 0 0.623189
 0 0.62326
 0 0.62326
 0 0.623369
 0 0.62337
 0 0.623383
 0 0.623508
 0 0.623508
 0 0.623648
 0 0.623648
 0 0.623648
 0 0.62365
 0 0.623709
 0 0.623927
 0 0.623928
 0 0.624118
 0 0.624184
 0 0.624222
 0 0.624259
 0 0.62426
 0 0.624303
 0 0.624521
 0 0.624524
 0 0.624524
 0 0.624524
 0 0.624605
 0 0.624606
 0 0.624691
 0 0.624691
 0 0.624932
 0 0.624934
 0 0.624934
 0 0.625067
 0 0.62508
 0 0.62508
 0 0.62508
 0 0.62508
 0 0.625096
 0 0.625097
 0 0.625097
 0 0.625098
 0 0.625174
 0 0.625174
 0 0.625271
 0 0.625274
 0 0.625423
 0 0.625629
 0 0.625631
 0 0.625632
 0 0.625634
 0 0.625797
 0 0.626015
 0 0.626015
 0 0.626016
 0 0.626016
 0 0.626016
 0 0.626178
 0 0.626178
 0 0.626179
 0 0.626249
 0 0.626249
 0 0.626253
 0 0.626554
 0 0.626577
 0 0.626578
 0 0.626579
 0 0.62679
 0 0.62679
 0 0.626806
 0 0.626905
 0 0.626907
 0 0.627071
 0 0.627071
 0 0.627071
 0 0.627075
 0 0.627075
 0 0.627269
 0 0.627272
 0 0.627272
 0 0.627293
 0 0.627342
 0 0.627342
 0 0.627351
 0 0.627352
 0 0.627372
 0 0.627411
 0 0.627411
 0 0.627412
 0 0.627412
 0 0.627413
 0 0.627429
 0 0.627429
 0 0.627429
 0 0.627471
 0 0.627471
 0 0.627487
 0 0.627487
 0 0.627487
 0 0.627533
 0 0.627597
 0 0.627708
 0 0.627747
 0 0.627748
 0 0.627748
 0 0.627768
 0 0.627768
 0 0.627898
 0 0.627967
 0 0.628016
 0 0.628017
 0 0.628171
 0 0.628172
 0 0.628173
 0 0.628175
 0 0.628269
 0 0.628269
 0 0.628287
 0 0.628298
 0 0.628299
 0 0.628309
 0 0.62831
 0 0.628315
 0 0.628362
 0 0.628362
 0 0.628461
 0 0.628636
 0 0.628638
 0 0.628692
 0 0.628692
 0 0.628819
 0 0.628819
 0 0.628857
 0 0.628858
 0 0.628965
 0 0.62911
 0 0.62911
 0 0.62911
 0 0.629115
 0 0.629115
 0 0.629115
 0 0.629125
 0 0.629125
 0 0.629153
 0 0.629257
 0 0.629259
 0 0.62926
 0 0.629263
 0 0.629301
 0 0.629417
 0 0.629417
 0 0.629417
 0 0.629417
 0 0.629435
 0 0.629436
 0 0.62948
 0 0.629496
 0 0.629497
 0 0.629497
 0 0.629497
 0 0.629534
 0 0.629537
 0 0.629624
 0 0.629624
 0 0.629624
 0 0.629784
 0 0.629786
 0 0.629897
 0 0.629897
 0 0.629897
 0 0.629897
 0 0.629897
 0 0.629906
 0 0.629906
 0 0.629907
 0 0.62998
 0 0.629989
 0 0.629998
 0 0.63
 0 0.630002
 0 0.63001
 0 0.630012
 0 0.630119
 0 0.630119
 0 0.630134
 0 0.630134
 0 0.630134
 0 0.630134
 0 0.630176
 0 0.630176
 0 0.630205
 0 0.630206
 0 0.630208
 0 0.630208
 0 0.630242
 0 0.630246
 0 0.630246
 0 0.630246
 0 0.630246
 0 0.63027
 0 0.630272
 0 0.630352
 0 0.630354
 0 0.630355
 0 0.630355
 0 0.630437
 0 0.630439
 0 0.630463
 0 0.630464
 0 0.630465
 0 0.630466
 0 0.630466
 0 0.630491
 0 0.630492
 0 0.630604
 0 0.630771
 0 0.630773
 0 0.630792
 0 0.630792
 0 0.630792
 0 0.630809
 0 0.630816
 0 0.630835
 0 0.630849
 0 0.630849
 0 0.630877
 0 0.630878
 0 0.630897
 0 0.630899
 0 0.630943
 0 0.63095
 0 0.630951
 0 0.630951
 0 0.630975
 0 0.630979
 0 0.630982
 0 0.630982
 0 0.630987
 0 0.630988
 0 0.630989
 0 0.631006
 0 0.631008
 0 0.631015
 0 0.631015
 0 0.631091
 0 0.6311
 0 0.631102
 0 0.631147
 0 0.631167
 0 0.631178
 0 0.63118
 0 0.631191
 0 0.631191
 0 0.631191
 0 0.631211
 0 0.631211
 0 0.631212
 0 0.631212
 0 0.631239
 0 0.631239
 0 0.631239
 0 0.631267
 0 0.631268
 0 0.631268
 0 0.631276
 0 0.631276
 0 0.631287
 0 0.631288
 0 0.63129
 0 0.63129
 0 0.63129
 0 0.631319
 0 0.631348
 0 0.631352
 0 0.631352
 0 0.631359
 0 0.631411
 0 0.631412
 0 0.631436
 0 0.631436
 0 0.631437
 0 0.631437
 0 0.631506
 0 0.631527
 0 0.631551
 0 0.631573
 0 0.631576
 0 0.631583
 0 0.631584
 0 0.631586
 0 0.631648
 0 0.631651
 0 0.631652
 0 0.631654
 0 0.631654
 0 0.631655
 0 0.631676
 0 0.631678
 0 0.631732
 0 0.631734
 0 0.631736
 0 0.631803
 0 0.631804
 0 0.63182
 0 0.63182
 0 0.631821
 0 0.631824
 0 0.631839
 0 0.631867
 0 0.631883
 0 0.631902
 0 0.631904
 0 0.631932
 0 0.631952
 0 0.631952
 0 0.631961
 0 0.631964
 0 0.631964
 0 0.631991
 0 0.631991
 0 0.632005
 0 0.632005
 0 0.632007
 0 0.632065
 0 0.632094
 0 0.632102
 0 0.63211
 0 0.632128
 0 0.632128
 0 0.632129
 0 0.632129
 0 0.632131
 0 0.632147
 0 0.632159
 0 0.632159
 0 0.632159
 0 0.632161
 0 0.632209
 0 0.632223
 0 0.632289
 0 0.63229
 0 0.632297
 0 0.632327
 0 0.632328
 0 0.632329
 0 0.63233
 0 0.63233
 0 0.632333
 0 0.632344
 0 0.632344
 0 0.632344
 0 0.63235
 0 0.63235
 0 0.632357
 0 0.632368
 0 0.632382
 0 0.632382
 0 0.632384
 0 0.632388
 0 0.63239
 0 0.632399
 0 0.632399
 0 0.632399
 0 0.632399
 0 0.6324
 0 0.632403
 0 0.632404
 0 0.632416
 0 0.632417
 0 0.632453
 0 0.632456
 0 0.632508
 0 0.63251
 0 0.632526
 0 0.632526
 0 0.632526
 0 0.632526
 0 0.632537
 0 0.632538
 0 0.632538
 0 0.632538
 0 0.632538
 0 0.63254
 0 0.632552
 0 0.632552
 0 0.63263
 0 0.63263
 0 0.632665
 0 0.632666
 0 0.632682
 0 0.632682
 0 0.632701
 0 0.632731
 0 0.632731
 0 0.632737
 0 0.632739
 0 0.632739
 0 0.632748
 0 0.632748
 0 0.63275
 0 0.63275
 0 0.63275
 0 0.632782
 0 0.632783
 0 0.632783
 0 0.632783
 0 0.632802
 0 0.632802
 0 0.632802
 0 0.632856
 0 0.632866
 0 0.632873
 0 0.632876
 0 0.6329
 0 0.6329
 0 0.632903
 0 0.632922
 0 0.632922
 0 0.632945
 0 0.632947
 0 0.632947
 0 0.632947
 0 0.632969
 0 0.63297
 0 0.632972
 0 0.633015
 0 0.633015
 0 0.633015
 0 0.633018
 0 0.633058
 0 0.63306
 0 0.63306
 0 0.633078
 0 0.633078
 0 0.633078
 0 0.633085
 0 0.633087
 0 0.633115
 0 0.633116
 0 0.63313
 0 0.63313
 0 0.633134
 0 0.633212
 0 0.633216
 0 0.633217
 0 0.633217
 0 0.63323
 0 0.63323
 0 0.633246
 0 0.633265
 0 0.633266
 0 0.633285
 0 0.633285
 0 0.633308
 0 0.633308
 0 0.63331
 0 0.633316
 0 0.633316
 0 0.633352
 0 0.633357
 0 0.633363
 0 0.633383
 0 0.633389
 0 0.633393
 0 0.633397
 0 0.633399
 0 0.6334
 0 0.6334
 0 0.633407
 0 0.633409
 0 0.633435
 0 0.633461
 0 0.633461
 0 0.633461
 0 0.633461
 0 0.633461
 0 0.633481
 0 0.633533
 0 0.63355
 0 0.633551
 0 0.633551
 0 0.633655
 0 0.633655
 0 0.633655
 0 0.633699
 0 0.633699
 0 0.633738
 0 0.633739
 0 0.633739
 0 0.633746
 0 0.633746
 0 0.633829
 0 0.633845
 0 0.633847
 0 0.633864
 0 0.633866
 0 0.633867
 0 0.633896
 0 0.633899
 0 0.6339
 0 0.633945
 0 0.633945
 0 0.633954
 0 0.634014
 0 0.634025
 0 0.634055
 0 0.634062
 0 0.634064
 0 0.634064
 0 0.634064
 0 0.634064
 0 0.634064
 0 0.634065
 0 0.634065
 0 0.634066
 0 0.634067
 0 0.634067
 0 0.634086
 0 0.634087
 0 0.634112
 0 0.634136
 0 0.634136
 0 0.634138
 0 0.634138
 0 0.634149
 0 0.634149
 0 0.634184
 0 0.634184
 0 0.634189
 0 0.634233
 0 0.634233
 0 0.634241
 0 0.634241
 0 0.634241
 0 0.634241
 0 0.634242
 0 0.63427
 0 0.634271
 0 0.634271
 0 0.634273
 0 0.634326
 0 0.634326
 0 0.634326
 0 0.634326
 0 0.634332
 0 0.634333
 0 0.634333
 0 0.634333
 0 0.634334
 0 0.634345
 0 0.634345
 0 0.634346
 0 0.634349
 0 0.634377
 0 0.634378
 0 0.634378
 0 0.634388
 0 0.634436
 0 0.634476
 0 0.63448
 0 0.634492
 0 0.634494
 0 0.634515
 0 0.634533
 0 0.634533
 0 0.634533
 0 0.634535
 0 0.634542
 0 0.634542
 0 0.634555
 0 0.634555
 0 0.634566
 0 0.634566
 0 0.634576
 0 0.634576
 0 0.634577
 0 0.63458
 0 0.63458
 0 0.634595
 0 0.634596
 0 0.634614
 0 0.634615
 0 0.634625
 0 0.634625
 0 0.634628
 0 0.634642
 0 0.63466
 0 0.63466
 0 0.63466
 0 0.634729
 0 0.634732
 0 0.634732
 0 0.634741
 0 0.634743
 0 0.634743
 0 0.634744
 0 0.634744
 0 0.634744
 0 0.634752
 0 0.634752
 0 0.634752
 0 0.634811
 0 0.634834
 0 0.634838
 0 0.634838
 0 0.63484
 0 0.634846
 0 0.634846
 0 0.634893
 0 0.634893
 0 0.634944
 0 0.634954
 0 0.634954
 0 0.634958
 0 0.634989
 0 0.635009
 0 0.635009
 0 0.63501
 0 0.63501
 0 0.63501
 0 0.63505
 0 0.63506
 0 0.63508
 0 0.63508
 0 0.635164
 0 0.635164
 0 0.635165
 0 0.635191
 0 0.635245
 0 0.635264
 0 0.635264
 0 0.635265
 0 0.635271
 0 0.635271
 0 0.635271
 0 0.635271
 0 0.635287
 0 0.635334
 0 0.635342
 0 0.635374
 0 0.635374
 0 0.635376
 0 0.635377
 0 0.635391
 0 0.635392
 0 0.635413
 0 0.635413
 0 0.635413
 0 0.635415
 0 0.635416
 0 0.635416
 0 0.635416
 0 0.635434
 0 0.635434
 0 0.635462
 0 0.635465
 0 0.635497
 0 0.635518
 0 0.635518
 0 0.635561
 0 0.635638
 0 0.635681
 0 0.635682
 0 0.635704
 0 0.635704
 0 0.635704
 0 0.635704
 0 0.635762
 0 0.635802
 0 0.635811
 0 0.635812
 0 0.635813
 0 0.635816
 0 0.635816
 0 0.635857
 0 0.635912
 0 0.635929
 0 0.63593
 0 0.635965
 0 0.635965
 0 0.635981
 0 0.635981
 0 0.635982
 0 0.635982
 0 0.635982
 0 0.635982
 0 0.636
 0 0.636001
 0 0.636001
 0 0.636001
 0 0.636002
 0 0.636033
 0 0.636033
 0 0.63605
 0 0.636051
 0 0.636051
 0 0.636052
 0 0.636063
 0 0.636127
 0 0.636127
 0 0.636144
 0 0.636145
 0 0.636145
 0 0.636146
 0 0.636147
 0 0.636169
 0 0.636173
 0 0.636174
 0 0.636194
 0 0.636203
 0 0.636203
 0 0.636251
 0 0.636253
 0 0.636257
 0 0.636259
 0 0.636299
 0 0.636329
 0 0.636329
 0 0.63633
 0 0.636331
 0 0.63637
 0 0.63637
 0 0.636441
 0 0.636466
 0 0.636468
 0 0.636473
 0 0.636473
 0 0.636482
 0 0.636504
 0 0.636505
 0 0.636505
 0 0.636535
 0 0.636535
 0 0.636548
 0 0.636571
 0 0.636572
 0 0.636572
 0 0.636625
 0 0.636701
 0 0.636701
 0 0.636748
 0 0.636749
 0 0.636749
 0 0.636749
 0 0.636755
 0 0.636755
 0 0.636768
 0 0.636768
 0 0.636769
 0 0.636808
 0 0.636825
 0 0.636825
 0 0.636826
 0 0.636828
 0 0.636828
 0 0.636828
 0 0.636831
 0 0.636831
 0 0.636845
 0 0.636921
 0 0.636921
 0 0.636923
 0 0.637018
 0 0.637019
 0 0.637025
 0 0.637027
 0 0.637027
 0 0.637028
 0 0.637063
 0 0.637187
 0 0.637189
 0 0.637229
 0 0.63726
 0 0.637262
 0 0.637323
 0 0.637323
 0 0.637323
 0 0.637325
 0 0.637325
 0 0.637325
 0 0.637326
 0 0.637327
 0 0.637329
 0 0.637333
 0 0.637371
 0 0.637388
 0 0.637401
 0 0.637401
 0 0.637452
 0 0.637498
 0 0.637501
 0 0.637501
 0 0.637502
 0 0.63751
 0 0.63751
 0 0.637656
 0 0.637656
 0 0.637656
 0 0.637657
 0 0.63777
 0 0.63777
 0 0.63778
 0 0.63778
 0 0.637782
 0 0.637791
 0 0.637792
 0 0.637792
 0 0.637792
 0 0.637807
 0 0.637862
 0 0.637933
 0 0.637933
 0 0.638127
 0 0.63816
 0 0.638161
 0 0.638162
 0 0.63817
 0 0.638296
 0 0.638326
 0 0.638333
 0 0.638347
 0 0.638347
 0 0.638406
 0 0.638408
 0 0.638611
 0 0.638611
 0 0.638612
 0 0.638612
 0 0.638612
 0 0.638615
 0 0.638615
 0 0.638628
 0 0.63863
 0 0.638687
 0 0.638763
 0 0.638816
 0 0.638816
 0 0.638866
 0 0.638941
 0 0.638941
 0 0.638944
 0 0.639101
 0 0.639101
 0 0.639101
 0 0.639116
 0 0.639116
 0 0.639117
 0 0.639117
 0 0.639118
 0 0.639185
 0 0.639223
 0 0.639351
 0 0.639543
 0 0.639588
 0 0.63959
 0 0.63964
 0 0.639641
 0 0.639646
 0 0.639652
 0 0.639906
 0 0.639909
 0 0.639909
 0 0.64004
 0 0.640041
 0 0.640052
 0 0.640054
 0 0.640078
 0 0.640078
 0 0.640079
 0 0.64011
 0 0.64011
 0 0.640111
 0 0.640234
 0 0.640295
 0 0.640347
 0 0.640349
 0 0.640349
 0 0.640352
 0 0.640383
 0 0.640451
 0 0.640451
 0 0.64056
 0 0.640906
 0 0.640908
 0 0.640908
 0 0.640998
 0 0.641156
 0 0.641157
 0 0.641211
 0 0.641211
 0 0.641212
 0 0.641818
 0 0.641819
 0 0.641843
 0 0.642735
 0 0.643349
 0 0.643812
 0 0.643812
 0 0.643812
 0 0.643813
 0 inf
