 0 0.487017
 0 0.487017
 0 0.487017
 0 0.487017
 0 0.487018
 0 0.487941
 0 0.488493
 0 0.488493
 0 0.488493
 0 0.488494
 0 0.489356
 0 0.489356
 0 0.618348
 0 0.619206
 0 0.619206
 0 0.619206
 0 0.619208
 0 0.619878
 0 0.620317
 0 0.620318
 0 0.620471
 0 0.621022
 0 0.621023
 0 0.621023
 0 0.621565
 0 0.621576
 0 0.62175
 0 0.621924
 0 0.621925
 0 0.62201
 0 0.62201
 0 0.622011
 0 0.622043
 0 0.622043
 0 0.62211
 0 0.622314
 0 0.622314
 0 0.622381
 0 0.622513
 0 0.622513
 0 0.622564
 0 0.622682
 0 0.622813
 0 0.622813
 0 0.622813
 0 0.622876
 0 0.622876
 0 0.622876
 0 0.622894
 0 0.622927
 0 0.622927
 0 0.623193
 0 0.623194
 0 0.623257
 0 0.62326
 0 0.62326
 0 0.62326
 0 0.62326
 0 0.623451
 0 0.623451
 0 0.623451
 0 0.623451
 0 0.623453
 0 0.623549
 0 0.623587
 0 0.623588
 0 0.623601
 0 0.623627
 0 0.623945
 0 0.624018
 0 0.624047
 0 0.624047
 0 0.624145
 0 0.624145
 0 0.624145
 0 0.624168
 0 0.624395
 0 0.624395
 0 0.624427
 0 0.624428
 0 0.624431
 0 0.624447
 0 0.624492
 0 0.624514
 0 0.624514
 0 0.624541
 0 0.624541
 0 0.624543
 0 0.624632
 0 0.624632
 0 0.624677
 0 0.624785
 0 0.624786
 0 0.624789
 0 0.624789
 0 0.62479
 0 0.624956
 0 0.624957
 0 0.624957
 0 0.624957
 0 0.624958
 0 0.624991
 0 0.624994
 0 0.624994
 0 0.624996
 0 0.625198
 0 0.625198
 0 0.625203
 0 0.625259
 0 0.625259
 0 0.625272
 0 0.625308
 0 0.625324
 0 0.625368
 0 0.625368
 0 0.625368
 0 0.625368
 0 0.625444
 0 0.625444
 0 0.625445
 0 0.625445
 0 0.625725
 0 0.625725
 0 0.625727
 0 0.625814
 0 0.625814
 0 0.625822
 0 0.625822
 0 0.625895
 0 0.625967
 0 0.625972
 0 0.625972
 0 0.625972
 0 0.625984
 0 0.626011
 0 0.626025
 0 0.626025
 0 0.626091
 0 0.626166
 0 0.626172
 0 0.62618
 0 0.626217
 0 0.626217
 0 0.626217
 0 0.626217
 0 0.626219
 0 0.626219
 0 0.626243
 0 0.626292
 0 0.626292
 0 0.626383
 0 0.626383
 0 0.62645
 0 0.62649
 0 0.62649
 0 0.626493
 0 0.626542
 0 0.62667
 0 0.62668
 0 0.626797
 0 0.626797
 0 0.626797
 0 0.626809
 0 0.626809
 0 0.626809
 0 0.626809
 0 0.626809
 0 0.62681
 0 0.626814
 0 0.626814
 0 0.626835
 0 0.626866
 0 0.626866
 0 0.626923
 0 0.62695
 0 0.627065
 0 0.627065
 0 0.627066
 0 0.627096
 0 0.627096
 0 0.627118
 0 0.627119
 0 0.62712
 0 0.627155
 0 0.627216
 0 0.627217
 0 0.627217
 0 0.627243
 0 0.627244
 0 0.627244
 0 0.627272
 0 0.627272
 0 0.627339
 0 0.627339
 0 0.627339
 0 0.62734
 0 0.62751
 0 0.627515
 0 0.627544
 0 0.627544
 0 0.627619
 0 0.627622
 0 0.627637
 0 0.627648
 0 0.627654
 0 0.627773
 0 0.627773
 0 0.627774
 0 0.627798
 0 0.62782
 0 0.627832
 0 0.627832
 0 0.627838
 0 0.627843
 0 0.627843
 0 0.62786
 0 0.627861
 0 0.627861
 0 0.627896
 0 0.627896
 0 0.627896
 0 0.627899
 0 0.627901
 0 0.627925
 0 0.627925
 0 0.627925
 0 0.627925
 0 0.627925
 0 0.627954
 0 0.627956
 0 0.627958
 0 0.627963
 0 0.628015
 0 0.62802
 0 0.628032
 0 0.628033
 0 0.628034
 0 0.628034
 0 0.628058
 0 0.628069
 0 0.628069
 0 0.628113
 0 0.628118
 0 0.628118
 0 0.628118
 0 0.628118
 0 0.62816
 0 0.628172
 0 0.628173
 0 0.628174
 0 0.628233
 0 0.628233
 0 0.628281
 0 0.628281
 0 0.628281
 0 0.628284
 0 0.628358
 0 0.62836
 0 0.628437
 0 0.628447
 0 0.628447
 0 0.628484
 0 0.628484
 0 0.628489
 0 0.628489
 0 0.628529
 0 0.628535
 0 0.628548
 0 0.628569
 0 0.628574
 0 0.628574
 0 0.628587
 0 0.628653
 0 0.628655
 0 0.628655
 0 0.628703
 0 0.628703
 0 0.628719
 0 0.628734
 0 0.628742
 0 0.62876
 0 0.62876
 0 0.628763
 0 0.628764
 0 0.628791
 0 0.628792
 0 0.628792
 0 0.628792
 0 0.628792
 0 0.628801
 0 0.628815
 0 0.628815
 0 0.628816
 0 0.628816
 0 0.628867
 0 0.628868
 0 0.628868
 0 0.628912
 0 0.628917
 0 0.628994
 0 0.629013
 0 0.629013
 0 0.629014
 0 0.629018
 0 0.629018
 0 0.629023
 0 0.629029
 0 0.629044
 0 0.629045
 0 0.629045
 0 0.629045
 0 0.62907
 0 0.629144
 0 0.629144
 0 0.629148
 0 0.629149
 0 0.62915
 0 0.629167
 0 0.629176
 0 0.629301
 0 0.629301
 0 0.629338
 0 0.629338
 0 0.629368
 0 0.629368
 0 0.629387
 0 0.629387
 0 0.629387
 0 0.629387
 0 0.629411
 0 0.629465
 0 0.629465
 0 0.629466
 0 0.629478
 0 0.629484
 0 0.629484
 0 0.629509
 0 0.629527
 0 0.629527
 0 0.629532
 0 0.629534
 0 0.629535
 0 0.629535
 0 0.629535
 0 0.629535
 0 0.62955
 0 0.629551
 0 0.629551
 0 0.629575
 0 0.629575
 0 0.629582
 0 0.629582
 0 0.629582
 0 0.629603
 0 0.629619
 0 0.62962
 0 0.62962
 0 0.62962
 0 0.629629
 0 0.629651
 0 0.629652
 0 0.629674
 0 0.629674
 0 0.629675
 0 0.629675
 0 0.629675
 0 0.629708
 0 0.629733
 0 0.629734
 0 0.629772
 0 0.629799
 0 0.629804
 0 0.629805
 0 0.629851
 0 0.629852
 0 0.629877
 0 0.629879
 0 0.629879
 0 0.629879
 0 0.629887
 0 0.629889
 0 0.62989
 0 0.62989
 0 0.62991
 0 0.629961
 0 0.629961
 0 0.629961
 0 0.630032
 0 0.630033
 0 0.630033
 0 0.630042
 0 0.630042
 0 0.630042
 0 0.630061
 0 0.630062
 0 0.630079
 0 0.630083
 0 0.630083
 0 0.630096
 0 0.630128
 0 0.630163
 0 0.630201
 0 0.630201
 0 0.630203
 0 0.630204
 0 0.630205
 0 0.630243
 0 0.630283
 0 0.630292
 0 0.630308
 0 0.630309
 0 0.630329
 0 0.630329
 0 0.630366
 0 0.630366
 0 0.630382
 0 0.630413
 0 0.630413
 0 0.630424
 0 0.630427
 0 0.630435
 0 0.630436
 0 0.630459
 0 0.630459
 0 0.630467
 0 0.630487
 0 0.630487
 0 0.630499
 0 0.6305
 0 0.63054
 0 0.630541
 0 0.630555
 0 0.630565
 0 0.630565
 0 0.630566
 0 0.630604
 0 0.630604
 0 0.630604
 0 0.630604
 0 0.630606
 0 0.630606
 0 0.630607
 0 0.630608
 0 0.630629
 0 0.630629
 0 0.63063
 0 0.630631
 0 0.630634
 0 0.630635
 0 0.630635
 0 0.630638
 0 0.630646
 0 0.630651
 0 0.630652
 0 0.630652
 0 0.630652
 0 0.630727
 0 0.630727
 0 0.630739
 0 0.630764
 0 0.630765
 0 0.630766
 0 0.630767
 0 0.63082
 0 0.63082
 0 0.630824
 0 0.630824
 0 0.630835
 0 0.630836
 0 0.630925
 0 0.630925
 0 0.630925
 0 0.630927
 0 0.630927
 0 0.631
 0 0.631
 0 0.631001
 0 0.631001
 0 0.631001
 0 0.631004
 0 0.631004
 0 0.631031
 0 0.631043
 0 0.631046
 0 0.631063
 0 0.631063
 0 0.631064
 0 0.631064
 0 0.631072
 0 0.631117
 0 0.631117
 0 0.631117
 0 0.631118
 0 0.63116
 0 0.631189
 0 0.631189
 0 0.631189
 0 0.63119
 0 0.631193
 0 0.631193
 0 0.631193
 0 0.631193
 0 0.631194
 0 0.631212
 0 0.631212
 0 0.631213
 0 0.631213
 0 0.631219
 0 0.631219
 0 0.631219
 0 0.631235
 0 0.631235
 0 0.631236
 0 0.631238
 0 0.631238
 0 0.631238
 0 0.631239
 0 0.631248
 0 0.63128
 0 0.631282
 0 0.631307
 0 0.631318
 0 0.631318
 0 0.631318
 0 0.631331
 0 0.631333
 0 0.631334
 0 0.631364
 0 0.631374
 0 0.631407
 0 0.631412
 0 0.631412
 0 0.631413
 0 0.631413
 0 0.631419
 0 0.631419
 0 0.631424
 0 0.631424
 0 0.631424
 0 0.631425
 0 0.631458
 0 0.631482
 0 0.6315
 0 0.6315
 0 0.631503
 0 0.631503
 0 0.631537
 0 0.631537
 0 0.631589
 0 0.631615
 0 0.631615
 0 0.631624
 0 0.631633
 0 0.631635
 0 0.631635
 0 0.631636
 0 0.631636
 0 0.631647
 0 0.631648
 0 0.631686
 0 0.631687
 0 0.631687
 0 0.631694
 0 0.631694
 0 0.631733
 0 0.631733
 0 0.631767
 0 0.631809
 0 0.631809
 0 0.631809
 0 0.631823
 0 0.631828
 0 0.631828
 0 0.631865
 0 0.631866
 0 0.631866
 0 0.631897
 0 0.631906
 0 0.631906
 0 0.631935
 0 0.631935
 0 0.631953
 0 0.631953
 0 0.631954
 0 0.631975
 0 0.631976
 0 0.631984
 0 0.631985
 0 0.631985
 0 0.632002
 0 0.632002
 0 0.632039
 0 0.632039
 0 0.632039
 0 0.632041
 0 0.632041
 0 0.632065
 0 0.632074
 0 0.632074
 0 0.632084
 0 0.632084
 0 0.632084
 0 0.632084
 0 0.632084
 0 0.632085
 0 0.632099
 0 0.632099
 0 0.6321
 0 0.632155
 0 0.632169
 0 0.63217
 0 0.632179
 0 0.632191
 0 0.632191
 0 0.632191
 0 0.632209
 0 0.632231
 0 0.632252
 0 0.632252
 0 0.632252
 0 0.632285
 0 0.632286
 0 0.632287
 0 0.632287
 0 0.632337
 0 0.632337
 0 0.632337
 0 0.632345
 0 0.632345
 0 0.632346
 0 0.632346
 0 0.632352
 0 0.632352
 0 0.632352
 0 0.632356
 0 0.632364
 0 0.632364
 0 0.63237
 0 0.632371
 0 0.632371
 0 0.632371
 0 0.632371
 0 0.632374
 0 0.632374
 0 0.632374
 0 0.632377
 0 0.632377
 0 0.632387
 0 0.63239
 0 0.63239
 0 0.63239
 0 0.63239
 0 0.632395
 0 0.632395
 0 0.632396
 0 0.632418
 0 0.632433
 0 0.632433
 0 0.632433
 0 0.632434
 0 0.632434
 0 0.632449
 0 0.632453
 0 0.632454
 0 0.632475
 0 0.6325
 0 0.6325
 0 0.6325
 0 0.632503
 0 0.632504
 0 0.632504
 0 0.632512
 0 0.632512
 0 0.632513
 0 0.632513
 0 0.632513
 0 0.632514
 0 0.632515
 0 0.632516
 0 0.632526
 0 0.632545
 0 0.632577
 0 0.632578
 0 0.632578
 0 0.632586
 0 0.632586
 0 0.632633
 0 0.632633
 0 0.632634
 0 0.632634
 0 0.632643
 0 0.632644
 0 0.632652
 0 0.632655
 0 0.632673
 0 0.632673
 0 0.632717
 0 0.632717
 0 0.632722
 0 0.632734
 0 0.632734
 0 0.63276
 0 0.63276
 0 0.63276
 0 0.632761
 0 0.632761
 0 0.632761
 0 0.632784
 0 0.632799
 0 0.632808
 0 0.632833
 0 0.632833
 0 0.632874
 0 0.632884
 0 0.632885
 0 0.632885
 0 0.632888
 0 0.632888
 0 0.632888
 0 0.632889
 0 0.632893
 0 0.632894
 0 0.632895
 0 0.632912
 0 0.632933
 0 0.632934
 0 0.632941
 0 0.632941
 0 0.632941
 0 0.632941
 0 0.632943
 0 0.632944
 0 0.632964
 0 0.63298
 0 0.632989
 0 0.632997
 0 0.632997
 0 0.633004
 0 0.633004
 0 0.633032
 0 0.63307
 0 0.63307
 0 0.633086
 0 0.633086
 0 0.633095
 0 0.633095
 0 0.633115
 0 0.633123
 0 0.633127
 0 0.633127
 0 0.633172
 0 0.633205
 0 0.633209
 0 0.633247
 0 0.633252
 0 0.633252
 0 0.633256
 0 0.633278
 0 0.633304
 0 0.633304
 0 0.633319
 0 0.633342
 0 0.633363
 0 0.633364
 0 0.633364
 0 0.633368
 0 0.633368
 0 0.633391
 0 0.633391
 0 0.633412
 0 0.633412
 0 0.633412
 0 0.633462
 0 0.633562
 0 0.633562
 0 0.633562
 0 0.633565
 0 0.633664
 0 0.633692
 0 0.633693
 0 0.633707
 0 0.633725
 0 0.633726
 0 0.633726
 0 0.633752
 0 0.633784
 0 0.633792
 0 0.633792
 0 0.633792
 0 0.633792
 0 0.633793
 0 0.633793
 0 0.633797
 0 0.633828
 0 0.633841
 0 0.633841
 0 0.633846
 0 0.633851
 0 0.633852
 0 0.633852
 0 0.633885
 0 0.633896
 0 0.633904
 0 0.633934
 0 0.633934
 0 0.633934
 0 0.633947
 0 0.633947
 0 0.633947
 0 0.633948
 0 0.633956
 0 0.63396
 0 0.63396
 0 0.63396
 0 0.633961
 0 0.633962
 0 0.633966
 0 0.633976
 0 0.633976
 0 0.633976
 0 0.633977
 0 0.633983
 0 0.633983
 0 0.633983
 0 0.633988
 0 0.634037
 0 0.634037
 0 0.63404
 0 0.63404
 0 0.634049
 0 0.634099
 0 0.634103
 0 0.634103
 0 0.634103
 0 0.634103
 0 0.634142
 0 0.634142
 0 0.634142
 0 0.634142
 0 0.634142
 0 0.634143
 0 0.634143
 0 0.634144
 0 0.634144
 0 0.634157
 0 0.634163
 0 0.634164
 0 0.634167
 0 0.634167
 0 0.634168
 0 0.634169
 0 0.634169
 0 0.63417
 0 0.634178
 0 0.634179
 0 0.634207
 0 0.634208
 0 0.63423
 0 0.634231
 0 0.634231
 0 0.634254
 0 0.634255
 0 0.634294
 0 0.634307
 0 0.634307
 0 0.634307
 0 0.634307
 0 0.634332
 0 0.634334
 0 0.634335
 0 0.634335
 0 0.634335
 0 0.634336
 0 0.634336
 0 0.634369
 0 0.63437
 0 0.634383
 0 0.634394
 0 0.634394
 0 0.634394
 0 0.634406
 0 0.634408
 0 0.634528
 0 0.634528
 0 0.634532
 0 0.634556
 0 0.634587
 0 0.634587
 0 0.634588
 0 0.634603
 0 0.634604
 0 0.634605
 0 0.634605
 0 0.634616
 0 0.634616
 0 0.634616
 0 0.634651
 0 0.634651
 0 0.634651
 0 0.634661
 0 0.634661
 0 0.634661
 0 0.634701
 0 0.634701
 0 0.634701
 0 0.634701
 0 0.634753
 0 0.634769
 0 0.63477
 0 0.634771
 0 0.634775
 0 0.634808
 0 0.634809
 0 0.634881
 0 0.634881
 0 0.634881
 0 0.634892
 0 0.634893
 0 0.634906
 0 0.634907
 0 0.634935
 0 0.634938
 0 0.634938
 0 0.634985
 0 0.635013
 0 0.635013
 0 0.635013
 0 0.635027
 0 0.635027
 0 0.635034
 0 0.635034
 0 0.635039
 0 0.635039
 0 0.635039
 0 0.635054
 0 0.635069
 0 0.63507
 0 0.635132
 0 0.635138
 0 0.635139
 0 0.635167
 0 0.635167
 0 0.635168
 0 0.635174
 0 0.635174
 0 0.635174
 0 0.635174
 0 0.635174
 0 0.635195
 0 0.635253
 0 0.635253
 0 0.635253
 0 0.635253
 0 0.635259
 0 0.635259
 0 0.635284
 0 0.635284
 0 0.635288
 0 0.635289
 0 0.635289
 0 0.63529
 0 0.63529
 0 0.635312
 0 0.635312
 0 0.635315
 0 0.635324
 0 0.635332
 0 0.635336
 0 0.635338
 0 0.635388
 0 0.635388
 0 0.63541
 0 0.63541
 0 0.635442
 0 0.635462
 0 0.635486
 0 0.635542
 0 0.635543
 0 0.635543
 0 0.635547
 0 0.635547
 0 0.635559
 0 0.63556
 0 0.635623
 0 0.635624
 0 0.635655
 0 0.635655
 0 0.635655
 0 0.635661
 0 0.635661
 0 0.635697
 0 0.635699
 0 0.635732
 0 0.635734
 0 0.635734
 0 0.635759
 0 0.63576
 0 0.635775
 0 0.635775
 0 0.635781
 0 0.635781
 0 0.635781
 0 0.635794
 0 0.635814
 0 0.635815
 0 0.635815
 0 0.635815
 0 0.635815
 0 0.635816
 0 0.635831
 0 0.635832
 0 0.635833
 0 0.63585
 0 0.635853
 0 0.635853
 0 0.635853
 0 0.635866
 0 0.635866
 0 0.635867
 0 0.635891
 0 0.635892
 0 0.635894
 0 0.635894
 0 0.635899
 0 0.635899
 0 0.635952
 0 0.635952
 0 0.635952
 0 0.635952
 0 0.635958
 0 0.635985
 0 0.63601
 0 0.636028
 0 0.636028
 0 0.63604
 0 0.63604
 0 0.636058
 0 0.636058
 0 0.636058
 0 0.636058
 0 0.636059
 0 0.636083
 0 0.636083
 0 0.636083
 0 0.636083
 0 0.636084
 0 0.636089
 0 0.636092
 0 0.636092
 0 0.636092
 0 0.636102
 0 0.636105
 0 0.636115
 0 0.636115
 0 0.636132
 0 0.636134
 0 0.636134
 0 0.636196
 0 0.636204
 0 0.636204
 0 0.636212
 0 0.636212
 0 0.636212
 0 0.636221
 0 0.636222
 0 0.636227
 0 0.636227
 0 0.636287
 0 0.636287
 0 0.636304
 0 0.636325
 0 0.636325
 0 0.636325
 0 0.636381
 0 0.636381
 0 0.636385
 0 0.636388
 0 0.636388
 0 0.636401
 0 0.636405
 0 0.636406
 0 0.636406
 0 0.636407
 0 0.636428
 0 0.636444
 0 0.636444
 0 0.636455
 0 0.636455
 0 0.636455
 0 0.636456
 0 0.636456
 0 0.636463
 0 0.636464
 0 0.636464
 0 0.636474
 0 0.636475
 0 0.636488
 0 0.636488
 0 0.636488
 0 0.636499
 0 0.636499
 0 0.636504
 0 0.636529
 0 0.63653
 0 0.636558
 0 0.636559
 0 0.636585
 0 0.636585
 0 0.636598
 0 0.636629
 0 0.636658
 0 0.636659
 0 0.636659
 0 0.636659
 0 0.636762
 0 0.63677
 0 0.636771
 0 0.636772
 0 0.636815
 0 0.636842
 0 0.636852
 0 0.636853
 0 0.636853
 0 0.636854
 0 0.636854
 0 0.636865
 0 0.636927
 0 0.636988
 0 0.637024
 0 0.637035
 0 0.637049
 0 0.637064
 0 0.637064
 0 0.637076
 0 0.637076
 0 0.637083
 0 0.637101
 0 0.637101
 0 0.637126
 0 0.637143
 0 0.63716
 0 0.63716
 0 0.637161
 0 0.637161
 0 0.637161
 0 0.637184
 0 0.637226
 0 0.637226
 0 0.637237
 0 0.637253
 0 0.637267
 0 0.637278
 0 0.637278
 0 0.637384
 0 0.637385
 0 0.637395
 0 0.637403
 0 0.637404
 0 0.637412
 0 0.637418
 0 0.637434
 0 0.637469
 0 0.63747
 0 0.63747
 0 0.63747
 0 0.637475
 0 0.637475
 0 0.637493
 0 0.637493
 0 0.637502
 0 0.637542
 0 0.637542
 0 0.637543
 0 0.637543
 0 0.637551
 0 0.637628
 0 0.637632
 0 0.637659
 0 0.637665
 0 0.637687
 0 0.637688
 0 0.637688
 0 0.637688
 0 0.637688
 0 0.637705
 0 0.63771
 0 0.63771
 0 0.637725
 0 0.637725
 0 0.637725
 0 0.637726
 0 0.637732
 0 0.637816
 0 0.637816
 0 0.637817
 0 0.637823
 0 0.637824
 0 0.637839
 0 0.637839
 0 0.637839
 0 0.63784
 0 0.637842
 0 0.637851
 0 0.637851
 0 0.637907
 0 0.637952
 0 0.637963
 0 0.637963
 0 0.637963
 0 0.637964
 0 0.637964
 0 0.638032
 0 0.638032
 0 0.638033
 0 0.63804
 0 0.638062
 0 0.638063
 0 0.638079
 0 0.638092
 0 0.638093
 0 0.63811
 0 0.63811
 0 0.638113
 0 0.638113
 0 0.638113
 0 0.638113
 0 0.638114
 0 0.638114
 0 0.638167
 0 0.638177
 0 0.638177
 0 0.63819
 0 0.63819
 0 0.638223
 0 0.638232
 0 0.638241
 0 0.638243
 0 0.638243
 0 0.638255
 0 0.638321
 0 0.638322
 0 0.638326
 0 0.638326
 0 0.638344
 0 0.638348
 0 0.638369
 0 0.638375
 0 0.638375
 0 0.638376
 0 0.638377
 0 0.638396
 0 0.638396
 0 0.638419
 0 0.638424
 0 0.638425
 0 0.638425
 0 0.638425
 0 0.638461
 0 0.638462
 0 0.638462
 0 0.638622
 0 0.638623
 0 0.638633
 0 0.638678
 0 0.638761
 0 0.638762
 0 0.638762
 0 0.638832
 0 0.638833
 0 0.638841
 0 0.638857
 0 0.6389
 0 0.6389
 0 0.638922
 0 0.638959
 0 0.63896
 0 0.638966
 0 0.638966
 0 0.639065
 0 0.639065
 0 0.639088
 0 0.639089
 0 0.639106
 0 0.639106
 0 0.639132
 0 0.639165
 0 0.639165
 0 0.639184
 0 0.639184
 0 0.639184
 0 0.639185
 0 0.639186
 0 0.639186
 0 0.639205
 0 0.639205
 0 0.639206
 0 0.639208
 0 0.639208
 0 0.63921
 0 0.63921
 0 0.639219
 0 0.639232
 0 0.639233
 0 0.639244
 0 0.639244
 0 0.639244
 0 0.639352
 0 0.639381
 0 0.639382
 0 0.639382
 0 0.639489
 0 0.639511
 0 0.639511
 0 0.639511
 0 0.639511
 0 0.639511
 0 0.639513
 0 0.63953
 0 0.639531
 0 0.639531
 0 0.639533
 0 0.639542
 0 0.639555
 0 0.639555
 0 0.639556
 0 0.639558
 0 0.639558
 0 0.639656
 0 0.639657
 0 0.639691
 0 0.639692
 0 0.639692
 0 0.639694
 0 0.639718
 0 0.639801
 0 0.639811
 0 0.639811
 0 0.639868
 0 0.639877
 0 0.639877
 0 0.639877
 0 0.639929
 0 0.639929
 0 0.639929
 0 0.639929
 0 0.640008
 0 0.640008
 0 0.640008
 0 0.640009
 0 0.640014
 0 0.6401
 0 0.6401
 0 0.640101
 0 0.640101
 0 0.640137
 0 0.640138
 0 0.64014
 0 0.640155
 0 0.640158
 0 0.640158
 0 0.640345
 0 0.640345
 0 0.640345
 0 0.640389
 0 0.640389
 0 0.64039
 0 0.6404
 0 0.640488
 0 0.640488
 0 0.6405
 0 0.6405
 0 0.640537
 0 0.640604
 0 0.640608
 0 0.64062
 0 0.64062
 0 0.64062
 0 0.64062
 0 0.640627
 0 0.640629
 0 0.640629
 0 0.640629
 0 0.640638
 0 0.640657
 0 0.640659
 0 0.640702
 0 0.640702
 0 0.640713
 0 0.640713
 0 0.640713
 0 0.640713
 0 0.640755
 0 0.640858
 0 0.640858
 0 0.640858
 0 0.640859
 0 0.64086
 0 0.64086
 0 0.64086
 0 0.640877
 0 0.640877
 0 0.640931
 0 0.640932
 0 0.641018
 0 0.64102
 0 0.641139
 0 0.641139
 0 0.641139
 0 0.641139
 0 0.64126
 0 0.641312
 0 0.641313
 0 0.641334
 0 0.641349
 0 0.64135
 0 0.64135
 0 0.641382
 0 0.64148
 0 0.641481
 0 0.64149
 0 0.641625
 0 0.64179
 0 0.64179
 0 0.641857
 0 0.641869
 0 0.641933
 0 0.641933
 0 0.641933
 0 0.641959
 0 0.641959
 0 0.641959
 0 0.641959
 0 0.642098
 0 0.642098
 0 0.642098
 0 0.642098
 0 0.64211
 0 0.64214
 0 0.64214
 0 0.642147
 0 0.642184
 0 0.642185
 0 0.642194
 0 0.642194
 0 0.64228
 0 0.64228
 0 0.642312
 0 0.642313
 0 0.642564
 0 0.642711
 0 0.642807
 0 0.642822
 0 0.642846
 0 0.642846
 0 0.642939
 0 0.642939
 0 0.643022
 0 0.643059
 0 0.643059
 0 0.643059
 0 0.643059
 0 0.643172
 0 0.643292
 0 0.643292
 0 0.643398
 0 0.64343
 0 0.643468
 0 0.643475
 0 0.643584
 0 0.643597
 0 0.643598
 0 0.643895
 0 0.643983
 0 0.644008
 0 0.644008
 0 0.644008
 0 0.644114
 0 0.644159
 0 0.644175
 0 0.644176
 0 0.644261
 0 0.644312
 0 0.644313
 0 0.644314
 0 0.644686
 0 0.644687
 0 0.644693
 0 0.644694
 0 0.644694
 0 0.644747
 0 0.644748
 0 0.644748
 0 0.644842
 0 0.644842
 0 0.644867
 0 0.644867
 0 0.644926
 0 0.644927
 0 0.644927
 0 0.645059
 0 0.645059
 0 0.645059
 0 0.645069
 0 0.645214
 0 0.645214
 0 0.645215
 0 0.645229
 0 0.645229
 0 0.64523
 0 0.645231
 0 0.645478
 0 0.645478
 0 0.645479
 0 0.645479
 0 0.645479
 0 0.645584
 0 0.645584
 0 0.645701
 0 0.645701
 0 0.645708
 0 0.645843
 0 0.645847
 0 0.646418
 0 0.646594
 0 0.646595
 0 0.646808
 0 0.646823
 0 0.646823
 0 0.646826
 0 0.64694
 0 0.64695
 0 0.646951
 0 0.646951
 0 0.646985
 0 0.646986
 0 0.647029
 0 0.647054
 0 0.647143
 0 0.647287
 0 0.647374
 0 0.64772
 0 0.6481
 0 inf
