 0 0.486434
 0 0.486434
 0 0.486434
 0 0.486434
 0 0.486434
 0 0.487535
 0 0.493713
 0 0.494106
 0 0.494107
 0 0.494107
 0 0.495025
 0 0.495025
 0 0.620401
 0 0.620401
 0 0.620494
 0 0.620494
 0 0.620494
 0 0.620496
 0 0.622714
 0 0.622714
 0 0.622715
 0 0.622903
 0 0.622903
 0 0.623248
 0 0.623249
 0 0.62325
 0 0.623323
 0 0.624081
 0 0.624084
 0 0.624414
 0 0.624414
 0 0.624415
 0 0.624415
 0 0.624617
 0 0.624897
 0 0.624897
 0 0.624897
 0 0.624898
 0 0.624898
 0 0.624945
 0 0.624946
 0 0.62509
 0 0.62509
 0 0.62509
 0 0.625091
 0 0.625091
 0 0.625091
 0 0.625167
 0 0.625167
 0 0.625295
 0 0.625344
 0 0.625684
 0 0.626078
 0 0.626078
 0 0.626078
 0 0.626094
 0 0.626094
 0 0.626164
 0 0.626164
 0 0.626211
 0 0.626212
 0 0.626212
 0 0.626212
 0 0.626222
 0 0.626222
 0 0.626224
 0 0.626231
 0 0.626231
 0 0.626308
 0 0.626321
 0 0.626346
 0 0.626346
 0 0.626411
 0 0.626411
 0 0.626411
 0 0.626482
 0 0.626482
 0 0.62665
 0 0.62665
 0 0.626722
 0 0.626722
 0 0.626722
 0 0.626753
 0 0.626753
 0 0.626766
 0 0.626766
 0 0.626768
 0 0.626768
 0 0.626768
 0 0.626859
 0 0.626862
 0 0.626862
 0 0.626873
 0 0.626923
 0 0.626963
 0 0.627023
 0 0.627023
 0 0.627045
 0 0.627045
 0 0.627141
 0 0.627141
 0 0.627144
 0 0.627144
 0 0.627207
 0 0.627207
 0 0.627207
 0 0.627213
 0 0.627389
 0 0.627389
 0 0.627463
 0 0.627463
 0 0.627475
 0 0.627475
 0 0.627475
 0 0.627475
 0 0.627505
 0 0.627511
 0 0.627511
 0 0.627511
 0 0.627543
 0 0.627774
 0 0.627789
 0 0.62779
 0 0.62779
 0 0.62779
 0 0.627816
 0 0.627816
 0 0.627817
 0 0.627817
 0 0.627842
 0 0.627842
 0 0.627888
 0 0.627888
 0 0.627888
 0 0.627888
 0 0.627913
 0 0.627922
 0 0.627922
 0 0.627922
 0 0.627935
 0 0.627954
 0 0.628021
 0 0.628021
 0 0.628081
 0 0.628082
 0 0.628109
 0 0.628133
 0 0.628183
 0 0.628241
 0 0.628241
 0 0.628241
 0 0.628316
 0 0.62837
 0 0.628372
 0 0.628447
 0 0.628448
 0 0.628448
 0 0.628461
 0 0.628556
 0 0.628556
 0 0.628556
 0 0.628587
 0 0.628601
 0 0.628602
 0 0.628635
 0 0.628635
 0 0.628635
 0 0.628635
 0 0.628677
 0 0.628677
 0 0.628678
 0 0.628678
 0 0.628694
 0 0.628717
 0 0.628717
 0 0.628729
 0 0.628729
 0 0.628756
 0 0.628819
 0 0.62882
 0 0.62882
 0 0.628837
 0 0.628899
 0 0.6289
 0 0.628902
 0 0.628902
 0 0.628927
 0 0.62893
 0 0.628935
 0 0.628935
 0 0.629026
 0 0.629027
 0 0.629032
 0 0.629033
 0 0.629073
 0 0.629108
 0 0.629109
 0 0.629134
 0 0.629135
 0 0.629135
 0 0.629136
 0 0.629178
 0 0.629178
 0 0.629178
 0 0.629235
 0 0.62925
 0 0.629252
 0 0.629263
 0 0.629264
 0 0.629283
 0 0.629287
 0 0.629355
 0 0.629355
 0 0.629356
 0 0.629429
 0 0.629436
 0 0.629476
 0 0.629476
 0 0.629477
 0 0.629477
 0 0.629477
 0 0.629492
 0 0.629492
 0 0.629499
 0 0.6295
 0 0.629508
 0 0.629509
 0 0.629516
 0 0.629517
 0 0.629517
 0 0.629592
 0 0.62967
 0 0.629671
 0 0.629672
 0 0.629692
 0 0.629716
 0 0.62975
 0 0.629758
 0 0.629785
 0 0.629812
 0 0.629852
 0 0.629852
 0 0.629871
 0 0.629871
 0 0.629872
 0 0.629872
 0 0.629885
 0 0.629886
 0 0.629905
 0 0.629905
 0 0.629906
 0 0.629924
 0 0.629924
 0 0.629926
 0 0.629926
 0 0.62993
 0 0.62996
 0 0.629973
 0 0.629994
 0 0.630003
 0 0.630003
 0 0.630054
 0 0.630054
 0 0.630054
 0 0.630072
 0 0.630073
 0 0.630074
 0 0.630074
 0 0.630074
 0 0.630077
 0 0.630078
 0 0.630115
 0 0.630116
 0 0.630116
 0 0.630128
 0 0.630128
 0 0.630128
 0 0.630137
 0 0.630137
 0 0.630137
 0 0.630148
 0 0.630149
 0 0.630157
 0 0.630158
 0 0.630159
 0 0.630198
 0 0.630198
 0 0.630207
 0 0.630242
 0 0.630264
 0 0.630294
 0 0.630294
 0 0.630313
 0 0.630335
 0 0.630357
 0 0.630357
 0 0.630357
 0 0.630357
 0 0.630367
 0 0.630393
 0 0.630393
 0 0.630404
 0 0.630437
 0 0.630471
 0 0.630471
 0 0.630473
 0 0.63049
 0 0.63049
 0 0.630516
 0 0.630526
 0 0.63053
 0 0.63053
 0 0.630536
 0 0.630538
 0 0.63057
 0 0.63057
 0 0.63057
 0 0.63057
 0 0.630613
 0 0.630613
 0 0.63062
 0 0.63063
 0 0.63063
 0 0.630673
 0 0.630674
 0 0.630679
 0 0.63068
 0 0.630684
 0 0.630685
 0 0.630691
 0 0.630693
 0 0.630694
 0 0.630694
 0 0.630695
 0 0.630749
 0 0.63075
 0 0.630832
 0 0.630836
 0 0.630838
 0 0.630852
 0 0.630889
 0 0.630889
 0 0.630893
 0 0.630926
 0 0.630926
 0 0.630928
 0 0.630928
 0 0.630937
 0 0.63095
 0 0.630976
 0 0.630984
 0 0.630984
 0 0.630987
 0 0.630989
 0 0.63099
 0 0.631005
 0 0.631005
 0 0.631016
 0 0.631034
 0 0.631034
 0 0.631048
 0 0.631048
 0 0.631051
 0 0.631051
 0 0.631058
 0 0.631058
 0 0.631079
 0 0.631079
 0 0.631091
 0 0.631091
 0 0.631091
 0 0.631094
 0 0.631103
 0 0.631103
 0 0.631116
 0 0.631116
 0 0.631118
 0 0.631118
 0 0.63114
 0 0.63115
 0 0.63115
 0 0.631164
 0 0.631165
 0 0.631184
 0 0.631222
 0 0.631222
 0 0.631222
 0 0.631224
 0 0.631225
 0 0.631225
 0 0.631226
 0 0.631265
 0 0.631265
 0 0.631265
 0 0.631265
 0 0.631269
 0 0.631292
 0 0.631293
 0 0.63132
 0 0.63132
 0 0.631321
 0 0.631333
 0 0.631333
 0 0.631333
 0 0.631334
 0 0.631349
 0 0.631349
 0 0.631401
 0 0.631429
 0 0.631438
 0 0.631449
 0 0.631449
 0 0.631451
 0 0.631484
 0 0.631487
 0 0.631488
 0 0.631489
 0 0.631498
 0 0.631519
 0 0.63152
 0 0.631523
 0 0.631523
 0 0.631557
 0 0.631557
 0 0.63159
 0 0.63159
 0 0.63159
 0 0.63159
 0 0.631634
 0 0.631655
 0 0.631656
 0 0.631668
 0 0.631675
 0 0.631689
 0 0.631703
 0 0.631703
 0 0.631703
 0 0.631703
 0 0.631703
 0 0.631703
 0 0.631704
 0 0.631751
 0 0.631751
 0 0.631752
 0 0.631757
 0 0.631759
 0 0.631767
 0 0.631767
 0 0.631789
 0 0.631789
 0 0.63179
 0 0.631797
 0 0.631798
 0 0.631799
 0 0.631808
 0 0.631816
 0 0.631817
 0 0.631825
 0 0.631825
 0 0.631825
 0 0.63184
 0 0.63184
 0 0.63184
 0 0.631841
 0 0.63185
 0 0.63185
 0 0.631875
 0 0.631899
 0 0.6319
 0 0.631905
 0 0.631905
 0 0.631915
 0 0.631915
 0 0.631916
 0 0.631916
 0 0.631917
 0 0.631922
 0 0.631923
 0 0.631928
 0 0.63193
 0 0.631934
 0 0.631934
 0 0.631934
 0 0.631934
 0 0.631943
 0 0.631943
 0 0.631981
 0 0.631981
 0 0.631983
 0 0.631987
 0 0.631988
 0 0.631989
 0 0.632032
 0 0.632039
 0 0.632051
 0 0.632051
 0 0.632052
 0 0.632055
 0 0.632084
 0 0.632084
 0 0.632084
 0 0.632084
 0 0.632084
 0 0.632107
 0 0.632107
 0 0.63211
 0 0.632111
 0 0.632122
 0 0.632129
 0 0.63213
 0 0.632169
 0 0.63221
 0 0.632245
 0 0.632246
 0 0.632247
 0 0.632249
 0 0.632249
 0 0.632249
 0 0.632261
 0 0.632261
 0 0.632261
 0 0.632264
 0 0.632264
 0 0.632264
 0 0.632264
 0 0.632266
 0 0.632286
 0 0.632295
 0 0.632296
 0 0.632296
 0 0.632298
 0 0.632298
 0 0.632298
 0 0.632298
 0 0.632299
 0 0.632299
 0 0.632331
 0 0.63234
 0 0.632344
 0 0.632365
 0 0.632378
 0 0.632378
 0 0.632378
 0 0.632379
 0 0.632399
 0 0.632399
 0 0.632399
 0 0.632413
 0 0.632413
 0 0.632431
 0 0.632431
 0 0.63244
 0 0.632441
 0 0.632464
 0 0.632466
 0 0.632467
 0 0.632467
 0 0.632471
 0 0.632509
 0 0.632513
 0 0.632514
 0 0.632539
 0 0.632539
 0 0.63256
 0 0.632572
 0 0.632598
 0 0.632636
 0 0.632636
 0 0.632636
 0 0.632637
 0 0.63264
 0 0.63264
 0 0.632642
 0 0.632642
 0 0.632664
 0 0.632664
 0 0.632699
 0 0.6327
 0 0.632728
 0 0.632733
 0 0.632737
 0 0.632737
 0 0.632751
 0 0.63278
 0 0.632782
 0 0.632785
 0 0.632785
 0 0.632785
 0 0.632785
 0 0.632786
 0 0.632789
 0 0.632789
 0 0.632804
 0 0.632804
 0 0.632811
 0 0.632811
 0 0.632811
 0 0.632811
 0 0.632814
 0 0.632843
 0 0.632844
 0 0.632844
 0 0.632927
 0 0.632946
 0 0.632952
 0 0.632952
 0 0.632953
 0 0.632964
 0 0.632964
 0 0.632965
 0 0.632965
 0 0.632982
 0 0.632982
 0 0.633013
 0 0.633013
 0 0.633014
 0 0.633023
 0 0.633023
 0 0.633023
 0 0.633026
 0 0.633056
 0 0.633056
 0 0.63307
 0 0.63307
 0 0.63307
 0 0.633076
 0 0.633077
 0 0.633077
 0 0.633089
 0 0.63309
 0 0.633096
 0 0.633096
 0 0.633097
 0 0.633097
 0 0.633118
 0 0.633118
 0 0.633126
 0 0.633126
 0 0.633126
 0 0.633128
 0 0.633132
 0 0.633156
 0 0.633156
 0 0.633182
 0 0.633182
 0 0.633182
 0 0.633241
 0 0.633241
 0 0.633241
 0 0.633258
 0 0.633265
 0 0.633266
 0 0.633278
 0 0.633278
 0 0.633279
 0 0.63329
 0 0.633291
 0 0.633291
 0 0.633298
 0 0.6333
 0 0.6333
 0 0.633309
 0 0.633309
 0 0.63331
 0 0.633329
 0 0.633329
 0 0.633332
 0 0.633338
 0 0.633338
 0 0.633361
 0 0.633362
 0 0.633389
 0 0.633395
 0 0.633395
 0 0.633395
 0 0.633402
 0 0.633402
 0 0.633402
 0 0.633418
 0 0.633418
 0 0.63343
 0 0.63343
 0 0.633455
 0 0.633456
 0 0.633461
 0 0.633461
 0 0.633462
 0 0.633488
 0 0.633488
 0 0.633523
 0 0.633524
 0 0.633533
 0 0.633534
 0 0.633541
 0 0.633541
 0 0.633553
 0 0.633553
 0 0.633567
 0 0.63357
 0 0.633577
 0 0.633577
 0 0.633577
 0 0.633593
 0 0.633594
 0 0.633606
 0 0.63361
 0 0.633617
 0 0.633617
 0 0.633619
 0 0.633619
 0 0.633619
 0 0.633623
 0 0.633633
 0 0.633638
 0 0.633638
 0 0.633663
 0 0.633663
 0 0.633664
 0 0.633685
 0 0.633685
 0 0.633685
 0 0.633686
 0 0.633714
 0 0.63372
 0 0.633736
 0 0.633738
 0 0.633738
 0 0.633738
 0 0.633761
 0 0.633761
 0 0.633774
 0 0.633775
 0 0.633791
 0 0.633803
 0 0.633803
 0 0.633803
 0 0.633803
 0 0.633803
 0 0.633804
 0 0.633804
 0 0.633811
 0 0.633812
 0 0.633816
 0 0.633817
 0 0.633831
 0 0.633833
 0 0.633833
 0 0.633853
 0 0.633859
 0 0.633865
 0 0.633866
 0 0.633866
 0 0.633904
 0 0.633907
 0 0.633907
 0 0.633913
 0 0.633944
 0 0.633956
 0 0.633965
 0 0.633976
 0 0.633976
 0 0.633976
 0 0.633985
 0 0.633985
 0 0.633985
 0 0.633985
 0 0.633998
 0 0.633998
 0 0.633998
 0 0.633998
 0 0.634007
 0 0.634007
 0 0.634023
 0 0.634023
 0 0.634025
 0 0.634025
 0 0.634025
 0 0.634025
 0 0.634051
 0 0.634052
 0 0.634063
 0 0.634088
 0 0.634089
 0 0.634089
 0 0.634089
 0 0.63409
 0 0.634093
 0 0.634106
 0 0.634115
 0 0.634156
 0 0.634157
 0 0.634157
 0 0.634157
 0 0.634174
 0 0.634174
 0 0.634174
 0 0.634174
 0 0.634174
 0 0.634175
 0 0.634217
 0 0.634218
 0 0.634244
 0 0.634244
 0 0.634244
 0 0.634245
 0 0.634245
 0 0.634245
 0 0.634252
 0 0.634264
 0 0.634266
 0 0.634267
 0 0.63429
 0 0.63429
 0 0.63429
 0 0.634301
 0 0.634301
 0 0.634301
 0 0.634301
 0 0.634307
 0 0.634307
 0 0.634312
 0 0.634314
 0 0.634322
 0 0.634323
 0 0.634323
 0 0.634333
 0 0.634333
 0 0.634342
 0 0.634358
 0 0.634359
 0 0.634359
 0 0.63441
 0 0.634421
 0 0.634421
 0 0.634421
 0 0.634433
 0 0.634436
 0 0.63444
 0 0.634484
 0 0.634493
 0 0.634499
 0 0.634499
 0 0.634517
 0 0.634534
 0 0.634535
 0 0.634548
 0 0.634592
 0 0.634592
 0 0.634592
 0 0.634625
 0 0.634625
 0 0.634626
 0 0.634626
 0 0.634626
 0 0.634636
 0 0.634638
 0 0.634668
 0 0.634669
 0 0.634676
 0 0.634676
 0 0.634676
 0 0.634676
 0 0.634696
 0 0.634702
 0 0.634705
 0 0.634705
 0 0.634706
 0 0.63472
 0 0.63472
 0 0.63472
 0 0.634724
 0 0.634736
 0 0.634736
 0 0.634736
 0 0.634736
 0 0.634738
 0 0.634738
 0 0.63474
 0 0.634741
 0 0.634749
 0 0.634752
 0 0.634752
 0 0.634752
 0 0.634774
 0 0.634806
 0 0.634806
 0 0.634808
 0 0.634811
 0 0.634844
 0 0.634844
 0 0.634855
 0 0.634855
 0 0.634856
 0 0.634856
 0 0.634861
 0 0.634861
 0 0.634862
 0 0.634862
 0 0.634862
 0 0.634871
 0 0.634871
 0 0.634872
 0 0.634872
 0 0.634883
 0 0.634888
 0 0.634888
 0 0.634888
 0 0.634888
 0 0.634888
 0 0.634906
 0 0.634911
 0 0.634911
 0 0.634912
 0 0.634912
 0 0.634912
 0 0.634928
 0 0.634956
 0 0.634957
 0 0.634958
 0 0.634958
 0 0.634963
 0 0.634966
 0 0.634982
 0 0.63501
 0 0.63501
 0 0.635012
 0 0.635013
 0 0.635021
 0 0.635023
 0 0.635023
 0 0.635051
 0 0.635072
 0 0.635108
 0 0.635108
 0 0.635108
 0 0.635108
 0 0.635108
 0 0.635157
 0 0.635176
 0 0.635201
 0 0.63522
 0 0.635233
 0 0.635256
 0 0.635267
 0 0.635267
 0 0.635268
 0 0.635268
 0 0.635296
 0 0.635298
 0 0.635306
 0 0.635307
 0 0.635323
 0 0.635323
 0 0.635324
 0 0.635335
 0 0.635335
 0 0.635347
 0 0.635348
 0 0.635348
 0 0.635348
 0 0.635351
 0 0.635351
 0 0.635354
 0 0.635398
 0 0.635409
 0 0.635417
 0 0.635422
 0 0.635422
 0 0.635423
 0 0.635423
 0 0.635424
 0 0.635424
 0 0.635443
 0 0.635445
 0 0.635445
 0 0.635445
 0 0.635445
 0 0.63545
 0 0.635464
 0 0.635481
 0 0.635491
 0 0.635511
 0 0.635512
 0 0.635517
 0 0.635517
 0 0.635518
 0 0.635535
 0 0.635563
 0 0.635564
 0 0.635564
 0 0.635564
 0 0.635564
 0 0.635564
 0 0.635564
 0 0.63558
 0 0.635587
 0 0.635602
 0 0.635602
 0 0.635602
 0 0.635603
 0 0.635648
 0 0.635648
 0 0.635648
 0 0.635652
 0 0.635653
 0 0.635657
 0 0.635662
 0 0.635662
 0 0.635696
 0 0.635697
 0 0.6357
 0 0.635711
 0 0.635711
 0 0.635711
 0 0.635711
 0 0.635721
 0 0.635721
 0 0.635721
 0 0.635745
 0 0.635746
 0 0.635752
 0 0.635752
 0 0.635753
 0 0.635754
 0 0.635758
 0 0.635762
 0 0.635763
 0 0.63579
 0 0.63579
 0 0.63579
 0 0.635791
 0 0.635791
 0 0.6358
 0 0.635803
 0 0.635803
 0 0.635804
 0 0.635804
 0 0.635806
 0 0.63581
 0 0.63581
 0 0.63581
 0 0.63581
 0 0.635818
 0 0.635822
 0 0.635822
 0 0.635832
 0 0.635832
 0 0.635832
 0 0.635834
 0 0.635834
 0 0.635879
 0 0.6359
 0 0.63592
 0 0.635921
 0 0.635922
 0 0.635928
 0 0.63593
 0 0.635933
 0 0.635933
 0 0.635935
 0 0.635936
 0 0.635936
 0 0.635992
 0 0.636002
 0 0.636002
 0 0.636002
 0 0.636003
 0 0.636005
 0 0.636061
 0 0.636063
 0 0.636087
 0 0.636087
 0 0.636103
 0 0.636104
 0 0.63613
 0 0.636143
 0 0.636143
 0 0.636154
 0 0.636155
 0 0.636155
 0 0.636156
 0 0.636177
 0 0.636192
 0 0.636193
 0 0.636193
 0 0.636193
 0 0.636203
 0 0.636208
 0 0.636208
 0 0.636216
 0 0.636228
 0 0.636228
 0 0.636232
 0 0.63624
 0 0.636256
 0 0.636303
 0 0.636303
 0 0.636304
 0 0.636309
 0 0.63631
 0 0.636323
 0 0.636328
 0 0.636328
 0 0.636329
 0 0.636329
 0 0.63633
 0 0.636334
 0 0.636334
 0 0.636371
 0 0.636372
 0 0.636375
 0 0.636379
 0 0.636382
 0 0.636388
 0 0.636416
 0 0.636423
 0 0.636454
 0 0.636455
 0 0.636486
 0 0.636486
 0 0.636493
 0 0.636493
 0 0.636494
 0 0.636495
 0 0.636497
 0 0.636498
 0 0.636537
 0 0.636541
 0 0.636542
 0 0.636548
 0 0.636548
 0 0.636554
 0 0.636556
 0 0.636557
 0 0.636557
 0 0.636573
 0 0.636574
 0 0.636584
 0 0.636588
 0 0.636588
 0 0.636589
 0 0.636592
 0 0.636593
 0 0.636595
 0 0.636596
 0 0.636596
 0 0.636609
 0 0.63661
 0 0.636622
 0 0.636635
 0 0.636635
 0 0.636636
 0 0.636645
 0 0.636646
 0 0.636646
 0 0.636727
 0 0.636737
 0 0.636737
 0 0.636738
 0 0.636768
 0 0.636769
 0 0.636769
 0 0.636769
 0 0.636775
 0 0.636775
 0 0.636775
 0 0.6368
 0 0.6368
 0 0.6368
 0 0.6368
 0 0.6368
 0 0.636806
 0 0.636855
 0 0.636859
 0 0.636859
 0 0.63686
 0 0.63686
 0 0.636893
 0 0.636893
 0 0.636925
 0 0.636925
 0 0.636928
 0 0.636928
 0 0.636929
 0 0.636996
 0 0.637004
 0 0.637004
 0 0.637013
 0 0.637013
 0 0.637013
 0 0.637018
 0 0.637018
 0 0.637018
 0 0.637018
 0 0.63702
 0 0.63702
 0 0.637021
 0 0.637021
 0 0.637031
 0 0.637032
 0 0.637032
 0 0.637032
 0 0.637032
 0 0.637032
 0 0.637032
 0 0.637052
 0 0.637053
 0 0.637054
 0 0.63706
 0 0.637061
 0 0.637071
 0 0.637072
 0 0.637072
 0 0.637072
 0 0.637072
 0 0.637078
 0 0.637078
 0 0.637079
 0 0.637079
 0 0.637097
 0 0.637124
 0 0.637162
 0 0.63717
 0 0.637171
 0 0.637183
 0 0.637201
 0 0.637202
 0 0.637204
 0 0.637204
 0 0.637204
 0 0.637217
 0 0.637217
 0 0.637235
 0 0.637236
 0 0.637236
 0 0.637292
 0 0.637299
 0 0.637299
 0 0.637304
 0 0.637319
 0 0.637321
 0 0.637323
 0 0.637325
 0 0.637326
 0 0.637327
 0 0.637328
 0 0.637363
 0 0.637372
 0 0.637386
 0 0.637386
 0 0.637395
 0 0.637395
 0 0.637396
 0 0.637396
 0 0.637396
 0 0.637397
 0 0.637403
 0 0.637403
 0 0.637414
 0 0.637415
 0 0.637416
 0 0.63742
 0 0.637436
 0 0.637437
 0 0.637477
 0 0.637477
 0 0.637477
 0 0.637499
 0 0.6375
 0 0.637512
 0 0.637512
 0 0.637553
 0 0.637616
 0 0.637617
 0 0.637634
 0 0.637634
 0 0.637635
 0 0.637654
 0 0.637658
 0 0.637659
 0 0.637678
 0 0.637747
 0 0.637911
 0 0.637911
 0 0.637912
 0 0.637916
 0 0.637916
 0 0.637916
 0 0.63792
 0 0.637941
 0 0.637943
 0 0.638009
 0 0.638022
 0 0.638023
 0 0.638029
 0 0.638029
 0 0.638029
 0 0.638029
 0 0.638029
 0 0.638033
 0 0.638033
 0 0.638033
 0 0.638051
 0 0.638051
 0 0.638092
 0 0.638092
 0 0.638132
 0 0.638133
 0 0.638133
 0 0.638148
 0 0.638148
 0 0.63816
 0 0.63816
 0 0.63816
 0 0.63816
 0 0.63816
 0 0.638166
 0 0.638212
 0 0.638281
 0 0.638281
 0 0.638289
 0 0.638289
 0 0.638289
 0 0.63829
 0 0.638342
 0 0.638343
 0 0.638364
 0 0.638381
 0 0.638382
 0 0.638398
 0 0.638409
 0 0.638409
 0 0.638421
 0 0.638421
 0 0.638421
 0 0.638422
 0 0.638422
 0 0.638424
 0 0.638424
 0 0.638498
 0 0.638498
 0 0.6385
 0 0.638515
 0 0.638516
 0 0.638516
 0 0.638531
 0 0.638562
 0 0.638571
 0 0.638615
 0 0.638656
 0 0.638657
 0 0.638683
 0 0.638684
 0 0.638684
 0 0.638694
 0 0.638701
 0 0.638712
 0 0.638713
 0 0.638737
 0 0.638738
 0 0.638783
 0 0.638783
 0 0.638783
 0 0.638785
 0 0.638785
 0 0.638801
 0 0.638803
 0 0.638803
 0 0.638847
 0 0.638854
 0 0.638854
 0 0.638854
 0 0.638854
 0 0.638898
 0 0.638908
 0 0.638913
 0 0.638913
 0 0.638943
 0 0.638943
 0 0.638981
 0 0.638982
 0 0.639022
 0 0.639022
 0 0.639022
 0 0.63911
 0 0.63911
 0 0.639119
 0 0.639203
 0 0.639203
 0 0.639206
 0 0.639209
 0 0.639241
 0 0.639241
 0 0.639242
 0 0.639242
 0 0.639351
 0 0.639359
 0 0.639393
 0 0.639394
 0 0.639402
 0 0.639402
 0 0.639408
 0 0.639411
 0 0.639411
 0 0.639417
 0 0.639427
 0 0.639448
 0 0.639448
 0 0.639506
 0 0.639538
 0 0.639538
 0 0.639538
 0 0.639538
 0 0.63954
 0 0.639561
 0 0.639561
 0 0.639561
 0 0.639607
 0 0.639607
 0 0.639607
 0 0.639607
 0 0.639609
 0 0.639648
 0 0.639694
 0 0.639694
 0 0.639738
 0 0.639756
 0 0.639826
 0 0.639826
 0 0.639898
 0 0.639965
 0 0.639971
 0 0.639992
 0 0.639992
 0 0.639994
 0 0.639998
 0 0.639998
 0 0.639998
 0 0.640051
 0 0.640052
 0 0.640052
 0 0.640055
 0 0.640055
 0 0.640133
 0 0.640169
 0 0.64017
 0 0.640173
 0 0.640173
 0 0.640176
 0 0.640255
 0 0.640414
 0 0.640414
 0 0.640414
 0 0.640414
 0 0.640414
 0 0.640477
 0 0.640477
 0 0.640477
 0 0.640478
 0 0.640479
 0 0.640533
 0 0.640609
 0 0.64061
 0 0.64061
 0 0.64061
 0 0.640675
 0 0.640677
 0 0.640682
 0 0.640683
 0 0.64074
 0 0.64074
 0 0.640763
 0 0.640764
 0 0.640809
 0 0.640812
 0 0.640812
 0 0.640916
 0 0.640917
 0 0.640917
 0 0.640972
 0 0.640973
 0 0.640973
 0 0.641273
 0 0.641475
 0 0.641477
 0 0.641562
 0 0.641598
 0 0.641779
 0 0.64178
 0 0.64178
 0 0.642026
 0 0.642026
 0 0.642032
 0 0.642032
 0 0.642147
 0 0.642147
 0 0.642415
 0 0.642415
 0 0.642415
 0 0.642648
 0 0.642648
 0 0.642648
 0 0.642649
 0 0.642668
 0 0.642668
 0 0.642681
 0 0.642702
 0 0.643019
 0 0.643101
 0 0.643101
 0 0.643103
 0 0.643418
 0 0.643418
 0 0.643566
 0 0.64363
 0 0.643655
 0 0.643655
 0 0.643746
 0 0.643746
 0 0.643746
 0 0.644007
 0 0.644008
 0 0.644238
 0 0.644367
 0 0.644726
 0 0.644728
 0 0.644881
 0 0.644883
 0 0.644883
 0 0.644883
 0 0.644883
 0 0.644883
 0 0.644967
 0 0.645273
 0 0.645274
 0 0.645274
 0 0.645518
 0 0.645518
 0 0.645879
 0 0.64588
 0 0.64588
 0 0.64613
 0 inf
