 9.06601 9.5795
 8.81652 9.0799
 8.74743 9.26274
 8.69301 8.72799
 8.47519 8.518
 8.4075 8.49559
 7.99694 8.50423
 7.70992 7.9056
 7.39939 8.08977
 7.36055 7.36345
 7.1614 7.17985
 6.89517 7.16708
 6.8906 7.71512
 6.84451 7.00222
 6.55217 6.90911
 6.50424 6.89025
 6.44133 7.17439
 6.43846 7.18115
 6.29737 7.30564
 6.17802 7.59984
 6.16734 6.60452
 6.10468 7.42627
 5.98077 6.00707
 5.96089 6.20754
 5.8726 8.62828
 5.45455 5.72498
 5.44686 6.7023
 5.44133 5.44998
 5.40777 5.41005
 5.38149 5.3917
 5.29214 5.30549
 5.27584 5.28807
 5.26439 5.5294
 5.24492 5.89348
 5.18179 5.19262
 5.14785 5.1745
 5.13573 5.45577
 5.11068 5.1642
 4.98111 4.9836
 4.94855 4.95441
 4.94488 4.95292
 4.93613 4.94366
 4.92825 5.08847
 4.92815 4.945
 4.90194 4.9151
 4.90058 4.91301
 4.87689 4.89024
 4.87653 4.88164
 4.8738 4.88979
 4.86363 5.45181
 4.855 4.87635
 4.8526 4.86674
 4.85133 4.85463
 4.84643 5.14232
 4.84629 5.24843
 4.83443 4.84361
 4.82931 4.84405
 4.82871 4.84066
 4.82771 4.84284
 4.8273 5.63514
 4.81609 4.86411
 4.81392 4.89147
 4.80669 4.94011
 4.79992 4.80749
 4.7972 4.80373
 4.79443 5.0322
 4.79043 4.79553
 4.78327 4.78705
 4.76956 4.77913
 4.76399 4.77985
 4.75789 4.76851
 4.7482 4.75759
 4.74713 4.75036
 4.7452 4.76361
 4.74066 4.77051
 4.73862 4.77135
 4.73491 4.78987
 4.71522 4.72085
 4.708 4.71751
 4.70789 4.70797
 4.69762 4.87054
 4.68279 4.68375
 4.65802 4.66615
 4.64926 4.67649
 4.62945 4.6429
 4.62474 4.63959
 4.61219 4.62645
 4.60334 4.89013
 4.60162 4.62778
 4.59977 5.93998
 4.59809 4.61635
 4.58829 4.59017
 4.57743 4.94833
 4.5756 4.58162
 4.56838 4.58012
 4.56738 4.57474
 4.5638 4.83224
 4.55826 5.02081
 4.53427 4.70303
 4.53277 5.20361
 4.5247 4.54142
 4.51748 4.90143
 4.50528 4.51469
 4.50328 5.0022
 4.49849 4.74966
 4.48885 4.49572
 4.48413 5.03888
 4.47907 4.49072
 4.47102 8.29997
 4.45252 4.80819
 4.4404 5.30642
 4.43435 7.67427
 4.41094 8.7091
 4.40892 6.07909
 4.39571 5.02794
 4.35083 5.20667
 4.35016 5.17525
 4.34794 4.96526
 4.31525 4.39147
 4.31263 6.30021
 4.31093 5.22706
 4.29351 7.66801
 4.26721 6.45587
 4.26577 6.14693
 4.24262 5.06786
 4.24111 4.25216
 4.23827 5.25315
 4.23601 7.25725
 4.21943 4.22055
 4.19477 5.16817
 4.17762 7.37087
 4.17661 4.18792
 4.176 8.18704
 4.15882 4.47074
 4.15362 5.33166
 4.13641 4.30879
 4.13356 4.14534
 4.13149 4.26524
 4.12673 6.10012
 4.12334 9.44309
 4.11952 4.98233
 4.1157 5.0114
 4.07096 4.08549
 4.06952 7.2113
 4.06093 5.92492
 3.84416 4.63956
 3.72595 8.57777
 3.27908 5.47521
