 0 0.490145
 0 0.491016
 0 0.491016
 0 0.491016
 0 0.491017
 0 0.491245
 0 0.495053
 0 0.495993
 0 0.495993
 0 0.496384
 0 0.496384
 0 0.496421
 0 0.626517
 0 0.626885
 0 0.626978
 0 0.626978
 0 0.627155
 0 0.627198
 0 0.627379
 0 0.627444
 0 0.627568
 0 0.627568
 0 0.6277
 0 0.6277
 0 0.6277
 0 0.627702
 0 0.627809
 0 0.627811
 0 0.627812
 0 0.627986
 0 0.627986
 0 0.627991
 0 0.62809
 0 0.62809
 0 0.628136
 0 0.628179
 0 0.62818
 0 0.628182
 0 0.628226
 0 0.628386
 0 0.628387
 0 0.628387
 0 0.628503
 0 0.628503
 0 0.628714
 0 0.628714
 0 0.628715
 0 0.628715
 0 0.628742
 0 0.628743
 0 0.628791
 0 0.628793
 0 0.6288
 0 0.628801
 0 0.628937
 0 0.628974
 0 0.629105
 0 0.629263
 0 0.62928
 0 0.629281
 0 0.629281
 0 0.629317
 0 0.629429
 0 0.629429
 0 0.629429
 0 0.629455
 0 0.629496
 0 0.629496
 0 0.629498
 0 0.629498
 0 0.629515
 0 0.629515
 0 0.629517
 0 0.629535
 0 0.629538
 0 0.629574
 0 0.629574
 0 0.629591
 0 0.629608
 0 0.629608
 0 0.629608
 0 0.629608
 0 0.629608
 0 0.629888
 0 0.62989
 0 0.62989
 0 0.629999
 0 0.630004
 0 0.630004
 0 0.630036
 0 0.63004
 0 0.630052
 0 0.630052
 0 0.630138
 0 0.630233
 0 0.630285
 0 0.630285
 0 0.630286
 0 0.630297
 0 0.630297
 0 0.630339
 0 0.63034
 0 0.63034
 0 0.630366
 0 0.630367
 0 0.630372
 0 0.630372
 0 0.630372
 0 0.630382
 0 0.630382
 0 0.630382
 0 0.630562
 0 0.630562
 0 0.630564
 0 0.630564
 0 0.630589
 0 0.630638
 0 0.630706
 0 0.630706
 0 0.630769
 0 0.630771
 0 0.630786
 0 0.630892
 0 0.630899
 0 0.630909
 0 0.630956
 0 0.630961
 0 0.630994
 0 0.631053
 0 0.631053
 0 0.631065
 0 0.631065
 0 0.631073
 0 0.631073
 0 0.631074
 0 0.631074
 0 0.631075
 0 0.631098
 0 0.631134
 0 0.631145
 0 0.631146
 0 0.631152
 0 0.631159
 0 0.631178
 0 0.631179
 0 0.631184
 0 0.631184
 0 0.631184
 0 0.631184
 0 0.631184
 0 0.631222
 0 0.631222
 0 0.631286
 0 0.63131
 0 0.63131
 0 0.631311
 0 0.631325
 0 0.631366
 0 0.631374
 0 0.63142
 0 0.63142
 0 0.63142
 0 0.631476
 0 0.631481
 0 0.631521
 0 0.631527
 0 0.631527
 0 0.631527
 0 0.631527
 0 0.631582
 0 0.631583
 0 0.63159
 0 0.63159
 0 0.631635
 0 0.631644
 0 0.631644
 0 0.631644
 0 0.631662
 0 0.631666
 0 0.631666
 0 0.631689
 0 0.631691
 0 0.631707
 0 0.631707
 0 0.631707
 0 0.631716
 0 0.63174
 0 0.631764
 0 0.631788
 0 0.631788
 0 0.631792
 0 0.631792
 0 0.631795
 0 0.631804
 0 0.631804
 0 0.631805
 0 0.631806
 0 0.631824
 0 0.631829
 0 0.631849
 0 0.631849
 0 0.631849
 0 0.631849
 0 0.631851
 0 0.631851
 0 0.631855
 0 0.631857
 0 0.631857
 0 0.631858
 0 0.631874
 0 0.631875
 0 0.631891
 0 0.631905
 0 0.631906
 0 0.631906
 0 0.631913
 0 0.631925
 0 0.631926
 0 0.631926
 0 0.631929
 0 0.631933
 0 0.631961
 0 0.631961
 0 0.631969
 0 0.632013
 0 0.632014
 0 0.632035
 0 0.632037
 0 0.632051
 0 0.632053
 0 0.632067
 0 0.632067
 0 0.632067
 0 0.632067
 0 0.632067
 0 0.632068
 0 0.632072
 0 0.632095
 0 0.632096
 0 0.632096
 0 0.632096
 0 0.632096
 0 0.632099
 0 0.632099
 0 0.632104
 0 0.632104
 0 0.63211
 0 0.63211
 0 0.632112
 0 0.632112
 0 0.632113
 0 0.632116
 0 0.632147
 0 0.632147
 0 0.632158
 0 0.632161
 0 0.632161
 0 0.6322
 0 0.6322
 0 0.632252
 0 0.632263
 0 0.632263
 0 0.632283
 0 0.632283
 0 0.632289
 0 0.63229
 0 0.632297
 0 0.632297
 0 0.632297
 0 0.632321
 0 0.632321
 0 0.632321
 0 0.632342
 0 0.632342
 0 0.632346
 0 0.632352
 0 0.632352
 0 0.632362
 0 0.632363
 0 0.632368
 0 0.632407
 0 0.632422
 0 0.632431
 0 0.632435
 0 0.632466
 0 0.632467
 0 0.632502
 0 0.632542
 0 0.632542
 0 0.632558
 0 0.632571
 0 0.632585
 0 0.632605
 0 0.632606
 0 0.632607
 0 0.632615
 0 0.632616
 0 0.632617
 0 0.632617
 0 0.63263
 0 0.63263
 0 0.632631
 0 0.632635
 0 0.632666
 0 0.632686
 0 0.632696
 0 0.632701
 0 0.632701
 0 0.632717
 0 0.632717
 0 0.632717
 0 0.63275
 0 0.63275
 0 0.632769
 0 0.63277
 0 0.632778
 0 0.632779
 0 0.632788
 0 0.63282
 0 0.632835
 0 0.632835
 0 0.632836
 0 0.632836
 0 0.632837
 0 0.632838
 0 0.632841
 0 0.632842
 0 0.632862
 0 0.632863
 0 0.632863
 0 0.632863
 0 0.632863
 0 0.632875
 0 0.632875
 0 0.632876
 0 0.632898
 0 0.632901
 0 0.632901
 0 0.63292
 0 0.632921
 0 0.632939
 0 0.632939
 0 0.632941
 0 0.632942
 0 0.632942
 0 0.632959
 0 0.632959
 0 0.632959
 0 0.632976
 0 0.632977
 0 0.633026
 0 0.633026
 0 0.633027
 0 0.633027
 0 0.633027
 0 0.633127
 0 0.633128
 0 0.633137
 0 0.633137
 0 0.633155
 0 0.63319
 0 0.633192
 0 0.633192
 0 0.633192
 0 0.63321
 0 0.633211
 0 0.633211
 0 0.633217
 0 0.633217
 0 0.633218
 0 0.633235
 0 0.633235
 0 0.633235
 0 0.633236
 0 0.633236
 0 0.633242
 0 0.633243
 0 0.633243
 0 0.633246
 0 0.633246
 0 0.633246
 0 0.633251
 0 0.633281
 0 0.633284
 0 0.633284
 0 0.633284
 0 0.633285
 0 0.633312
 0 0.633313
 0 0.633313
 0 0.633322
 0 0.633336
 0 0.633337
 0 0.633383
 0 0.633383
 0 0.633406
 0 0.633407
 0 0.633408
 0 0.633411
 0 0.633423
 0 0.633424
 0 0.633442
 0 0.63347
 0 0.633471
 0 0.633471
 0 0.633483
 0 0.633489
 0 0.63349
 0 0.633491
 0 0.633507
 0 0.633507
 0 0.633507
 0 0.633509
 0 0.63351
 0 0.63351
 0 0.633525
 0 0.633525
 0 0.633571
 0 0.633571
 0 0.633571
 0 0.633571
 0 0.633586
 0 0.633603
 0 0.633635
 0 0.633639
 0 0.633657
 0 0.633657
 0 0.633676
 0 0.633684
 0 0.633684
 0 0.633685
 0 0.633688
 0 0.633688
 0 0.633688
 0 0.633689
 0 0.63369
 0 0.63369
 0 0.63369
 0 0.633707
 0 0.633708
 0 0.633714
 0 0.633714
 0 0.633715
 0 0.633715
 0 0.633717
 0 0.633717
 0 0.633726
 0 0.633732
 0 0.633732
 0 0.633762
 0 0.633778
 0 0.633778
 0 0.633798
 0 0.633798
 0 0.633799
 0 0.633799
 0 0.6338
 0 0.6338
 0 0.633806
 0 0.633811
 0 0.633812
 0 0.633812
 0 0.633816
 0 0.633816
 0 0.633816
 0 0.63382
 0 0.633821
 0 0.633834
 0 0.633868
 0 0.633878
 0 0.633878
 0 0.633878
 0 0.633891
 0 0.633898
 0 0.633898
 0 0.633898
 0 0.633903
 0 0.633904
 0 0.633909
 0 0.633909
 0 0.633909
 0 0.63391
 0 0.633916
 0 0.633916
 0 0.633916
 0 0.633942
 0 0.633942
 0 0.63395
 0 0.63395
 0 0.63395
 0 0.63395
 0 0.633955
 0 0.633955
 0 0.633975
 0 0.633976
 0 0.633992
 0 0.634004
 0 0.634004
 0 0.634007
 0 0.634035
 0 0.634073
 0 0.634073
 0 0.634074
 0 0.634074
 0 0.634074
 0 0.634095
 0 0.634095
 0 0.634101
 0 0.634107
 0 0.634107
 0 0.634108
 0 0.634108
 0 0.63413
 0 0.63413
 0 0.634131
 0 0.634151
 0 0.634152
 0 0.634157
 0 0.634162
 0 0.634191
 0 0.634192
 0 0.634193
 0 0.634194
 0 0.634201
 0 0.634208
 0 0.634209
 0 0.634209
 0 0.634212
 0 0.634212
 0 0.634213
 0 0.634213
 0 0.634213
 0 0.634214
 0 0.634214
 0 0.634221
 0 0.634228
 0 0.634228
 0 0.634228
 0 0.634228
 0 0.634228
 0 0.634272
 0 0.634272
 0 0.634273
 0 0.634273
 0 0.634276
 0 0.634278
 0 0.634285
 0 0.634303
 0 0.634303
 0 0.634303
 0 0.634323
 0 0.634327
 0 0.634339
 0 0.634339
 0 0.634339
 0 0.634339
 0 0.634339
 0 0.634344
 0 0.634345
 0 0.634345
 0 0.634346
 0 0.634346
 0 0.634367
 0 0.634367
 0 0.634386
 0 0.634387
 0 0.63439
 0 0.634391
 0 0.634401
 0 0.634422
 0 0.634427
 0 0.63447
 0 0.63447
 0 0.63447
 0 0.63447
 0 0.634481
 0 0.634484
 0 0.634504
 0 0.634504
 0 0.634505
 0 0.634505
 0 0.634505
 0 0.634521
 0 0.634521
 0 0.634522
 0 0.634522
 0 0.63454
 0 0.63454
 0 0.634566
 0 0.634566
 0 0.634566
 0 0.634566
 0 0.634572
 0 0.634575
 0 0.634584
 0 0.634585
 0 0.634585
 0 0.634589
 0 0.63459
 0 0.634591
 0 0.634609
 0 0.634612
 0 0.634631
 0 0.634631
 0 0.634635
 0 0.634636
 0 0.634637
 0 0.634644
 0 0.634644
 0 0.634656
 0 0.634657
 0 0.634657
 0 0.634657
 0 0.634666
 0 0.634666
 0 0.634666
 0 0.634667
 0 0.634667
 0 0.634676
 0 0.634676
 0 0.634676
 0 0.634676
 0 0.634691
 0 0.634691
 0 0.634697
 0 0.63472
 0 0.634729
 0 0.634729
 0 0.634729
 0 0.634732
 0 0.634733
 0 0.634733
 0 0.634733
 0 0.634735
 0 0.634748
 0 0.634749
 0 0.634767
 0 0.634768
 0 0.634789
 0 0.634792
 0 0.634792
 0 0.634802
 0 0.634802
 0 0.634802
 0 0.634815
 0 0.634817
 0 0.634818
 0 0.634843
 0 0.634843
 0 0.634845
 0 0.634855
 0 0.634869
 0 0.634869
 0 0.634893
 0 0.634915
 0 0.634915
 0 0.634915
 0 0.634925
 0 0.63493
 0 0.634932
 0 0.634933
 0 0.63495
 0 0.634959
 0 0.634959
 0 0.634966
 0 0.634966
 0 0.634967
 0 0.634971
 0 0.634971
 0 0.634971
 0 0.634972
 0 0.634976
 0 0.634976
 0 0.634989
 0 0.634991
 0 0.634991
 0 0.634991
 0 0.634991
 0 0.634993
 0 0.634993
 0 0.634996
 0 0.635022
 0 0.635025
 0 0.635025
 0 0.635025
 0 0.635026
 0 0.635026
 0 0.635029
 0 0.635039
 0 0.635044
 0 0.635044
 0 0.635044
 0 0.635045
 0 0.635045
 0 0.635045
 0 0.635046
 0 0.63505
 0 0.63505
 0 0.635058
 0 0.635072
 0 0.635072
 0 0.635082
 0 0.635083
 0 0.635083
 0 0.635086
 0 0.635086
 0 0.635107
 0 0.635108
 0 0.635116
 0 0.635116
 0 0.635117
 0 0.635133
 0 0.635137
 0 0.635149
 0 0.635149
 0 0.635155
 0 0.635161
 0 0.635178
 0 0.635182
 0 0.635182
 0 0.635182
 0 0.635182
 0 0.635182
 0 0.635189
 0 0.635191
 0 0.635191
 0 0.635192
 0 0.635192
 0 0.635192
 0 0.635192
 0 0.635192
 0 0.635203
 0 0.635212
 0 0.635221
 0 0.635221
 0 0.635224
 0 0.635225
 0 0.63523
 0 0.63523
 0 0.635233
 0 0.635233
 0 0.635235
 0 0.635237
 0 0.635259
 0 0.635259
 0 0.635272
 0 0.635273
 0 0.635285
 0 0.635294
 0 0.635295
 0 0.635295
 0 0.635296
 0 0.635296
 0 0.635296
 0 0.635297
 0 0.635297
 0 0.635315
 0 0.635316
 0 0.635316
 0 0.635317
 0 0.635322
 0 0.635322
 0 0.635328
 0 0.635343
 0 0.635343
 0 0.635344
 0 0.635346
 0 0.635346
 0 0.635347
 0 0.635354
 0 0.635367
 0 0.635367
 0 0.635367
 0 0.635367
 0 0.635381
 0 0.635382
 0 0.635388
 0 0.635398
 0 0.635406
 0 0.635419
 0 0.635419
 0 0.635419
 0 0.635419
 0 0.635436
 0 0.635447
 0 0.635448
 0 0.635456
 0 0.635457
 0 0.635458
 0 0.635458
 0 0.635475
 0 0.635476
 0 0.635476
 0 0.635485
 0 0.635485
 0 0.635485
 0 0.635486
 0 0.635486
 0 0.635487
 0 0.635487
 0 0.635487
 0 0.635491
 0 0.635491
 0 0.635491
 0 0.635491
 0 0.635492
 0 0.635492
 0 0.635502
 0 0.635502
 0 0.635503
 0 0.635507
 0 0.635507
 0 0.635513
 0 0.635513
 0 0.63553
 0 0.63553
 0 0.63553
 0 0.635531
 0 0.635545
 0 0.635545
 0 0.63555
 0 0.635551
 0 0.635551
 0 0.635551
 0 0.635568
 0 0.635574
 0 0.635574
 0 0.635613
 0 0.635619
 0 0.635619
 0 0.635629
 0 0.63563
 0 0.63563
 0 0.63563
 0 0.635631
 0 0.635643
 0 0.635644
 0 0.635648
 0 0.635648
 0 0.635649
 0 0.63565
 0 0.63565
 0 0.635659
 0 0.635661
 0 0.635664
 0 0.635664
 0 0.635689
 0 0.635689
 0 0.63569
 0 0.63569
 0 0.635693
 0 0.635694
 0 0.635694
 0 0.635694
 0 0.635695
 0 0.635702
 0 0.635702
 0 0.635714
 0 0.635714
 0 0.635719
 0 0.635732
 0 0.635732
 0 0.635743
 0 0.635764
 0 0.635764
 0 0.635781
 0 0.635782
 0 0.635782
 0 0.635784
 0 0.635784
 0 0.635785
 0 0.635785
 0 0.635785
 0 0.635785
 0 0.635785
 0 0.6358
 0 0.635805
 0 0.635806
 0 0.635816
 0 0.635816
 0 0.635817
 0 0.635817
 0 0.63582
 0 0.635828
 0 0.635828
 0 0.635828
 0 0.635852
 0 0.635873
 0 0.635889
 0 0.635889
 0 0.635898
 0 0.635898
 0 0.635898
 0 0.635904
 0 0.635909
 0 0.635915
 0 0.635919
 0 0.635919
 0 0.63592
 0 0.63592
 0 0.635927
 0 0.635928
 0 0.635928
 0 0.635928
 0 0.635936
 0 0.635936
 0 0.635946
 0 0.635946
 0 0.635947
 0 0.635951
 0 0.635951
 0 0.635952
 0 0.635952
 0 0.635959
 0 0.635959
 0 0.635959
 0 0.63596
 0 0.63596
 0 0.635969
 0 0.635972
 0 0.635972
 0 0.635973
 0 0.635974
 0 0.635985
 0 0.635985
 0 0.635985
 0 0.635988
 0 0.635989
 0 0.635991
 0 0.635995
 0 0.635999
 0 0.635999
 0 0.636001
 0 0.636001
 0 0.63601
 0 0.636011
 0 0.636011
 0 0.63602
 0 0.636033
 0 0.636033
 0 0.636033
 0 0.636033
 0 0.636038
 0 0.636039
 0 0.636065
 0 0.636065
 0 0.636065
 0 0.636066
 0 0.636082
 0 0.636084
 0 0.636085
 0 0.636086
 0 0.636089
 0 0.63609
 0 0.636097
 0 0.636099
 0 0.636101
 0 0.636101
 0 0.636101
 0 0.636101
 0 0.636103
 0 0.636103
 0 0.636118
 0 0.636118
 0 0.636118
 0 0.636118
 0 0.636118
 0 0.636139
 0 0.636139
 0 0.636146
 0 0.636146
 0 0.636146
 0 0.636146
 0 0.636146
 0 0.636146
 0 0.636156
 0 0.636164
 0 0.636166
 0 0.636167
 0 0.636167
 0 0.636167
 0 0.636177
 0 0.636181
 0 0.636181
 0 0.636181
 0 0.636181
 0 0.636181
 0 0.636186
 0 0.636193
 0 0.636194
 0 0.636194
 0 0.636202
 0 0.636202
 0 0.636221
 0 0.636228
 0 0.636229
 0 0.63623
 0 0.636231
 0 0.636249
 0 0.636249
 0 0.636249
 0 0.636265
 0 0.636265
 0 0.636266
 0 0.636266
 0 0.63628
 0 0.63628
 0 0.63628
 0 0.63628
 0 0.636287
 0 0.63629
 0 0.636292
 0 0.636293
 0 0.636294
 0 0.636297
 0 0.636297
 0 0.636298
 0 0.636304
 0 0.636304
 0 0.636304
 0 0.636304
 0 0.636308
 0 0.636319
 0 0.63632
 0 0.636325
 0 0.636325
 0 0.636325
 0 0.636335
 0 0.636335
 0 0.63635
 0 0.63635
 0 0.63636
 0 0.63636
 0 0.636363
 0 0.636411
 0 0.636412
 0 0.636416
 0 0.636416
 0 0.636416
 0 0.636416
 0 0.636423
 0 0.636424
 0 0.636438
 0 0.636438
 0 0.636439
 0 0.636439
 0 0.636444
 0 0.636445
 0 0.636463
 0 0.636469
 0 0.636469
 0 0.636469
 0 0.636469
 0 0.636469
 0 0.636469
 0 0.636474
 0 0.636494
 0 0.636495
 0 0.636495
 0 0.636498
 0 0.636498
 0 0.636499
 0 0.636505
 0 0.636506
 0 0.636525
 0 0.63653
 0 0.63653
 0 0.636531
 0 0.636533
 0 0.636533
 0 0.636533
 0 0.636533
 0 0.636548
 0 0.636549
 0 0.636549
 0 0.636549
 0 0.636551
 0 0.636551
 0 0.636552
 0 0.636561
 0 0.636562
 0 0.636574
 0 0.636574
 0 0.636577
 0 0.636586
 0 0.636586
 0 0.636586
 0 0.636592
 0 0.636597
 0 0.636598
 0 0.636598
 0 0.636598
 0 0.636607
 0 0.636608
 0 0.636612
 0 0.636641
 0 0.636652
 0 0.636652
 0 0.636652
 0 0.636652
 0 0.636653
 0 0.636658
 0 0.636659
 0 0.636681
 0 0.636681
 0 0.636685
 0 0.636685
 0 0.636685
 0 0.636693
 0 0.636693
 0 0.636693
 0 0.636699
 0 0.636699
 0 0.636699
 0 0.636703
 0 0.636712
 0 0.636713
 0 0.636714
 0 0.636714
 0 0.636749
 0 0.636749
 0 0.636769
 0 0.636785
 0 0.636785
 0 0.636792
 0 0.636792
 0 0.636793
 0 0.636793
 0 0.636793
 0 0.636793
 0 0.636794
 0 0.636809
 0 0.636819
 0 0.636819
 0 0.636821
 0 0.636825
 0 0.636825
 0 0.636832
 0 0.636832
 0 0.636855
 0 0.636855
 0 0.636855
 0 0.636855
 0 0.636856
 0 0.636856
 0 0.636859
 0 0.63686
 0 0.636873
 0 0.636873
 0 0.636884
 0 0.636887
 0 0.636887
 0 0.636888
 0 0.636888
 0 0.636891
 0 0.636909
 0 0.636909
 0 0.636909
 0 0.636909
 0 0.636915
 0 0.636915
 0 0.636915
 0 0.636915
 0 0.636918
 0 0.636919
 0 0.636919
 0 0.636935
 0 0.636947
 0 0.636947
 0 0.636947
 0 0.636947
 0 0.636947
 0 0.636953
 0 0.636953
 0 0.636953
 0 0.636963
 0 0.636969
 0 0.637
 0 0.637004
 0 0.637043
 0 0.637044
 0 0.637045
 0 0.637053
 0 0.637079
 0 0.637079
 0 0.637085
 0 0.637085
 0 0.637085
 0 0.637102
 0 0.637102
 0 0.637103
 0 0.637103
 0 0.637103
 0 0.637115
 0 0.637115
 0 0.63712
 0 0.63712
 0 0.637121
 0 0.637121
 0 0.637126
 0 0.637147
 0 0.637148
 0 0.637161
 0 0.637161
 0 0.637161
 0 0.637164
 0 0.637165
 0 0.637165
 0 0.637172
 0 0.637173
 0 0.637179
 0 0.637179
 0 0.637179
 0 0.637196
 0 0.637197
 0 0.637198
 0 0.637199
 0 0.637229
 0 0.637255
 0 0.637255
 0 0.637258
 0 0.637263
 0 0.637286
 0 0.637286
 0 0.637311
 0 0.637342
 0 0.637342
 0 0.637355
 0 0.637355
 0 0.637368
 0 0.637368
 0 0.63737
 0 0.637385
 0 0.637387
 0 0.637387
 0 0.637387
 0 0.637387
 0 0.637389
 0 0.637402
 0 0.637418
 0 0.637418
 0 0.637418
 0 0.63742
 0 0.63742
 0 0.637421
 0 0.637421
 0 0.637422
 0 0.637422
 0 0.637423
 0 0.637424
 0 0.637426
 0 0.63744
 0 0.637442
 0 0.637456
 0 0.637456
 0 0.637456
 0 0.637473
 0 0.637478
 0 0.637527
 0 0.637527
 0 0.637531
 0 0.637531
 0 0.637531
 0 0.637531
 0 0.637535
 0 0.637559
 0 0.637625
 0 0.637626
 0 0.63764
 0 0.63764
 0 0.637662
 0 0.637662
 0 0.637664
 0 0.637665
 0 0.637676
 0 0.637676
 0 0.637679
 0 0.637679
 0 0.637679
 0 0.637679
 0 0.637679
 0 0.637685
 0 0.637685
 0 0.63769
 0 0.637691
 0 0.637704
 0 0.637704
 0 0.637747
 0 0.637747
 0 0.637747
 0 0.637747
 0 0.637815
 0 0.637815
 0 0.637815
 0 0.637815
 0 0.637818
 0 0.637819
 0 0.637831
 0 0.637836
 0 0.637836
 0 0.637839
 0 0.637839
 0 0.637844
 0 0.637844
 0 0.637853
 0 0.637853
 0 0.637866
 0 0.637866
 0 0.637867
 0 0.637886
 0 0.637887
 0 0.637887
 0 0.637888
 0 0.637888
 0 0.637905
 0 0.637905
 0 0.637906
 0 0.637934
 0 0.637935
 0 0.637939
 0 0.637953
 0 0.637956
 0 0.63798
 0 0.63798
 0 0.637982
 0 0.637982
 0 0.637991
 0 0.637992
 0 0.638008
 0 0.638019
 0 0.638023
 0 0.638035
 0 0.638035
 0 0.638045
 0 0.638049
 0 0.63805
 0 0.638051
 0 0.638051
 0 0.638051
 0 0.638058
 0 0.638058
 0 0.638085
 0 0.638086
 0 0.638086
 0 0.638092
 0 0.638122
 0 0.638123
 0 0.638125
 0 0.638125
 0 0.638148
 0 0.638152
 0 0.638152
 0 0.638152
 0 0.638152
 0 0.638158
 0 0.63816
 0 0.638161
 0 0.638161
 0 0.638161
 0 0.638161
 0 0.63817
 0 0.638194
 0 0.638194
 0 0.638203
 0 0.638204
 0 0.638204
 0 0.638204
 0 0.638211
 0 0.638212
 0 0.638212
 0 0.638243
 0 0.638243
 0 0.638289
 0 0.638291
 0 0.638302
 0 0.638302
 0 0.638302
 0 0.638338
 0 0.638342
 0 0.638342
 0 0.638342
 0 0.638421
 0 0.638421
 0 0.638429
 0 0.638448
 0 0.638452
 0 0.638474
 0 0.638499
 0 0.638499
 0 0.638499
 0 0.638499
 0 0.638499
 0 0.638546
 0 0.638547
 0 0.638547
 0 0.638577
 0 0.638577
 0 0.638592
 0 0.638592
 0 0.638634
 0 0.638635
 0 0.638666
 0 0.638666
 0 0.638668
 0 0.638669
 0 0.638669
 0 0.63867
 0 0.638677
 0 0.638678
 0 0.638681
 0 0.638687
 0 0.638687
 0 0.638688
 0 0.638749
 0 0.638795
 0 0.638888
 0 0.638888
 0 0.638911
 0 0.63894
 0 0.638957
 0 0.638958
 0 0.638982
 0 0.638982
 0 0.638987
 0 0.63899
 0 0.63899
 0 0.63899
 0 0.638991
 0 0.639003
 0 0.639003
 0 0.639012
 0 0.639012
 0 0.639041
 0 0.639067
 0 0.639068
 0 0.639072
 0 0.639072
 0 0.639109
 0 0.639109
 0 0.639109
 0 0.639138
 0 0.639152
 0 0.639152
 0 0.639153
 0 0.639155
 0 0.639155
 0 0.639162
 0 0.639162
 0 0.639245
 0 0.639253
 0 0.639259
 0 0.639288
 0 0.639288
 0 0.639289
 0 0.639293
 0 0.639293
 0 0.639394
 0 0.639394
 0 0.639396
 0 0.639413
 0 0.639448
 0 0.639449
 0 0.639479
 0 0.639557
 0 0.639558
 0 0.639634
 0 0.639639
 0 0.639701
 0 0.639701
 0 0.639702
 0 0.639702
 0 0.639704
 0 0.639704
 0 0.639747
 0 0.639791
 0 0.639856
 0 0.639881
 0 0.639882
 0 0.639885
 0 0.639916
 0 0.639917
 0 0.639992
 0 0.639992
 0 0.639994
 0 0.640012
 0 0.640013
 0 0.640013
 0 0.640014
 0 0.640038
 0 0.640054
 0 0.640055
 0 0.64006
 0 0.640062
 0 0.640296
 0 0.640296
 0 0.640303
 0 0.640358
 0 0.640427
 0 0.640427
 0 0.640526
 0 0.640526
 0 0.640544
 0 0.640544
 0 0.640594
 0 0.640617
 0 0.640661
 0 0.640677
 0 0.640677
 0 0.640677
 0 0.640783
 0 0.640808
 0 0.640898
 0 0.640912
 0 0.640913
 0 0.640935
 0 0.641088
 0 0.64109
 0 0.641112
 0 0.641113
 0 0.641113
 0 0.641201
 0 0.641201
 0 0.641202
 0 0.641204
 0 0.64127
 0 0.641271
 0 0.641429
 0 0.641477
 0 0.641478
 0 0.641544
 0 0.641791
 0 0.64269
 0 0.64269
 0 0.643114
 0 0.643114
 0 0.643115
 0 inf
