 0 0.487764
 0 0.487764
 0 0.487997
 0 0.488202
 0 0.488202
 0 0.488434
 0 0.495344
 0 0.495344
 0 0.495344
 0 0.496679
 0 0.496679
 0 0.49668
 0 0.6092
 0 0.6092
 0 0.610228
 0 0.610228
 0 0.610228
 0 0.610831
 0 0.619732
 0 0.620149
 0 0.62015
 0 0.620552
 0 0.620553
 0 0.620959
 0 0.622532
 0 0.622782
 0 0.622807
 0 0.622878
 0 0.622878
 0 0.623008
 0 0.623047
 0 0.623142
 0 0.623195
 0 0.623196
 0 0.623212
 0 0.623212
 0 0.623353
 0 0.623396
 0 0.623408
 0 0.623408
 0 0.623552
 0 0.623552
 0 0.623579
 0 0.623582
 0 0.623583
 0 0.623602
 0 0.623603
 0 0.623684
 0 0.623727
 0 0.623727
 0 0.623727
 0 0.623728
 0 0.6238
 0 0.6238
 0 0.623861
 0 0.623861
 0 0.623918
 0 0.623918
 0 0.623948
 0 0.624002
 0 0.624002
 0 0.624002
 0 0.62401
 0 0.624012
 0 0.624123
 0 0.624132
 0 0.624133
 0 0.624133
 0 0.624228
 0 0.624324
 0 0.624324
 0 0.624325
 0 0.624399
 0 0.624445
 0 0.624454
 0 0.624456
 0 0.624456
 0 0.624456
 0 0.624456
 0 0.624584
 0 0.624586
 0 0.624588
 0 0.624613
 0 0.624713
 0 0.624714
 0 0.624714
 0 0.624714
 0 0.624917
 0 0.624917
 0 0.624917
 0 0.625277
 0 0.625277
 0 0.625304
 0 0.625305
 0 0.625349
 0 0.625349
 0 0.625423
 0 0.625445
 0 0.625445
 0 0.625449
 0 0.625513
 0 0.625696
 0 0.625696
 0 0.62573
 0 0.625731
 0 0.625731
 0 0.625779
 0 0.625779
 0 0.625823
 0 0.625823
 0 0.625823
 0 0.625979
 0 0.626082
 0 0.626174
 0 0.626174
 0 0.626228
 0 0.626228
 0 0.626228
 0 0.626451
 0 0.626453
 0 0.626453
 0 0.626474
 0 0.626495
 0 0.626495
 0 0.626497
 0 0.626497
 0 0.62652
 0 0.62652
 0 0.626521
 0 0.626556
 0 0.626621
 0 0.626622
 0 0.626656
 0 0.626729
 0 0.626737
 0 0.626818
 0 0.626837
 0 0.626838
 0 0.626849
 0 0.626905
 0 0.626906
 0 0.62693
 0 0.627
 0 0.627
 0 0.627
 0 0.627023
 0 0.627023
 0 0.627054
 0 0.627058
 0 0.627058
 0 0.627058
 0 0.627143
 0 0.627143
 0 0.627144
 0 0.627237
 0 0.627291
 0 0.627291
 0 0.627308
 0 0.627308
 0 0.627308
 0 0.627308
 0 0.62734
 0 0.627341
 0 0.627341
 0 0.627341
 0 0.627381
 0 0.627387
 0 0.627412
 0 0.627426
 0 0.627505
 0 0.627505
 0 0.627703
 0 0.627703
 0 0.62775
 0 0.62775
 0 0.62775
 0 0.627803
 0 0.627803
 0 0.62783
 0 0.627831
 0 0.627888
 0 0.627909
 0 0.627918
 0 0.627918
 0 0.627964
 0 0.627964
 0 0.627964
 0 0.627975
 0 0.627975
 0 0.627977
 0 0.627996
 0 0.628069
 0 0.628069
 0 0.628069
 0 0.628134
 0 0.628135
 0 0.628184
 0 0.628185
 0 0.628185
 0 0.628185
 0 0.628185
 0 0.628224
 0 0.628224
 0 0.628277
 0 0.628278
 0 0.628295
 0 0.628317
 0 0.628318
 0 0.62832
 0 0.628345
 0 0.628345
 0 0.628345
 0 0.628378
 0 0.628378
 0 0.628385
 0 0.62846
 0 0.628599
 0 0.628626
 0 0.62864
 0 0.62864
 0 0.62864
 0 0.62864
 0 0.628652
 0 0.628653
 0 0.628654
 0 0.628672
 0 0.628673
 0 0.628694
 0 0.628694
 0 0.628714
 0 0.628714
 0 0.628715
 0 0.628752
 0 0.628752
 0 0.628813
 0 0.628815
 0 0.628815
 0 0.628817
 0 0.628825
 0 0.628832
 0 0.628832
 0 0.628852
 0 0.628908
 0 0.628941
 0 0.62896
 0 0.628962
 0 0.628984
 0 0.628984
 0 0.628984
 0 0.629035
 0 0.629054
 0 0.629063
 0 0.629083
 0 0.629083
 0 0.629084
 0 0.629084
 0 0.629185
 0 0.629185
 0 0.629185
 0 0.629187
 0 0.629187
 0 0.629187
 0 0.629201
 0 0.629204
 0 0.629213
 0 0.629213
 0 0.629213
 0 0.629229
 0 0.629229
 0 0.62923
 0 0.629271
 0 0.629289
 0 0.629289
 0 0.62929
 0 0.629332
 0 0.629346
 0 0.629346
 0 0.629358
 0 0.629358
 0 0.629359
 0 0.629376
 0 0.629376
 0 0.629378
 0 0.629398
 0 0.629398
 0 0.629402
 0 0.629402
 0 0.629403
 0 0.629403
 0 0.629413
 0 0.629413
 0 0.629421
 0 0.629421
 0 0.629478
 0 0.629478
 0 0.629478
 0 0.629482
 0 0.629482
 0 0.629487
 0 0.629489
 0 0.629501
 0 0.629501
 0 0.62954
 0 0.62954
 0 0.62954
 0 0.62954
 0 0.62955
 0 0.62955
 0 0.629557
 0 0.629557
 0 0.62957
 0 0.629588
 0 0.629604
 0 0.629604
 0 0.629604
 0 0.629636
 0 0.629637
 0 0.629637
 0 0.629674
 0 0.629675
 0 0.629682
 0 0.629682
 0 0.629682
 0 0.629688
 0 0.629689
 0 0.629697
 0 0.629734
 0 0.629734
 0 0.629734
 0 0.629762
 0 0.629764
 0 0.629764
 0 0.629782
 0 0.629783
 0 0.629832
 0 0.629832
 0 0.629833
 0 0.629871
 0 0.629878
 0 0.629879
 0 0.629897
 0 0.629897
 0 0.629897
 0 0.629914
 0 0.629914
 0 0.629914
 0 0.629924
 0 0.629932
 0 0.629932
 0 0.629932
 0 0.629957
 0 0.629962
 0 0.629962
 0 0.629962
 0 0.629962
 0 0.629963
 0 0.629964
 0 0.629964
 0 0.629966
 0 0.630032
 0 0.630032
 0 0.630032
 0 0.630032
 0 0.630036
 0 0.630051
 0 0.630061
 0 0.630072
 0 0.630073
 0 0.630074
 0 0.630083
 0 0.630102
 0 0.630104
 0 0.630173
 0 0.630282
 0 0.630282
 0 0.630302
 0 0.630308
 0 0.630309
 0 0.630317
 0 0.630328
 0 0.630328
 0 0.630343
 0 0.630344
 0 0.630344
 0 0.630359
 0 0.630363
 0 0.630366
 0 0.63037
 0 0.630382
 0 0.630397
 0 0.630398
 0 0.630426
 0 0.630427
 0 0.630429
 0 0.630449
 0 0.63045
 0 0.630455
 0 0.630455
 0 0.630455
 0 0.630474
 0 0.630562
 0 0.630562
 0 0.630563
 0 0.630571
 0 0.630571
 0 0.630571
 0 0.630575
 0 0.630576
 0 0.630576
 0 0.630596
 0 0.630625
 0 0.630625
 0 0.630629
 0 0.630629
 0 0.630629
 0 0.630633
 0 0.630635
 0 0.630637
 0 0.630642
 0 0.630642
 0 0.630644
 0 0.630652
 0 0.630678
 0 0.630678
 0 0.630678
 0 0.630687
 0 0.630688
 0 0.630688
 0 0.630688
 0 0.630693
 0 0.6307
 0 0.6307
 0 0.630703
 0 0.630743
 0 0.630743
 0 0.630743
 0 0.630753
 0 0.630753
 0 0.630774
 0 0.630786
 0 0.630792
 0 0.630792
 0 0.630792
 0 0.630792
 0 0.630794
 0 0.630794
 0 0.630825
 0 0.630836
 0 0.630837
 0 0.630837
 0 0.630837
 0 0.630849
 0 0.630892
 0 0.630892
 0 0.630892
 0 0.630893
 0 0.630893
 0 0.630893
 0 0.630902
 0 0.630902
 0 0.630905
 0 0.630918
 0 0.630931
 0 0.630933
 0 0.630947
 0 0.630947
 0 0.630965
 0 0.630965
 0 0.630966
 0 0.630984
 0 0.631008
 0 0.63102
 0 0.631021
 0 0.631071
 0 0.631071
 0 0.631077
 0 0.63109
 0 0.631098
 0 0.631099
 0 0.631115
 0 0.631121
 0 0.631144
 0 0.631144
 0 0.631146
 0 0.631146
 0 0.631158
 0 0.631158
 0 0.63118
 0 0.63118
 0 0.63118
 0 0.63118
 0 0.631181
 0 0.631181
 0 0.631181
 0 0.631194
 0 0.631194
 0 0.631194
 0 0.631217
 0 0.631275
 0 0.631292
 0 0.631304
 0 0.631304
 0 0.631304
 0 0.631315
 0 0.631361
 0 0.631368
 0 0.631368
 0 0.63139
 0 0.631393
 0 0.631396
 0 0.631402
 0 0.631403
 0 0.631407
 0 0.631446
 0 0.631446
 0 0.631447
 0 0.631469
 0 0.63147
 0 0.631483
 0 0.631483
 0 0.631483
 0 0.631485
 0 0.631488
 0 0.631488
 0 0.631497
 0 0.631498
 0 0.631521
 0 0.631521
 0 0.63153
 0 0.631547
 0 0.631548
 0 0.631552
 0 0.631554
 0 0.631557
 0 0.631557
 0 0.631572
 0 0.631575
 0 0.63159
 0 0.631598
 0 0.631598
 0 0.631604
 0 0.631605
 0 0.631605
 0 0.631609
 0 0.631616
 0 0.631616
 0 0.631616
 0 0.631622
 0 0.631622
 0 0.631631
 0 0.631631
 0 0.631634
 0 0.631643
 0 0.631672
 0 0.631673
 0 0.631673
 0 0.631683
 0 0.631684
 0 0.631685
 0 0.631685
 0 0.631707
 0 0.631708
 0 0.631711
 0 0.631711
 0 0.631711
 0 0.631736
 0 0.631736
 0 0.631736
 0 0.631736
 0 0.631739
 0 0.631742
 0 0.631742
 0 0.631742
 0 0.631748
 0 0.631748
 0 0.631748
 0 0.631775
 0 0.631776
 0 0.631777
 0 0.631787
 0 0.631787
 0 0.631797
 0 0.631797
 0 0.631797
 0 0.631802
 0 0.631802
 0 0.631804
 0 0.631811
 0 0.631812
 0 0.631812
 0 0.631814
 0 0.631822
 0 0.631822
 0 0.631822
 0 0.631834
 0 0.631835
 0 0.631862
 0 0.631862
 0 0.631877
 0 0.631888
 0 0.63189
 0 0.631891
 0 0.631891
 0 0.631894
 0 0.631896
 0 0.631906
 0 0.631907
 0 0.631914
 0 0.631915
 0 0.631915
 0 0.631917
 0 0.631918
 0 0.631918
 0 0.631918
 0 0.631919
 0 0.63193
 0 0.63193
 0 0.631931
 0 0.631932
 0 0.631934
 0 0.631934
 0 0.63194
 0 0.63194
 0 0.631952
 0 0.631952
 0 0.631952
 0 0.631961
 0 0.631962
 0 0.631962
 0 0.631963
 0 0.631963
 0 0.631963
 0 0.631977
 0 0.631977
 0 0.631995
 0 0.631996
 0 0.631996
 0 0.632002
 0 0.632002
 0 0.632004
 0 0.632004
 0 0.632004
 0 0.632004
 0 0.632005
 0 0.632006
 0 0.632006
 0 0.632012
 0 0.632013
 0 0.632052
 0 0.632067
 0 0.632068
 0 0.63207
 0 0.63207
 0 0.632086
 0 0.632093
 0 0.632093
 0 0.632097
 0 0.632099
 0 0.632108
 0 0.632108
 0 0.632108
 0 0.632124
 0 0.632124
 0 0.63213
 0 0.632132
 0 0.632141
 0 0.632142
 0 0.632159
 0 0.632161
 0 0.632171
 0 0.632171
 0 0.632171
 0 0.632171
 0 0.632171
 0 0.632179
 0 0.63218
 0 0.63218
 0 0.63218
 0 0.632184
 0 0.632184
 0 0.632224
 0 0.632228
 0 0.632228
 0 0.632228
 0 0.632233
 0 0.632234
 0 0.632235
 0 0.632248
 0 0.632249
 0 0.632255
 0 0.632268
 0 0.632269
 0 0.632269
 0 0.632269
 0 0.632277
 0 0.632285
 0 0.632285
 0 0.632289
 0 0.632289
 0 0.632316
 0 0.632331
 0 0.632333
 0 0.632356
 0 0.632356
 0 0.632356
 0 0.632356
 0 0.632365
 0 0.632368
 0 0.632368
 0 0.632374
 0 0.63238
 0 0.632399
 0 0.6324
 0 0.632405
 0 0.632405
 0 0.632422
 0 0.632438
 0 0.632438
 0 0.632464
 0 0.632475
 0 0.632484
 0 0.632484
 0 0.632493
 0 0.632494
 0 0.632494
 0 0.632494
 0 0.632504
 0 0.632504
 0 0.632514
 0 0.632526
 0 0.632526
 0 0.632527
 0 0.632527
 0 0.632527
 0 0.632528
 0 0.63253
 0 0.63253
 0 0.63253
 0 0.632555
 0 0.632561
 0 0.632561
 0 0.632563
 0 0.63257
 0 0.63257
 0 0.632572
 0 0.632577
 0 0.632577
 0 0.63258
 0 0.632587
 0 0.632587
 0 0.632587
 0 0.632588
 0 0.632589
 0 0.632589
 0 0.632589
 0 0.632598
 0 0.632598
 0 0.632599
 0 0.632605
 0 0.632606
 0 0.632618
 0 0.632619
 0 0.632636
 0 0.632636
 0 0.632636
 0 0.632637
 0 0.632662
 0 0.632662
 0 0.632665
 0 0.632665
 0 0.632669
 0 0.63269
 0 0.63269
 0 0.632702
 0 0.632712
 0 0.632712
 0 0.632723
 0 0.632723
 0 0.632724
 0 0.63273
 0 0.632731
 0 0.632731
 0 0.632731
 0 0.632732
 0 0.632737
 0 0.632744
 0 0.632748
 0 0.632757
 0 0.632762
 0 0.632782
 0 0.632785
 0 0.632785
 0 0.632792
 0 0.632792
 0 0.632792
 0 0.6328
 0 0.6328
 0 0.632803
 0 0.632803
 0 0.632804
 0 0.63282
 0 0.63282
 0 0.63282
 0 0.63282
 0 0.632845
 0 0.632845
 0 0.632849
 0 0.632855
 0 0.632855
 0 0.632876
 0 0.632912
 0 0.632914
 0 0.63293
 0 0.632931
 0 0.632934
 0 0.632934
 0 0.632934
 0 0.632934
 0 0.63294
 0 0.632975
 0 0.632976
 0 0.632982
 0 0.632983
 0 0.632983
 0 0.633019
 0 0.633019
 0 0.633033
 0 0.633033
 0 0.633034
 0 0.633039
 0 0.633041
 0 0.633043
 0 0.633049
 0 0.633049
 0 0.633051
 0 0.633063
 0 0.633065
 0 0.633085
 0 0.633085
 0 0.633085
 0 0.633102
 0 0.633108
 0 0.633108
 0 0.633108
 0 0.633124
 0 0.633124
 0 0.633127
 0 0.633127
 0 0.633127
 0 0.63313
 0 0.63313
 0 0.633133
 0 0.633133
 0 0.633172
 0 0.633173
 0 0.633205
 0 0.633205
 0 0.633205
 0 0.633221
 0 0.633222
 0 0.633262
 0 0.633262
 0 0.633268
 0 0.633274
 0 0.633278
 0 0.633279
 0 0.63328
 0 0.63328
 0 0.63328
 0 0.63328
 0 0.633281
 0 0.633284
 0 0.633338
 0 0.633393
 0 0.633393
 0 0.633393
 0 0.633406
 0 0.633432
 0 0.633433
 0 0.633433
 0 0.633433
 0 0.633433
 0 0.633457
 0 0.633457
 0 0.633457
 0 0.633477
 0 0.633477
 0 0.633477
 0 0.633494
 0 0.633503
 0 0.633503
 0 0.633503
 0 0.633506
 0 0.633506
 0 0.633512
 0 0.633521
 0 0.633547
 0 0.633547
 0 0.633553
 0 0.633565
 0 0.633566
 0 0.633579
 0 0.633579
 0 0.633583
 0 0.633584
 0 0.633603
 0 0.633603
 0 0.633603
 0 0.633604
 0 0.633604
 0 0.63362
 0 0.63362
 0 0.63362
 0 0.633631
 0 0.633632
 0 0.633642
 0 0.633645
 0 0.633645
 0 0.63366
 0 0.63366
 0 0.63366
 0 0.63366
 0 0.633661
 0 0.633671
 0 0.633672
 0 0.633674
 0 0.633674
 0 0.633679
 0 0.633682
 0 0.633684
 0 0.633684
 0 0.633684
 0 0.633692
 0 0.633692
 0 0.633693
 0 0.633693
 0 0.633703
 0 0.633705
 0 0.633726
 0 0.633727
 0 0.633727
 0 0.633736
 0 0.633736
 0 0.633736
 0 0.633738
 0 0.633746
 0 0.633746
 0 0.633752
 0 0.633794
 0 0.633796
 0 0.633851
 0 0.633851
 0 0.633855
 0 0.633855
 0 0.633856
 0 0.633856
 0 0.633866
 0 0.633867
 0 0.633869
 0 0.633869
 0 0.633873
 0 0.633907
 0 0.633913
 0 0.633913
 0 0.633914
 0 0.633923
 0 0.633923
 0 0.633923
 0 0.633924
 0 0.633924
 0 0.633963
 0 0.63398
 0 0.633981
 0 0.633981
 0 0.633982
 0 0.633982
 0 0.633985
 0 0.633985
 0 0.633985
 0 0.633986
 0 0.633986
 0 0.633987
 0 0.633987
 0 0.634008
 0 0.634011
 0 0.634011
 0 0.63402
 0 0.634028
 0 0.634029
 0 0.634029
 0 0.634029
 0 0.634034
 0 0.634046
 0 0.634055
 0 0.634055
 0 0.634057
 0 0.634098
 0 0.634098
 0 0.634098
 0 0.634099
 0 0.634099
 0 0.634099
 0 0.634099
 0 0.6341
 0 0.6341
 0 0.6341
 0 0.6341
 0 0.634118
 0 0.634119
 0 0.634119
 0 0.63412
 0 0.634128
 0 0.634133
 0 0.634134
 0 0.634134
 0 0.634134
 0 0.634136
 0 0.634138
 0 0.634142
 0 0.634143
 0 0.63415
 0 0.63415
 0 0.634152
 0 0.634152
 0 0.634165
 0 0.634171
 0 0.634171
 0 0.634172
 0 0.634189
 0 0.634213
 0 0.634213
 0 0.634214
 0 0.634252
 0 0.634252
 0 0.634256
 0 0.634256
 0 0.634256
 0 0.634267
 0 0.634271
 0 0.634284
 0 0.63429
 0 0.63429
 0 0.634301
 0 0.634304
 0 0.634304
 0 0.634307
 0 0.634307
 0 0.634307
 0 0.634312
 0 0.63432
 0 0.634321
 0 0.634324
 0 0.634337
 0 0.634339
 0 0.634339
 0 0.634343
 0 0.634358
 0 0.634388
 0 0.634389
 0 0.634418
 0 0.634424
 0 0.634432
 0 0.634432
 0 0.634434
 0 0.634478
 0 0.634493
 0 0.634505
 0 0.634506
 0 0.634512
 0 0.634512
 0 0.634512
 0 0.634587
 0 0.63459
 0 0.63459
 0 0.634593
 0 0.634597
 0 0.634597
 0 0.634597
 0 0.634609
 0 0.634609
 0 0.63461
 0 0.63461
 0 0.634616
 0 0.634634
 0 0.634635
 0 0.634635
 0 0.634636
 0 0.634641
 0 0.634641
 0 0.634645
 0 0.634659
 0 0.63466
 0 0.63466
 0 0.634666
 0 0.634667
 0 0.634698
 0 0.634701
 0 0.634701
 0 0.634701
 0 0.634702
 0 0.634702
 0 0.634711
 0 0.634726
 0 0.634727
 0 0.634729
 0 0.634729
 0 0.634733
 0 0.634733
 0 0.634733
 0 0.634733
 0 0.634733
 0 0.63474
 0 0.63474
 0 0.634743
 0 0.634744
 0 0.634758
 0 0.634774
 0 0.634799
 0 0.634799
 0 0.63483
 0 0.634864
 0 0.634864
 0 0.634865
 0 0.634876
 0 0.634878
 0 0.634893
 0 0.634927
 0 0.634928
 0 0.634928
 0 0.634932
 0 0.634932
 0 0.634933
 0 0.634937
 0 0.634937
 0 0.634937
 0 0.634956
 0 0.634956
 0 0.634988
 0 0.635001
 0 0.635001
 0 0.635001
 0 0.635002
 0 0.635012
 0 0.635012
 0 0.635034
 0 0.635034
 0 0.635054
 0 0.635054
 0 0.635064
 0 0.635065
 0 0.635107
 0 0.635115
 0 0.635122
 0 0.635122
 0 0.635137
 0 0.635139
 0 0.635139
 0 0.63514
 0 0.635151
 0 0.635151
 0 0.635152
 0 0.635174
 0 0.635174
 0 0.635174
 0 0.635178
 0 0.635178
 0 0.635178
 0 0.635204
 0 0.635206
 0 0.635206
 0 0.635206
 0 0.635209
 0 0.635209
 0 0.635253
 0 0.635254
 0 0.635254
 0 0.63528
 0 0.635283
 0 0.635284
 0 0.635284
 0 0.635284
 0 0.635284
 0 0.635304
 0 0.635341
 0 0.635342
 0 0.635342
 0 0.635363
 0 0.635392
 0 0.635411
 0 0.635445
 0 0.635445
 0 0.635445
 0 0.635449
 0 0.635462
 0 0.635462
 0 0.635466
 0 0.635466
 0 0.635469
 0 0.635484
 0 0.635485
 0 0.635486
 0 0.635486
 0 0.635504
 0 0.635505
 0 0.635515
 0 0.635515
 0 0.635517
 0 0.635517
 0 0.635517
 0 0.635523
 0 0.635523
 0 0.635529
 0 0.635529
 0 0.635531
 0 0.635531
 0 0.635533
 0 0.635539
 0 0.635539
 0 0.635539
 0 0.635539
 0 0.63554
 0 0.635561
 0 0.635575
 0 0.635575
 0 0.635587
 0 0.635589
 0 0.635618
 0 0.63566
 0 0.635661
 0 0.635705
 0 0.635706
 0 0.635743
 0 0.635745
 0 0.635872
 0 0.635888
 0 0.635888
 0 0.635919
 0 0.635921
 0 0.635923
 0 0.63593
 0 0.635971
 0 0.635971
 0 0.635971
 0 0.635983
 0 0.635983
 0 0.636016
 0 0.636016
 0 0.63603
 0 0.636089
 0 0.63609
 0 0.63609
 0 0.63609
 0 0.63609
 0 0.63609
 0 0.636092
 0 0.636092
 0 0.636154
 0 0.636154
 0 0.636155
 0 0.636181
 0 0.636182
 0 0.636186
 0 0.636186
 0 0.636188
 0 0.636189
 0 0.636189
 0 0.636191
 0 0.636193
 0 0.636257
 0 0.636258
 0 0.636258
 0 0.636258
 0 0.636266
 0 0.636266
 0 0.636266
 0 0.636266
 0 0.636266
 0 0.636281
 0 0.636282
 0 0.636286
 0 0.636306
 0 0.636306
 0 0.636315
 0 0.636334
 0 0.636362
 0 0.636362
 0 0.636377
 0 0.636377
 0 0.636378
 0 0.636378
 0 0.636379
 0 0.636405
 0 0.636451
 0 0.636466
 0 0.636472
 0 0.636472
 0 0.63656
 0 0.636626
 0 0.636626
 0 0.636626
 0 0.63668
 0 0.636681
 0 0.636681
 0 0.636682
 0 0.636683
 0 0.636684
 0 0.636686
 0 0.636687
 0 0.636696
 0 0.63678
 0 0.63678
 0 0.636799
 0 0.636827
 0 0.636889
 0 0.636969
 0 0.637003
 0 0.637004
 0 0.637005
 0 0.637045
 0 0.637047
 0 0.637047
 0 0.637053
 0 0.637053
 0 0.637054
 0 0.637054
 0 0.637054
 0 0.637069
 0 0.637082
 0 0.637082
 0 0.637138
 0 0.637165
 0 0.637165
 0 0.637176
 0 0.637178
 0 0.637189
 0 0.63719
 0 0.63719
 0 0.637231
 0 0.637232
 0 0.637232
 0 0.637236
 0 0.637236
 0 0.637249
 0 0.637249
 0 0.637303
 0 0.637303
 0 0.637303
 0 0.637303
 0 0.637323
 0 0.637323
 0 0.637324
 0 0.637361
 0 0.637361
 0 0.637362
 0 0.637428
 0 0.63743
 0 0.63743
 0 0.637432
 0 0.637438
 0 0.637439
 0 0.637448
 0 0.637463
 0 0.637499
 0 0.637597
 0 0.637606
 0 0.637607
 0 0.637609
 0 0.637617
 0 0.637617
 0 0.637671
 0 0.637672
 0 0.637697
 0 0.637697
 0 0.637698
 0 0.637723
 0 0.637723
 0 0.637843
 0 0.637877
 0 0.637879
 0 0.637929
 0 0.637962
 0 0.63798
 0 0.63798
 0 0.63798
 0 0.637985
 0 0.637985
 0 0.637985
 0 0.638039
 0 0.638114
 0 0.638129
 0 0.63813
 0 0.638131
 0 0.638198
 0 0.638198
 0 0.6382
 0 0.6382
 0 0.638246
 0 0.638246
 0 0.638535
 0 0.638558
 0 0.638558
 0 0.638639
 0 0.638696
 0 0.638696
 0 0.638759
 0 0.63876
 0 0.63876
 0 0.63876
 0 0.63876
 0 0.638824
 0 0.638825
 0 0.638997
 0 0.639109
 0 0.63911
 0 0.63911
 0 0.639111
 0 0.639111
 0 0.639115
 0 0.639115
 0 0.639117
 0 0.639159
 0 0.639159
 0 0.63916
 0 0.63916
 0 0.63916
 0 0.639179
 0 0.639179
 0 0.639179
 0 0.639373
 0 0.639373
 0 0.639373
 0 0.639414
 0 0.639458
 0 0.639475
 0 0.639476
 0 0.639613
 0 0.639613
 0 0.639614
 0 0.639614
 0 0.639614
 0 0.639614
 0 0.639728
 0 0.639729
 0 0.639745
 0 0.639996
 0 0.639996
 0 0.640151
 0 0.640152
 0 0.640152
 0 0.640153
 0 0.640153
 0 0.640257
 0 0.640258
 0 0.640285
 0 0.640389
 0 0.640429
 0 0.64043
 0 0.64046
 0 0.640539
 0 0.640703
 0 0.640703
 0 0.640875
 0 0.640875
 0 0.640875
 0 0.640877
 0 0.64094
 0 0.64094
 0 0.640957
 0 0.640958
 0 0.641139
 0 0.641194
 0 0.641194
 0 0.641195
 0 0.64135
 0 0.641466
 0 0.641611
 0 0.641631
 0 0.641632
 0 0.641638
 0 0.641638
 0 0.641894
 0 0.641895
 0 0.641964
 0 0.641964
 0 0.642077
 0 0.642079
 0 0.642079
 0 0.642257
 0 0.642257
 0 0.642315
 0 0.642315
 0 0.642315
 0 0.642319
 0 0.642319
 0 0.64232
 0 0.64232
 0 0.642468
 0 0.642817
 0 0.642817
 0 0.643047
 0 0.643048
 0 0.643048
 0 0.643049
 0 0.643121
 0 0.64314
 0 0.643142
 0 0.644734
 0 0.644734
 0 0.644734
 0 0.644735
 0 0.644735
 0 0.645458
 0 0.645783
 0 0.645783
 0 0.645837
 0 0.645839
 0 0.645839
 0 0.646541
 0 0.647652
 0 0.647653
 0 0.647661
 0 0.648122
 0 0.648122
 0 0.648963
 0 0.648963
 0 0.648964
 0 0.648964
 0 0.64901
 0 0.649089
 0 0.649089
 0 0.65716
 0 0.65716
 0 0.657216
 0 0.657682
 0 0.657683
 0 0.658396
 0 inf
