 0 0.494326
 0 0.494981
 0 0.494981
 0 0.495204
 0 0.495204
 0 0.495497
 0 0.495497
 0 0.495627
 0 0.496381
 0 0.496406
 0 0.496407
 0 0.496407
 0 0.612683
 0 0.612684
 0 0.612902
 0 0.612902
 0 0.612902
 0 0.613427
 0 0.61398
 0 0.613981
 0 0.614762
 0 0.614763
 0 0.614764
 0 0.615376
 0 0.617444
 0 0.617444
 0 0.617444
 0 0.617748
 0 0.617786
 0 0.618225
 0 0.618225
 0 0.618503
 0 0.618503
 0 0.618503
 0 0.618503
 0 0.618564
 0 0.621502
 0 0.621896
 0 0.622284
 0 0.622285
 0 0.622285
 0 0.622307
 0 0.62247
 0 0.62247
 0 0.622635
 0 0.6227
 0 0.6227
 0 0.622753
 0 0.622836
 0 0.623074
 0 0.623074
 0 0.623074
 0 0.623083
 0 0.623257
 0 0.623792
 0 0.623792
 0 0.623976
 0 0.623976
 0 0.623998
 0 0.624051
 0 0.624052
 0 0.624052
 0 0.624061
 0 0.624061
 0 0.624062
 0 0.624066
 0 0.624067
 0 0.624336
 0 0.624336
 0 0.624385
 0 0.624385
 0 0.624404
 0 0.624406
 0 0.624427
 0 0.624427
 0 0.624427
 0 0.624533
 0 0.624534
 0 0.624726
 0 0.624726
 0 0.624796
 0 0.624796
 0 0.624893
 0 0.624921
 0 0.624921
 0 0.624921
 0 0.625033
 0 0.625033
 0 0.625075
 0 0.625089
 0 0.625111
 0 0.625111
 0 0.625111
 0 0.625112
 0 0.625196
 0 0.625196
 0 0.625211
 0 0.625211
 0 0.625339
 0 0.625339
 0 0.625423
 0 0.625423
 0 0.625465
 0 0.625477
 0 0.625538
 0 0.625538
 0 0.625538
 0 0.625538
 0 0.625539
 0 0.62554
 0 0.62554
 0 0.62554
 0 0.62554
 0 0.625614
 0 0.625636
 0 0.625636
 0 0.625649
 0 0.62565
 0 0.625652
 0 0.62568
 0 0.62577
 0 0.625771
 0 0.62579
 0 0.625827
 0 0.625867
 0 0.625898
 0 0.625956
 0 0.625956
 0 0.625956
 0 0.625965
 0 0.625965
 0 0.625965
 0 0.625965
 0 0.625965
 0 0.626018
 0 0.626075
 0 0.626094
 0 0.626094
 0 0.626094
 0 0.626095
 0 0.626095
 0 0.62612
 0 0.626141
 0 0.626142
 0 0.626163
 0 0.626164
 0 0.626182
 0 0.626183
 0 0.626183
 0 0.626183
 0 0.626428
 0 0.626429
 0 0.626522
 0 0.626522
 0 0.626568
 0 0.626608
 0 0.626608
 0 0.626608
 0 0.626649
 0 0.626649
 0 0.626649
 0 0.6267
 0 0.626759
 0 0.626777
 0 0.626825
 0 0.626847
 0 0.626848
 0 0.626849
 0 0.626875
 0 0.626906
 0 0.627046
 0 0.627093
 0 0.627094
 0 0.627105
 0 0.627115
 0 0.627115
 0 0.62719
 0 0.627227
 0 0.627276
 0 0.627276
 0 0.627312
 0 0.627345
 0 0.62735
 0 0.62735
 0 0.62735
 0 0.627352
 0 0.627352
 0 0.62737
 0 0.627443
 0 0.627459
 0 0.627478
 0 0.627478
 0 0.627479
 0 0.627479
 0 0.627547
 0 0.627547
 0 0.627571
 0 0.627576
 0 0.627576
 0 0.627576
 0 0.627605
 0 0.627635
 0 0.627775
 0 0.6278
 0 0.627819
 0 0.627828
 0 0.627829
 0 0.627829
 0 0.627905
 0 0.627906
 0 0.627906
 0 0.627914
 0 0.627919
 0 0.62792
 0 0.627934
 0 0.627934
 0 0.627947
 0 0.627947
 0 0.627977
 0 0.627979
 0 0.62798
 0 0.627987
 0 0.627988
 0 0.627988
 0 0.627988
 0 0.627996
 0 0.62801
 0 0.62801
 0 0.628051
 0 0.628052
 0 0.628055
 0 0.628066
 0 0.628066
 0 0.628075
 0 0.628095
 0 0.628095
 0 0.628095
 0 0.628096
 0 0.628096
 0 0.628116
 0 0.628133
 0 0.628134
 0 0.628174
 0 0.62824
 0 0.62824
 0 0.628258
 0 0.628295
 0 0.628295
 0 0.628295
 0 0.628295
 0 0.628296
 0 0.628302
 0 0.628302
 0 0.628309
 0 0.628309
 0 0.628343
 0 0.628343
 0 0.628352
 0 0.628353
 0 0.628353
 0 0.628368
 0 0.628392
 0 0.628411
 0 0.628411
 0 0.628412
 0 0.628412
 0 0.628416
 0 0.628416
 0 0.628431
 0 0.628432
 0 0.62844
 0 0.628448
 0 0.628449
 0 0.628485
 0 0.628486
 0 0.628488
 0 0.628498
 0 0.628507
 0 0.628507
 0 0.628507
 0 0.628538
 0 0.628539
 0 0.628577
 0 0.628577
 0 0.62858
 0 0.628592
 0 0.628592
 0 0.628593
 0 0.628614
 0 0.628615
 0 0.628616
 0 0.628628
 0 0.628628
 0 0.628628
 0 0.62863
 0 0.628638
 0 0.628645
 0 0.628645
 0 0.628678
 0 0.628678
 0 0.628679
 0 0.628679
 0 0.628715
 0 0.628715
 0 0.62875
 0 0.628751
 0 0.628786
 0 0.628787
 0 0.6288
 0 0.628801
 0 0.628832
 0 0.628832
 0 0.628952
 0 0.628952
 0 0.628952
 0 0.628953
 0 0.628953
 0 0.628958
 0 0.628958
 0 0.628985
 0 0.628985
 0 0.628987
 0 0.628997
 0 0.628997
 0 0.628997
 0 0.628997
 0 0.629
 0 0.629004
 0 0.629004
 0 0.629004
 0 0.629004
 0 0.629065
 0 0.629066
 0 0.629066
 0 0.629114
 0 0.629114
 0 0.629124
 0 0.629125
 0 0.629137
 0 0.629163
 0 0.629166
 0 0.629169
 0 0.629174
 0 0.629177
 0 0.629177
 0 0.629187
 0 0.629188
 0 0.629211
 0 0.629236
 0 0.629238
 0 0.629249
 0 0.629263
 0 0.629263
 0 0.629264
 0 0.629264
 0 0.629264
 0 0.629287
 0 0.629288
 0 0.62929
 0 0.6293
 0 0.629353
 0 0.629354
 0 0.629372
 0 0.629376
 0 0.629376
 0 0.629376
 0 0.629376
 0 0.629376
 0 0.629376
 0 0.629404
 0 0.629404
 0 0.629414
 0 0.629416
 0 0.629416
 0 0.629419
 0 0.629419
 0 0.62942
 0 0.62942
 0 0.62942
 0 0.629433
 0 0.629433
 0 0.629471
 0 0.629483
 0 0.629533
 0 0.629533
 0 0.629534
 0 0.629546
 0 0.629547
 0 0.629611
 0 0.62962
 0 0.62962
 0 0.629671
 0 0.629672
 0 0.629711
 0 0.629712
 0 0.629719
 0 0.629719
 0 0.629738
 0 0.629753
 0 0.629754
 0 0.629756
 0 0.629757
 0 0.629758
 0 0.629758
 0 0.629759
 0 0.629776
 0 0.629859
 0 0.62986
 0 0.62994
 0 0.62994
 0 0.629941
 0 0.629985
 0 0.629986
 0 0.629986
 0 0.63
 0 0.63
 0 0.63
 0 0.63
 0 0.630001
 0 0.630018
 0 0.630034
 0 0.630036
 0 0.630036
 0 0.630036
 0 0.630036
 0 0.630057
 0 0.630057
 0 0.630059
 0 0.630087
 0 0.630087
 0 0.630087
 0 0.630087
 0 0.630091
 0 0.630091
 0 0.630092
 0 0.630092
 0 0.630115
 0 0.630116
 0 0.630116
 0 0.630122
 0 0.630122
 0 0.63013
 0 0.630144
 0 0.630144
 0 0.630154
 0 0.630155
 0 0.630244
 0 0.630259
 0 0.63026
 0 0.630261
 0 0.630289
 0 0.63029
 0 0.63029
 0 0.630299
 0 0.630299
 0 0.630337
 0 0.630355
 0 0.630355
 0 0.630356
 0 0.630383
 0 0.630404
 0 0.630404
 0 0.630429
 0 0.63043
 0 0.630439
 0 0.63044
 0 0.63044
 0 0.630464
 0 0.630464
 0 0.630464
 0 0.63049
 0 0.630509
 0 0.630509
 0 0.630509
 0 0.63051
 0 0.630526
 0 0.630526
 0 0.630538
 0 0.630573
 0 0.630573
 0 0.630573
 0 0.630629
 0 0.630629
 0 0.63067
 0 0.63067
 0 0.630677
 0 0.630678
 0 0.630702
 0 0.630706
 0 0.630706
 0 0.630725
 0 0.630753
 0 0.630754
 0 0.630761
 0 0.630761
 0 0.630762
 0 0.630773
 0 0.630787
 0 0.630791
 0 0.6308
 0 0.630803
 0 0.630804
 0 0.630804
 0 0.630804
 0 0.630804
 0 0.630831
 0 0.630842
 0 0.630842
 0 0.630842
 0 0.630843
 0 0.630843
 0 0.630843
 0 0.630844
 0 0.630844
 0 0.630844
 0 0.630866
 0 0.630892
 0 0.630931
 0 0.630938
 0 0.630939
 0 0.63094
 0 0.630988
 0 0.630996
 0 0.630996
 0 0.630996
 0 0.630996
 0 0.631
 0 0.631003
 0 0.631016
 0 0.631016
 0 0.631038
 0 0.631038
 0 0.631038
 0 0.631041
 0 0.631048
 0 0.631051
 0 0.631051
 0 0.631051
 0 0.631052
 0 0.631054
 0 0.631057
 0 0.631058
 0 0.631058
 0 0.631079
 0 0.63108
 0 0.63108
 0 0.631098
 0 0.631099
 0 0.631159
 0 0.631203
 0 0.631228
 0 0.631233
 0 0.631233
 0 0.631234
 0 0.631234
 0 0.631235
 0 0.631235
 0 0.63124
 0 0.631251
 0 0.631278
 0 0.63128
 0 0.631281
 0 0.631281
 0 0.631281
 0 0.631282
 0 0.631284
 0 0.631308
 0 0.631308
 0 0.631308
 0 0.631312
 0 0.631314
 0 0.631318
 0 0.631318
 0 0.631323
 0 0.631324
 0 0.631334
 0 0.631334
 0 0.631337
 0 0.631337
 0 0.631343
 0 0.631349
 0 0.631363
 0 0.631363
 0 0.631368
 0 0.631377
 0 0.631383
 0 0.631387
 0 0.631399
 0 0.631401
 0 0.631401
 0 0.631401
 0 0.631401
 0 0.631425
 0 0.631425
 0 0.631425
 0 0.631436
 0 0.631455
 0 0.631458
 0 0.63146
 0 0.631478
 0 0.631478
 0 0.631478
 0 0.631479
 0 0.631497
 0 0.631497
 0 0.631526
 0 0.631527
 0 0.631529
 0 0.631546
 0 0.631578
 0 0.63158
 0 0.631581
 0 0.631581
 0 0.631601
 0 0.63164
 0 0.63164
 0 0.63164
 0 0.631645
 0 0.631646
 0 0.631646
 0 0.631649
 0 0.631653
 0 0.631656
 0 0.631681
 0 0.631682
 0 0.631697
 0 0.631697
 0 0.631697
 0 0.631698
 0 0.631698
 0 0.631708
 0 0.631709
 0 0.631716
 0 0.631716
 0 0.631716
 0 0.631734
 0 0.631735
 0 0.631741
 0 0.631751
 0 0.631757
 0 0.631758
 0 0.631776
 0 0.631776
 0 0.631778
 0 0.631792
 0 0.631825
 0 0.631863
 0 0.631863
 0 0.631864
 0 0.631865
 0 0.631865
 0 0.631878
 0 0.631878
 0 0.631895
 0 0.631897
 0 0.631899
 0 0.631899
 0 0.631899
 0 0.631899
 0 0.6319
 0 0.6319
 0 0.631919
 0 0.631921
 0 0.631925
 0 0.631926
 0 0.631938
 0 0.631956
 0 0.631964
 0 0.631965
 0 0.631965
 0 0.631965
 0 0.631978
 0 0.631985
 0 0.631985
 0 0.632054
 0 0.632055
 0 0.632065
 0 0.632066
 0 0.63209
 0 0.632096
 0 0.632097
 0 0.632148
 0 0.632148
 0 0.632161
 0 0.632161
 0 0.632162
 0 0.632166
 0 0.632178
 0 0.632179
 0 0.632179
 0 0.632193
 0 0.632194
 0 0.632195
 0 0.632203
 0 0.632203
 0 0.632203
 0 0.632223
 0 0.632228
 0 0.63223
 0 0.63223
 0 0.63223
 0 0.632239
 0 0.632239
 0 0.632239
 0 0.632253
 0 0.632253
 0 0.632257
 0 0.632267
 0 0.632267
 0 0.632267
 0 0.632267
 0 0.63227
 0 0.63227
 0 0.632293
 0 0.632295
 0 0.632299
 0 0.632314
 0 0.632314
 0 0.632362
 0 0.632379
 0 0.632398
 0 0.632398
 0 0.632399
 0 0.6324
 0 0.6324
 0 0.63244
 0 0.63244
 0 0.632441
 0 0.632458
 0 0.632471
 0 0.632472
 0 0.632476
 0 0.632519
 0 0.63252
 0 0.632532
 0 0.632532
 0 0.632536
 0 0.632539
 0 0.632539
 0 0.632559
 0 0.632559
 0 0.632586
 0 0.632587
 0 0.632587
 0 0.632587
 0 0.63261
 0 0.632614
 0 0.632622
 0 0.632622
 0 0.63263
 0 0.632631
 0 0.632631
 0 0.632631
 0 0.632631
 0 0.63264
 0 0.632641
 0 0.632641
 0 0.632641
 0 0.632641
 0 0.632646
 0 0.632653
 0 0.632653
 0 0.632653
 0 0.632653
 0 0.632655
 0 0.632655
 0 0.632656
 0 0.632656
 0 0.632659
 0 0.632659
 0 0.63266
 0 0.632693
 0 0.632693
 0 0.632693
 0 0.632694
 0 0.632694
 0 0.632699
 0 0.6327
 0 0.632718
 0 0.632718
 0 0.632724
 0 0.632724
 0 0.632732
 0 0.632775
 0 0.632775
 0 0.63278
 0 0.632784
 0 0.632785
 0 0.632785
 0 0.632785
 0 0.632785
 0 0.632785
 0 0.632785
 0 0.632786
 0 0.632792
 0 0.632792
 0 0.632801
 0 0.632815
 0 0.632822
 0 0.632823
 0 0.632827
 0 0.632827
 0 0.632828
 0 0.632844
 0 0.632855
 0 0.632855
 0 0.632855
 0 0.632858
 0 0.632862
 0 0.632862
 0 0.632868
 0 0.632901
 0 0.632917
 0 0.632917
 0 0.632917
 0 0.632918
 0 0.632919
 0 0.632919
 0 0.632919
 0 0.632919
 0 0.632919
 0 0.632933
 0 0.632943
 0 0.632943
 0 0.632943
 0 0.632944
 0 0.632944
 0 0.632949
 0 0.632949
 0 0.63295
 0 0.63295
 0 0.632953
 0 0.632954
 0 0.632959
 0 0.63296
 0 0.63296
 0 0.632969
 0 0.633011
 0 0.633011
 0 0.633014
 0 0.633014
 0 0.633025
 0 0.63304
 0 0.633064
 0 0.633067
 0 0.633067
 0 0.633068
 0 0.633072
 0 0.633073
 0 0.633073
 0 0.633073
 0 0.633077
 0 0.633083
 0 0.633101
 0 0.633101
 0 0.633101
 0 0.633107
 0 0.633108
 0 0.633108
 0 0.633108
 0 0.63313
 0 0.633137
 0 0.633141
 0 0.633142
 0 0.633142
 0 0.633142
 0 0.633142
 0 0.633143
 0 0.633146
 0 0.633146
 0 0.633147
 0 0.633152
 0 0.633159
 0 0.633175
 0 0.633199
 0 0.633199
 0 0.633199
 0 0.633227
 0 0.633246
 0 0.633247
 0 0.633247
 0 0.633268
 0 0.633269
 0 0.633313
 0 0.63334
 0 0.633341
 0 0.633366
 0 0.633368
 0 0.633416
 0 0.633417
 0 0.633417
 0 0.633432
 0 0.633446
 0 0.633446
 0 0.633447
 0 0.633452
 0 0.633452
 0 0.633468
 0 0.63347
 0 0.63347
 0 0.633496
 0 0.633497
 0 0.63351
 0 0.633511
 0 0.633511
 0 0.633512
 0 0.633516
 0 0.63352
 0 0.633521
 0 0.633569
 0 0.633594
 0 0.633622
 0 0.633637
 0 0.633637
 0 0.633637
 0 0.633639
 0 0.633639
 0 0.633676
 0 0.633677
 0 0.633678
 0 0.633679
 0 0.633679
 0 0.633679
 0 0.633687
 0 0.633687
 0 0.63369
 0 0.633691
 0 0.633694
 0 0.633695
 0 0.63374
 0 0.63374
 0 0.633757
 0 0.633757
 0 0.633758
 0 0.633758
 0 0.633762
 0 0.633767
 0 0.633767
 0 0.633768
 0 0.633768
 0 0.63379
 0 0.63379
 0 0.633821
 0 0.63383
 0 0.633844
 0 0.633844
 0 0.633865
 0 0.633865
 0 0.633883
 0 0.633883
 0 0.633896
 0 0.633897
 0 0.633916
 0 0.633925
 0 0.633925
 0 0.633925
 0 0.63395
 0 0.633951
 0 0.633961
 0 0.633962
 0 0.633963
 0 0.633963
 0 0.633964
 0 0.633965
 0 0.633968
 0 0.633968
 0 0.633968
 0 0.633968
 0 0.634017
 0 0.634028
 0 0.634057
 0 0.634059
 0 0.634071
 0 0.634074
 0 0.634096
 0 0.634102
 0 0.634103
 0 0.63413
 0 0.63413
 0 0.634134
 0 0.634196
 0 0.634196
 0 0.634199
 0 0.6342
 0 0.634203
 0 0.634203
 0 0.634206
 0 0.634207
 0 0.634214
 0 0.634235
 0 0.634235
 0 0.634235
 0 0.634237
 0 0.63424
 0 0.63424
 0 0.63424
 0 0.63424
 0 0.634241
 0 0.634243
 0 0.634256
 0 0.634256
 0 0.634256
 0 0.634256
 0 0.634257
 0 0.634323
 0 0.634323
 0 0.634323
 0 0.634328
 0 0.634433
 0 0.634465
 0 0.634466
 0 0.634476
 0 0.634477
 0 0.634477
 0 0.634484
 0 0.634511
 0 0.634511
 0 0.634545
 0 0.634545
 0 0.634568
 0 0.634568
 0 0.634568
 0 0.634575
 0 0.634575
 0 0.63459
 0 0.63459
 0 0.63459
 0 0.63459
 0 0.634591
 0 0.634591
 0 0.634596
 0 0.634607
 0 0.634607
 0 0.634649
 0 0.634649
 0 0.634649
 0 0.634656
 0 0.634657
 0 0.634657
 0 0.634669
 0 0.63467
 0 0.634693
 0 0.634704
 0 0.634704
 0 0.634729
 0 0.634732
 0 0.634732
 0 0.634732
 0 0.634732
 0 0.634739
 0 0.634746
 0 0.634746
 0 0.634747
 0 0.63478
 0 0.634782
 0 0.634782
 0 0.634795
 0 0.634797
 0 0.634825
 0 0.634854
 0 0.634854
 0 0.634875
 0 0.634886
 0 0.634912
 0 0.634912
 0 0.634924
 0 0.634943
 0 0.634949
 0 0.634949
 0 0.634953
 0 0.634966
 0 0.635021
 0 0.635024
 0 0.635051
 0 0.635051
 0 0.63506
 0 0.63506
 0 0.635071
 0 0.635079
 0 0.635079
 0 0.635079
 0 0.63509
 0 0.63509
 0 0.635121
 0 0.635129
 0 0.635135
 0 0.635144
 0 0.635144
 0 0.635146
 0 0.63515
 0 0.63515
 0 0.635158
 0 0.635173
 0 0.635184
 0 0.635184
 0 0.63519
 0 0.63519
 0 0.63519
 0 0.635196
 0 0.635202
 0 0.635202
 0 0.635205
 0 0.635205
 0 0.635206
 0 0.635206
 0 0.635206
 0 0.635213
 0 0.635213
 0 0.635214
 0 0.635214
 0 0.635226
 0 0.63523
 0 0.63523
 0 0.635236
 0 0.635237
 0 0.635262
 0 0.635265
 0 0.635265
 0 0.635266
 0 0.635268
 0 0.63528
 0 0.635344
 0 0.635344
 0 0.635402
 0 0.635402
 0 0.635403
 0 0.635403
 0 0.635428
 0 0.635428
 0 0.635436
 0 0.635436
 0 0.63544
 0 0.63544
 0 0.635441
 0 0.635441
 0 0.635456
 0 0.635461
 0 0.635461
 0 0.635462
 0 0.635476
 0 0.635476
 0 0.635532
 0 0.635532
 0 0.635544
 0 0.635547
 0 0.635554
 0 0.635554
 0 0.635555
 0 0.635561
 0 0.635561
 0 0.635561
 0 0.635593
 0 0.635593
 0 0.635625
 0 0.635625
 0 0.635625
 0 0.635625
 0 0.63563
 0 0.63563
 0 0.63563
 0 0.635643
 0 0.635643
 0 0.635672
 0 0.635673
 0 0.635706
 0 0.635706
 0 0.635721
 0 0.635722
 0 0.635725
 0 0.635739
 0 0.635741
 0 0.63576
 0 0.635761
 0 0.635763
 0 0.6358
 0 0.6358
 0 0.63582
 0 0.635826
 0 0.635837
 0 0.635837
 0 0.635847
 0 0.635857
 0 0.635882
 0 0.635882
 0 0.635884
 0 0.635885
 0 0.635885
 0 0.635885
 0 0.63591
 0 0.63591
 0 0.635929
 0 0.635933
 0 0.635944
 0 0.635944
 0 0.635954
 0 0.635954
 0 0.635955
 0 0.635985
 0 0.635986
 0 0.635996
 0 0.635996
 0 0.636001
 0 0.636001
 0 0.636002
 0 0.636023
 0 0.636023
 0 0.636026
 0 0.636026
 0 0.636026
 0 0.636026
 0 0.636031
 0 0.636059
 0 0.636064
 0 0.636065
 0 0.636066
 0 0.636115
 0 0.636115
 0 0.636144
 0 0.636145
 0 0.636156
 0 0.636157
 0 0.636171
 0 0.63619
 0 0.636191
 0 0.636192
 0 0.636192
 0 0.636197
 0 0.636197
 0 0.636254
 0 0.636254
 0 0.636254
 0 0.636254
 0 0.636271
 0 0.636271
 0 0.636272
 0 0.636272
 0 0.636312
 0 0.636368
 0 0.636379
 0 0.636379
 0 0.636394
 0 0.636395
 0 0.636451
 0 0.636469
 0 0.636469
 0 0.636469
 0 0.636469
 0 0.636469
 0 0.636495
 0 0.636495
 0 0.636495
 0 0.636495
 0 0.636499
 0 0.636561
 0 0.636561
 0 0.636586
 0 0.636586
 0 0.636586
 0 0.636596
 0 0.636596
 0 0.636614
 0 0.636615
 0 0.636615
 0 0.636626
 0 0.636635
 0 0.636636
 0 0.636636
 0 0.636637
 0 0.636637
 0 0.636639
 0 0.636643
 0 0.636643
 0 0.636645
 0 0.636664
 0 0.636667
 0 0.636668
 0 0.636679
 0 0.636681
 0 0.636682
 0 0.636689
 0 0.636698
 0 0.636701
 0 0.636714
 0 0.636716
 0 0.636724
 0 0.636771
 0 0.636771
 0 0.636805
 0 0.636843
 0 0.636843
 0 0.636843
 0 0.636883
 0 0.636906
 0 0.636956
 0 0.636975
 0 0.637078
 0 0.637081
 0 0.637087
 0 0.637087
 0 0.637087
 0 0.637096
 0 0.637109
 0 0.63711
 0 0.63711
 0 0.637154
 0 0.637154
 0 0.637154
 0 0.637154
 0 0.637173
 0 0.637173
 0 0.63719
 0 0.637211
 0 0.637211
 0 0.637245
 0 0.637245
 0 0.637277
 0 0.637283
 0 0.637284
 0 0.637284
 0 0.637292
 0 0.637293
 0 0.637307
 0 0.637313
 0 0.63737
 0 0.63737
 0 0.637378
 0 0.637378
 0 0.637408
 0 0.637408
 0 0.637434
 0 0.637434
 0 0.637443
 0 0.637444
 0 0.63746
 0 0.63746
 0 0.637464
 0 0.63748
 0 0.63748
 0 0.63749
 0 0.637493
 0 0.637524
 0 0.637529
 0 0.63753
 0 0.637531
 0 0.637537
 0 0.637602
 0 0.637682
 0 0.637687
 0 0.637692
 0 0.637693
 0 0.637725
 0 0.637725
 0 0.637725
 0 0.637726
 0 0.637754
 0 0.637831
 0 0.637848
 0 0.637916
 0 0.637917
 0 0.637936
 0 0.638026
 0 0.638047
 0 0.638091
 0 0.638135
 0 0.638135
 0 0.638135
 0 0.638136
 0 0.638168
 0 0.63817
 0 0.638173
 0 0.638173
 0 0.638173
 0 0.638202
 0 0.638203
 0 0.638205
 0 0.638231
 0 0.638231
 0 0.638231
 0 0.638231
 0 0.638231
 0 0.638262
 0 0.638262
 0 0.638262
 0 0.638305
 0 0.638307
 0 0.638311
 0 0.638331
 0 0.638331
 0 0.638362
 0 0.638362
 0 0.638362
 0 0.638404
 0 0.638405
 0 0.63844
 0 0.638539
 0 0.638572
 0 0.63861
 0 0.63861
 0 0.638699
 0 0.638699
 0 0.638699
 0 0.638701
 0 0.638703
 0 0.638744
 0 0.638744
 0 0.638745
 0 0.638745
 0 0.638745
 0 0.638793
 0 0.638815
 0 0.638816
 0 0.638817
 0 0.638847
 0 0.638847
 0 0.638847
 0 0.638847
 0 0.63899
 0 0.638991
 0 0.63914
 0 0.63914
 0 0.63914
 0 0.639223
 0 0.639382
 0 0.63945
 0 0.63945
 0 0.639609
 0 0.63961
 0 0.639656
 0 0.639679
 0 0.63968
 0 0.639723
 0 0.639724
 0 0.639724
 0 0.639769
 0 0.639829
 0 0.639829
 0 0.639844
 0 0.639844
 0 0.639905
 0 0.639942
 0 0.639942
 0 0.639942
 0 0.639992
 0 0.639992
 0 0.639992
 0 0.640371
 0 0.640371
 0 0.64062
 0 0.64062
 0 0.64062
 0 0.64062
 0 0.64062
 0 0.640622
 0 0.640622
 0 0.640623
 0 0.640623
 0 0.640623
 0 0.640635
 0 0.64066
 0 0.640807
 0 0.640835
 0 0.641059
 0 0.641059
 0 0.641059
 0 0.641072
 0 0.641072
 0 0.641073
 0 0.641156
 0 0.641157
 0 0.641157
 0 0.641171
 0 0.641173
 0 0.641185
 0 0.641269
 0 0.641269
 0 0.641394
 0 0.641518
 0 0.641519
 0 0.641519
 0 0.641664
 0 0.641786
 0 0.641852
 0 0.641856
 0 0.641856
 0 0.641856
 0 0.641856
 0 0.641892
 0 0.641892
 0 0.642004
 0 0.642267
 0 0.642423
 0 0.642451
 0 0.642453
 0 0.642524
 0 0.642524
 0 0.642758
 0 0.642758
 0 0.642758
 0 0.642797
 0 0.642987
 0 0.643233
 0 0.643359
 0 0.643408
 0 0.643408
 0 0.64374
 0 0.64374
 0 0.643857
 0 0.643858
 0 0.643858
 0 0.64386
 0 0.643883
 0 0.644042
 0 0.644042
 0 0.644052
 0 0.644213
 0 0.644213
 0 0.644306
 0 0.644351
 0 0.644466
 0 0.644466
 0 0.644466
 0 0.644467
 0 0.644467
 0 0.644704
 0 0.644704
 0 0.644774
 0 0.644792
 0 0.645081
 0 0.645127
 0 0.645725
 0 0.656016
 0 0.656016
 0 0.656338
 0 0.656338
 0 0.656338
 0 0.657272
 0 inf
