 0 0.490886
 0 0.490886
 0 0.491369
 0 0.49141
 0 0.491738
 0 0.492204
 0 0.492204
 0 0.492261
 0 0.492261
 0 0.492347
 0 0.492347
 0 0.492492
 0 0.615304
 0 0.615511
 0 0.615511
 0 0.615917
 0 0.615917
 0 0.615917
 0 0.617257
 0 0.617853
 0 0.618115
 0 0.618115
 0 0.618193
 0 0.618194
 0 0.62156
 0 0.621561
 0 0.621563
 0 0.621927
 0 0.622289
 0 0.622289
 0 0.622294
 0 0.622635
 0 0.622635
 0 0.622636
 0 0.622938
 0 0.622938
 0 0.62307
 0 0.62307
 0 0.623071
 0 0.62318
 0 0.623181
 0 0.623182
 0 0.623182
 0 0.623415
 0 0.62359
 0 0.623591
 0 0.623915
 0 0.624043
 0 0.624369
 0 0.624369
 0 0.624635
 0 0.624635
 0 0.62505
 0 0.625061
 0 0.625304
 0 0.625385
 0 0.625542
 0 0.625735
 0 0.625736
 0 0.625864
 0 0.625864
 0 0.625865
 0 0.62587
 0 0.625889
 0 0.62589
 0 0.625957
 0 0.625957
 0 0.625978
 0 0.625978
 0 0.625992
 0 0.626008
 0 0.626008
 0 0.626087
 0 0.626087
 0 0.626113
 0 0.626113
 0 0.626114
 0 0.626205
 0 0.626205
 0 0.62623
 0 0.62623
 0 0.626673
 0 0.626674
 0 0.626674
 0 0.62668
 0 0.626691
 0 0.626691
 0 0.626692
 0 0.626736
 0 0.626736
 0 0.626736
 0 0.62686
 0 0.626861
 0 0.626949
 0 0.626956
 0 0.626956
 0 0.626957
 0 0.62707
 0 0.62709
 0 0.627091
 0 0.627097
 0 0.627098
 0 0.627098
 0 0.627119
 0 0.627152
 0 0.627153
 0 0.627167
 0 0.627167
 0 0.627168
 0 0.627168
 0 0.62717
 0 0.627251
 0 0.627255
 0 0.627256
 0 0.627294
 0 0.627295
 0 0.627295
 0 0.627301
 0 0.627301
 0 0.627301
 0 0.627302
 0 0.627322
 0 0.627324
 0 0.627348
 0 0.627348
 0 0.627348
 0 0.62738
 0 0.62742
 0 0.62742
 0 0.62742
 0 0.627445
 0 0.627446
 0 0.627456
 0 0.627456
 0 0.627457
 0 0.627459
 0 0.627461
 0 0.627461
 0 0.627461
 0 0.627524
 0 0.627524
 0 0.627524
 0 0.62765
 0 0.627652
 0 0.62769
 0 0.627714
 0 0.627782
 0 0.627782
 0 0.627782
 0 0.627873
 0 0.627873
 0 0.627873
 0 0.627875
 0 0.627881
 0 0.627881
 0 0.627881
 0 0.627902
 0 0.627902
 0 0.627919
 0 0.627919
 0 0.62792
 0 0.627924
 0 0.627927
 0 0.627927
 0 0.627927
 0 0.627929
 0 0.627937
 0 0.627937
 0 0.628013
 0 0.628013
 0 0.628032
 0 0.628066
 0 0.628103
 0 0.628104
 0 0.628147
 0 0.628164
 0 0.628276
 0 0.628276
 0 0.628341
 0 0.628342
 0 0.628354
 0 0.628354
 0 0.628439
 0 0.628442
 0 0.628443
 0 0.628443
 0 0.628444
 0 0.62852
 0 0.62852
 0 0.628702
 0 0.628711
 0 0.628711
 0 0.628711
 0 0.628712
 0 0.62872
 0 0.628764
 0 0.628764
 0 0.628803
 0 0.628861
 0 0.628861
 0 0.628861
 0 0.628924
 0 0.628924
 0 0.628924
 0 0.628924
 0 0.628947
 0 0.628947
 0 0.628948
 0 0.628959
 0 0.628974
 0 0.628974
 0 0.629103
 0 0.629137
 0 0.629147
 0 0.629147
 0 0.629148
 0 0.629148
 0 0.629238
 0 0.629291
 0 0.629299
 0 0.629312
 0 0.629321
 0 0.629321
 0 0.629332
 0 0.629333
 0 0.62935
 0 0.629356
 0 0.629358
 0 0.6294
 0 0.629401
 0 0.629401
 0 0.629417
 0 0.629417
 0 0.629428
 0 0.629435
 0 0.629436
 0 0.629509
 0 0.629509
 0 0.629524
 0 0.629524
 0 0.629546
 0 0.629546
 0 0.629566
 0 0.629566
 0 0.629591
 0 0.629591
 0 0.62961
 0 0.62961
 0 0.62968
 0 0.629681
 0 0.629711
 0 0.629738
 0 0.629739
 0 0.629739
 0 0.629741
 0 0.629741
 0 0.629776
 0 0.629776
 0 0.62978
 0 0.62978
 0 0.629792
 0 0.629792
 0 0.629792
 0 0.629792
 0 0.629802
 0 0.629802
 0 0.629802
 0 0.629833
 0 0.629833
 0 0.629841
 0 0.629851
 0 0.629851
 0 0.629851
 0 0.629852
 0 0.629861
 0 0.629861
 0 0.629861
 0 0.629861
 0 0.629861
 0 0.629868
 0 0.629891
 0 0.629894
 0 0.629894
 0 0.629897
 0 0.629897
 0 0.629932
 0 0.629953
 0 0.629954
 0 0.629955
 0 0.629966
 0 0.629966
 0 0.629966
 0 0.629984
 0 0.629984
 0 0.629999
 0 0.629999
 0 0.630021
 0 0.630021
 0 0.630021
 0 0.630061
 0 0.63009
 0 0.63009
 0 0.63009
 0 0.63009
 0 0.630092
 0 0.630103
 0 0.630134
 0 0.630157
 0 0.630159
 0 0.630159
 0 0.63016
 0 0.63016
 0 0.63016
 0 0.630167
 0 0.630168
 0 0.630169
 0 0.630171
 0 0.630171
 0 0.630204
 0 0.630204
 0 0.630204
 0 0.630205
 0 0.630205
 0 0.630221
 0 0.630242
 0 0.630242
 0 0.630243
 0 0.630243
 0 0.630243
 0 0.630245
 0 0.630245
 0 0.630245
 0 0.630255
 0 0.630262
 0 0.630262
 0 0.630266
 0 0.630273
 0 0.630274
 0 0.630281
 0 0.630285
 0 0.630302
 0 0.630304
 0 0.630304
 0 0.630305
 0 0.630308
 0 0.630331
 0 0.630331
 0 0.630332
 0 0.630334
 0 0.630344
 0 0.630344
 0 0.630344
 0 0.630344
 0 0.630385
 0 0.630401
 0 0.630401
 0 0.630414
 0 0.630461
 0 0.630463
 0 0.630479
 0 0.63048
 0 0.63048
 0 0.63048
 0 0.630503
 0 0.630544
 0 0.630566
 0 0.630566
 0 0.630567
 0 0.630585
 0 0.630585
 0 0.630585
 0 0.630596
 0 0.630651
 0 0.630652
 0 0.630652
 0 0.630653
 0 0.630662
 0 0.630663
 0 0.630664
 0 0.630677
 0 0.630683
 0 0.63071
 0 0.63071
 0 0.630712
 0 0.630723
 0 0.630723
 0 0.630725
 0 0.630735
 0 0.630754
 0 0.630774
 0 0.630774
 0 0.630776
 0 0.630776
 0 0.630779
 0 0.630813
 0 0.630813
 0 0.630813
 0 0.630829
 0 0.630829
 0 0.630833
 0 0.630891
 0 0.630892
 0 0.630893
 0 0.630895
 0 0.630896
 0 0.630896
 0 0.630897
 0 0.630911
 0 0.630913
 0 0.630917
 0 0.630921
 0 0.630921
 0 0.630921
 0 0.630921
 0 0.63093
 0 0.630932
 0 0.630937
 0 0.630937
 0 0.630984
 0 0.630984
 0 0.630984
 0 0.630988
 0 0.630997
 0 0.630997
 0 0.631011
 0 0.631039
 0 0.631039
 0 0.631079
 0 0.631079
 0 0.631079
 0 0.63109
 0 0.63109
 0 0.631104
 0 0.631106
 0 0.631106
 0 0.631109
 0 0.63111
 0 0.631126
 0 0.631126
 0 0.631128
 0 0.631134
 0 0.631134
 0 0.631137
 0 0.63114
 0 0.631141
 0 0.631141
 0 0.631168
 0 0.631168
 0 0.631177
 0 0.631178
 0 0.631178
 0 0.631179
 0 0.631191
 0 0.631192
 0 0.631193
 0 0.631193
 0 0.631193
 0 0.631228
 0 0.631257
 0 0.631257
 0 0.631282
 0 0.631286
 0 0.631286
 0 0.631286
 0 0.631286
 0 0.631292
 0 0.631292
 0 0.631301
 0 0.631306
 0 0.631334
 0 0.631362
 0 0.631371
 0 0.631372
 0 0.631372
 0 0.631372
 0 0.631424
 0 0.63145
 0 0.63145
 0 0.631454
 0 0.631481
 0 0.631489
 0 0.631489
 0 0.631496
 0 0.631496
 0 0.631502
 0 0.631521
 0 0.631528
 0 0.631529
 0 0.631535
 0 0.631535
 0 0.631546
 0 0.631564
 0 0.631568
 0 0.631568
 0 0.631588
 0 0.631593
 0 0.631593
 0 0.6316
 0 0.631614
 0 0.631616
 0 0.631616
 0 0.631634
 0 0.631634
 0 0.631634
 0 0.631635
 0 0.631684
 0 0.631684
 0 0.631685
 0 0.631713
 0 0.631718
 0 0.631735
 0 0.63176
 0 0.631761
 0 0.631773
 0 0.631773
 0 0.631778
 0 0.63178
 0 0.631783
 0 0.631784
 0 0.631826
 0 0.631839
 0 0.631839
 0 0.631842
 0 0.631843
 0 0.631844
 0 0.631856
 0 0.631856
 0 0.631856
 0 0.631858
 0 0.631858
 0 0.631858
 0 0.631892
 0 0.631922
 0 0.631922
 0 0.631922
 0 0.631928
 0 0.631928
 0 0.631938
 0 0.631938
 0 0.631939
 0 0.631953
 0 0.631953
 0 0.631953
 0 0.631954
 0 0.631954
 0 0.631983
 0 0.631984
 0 0.631984
 0 0.632045
 0 0.632055
 0 0.632055
 0 0.632061
 0 0.632065
 0 0.632065
 0 0.632065
 0 0.632079
 0 0.63208
 0 0.63208
 0 0.632086
 0 0.632086
 0 0.632087
 0 0.63209
 0 0.632099
 0 0.632099
 0 0.632099
 0 0.632118
 0 0.632118
 0 0.632118
 0 0.632122
 0 0.632122
 0 0.63214
 0 0.632155
 0 0.632156
 0 0.632156
 0 0.632156
 0 0.632156
 0 0.632156
 0 0.63217
 0 0.632178
 0 0.632178
 0 0.632178
 0 0.632186
 0 0.632186
 0 0.632209
 0 0.63221
 0 0.632217
 0 0.632217
 0 0.632261
 0 0.632262
 0 0.632262
 0 0.632266
 0 0.632266
 0 0.632266
 0 0.632267
 0 0.632286
 0 0.632286
 0 0.632286
 0 0.632289
 0 0.632305
 0 0.632305
 0 0.632309
 0 0.632339
 0 0.632339
 0 0.632339
 0 0.63234
 0 0.63234
 0 0.632357
 0 0.632357
 0 0.632357
 0 0.632362
 0 0.632362
 0 0.632362
 0 0.632362
 0 0.632362
 0 0.632362
 0 0.632362
 0 0.63238
 0 0.63238
 0 0.632381
 0 0.632386
 0 0.632386
 0 0.632416
 0 0.632431
 0 0.632431
 0 0.632431
 0 0.632431
 0 0.632431
 0 0.632438
 0 0.632457
 0 0.63247
 0 0.632475
 0 0.632476
 0 0.632476
 0 0.632476
 0 0.632485
 0 0.632485
 0 0.632488
 0 0.632488
 0 0.632489
 0 0.632496
 0 0.632496
 0 0.632496
 0 0.632497
 0 0.632497
 0 0.632498
 0 0.632521
 0 0.632539
 0 0.632608
 0 0.632643
 0 0.632644
 0 0.632644
 0 0.632656
 0 0.632672
 0 0.632715
 0 0.632719
 0 0.632719
 0 0.63272
 0 0.632721
 0 0.632721
 0 0.632721
 0 0.632749
 0 0.632749
 0 0.632752
 0 0.632752
 0 0.632764
 0 0.632764
 0 0.632783
 0 0.632815
 0 0.632815
 0 0.632818
 0 0.632826
 0 0.632826
 0 0.632826
 0 0.632841
 0 0.632842
 0 0.632846
 0 0.632846
 0 0.632846
 0 0.632874
 0 0.632874
 0 0.632879
 0 0.632895
 0 0.632896
 0 0.632919
 0 0.632919
 0 0.632933
 0 0.632933
 0 0.632933
 0 0.632951
 0 0.632951
 0 0.632951
 0 0.632964
 0 0.632964
 0 0.632968
 0 0.632969
 0 0.632996
 0 0.632997
 0 0.633002
 0 0.633004
 0 0.633063
 0 0.633115
 0 0.63312
 0 0.633124
 0 0.633124
 0 0.633124
 0 0.633125
 0 0.633136
 0 0.633139
 0 0.63314
 0 0.633148
 0 0.633149
 0 0.633169
 0 0.63317
 0 0.633171
 0 0.633171
 0 0.633193
 0 0.633193
 0 0.633196
 0 0.633196
 0 0.633208
 0 0.633216
 0 0.63324
 0 0.633241
 0 0.633241
 0 0.633242
 0 0.63326
 0 0.633266
 0 0.633283
 0 0.633284
 0 0.633284
 0 0.633299
 0 0.633335
 0 0.633336
 0 0.633336
 0 0.633336
 0 0.633349
 0 0.633349
 0 0.633359
 0 0.633363
 0 0.63337
 0 0.63337
 0 0.63337
 0 0.633414
 0 0.633415
 0 0.633415
 0 0.633415
 0 0.633415
 0 0.633415
 0 0.633429
 0 0.633438
 0 0.633439
 0 0.633452
 0 0.633481
 0 0.633494
 0 0.6335
 0 0.6335
 0 0.6335
 0 0.633501
 0 0.633501
 0 0.633501
 0 0.633534
 0 0.633534
 0 0.633534
 0 0.633534
 0 0.633542
 0 0.633543
 0 0.633546
 0 0.633546
 0 0.633549
 0 0.633551
 0 0.633551
 0 0.633604
 0 0.633604
 0 0.633617
 0 0.633633
 0 0.633633
 0 0.633633
 0 0.633639
 0 0.633667
 0 0.633675
 0 0.633675
 0 0.633679
 0 0.633679
 0 0.633689
 0 0.633689
 0 0.63369
 0 0.633717
 0 0.633717
 0 0.633718
 0 0.633719
 0 0.63372
 0 0.63372
 0 0.633721
 0 0.633724
 0 0.633724
 0 0.633735
 0 0.633743
 0 0.633743
 0 0.633743
 0 0.633765
 0 0.633766
 0 0.633836
 0 0.633837
 0 0.633838
 0 0.633866
 0 0.633866
 0 0.633873
 0 0.633874
 0 0.633911
 0 0.633913
 0 0.633914
 0 0.633914
 0 0.633914
 0 0.633915
 0 0.633915
 0 0.633915
 0 0.63392
 0 0.63392
 0 0.63392
 0 0.633938
 0 0.633945
 0 0.633945
 0 0.633945
 0 0.633975
 0 0.633976
 0 0.633976
 0 0.633976
 0 0.633992
 0 0.634001
 0 0.634001
 0 0.634012
 0 0.634013
 0 0.634019
 0 0.634024
 0 0.634024
 0 0.634024
 0 0.634034
 0 0.634035
 0 0.634035
 0 0.634036
 0 0.634036
 0 0.634043
 0 0.634062
 0 0.634062
 0 0.634063
 0 0.634071
 0 0.634071
 0 0.634071
 0 0.634093
 0 0.634116
 0 0.634116
 0 0.634146
 0 0.634152
 0 0.634162
 0 0.634162
 0 0.634162
 0 0.634178
 0 0.634178
 0 0.634202
 0 0.634202
 0 0.634204
 0 0.634204
 0 0.634227
 0 0.634228
 0 0.634228
 0 0.634228
 0 0.634228
 0 0.634255
 0 0.634256
 0 0.634268
 0 0.634271
 0 0.634271
 0 0.634281
 0 0.634365
 0 0.634365
 0 0.634366
 0 0.634366
 0 0.634379
 0 0.634379
 0 0.634379
 0 0.634399
 0 0.634399
 0 0.634401
 0 0.634402
 0 0.634403
 0 0.634403
 0 0.634404
 0 0.634416
 0 0.634416
 0 0.634454
 0 0.634456
 0 0.634456
 0 0.634461
 0 0.634467
 0 0.63449
 0 0.63449
 0 0.634491
 0 0.634491
 0 0.634492
 0 0.634496
 0 0.634496
 0 0.634496
 0 0.634512
 0 0.634517
 0 0.634517
 0 0.634566
 0 0.634566
 0 0.634566
 0 0.634569
 0 0.634585
 0 0.634587
 0 0.634602
 0 0.634602
 0 0.634604
 0 0.634619
 0 0.634635
 0 0.634654
 0 0.634654
 0 0.634703
 0 0.634716
 0 0.634716
 0 0.634719
 0 0.634719
 0 0.634719
 0 0.634719
 0 0.634719
 0 0.634719
 0 0.634719
 0 0.63472
 0 0.63472
 0 0.63472
 0 0.634721
 0 0.634752
 0 0.634752
 0 0.634752
 0 0.63477
 0 0.634786
 0 0.634797
 0 0.634798
 0 0.634802
 0 0.634802
 0 0.634802
 0 0.634836
 0 0.634871
 0 0.634872
 0 0.634874
 0 0.634876
 0 0.634881
 0 0.634882
 0 0.634902
 0 0.634902
 0 0.634902
 0 0.634905
 0 0.634905
 0 0.634911
 0 0.634913
 0 0.634913
 0 0.634913
 0 0.634914
 0 0.634918
 0 0.634918
 0 0.634947
 0 0.634947
 0 0.634948
 0 0.634948
 0 0.63495
 0 0.63495
 0 0.634959
 0 0.63496
 0 0.634961
 0 0.634962
 0 0.634964
 0 0.634964
 0 0.634986
 0 0.634987
 0 0.634989
 0 0.634992
 0 0.635066
 0 0.635066
 0 0.635067
 0 0.635067
 0 0.635067
 0 0.635071
 0 0.635072
 0 0.635072
 0 0.635075
 0 0.635086
 0 0.635086
 0 0.635091
 0 0.635091
 0 0.635101
 0 0.635101
 0 0.635116
 0 0.635158
 0 0.635158
 0 0.63516
 0 0.635161
 0 0.635161
 0 0.635179
 0 0.635186
 0 0.635186
 0 0.635187
 0 0.635189
 0 0.635201
 0 0.635247
 0 0.635249
 0 0.635251
 0 0.635251
 0 0.635252
 0 0.635252
 0 0.635298
 0 0.635316
 0 0.635333
 0 0.635334
 0 0.635334
 0 0.635334
 0 0.635334
 0 0.635334
 0 0.635356
 0 0.635356
 0 0.635368
 0 0.635368
 0 0.635368
 0 0.635368
 0 0.635393
 0 0.635414
 0 0.635415
 0 0.635416
 0 0.635416
 0 0.635444
 0 0.635445
 0 0.635457
 0 0.635457
 0 0.635457
 0 0.635457
 0 0.63548
 0 0.63548
 0 0.635482
 0 0.635511
 0 0.635517
 0 0.635518
 0 0.635538
 0 0.635538
 0 0.635538
 0 0.635554
 0 0.635554
 0 0.635554
 0 0.635554
 0 0.635554
 0 0.635555
 0 0.635555
 0 0.635555
 0 0.635555
 0 0.635566
 0 0.635567
 0 0.635568
 0 0.635568
 0 0.635568
 0 0.635573
 0 0.635611
 0 0.63562
 0 0.63562
 0 0.635629
 0 0.635633
 0 0.635636
 0 0.635649
 0 0.635649
 0 0.635656
 0 0.635656
 0 0.635656
 0 0.635657
 0 0.635658
 0 0.635658
 0 0.635658
 0 0.635661
 0 0.635677
 0 0.63568
 0 0.635682
 0 0.635696
 0 0.635696
 0 0.635718
 0 0.635728
 0 0.635728
 0 0.635728
 0 0.635728
 0 0.635731
 0 0.635731
 0 0.635731
 0 0.635737
 0 0.635738
 0 0.635738
 0 0.63575
 0 0.63575
 0 0.63575
 0 0.635755
 0 0.635755
 0 0.635755
 0 0.635776
 0 0.635776
 0 0.635784
 0 0.635784
 0 0.635794
 0 0.635794
 0 0.635809
 0 0.635839
 0 0.635868
 0 0.635875
 0 0.635876
 0 0.635877
 0 0.635877
 0 0.635897
 0 0.635898
 0 0.635908
 0 0.63591
 0 0.635911
 0 0.635915
 0 0.635917
 0 0.635917
 0 0.635917
 0 0.635929
 0 0.635929
 0 0.635929
 0 0.63594
 0 0.635943
 0 0.635977
 0 0.635978
 0 0.635992
 0 0.636008
 0 0.636009
 0 0.636045
 0 0.636046
 0 0.636046
 0 0.636046
 0 0.636048
 0 0.636049
 0 0.636049
 0 0.63605
 0 0.636051
 0 0.636051
 0 0.636055
 0 0.636103
 0 0.636103
 0 0.636104
 0 0.636132
 0 0.636132
 0 0.636145
 0 0.636152
 0 0.636184
 0 0.636195
 0 0.636195
 0 0.63624
 0 0.63624
 0 0.636242
 0 0.636242
 0 0.636247
 0 0.636256
 0 0.636261
 0 0.636292
 0 0.636296
 0 0.636303
 0 0.636312
 0 0.636312
 0 0.636312
 0 0.636312
 0 0.636322
 0 0.636325
 0 0.636325
 0 0.636325
 0 0.636343
 0 0.636346
 0 0.636366
 0 0.636375
 0 0.636375
 0 0.636376
 0 0.636397
 0 0.636407
 0 0.636436
 0 0.636441
 0 0.636442
 0 0.636444
 0 0.636444
 0 0.636448
 0 0.63646
 0 0.636467
 0 0.636511
 0 0.636514
 0 0.636514
 0 0.636522
 0 0.636522
 0 0.636522
 0 0.636524
 0 0.636524
 0 0.636524
 0 0.636537
 0 0.636537
 0 0.636545
 0 0.636558
 0 0.636559
 0 0.636559
 0 0.63656
 0 0.636564
 0 0.636565
 0 0.636601
 0 0.636601
 0 0.636601
 0 0.636617
 0 0.63662
 0 0.63662
 0 0.636629
 0 0.636629
 0 0.636636
 0 0.636636
 0 0.636636
 0 0.636636
 0 0.636636
 0 0.636645
 0 0.636655
 0 0.636664
 0 0.636666
 0 0.636667
 0 0.636671
 0 0.636714
 0 0.636714
 0 0.636731
 0 0.636732
 0 0.636733
 0 0.63674
 0 0.636756
 0 0.636757
 0 0.63678
 0 0.63678
 0 0.63678
 0 0.63678
 0 0.63678
 0 0.63678
 0 0.63678
 0 0.636784
 0 0.636786
 0 0.636801
 0 0.636831
 0 0.636831
 0 0.636831
 0 0.636846
 0 0.636852
 0 0.636852
 0 0.636859
 0 0.636859
 0 0.636859
 0 0.636859
 0 0.636874
 0 0.636887
 0 0.636887
 0 0.636887
 0 0.636888
 0 0.636906
 0 0.636906
 0 0.636906
 0 0.636913
 0 0.636913
 0 0.636913
 0 0.636913
 0 0.636925
 0 0.636925
 0 0.636938
 0 0.636938
 0 0.636957
 0 0.636957
 0 0.636965
 0 0.636966
 0 0.636966
 0 0.636985
 0 0.636985
 0 0.636986
 0 0.63707
 0 0.637071
 0 0.637102
 0 0.637111
 0 0.637111
 0 0.637126
 0 0.63714
 0 0.637141
 0 0.637264
 0 0.637264
 0 0.637267
 0 0.637267
 0 0.637272
 0 0.637272
 0 0.637278
 0 0.637279
 0 0.637279
 0 0.637286
 0 0.637286
 0 0.637286
 0 0.637304
 0 0.637304
 0 0.637304
 0 0.637312
 0 0.637312
 0 0.637321
 0 0.637352
 0 0.637352
 0 0.637398
 0 0.637417
 0 0.637428
 0 0.637428
 0 0.637428
 0 0.637443
 0 0.637444
 0 0.637458
 0 0.637459
 0 0.637459
 0 0.637483
 0 0.637483
 0 0.637485
 0 0.637485
 0 0.637491
 0 0.637491
 0 0.637516
 0 0.637516
 0 0.637534
 0 0.63754
 0 0.637541
 0 0.637542
 0 0.637543
 0 0.637543
 0 0.637543
 0 0.637543
 0 0.637575
 0 0.637575
 0 0.63765
 0 0.637697
 0 0.637704
 0 0.637723
 0 0.637723
 0 0.637723
 0 0.637761
 0 0.6378
 0 0.6378
 0 0.637832
 0 0.637832
 0 0.637844
 0 0.637844
 0 0.637925
 0 0.637925
 0 0.637925
 0 0.637926
 0 0.637926
 0 0.637935
 0 0.637935
 0 0.637962
 0 0.637963
 0 0.638005
 0 0.63804
 0 0.638088
 0 0.638093
 0 0.638138
 0 0.638138
 0 0.63814
 0 0.638155
 0 0.638155
 0 0.638155
 0 0.638156
 0 0.638167
 0 0.638167
 0 0.638179
 0 0.638179
 0 0.638192
 0 0.638192
 0 0.638192
 0 0.638273
 0 0.638274
 0 0.638302
 0 0.638302
 0 0.638302
 0 0.638308
 0 0.638405
 0 0.638439
 0 0.638442
 0 0.638442
 0 0.638489
 0 0.63849
 0 0.638526
 0 0.638527
 0 0.638558
 0 0.638559
 0 0.638559
 0 0.638574
 0 0.638574
 0 0.638638
 0 0.638638
 0 0.638659
 0 0.638689
 0 0.63869
 0 0.638696
 0 0.638713
 0 0.63879
 0 0.638802
 0 0.638802
 0 0.638803
 0 0.638803
 0 0.638875
 0 0.638876
 0 0.638876
 0 0.638876
 0 0.638877
 0 0.638883
 0 0.638884
 0 0.638901
 0 0.63892
 0 0.638933
 0 0.638933
 0 0.638934
 0 0.638934
 0 0.638942
 0 0.638955
 0 0.638956
 0 0.638971
 0 0.638971
 0 0.638972
 0 0.638972
 0 0.638972
 0 0.638972
 0 0.638972
 0 0.639017
 0 0.63902
 0 0.639026
 0 0.639026
 0 0.639046
 0 0.639046
 0 0.639047
 0 0.639047
 0 0.639138
 0 0.639153
 0 0.639157
 0 0.639158
 0 0.639226
 0 0.639256
 0 0.639256
 0 0.639259
 0 0.639259
 0 0.639351
 0 0.639351
 0 0.639363
 0 0.639465
 0 0.639465
 0 0.639477
 0 0.639477
 0 0.639477
 0 0.639583
 0 0.639586
 0 0.639586
 0 0.639586
 0 0.639633
 0 0.639633
 0 0.639633
 0 0.639726
 0 0.639726
 0 0.639757
 0 0.639769
 0 0.639769
 0 0.63977
 0 0.639785
 0 0.639786
 0 0.639844
 0 0.639845
 0 0.639941
 0 0.639942
 0 0.640045
 0 0.640045
 0 0.640046
 0 0.640049
 0 0.640049
 0 0.640049
 0 0.640049
 0 0.640101
 0 0.640101
 0 0.640177
 0 0.640183
 0 0.640183
 0 0.64021
 0 0.640226
 0 0.640279
 0 0.640279
 0 0.64028
 0 0.64028
 0 0.640326
 0 0.640326
 0 0.640328
 0 0.640342
 0 0.640357
 0 0.640447
 0 0.640468
 0 0.640482
 0 0.640483
 0 0.640483
 0 0.640586
 0 0.640586
 0 0.640595
 0 0.640598
 0 0.640598
 0 0.640615
 0 0.640615
 0 0.640707
 0 0.640835
 0 0.640844
 0 0.640845
 0 0.640864
 0 0.640865
 0 0.640981
 0 0.641206
 0 0.641206
 0 0.641207
 0 0.641246
 0 0.641246
 0 0.641246
 0 0.641247
 0 0.641265
 0 0.641265
 0 0.641265
 0 0.641265
 0 0.641266
 0 0.641311
 0 0.641311
 0 0.641352
 0 0.641353
 0 0.641353
 0 0.641353
 0 0.641611
 0 0.641637
 0 0.641637
 0 0.641743
 0 0.641777
 0 0.641778
 0 0.642001
 0 0.642001
 0 0.642004
 0 0.642005
 0 0.642182
 0 0.64219
 0 0.642191
 0 0.642202
 0 0.642254
 0 0.642254
 0 0.642255
 0 0.64226
 0 0.64232
 0 0.64232
 0 0.642661
 0 0.642718
 0 0.642718
 0 0.642718
 0 0.642756
 0 0.64284
 0 0.64296
 0 0.643027
 0 0.643106
 0 0.643165
 0 0.643165
 0 0.6436
 0 0.643601
 0 0.646123
 0 0.646138
 0 0.646196
 0 0.646196
 0 0.647121
 0 0.647179
 0 0.647598
 0 0.647598
 0 0.647598
 0 0.647944
 0 0.648448
 0 0.648448
 0 inf
