 0 0.627905
 0 0.628194
 0 0.628194
 0 0.628196
 0 0.628197
 0 0.628282
 0 0.628326
 0 0.628357
 0 0.628357
 0 0.628477
 0 0.628477
 0 0.628479
 0 0.628569
 0 0.62857
 0 0.6286
 0 0.628619
 0 0.62862
 0 0.628657
 0 0.628724
 0 0.628724
 0 0.628724
 0 0.628724
 0 0.628727
 0 0.62876
 0 0.628794
 0 0.628794
 0 0.628854
 0 0.628909
 0 0.628915
 0 0.629024
 0 0.629044
 0 0.629116
 0 0.629125
 0 0.629127
 0 0.629128
 0 0.629199
 0 0.629226
 0 0.629226
 0 0.629273
 0 0.629276
 0 0.629276
 0 0.629291
 0 0.629292
 0 0.629344
 0 0.629345
 0 0.629413
 0 0.629413
 0 0.629414
 0 0.629463
 0 0.629464
 0 0.629481
 0 0.629484
 0 0.629508
 0 0.629508
 0 0.62955
 0 0.629553
 0 0.629576
 0 0.629606
 0 0.629631
 0 0.629632
 0 0.629633
 0 0.629633
 0 0.629702
 0 0.629733
 0 0.629783
 0 0.629804
 0 0.62981
 0 0.62981
 0 0.629813
 0 0.629835
 0 0.629903
 0 0.629904
 0 0.629915
 0 0.629918
 0 0.629998
 0 0.63
 0 0.630002
 0 0.630004
 0 0.630004
 0 0.630049
 0 0.630049
 0 0.630049
 0 0.630049
 0 0.630051
 0 0.630055
 0 0.630057
 0 0.630065
 0 0.630066
 0 0.630074
 0 0.630108
 0 0.630152
 0 0.630205
 0 0.630205
 0 0.630274
 0 0.630308
 0 0.630356
 0 0.630357
 0 0.630358
 0 0.630358
 0 0.63039
 0 0.630431
 0 0.630433
 0 0.63046
 0 0.63046
 0 0.63046
 0 0.630461
 0 0.630515
 0 0.630526
 0 0.630535
 0 0.630553
 0 0.630562
 0 0.630564
 0 0.630648
 0 0.630649
 0 0.630697
 0 0.630697
 0 0.630699
 0 0.630699
 0 0.630699
 0 0.630736
 0 0.630739
 0 0.630776
 0 0.630901
 0 0.630905
 0 0.630907
 0 0.63091
 0 0.63091
 0 0.630912
 0 0.630918
 0 0.63095
 0 0.630983
 0 0.630983
 0 0.630994
 0 0.631019
 0 0.631026
 0 0.631026
 0 0.631049
 0 0.631063
 0 0.631064
 0 0.631064
 0 0.631065
 0 0.63107
 0 0.631074
 0 0.631074
 0 0.631075
 0 0.631075
 0 0.631101
 0 0.631103
 0 0.631106
 0 0.631134
 0 0.631149
 0 0.631149
 0 0.631154
 0 0.631154
 0 0.631175
 0 0.631198
 0 0.631221
 0 0.631221
 0 0.631228
 0 0.631242
 0 0.63126
 0 0.63126
 0 0.631263
 0 0.631269
 0 0.63127
 0 0.631343
 0 0.631343
 0 0.631343
 0 0.631343
 0 0.631394
 0 0.631408
 0 0.631432
 0 0.631433
 0 0.631433
 0 0.631436
 0 0.631438
 0 0.63144
 0 0.631449
 0 0.631454
 0 0.631462
 0 0.631506
 0 0.631507
 0 0.631525
 0 0.631528
 0 0.631585
 0 0.631587
 0 0.631595
 0 0.631595
 0 0.631686
 0 0.631686
 0 0.631686
 0 0.631716
 0 0.631717
 0 0.631742
 0 0.631742
 0 0.631746
 0 0.631746
 0 0.631757
 0 0.631773
 0 0.631776
 0 0.631782
 0 0.631782
 0 0.631801
 0 0.631818
 0 0.631818
 0 0.631819
 0 0.631827
 0 0.631827
 0 0.631839
 0 0.631861
 0 0.631864
 0 0.631873
 0 0.631875
 0 0.631876
 0 0.631889
 0 0.63189
 0 0.631893
 0 0.631909
 0 0.631909
 0 0.631935
 0 0.631936
 0 0.631957
 0 0.631968
 0 0.63197
 0 0.63197
 0 0.63197
 0 0.631975
 0 0.631982
 0 0.631994
 0 0.631995
 0 0.631997
 0 0.631997
 0 0.632011
 0 0.632019
 0 0.632034
 0 0.63204
 0 0.63204
 0 0.632041
 0 0.632041
 0 0.632056
 0 0.632056
 0 0.632058
 0 0.632058
 0 0.632066
 0 0.632088
 0 0.632106
 0 0.632127
 0 0.632128
 0 0.632128
 0 0.632129
 0 0.632144
 0 0.632186
 0 0.632189
 0 0.632193
 0 0.632195
 0 0.632199
 0 0.632206
 0 0.632207
 0 0.632208
 0 0.632208
 0 0.632208
 0 0.632218
 0 0.632226
 0 0.632226
 0 0.632226
 0 0.632228
 0 0.632255
 0 0.632256
 0 0.632273
 0 0.632279
 0 0.632298
 0 0.632314
 0 0.632314
 0 0.632314
 0 0.632314
 0 0.632315
 0 0.632318
 0 0.632319
 0 0.63232
 0 0.63232
 0 0.632321
 0 0.632321
 0 0.63233
 0 0.632334
 0 0.632336
 0 0.632338
 0 0.63234
 0 0.63234
 0 0.632347
 0 0.63235
 0 0.632359
 0 0.632359
 0 0.632362
 0 0.632386
 0 0.632386
 0 0.632389
 0 0.632395
 0 0.632401
 0 0.632401
 0 0.632414
 0 0.632415
 0 0.632418
 0 0.632422
 0 0.632427
 0 0.632448
 0 0.632448
 0 0.63246
 0 0.632464
 0 0.632464
 0 0.632464
 0 0.632464
 0 0.632468
 0 0.632471
 0 0.632471
 0 0.632471
 0 0.632476
 0 0.632493
 0 0.632494
 0 0.632496
 0 0.632496
 0 0.632512
 0 0.632513
 0 0.632514
 0 0.632514
 0 0.632533
 0 0.63254
 0 0.63254
 0 0.63254
 0 0.632576
 0 0.63258
 0 0.632585
 0 0.632585
 0 0.632591
 0 0.632603
 0 0.632607
 0 0.632621
 0 0.632621
 0 0.632621
 0 0.632622
 0 0.632625
 0 0.632625
 0 0.632625
 0 0.632636
 0 0.632637
 0 0.632638
 0 0.632641
 0 0.632646
 0 0.632646
 0 0.632648
 0 0.63265
 0 0.632653
 0 0.632654
 0 0.632654
 0 0.632665
 0 0.632665
 0 0.632667
 0 0.632667
 0 0.632668
 0 0.632668
 0 0.632679
 0 0.632679
 0 0.632679
 0 0.63268
 0 0.632684
 0 0.632727
 0 0.632727
 0 0.632731
 0 0.632752
 0 0.632755
 0 0.632755
 0 0.632775
 0 0.632777
 0 0.632789
 0 0.632814
 0 0.632818
 0 0.632818
 0 0.632829
 0 0.63283
 0 0.63283
 0 0.63283
 0 0.632832
 0 0.632834
 0 0.632865
 0 0.632865
 0 0.632866
 0 0.63287
 0 0.63287
 0 0.63287
 0 0.632872
 0 0.632878
 0 0.632879
 0 0.632879
 0 0.63289
 0 0.63289
 0 0.632891
 0 0.632892
 0 0.632892
 0 0.632892
 0 0.632892
 0 0.632894
 0 0.632894
 0 0.632904
 0 0.632915
 0 0.632944
 0 0.632944
 0 0.632964
 0 0.632965
 0 0.632966
 0 0.632989
 0 0.632991
 0 0.63301
 0 0.633029
 0 0.633056
 0 0.63306
 0 0.63306
 0 0.63306
 0 0.633062
 0 0.633062
 0 0.633064
 0 0.633065
 0 0.633077
 0 0.633132
 0 0.633141
 0 0.633142
 0 0.633142
 0 0.633152
 0 0.633152
 0 0.633152
 0 0.633153
 0 0.633158
 0 0.633173
 0 0.633175
 0 0.633175
 0 0.633177
 0 0.633196
 0 0.633197
 0 0.633199
 0 0.633202
 0 0.633203
 0 0.633203
 0 0.633203
 0 0.633209
 0 0.633215
 0 0.633224
 0 0.633229
 0 0.633229
 0 0.633229
 0 0.633231
 0 0.633231
 0 0.633237
 0 0.63324
 0 0.633242
 0 0.633244
 0 0.633245
 0 0.633246
 0 0.633246
 0 0.633247
 0 0.633247
 0 0.633247
 0 0.633255
 0 0.633256
 0 0.633257
 0 0.633263
 0 0.633284
 0 0.633285
 0 0.6333
 0 0.633304
 0 0.633314
 0 0.633314
 0 0.633327
 0 0.633328
 0 0.633331
 0 0.633348
 0 0.633349
 0 0.633349
 0 0.633349
 0 0.633376
 0 0.633377
 0 0.633391
 0 0.633394
 0 0.633402
 0 0.633408
 0 0.633408
 0 0.633408
 0 0.633419
 0 0.63342
 0 0.633423
 0 0.633432
 0 0.633437
 0 0.633438
 0 0.633439
 0 0.633439
 0 0.633442
 0 0.633445
 0 0.633445
 0 0.633462
 0 0.633472
 0 0.633487
 0 0.633492
 0 0.633493
 0 0.633493
 0 0.633493
 0 0.633496
 0 0.633499
 0 0.633515
 0 0.633515
 0 0.633519
 0 0.63352
 0 0.633522
 0 0.633524
 0 0.633527
 0 0.633534
 0 0.633534
 0 0.633535
 0 0.633553
 0 0.633554
 0 0.633559
 0 0.633561
 0 0.633561
 0 0.633588
 0 0.633588
 0 0.633588
 0 0.63361
 0 0.633613
 0 0.633613
 0 0.633615
 0 0.633615
 0 0.633617
 0 0.633621
 0 0.633621
 0 0.633628
 0 0.633629
 0 0.633629
 0 0.633629
 0 0.633629
 0 0.633633
 0 0.633662
 0 0.633672
 0 0.633672
 0 0.633675
 0 0.633675
 0 0.633689
 0 0.6337
 0 0.633716
 0 0.633716
 0 0.633739
 0 0.63374
 0 0.63374
 0 0.63375
 0 0.63375
 0 0.633758
 0 0.633758
 0 0.633758
 0 0.63377
 0 0.633803
 0 0.633803
 0 0.633803
 0 0.63382
 0 0.63382
 0 0.63383
 0 0.63385
 0 0.63385
 0 0.633852
 0 0.633853
 0 0.633853
 0 0.633858
 0 0.633859
 0 0.633865
 0 0.63389
 0 0.63389
 0 0.63389
 0 0.633892
 0 0.633893
 0 0.633894
 0 0.633911
 0 0.633911
 0 0.633915
 0 0.633937
 0 0.633937
 0 0.633938
 0 0.633938
 0 0.633938
 0 0.633952
 0 0.633953
 0 0.633954
 0 0.633956
 0 0.633962
 0 0.633962
 0 0.633962
 0 0.633962
 0 0.633962
 0 0.633963
 0 0.633963
 0 0.633981
 0 0.633986
 0 0.633987
 0 0.63401
 0 0.634011
 0 0.634011
 0 0.634011
 0 0.634017
 0 0.634027
 0 0.634028
 0 0.634032
 0 0.634051
 0 0.634051
 0 0.634051
 0 0.634053
 0 0.634063
 0 0.634071
 0 0.634086
 0 0.634089
 0 0.634089
 0 0.63409
 0 0.634103
 0 0.63411
 0 0.634111
 0 0.634111
 0 0.634113
 0 0.634114
 0 0.634131
 0 0.634131
 0 0.634134
 0 0.63414
 0 0.634142
 0 0.634175
 0 0.634176
 0 0.634176
 0 0.634177
 0 0.634177
 0 0.634177
 0 0.634179
 0 0.634179
 0 0.634182
 0 0.634182
 0 0.634188
 0 0.634188
 0 0.634189
 0 0.634197
 0 0.634203
 0 0.634207
 0 0.634209
 0 0.634215
 0 0.634215
 0 0.63422
 0 0.634222
 0 0.634228
 0 0.634232
 0 0.634238
 0 0.634251
 0 0.634259
 0 0.634261
 0 0.634263
 0 0.634265
 0 0.634265
 0 0.634269
 0 0.634292
 0 0.634306
 0 0.634306
 0 0.634306
 0 0.634327
 0 0.634331
 0 0.634333
 0 0.634333
 0 0.634333
 0 0.634335
 0 0.634349
 0 0.634359
 0 0.634359
 0 0.634365
 0 0.634365
 0 0.634365
 0 0.634382
 0 0.634398
 0 0.634398
 0 0.634399
 0 0.6344
 0 0.6344
 0 0.634403
 0 0.634403
 0 0.634404
 0 0.63441
 0 0.634411
 0 0.634427
 0 0.634436
 0 0.634436
 0 0.634459
 0 0.634466
 0 0.634486
 0 0.634486
 0 0.6345
 0 0.634501
 0 0.634501
 0 0.634502
 0 0.634504
 0 0.634504
 0 0.63451
 0 0.634521
 0 0.634521
 0 0.634524
 0 0.634524
 0 0.634531
 0 0.634531
 0 0.634532
 0 0.634536
 0 0.634538
 0 0.634545
 0 0.634546
 0 0.634552
 0 0.634553
 0 0.634553
 0 0.634555
 0 0.634556
 0 0.634584
 0 0.634585
 0 0.634586
 0 0.634586
 0 0.634588
 0 0.634588
 0 0.634593
 0 0.634605
 0 0.634605
 0 0.634606
 0 0.634606
 0 0.634606
 0 0.63461
 0 0.63461
 0 0.63461
 0 0.634611
 0 0.634613
 0 0.634613
 0 0.634615
 0 0.634622
 0 0.634628
 0 0.634646
 0 0.634654
 0 0.634656
 0 0.63466
 0 0.634664
 0 0.634672
 0 0.634672
 0 0.634672
 0 0.634676
 0 0.634679
 0 0.634683
 0 0.634683
 0 0.634687
 0 0.634687
 0 0.634687
 0 0.634702
 0 0.634704
 0 0.634704
 0 0.634704
 0 0.634705
 0 0.634713
 0 0.634713
 0 0.634714
 0 0.634715
 0 0.634721
 0 0.634722
 0 0.634723
 0 0.634725
 0 0.634727
 0 0.634728
 0 0.634728
 0 0.634733
 0 0.634734
 0 0.634734
 0 0.634736
 0 0.634736
 0 0.634738
 0 0.634745
 0 0.634749
 0 0.63475
 0 0.634752
 0 0.634759
 0 0.634762
 0 0.634765
 0 0.634769
 0 0.634771
 0 0.634772
 0 0.634772
 0 0.634772
 0 0.634773
 0 0.634773
 0 0.634774
 0 0.634774
 0 0.634781
 0 0.634781
 0 0.634781
 0 0.634789
 0 0.634791
 0 0.634792
 0 0.634794
 0 0.634795
 0 0.634799
 0 0.634803
 0 0.634805
 0 0.634807
 0 0.634808
 0 0.634809
 0 0.634809
 0 0.634813
 0 0.634814
 0 0.634819
 0 0.634824
 0 0.634824
 0 0.634839
 0 0.634842
 0 0.634842
 0 0.634843
 0 0.634843
 0 0.634844
 0 0.634844
 0 0.634844
 0 0.634852
 0 0.634859
 0 0.63486
 0 0.634861
 0 0.634861
 0 0.634861
 0 0.634861
 0 0.634863
 0 0.634886
 0 0.634887
 0 0.63489
 0 0.634903
 0 0.63491
 0 0.634921
 0 0.634937
 0 0.634949
 0 0.634954
 0 0.634971
 0 0.634971
 0 0.634984
 0 0.634984
 0 0.634985
 0 0.634985
 0 0.634991
 0 0.634991
 0 0.634992
 0 0.634994
 0 0.634994
 0 0.634996
 0 0.634997
 0 0.634998
 0 0.635009
 0 0.635011
 0 0.635014
 0 0.635017
 0 0.635018
 0 0.635018
 0 0.635025
 0 0.635026
 0 0.635034
 0 0.635035
 0 0.635035
 0 0.635036
 0 0.635036
 0 0.635037
 0 0.635039
 0 0.63506
 0 0.635078
 0 0.63508
 0 0.635082
 0 0.635082
 0 0.635083
 0 0.635084
 0 0.635084
 0 0.635101
 0 0.635101
 0 0.635102
 0 0.635102
 0 0.635103
 0 0.63513
 0 0.635136
 0 0.635138
 0 0.635139
 0 0.635139
 0 0.635141
 0 0.635141
 0 0.635142
 0 0.635142
 0 0.635142
 0 0.635143
 0 0.635158
 0 0.635159
 0 0.635171
 0 0.635183
 0 0.635183
 0 0.635185
 0 0.635187
 0 0.635187
 0 0.635203
 0 0.635203
 0 0.635203
 0 0.635203
 0 0.635204
 0 0.635204
 0 0.635222
 0 0.635222
 0 0.635223
 0 0.635224
 0 0.635225
 0 0.635226
 0 0.63523
 0 0.63523
 0 0.635233
 0 0.635235
 0 0.635265
 0 0.635265
 0 0.635268
 0 0.635272
 0 0.635281
 0 0.635281
 0 0.635291
 0 0.635309
 0 0.63531
 0 0.635311
 0 0.635313
 0 0.635315
 0 0.635322
 0 0.635322
 0 0.635327
 0 0.635328
 0 0.635331
 0 0.635331
 0 0.635334
 0 0.63535
 0 0.63535
 0 0.635353
 0 0.635365
 0 0.635377
 0 0.635377
 0 0.635378
 0 0.635393
 0 0.635394
 0 0.635397
 0 0.635398
 0 0.635399
 0 0.635399
 0 0.635402
 0 0.635406
 0 0.635406
 0 0.635406
 0 0.635409
 0 0.63541
 0 0.635434
 0 0.635434
 0 0.635438
 0 0.635439
 0 0.635439
 0 0.635459
 0 0.635462
 0 0.635462
 0 0.635463
 0 0.635463
 0 0.635463
 0 0.635473
 0 0.635485
 0 0.635485
 0 0.635486
 0 0.635486
 0 0.635491
 0 0.635494
 0 0.635497
 0 0.6355
 0 0.635507
 0 0.635507
 0 0.635507
 0 0.635507
 0 0.635508
 0 0.635508
 0 0.63551
 0 0.635527
 0 0.635527
 0 0.635531
 0 0.635532
 0 0.635548
 0 0.635549
 0 0.635549
 0 0.635562
 0 0.635563
 0 0.635563
 0 0.63559
 0 0.63559
 0 0.635591
 0 0.635591
 0 0.635594
 0 0.635594
 0 0.635604
 0 0.635621
 0 0.635621
 0 0.635624
 0 0.635625
 0 0.635625
 0 0.635627
 0 0.635627
 0 0.635629
 0 0.635631
 0 0.635633
 0 0.635645
 0 0.635645
 0 0.635648
 0 0.635651
 0 0.635652
 0 0.635663
 0 0.635663
 0 0.635687
 0 0.635688
 0 0.635689
 0 0.635689
 0 0.635689
 0 0.63569
 0 0.635691
 0 0.635691
 0 0.635693
 0 0.635696
 0 0.635701
 0 0.635702
 0 0.635718
 0 0.635722
 0 0.635725
 0 0.635729
 0 0.635731
 0 0.635731
 0 0.635736
 0 0.635744
 0 0.635745
 0 0.635757
 0 0.635759
 0 0.635761
 0 0.635761
 0 0.635765
 0 0.635766
 0 0.635767
 0 0.635768
 0 0.635769
 0 0.635769
 0 0.635771
 0 0.635772
 0 0.635773
 0 0.635774
 0 0.635775
 0 0.635775
 0 0.635775
 0 0.635775
 0 0.635775
 0 0.635777
 0 0.635784
 0 0.635785
 0 0.635796
 0 0.635799
 0 0.635799
 0 0.6358
 0 0.6358
 0 0.635803
 0 0.635804
 0 0.635825
 0 0.63584
 0 0.63584
 0 0.635844
 0 0.635844
 0 0.635844
 0 0.635856
 0 0.635857
 0 0.635882
 0 0.635882
 0 0.635882
 0 0.635882
 0 0.635883
 0 0.635884
 0 0.635884
 0 0.63589
 0 0.63589
 0 0.63589
 0 0.635906
 0 0.635907
 0 0.635907
 0 0.635907
 0 0.635923
 0 0.635927
 0 0.635944
 0 0.635947
 0 0.635968
 0 0.635969
 0 0.635972
 0 0.635973
 0 0.635982
 0 0.635983
 0 0.635983
 0 0.635983
 0 0.635983
 0 0.635993
 0 0.635998
 0 0.635999
 0 0.636007
 0 0.636007
 0 0.636007
 0 0.636007
 0 0.636019
 0 0.63602
 0 0.636021
 0 0.636025
 0 0.636028
 0 0.636046
 0 0.636048
 0 0.636048
 0 0.636048
 0 0.636058
 0 0.636059
 0 0.636062
 0 0.636064
 0 0.636066
 0 0.636069
 0 0.636092
 0 0.636109
 0 0.63611
 0 0.63611
 0 0.636111
 0 0.636112
 0 0.636113
 0 0.636113
 0 0.636115
 0 0.636115
 0 0.636119
 0 0.63612
 0 0.636129
 0 0.636147
 0 0.636148
 0 0.636152
 0 0.636177
 0 0.636177
 0 0.636177
 0 0.636179
 0 0.63618
 0 0.636181
 0 0.636181
 0 0.636183
 0 0.636185
 0 0.636189
 0 0.636189
 0 0.63619
 0 0.636199
 0 0.636199
 0 0.6362
 0 0.636201
 0 0.636201
 0 0.636202
 0 0.636202
 0 0.636209
 0 0.636209
 0 0.636209
 0 0.636217
 0 0.636217
 0 0.636227
 0 0.636235
 0 0.63626
 0 0.63626
 0 0.636261
 0 0.636264
 0 0.636264
 0 0.636264
 0 0.636275
 0 0.636276
 0 0.636279
 0 0.636295
 0 0.636296
 0 0.636301
 0 0.636305
 0 0.636306
 0 0.636306
 0 0.636306
 0 0.636306
 0 0.636306
 0 0.63632
 0 0.636323
 0 0.636324
 0 0.636324
 0 0.636324
 0 0.636327
 0 0.636329
 0 0.636337
 0 0.636343
 0 0.636354
 0 0.636354
 0 0.636354
 0 0.636389
 0 0.636391
 0 0.636391
 0 0.636394
 0 0.636394
 0 0.636414
 0 0.63642
 0 0.63642
 0 0.636453
 0 0.636455
 0 0.636459
 0 0.636467
 0 0.636496
 0 0.636499
 0 0.63654
 0 0.636544
 0 0.636544
 0 0.636544
 0 0.636563
 0 0.636564
 0 0.636568
 0 0.636569
 0 0.63657
 0 0.63657
 0 0.636629
 0 0.636632
 0 0.636632
 0 0.636647
 0 0.636647
 0 0.636648
 0 0.636649
 0 0.636653
 0 0.636656
 0 0.636688
 0 0.63673
 0 0.636731
 0 0.636742
 0 0.636743
 0 0.636766
 0 0.636769
 0 0.636769
 0 0.63678
 0 0.63679
 0 0.636793
 0 0.636793
 0 0.636831
 0 0.636831
 0 0.636832
 0 0.636856
 0 0.636899
 0 0.636899
 0 0.636938
 0 0.636938
 0 0.636955
 0 0.636982
 0 0.636982
 0 0.636983
 0 0.636983
 0 0.637001
 0 0.637019
 0 0.637021
 0 0.637034
 0 0.637035
 0 0.637035
 0 0.637035
 0 0.637035
 0 0.637035
 0 0.637035
 0 0.637038
 0 0.63704
 0 0.637041
 0 0.637043
 0 0.637045
 0 0.637047
 0 0.63705
 0 0.63705
 0 0.637053
 0 0.637053
 0 0.637096
 0 0.637097
 0 0.637098
 0 0.637099
 0 0.637099
 0 0.637106
 0 0.637107
 0 0.637112
 0 0.637123
 0 0.637123
 0 0.637123
 0 0.637134
 0 0.637138
 0 0.637138
 0 0.637141
 0 0.637144
 0 0.637147
 0 0.637149
 0 0.637149
 0 0.637168
 0 0.637169
 0 0.637186
 0 0.637186
 0 0.637188
 0 0.637215
 0 0.637255
 0 0.637258
 0 0.637289
 0 0.63729
 0 0.637291
 0 0.637338
 0 0.637364
 0 0.637371
 0 0.637373
 0 0.637374
 0 0.637374
 0 0.637377
 0 0.637379
 0 0.637379
 0 0.637391
 0 0.637451
 0 0.637452
 0 0.637482
 0 0.637483
 0 0.637486
 0 0.637515
 0 0.637522
 0 0.637571
 0 0.637571
 0 0.637576
 0 0.637578
 0 0.637605
 0 0.637616
 0 0.637616
 0 0.637643
 0 0.637649
 0 0.637649
 0 0.637653
 0 0.637653
 0 0.637653
 0 0.637662
 0 0.637666
 0 0.637666
 0 0.637686
 0 0.637686
 0 0.637687
 0 0.637691
 0 0.637691
 0 0.637702
 0 0.637702
 0 0.637702
 0 0.637719
 0 0.637725
 0 0.637726
 0 0.637775
 0 0.637776
 0 0.637787
 0 0.637789
 0 0.637789
 0 0.637843
 0 0.637846
 0 0.637846
 0 0.637863
 0 0.637863
 0 0.637865
 0 0.637869
 0 0.637881
 0 0.637886
 0 0.637889
 0 0.637889
 0 0.637908
 0 0.637908
 0 0.637912
 0 0.637987
 0 0.637997
 0 0.637999
 0 0.637999
 0 0.63801
 0 0.638012
 0 0.638012
 0 0.638013
 0 0.638015
 0 0.63802
 0 0.63802
 0 0.63802
 0 0.638033
 0 0.638128
 0 0.638129
 0 0.63813
 0 0.638131
 0 0.638141
 0 0.638141
 0 0.638144
 0 0.638182
 0 0.638183
 0 0.638183
 0 0.638192
 0 0.638251
 0 0.638252
 0 0.638265
 0 0.638265
 0 0.638331
 0 0.638343
 0 0.638345
 0 0.638353
 0 0.638355
 0 0.6384
 0 0.638426
 0 0.638439
 0 0.63844
 0 0.638474
 0 0.638476
 0 0.638544
 0 0.638544
 0 0.638577
 0 0.638578
 0 0.63861
 0 0.63861
 0 0.638615
 0 0.638618
 0 0.638665
 0 0.638665
 0 0.638666
 0 0.638666
 0 0.638666
 0 0.638683
 0 0.638683
 0 0.638686
 0 0.63871
 0 0.638981
 0 0.639027
 0 0.639027
 0 0.639035
 0 0.639036
 0 0.639181
 0 0.639184
 0 0.639196
 0 0.639196
 0 0.639383
 0 0.639384
 0 0.639385
 0 0.639386
 0 0.639539
 0 0.639778
 0 0.639796
 0 0.639796
 0 0.6398
 0 0.6398
 0 0.640145
 0 0.640146
 0 0.640147
 0 0.640381
 0 0.640383
 0 0.640383
 0 0.640896
 0 0.640896
 0 0.64119
 0 0.641207
 0 0.641342
 0 0.641443
 0 0.641445
 0 1.42164
 0 1.42165
 0 1.422
 0 1.422
 0 1.422
 0 1.42298
 0 1.65284
 0 1.72652
 0 1.72678
 0 1.72678
 0 1.72678
 0 1.72678
 0 inf
