 0 0.630075
 0 0.630075
 0 0.630261
 0 0.630261
 0 0.630261
 0 0.630344
 0 0.630344
 0 0.630385
 0 0.630385
 0 0.630445
 0 0.630469
 0 0.630817
 0 0.630817
 0 0.630817
 0 0.630818
 0 0.630902
 0 0.630905
 0 0.63101
 0 0.63101
 0 0.63101
 0 0.63101
 0 0.631098
 0 0.631131
 0 0.631131
 0 0.631335
 0 0.631343
 0 0.631427
 0 0.631446
 0 0.631474
 0 0.631476
 0 0.631515
 0 0.631561
 0 0.631623
 0 0.631634
 0 0.631635
 0 0.631647
 0 0.631656
 0 0.631659
 0 0.63166
 0 0.63166
 0 0.631742
 0 0.63175
 0 0.631756
 0 0.631798
 0 0.631809
 0 0.631809
 0 0.631838
 0 0.631893
 0 0.631941
 0 0.631941
 0 0.631959
 0 0.632007
 0 0.632007
 0 0.632026
 0 0.632067
 0 0.632067
 0 0.632115
 0 0.632117
 0 0.632141
 0 0.632151
 0 0.632151
 0 0.632167
 0 0.632167
 0 0.632178
 0 0.632181
 0 0.632181
 0 0.632182
 0 0.632203
 0 0.632206
 0 0.632207
 0 0.632235
 0 0.632273
 0 0.632274
 0 0.632282
 0 0.632289
 0 0.632289
 0 0.632312
 0 0.63235
 0 0.63235
 0 0.63235
 0 0.632365
 0 0.632369
 0 0.632381
 0 0.632381
 0 0.632381
 0 0.632398
 0 0.632398
 0 0.632399
 0 0.632408
 0 0.632492
 0 0.632519
 0 0.632539
 0 0.632539
 0 0.63255
 0 0.632551
 0 0.632558
 0 0.632559
 0 0.632569
 0 0.632569
 0 0.63258
 0 0.632583
 0 0.632584
 0 0.632591
 0 0.632609
 0 0.632636
 0 0.632637
 0 0.632637
 0 0.63265
 0 0.63265
 0 0.632659
 0 0.632659
 0 0.632668
 0 0.632668
 0 0.632692
 0 0.632703
 0 0.632703
 0 0.632766
 0 0.632766
 0 0.632787
 0 0.632811
 0 0.632836
 0 0.632863
 0 0.632865
 0 0.632866
 0 0.632866
 0 0.632902
 0 0.632902
 0 0.632907
 0 0.632907
 0 0.632907
 0 0.632914
 0 0.632914
 0 0.632915
 0 0.632915
 0 0.632942
 0 0.632942
 0 0.632946
 0 0.632947
 0 0.632947
 0 0.632947
 0 0.632952
 0 0.632952
 0 0.632952
 0 0.632964
 0 0.632965
 0 0.632976
 0 0.632976
 0 0.632984
 0 0.632984
 0 0.632984
 0 0.632984
 0 0.632985
 0 0.633014
 0 0.633014
 0 0.633051
 0 0.633051
 0 0.633054
 0 0.633096
 0 0.633098
 0 0.633107
 0 0.633107
 0 0.633108
 0 0.633108
 0 0.633108
 0 0.633108
 0 0.633109
 0 0.633109
 0 0.633153
 0 0.633155
 0 0.633158
 0 0.633158
 0 0.633158
 0 0.633158
 0 0.63316
 0 0.633193
 0 0.633193
 0 0.633205
 0 0.633234
 0 0.633241
 0 0.633271
 0 0.633272
 0 0.633273
 0 0.633273
 0 0.633283
 0 0.633298
 0 0.633299
 0 0.6333
 0 0.633301
 0 0.633301
 0 0.633316
 0 0.633316
 0 0.633316
 0 0.633357
 0 0.633367
 0 0.633367
 0 0.633383
 0 0.633383
 0 0.633384
 0 0.633412
 0 0.633412
 0 0.633437
 0 0.633437
 0 0.633438
 0 0.633441
 0 0.633443
 0 0.633443
 0 0.633443
 0 0.633444
 0 0.633457
 0 0.633458
 0 0.633458
 0 0.633471
 0 0.633471
 0 0.633489
 0 0.633489
 0 0.633489
 0 0.63349
 0 0.633491
 0 0.633491
 0 0.63352
 0 0.633521
 0 0.633521
 0 0.633526
 0 0.633526
 0 0.633526
 0 0.633526
 0 0.633541
 0 0.633541
 0 0.633545
 0 0.633545
 0 0.633546
 0 0.633556
 0 0.633556
 0 0.63356
 0 0.63357
 0 0.63357
 0 0.63357
 0 0.633593
 0 0.63361
 0 0.633611
 0 0.63363
 0 0.633634
 0 0.633634
 0 0.633634
 0 0.633635
 0 0.633635
 0 0.633635
 0 0.633638
 0 0.633656
 0 0.633662
 0 0.633672
 0 0.633672
 0 0.633672
 0 0.633675
 0 0.633675
 0 0.633676
 0 0.633678
 0 0.633692
 0 0.633692
 0 0.633692
 0 0.6337
 0 0.6337
 0 0.6337
 0 0.633763
 0 0.633763
 0 0.633765
 0 0.633765
 0 0.633786
 0 0.633792
 0 0.633812
 0 0.633812
 0 0.63382
 0 0.633821
 0 0.633864
 0 0.633865
 0 0.633866
 0 0.633879
 0 0.633882
 0 0.633882
 0 0.633897
 0 0.633897
 0 0.633903
 0 0.633903
 0 0.633915
 0 0.633916
 0 0.633943
 0 0.633944
 0 0.633949
 0 0.633951
 0 0.633952
 0 0.633974
 0 0.633982
 0 0.633991
 0 0.634005
 0 0.63401
 0 0.63401
 0 0.634014
 0 0.634016
 0 0.634018
 0 0.634018
 0 0.63402
 0 0.63402
 0 0.63402
 0 0.634022
 0 0.634022
 0 0.634039
 0 0.63405
 0 0.634052
 0 0.634055
 0 0.634056
 0 0.634062
 0 0.634063
 0 0.634065
 0 0.634076
 0 0.634078
 0 0.634086
 0 0.634087
 0 0.634088
 0 0.634093
 0 0.634093
 0 0.634098
 0 0.634101
 0 0.634101
 0 0.634105
 0 0.634109
 0 0.634121
 0 0.634121
 0 0.634136
 0 0.634139
 0 0.63414
 0 0.634141
 0 0.634141
 0 0.634146
 0 0.634151
 0 0.634151
 0 0.634153
 0 0.634153
 0 0.634153
 0 0.634158
 0 0.634162
 0 0.634163
 0 0.634178
 0 0.634182
 0 0.634188
 0 0.634189
 0 0.634189
 0 0.63419
 0 0.63419
 0 0.634198
 0 0.634199
 0 0.634201
 0 0.634202
 0 0.634202
 0 0.634215
 0 0.634215
 0 0.634215
 0 0.634216
 0 0.634226
 0 0.63423
 0 0.63423
 0 0.634231
 0 0.634232
 0 0.634232
 0 0.634233
 0 0.634233
 0 0.634234
 0 0.634235
 0 0.634235
 0 0.634235
 0 0.634235
 0 0.634237
 0 0.634274
 0 0.634276
 0 0.634276
 0 0.634276
 0 0.634277
 0 0.634279
 0 0.634293
 0 0.634294
 0 0.634294
 0 0.634294
 0 0.634301
 0 0.634301
 0 0.634301
 0 0.634301
 0 0.634303
 0 0.63431
 0 0.634317
 0 0.634318
 0 0.634321
 0 0.634321
 0 0.634321
 0 0.634321
 0 0.634328
 0 0.634328
 0 0.634328
 0 0.634328
 0 0.634328
 0 0.634328
 0 0.634338
 0 0.634342
 0 0.634354
 0 0.634354
 0 0.634366
 0 0.634367
 0 0.634373
 0 0.634392
 0 0.634392
 0 0.634394
 0 0.634394
 0 0.634398
 0 0.634398
 0 0.634399
 0 0.634402
 0 0.63441
 0 0.634411
 0 0.63442
 0 0.634421
 0 0.63443
 0 0.634431
 0 0.634446
 0 0.634455
 0 0.634455
 0 0.634457
 0 0.634472
 0 0.634474
 0 0.634477
 0 0.634481
 0 0.634484
 0 0.634484
 0 0.634484
 0 0.634485
 0 0.6345
 0 0.634505
 0 0.634508
 0 0.634509
 0 0.634509
 0 0.634511
 0 0.634513
 0 0.634513
 0 0.63452
 0 0.634521
 0 0.634521
 0 0.634521
 0 0.634522
 0 0.634522
 0 0.634529
 0 0.634529
 0 0.634533
 0 0.634533
 0 0.634535
 0 0.634535
 0 0.634536
 0 0.634536
 0 0.634536
 0 0.634544
 0 0.634544
 0 0.634544
 0 0.634548
 0 0.634548
 0 0.634548
 0 0.634553
 0 0.634553
 0 0.634591
 0 0.634593
 0 0.634594
 0 0.634594
 0 0.634594
 0 0.634594
 0 0.634594
 0 0.634594
 0 0.634605
 0 0.634624
 0 0.634624
 0 0.634646
 0 0.634646
 0 0.634646
 0 0.634675
 0 0.634677
 0 0.634684
 0 0.634684
 0 0.634685
 0 0.634685
 0 0.634685
 0 0.634685
 0 0.634688
 0 0.634689
 0 0.634699
 0 0.634699
 0 0.6347
 0 0.634705
 0 0.634705
 0 0.634705
 0 0.634706
 0 0.634706
 0 0.634711
 0 0.634711
 0 0.634729
 0 0.63473
 0 0.634731
 0 0.634731
 0 0.634732
 0 0.634736
 0 0.634736
 0 0.634737
 0 0.634739
 0 0.634748
 0 0.634748
 0 0.634755
 0 0.634755
 0 0.634755
 0 0.634756
 0 0.634759
 0 0.634762
 0 0.634762
 0 0.634767
 0 0.634767
 0 0.634772
 0 0.634774
 0 0.634782
 0 0.63479
 0 0.63479
 0 0.634807
 0 0.634807
 0 0.634807
 0 0.634808
 0 0.634808
 0 0.634808
 0 0.634809
 0 0.634812
 0 0.634813
 0 0.634813
 0 0.634813
 0 0.634826
 0 0.634826
 0 0.634827
 0 0.634827
 0 0.634832
 0 0.634834
 0 0.634842
 0 0.634849
 0 0.634851
 0 0.63487
 0 0.634871
 0 0.634873
 0 0.634875
 0 0.634875
 0 0.634876
 0 0.634876
 0 0.634896
 0 0.634896
 0 0.634897
 0 0.634897
 0 0.634898
 0 0.634912
 0 0.634912
 0 0.634912
 0 0.634918
 0 0.634918
 0 0.634919
 0 0.634919
 0 0.634922
 0 0.634933
 0 0.634934
 0 0.634944
 0 0.634944
 0 0.634944
 0 0.634945
 0 0.634946
 0 0.634948
 0 0.634951
 0 0.634951
 0 0.634994
 0 0.635003
 0 0.635003
 0 0.635007
 0 0.635009
 0 0.63501
 0 0.635011
 0 0.635013
 0 0.635013
 0 0.635013
 0 0.635013
 0 0.635029
 0 0.635044
 0 0.635046
 0 0.635048
 0 0.635051
 0 0.635051
 0 0.635051
 0 0.635059
 0 0.635059
 0 0.63506
 0 0.63506
 0 0.63506
 0 0.635072
 0 0.635072
 0 0.635072
 0 0.635072
 0 0.635076
 0 0.635079
 0 0.63508
 0 0.63508
 0 0.63508
 0 0.635081
 0 0.635082
 0 0.635083
 0 0.635083
 0 0.635084
 0 0.635089
 0 0.635089
 0 0.63509
 0 0.635095
 0 0.635095
 0 0.635095
 0 0.635095
 0 0.635096
 0 0.635097
 0 0.635098
 0 0.635099
 0 0.635107
 0 0.635107
 0 0.635121
 0 0.635122
 0 0.635123
 0 0.635132
 0 0.635132
 0 0.635133
 0 0.635136
 0 0.635137
 0 0.635138
 0 0.635147
 0 0.635149
 0 0.635152
 0 0.635158
 0 0.635174
 0 0.635174
 0 0.635174
 0 0.63518
 0 0.635209
 0 0.635209
 0 0.635221
 0 0.635226
 0 0.635228
 0 0.635228
 0 0.635235
 0 0.635235
 0 0.635235
 0 0.635246
 0 0.635246
 0 0.635246
 0 0.635248
 0 0.635249
 0 0.63525
 0 0.63525
 0 0.63525
 0 0.635255
 0 0.635259
 0 0.63526
 0 0.63526
 0 0.63526
 0 0.635262
 0 0.635265
 0 0.635265
 0 0.635266
 0 0.635285
 0 0.635285
 0 0.63529
 0 0.635294
 0 0.635298
 0 0.635299
 0 0.635304
 0 0.635304
 0 0.635304
 0 0.63531
 0 0.635325
 0 0.635332
 0 0.635332
 0 0.635334
 0 0.635335
 0 0.635335
 0 0.635335
 0 0.635336
 0 0.635349
 0 0.63535
 0 0.635353
 0 0.635354
 0 0.635354
 0 0.635354
 0 0.635367
 0 0.635367
 0 0.635384
 0 0.635385
 0 0.635386
 0 0.635387
 0 0.635388
 0 0.635405
 0 0.635406
 0 0.635408
 0 0.635409
 0 0.635409
 0 0.635409
 0 0.63541
 0 0.635411
 0 0.635412
 0 0.635424
 0 0.635424
 0 0.635426
 0 0.635426
 0 0.635426
 0 0.635426
 0 0.63543
 0 0.635434
 0 0.635456
 0 0.635456
 0 0.635456
 0 0.635458
 0 0.635458
 0 0.63546
 0 0.63546
 0 0.63546
 0 0.635469
 0 0.635473
 0 0.635479
 0 0.635494
 0 0.635495
 0 0.635495
 0 0.635513
 0 0.635524
 0 0.635524
 0 0.635529
 0 0.635532
 0 0.635532
 0 0.635545
 0 0.635556
 0 0.635593
 0 0.635621
 0 0.635622
 0 0.635633
 0 0.635633
 0 0.635634
 0 0.635648
 0 0.635648
 0 0.635648
 0 0.635653
 0 0.635653
 0 0.635653
 0 0.635654
 0 0.635654
 0 0.63567
 0 0.63567
 0 0.635679
 0 0.635686
 0 0.635687
 0 0.635687
 0 0.635715
 0 0.635727
 0 0.635737
 0 0.635737
 0 0.635743
 0 0.635752
 0 0.635762
 0 0.635762
 0 0.635764
 0 0.635764
 0 0.635764
 0 0.635771
 0 0.635787
 0 0.635798
 0 0.635798
 0 0.6358
 0 0.635805
 0 0.635806
 0 0.635807
 0 0.635816
 0 0.635827
 0 0.635828
 0 0.635828
 0 0.635831
 0 0.63584
 0 0.635852
 0 0.635865
 0 0.635895
 0 0.635895
 0 0.635903
 0 0.635903
 0 0.635904
 0 0.635904
 0 0.635929
 0 0.63593
 0 0.635962
 0 0.635978
 0 0.635978
 0 0.635988
 0 0.636001
 0 0.636001
 0 0.636001
 0 0.636002
 0 0.636034
 0 0.636035
 0 0.636035
 0 0.636068
 0 0.636069
 0 0.636069
 0 0.63607
 0 0.63607
 0 0.636092
 0 0.636095
 0 0.636095
 0 0.636096
 0 0.636133
 0 0.636134
 0 0.636138
 0 0.63614
 0 0.636142
 0 0.636192
 0 0.636192
 0 0.636193
 0 0.636193
 0 0.636206
 0 0.636207
 0 0.636231
 0 0.636231
 0 0.636235
 0 0.636253
 0 0.636256
 0 0.636279
 0 0.636279
 0 0.636279
 0 0.636303
 0 0.636304
 0 0.636335
 0 0.636335
 0 0.636337
 0 0.636343
 0 0.636343
 0 0.636343
 0 0.636343
 0 0.636358
 0 0.636395
 0 0.636395
 0 0.636406
 0 0.636407
 0 0.636449
 0 0.636482
 0 0.636482
 0 0.636482
 0 0.636483
 0 0.636483
 0 0.636494
 0 0.636494
 0 0.636497
 0 0.63652
 0 0.63652
 0 0.636547
 0 0.636549
 0 0.636582
 0 0.636582
 0 0.636582
 0 0.636583
 0 0.636591
 0 0.636592
 0 0.636642
 0 0.636642
 0 0.636644
 0 0.636645
 0 0.636645
 0 0.636657
 0 0.63667
 0 0.636672
 0 0.636707
 0 0.636727
 0 0.636762
 0 0.636763
 0 0.636763
 0 0.636764
 0 0.63678
 0 0.63678
 0 0.636782
 0 0.636843
 0 0.636844
 0 0.636895
 0 0.636896
 0 0.636907
 0 0.63691
 0 0.63691
 0 0.636912
 0 0.636913
 0 0.636913
 0 0.636913
 0 0.636918
 0 0.636921
 0 0.636928
 0 0.636928
 0 0.636971
 0 0.636971
 0 0.636972
 0 0.637086
 0 0.637106
 0 0.637106
 0 0.637107
 0 0.637144
 0 0.637145
 0 0.637156
 0 0.637157
 0 0.637157
 0 0.637246
 0 0.637249
 0 0.63725
 0 0.637255
 0 0.637255
 0 0.637255
 0 0.637255
 0 0.637273
 0 0.637274
 0 0.637299
 0 0.637299
 0 0.637299
 0 0.637528
 0 0.637552
 0 0.637552
 0 0.637573
 0 0.637587
 0 0.63761
 0 0.637616
 0 0.637616
 0 0.637674
 0 0.637675
 0 0.637675
 0 0.637675
 0 0.637691
 0 0.637748
 0 0.637757
 0 0.637757
 0 0.637759
 0 0.63776
 0 0.637781
 0 0.637783
 0 0.637783
 0 0.637813
 0 0.637845
 0 0.637872
 0 0.637872
 0 0.637929
 0 0.637929
 0 0.637929
 0 0.637929
 0 0.637954
 0 0.637955
 0 0.637966
 0 0.637966
 0 0.637967
 0 0.637991
 0 0.637991
 0 0.638049
 0 0.63808
 0 0.638081
 0 0.638098
 0 0.638098
 0 0.638236
 0 0.638246
 0 0.63829
 0 0.638437
 0 0.638456
 0 0.638457
 0 0.638458
 0 0.638472
 0 0.638521
 0 0.638521
 0 0.63859
 0 0.638591
 0 0.638678
 0 0.638678
 0 0.638701
 0 0.638701
 0 0.638752
 0 0.638752
 0 0.638872
 0 0.638929
 0 0.639056
 0 0.639203
 0 0.639203
 0 0.63927
 0 0.63927
 0 0.63927
 0 0.63947
 0 0.640301
 0 0.640301
 0 0.640538
 0 0.640539
 0 0.640539
 0 0.640714
 0 0.640714
 0 0.640863
 0 0.641026
 0 0.641027
 0 0.64207
 0 0.64207
 0 0.643202
 0 0.643202
 0 0.643202
 0 0.64323
 0 0.914249
 0 0.914249
 0 0.914249
 0 0.914519
 0 0.914841
 0 0.914843
 0 1.35368
 0 1.35368
 0 1.35368
 0 1.35368
 0 1.35368
 0 1.35461
 0 inf
