 0 0.484323
 0 0.484711
 0 0.484711
 0 0.485135
 0 0.485532
 0 0.485532
 0 0.489363
 0 0.489363
 0 0.489964
 0 0.489964
 0 0.490024
 0 0.490026
 0 0.490028
 0 0.490047
 0 0.490047
 0 0.490284
 0 0.490454
 0 0.490883
 0 0.622374
 0 0.622634
 0 0.622714
 0 0.622714
 0 0.62315
 0 0.62315
 0 0.623452
 0 0.623545
 0 0.623572
 0 0.623572
 0 0.623714
 0 0.623714
 0 0.623899
 0 0.623966
 0 0.624138
 0 0.624138
 0 0.624138
 0 0.624138
 0 0.624252
 0 0.624308
 0 0.624308
 0 0.624308
 0 0.624507
 0 0.62456
 0 0.62456
 0 0.624694
 0 0.625079
 0 0.62508
 0 0.625263
 0 0.625522
 0 0.625758
 0 0.625758
 0 0.625867
 0 0.625871
 0 0.625872
 0 0.625872
 0 0.625872
 0 0.625873
 0 0.626096
 0 0.626125
 0 0.626131
 0 0.626291
 0 0.626295
 0 0.626295
 0 0.626329
 0 0.626329
 0 0.626537
 0 0.626626
 0 0.626701
 0 0.626701
 0 0.626703
 0 0.626703
 0 0.627051
 0 0.627052
 0 0.627081
 0 0.627084
 0 0.627198
 0 0.627199
 0 0.627262
 0 0.627262
 0 0.627389
 0 0.627389
 0 0.627432
 0 0.627518
 0 0.627571
 0 0.627739
 0 0.627938
 0 0.627939
 0 0.628087
 0 0.628088
 0 0.628088
 0 0.628103
 0 0.628169
 0 0.628169
 0 0.62829
 0 0.628309
 0 0.628544
 0 0.628545
 0 0.628567
 0 0.628567
 0 0.628568
 0 0.628568
 0 0.628568
 0 0.628683
 0 0.628714
 0 0.628715
 0 0.628783
 0 0.628833
 0 0.628926
 0 0.628926
 0 0.628927
 0 0.629056
 0 0.629066
 0 0.629112
 0 0.629112
 0 0.629164
 0 0.629164
 0 0.629165
 0 0.629171
 0 0.629242
 0 0.629252
 0 0.629252
 0 0.629255
 0 0.629255
 0 0.629269
 0 0.629382
 0 0.629398
 0 0.629426
 0 0.629426
 0 0.629435
 0 0.629435
 0 0.629435
 0 0.629436
 0 0.629448
 0 0.62945
 0 0.629484
 0 0.629537
 0 0.629563
 0 0.629563
 0 0.629564
 0 0.629564
 0 0.629564
 0 0.629564
 0 0.629578
 0 0.629578
 0 0.629579
 0 0.629579
 0 0.629585
 0 0.629586
 0 0.629669
 0 0.62967
 0 0.629694
 0 0.629741
 0 0.629741
 0 0.629832
 0 0.629834
 0 0.629847
 0 0.629878
 0 0.629878
 0 0.629928
 0 0.629929
 0 0.629929
 0 0.629947
 0 0.629947
 0 0.629947
 0 0.629981
 0 0.629982
 0 0.629999
 0 0.630025
 0 0.630026
 0 0.630026
 0 0.630026
 0 0.630027
 0 0.630038
 0 0.630038
 0 0.630048
 0 0.630084
 0 0.630084
 0 0.630087
 0 0.630087
 0 0.630092
 0 0.630092
 0 0.630117
 0 0.630117
 0 0.630129
 0 0.630129
 0 0.630141
 0 0.630189
 0 0.630189
 0 0.630243
 0 0.630243
 0 0.630276
 0 0.630334
 0 0.630334
 0 0.630345
 0 0.630361
 0 0.630364
 0 0.63037
 0 0.63037
 0 0.63037
 0 0.630382
 0 0.630429
 0 0.630436
 0 0.630436
 0 0.630437
 0 0.63046
 0 0.630495
 0 0.630495
 0 0.630496
 0 0.630541
 0 0.630542
 0 0.630543
 0 0.630545
 0 0.630551
 0 0.630599
 0 0.630608
 0 0.630608
 0 0.630608
 0 0.630608
 0 0.63062
 0 0.630663
 0 0.630664
 0 0.630664
 0 0.630679
 0 0.630687
 0 0.630748
 0 0.630762
 0 0.630762
 0 0.630764
 0 0.630819
 0 0.630825
 0 0.630832
 0 0.630853
 0 0.63087
 0 0.630893
 0 0.630916
 0 0.630936
 0 0.63094
 0 0.630962
 0 0.630964
 0 0.631018
 0 0.63102
 0 0.63102
 0 0.63102
 0 0.63102
 0 0.631023
 0 0.631045
 0 0.631046
 0 0.631052
 0 0.631059
 0 0.631071
 0 0.631121
 0 0.631121
 0 0.631128
 0 0.631128
 0 0.631157
 0 0.631158
 0 0.631204
 0 0.631237
 0 0.631237
 0 0.63125
 0 0.631267
 0 0.631267
 0 0.63127
 0 0.631271
 0 0.631282
 0 0.631282
 0 0.631283
 0 0.631283
 0 0.631384
 0 0.631384
 0 0.631384
 0 0.631385
 0 0.631386
 0 0.6314
 0 0.631405
 0 0.631405
 0 0.631413
 0 0.631413
 0 0.631416
 0 0.631458
 0 0.631458
 0 0.631462
 0 0.631462
 0 0.631482
 0 0.631486
 0 0.631487
 0 0.631488
 0 0.631581
 0 0.631583
 0 0.631612
 0 0.631625
 0 0.63165
 0 0.631656
 0 0.631687
 0 0.631694
 0 0.631697
 0 0.631698
 0 0.631708
 0 0.631712
 0 0.631814
 0 0.631894
 0 0.631895
 0 0.631897
 0 0.631907
 0 0.631912
 0 0.631932
 0 0.631936
 0 0.63194
 0 0.631942
 0 0.631943
 0 0.631955
 0 0.632007
 0 0.632008
 0 0.632009
 0 0.632009
 0 0.632029
 0 0.632061
 0 0.632061
 0 0.632061
 0 0.632066
 0 0.63211
 0 0.632117
 0 0.632117
 0 0.632129
 0 0.632129
 0 0.632152
 0 0.632153
 0 0.632156
 0 0.6322
 0 0.632228
 0 0.632237
 0 0.632237
 0 0.632238
 0 0.632239
 0 0.632241
 0 0.632244
 0 0.632244
 0 0.632246
 0 0.632262
 0 0.632277
 0 0.632278
 0 0.632293
 0 0.632294
 0 0.632295
 0 0.632295
 0 0.632299
 0 0.6323
 0 0.632343
 0 0.632368
 0 0.632368
 0 0.63238
 0 0.632383
 0 0.632478
 0 0.632478
 0 0.632491
 0 0.632541
 0 0.632578
 0 0.632606
 0 0.632606
 0 0.632606
 0 0.632618
 0 0.632636
 0 0.632636
 0 0.632658
 0 0.632658
 0 0.632728
 0 0.63273
 0 0.63273
 0 0.632752
 0 0.632757
 0 0.632804
 0 0.632814
 0 0.632815
 0 0.632815
 0 0.632873
 0 0.632895
 0 0.632897
 0 0.632899
 0 0.632899
 0 0.632973
 0 0.632973
 0 0.632975
 0 0.632976
 0 0.632979
 0 0.632979
 0 0.632995
 0 0.633003
 0 0.63301
 0 0.63301
 0 0.633012
 0 0.633013
 0 0.633015
 0 0.633065
 0 0.633066
 0 0.633072
 0 0.633072
 0 0.633072
 0 0.633083
 0 0.633083
 0 0.633091
 0 0.633091
 0 0.633091
 0 0.633091
 0 0.633095
 0 0.633101
 0 0.633101
 0 0.633103
 0 0.633104
 0 0.633104
 0 0.633104
 0 0.63312
 0 0.633128
 0 0.633183
 0 0.633183
 0 0.633199
 0 0.633206
 0 0.633206
 0 0.633206
 0 0.63321
 0 0.63321
 0 0.633213
 0 0.63323
 0 0.633234
 0 0.633238
 0 0.633241
 0 0.633296
 0 0.633301
 0 0.633304
 0 0.633308
 0 0.633308
 0 0.633308
 0 0.633309
 0 0.633309
 0 0.633313
 0 0.633325
 0 0.633325
 0 0.633325
 0 0.633327
 0 0.633339
 0 0.63335
 0 0.633351
 0 0.633351
 0 0.633368
 0 0.633371
 0 0.633371
 0 0.633373
 0 0.633373
 0 0.633373
 0 0.633373
 0 0.633373
 0 0.633373
 0 0.633378
 0 0.633405
 0 0.633408
 0 0.63341
 0 0.633419
 0 0.633421
 0 0.633426
 0 0.633478
 0 0.633482
 0 0.633482
 0 0.633482
 0 0.633498
 0 0.633506
 0 0.633508
 0 0.633509
 0 0.633511
 0 0.633527
 0 0.633545
 0 0.633545
 0 0.633545
 0 0.633571
 0 0.633572
 0 0.633645
 0 0.633649
 0 0.633657
 0 0.633674
 0 0.633679
 0 0.63368
 0 0.63368
 0 0.633686
 0 0.633687
 0 0.633715
 0 0.633723
 0 0.633723
 0 0.633723
 0 0.633724
 0 0.633724
 0 0.633725
 0 0.633727
 0 0.633741
 0 0.633743
 0 0.633743
 0 0.633743
 0 0.633759
 0 0.633759
 0 0.633759
 0 0.63376
 0 0.633765
 0 0.633765
 0 0.633768
 0 0.633768
 0 0.633785
 0 0.633785
 0 0.633819
 0 0.633819
 0 0.63383
 0 0.633836
 0 0.633836
 0 0.633836
 0 0.633836
 0 0.633869
 0 0.633897
 0 0.633897
 0 0.633905
 0 0.633905
 0 0.63393
 0 0.633944
 0 0.633945
 0 0.633945
 0 0.633945
 0 0.633945
 0 0.633966
 0 0.633966
 0 0.633975
 0 0.633976
 0 0.634009
 0 0.634011
 0 0.634015
 0 0.634019
 0 0.634028
 0 0.634044
 0 0.634047
 0 0.634048
 0 0.634048
 0 0.634049
 0 0.634049
 0 0.634053
 0 0.634053
 0 0.634053
 0 0.634053
 0 0.634055
 0 0.634065
 0 0.634068
 0 0.634068
 0 0.634077
 0 0.634077
 0 0.634093
 0 0.634132
 0 0.634133
 0 0.634133
 0 0.634133
 0 0.634133
 0 0.634138
 0 0.634152
 0 0.634153
 0 0.63416
 0 0.634164
 0 0.63417
 0 0.634174
 0 0.634177
 0 0.634181
 0 0.634182
 0 0.634202
 0 0.634209
 0 0.634226
 0 0.634228
 0 0.634246
 0 0.63426
 0 0.634262
 0 0.634262
 0 0.634267
 0 0.634267
 0 0.634301
 0 0.634302
 0 0.634303
 0 0.634324
 0 0.634333
 0 0.634334
 0 0.634334
 0 0.634334
 0 0.634334
 0 0.634354
 0 0.634358
 0 0.634358
 0 0.634373
 0 0.634379
 0 0.634379
 0 0.634379
 0 0.634379
 0 0.634379
 0 0.63438
 0 0.634392
 0 0.634395
 0 0.634396
 0 0.634401
 0 0.634403
 0 0.634408
 0 0.634408
 0 0.634409
 0 0.634409
 0 0.634409
 0 0.634421
 0 0.634422
 0 0.634431
 0 0.634431
 0 0.634437
 0 0.634437
 0 0.634439
 0 0.634452
 0 0.634452
 0 0.634452
 0 0.634453
 0 0.634453
 0 0.634485
 0 0.634485
 0 0.634542
 0 0.634544
 0 0.634547
 0 0.634568
 0 0.634601
 0 0.634602
 0 0.634604
 0 0.634604
 0 0.634605
 0 0.634607
 0 0.634653
 0 0.634653
 0 0.634653
 0 0.634656
 0 0.63466
 0 0.634671
 0 0.634673
 0 0.634674
 0 0.634692
 0 0.634698
 0 0.634699
 0 0.6347
 0 0.6347
 0 0.634701
 0 0.634702
 0 0.634702
 0 0.634703
 0 0.634713
 0 0.634713
 0 0.634713
 0 0.63472
 0 0.63472
 0 0.634746
 0 0.634747
 0 0.634748
 0 0.634751
 0 0.63476
 0 0.634761
 0 0.634762
 0 0.634763
 0 0.634763
 0 0.634763
 0 0.634763
 0 0.634765
 0 0.634767
 0 0.634768
 0 0.634785
 0 0.634785
 0 0.634821
 0 0.634821
 0 0.634834
 0 0.634834
 0 0.634858
 0 0.634858
 0 0.634878
 0 0.634878
 0 0.634903
 0 0.634904
 0 0.634906
 0 0.634906
 0 0.63492
 0 0.634923
 0 0.634939
 0 0.634943
 0 0.634946
 0 0.634948
 0 0.634948
 0 0.634951
 0 0.634952
 0 0.634952
 0 0.634963
 0 0.634978
 0 0.634978
 0 0.634978
 0 0.634978
 0 0.634983
 0 0.634984
 0 0.63499
 0 0.635001
 0 0.635001
 0 0.635017
 0 0.635023
 0 0.635035
 0 0.635039
 0 0.63504
 0 0.63505
 0 0.635051
 0 0.635057
 0 0.635078
 0 0.635078
 0 0.635079
 0 0.635079
 0 0.635079
 0 0.635086
 0 0.635086
 0 0.635092
 0 0.635096
 0 0.635096
 0 0.635099
 0 0.635152
 0 0.635152
 0 0.635164
 0 0.635195
 0 0.635195
 0 0.635196
 0 0.635198
 0 0.635209
 0 0.635211
 0 0.635214
 0 0.635237
 0 0.635237
 0 0.635257
 0 0.635257
 0 0.635259
 0 0.635264
 0 0.635265
 0 0.635275
 0 0.635336
 0 0.635385
 0 0.635385
 0 0.635387
 0 0.635389
 0 0.635389
 0 0.635405
 0 0.635406
 0 0.635409
 0 0.635469
 0 0.635469
 0 0.635469
 0 0.635487
 0 0.635492
 0 0.635493
 0 0.635493
 0 0.635493
 0 0.635547
 0 0.63555
 0 0.635615
 0 0.635618
 0 0.635618
 0 0.635623
 0 0.635623
 0 0.635626
 0 0.635628
 0 0.635628
 0 0.635634
 0 0.635659
 0 0.635661
 0 0.635695
 0 0.635697
 0 0.635705
 0 0.635718
 0 0.635718
 0 0.63575
 0 0.635753
 0 0.635754
 0 0.635755
 0 0.635756
 0 0.635769
 0 0.635769
 0 0.635769
 0 0.635776
 0 0.635777
 0 0.635778
 0 0.635839
 0 0.635908
 0 0.635908
 0 0.635925
 0 0.635926
 0 0.635931
 0 0.635931
 0 0.635932
 0 0.635942
 0 0.635943
 0 0.635966
 0 0.635967
 0 0.635967
 0 0.635967
 0 0.635969
 0 0.635969
 0 0.635996
 0 0.636011
 0 0.63602
 0 0.63602
 0 0.63602
 0 0.636022
 0 0.636022
 0 0.636024
 0 0.636029
 0 0.636033
 0 0.636033
 0 0.636033
 0 0.636033
 0 0.63604
 0 0.636043
 0 0.636043
 0 0.636051
 0 0.636054
 0 0.636054
 0 0.636056
 0 0.636061
 0 0.636105
 0 0.636108
 0 0.636108
 0 0.636109
 0 0.636109
 0 0.636117
 0 0.636117
 0 0.636131
 0 0.636132
 0 0.636138
 0 0.636139
 0 0.636139
 0 0.636139
 0 0.636139
 0 0.63614
 0 0.636142
 0 0.63615
 0 0.63615
 0 0.636152
 0 0.636152
 0 0.636164
 0 0.636164
 0 0.636166
 0 0.636171
 0 0.636172
 0 0.636173
 0 0.636174
 0 0.636175
 0 0.63619
 0 0.636191
 0 0.636191
 0 0.636191
 0 0.636191
 0 0.636271
 0 0.636303
 0 0.636329
 0 0.636332
 0 0.636341
 0 0.636341
 0 0.636356
 0 0.636391
 0 0.636392
 0 0.636392
 0 0.636397
 0 0.636399
 0 0.63641
 0 0.63641
 0 0.636411
 0 0.636419
 0 0.63645
 0 0.63645
 0 0.636466
 0 0.636466
 0 0.636486
 0 0.636486
 0 0.636486
 0 0.636514
 0 0.636517
 0 0.636517
 0 0.636544
 0 0.636545
 0 0.6366
 0 0.636601
 0 0.63663
 0 0.636634
 0 0.636636
 0 0.636637
 0 0.636637
 0 0.636637
 0 0.636649
 0 0.636653
 0 0.636654
 0 0.636692
 0 0.636692
 0 0.636692
 0 0.6367
 0 0.6367
 0 0.636707
 0 0.636726
 0 0.636735
 0 0.636753
 0 0.636768
 0 0.63677
 0 0.636804
 0 0.636804
 0 0.636804
 0 0.63681
 0 0.636824
 0 0.636849
 0 0.636849
 0 0.636851
 0 0.636851
 0 0.636876
 0 0.63688
 0 0.63694
 0 0.636944
 0 0.636944
 0 0.636945
 0 0.636949
 0 0.636951
 0 0.637043
 0 0.637051
 0 0.637062
 0 0.637077
 0 0.637077
 0 0.637091
 0 0.637095
 0 0.637098
 0 0.637108
 0 0.637108
 0 0.637108
 0 0.637112
 0 0.637113
 0 0.637114
 0 0.637116
 0 0.637134
 0 0.637134
 0 0.637197
 0 0.637197
 0 0.637197
 0 0.637199
 0 0.637219
 0 0.63722
 0 0.637225
 0 0.637238
 0 0.637238
 0 0.637239
 0 0.637257
 0 0.637269
 0 0.637303
 0 0.637309
 0 0.63731
 0 0.637311
 0 0.637313
 0 0.637313
 0 0.637322
 0 0.637327
 0 0.637335
 0 0.63734
 0 0.637349
 0 0.637372
 0 0.637372
 0 0.637372
 0 0.637372
 0 0.637372
 0 0.637396
 0 0.637397
 0 0.637399
 0 0.637399
 0 0.637405
 0 0.637405
 0 0.637405
 0 0.637405
 0 0.637407
 0 0.637416
 0 0.637416
 0 0.637424
 0 0.637424
 0 0.63744
 0 0.637446
 0 0.637452
 0 0.637478
 0 0.637508
 0 0.637516
 0 0.637531
 0 0.637535
 0 0.637559
 0 0.637563
 0 0.637568
 0 0.637613
 0 0.637652
 0 0.637652
 0 0.637652
 0 0.637655
 0 0.637657
 0 0.637659
 0 0.637662
 0 0.637667
 0 0.637668
 0 0.63767
 0 0.637671
 0 0.637671
 0 0.637676
 0 0.637676
 0 0.637691
 0 0.637691
 0 0.637691
 0 0.637737
 0 0.637737
 0 0.637744
 0 0.637763
 0 0.637763
 0 0.637764
 0 0.637772
 0 0.637772
 0 0.637781
 0 0.637781
 0 0.637781
 0 0.637781
 0 0.637781
 0 0.637783
 0 0.63779
 0 0.63779
 0 0.637794
 0 0.637804
 0 0.637819
 0 0.637821
 0 0.637828
 0 0.637874
 0 0.637875
 0 0.63788
 0 0.637881
 0 0.637882
 0 0.637895
 0 0.637896
 0 0.637915
 0 0.637932
 0 0.637932
 0 0.637932
 0 0.637932
 0 0.637932
 0 0.637951
 0 0.637976
 0 0.637978
 0 0.63798
 0 0.638055
 0 0.638055
 0 0.638057
 0 0.638057
 0 0.638057
 0 0.638057
 0 0.638058
 0 0.638063
 0 0.638063
 0 0.638065
 0 0.638065
 0 0.638082
 0 0.638083
 0 0.638095
 0 0.638096
 0 0.638118
 0 0.638135
 0 0.638153
 0 0.638161
 0 0.638161
 0 0.638163
 0 0.638163
 0 0.638179
 0 0.638218
 0 0.638256
 0 0.638256
 0 0.638268
 0 0.638269
 0 0.638273
 0 0.638309
 0 0.638395
 0 0.638397
 0 0.638418
 0 0.638418
 0 0.638418
 0 0.638424
 0 0.638424
 0 0.638453
 0 0.638453
 0 0.638453
 0 0.638492
 0 0.638492
 0 0.638492
 0 0.638525
 0 0.638533
 0 0.638533
 0 0.63855
 0 0.638551
 0 0.638551
 0 0.638587
 0 0.638612
 0 0.638612
 0 0.638647
 0 0.638676
 0 0.638676
 0 0.638703
 0 0.638713
 0 0.638715
 0 0.638721
 0 0.638721
 0 0.638722
 0 0.638722
 0 0.638753
 0 0.638753
 0 0.638754
 0 0.638754
 0 0.638784
 0 0.638805
 0 0.638818
 0 0.638819
 0 0.63882
 0 0.638821
 0 0.638825
 0 0.638864
 0 0.638864
 0 0.638865
 0 0.638866
 0 0.638888
 0 0.638888
 0 0.638888
 0 0.638904
 0 0.63893
 0 0.638932
 0 0.638932
 0 0.638933
 0 0.63894
 0 0.63894
 0 0.63894
 0 0.638941
 0 0.638949
 0 0.638955
 0 0.638959
 0 0.638964
 0 0.63897
 0 0.638971
 0 0.638975
 0 0.63899
 0 0.63899
 0 0.639006
 0 0.639073
 0 0.639077
 0 0.639109
 0 0.639117
 0 0.639188
 0 0.639212
 0 0.639214
 0 0.639215
 0 0.639221
 0 0.639221
 0 0.639236
 0 0.639241
 0 0.639248
 0 0.639345
 0 0.639346
 0 0.639346
 0 0.639359
 0 0.639359
 0 0.639371
 0 0.639459
 0 0.639538
 0 0.639539
 0 0.63957
 0 0.63957
 0 0.639596
 0 0.639597
 0 0.639597
 0 0.6396
 0 0.639603
 0 0.639644
 0 0.639646
 0 0.639647
 0 0.639671
 0 0.639671
 0 0.639674
 0 0.639674
 0 0.639675
 0 0.639689
 0 0.639695
 0 0.639695
 0 0.639705
 0 0.639705
 0 0.639735
 0 0.639736
 0 0.639756
 0 0.639758
 0 0.639758
 0 0.639792
 0 0.639792
 0 0.639793
 0 0.639847
 0 0.639847
 0 0.639867
 0 0.639877
 0 0.639888
 0 0.639889
 0 0.639941
 0 0.639942
 0 0.64004
 0 0.640047
 0 0.640047
 0 0.640049
 0 0.640177
 0 0.640177
 0 0.640177
 0 0.640177
 0 0.640177
 0 0.640253
 0 0.640288
 0 0.64029
 0 0.640291
 0 0.640294
 0 0.640366
 0 0.64044
 0 0.64044
 0 0.640473
 0 0.640474
 0 0.640528
 0 0.64054
 0 0.64054
 0 0.640556
 0 0.640572
 0 0.640591
 0 0.640591
 0 0.640647
 0 0.640649
 0 0.640678
 0 0.640697
 0 0.640703
 0 0.640703
 0 0.640794
 0 0.640804
 0 0.640804
 0 0.640807
 0 0.640816
 0 0.640816
 0 0.640816
 0 0.640919
 0 0.640919
 0 0.640946
 0 0.640947
 0 0.640949
 0 0.640949
 0 0.6411
 0 0.6411
 0 0.641171
 0 0.641172
 0 0.641172
 0 0.641196
 0 0.6412
 0 0.641212
 0 0.641212
 0 0.641259
 0 0.641259
 0 0.641406
 0 0.64142
 0 0.641443
 0 0.641443
 0 0.64145
 0 0.641451
 0 0.641525
 0 0.641526
 0 0.641542
 0 0.641542
 0 0.641606
 0 0.641678
 0 0.641678
 0 0.641678
 0 0.641691
 0 0.641707
 0 0.641708
 0 0.641716
 0 0.641789
 0 0.641789
 0 0.64179
 0 0.641807
 0 0.641816
 0 0.641878
 0 0.642022
 0 0.642025
 0 0.642025
 0 0.642025
 0 0.642025
 0 0.642025
 0 0.642026
 0 0.642054
 0 0.642054
 0 0.642056
 0 0.642071
 0 0.642079
 0 0.642079
 0 0.642082
 0 0.642139
 0 0.642139
 0 0.642164
 0 0.642218
 0 0.642218
 0 0.642291
 0 0.642291
 0 0.642458
 0 0.642459
 0 0.642616
 0 0.642628
 0 0.642628
 0 0.642705
 0 0.642721
 0 0.642723
 0 0.642723
 0 0.642742
 0 0.642742
 0 0.642743
 0 0.642745
 0 0.642762
 0 0.642762
 0 0.642767
 0 0.642767
 0 0.642874
 0 0.642874
 0 0.642877
 0 0.642879
 0 0.642879
 0 0.642898
 0 0.642946
 0 0.642957
 0 0.642962
 0 0.64297
 0 0.642971
 0 0.642989
 0 0.64299
 0 0.643212
 0 0.643258
 0 0.643258
 0 0.643258
 0 0.643258
 0 0.643277
 0 0.643277
 0 0.643343
 0 0.643374
 0 0.643446
 0 0.643477
 0 0.643525
 0 0.643526
 0 0.643535
 0 0.643535
 0 0.643551
 0 0.643616
 0 0.643617
 0 0.643617
 0 0.643743
 0 0.643747
 0 0.643899
 0 0.643907
 0 0.644085
 0 0.644085
 0 0.644085
 0 0.64409
 0 0.64409
 0 0.644128
 0 0.644147
 0 0.644252
 0 0.644252
 0 0.644252
 0 0.644252
 0 0.644255
 0 0.644255
 0 0.644256
 0 0.644257
 0 0.644301
 0 0.644584
 0 0.644594
 0 0.644594
 0 0.644609
 0 0.644609
 0 0.644631
 0 0.644632
 0 0.644983
 0 0.645018
 0 0.645018
 0 0.645305
 0 0.645404
 0 0.645404
 0 0.645405
 0 0.645405
 0 0.645547
 0 0.645631
 0 0.645631
 0 0.645634
 0 0.645816
 0 0.645816
 0 0.646077
 0 0.646084
 0 0.646084
 0 0.646118
 0 0.6463
 0 0.646304
 0 0.646315
 0 0.646316
 0 0.646318
 0 0.646318
 0 0.646505
 0 0.646505
 0 0.646505
 0 0.646913
 0 0.646916
 0 0.647483
 0 0.648004
 0 0.648006
 0 0.648006
 0 0.648007
 0 0.648488
 0 0.648654
 0 0.648655
 0 0.648655
 0 0.648658
 0 0.648837
 0 0.64908
 0 0.649083
 0 0.662056
 0 0.662579
 0 0.66258
 0 0.66258
 0 0.663025
 0 0.663025
 0 0.677706
 0 0.67771
 0 0.677711
 0 0.678464
 0 0.678464
 0 0.679036
 0 0.692782
 0 0.692783
 0 0.693258
 0 0.693733
 0 0.693735
 0 0.693995
 0 0.784181
 0 0.784288
 0 0.784288
 0 0.78429
 0 0.78429
 0 0.78429
 0 inf
