 0 0.489026
 0 0.489026
 0 0.489026
 0 0.4899
 0 0.490555
 0 0.490555
 0 0.495912
 0 0.495912
 0 0.496295
 0 0.496834
 0 0.496835
 0 0.496835
 0 0.623475
 0 0.623691
 0 0.623691
 0 0.623691
 0 0.623691
 0 0.624169
 0 0.624325
 0 0.625193
 0 0.625193
 0 0.625498
 0 0.625498
 0 0.6255
 0 0.625697
 0 0.626049
 0 0.626049
 0 0.626398
 0 0.6264
 0 0.626486
 0 0.626555
 0 0.626555
 0 0.626601
 0 0.626623
 0 0.626658
 0 0.626669
 0 0.626679
 0 0.626679
 0 0.626855
 0 0.626855
 0 0.626978
 0 0.626978
 0 0.627208
 0 0.627208
 0 0.627208
 0 0.627314
 0 0.627325
 0 0.627325
 0 0.627393
 0 0.627415
 0 0.62757
 0 0.62757
 0 0.627578
 0 0.627578
 0 0.627578
 0 0.627594
 0 0.627594
 0 0.627595
 0 0.627623
 0 0.627648
 0 0.627648
 0 0.627678
 0 0.627865
 0 0.627865
 0 0.627865
 0 0.627938
 0 0.627958
 0 0.62798
 0 0.628044
 0 0.628047
 0 0.628066
 0 0.628163
 0 0.628163
 0 0.628164
 0 0.628164
 0 0.628164
 0 0.628176
 0 0.628176
 0 0.628176
 0 0.628223
 0 0.628246
 0 0.628259
 0 0.628288
 0 0.628289
 0 0.628354
 0 0.628415
 0 0.628466
 0 0.628466
 0 0.628467
 0 0.628473
 0 0.628473
 0 0.628497
 0 0.628583
 0 0.628621
 0 0.628621
 0 0.628623
 0 0.628717
 0 0.628717
 0 0.628765
 0 0.628778
 0 0.62878
 0 0.628781
 0 0.628798
 0 0.628799
 0 0.62885
 0 0.628851
 0 0.628854
 0 0.62886
 0 0.62886
 0 0.628886
 0 0.628889
 0 0.628893
 0 0.62893
 0 0.628975
 0 0.628975
 0 0.629013
 0 0.629015
 0 0.629022
 0 0.629022
 0 0.629022
 0 0.629022
 0 0.629025
 0 0.629039
 0 0.629085
 0 0.629086
 0 0.629157
 0 0.629165
 0 0.629218
 0 0.629277
 0 0.629277
 0 0.629277
 0 0.629277
 0 0.629285
 0 0.629285
 0 0.629317
 0 0.629318
 0 0.629318
 0 0.629324
 0 0.629325
 0 0.629325
 0 0.629352
 0 0.629398
 0 0.629398
 0 0.629403
 0 0.629412
 0 0.629413
 0 0.629467
 0 0.629468
 0 0.629502
 0 0.629544
 0 0.62956
 0 0.629573
 0 0.629574
 0 0.629574
 0 0.62958
 0 0.62958
 0 0.629584
 0 0.629585
 0 0.629607
 0 0.629607
 0 0.629607
 0 0.629607
 0 0.629608
 0 0.629608
 0 0.629629
 0 0.629633
 0 0.629654
 0 0.629654
 0 0.629655
 0 0.629671
 0 0.629696
 0 0.629708
 0 0.629746
 0 0.629749
 0 0.629809
 0 0.629829
 0 0.62987
 0 0.62987
 0 0.629931
 0 0.629944
 0 0.629945
 0 0.629945
 0 0.629945
 0 0.629945
 0 0.629972
 0 0.629974
 0 0.629988
 0 0.629994
 0 0.630001
 0 0.630001
 0 0.630018
 0 0.630018
 0 0.630024
 0 0.630025
 0 0.630025
 0 0.630049
 0 0.63005
 0 0.63005
 0 0.630105
 0 0.630121
 0 0.630145
 0 0.630145
 0 0.630166
 0 0.630167
 0 0.630183
 0 0.630185
 0 0.630202
 0 0.630213
 0 0.630217
 0 0.630218
 0 0.63022
 0 0.63022
 0 0.630221
 0 0.630254
 0 0.630257
 0 0.630269
 0 0.630269
 0 0.630325
 0 0.630326
 0 0.630334
 0 0.630335
 0 0.630335
 0 0.630336
 0 0.63038
 0 0.630382
 0 0.630391
 0 0.630392
 0 0.6304
 0 0.630402
 0 0.630405
 0 0.630405
 0 0.630411
 0 0.630496
 0 0.630496
 0 0.630497
 0 0.630501
 0 0.630502
 0 0.630503
 0 0.630521
 0 0.630548
 0 0.630549
 0 0.630555
 0 0.630555
 0 0.630557
 0 0.630564
 0 0.63057
 0 0.63057
 0 0.630575
 0 0.630575
 0 0.630575
 0 0.630575
 0 0.630576
 0 0.630576
 0 0.630581
 0 0.630581
 0 0.630616
 0 0.63065
 0 0.63065
 0 0.630652
 0 0.630658
 0 0.630692
 0 0.630692
 0 0.630692
 0 0.630702
 0 0.630702
 0 0.630709
 0 0.63071
 0 0.630711
 0 0.630712
 0 0.630713
 0 0.630838
 0 0.630839
 0 0.63085
 0 0.630855
 0 0.630856
 0 0.630856
 0 0.630861
 0 0.630861
 0 0.630861
 0 0.630864
 0 0.630864
 0 0.630864
 0 0.630866
 0 0.630879
 0 0.63088
 0 0.63088
 0 0.630885
 0 0.630888
 0 0.630894
 0 0.630894
 0 0.630898
 0 0.630901
 0 0.630905
 0 0.630906
 0 0.630934
 0 0.63095
 0 0.63095
 0 0.630955
 0 0.630958
 0 0.630975
 0 0.630975
 0 0.630996
 0 0.630996
 0 0.631
 0 0.631022
 0 0.631067
 0 0.63109
 0 0.631091
 0 0.631091
 0 0.631091
 0 0.631128
 0 0.631128
 0 0.631128
 0 0.631128
 0 0.631129
 0 0.631142
 0 0.631148
 0 0.631149
 0 0.631149
 0 0.63115
 0 0.631159
 0 0.631159
 0 0.631159
 0 0.63116
 0 0.631165
 0 0.631166
 0 0.631168
 0 0.631168
 0 0.631168
 0 0.631175
 0 0.631178
 0 0.631179
 0 0.631212
 0 0.631212
 0 0.631219
 0 0.631278
 0 0.63128
 0 0.63128
 0 0.63128
 0 0.631281
 0 0.631281
 0 0.631282
 0 0.631283
 0 0.631317
 0 0.631318
 0 0.631324
 0 0.631341
 0 0.631348
 0 0.631356
 0 0.631357
 0 0.631374
 0 0.631392
 0 0.631392
 0 0.631401
 0 0.631402
 0 0.631402
 0 0.631406
 0 0.631407
 0 0.631421
 0 0.631424
 0 0.631438
 0 0.631458
 0 0.631458
 0 0.631467
 0 0.631467
 0 0.631495
 0 0.631495
 0 0.631495
 0 0.631495
 0 0.63152
 0 0.63152
 0 0.631525
 0 0.631529
 0 0.631547
 0 0.631574
 0 0.631574
 0 0.631574
 0 0.631586
 0 0.631586
 0 0.631586
 0 0.63159
 0 0.63159
 0 0.631599
 0 0.631599
 0 0.6316
 0 0.631608
 0 0.63164
 0 0.63165
 0 0.631651
 0 0.631669
 0 0.631677
 0 0.631695
 0 0.631695
 0 0.631697
 0 0.631698
 0 0.631699
 0 0.6317
 0 0.631701
 0 0.631702
 0 0.631702
 0 0.631706
 0 0.631711
 0 0.631711
 0 0.631751
 0 0.631758
 0 0.631772
 0 0.631776
 0 0.631776
 0 0.631776
 0 0.631781
 0 0.631792
 0 0.631805
 0 0.631807
 0 0.631807
 0 0.631807
 0 0.631808
 0 0.631809
 0 0.631809
 0 0.631813
 0 0.631816
 0 0.631819
 0 0.631819
 0 0.631819
 0 0.631819
 0 0.63182
 0 0.631841
 0 0.631864
 0 0.631864
 0 0.631877
 0 0.631878
 0 0.63189
 0 0.63189
 0 0.631891
 0 0.631891
 0 0.631897
 0 0.631926
 0 0.631926
 0 0.63194
 0 0.631941
 0 0.631942
 0 0.631942
 0 0.631956
 0 0.631957
 0 0.631957
 0 0.631961
 0 0.631962
 0 0.631963
 0 0.631972
 0 0.63199
 0 0.63199
 0 0.631995
 0 0.632
 0 0.632001
 0 0.632002
 0 0.632002
 0 0.632004
 0 0.632005
 0 0.632005
 0 0.632005
 0 0.63204
 0 0.63204
 0 0.632047
 0 0.632047
 0 0.632057
 0 0.632058
 0 0.632058
 0 0.632058
 0 0.632059
 0 0.63206
 0 0.632066
 0 0.632066
 0 0.632067
 0 0.632067
 0 0.632069
 0 0.632071
 0 0.632071
 0 0.632075
 0 0.632077
 0 0.632082
 0 0.632082
 0 0.632083
 0 0.632085
 0 0.632089
 0 0.63209
 0 0.632091
 0 0.632092
 0 0.632124
 0 0.632124
 0 0.63213
 0 0.632135
 0 0.632151
 0 0.632151
 0 0.632177
 0 0.632185
 0 0.63221
 0 0.63221
 0 0.63221
 0 0.63221
 0 0.63221
 0 0.63221
 0 0.632211
 0 0.632212
 0 0.63222
 0 0.63228
 0 0.632281
 0 0.632286
 0 0.632299
 0 0.632335
 0 0.632344
 0 0.632344
 0 0.632345
 0 0.632345
 0 0.632345
 0 0.632348
 0 0.632349
 0 0.63235
 0 0.632357
 0 0.63236
 0 0.632361
 0 0.632393
 0 0.632394
 0 0.632422
 0 0.632422
 0 0.632433
 0 0.632434
 0 0.632434
 0 0.632447
 0 0.632448
 0 0.632448
 0 0.632457
 0 0.632498
 0 0.632503
 0 0.632504
 0 0.632509
 0 0.632516
 0 0.632516
 0 0.632517
 0 0.632529
 0 0.632532
 0 0.632532
 0 0.632537
 0 0.632538
 0 0.632539
 0 0.632545
 0 0.632551
 0 0.632551
 0 0.632569
 0 0.632569
 0 0.632572
 0 0.632572
 0 0.632572
 0 0.632573
 0 0.632581
 0 0.632584
 0 0.63259
 0 0.632595
 0 0.632598
 0 0.632602
 0 0.632602
 0 0.632602
 0 0.632609
 0 0.63261
 0 0.632612
 0 0.632624
 0 0.632625
 0 0.632625
 0 0.632625
 0 0.632639
 0 0.632665
 0 0.632682
 0 0.632682
 0 0.63271
 0 0.632711
 0 0.632737
 0 0.632738
 0 0.632745
 0 0.632745
 0 0.632754
 0 0.632755
 0 0.632777
 0 0.632779
 0 0.63278
 0 0.632783
 0 0.632798
 0 0.632798
 0 0.632813
 0 0.632822
 0 0.632828
 0 0.63283
 0 0.63283
 0 0.632846
 0 0.632847
 0 0.632854
 0 0.632854
 0 0.632862
 0 0.632862
 0 0.632862
 0 0.632866
 0 0.632874
 0 0.632899
 0 0.632908
 0 0.632908
 0 0.632908
 0 0.632929
 0 0.63293
 0 0.632937
 0 0.632938
 0 0.632943
 0 0.632943
 0 0.632943
 0 0.632944
 0 0.632946
 0 0.632946
 0 0.632946
 0 0.632946
 0 0.632949
 0 0.632961
 0 0.632962
 0 0.632965
 0 0.632965
 0 0.632965
 0 0.632966
 0 0.632967
 0 0.632968
 0 0.632968
 0 0.632977
 0 0.632978
 0 0.632997
 0 0.632998
 0 0.633006
 0 0.633006
 0 0.633006
 0 0.633006
 0 0.633007
 0 0.633007
 0 0.633022
 0 0.633035
 0 0.633039
 0 0.63304
 0 0.633044
 0 0.633061
 0 0.633089
 0 0.63312
 0 0.63312
 0 0.633128
 0 0.633146
 0 0.63316
 0 0.63316
 0 0.633169
 0 0.633169
 0 0.633195
 0 0.633196
 0 0.633196
 0 0.633213
 0 0.633213
 0 0.633213
 0 0.633215
 0 0.633216
 0 0.633225
 0 0.633226
 0 0.633226
 0 0.633231
 0 0.633232
 0 0.633255
 0 0.633255
 0 0.633256
 0 0.633257
 0 0.633258
 0 0.63326
 0 0.633267
 0 0.633309
 0 0.63331
 0 0.633316
 0 0.633316
 0 0.633317
 0 0.633348
 0 0.633349
 0 0.633351
 0 0.633352
 0 0.633352
 0 0.633355
 0 0.633357
 0 0.633357
 0 0.633358
 0 0.633362
 0 0.633363
 0 0.633378
 0 0.633383
 0 0.633483
 0 0.633483
 0 0.633493
 0 0.633494
 0 0.633497
 0 0.633509
 0 0.633509
 0 0.633509
 0 0.633514
 0 0.633519
 0 0.633519
 0 0.63352
 0 0.633525
 0 0.633525
 0 0.633529
 0 0.633529
 0 0.633539
 0 0.633539
 0 0.633539
 0 0.633549
 0 0.63356
 0 0.63356
 0 0.633562
 0 0.633562
 0 0.633584
 0 0.633585
 0 0.633586
 0 0.633597
 0 0.633603
 0 0.633603
 0 0.633625
 0 0.633646
 0 0.633656
 0 0.633658
 0 0.633663
 0 0.633663
 0 0.633663
 0 0.633663
 0 0.633664
 0 0.633664
 0 0.633665
 0 0.633673
 0 0.633717
 0 0.633717
 0 0.633717
 0 0.633741
 0 0.633742
 0 0.633742
 0 0.633743
 0 0.633745
 0 0.633745
 0 0.633746
 0 0.633758
 0 0.633767
 0 0.63378
 0 0.633793
 0 0.633798
 0 0.633798
 0 0.633805
 0 0.633805
 0 0.633809
 0 0.633809
 0 0.633815
 0 0.633815
 0 0.633815
 0 0.633822
 0 0.633829
 0 0.63383
 0 0.633831
 0 0.633831
 0 0.633831
 0 0.633833
 0 0.633835
 0 0.633835
 0 0.633837
 0 0.633872
 0 0.633872
 0 0.633872
 0 0.633882
 0 0.633893
 0 0.633894
 0 0.633908
 0 0.633909
 0 0.633909
 0 0.63391
 0 0.633911
 0 0.633913
 0 0.633916
 0 0.633916
 0 0.633916
 0 0.633917
 0 0.633917
 0 0.633936
 0 0.633936
 0 0.633936
 0 0.633938
 0 0.633942
 0 0.633943
 0 0.633943
 0 0.633943
 0 0.633947
 0 0.633948
 0 0.633951
 0 0.633953
 0 0.633954
 0 0.633957
 0 0.633958
 0 0.63396
 0 0.633961
 0 0.633972
 0 0.633997
 0 0.633999
 0 0.634004
 0 0.634004
 0 0.634004
 0 0.634028
 0 0.634031
 0 0.634057
 0 0.634057
 0 0.634058
 0 0.634059
 0 0.634067
 0 0.634067
 0 0.634067
 0 0.634067
 0 0.634093
 0 0.634093
 0 0.634094
 0 0.634102
 0 0.634106
 0 0.634107
 0 0.634108
 0 0.634113
 0 0.634128
 0 0.63413
 0 0.634147
 0 0.63415
 0 0.634152
 0 0.634152
 0 0.634154
 0 0.634154
 0 0.634154
 0 0.634165
 0 0.634174
 0 0.634174
 0 0.63418
 0 0.634181
 0 0.634182
 0 0.634197
 0 0.634198
 0 0.634198
 0 0.6342
 0 0.634213
 0 0.634213
 0 0.634213
 0 0.634213
 0 0.634213
 0 0.634213
 0 0.634213
 0 0.634228
 0 0.634228
 0 0.634228
 0 0.634237
 0 0.634237
 0 0.634237
 0 0.634237
 0 0.634239
 0 0.63424
 0 0.63424
 0 0.634251
 0 0.634251
 0 0.634265
 0 0.634265
 0 0.634268
 0 0.634268
 0 0.634269
 0 0.634269
 0 0.634282
 0 0.634282
 0 0.634298
 0 0.634298
 0 0.634303
 0 0.634304
 0 0.634304
 0 0.634304
 0 0.634313
 0 0.634313
 0 0.634313
 0 0.634329
 0 0.634363
 0 0.634396
 0 0.634396
 0 0.634396
 0 0.634404
 0 0.634405
 0 0.634414
 0 0.634414
 0 0.634419
 0 0.63442
 0 0.634421
 0 0.634421
 0 0.634424
 0 0.634425
 0 0.634438
 0 0.634438
 0 0.634448
 0 0.63445
 0 0.634451
 0 0.634454
 0 0.634462
 0 0.634467
 0 0.634467
 0 0.634468
 0 0.634476
 0 0.634478
 0 0.634489
 0 0.634516
 0 0.634518
 0 0.634518
 0 0.634518
 0 0.634555
 0 0.634555
 0 0.634559
 0 0.634559
 0 0.634567
 0 0.634568
 0 0.634571
 0 0.63459
 0 0.63459
 0 0.63459
 0 0.634591
 0 0.634599
 0 0.634599
 0 0.634601
 0 0.634607
 0 0.63461
 0 0.63461
 0 0.634611
 0 0.634622
 0 0.63463
 0 0.63463
 0 0.634633
 0 0.634634
 0 0.634666
 0 0.634666
 0 0.634668
 0 0.634671
 0 0.634673
 0 0.634689
 0 0.634689
 0 0.634706
 0 0.634706
 0 0.634708
 0 0.634708
 0 0.634718
 0 0.634718
 0 0.63472
 0 0.63472
 0 0.634729
 0 0.634735
 0 0.634735
 0 0.634735
 0 0.634751
 0 0.634752
 0 0.634752
 0 0.634752
 0 0.634756
 0 0.634757
 0 0.634795
 0 0.634802
 0 0.634808
 0 0.634808
 0 0.634811
 0 0.634811
 0 0.634812
 0 0.634823
 0 0.634823
 0 0.634823
 0 0.634825
 0 0.634832
 0 0.634833
 0 0.634844
 0 0.634858
 0 0.634858
 0 0.634869
 0 0.63487
 0 0.63487
 0 0.634871
 0 0.634877
 0 0.634877
 0 0.634877
 0 0.634879
 0 0.634879
 0 0.634889
 0 0.634892
 0 0.634904
 0 0.634906
 0 0.634932
 0 0.634935
 0 0.634942
 0 0.634942
 0 0.634943
 0 0.634943
 0 0.634943
 0 0.634944
 0 0.634944
 0 0.634944
 0 0.634944
 0 0.634947
 0 0.63495
 0 0.634951
 0 0.634952
 0 0.634952
 0 0.634954
 0 0.634969
 0 0.634969
 0 0.634975
 0 0.634975
 0 0.634995
 0 0.634995
 0 0.634995
 0 0.635001
 0 0.635002
 0 0.635009
 0 0.63502
 0 0.63502
 0 0.635024
 0 0.635029
 0 0.635029
 0 0.635032
 0 0.635037
 0 0.635037
 0 0.635047
 0 0.635049
 0 0.635052
 0 0.635052
 0 0.635081
 0 0.635082
 0 0.635095
 0 0.6351
 0 0.6351
 0 0.635116
 0 0.635121
 0 0.635121
 0 0.635139
 0 0.635145
 0 0.635152
 0 0.635158
 0 0.635158
 0 0.635168
 0 0.635168
 0 0.635168
 0 0.63518
 0 0.635182
 0 0.635185
 0 0.635187
 0 0.635187
 0 0.635211
 0 0.635242
 0 0.635246
 0 0.635246
 0 0.635249
 0 0.635249
 0 0.635257
 0 0.635261
 0 0.635278
 0 0.635278
 0 0.635278
 0 0.635278
 0 0.635279
 0 0.63529
 0 0.635291
 0 0.635292
 0 0.635296
 0 0.635297
 0 0.635314
 0 0.635314
 0 0.635328
 0 0.635333
 0 0.635334
 0 0.635334
 0 0.635353
 0 0.635353
 0 0.635362
 0 0.635363
 0 0.635368
 0 0.63537
 0 0.635374
 0 0.635374
 0 0.635398
 0 0.6354
 0 0.6354
 0 0.6354
 0 0.635401
 0 0.635401
 0 0.635401
 0 0.635413
 0 0.635414
 0 0.635437
 0 0.635438
 0 0.635439
 0 0.635441
 0 0.635441
 0 0.635455
 0 0.635458
 0 0.63546
 0 0.635463
 0 0.635463
 0 0.635483
 0 0.635483
 0 0.635494
 0 0.635495
 0 0.635514
 0 0.635515
 0 0.635545
 0 0.635545
 0 0.635545
 0 0.635547
 0 0.635549
 0 0.635554
 0 0.635554
 0 0.635554
 0 0.635554
 0 0.635554
 0 0.635554
 0 0.635554
 0 0.635554
 0 0.635554
 0 0.635555
 0 0.635555
 0 0.635557
 0 0.635557
 0 0.635558
 0 0.635558
 0 0.63558
 0 0.635581
 0 0.635583
 0 0.635599
 0 0.635604
 0 0.635607
 0 0.635612
 0 0.635643
 0 0.635648
 0 0.635653
 0 0.635653
 0 0.635653
 0 0.635672
 0 0.635672
 0 0.635672
 0 0.635681
 0 0.635682
 0 0.635693
 0 0.635695
 0 0.635696
 0 0.63572
 0 0.63572
 0 0.635721
 0 0.635724
 0 0.63573
 0 0.635731
 0 0.635731
 0 0.635732
 0 0.635758
 0 0.635761
 0 0.635763
 0 0.635768
 0 0.635769
 0 0.635775
 0 0.635775
 0 0.635778
 0 0.635779
 0 0.635781
 0 0.635781
 0 0.635781
 0 0.635805
 0 0.635809
 0 0.635816
 0 0.635816
 0 0.635816
 0 0.635816
 0 0.635831
 0 0.635831
 0 0.635852
 0 0.63587
 0 0.635889
 0 0.635889
 0 0.635891
 0 0.635891
 0 0.635892
 0 0.635892
 0 0.635894
 0 0.635894
 0 0.635894
 0 0.635919
 0 0.635939
 0 0.635944
 0 0.635947
 0 0.635955
 0 0.635955
 0 0.635968
 0 0.635969
 0 0.636004
 0 0.636004
 0 0.636005
 0 0.636007
 0 0.636007
 0 0.636011
 0 0.636012
 0 0.636026
 0 0.636026
 0 0.636027
 0 0.636044
 0 0.636058
 0 0.636058
 0 0.636058
 0 0.636058
 0 0.636065
 0 0.636067
 0 0.636087
 0 0.636087
 0 0.63609
 0 0.636103
 0 0.636103
 0 0.636103
 0 0.636105
 0 0.636106
 0 0.636106
 0 0.636111
 0 0.636111
 0 0.636117
 0 0.63612
 0 0.636126
 0 0.63613
 0 0.63613
 0 0.636131
 0 0.636139
 0 0.636151
 0 0.636152
 0 0.636156
 0 0.636158
 0 0.636159
 0 0.636166
 0 0.636166
 0 0.636166
 0 0.636168
 0 0.636174
 0 0.636193
 0 0.636205
 0 0.636205
 0 0.636215
 0 0.63623
 0 0.636242
 0 0.636243
 0 0.636249
 0 0.636249
 0 0.636286
 0 0.636287
 0 0.636288
 0 0.636288
 0 0.636289
 0 0.636289
 0 0.63631
 0 0.636318
 0 0.636351
 0 0.636367
 0 0.636368
 0 0.636413
 0 0.636415
 0 0.636417
 0 0.636417
 0 0.636417
 0 0.636426
 0 0.636427
 0 0.636428
 0 0.636434
 0 0.636434
 0 0.636454
 0 0.636454
 0 0.636466
 0 0.636479
 0 0.636479
 0 0.636481
 0 0.636486
 0 0.636501
 0 0.636503
 0 0.636518
 0 0.636526
 0 0.636526
 0 0.636526
 0 0.636526
 0 0.636552
 0 0.636563
 0 0.636563
 0 0.636563
 0 0.636564
 0 0.636568
 0 0.636614
 0 0.636642
 0 0.636643
 0 0.636643
 0 0.636644
 0 0.63666
 0 0.63666
 0 0.636695
 0 0.636698
 0 0.636699
 0 0.636706
 0 0.636706
 0 0.636707
 0 0.636707
 0 0.636708
 0 0.636732
 0 0.636793
 0 0.636793
 0 0.636795
 0 0.636795
 0 0.6368
 0 0.636804
 0 0.636804
 0 0.636805
 0 0.636805
 0 0.636842
 0 0.636855
 0 0.636856
 0 0.636857
 0 0.636863
 0 0.636863
 0 0.636863
 0 0.636863
 0 0.636864
 0 0.636866
 0 0.636882
 0 0.636883
 0 0.636883
 0 0.636884
 0 0.636884
 0 0.636888
 0 0.636958
 0 0.636958
 0 0.636958
 0 0.637042
 0 0.637087
 0 0.637088
 0 0.637101
 0 0.637146
 0 0.637148
 0 0.637153
 0 0.637154
 0 0.637155
 0 0.637188
 0 0.63719
 0 0.63719
 0 0.637238
 0 0.637241
 0 0.637241
 0 0.637241
 0 0.637245
 0 0.637258
 0 0.637258
 0 0.63726
 0 0.637266
 0 0.637267
 0 0.637267
 0 0.637268
 0 0.637268
 0 0.63727
 0 0.637276
 0 0.637288
 0 0.63729
 0 0.637293
 0 0.637293
 0 0.637293
 0 0.637318
 0 0.637318
 0 0.637318
 0 0.637323
 0 0.637323
 0 0.637324
 0 0.637349
 0 0.637355
 0 0.637355
 0 0.637407
 0 0.637407
 0 0.637407
 0 0.637452
 0 0.637457
 0 0.637464
 0 0.637465
 0 0.637487
 0 0.637489
 0 0.63749
 0 0.63749
 0 0.637534
 0 0.637536
 0 0.637536
 0 0.637555
 0 0.637565
 0 0.637565
 0 0.637565
 0 0.637609
 0 0.637609
 0 0.63761
 0 0.637635
 0 0.637641
 0 0.637788
 0 0.637788
 0 0.637822
 0 0.637822
 0 0.637822
 0 0.637835
 0 0.637835
 0 0.637889
 0 0.637889
 0 0.637907
 0 0.637909
 0 0.637912
 0 0.637935
 0 0.637976
 0 0.637976
 0 0.637976
 0 0.637999
 0 0.638
 0 0.638004
 0 0.638004
 0 0.638004
 0 0.638048
 0 0.638155
 0 0.638178
 0 0.63818
 0 0.63818
 0 0.63818
 0 0.63818
 0 0.638181
 0 0.638209
 0 0.638231
 0 0.638232
 0 0.638337
 0 0.638337
 0 0.638375
 0 0.638375
 0 0.638375
 0 0.63841
 0 0.638411
 0 0.638413
 0 0.638414
 0 0.638414
 0 0.638469
 0 0.638546
 0 0.638546
 0 0.638648
 0 0.638648
 0 0.638657
 0 0.638684
 0 0.638714
 0 0.638714
 0 0.638714
 0 0.638715
 0 0.638715
 0 0.638715
 0 0.638715
 0 0.638716
 0 0.638716
 0 0.638775
 0 0.638775
 0 0.638815
 0 0.638817
 0 0.638853
 0 0.638863
 0 0.638966
 0 0.638967
 0 0.639022
 0 0.639022
 0 0.639023
 0 0.639023
 0 0.639023
 0 0.639097
 0 0.639175
 0 0.639176
 0 0.639176
 0 0.639221
 0 0.639238
 0 0.639238
 0 0.639275
 0 0.639363
 0 0.63945
 0 0.639477
 0 0.639479
 0 0.639529
 0 0.639539
 0 0.639588
 0 0.63959
 0 0.639721
 0 0.639757
 0 0.639783
 0 0.639914
 0 0.639935
 0 0.639952
 0 0.63997
 0 0.639971
 0 0.639991
 0 0.639992
 0 0.640057
 0 0.640083
 0 0.640083
 0 0.640254
 0 0.640254
 0 0.640254
 0 0.640255
 0 0.640285
 0 0.640286
 0 0.640287
 0 0.640291
 0 0.640292
 0 0.640292
 0 0.640364
 0 0.640448
 0 0.640721
 0 0.640722
 0 0.640722
 0 0.640848
 0 0.640941
 0 0.640942
 0 0.640942
 0 0.640942
 0 0.641117
 0 0.641119
 0 0.641119
 0 0.641119
 0 0.641119
 0 0.641119
 0 0.641151
 0 0.641152
 0 0.641251
 0 0.64143
 0 0.641431
 0 0.641629
 0 0.641675
 0 0.641855
 0 0.642202
 0 0.642269
 0 0.642328
 0 0.642841
 0 0.644004
 0 0.644004
 0 0.644417
 0 0.644418
 0 0.644491
 0 0.644904
 0 inf
