 0 0.485357
 0 0.485529
 0 0.485857
 0 0.486286
 0 0.486286
 0 0.486458
 0 0.487413
 0 0.487415
 0 0.487415
 0 0.488395
 0 0.488447
 0 0.488447
 0 0.633725
 0 0.633916
 0 0.633916
 0 0.634516
 0 0.634516
 0 0.634694
 0 0.63535
 0 0.635576
 0 0.635864
 0 0.636128
 0 0.63613
 0 0.636131
 0 0.636158
 0 0.636162
 0 0.636671
 0 0.636671
 0 0.63702
 0 0.637021
 0 0.637021
 0 0.637023
 0 0.63732
 0 0.637507
 0 0.637509
 0 0.637715
 0 0.637723
 0 0.637725
 0 0.6379
 0 0.637902
 0 0.637975
 0 0.637976
 0 0.637976
 0 0.637976
 0 0.637976
 0 0.637978
 0 0.63799
 0 0.63799
 0 0.638336
 0 0.638454
 0 0.638454
 0 0.638576
 0 0.638576
 0 0.638767
 0 0.638768
 0 0.638769
 0 0.638917
 0 0.638935
 0 0.63927
 0 0.63927
 0 0.63927
 0 0.639303
 0 0.639307
 0 0.639374
 0 0.639374
 0 0.639374
 0 0.639465
 0 0.639465
 0 0.639508
 0 0.639557
 0 0.639557
 0 0.639858
 0 0.639858
 0 0.639858
 0 0.639859
 0 0.639867
 0 0.639923
 0 0.639923
 0 0.639925
 0 0.639987
 0 0.640074
 0 0.640074
 0 0.640074
 0 0.640133
 0 0.640135
 0 0.640152
 0 0.64021
 0 0.640211
 0 0.640213
 0 0.640214
 0 0.640273
 0 0.640291
 0 0.640292
 0 0.640295
 0 0.640296
 0 0.640316
 0 0.640319
 0 0.640319
 0 0.640368
 0 0.640406
 0 0.640426
 0 0.640427
 0 0.640457
 0 0.640489
 0 0.640523
 0 0.640523
 0 0.640525
 0 0.640594
 0 0.640595
 0 0.640598
 0 0.640601
 0 0.640621
 0 0.640656
 0 0.640657
 0 0.640668
 0 0.640672
 0 0.640672
 0 0.640674
 0 0.640675
 0 0.640683
 0 0.640683
 0 0.640684
 0 0.640781
 0 0.640781
 0 0.640782
 0 0.640797
 0 0.640797
 0 0.640818
 0 0.640819
 0 0.640821
 0 0.640821
 0 0.640821
 0 0.640822
 0 0.640822
 0 0.640839
 0 0.640863
 0 0.640863
 0 0.640946
 0 0.640946
 0 0.640946
 0 0.64095
 0 0.640974
 0 0.640974
 0 0.640975
 0 0.640975
 0 0.640984
 0 0.640984
 0 0.640984
 0 0.640985
 0 0.640995
 0 0.640999
 0 0.641065
 0 0.641068
 0 0.64108
 0 0.64108
 0 0.64108
 0 0.641173
 0 0.641175
 0 0.641175
 0 0.641182
 0 0.641185
 0 0.641185
 0 0.641187
 0 0.641187
 0 0.641209
 0 0.641228
 0 0.641228
 0 0.641229
 0 0.641229
 0 0.641232
 0 0.641255
 0 0.641267
 0 0.641267
 0 0.6413
 0 0.6413
 0 0.641327
 0 0.641348
 0 0.641364
 0 0.641364
 0 0.641382
 0 0.641382
 0 0.641384
 0 0.64139
 0 0.64139
 0 0.641403
 0 0.641403
 0 0.641418
 0 0.641418
 0 0.641419
 0 0.641441
 0 0.641441
 0 0.641441
 0 0.641441
 0 0.641443
 0 0.641444
 0 0.641444
 0 0.641451
 0 0.641451
 0 0.641452
 0 0.641462
 0 0.641464
 0 0.641465
 0 0.641466
 0 0.641466
 0 0.641473
 0 0.641478
 0 0.641495
 0 0.641524
 0 0.641553
 0 0.641567
 0 0.641567
 0 0.641574
 0 0.64158
 0 0.6416
 0 0.6416
 0 0.6416
 0 0.6416
 0 0.641612
 0 0.641612
 0 0.641614
 0 0.64162
 0 0.641634
 0 0.641636
 0 0.64165
 0 0.64165
 0 0.641651
 0 0.641651
 0 0.641651
 0 0.641654
 0 0.641657
 0 0.641657
 0 0.641659
 0 0.641659
 0 0.641659
 0 0.641666
 0 0.641666
 0 0.641668
 0 0.641738
 0 0.641741
 0 0.641744
 0 0.641752
 0 0.64178
 0 0.641797
 0 0.641798
 0 0.641798
 0 0.64181
 0 0.641812
 0 0.641843
 0 0.641863
 0 0.641863
 0 0.6419
 0 0.641903
 0 0.641949
 0 0.641951
 0 0.641951
 0 0.641951
 0 0.641984
 0 0.641986
 0 0.641986
 0 0.641986
 0 0.641988
 0 0.642001
 0 0.642001
 0 0.642002
 0 0.64202
 0 0.642021
 0 0.642038
 0 0.642048
 0 0.642048
 0 0.642049
 0 0.642049
 0 0.64205
 0 0.642051
 0 0.642056
 0 0.642058
 0 0.642059
 0 0.642072
 0 0.642072
 0 0.642109
 0 0.642138
 0 0.642138
 0 0.642165
 0 0.642166
 0 0.642175
 0 0.642178
 0 0.642191
 0 0.642192
 0 0.642217
 0 0.642217
 0 0.642262
 0 0.642263
 0 0.642275
 0 0.642281
 0 0.642317
 0 0.642324
 0 0.642327
 0 0.642358
 0 0.642358
 0 0.642358
 0 0.642368
 0 0.642368
 0 0.642393
 0 0.642394
 0 0.642409
 0 0.642412
 0 0.642413
 0 0.642413
 0 0.642413
 0 0.642435
 0 0.642435
 0 0.642454
 0 0.642455
 0 0.642456
 0 0.642482
 0 0.642482
 0 0.642484
 0 0.642485
 0 0.642485
 0 0.642486
 0 0.6425
 0 0.6425
 0 0.642501
 0 0.642501
 0 0.642502
 0 0.642502
 0 0.642503
 0 0.642526
 0 0.642526
 0 0.642529
 0 0.642553
 0 0.642563
 0 0.642566
 0 0.642566
 0 0.64259
 0 0.642592
 0 0.642593
 0 0.642594
 0 0.642598
 0 0.642612
 0 0.642627
 0 0.642627
 0 0.642627
 0 0.642628
 0 0.642633
 0 0.642653
 0 0.642654
 0 0.642655
 0 0.642659
 0 0.642678
 0 0.642727
 0 0.642728
 0 0.642728
 0 0.642729
 0 0.64273
 0 0.64273
 0 0.642731
 0 0.642732
 0 0.642738
 0 0.642739
 0 0.64274
 0 0.642751
 0 0.642753
 0 0.642753
 0 0.642753
 0 0.642754
 0 0.64276
 0 0.642782
 0 0.642795
 0 0.642797
 0 0.642797
 0 0.642797
 0 0.642797
 0 0.642797
 0 0.642798
 0 0.642803
 0 0.642803
 0 0.642823
 0 0.642824
 0 0.642825
 0 0.642828
 0 0.642839
 0 0.642842
 0 0.642842
 0 0.642883
 0 0.642888
 0 0.642888
 0 0.642889
 0 0.642889
 0 0.64289
 0 0.6429
 0 0.642903
 0 0.642911
 0 0.642912
 0 0.642912
 0 0.642912
 0 0.642933
 0 0.642933
 0 0.64295
 0 0.64295
 0 0.642966
 0 0.642973
 0 0.642974
 0 0.642975
 0 0.642976
 0 0.642976
 0 0.642978
 0 0.642979
 0 0.643019
 0 0.643019
 0 0.64302
 0 0.643021
 0 0.643022
 0 0.643024
 0 0.643024
 0 0.643028
 0 0.643029
 0 0.643029
 0 0.64303
 0 0.64303
 0 0.643044
 0 0.643045
 0 0.643045
 0 0.643046
 0 0.643046
 0 0.643066
 0 0.643066
 0 0.643067
 0 0.643067
 0 0.643068
 0 0.64307
 0 0.64307
 0 0.64307
 0 0.64307
 0 0.643077
 0 0.643079
 0 0.64308
 0 0.64308
 0 0.643082
 0 0.643083
 0 0.643087
 0 0.643087
 0 0.643088
 0 0.643088
 0 0.643103
 0 0.643106
 0 0.643108
 0 0.643119
 0 0.64312
 0 0.64312
 0 0.64312
 0 0.643121
 0 0.643121
 0 0.643128
 0 0.643128
 0 0.643134
 0 0.643143
 0 0.643143
 0 0.64315
 0 0.643151
 0 0.643176
 0 0.643181
 0 0.643182
 0 0.643182
 0 0.643185
 0 0.643187
 0 0.643187
 0 0.643188
 0 0.64319
 0 0.643195
 0 0.643199
 0 0.643199
 0 0.643213
 0 0.643213
 0 0.643238
 0 0.643238
 0 0.643238
 0 0.643242
 0 0.643244
 0 0.643251
 0 0.643253
 0 0.643253
 0 0.643257
 0 0.643257
 0 0.643257
 0 0.643273
 0 0.643274
 0 0.643292
 0 0.643294
 0 0.643321
 0 0.643321
 0 0.643322
 0 0.643322
 0 0.643323
 0 0.643323
 0 0.643323
 0 0.643324
 0 0.643325
 0 0.643337
 0 0.643337
 0 0.643337
 0 0.643338
 0 0.643339
 0 0.643339
 0 0.643339
 0 0.64335
 0 0.643351
 0 0.643353
 0 0.643353
 0 0.643371
 0 0.643372
 0 0.643372
 0 0.643387
 0 0.643402
 0 0.643403
 0 0.643407
 0 0.643407
 0 0.643413
 0 0.643414
 0 0.643423
 0 0.643423
 0 0.643424
 0 0.643459
 0 0.643463
 0 0.643466
 0 0.643467
 0 0.643467
 0 0.643477
 0 0.643477
 0 0.64348
 0 0.643482
 0 0.643529
 0 0.643529
 0 0.643531
 0 0.643534
 0 0.643541
 0 0.643541
 0 0.643542
 0 0.64355
 0 0.643551
 0 0.643572
 0 0.643573
 0 0.643577
 0 0.643583
 0 0.643587
 0 0.643587
 0 0.64359
 0 0.643596
 0 0.6436
 0 0.643601
 0 0.643608
 0 0.643611
 0 0.643622
 0 0.643628
 0 0.643631
 0 0.643642
 0 0.643643
 0 0.643647
 0 0.643647
 0 0.643647
 0 0.643647
 0 0.643647
 0 0.643647
 0 0.643647
 0 0.643651
 0 0.643651
 0 0.643652
 0 0.643663
 0 0.643663
 0 0.643663
 0 0.643663
 0 0.643664
 0 0.643666
 0 0.643668
 0 0.643668
 0 0.643669
 0 0.643669
 0 0.643672
 0 0.643672
 0 0.643674
 0 0.643675
 0 0.643675
 0 0.643679
 0 0.6437
 0 0.6437
 0 0.643702
 0 0.643703
 0 0.643704
 0 0.643705
 0 0.643705
 0 0.643705
 0 0.643705
 0 0.643708
 0 0.643716
 0 0.643722
 0 0.643722
 0 0.643722
 0 0.643729
 0 0.643729
 0 0.643729
 0 0.643729
 0 0.643729
 0 0.643743
 0 0.643747
 0 0.643753
 0 0.643754
 0 0.643754
 0 0.643755
 0 0.643756
 0 0.643756
 0 0.643756
 0 0.643756
 0 0.643756
 0 0.643756
 0 0.643758
 0 0.643783
 0 0.643829
 0 0.643842
 0 0.643843
 0 0.643846
 0 0.643849
 0 0.643861
 0 0.643863
 0 0.64387
 0 0.64387
 0 0.643871
 0 0.643873
 0 0.643873
 0 0.643896
 0 0.643896
 0 0.643896
 0 0.643898
 0 0.643899
 0 0.643913
 0 0.643913
 0 0.643916
 0 0.643918
 0 0.643919
 0 0.64392
 0 0.64392
 0 0.64392
 0 0.643926
 0 0.643929
 0 0.64393
 0 0.64393
 0 0.64393
 0 0.643935
 0 0.643936
 0 0.643942
 0 0.643942
 0 0.643942
 0 0.643943
 0 0.643944
 0 0.643955
 0 0.643958
 0 0.643964
 0 0.643964
 0 0.643965
 0 0.643965
 0 0.643969
 0 0.643969
 0 0.643971
 0 0.643971
 0 0.643972
 0 0.643972
 0 0.643972
 0 0.643972
 0 0.643972
 0 0.643972
 0 0.643973
 0 0.643973
 0 0.643976
 0 0.643995
 0 0.643996
 0 0.643997
 0 0.643997
 0 0.644007
 0 0.644008
 0 0.644008
 0 0.644009
 0 0.644013
 0 0.644013
 0 0.644035
 0 0.644038
 0 0.644038
 0 0.644039
 0 0.644039
 0 0.644045
 0 0.644058
 0 0.644068
 0 0.644068
 0 0.644068
 0 0.644071
 0 0.644077
 0 0.644085
 0 0.644085
 0 0.644085
 0 0.644085
 0 0.644085
 0 0.644085
 0 0.644086
 0 0.64412
 0 0.64412
 0 0.644122
 0 0.644122
 0 0.644123
 0 0.644133
 0 0.644135
 0 0.644144
 0 0.644145
 0 0.644152
 0 0.644153
 0 0.644153
 0 0.644178
 0 0.644178
 0 0.644178
 0 0.644178
 0 0.644178
 0 0.644178
 0 0.64418
 0 0.644181
 0 0.644183
 0 0.644183
 0 0.64419
 0 0.64419
 0 0.644191
 0 0.6442
 0 0.644201
 0 0.644201
 0 0.644221
 0 0.644228
 0 0.644228
 0 0.644258
 0 0.644259
 0 0.644259
 0 0.644264
 0 0.644264
 0 0.644264
 0 0.644266
 0 0.644269
 0 0.644271
 0 0.644271
 0 0.644273
 0 0.644285
 0 0.644287
 0 0.644297
 0 0.6443
 0 0.644318
 0 0.644318
 0 0.64432
 0 0.64433
 0 0.644332
 0 0.644361
 0 0.644363
 0 0.644369
 0 0.64437
 0 0.644371
 0 0.644371
 0 0.644381
 0 0.644381
 0 0.644381
 0 0.644381
 0 0.644381
 0 0.644389
 0 0.644389
 0 0.644391
 0 0.644392
 0 0.644395
 0 0.644402
 0 0.644403
 0 0.644405
 0 0.644405
 0 0.644409
 0 0.64441
 0 0.644412
 0 0.644419
 0 0.644426
 0 0.644426
 0 0.644426
 0 0.644431
 0 0.644436
 0 0.644436
 0 0.644437
 0 0.644437
 0 0.644437
 0 0.644438
 0 0.644451
 0 0.644451
 0 0.644451
 0 0.644451
 0 0.644459
 0 0.644459
 0 0.644462
 0 0.644481
 0 0.644481
 0 0.644484
 0 0.644485
 0 0.644491
 0 0.644492
 0 0.644492
 0 0.644495
 0 0.644504
 0 0.644504
 0 0.644505
 0 0.644521
 0 0.644523
 0 0.644524
 0 0.644539
 0 0.644539
 0 0.644541
 0 0.644541
 0 0.644541
 0 0.644543
 0 0.644548
 0 0.644549
 0 0.644552
 0 0.644555
 0 0.644557
 0 0.644557
 0 0.644563
 0 0.644571
 0 0.644572
 0 0.644587
 0 0.644588
 0 0.644592
 0 0.644592
 0 0.644592
 0 0.644593
 0 0.644593
 0 0.644599
 0 0.6446
 0 0.644609
 0 0.644609
 0 0.644612
 0 0.644612
 0 0.644614
 0 0.644618
 0 0.644625
 0 0.644625
 0 0.644631
 0 0.644634
 0 0.644634
 0 0.644635
 0 0.644662
 0 0.644667
 0 0.644678
 0 0.644685
 0 0.644685
 0 0.644686
 0 0.644689
 0 0.644698
 0 0.644709
 0 0.644712
 0 0.644716
 0 0.644716
 0 0.644717
 0 0.644729
 0 0.644729
 0 0.64473
 0 0.64473
 0 0.644734
 0 0.644736
 0 0.644737
 0 0.644739
 0 0.644743
 0 0.64475
 0 0.644751
 0 0.644755
 0 0.644755
 0 0.644757
 0 0.644758
 0 0.644758
 0 0.644759
 0 0.644759
 0 0.644763
 0 0.644764
 0 0.644764
 0 0.644805
 0 0.644831
 0 0.64484
 0 0.644844
 0 0.644845
 0 0.644845
 0 0.644845
 0 0.644851
 0 0.644885
 0 0.644885
 0 0.644886
 0 0.644902
 0 0.644903
 0 0.644935
 0 0.64495
 0 0.644951
 0 0.644951
 0 0.644951
 0 0.644958
 0 0.64496
 0 0.64496
 0 0.644965
 0 0.644973
 0 0.644983
 0 0.644983
 0 0.644984
 0 0.644984
 0 0.644994
 0 0.644995
 0 0.644995
 0 0.644995
 0 0.645
 0 0.645
 0 0.645
 0 0.645009
 0 0.645025
 0 0.64503
 0 0.64503
 0 0.645039
 0 0.645039
 0 0.64507
 0 0.64507
 0 0.645077
 0 0.645097
 0 0.645097
 0 0.645101
 0 0.645103
 0 0.645103
 0 0.645112
 0 0.645112
 0 0.645113
 0 0.645114
 0 0.645114
 0 0.645115
 0 0.645115
 0 0.645124
 0 0.645126
 0 0.645127
 0 0.645149
 0 0.645188
 0 0.645199
 0 0.645199
 0 0.6452
 0 0.6452
 0 0.645204
 0 0.645204
 0 0.645204
 0 0.645204
 0 0.645205
 0 0.645205
 0 0.645205
 0 0.645212
 0 0.645213
 0 0.645214
 0 0.645214
 0 0.645214
 0 0.645229
 0 0.645264
 0 0.64528
 0 0.645284
 0 0.645311
 0 0.645355
 0 0.645356
 0 0.645357
 0 0.645375
 0 0.645375
 0 0.645375
 0 0.645378
 0 0.645382
 0 0.645382
 0 0.645394
 0 0.645394
 0 0.645394
 0 0.645406
 0 0.64541
 0 0.64541
 0 0.64541
 0 0.645411
 0 0.645412
 0 0.645424
 0 0.645428
 0 0.645452
 0 0.645454
 0 0.645454
 0 0.64546
 0 0.645465
 0 0.645468
 0 0.64547
 0 0.645471
 0 0.645471
 0 0.645485
 0 0.645488
 0 0.645496
 0 0.645496
 0 0.645497
 0 0.645497
 0 0.645497
 0 0.645499
 0 0.645501
 0 0.645501
 0 0.645501
 0 0.645502
 0 0.645521
 0 0.645525
 0 0.645525
 0 0.645525
 0 0.645533
 0 0.64554
 0 0.64554
 0 0.645545
 0 0.645546
 0 0.645557
 0 0.645579
 0 0.645581
 0 0.645581
 0 0.645592
 0 0.645594
 0 0.645607
 0 0.645609
 0 0.645609
 0 0.645622
 0 0.645622
 0 0.645622
 0 0.645626
 0 0.645627
 0 0.645627
 0 0.645629
 0 0.64563
 0 0.645632
 0 0.645633
 0 0.645636
 0 0.645636
 0 0.645637
 0 0.645651
 0 0.645658
 0 0.645659
 0 0.645667
 0 0.645674
 0 0.645674
 0 0.645682
 0 0.645682
 0 0.645682
 0 0.645683
 0 0.645683
 0 0.645683
 0 0.645685
 0 0.645686
 0 0.645695
 0 0.645707
 0 0.645707
 0 0.645707
 0 0.645714
 0 0.645731
 0 0.645732
 0 0.645732
 0 0.645741
 0 0.645744
 0 0.645745
 0 0.645745
 0 0.645745
 0 0.645745
 0 0.645747
 0 0.645748
 0 0.645765
 0 0.645766
 0 0.645767
 0 0.645767
 0 0.645808
 0 0.645846
 0 0.64589
 0 0.645893
 0 0.645893
 0 0.645899
 0 0.645899
 0 0.6459
 0 0.6459
 0 0.645901
 0 0.645901
 0 0.645908
 0 0.645913
 0 0.645914
 0 0.645917
 0 0.645917
 0 0.645919
 0 0.645919
 0 0.645927
 0 0.645928
 0 0.645928
 0 0.64593
 0 0.645931
 0 0.645931
 0 0.645931
 0 0.645944
 0 0.645945
 0 0.645946
 0 0.645946
 0 0.645957
 0 0.645957
 0 0.645966
 0 0.645966
 0 0.645967
 0 0.645968
 0 0.645968
 0 0.645978
 0 0.645979
 0 0.645985
 0 0.645986
 0 0.64599
 0 0.645992
 0 0.645992
 0 0.646
 0 0.646
 0 0.646017
 0 0.646017
 0 0.646017
 0 0.646026
 0 0.646026
 0 0.646026
 0 0.646027
 0 0.646028
 0 0.646028
 0 0.64603
 0 0.646041
 0 0.646043
 0 0.646061
 0 0.646062
 0 0.646072
 0 0.646072
 0 0.646072
 0 0.6461
 0 0.6461
 0 0.646124
 0 0.646128
 0 0.646152
 0 0.646153
 0 0.646154
 0 0.646154
 0 0.646155
 0 0.646183
 0 0.646194
 0 0.646194
 0 0.646198
 0 0.646222
 0 0.646228
 0 0.646228
 0 0.646231
 0 0.646261
 0 0.646262
 0 0.646263
 0 0.646263
 0 0.646273
 0 0.646279
 0 0.64628
 0 0.64628
 0 0.646287
 0 0.646287
 0 0.64629
 0 0.646291
 0 0.646299
 0 0.6463
 0 0.646303
 0 0.646305
 0 0.646305
 0 0.646305
 0 0.646316
 0 0.646319
 0 0.646324
 0 0.646327
 0 0.646346
 0 0.646364
 0 0.646365
 0 0.646367
 0 0.646368
 0 0.646368
 0 0.646374
 0 0.646383
 0 0.646383
 0 0.64639
 0 0.64639
 0 0.646392
 0 0.646393
 0 0.646393
 0 0.646393
 0 0.646395
 0 0.646395
 0 0.646413
 0 0.646415
 0 0.646415
 0 0.646427
 0 0.64643
 0 0.646432
 0 0.646436
 0 0.646436
 0 0.646439
 0 0.646456
 0 0.646457
 0 0.646465
 0 0.646469
 0 0.64647
 0 0.646483
 0 0.646484
 0 0.646495
 0 0.646495
 0 0.646496
 0 0.646496
 0 0.646509
 0 0.646509
 0 0.646509
 0 0.646543
 0 0.646553
 0 0.646558
 0 0.646558
 0 0.64656
 0 0.646561
 0 0.646564
 0 0.646565
 0 0.646565
 0 0.646565
 0 0.646578
 0 0.646582
 0 0.646583
 0 0.64659
 0 0.64659
 0 0.646617
 0 0.646621
 0 0.646625
 0 0.646625
 0 0.646638
 0 0.646639
 0 0.646646
 0 0.646651
 0 0.646672
 0 0.646682
 0 0.646682
 0 0.646699
 0 0.646699
 0 0.646704
 0 0.646705
 0 0.646716
 0 0.64674
 0 0.646745
 0 0.646753
 0 0.646754
 0 0.646768
 0 0.646791
 0 0.646791
 0 0.646792
 0 0.646809
 0 0.646817
 0 0.646818
 0 0.646818
 0 0.646825
 0 0.646825
 0 0.64683
 0 0.646849
 0 0.646857
 0 0.646859
 0 0.646872
 0 0.646891
 0 0.646892
 0 0.646892
 0 0.646893
 0 0.646896
 0 0.646899
 0 0.646899
 0 0.646901
 0 0.646903
 0 0.646904
 0 0.646914
 0 0.646914
 0 0.646932
 0 0.646959
 0 0.646961
 0 0.646961
 0 0.646961
 0 0.646962
 0 0.646965
 0 0.64697
 0 0.646973
 0 0.646979
 0 0.646979
 0 0.64698
 0 0.646986
 0 0.646986
 0 0.646991
 0 0.647008
 0 0.64701
 0 0.647032
 0 0.647039
 0 0.647039
 0 0.64704
 0 0.64704
 0 0.647041
 0 0.64705
 0 0.64705
 0 0.647062
 0 0.647083
 0 0.647105
 0 0.647105
 0 0.647105
 0 0.647105
 0 0.647108
 0 0.64712
 0 0.647136
 0 0.647167
 0 0.647167
 0 0.647169
 0 0.647169
 0 0.647169
 0 0.647169
 0 0.647208
 0 0.647216
 0 0.647224
 0 0.647224
 0 0.647224
 0 0.647224
 0 0.647225
 0 0.647233
 0 0.647233
 0 0.647234
 0 0.647234
 0 0.647234
 0 0.647235
 0 0.647237
 0 0.647242
 0 0.647247
 0 0.647253
 0 0.647254
 0 0.647254
 0 0.647255
 0 0.647262
 0 0.647265
 0 0.647265
 0 0.647268
 0 0.647278
 0 0.647283
 0 0.647286
 0 0.647286
 0 0.647289
 0 0.64729
 0 0.647309
 0 0.647313
 0 0.647313
 0 0.647314
 0 0.647314
 0 0.647315
 0 0.647316
 0 0.64734
 0 0.64734
 0 0.647343
 0 0.647347
 0 0.64736
 0 0.647366
 0 0.647367
 0 0.647367
 0 0.647373
 0 0.647404
 0 0.647404
 0 0.647417
 0 0.647417
 0 0.64743
 0 0.64743
 0 0.64743
 0 0.647432
 0 0.647432
 0 0.647432
 0 0.647471
 0 0.647471
 0 0.647492
 0 0.647507
 0 0.647528
 0 0.647528
 0 0.647528
 0 0.647528
 0 0.647529
 0 0.647567
 0 0.647588
 0 0.647599
 0 0.647607
 0 0.647608
 0 0.647636
 0 0.647656
 0 0.647658
 0 0.647662
 0 0.647664
 0 0.647716
 0 0.647725
 0 0.647726
 0 0.647728
 0 0.647742
 0 0.647773
 0 0.647776
 0 0.647784
 0 0.647785
 0 0.647804
 0 0.647806
 0 0.647808
 0 0.647828
 0 0.647828
 0 0.647828
 0 0.647831
 0 0.647831
 0 0.647834
 0 0.647843
 0 0.647887
 0 0.647893
 0 0.647944
 0 0.647944
 0 0.647952
 0 0.647952
 0 0.647953
 0 0.647973
 0 0.648002
 0 0.648002
 0 0.648018
 0 0.648072
 0 0.64811
 0 0.64811
 0 0.648119
 0 0.648123
 0 0.648123
 0 0.648123
 0 0.648125
 0 0.648125
 0 0.648126
 0 0.648135
 0 0.648139
 0 0.648139
 0 0.648139
 0 0.648139
 0 0.648143
 0 0.648144
 0 0.648164
 0 0.648181
 0 0.648182
 0 0.648195
 0 0.6482
 0 0.648202
 0 0.648202
 0 0.648212
 0 0.648212
 0 0.648224
 0 0.648225
 0 0.648229
 0 0.648235
 0 0.64824
 0 0.648241
 0 0.648243
 0 0.6483
 0 0.6483
 0 0.6483
 0 0.648301
 0 0.648303
 0 0.648337
 0 0.648338
 0 0.648343
 0 0.648344
 0 0.648344
 0 0.648375
 0 0.648377
 0 0.648377
 0 0.64845
 0 0.64845
 0 0.648451
 0 0.648461
 0 0.648464
 0 0.648468
 0 0.648468
 0 0.648492
 0 0.648494
 0 0.6485
 0 0.648542
 0 0.64861
 0 0.648658
 0 0.64866
 0 0.648679
 0 0.648679
 0 0.648679
 0 0.648699
 0 0.648699
 0 0.648706
 0 0.648731
 0 0.648734
 0 0.648757
 0 0.648779
 0 0.648798
 0 0.648799
 0 0.648799
 0 0.648811
 0 0.648865
 0 0.648867
 0 0.648872
 0 0.648872
 0 0.648873
 0 0.648913
 0 0.648914
 0 0.648915
 0 0.649142
 0 0.649161
 0 0.649161
 0 0.649173
 0 0.649192
 0 0.649193
 0 0.649193
 0 0.649222
 0 0.649226
 0 0.649296
 0 0.649296
 0 0.6493
 0 0.649348
 0 0.649403
 0 0.649404
 0 0.649502
 0 0.649502
 0 0.649503
 0 0.649612
 0 0.649715
 0 0.649736
 0 0.649737
 0 0.649737
 0 0.649785
 0 0.649785
 0 0.649876
 0 0.649877
 0 0.649913
 0 0.649914
 0 0.649915
 0 0.650126
 0 0.650127
 0 0.650128
 0 0.650272
 0 0.650272
 0 0.650272
 0 0.650377
 0 0.651972
 0 0.652486
 0 0.652487
 0 0.652829
 0 0.652829
 0 0.653342
 0 inf
