 0 0.490568
 0 0.491416
 0 0.491416
 0 0.491417
 0 0.491619
 0 0.491945
 0 0.491945
 0 0.492575
 0 0.492575
 0 0.492711
 0 0.492712
 0 0.492712
 0 0.622771
 0 0.622773
 0 0.622939
 0 0.623029
 0 0.62339
 0 0.623391
 0 0.623645
 0 0.623857
 0 0.623934
 0 0.623934
 0 0.624228
 0 0.62423
 0 0.624245
 0 0.624323
 0 0.624562
 0 0.62468
 0 0.625001
 0 0.625002
 0 0.625002
 0 0.625057
 0 0.625058
 0 0.625067
 0 0.625163
 0 0.625163
 0 0.625355
 0 0.625372
 0 0.625412
 0 0.625413
 0 0.625413
 0 0.625413
 0 0.625446
 0 0.625456
 0 0.625456
 0 0.625456
 0 0.625487
 0 0.625487
 0 0.625487
 0 0.625487
 0 0.6258
 0 0.6258
 0 0.625816
 0 0.625817
 0 0.626077
 0 0.626289
 0 0.626503
 0 0.626503
 0 0.626757
 0 0.626758
 0 0.626856
 0 0.626857
 0 0.627191
 0 0.627191
 0 0.627274
 0 0.627275
 0 0.627351
 0 0.627404
 0 0.627404
 0 0.627405
 0 0.627408
 0 0.627437
 0 0.627437
 0 0.627437
 0 0.627437
 0 0.62753
 0 0.627531
 0 0.627605
 0 0.627762
 0 0.627762
 0 0.6278
 0 0.627811
 0 0.627875
 0 0.627875
 0 0.627979
 0 0.627979
 0 0.62798
 0 0.62798
 0 0.628021
 0 0.628022
 0 0.628041
 0 0.628041
 0 0.628072
 0 0.628072
 0 0.628072
 0 0.628123
 0 0.628231
 0 0.628264
 0 0.628335
 0 0.628335
 0 0.628335
 0 0.628335
 0 0.628513
 0 0.628525
 0 0.628525
 0 0.628527
 0 0.62868
 0 0.628708
 0 0.628709
 0 0.628765
 0 0.628817
 0 0.628817
 0 0.628868
 0 0.628885
 0 0.628907
 0 0.628909
 0 0.628909
 0 0.628941
 0 0.628942
 0 0.628953
 0 0.628953
 0 0.628953
 0 0.628984
 0 0.629061
 0 0.629062
 0 0.629062
 0 0.629065
 0 0.629065
 0 0.629089
 0 0.629096
 0 0.629167
 0 0.629254
 0 0.629268
 0 0.629268
 0 0.629269
 0 0.629272
 0 0.629287
 0 0.629292
 0 0.629292
 0 0.629302
 0 0.629354
 0 0.62937
 0 0.629401
 0 0.62946
 0 0.629489
 0 0.629499
 0 0.629516
 0 0.629516
 0 0.62952
 0 0.62952
 0 0.629522
 0 0.629544
 0 0.629544
 0 0.629545
 0 0.629551
 0 0.629551
 0 0.629613
 0 0.629656
 0 0.629656
 0 0.629669
 0 0.629669
 0 0.62968
 0 0.62968
 0 0.629682
 0 0.629693
 0 0.629693
 0 0.6297
 0 0.6297
 0 0.629703
 0 0.629706
 0 0.629706
 0 0.629707
 0 0.629757
 0 0.629757
 0 0.629763
 0 0.629764
 0 0.629819
 0 0.629821
 0 0.629829
 0 0.62984
 0 0.629871
 0 0.629871
 0 0.629871
 0 0.629871
 0 0.629871
 0 0.629874
 0 0.629882
 0 0.629884
 0 0.629884
 0 0.629933
 0 0.629933
 0 0.629955
 0 0.629989
 0 0.629992
 0 0.63
 0 0.63
 0 0.630036
 0 0.630037
 0 0.630042
 0 0.630099
 0 0.630099
 0 0.630099
 0 0.630099
 0 0.630106
 0 0.630107
 0 0.630108
 0 0.630108
 0 0.630108
 0 0.63011
 0 0.630114
 0 0.630143
 0 0.630143
 0 0.630145
 0 0.630152
 0 0.630152
 0 0.630177
 0 0.630181
 0 0.630182
 0 0.630188
 0 0.630208
 0 0.63021
 0 0.630224
 0 0.630226
 0 0.630226
 0 0.630226
 0 0.630228
 0 0.630228
 0 0.630229
 0 0.630229
 0 0.630251
 0 0.63027
 0 0.63027
 0 0.630271
 0 0.630272
 0 0.630277
 0 0.630278
 0 0.630286
 0 0.630286
 0 0.630297
 0 0.630297
 0 0.630302
 0 0.630316
 0 0.630317
 0 0.630317
 0 0.630341
 0 0.630352
 0 0.630356
 0 0.630357
 0 0.630359
 0 0.630365
 0 0.630365
 0 0.630366
 0 0.630378
 0 0.630385
 0 0.630386
 0 0.630386
 0 0.630414
 0 0.630423
 0 0.630423
 0 0.630433
 0 0.630433
 0 0.630437
 0 0.630437
 0 0.630437
 0 0.630438
 0 0.630438
 0 0.630439
 0 0.630439
 0 0.63048
 0 0.630481
 0 0.630482
 0 0.630482
 0 0.630487
 0 0.630493
 0 0.630495
 0 0.630495
 0 0.6305
 0 0.6305
 0 0.630502
 0 0.630518
 0 0.630526
 0 0.630526
 0 0.630526
 0 0.630535
 0 0.630535
 0 0.630547
 0 0.630566
 0 0.630572
 0 0.630573
 0 0.630581
 0 0.6306
 0 0.630634
 0 0.630639
 0 0.630641
 0 0.630661
 0 0.630661
 0 0.630662
 0 0.630662
 0 0.630683
 0 0.630695
 0 0.630695
 0 0.630696
 0 0.630696
 0 0.630696
 0 0.630696
 0 0.630696
 0 0.630699
 0 0.630713
 0 0.630721
 0 0.630752
 0 0.630752
 0 0.630752
 0 0.630753
 0 0.630756
 0 0.630756
 0 0.630776
 0 0.630793
 0 0.630793
 0 0.630799
 0 0.630802
 0 0.630815
 0 0.63082
 0 0.630825
 0 0.630825
 0 0.630828
 0 0.630832
 0 0.630835
 0 0.630835
 0 0.630855
 0 0.630856
 0 0.630856
 0 0.630862
 0 0.63087
 0 0.630879
 0 0.63088
 0 0.630885
 0 0.630885
 0 0.630897
 0 0.630904
 0 0.630905
 0 0.630908
 0 0.630908
 0 0.630908
 0 0.630912
 0 0.630912
 0 0.630913
 0 0.630914
 0 0.630921
 0 0.630921
 0 0.630943
 0 0.630968
 0 0.630968
 0 0.630969
 0 0.630969
 0 0.630981
 0 0.630983
 0 0.630985
 0 0.630985
 0 0.630985
 0 0.630988
 0 0.630991
 0 0.630992
 0 0.630992
 0 0.630992
 0 0.630992
 0 0.631
 0 0.631001
 0 0.631001
 0 0.631001
 0 0.631003
 0 0.631051
 0 0.631051
 0 0.631052
 0 0.631066
 0 0.631067
 0 0.63107
 0 0.631071
 0 0.631098
 0 0.63111
 0 0.631141
 0 0.631149
 0 0.631151
 0 0.631162
 0 0.63117
 0 0.631182
 0 0.631184
 0 0.631184
 0 0.631184
 0 0.631186
 0 0.631193
 0 0.6312
 0 0.6312
 0 0.6312
 0 0.6312
 0 0.631207
 0 0.631257
 0 0.631282
 0 0.631282
 0 0.631283
 0 0.631321
 0 0.631321
 0 0.631325
 0 0.631326
 0 0.631326
 0 0.631326
 0 0.631326
 0 0.631334
 0 0.631359
 0 0.631364
 0 0.631365
 0 0.631365
 0 0.631366
 0 0.631382
 0 0.631402
 0 0.631439
 0 0.63144
 0 0.631512
 0 0.631512
 0 0.631533
 0 0.631533
 0 0.63155
 0 0.631557
 0 0.631557
 0 0.631558
 0 0.631558
 0 0.631559
 0 0.63157
 0 0.63157
 0 0.631571
 0 0.631579
 0 0.63158
 0 0.63158
 0 0.631581
 0 0.631589
 0 0.631597
 0 0.631603
 0 0.631603
 0 0.631603
 0 0.631605
 0 0.631617
 0 0.631629
 0 0.631629
 0 0.631661
 0 0.631667
 0 0.631681
 0 0.631683
 0 0.631683
 0 0.631691
 0 0.631697
 0 0.631697
 0 0.631698
 0 0.631699
 0 0.631713
 0 0.631713
 0 0.631715
 0 0.631716
 0 0.631716
 0 0.631738
 0 0.631738
 0 0.631738
 0 0.631738
 0 0.631739
 0 0.631748
 0 0.63176
 0 0.631762
 0 0.631771
 0 0.631786
 0 0.631787
 0 0.631787
 0 0.631796
 0 0.631796
 0 0.631804
 0 0.631805
 0 0.631849
 0 0.631852
 0 0.631859
 0 0.631859
 0 0.631875
 0 0.631875
 0 0.631875
 0 0.631883
 0 0.63189
 0 0.631902
 0 0.631902
 0 0.631903
 0 0.631903
 0 0.631912
 0 0.631918
 0 0.631954
 0 0.631955
 0 0.63196
 0 0.631963
 0 0.631963
 0 0.631963
 0 0.631963
 0 0.631965
 0 0.631967
 0 0.631967
 0 0.63197
 0 0.632012
 0 0.632012
 0 0.632013
 0 0.632014
 0 0.632017
 0 0.632019
 0 0.632022
 0 0.632024
 0 0.632024
 0 0.632073
 0 0.632073
 0 0.632093
 0 0.632093
 0 0.632093
 0 0.632093
 0 0.632093
 0 0.632107
 0 0.632108
 0 0.632115
 0 0.632117
 0 0.632118
 0 0.632126
 0 0.632127
 0 0.632128
 0 0.632128
 0 0.632128
 0 0.632129
 0 0.63213
 0 0.63213
 0 0.632134
 0 0.632134
 0 0.632171
 0 0.632171
 0 0.632173
 0 0.632173
 0 0.632194
 0 0.632207
 0 0.632207
 0 0.632207
 0 0.63221
 0 0.63221
 0 0.632217
 0 0.632217
 0 0.632217
 0 0.632217
 0 0.632218
 0 0.632218
 0 0.632218
 0 0.632229
 0 0.632229
 0 0.632237
 0 0.632247
 0 0.632248
 0 0.63225
 0 0.632297
 0 0.632301
 0 0.632301
 0 0.632336
 0 0.632354
 0 0.63236
 0 0.63238
 0 0.632382
 0 0.632383
 0 0.632383
 0 0.632412
 0 0.632432
 0 0.632432
 0 0.632432
 0 0.632439
 0 0.63244
 0 0.632447
 0 0.632453
 0 0.632453
 0 0.632456
 0 0.632456
 0 0.632458
 0 0.63248
 0 0.632488
 0 0.632489
 0 0.632502
 0 0.632502
 0 0.632511
 0 0.632513
 0 0.632513
 0 0.632526
 0 0.632526
 0 0.632527
 0 0.632535
 0 0.632535
 0 0.632552
 0 0.632552
 0 0.632554
 0 0.632557
 0 0.632561
 0 0.632563
 0 0.63257
 0 0.63257
 0 0.632659
 0 0.632659
 0 0.632663
 0 0.632665
 0 0.632677
 0 0.632677
 0 0.632679
 0 0.632679
 0 0.632679
 0 0.632689
 0 0.632696
 0 0.6327
 0 0.632706
 0 0.632706
 0 0.632706
 0 0.632712
 0 0.632712
 0 0.632714
 0 0.632715
 0 0.632715
 0 0.632715
 0 0.632778
 0 0.632785
 0 0.632791
 0 0.632791
 0 0.632791
 0 0.632843
 0 0.632843
 0 0.632875
 0 0.63288
 0 0.632881
 0 0.632881
 0 0.632881
 0 0.632885
 0 0.632887
 0 0.632887
 0 0.632889
 0 0.632899
 0 0.6329
 0 0.6329
 0 0.632901
 0 0.632901
 0 0.632901
 0 0.632911
 0 0.632914
 0 0.632942
 0 0.632942
 0 0.632942
 0 0.632943
 0 0.632943
 0 0.632964
 0 0.632978
 0 0.632978
 0 0.632978
 0 0.633015
 0 0.633019
 0 0.633026
 0 0.633028
 0 0.633059
 0 0.633059
 0 0.633067
 0 0.633075
 0 0.633076
 0 0.633087
 0 0.633124
 0 0.633124
 0 0.633124
 0 0.633125
 0 0.633127
 0 0.633128
 0 0.633128
 0 0.633129
 0 0.63313
 0 0.63313
 0 0.633178
 0 0.633187
 0 0.633192
 0 0.633193
 0 0.633196
 0 0.633197
 0 0.633197
 0 0.633217
 0 0.633219
 0 0.633243
 0 0.633249
 0 0.63325
 0 0.633259
 0 0.633259
 0 0.633294
 0 0.633294
 0 0.633297
 0 0.633298
 0 0.633298
 0 0.633298
 0 0.6333
 0 0.633304
 0 0.633304
 0 0.633304
 0 0.633307
 0 0.63331
 0 0.633315
 0 0.633315
 0 0.633315
 0 0.633315
 0 0.633316
 0 0.633316
 0 0.633319
 0 0.633319
 0 0.63332
 0 0.63332
 0 0.633321
 0 0.633325
 0 0.633326
 0 0.633326
 0 0.633329
 0 0.633329
 0 0.63333
 0 0.63333
 0 0.633343
 0 0.633343
 0 0.633345
 0 0.633349
 0 0.63335
 0 0.633357
 0 0.633357
 0 0.633378
 0 0.633378
 0 0.633379
 0 0.633405
 0 0.633406
 0 0.633406
 0 0.633406
 0 0.633406
 0 0.633408
 0 0.633412
 0 0.633412
 0 0.633412
 0 0.63342
 0 0.633421
 0 0.633422
 0 0.633442
 0 0.633442
 0 0.633446
 0 0.633479
 0 0.633479
 0 0.633526
 0 0.633526
 0 0.633526
 0 0.633526
 0 0.633526
 0 0.63353
 0 0.633533
 0 0.633534
 0 0.633535
 0 0.633535
 0 0.633536
 0 0.633537
 0 0.633538
 0 0.633538
 0 0.633539
 0 0.633542
 0 0.633565
 0 0.633565
 0 0.633565
 0 0.633572
 0 0.633572
 0 0.633572
 0 0.633601
 0 0.633601
 0 0.633604
 0 0.633604
 0 0.633604
 0 0.633619
 0 0.63362
 0 0.63362
 0 0.63362
 0 0.63362
 0 0.633626
 0 0.633627
 0 0.633631
 0 0.633635
 0 0.633645
 0 0.63366
 0 0.633708
 0 0.633711
 0 0.633711
 0 0.633715
 0 0.633724
 0 0.633724
 0 0.633758
 0 0.633758
 0 0.633759
 0 0.633763
 0 0.633772
 0 0.633772
 0 0.633772
 0 0.633772
 0 0.633779
 0 0.633779
 0 0.633792
 0 0.633792
 0 0.633792
 0 0.633793
 0 0.633793
 0 0.633793
 0 0.633821
 0 0.633821
 0 0.633821
 0 0.633822
 0 0.633822
 0 0.633829
 0 0.63383
 0 0.633832
 0 0.633836
 0 0.633837
 0 0.633837
 0 0.633837
 0 0.633837
 0 0.633863
 0 0.633866
 0 0.633866
 0 0.633866
 0 0.633889
 0 0.63389
 0 0.633892
 0 0.633894
 0 0.6339
 0 0.633902
 0 0.633902
 0 0.633916
 0 0.633916
 0 0.633916
 0 0.63393
 0 0.633941
 0 0.633942
 0 0.633942
 0 0.633942
 0 0.633943
 0 0.633953
 0 0.633953
 0 0.633954
 0 0.633955
 0 0.633955
 0 0.633967
 0 0.633978
 0 0.633979
 0 0.633987
 0 0.633987
 0 0.633987
 0 0.633991
 0 0.634
 0 0.634
 0 0.634011
 0 0.634023
 0 0.634023
 0 0.634023
 0 0.634025
 0 0.634025
 0 0.634035
 0 0.634036
 0 0.634063
 0 0.634063
 0 0.634069
 0 0.634073
 0 0.634074
 0 0.634079
 0 0.634079
 0 0.63408
 0 0.63408
 0 0.63408
 0 0.634081
 0 0.634081
 0 0.634085
 0 0.634086
 0 0.634087
 0 0.634109
 0 0.634109
 0 0.634113
 0 0.634113
 0 0.634143
 0 0.634143
 0 0.634143
 0 0.634148
 0 0.634148
 0 0.634148
 0 0.634149
 0 0.634151
 0 0.634156
 0 0.634158
 0 0.634164
 0 0.634195
 0 0.634195
 0 0.634197
 0 0.634209
 0 0.634209
 0 0.634209
 0 0.634209
 0 0.634213
 0 0.634213
 0 0.634214
 0 0.63423
 0 0.634231
 0 0.634238
 0 0.634238
 0 0.634239
 0 0.634256
 0 0.634257
 0 0.634257
 0 0.634257
 0 0.634259
 0 0.634259
 0 0.634259
 0 0.634265
 0 0.634289
 0 0.634316
 0 0.634323
 0 0.634323
 0 0.634327
 0 0.634345
 0 0.63435
 0 0.634351
 0 0.634352
 0 0.634352
 0 0.634372
 0 0.634373
 0 0.634374
 0 0.634379
 0 0.634379
 0 0.634388
 0 0.634394
 0 0.634395
 0 0.634403
 0 0.634404
 0 0.634404
 0 0.634419
 0 0.634419
 0 0.634419
 0 0.634433
 0 0.634434
 0 0.634434
 0 0.634435
 0 0.634435
 0 0.634437
 0 0.634439
 0 0.63444
 0 0.634451
 0 0.634459
 0 0.634459
 0 0.634461
 0 0.634461
 0 0.634467
 0 0.634472
 0 0.63448
 0 0.63448
 0 0.634489
 0 0.634489
 0 0.634489
 0 0.634495
 0 0.634495
 0 0.634503
 0 0.634534
 0 0.634534
 0 0.634536
 0 0.634549
 0 0.634555
 0 0.634555
 0 0.634557
 0 0.634559
 0 0.634565
 0 0.634565
 0 0.634566
 0 0.634566
 0 0.634566
 0 0.634573
 0 0.634573
 0 0.634573
 0 0.634574
 0 0.634575
 0 0.634578
 0 0.634594
 0 0.634604
 0 0.634604
 0 0.634611
 0 0.634611
 0 0.634611
 0 0.634615
 0 0.634616
 0 0.634616
 0 0.634625
 0 0.634627
 0 0.634637
 0 0.634648
 0 0.634648
 0 0.634651
 0 0.63467
 0 0.63467
 0 0.63467
 0 0.634692
 0 0.634692
 0 0.634697
 0 0.634698
 0 0.634699
 0 0.63472
 0 0.634721
 0 0.634721
 0 0.634724
 0 0.634724
 0 0.634724
 0 0.634724
 0 0.634726
 0 0.634726
 0 0.634726
 0 0.634726
 0 0.634736
 0 0.63476
 0 0.634787
 0 0.634791
 0 0.634791
 0 0.634791
 0 0.634792
 0 0.634792
 0 0.634794
 0 0.6348
 0 0.6348
 0 0.6348
 0 0.6348
 0 0.634823
 0 0.634824
 0 0.634824
 0 0.634824
 0 0.634842
 0 0.634843
 0 0.634862
 0 0.634864
 0 0.634889
 0 0.63489
 0 0.63489
 0 0.634893
 0 0.634894
 0 0.6349
 0 0.634902
 0 0.634903
 0 0.634917
 0 0.634917
 0 0.634918
 0 0.634919
 0 0.634931
 0 0.634931
 0 0.634952
 0 0.634953
 0 0.634954
 0 0.634963
 0 0.634988
 0 0.634988
 0 0.635004
 0 0.635034
 0 0.635034
 0 0.635034
 0 0.635042
 0 0.635046
 0 0.635052
 0 0.635052
 0 0.635063
 0 0.635064
 0 0.635066
 0 0.635083
 0 0.635084
 0 0.635099
 0 0.635099
 0 0.635102
 0 0.635123
 0 0.635161
 0 0.635161
 0 0.635164
 0 0.635164
 0 0.635165
 0 0.635174
 0 0.635174
 0 0.635175
 0 0.635177
 0 0.635191
 0 0.635193
 0 0.635193
 0 0.635193
 0 0.635193
 0 0.635205
 0 0.635205
 0 0.635212
 0 0.635218
 0 0.635219
 0 0.635221
 0 0.635222
 0 0.635222
 0 0.635222
 0 0.635239
 0 0.635239
 0 0.635239
 0 0.635245
 0 0.635248
 0 0.635249
 0 0.635249
 0 0.635249
 0 0.63525
 0 0.63525
 0 0.635255
 0 0.635272
 0 0.635273
 0 0.635273
 0 0.635274
 0 0.635276
 0 0.635296
 0 0.6353
 0 0.635312
 0 0.635312
 0 0.635312
 0 0.635312
 0 0.635328
 0 0.635334
 0 0.63536
 0 0.635363
 0 0.635381
 0 0.635385
 0 0.635385
 0 0.635386
 0 0.635386
 0 0.635386
 0 0.635417
 0 0.635417
 0 0.63542
 0 0.63542
 0 0.635444
 0 0.635444
 0 0.635445
 0 0.635445
 0 0.635457
 0 0.63546
 0 0.63546
 0 0.635467
 0 0.635467
 0 0.635569
 0 0.635598
 0 0.6356
 0 0.6356
 0 0.635606
 0 0.635606
 0 0.635606
 0 0.635612
 0 0.63563
 0 0.63563
 0 0.635645
 0 0.635646
 0 0.635647
 0 0.635651
 0 0.635655
 0 0.63568
 0 0.635682
 0 0.635695
 0 0.635696
 0 0.635706
 0 0.635706
 0 0.635707
 0 0.635709
 0 0.63571
 0 0.635719
 0 0.63572
 0 0.63574
 0 0.635743
 0 0.635746
 0 0.635766
 0 0.635768
 0 0.635769
 0 0.635769
 0 0.63577
 0 0.635779
 0 0.635781
 0 0.635784
 0 0.635785
 0 0.635804
 0 0.635821
 0 0.635822
 0 0.635822
 0 0.635826
 0 0.635827
 0 0.63584
 0 0.635852
 0 0.635853
 0 0.635853
 0 0.635854
 0 0.63587
 0 0.635928
 0 0.635928
 0 0.635929
 0 0.635929
 0 0.635948
 0 0.63599
 0 0.635991
 0 0.635991
 0 0.636003
 0 0.636003
 0 0.636005
 0 0.636005
 0 0.636008
 0 0.636008
 0 0.636014
 0 0.636014
 0 0.636015
 0 0.636016
 0 0.636018
 0 0.636072
 0 0.636072
 0 0.636072
 0 0.636122
 0 0.636128
 0 0.636136
 0 0.636149
 0 0.636149
 0 0.63615
 0 0.636157
 0 0.636161
 0 0.636173
 0 0.636178
 0 0.636178
 0 0.636214
 0 0.636216
 0 0.636234
 0 0.636261
 0 0.636262
 0 0.636265
 0 0.636269
 0 0.636269
 0 0.636269
 0 0.63627
 0 0.63627
 0 0.63627
 0 0.63627
 0 0.636271
 0 0.636278
 0 0.636306
 0 0.636306
 0 0.636306
 0 0.636309
 0 0.636309
 0 0.636309
 0 0.636309
 0 0.636328
 0 0.636334
 0 0.636334
 0 0.636341
 0 0.636366
 0 0.636368
 0 0.636395
 0 0.636396
 0 0.636396
 0 0.636426
 0 0.636473
 0 0.636473
 0 0.636473
 0 0.636476
 0 0.636477
 0 0.636477
 0 0.636478
 0 0.63648
 0 0.636489
 0 0.636489
 0 0.636491
 0 0.636491
 0 0.636497
 0 0.636498
 0 0.636499
 0 0.636499
 0 0.6365
 0 0.6365
 0 0.636509
 0 0.63651
 0 0.636513
 0 0.636513
 0 0.636513
 0 0.636521
 0 0.636521
 0 0.63654
 0 0.636568
 0 0.636569
 0 0.636572
 0 0.636572
 0 0.636598
 0 0.636598
 0 0.636598
 0 0.636598
 0 0.636598
 0 0.636598
 0 0.636598
 0 0.636599
 0 0.636599
 0 0.6366
 0 0.636602
 0 0.636604
 0 0.636631
 0 0.636635
 0 0.636636
 0 0.636636
 0 0.636652
 0 0.636655
 0 0.636664
 0 0.636702
 0 0.636709
 0 0.636778
 0 0.636778
 0 0.636778
 0 0.636778
 0 0.63678
 0 0.63678
 0 0.636796
 0 0.636796
 0 0.636796
 0 0.636818
 0 0.636824
 0 0.636856
 0 0.636856
 0 0.636858
 0 0.636859
 0 0.636861
 0 0.636875
 0 0.636875
 0 0.636875
 0 0.636888
 0 0.636889
 0 0.636899
 0 0.6369
 0 0.63695
 0 0.636973
 0 0.636993
 0 0.636993
 0 0.636995
 0 0.637013
 0 0.637013
 0 0.637029
 0 0.637029
 0 0.637036
 0 0.637038
 0 0.637038
 0 0.63704
 0 0.637042
 0 0.637042
 0 0.637044
 0 0.637044
 0 0.637061
 0 0.637061
 0 0.637063
 0 0.637064
 0 0.637071
 0 0.637072
 0 0.637072
 0 0.637114
 0 0.637114
 0 0.637143
 0 0.637145
 0 0.637145
 0 0.63715
 0 0.637154
 0 0.637202
 0 0.637207
 0 0.637208
 0 0.637246
 0 0.637246
 0 0.637274
 0 0.637299
 0 0.637299
 0 0.637299
 0 0.637299
 0 0.63734
 0 0.63734
 0 0.637349
 0 0.637349
 0 0.637349
 0 0.637349
 0 0.637358
 0 0.637358
 0 0.637359
 0 0.637359
 0 0.637364
 0 0.637366
 0 0.637398
 0 0.637422
 0 0.637424
 0 0.637446
 0 0.637455
 0 0.637479
 0 0.63748
 0 0.637484
 0 0.637509
 0 0.637509
 0 0.637511
 0 0.637524
 0 0.637525
 0 0.637525
 0 0.637532
 0 0.637534
 0 0.637543
 0 0.637571
 0 0.637628
 0 0.637628
 0 0.637629
 0 0.637632
 0 0.637633
 0 0.637641
 0 0.637641
 0 0.637641
 0 0.637646
 0 0.637647
 0 0.637686
 0 0.637696
 0 0.637698
 0 0.637716
 0 0.637716
 0 0.637718
 0 0.637739
 0 0.637739
 0 0.637753
 0 0.637765
 0 0.637767
 0 0.637767
 0 0.637773
 0 0.637774
 0 0.637784
 0 0.637796
 0 0.637802
 0 0.637803
 0 0.637804
 0 0.637804
 0 0.637806
 0 0.637807
 0 0.63781
 0 0.63781
 0 0.637811
 0 0.637812
 0 0.637838
 0 0.637868
 0 0.637869
 0 0.637869
 0 0.637873
 0 0.637895
 0 0.637916
 0 0.637973
 0 0.63798
 0 0.637991
 0 0.637991
 0 0.637994
 0 0.637995
 0 0.637999
 0 0.638016
 0 0.63802
 0 0.638021
 0 0.638057
 0 0.638057
 0 0.638057
 0 0.638079
 0 0.638101
 0 0.63812
 0 0.63812
 0 0.63815
 0 0.63815
 0 0.638164
 0 0.638165
 0 0.638166
 0 0.638176
 0 0.638176
 0 0.638201
 0 0.638202
 0 0.638203
 0 0.638211
 0 0.638212
 0 0.638212
 0 0.638212
 0 0.638217
 0 0.638229
 0 0.63823
 0 0.638255
 0 0.638255
 0 0.638291
 0 0.638329
 0 0.638331
 0 0.638332
 0 0.638332
 0 0.638337
 0 0.638337
 0 0.638342
 0 0.638345
 0 0.638345
 0 0.638358
 0 0.638358
 0 0.638358
 0 0.638381
 0 0.638496
 0 0.638496
 0 0.638497
 0 0.638497
 0 0.638497
 0 0.638497
 0 0.638506
 0 0.638506
 0 0.638547
 0 0.638588
 0 0.638588
 0 0.638608
 0 0.638609
 0 0.63861
 0 0.63861
 0 0.638672
 0 0.638673
 0 0.638696
 0 0.638753
 0 0.638758
 0 0.638803
 0 0.638838
 0 0.638838
 0 0.639006
 0 0.639006
 0 0.639087
 0 0.639087
 0 0.639088
 0 0.639097
 0 0.639097
 0 0.639097
 0 0.639144
 0 0.639145
 0 0.639207
 0 0.639266
 0 0.639302
 0 0.639302
 0 0.639314
 0 0.639314
 0 0.639329
 0 0.639329
 0 0.639329
 0 0.639329
 0 0.639633
 0 0.639669
 0 0.63967
 0 0.639781
 0 0.639782
 0 0.639814
 0 0.639815
 0 0.639816
 0 0.640069
 0 0.640069
 0 0.64012
 0 0.640195
 0 0.640211
 0 0.640211
 0 0.640228
 0 0.64037
 0 0.640531
 0 0.640561
 0 0.640595
 0 0.640595
 0 0.640605
 0 0.640606
 0 0.640636
 0 0.641059
 0 0.641075
 0 0.641118
 0 0.641208
 0 0.641208
 0 0.641208
 0 0.641208
 0 0.641284
 0 0.641667
 0 0.641879
 0 0.641879
 0 0.641891
 0 0.641892
 0 0.641892
 0 0.641892
 0 0.64198
 0 0.64198
 0 0.642193
 0 0.976932
 0 1.04009
 0 1.04082
 0 1.04082
 0 1.04082
 0 1.04146
 0 inf
