 0 0.488585
 0 0.488629
 0 0.488801
 0 0.489005
 0 0.489045
 0 0.489045
 0 0.489247
 0 0.489491
 0 0.489536
 0 0.489911
 0 0.489912
 0 0.490352
 0 0.615995
 0 0.615995
 0 0.615995
 0 0.616193
 0 0.616811
 0 0.616811
 0 0.62302
 0 0.62302
 0 0.623166
 0 0.623648
 0 0.623649
 0 0.62365
 0 0.624382
 0 0.624452
 0 0.624785
 0 0.625145
 0 0.625224
 0 0.625241
 0 0.625241
 0 0.625327
 0 0.625327
 0 0.625327
 0 0.625627
 0 0.625627
 0 0.625675
 0 0.625675
 0 0.625675
 0 0.625675
 0 0.625685
 0 0.625759
 0 0.625768
 0 0.62578
 0 0.62578
 0 0.625863
 0 0.625863
 0 0.626473
 0 0.626491
 0 0.626982
 0 0.626983
 0 0.627128
 0 0.62718
 0 0.627244
 0 0.627301
 0 0.627431
 0 0.627586
 0 0.627606
 0 0.627606
 0 0.627606
 0 0.627678
 0 0.62782
 0 0.62782
 0 0.62782
 0 0.62782
 0 0.62782
 0 0.627855
 0 0.627855
 0 0.627855
 0 0.627873
 0 0.627873
 0 0.627891
 0 0.627891
 0 0.627893
 0 0.627915
 0 0.627915
 0 0.627915
 0 0.627985
 0 0.627985
 0 0.628003
 0 0.628036
 0 0.628036
 0 0.628036
 0 0.628037
 0 0.62804
 0 0.628041
 0 0.628041
 0 0.628042
 0 0.628042
 0 0.628109
 0 0.628109
 0 0.628179
 0 0.628179
 0 0.628179
 0 0.628181
 0 0.628181
 0 0.628231
 0 0.628231
 0 0.628233
 0 0.628283
 0 0.628283
 0 0.628402
 0 0.628402
 0 0.62844
 0 0.62844
 0 0.628462
 0 0.628532
 0 0.628533
 0 0.6286
 0 0.628601
 0 0.628601
 0 0.628601
 0 0.628601
 0 0.628606
 0 0.628653
 0 0.628653
 0 0.628673
 0 0.628673
 0 0.628673
 0 0.628673
 0 0.628674
 0 0.628679
 0 0.628679
 0 0.628679
 0 0.628697
 0 0.628697
 0 0.628699
 0 0.628756
 0 0.628781
 0 0.628781
 0 0.628781
 0 0.628783
 0 0.628783
 0 0.628784
 0 0.628796
 0 0.628804
 0 0.628804
 0 0.628804
 0 0.628805
 0 0.62897
 0 0.628971
 0 0.629071
 0 0.629075
 0 0.629089
 0 0.629098
 0 0.629098
 0 0.629099
 0 0.629104
 0 0.629105
 0 0.629118
 0 0.629138
 0 0.629148
 0 0.629149
 0 0.629149
 0 0.629149
 0 0.629171
 0 0.629185
 0 0.629222
 0 0.629364
 0 0.629387
 0 0.629388
 0 0.629406
 0 0.629406
 0 0.629416
 0 0.629416
 0 0.629416
 0 0.629416
 0 0.629454
 0 0.629454
 0 0.629454
 0 0.629456
 0 0.629468
 0 0.629487
 0 0.629516
 0 0.629516
 0 0.629516
 0 0.629522
 0 0.629523
 0 0.629563
 0 0.629563
 0 0.629565
 0 0.629567
 0 0.629648
 0 0.629649
 0 0.62965
 0 0.62965
 0 0.629706
 0 0.629706
 0 0.629707
 0 0.629745
 0 0.629746
 0 0.629746
 0 0.629747
 0 0.62975
 0 0.629769
 0 0.629813
 0 0.629821
 0 0.629821
 0 0.629821
 0 0.629829
 0 0.629831
 0 0.629886
 0 0.629886
 0 0.629895
 0 0.62992
 0 0.62992
 0 0.629928
 0 0.629928
 0 0.629935
 0 0.62996
 0 0.62996
 0 0.629966
 0 0.629966
 0 0.629966
 0 0.629966
 0 0.629968
 0 0.629969
 0 0.62997
 0 0.629971
 0 0.629987
 0 0.630005
 0 0.630006
 0 0.630008
 0 0.630009
 0 0.63004
 0 0.63004
 0 0.63004
 0 0.630077
 0 0.630081
 0 0.630082
 0 0.630094
 0 0.630094
 0 0.630207
 0 0.630209
 0 0.63021
 0 0.63023
 0 0.630233
 0 0.630234
 0 0.630234
 0 0.630245
 0 0.630245
 0 0.630246
 0 0.63026
 0 0.630267
 0 0.630267
 0 0.63028
 0 0.630281
 0 0.630281
 0 0.630298
 0 0.630298
 0 0.630298
 0 0.630305
 0 0.630305
 0 0.630347
 0 0.63037
 0 0.630433
 0 0.630433
 0 0.63044
 0 0.630464
 0 0.630476
 0 0.630477
 0 0.630478
 0 0.630478
 0 0.63048
 0 0.6305
 0 0.6305
 0 0.630514
 0 0.630516
 0 0.630516
 0 0.630523
 0 0.630525
 0 0.630525
 0 0.630537
 0 0.630537
 0 0.630538
 0 0.630595
 0 0.630595
 0 0.630638
 0 0.63067
 0 0.63067
 0 0.630675
 0 0.630689
 0 0.630689
 0 0.630697
 0 0.630727
 0 0.630727
 0 0.630729
 0 0.630729
 0 0.630733
 0 0.630736
 0 0.630764
 0 0.630765
 0 0.630782
 0 0.630782
 0 0.630784
 0 0.630784
 0 0.630793
 0 0.630795
 0 0.630807
 0 0.630816
 0 0.630816
 0 0.630816
 0 0.630816
 0 0.63082
 0 0.63082
 0 0.630837
 0 0.630837
 0 0.630877
 0 0.630877
 0 0.630877
 0 0.63089
 0 0.630897
 0 0.630897
 0 0.630899
 0 0.630899
 0 0.6309
 0 0.6309
 0 0.63093
 0 0.630956
 0 0.630969
 0 0.630969
 0 0.630969
 0 0.63097
 0 0.630977
 0 0.631
 0 0.631037
 0 0.631037
 0 0.631039
 0 0.63104
 0 0.63104
 0 0.631054
 0 0.631061
 0 0.631061
 0 0.631069
 0 0.63107
 0 0.63107
 0 0.63109
 0 0.63109
 0 0.631092
 0 0.631105
 0 0.631115
 0 0.631117
 0 0.631117
 0 0.631118
 0 0.631129
 0 0.631129
 0 0.631141
 0 0.631196
 0 0.631196
 0 0.631197
 0 0.63127
 0 0.631322
 0 0.631326
 0 0.631329
 0 0.631329
 0 0.63133
 0 0.631343
 0 0.631344
 0 0.631344
 0 0.631346
 0 0.631359
 0 0.631359
 0 0.631384
 0 0.631384
 0 0.631384
 0 0.631403
 0 0.631403
 0 0.631404
 0 0.631445
 0 0.631445
 0 0.631462
 0 0.631462
 0 0.631464
 0 0.631464
 0 0.631515
 0 0.631523
 0 0.631523
 0 0.631523
 0 0.631536
 0 0.631537
 0 0.631548
 0 0.631574
 0 0.631574
 0 0.631666
 0 0.631676
 0 0.631676
 0 0.631676
 0 0.631685
 0 0.631685
 0 0.631685
 0 0.631685
 0 0.631685
 0 0.631685
 0 0.631697
 0 0.631697
 0 0.6317
 0 0.6317
 0 0.631709
 0 0.631709
 0 0.631709
 0 0.63171
 0 0.631711
 0 0.631736
 0 0.631736
 0 0.631736
 0 0.631771
 0 0.631784
 0 0.631785
 0 0.631786
 0 0.631786
 0 0.631786
 0 0.631799
 0 0.631799
 0 0.631799
 0 0.631799
 0 0.631865
 0 0.631865
 0 0.631867
 0 0.631906
 0 0.631921
 0 0.631921
 0 0.631922
 0 0.631922
 0 0.631922
 0 0.631923
 0 0.631928
 0 0.631928
 0 0.631928
 0 0.631946
 0 0.631966
 0 0.631969
 0 0.631983
 0 0.631983
 0 0.632067
 0 0.632067
 0 0.632079
 0 0.632109
 0 0.63211
 0 0.632115
 0 0.632115
 0 0.632128
 0 0.632147
 0 0.632147
 0 0.632147
 0 0.632154
 0 0.632155
 0 0.632181
 0 0.632183
 0 0.632184
 0 0.632203
 0 0.632203
 0 0.632205
 0 0.632229
 0 0.632302
 0 0.632302
 0 0.632302
 0 0.632302
 0 0.632344
 0 0.632382
 0 0.632383
 0 0.632383
 0 0.632386
 0 0.632386
 0 0.63242
 0 0.63242
 0 0.63242
 0 0.63242
 0 0.632429
 0 0.632431
 0 0.632434
 0 0.63246
 0 0.63246
 0 0.63246
 0 0.63246
 0 0.632461
 0 0.63247
 0 0.63247
 0 0.63247
 0 0.632482
 0 0.632488
 0 0.632491
 0 0.632495
 0 0.632495
 0 0.632503
 0 0.632505
 0 0.63252
 0 0.63252
 0 0.63252
 0 0.632552
 0 0.632552
 0 0.632566
 0 0.632566
 0 0.632574
 0 0.632574
 0 0.632574
 0 0.632574
 0 0.632576
 0 0.632592
 0 0.632593
 0 0.632593
 0 0.632599
 0 0.632603
 0 0.632603
 0 0.632614
 0 0.632669
 0 0.632669
 0 0.632732
 0 0.632735
 0 0.632736
 0 0.632737
 0 0.632737
 0 0.632737
 0 0.632737
 0 0.632739
 0 0.632741
 0 0.632741
 0 0.632749
 0 0.632812
 0 0.632812
 0 0.632839
 0 0.632839
 0 0.632877
 0 0.632891
 0 0.632907
 0 0.632928
 0 0.632988
 0 0.632997
 0 0.632998
 0 0.632998
 0 0.633
 0 0.633
 0 0.633
 0 0.63302
 0 0.633021
 0 0.633021
 0 0.633024
 0 0.633024
 0 0.633025
 0 0.633025
 0 0.633027
 0 0.633037
 0 0.633095
 0 0.633095
 0 0.633095
 0 0.633102
 0 0.633122
 0 0.633122
 0 0.633122
 0 0.633123
 0 0.633161
 0 0.633161
 0 0.633162
 0 0.633167
 0 0.633167
 0 0.633167
 0 0.633167
 0 0.63318
 0 0.63318
 0 0.633186
 0 0.633187
 0 0.633208
 0 0.633216
 0 0.633231
 0 0.633253
 0 0.633295
 0 0.633295
 0 0.633295
 0 0.633298
 0 0.633317
 0 0.633317
 0 0.633325
 0 0.633325
 0 0.633335
 0 0.633336
 0 0.633342
 0 0.633357
 0 0.633357
 0 0.633359
 0 0.633368
 0 0.633368
 0 0.633369
 0 0.63337
 0 0.633373
 0 0.633373
 0 0.633398
 0 0.633405
 0 0.633406
 0 0.633406
 0 0.633407
 0 0.633412
 0 0.633412
 0 0.633413
 0 0.633414
 0 0.633414
 0 0.633417
 0 0.633418
 0 0.633418
 0 0.633419
 0 0.633419
 0 0.633438
 0 0.633439
 0 0.633443
 0 0.633445
 0 0.633445
 0 0.633445
 0 0.633462
 0 0.633489
 0 0.633489
 0 0.63349
 0 0.63349
 0 0.633491
 0 0.633491
 0 0.63352
 0 0.63352
 0 0.633528
 0 0.633528
 0 0.633569
 0 0.633581
 0 0.633589
 0 0.633603
 0 0.633604
 0 0.633604
 0 0.633604
 0 0.633605
 0 0.633619
 0 0.63362
 0 0.63362
 0 0.63362
 0 0.633652
 0 0.633652
 0 0.633652
 0 0.633652
 0 0.633652
 0 0.633667
 0 0.633667
 0 0.633686
 0 0.633694
 0 0.633695
 0 0.633695
 0 0.63371
 0 0.633711
 0 0.633711
 0 0.63372
 0 0.633771
 0 0.633771
 0 0.633776
 0 0.633776
 0 0.633786
 0 0.633786
 0 0.633803
 0 0.633804
 0 0.633817
 0 0.633818
 0 0.63382
 0 0.63382
 0 0.633831
 0 0.633832
 0 0.633832
 0 0.633838
 0 0.633838
 0 0.633838
 0 0.633862
 0 0.633862
 0 0.633867
 0 0.633867
 0 0.633869
 0 0.633869
 0 0.63387
 0 0.633884
 0 0.633887
 0 0.633888
 0 0.633888
 0 0.63391
 0 0.633932
 0 0.633932
 0 0.633957
 0 0.633957
 0 0.633961
 0 0.633998
 0 0.633998
 0 0.633999
 0 0.634005
 0 0.634006
 0 0.634011
 0 0.634011
 0 0.63402
 0 0.63402
 0 0.634044
 0 0.634044
 0 0.634046
 0 0.634046
 0 0.634047
 0 0.634093
 0 0.634106
 0 0.634106
 0 0.634118
 0 0.634118
 0 0.634138
 0 0.634144
 0 0.634144
 0 0.634144
 0 0.634145
 0 0.634146
 0 0.634155
 0 0.634155
 0 0.634167
 0 0.634171
 0 0.634171
 0 0.634174
 0 0.634174
 0 0.634174
 0 0.634174
 0 0.634187
 0 0.63422
 0 0.634229
 0 0.634229
 0 0.634229
 0 0.634269
 0 0.634271
 0 0.634278
 0 0.634278
 0 0.634298
 0 0.634301
 0 0.634306
 0 0.63431
 0 0.634332
 0 0.634386
 0 0.634386
 0 0.634386
 0 0.634405
 0 0.634405
 0 0.634405
 0 0.634405
 0 0.634405
 0 0.634405
 0 0.634409
 0 0.634421
 0 0.634422
 0 0.634429
 0 0.634442
 0 0.634442
 0 0.634443
 0 0.634452
 0 0.634466
 0 0.634467
 0 0.634469
 0 0.634477
 0 0.634504
 0 0.634513
 0 0.634536
 0 0.634553
 0 0.63456
 0 0.634576
 0 0.634579
 0 0.634586
 0 0.634586
 0 0.634593
 0 0.634593
 0 0.634593
 0 0.634594
 0 0.634594
 0 0.634594
 0 0.634595
 0 0.634595
 0 0.634601
 0 0.634645
 0 0.634645
 0 0.634717
 0 0.634717
 0 0.63472
 0 0.634731
 0 0.634732
 0 0.634732
 0 0.634748
 0 0.634767
 0 0.634798
 0 0.634809
 0 0.63481
 0 0.634855
 0 0.634855
 0 0.634855
 0 0.634855
 0 0.634859
 0 0.634859
 0 0.634859
 0 0.63486
 0 0.634871
 0 0.634872
 0 0.634876
 0 0.634897
 0 0.634898
 0 0.634898
 0 0.634898
 0 0.634898
 0 0.634899
 0 0.634919
 0 0.634944
 0 0.634947
 0 0.634947
 0 0.634995
 0 0.634997
 0 0.634997
 0 0.635026
 0 0.635035
 0 0.635035
 0 0.635035
 0 0.635035
 0 0.635035
 0 0.635035
 0 0.635058
 0 0.635058
 0 0.635058
 0 0.635058
 0 0.63506
 0 0.63506
 0 0.63506
 0 0.63506
 0 0.635082
 0 0.635085
 0 0.635085
 0 0.635096
 0 0.635114
 0 0.635114
 0 0.635133
 0 0.635133
 0 0.635152
 0 0.635156
 0 0.635156
 0 0.635157
 0 0.635157
 0 0.635157
 0 0.635157
 0 0.635158
 0 0.635158
 0 0.635189
 0 0.635189
 0 0.635189
 0 0.635203
 0 0.635204
 0 0.635204
 0 0.635228
 0 0.635232
 0 0.635233
 0 0.635234
 0 0.635259
 0 0.635276
 0 0.635277
 0 0.635277
 0 0.635278
 0 0.635278
 0 0.635284
 0 0.635284
 0 0.635296
 0 0.635296
 0 0.635296
 0 0.635301
 0 0.635302
 0 0.635306
 0 0.635316
 0 0.635321
 0 0.635361
 0 0.635398
 0 0.635404
 0 0.635413
 0 0.635414
 0 0.635466
 0 0.63548
 0 0.63548
 0 0.63548
 0 0.635509
 0 0.635509
 0 0.635516
 0 0.635516
 0 0.635535
 0 0.635536
 0 0.635539
 0 0.63554
 0 0.63554
 0 0.63556
 0 0.63556
 0 0.63556
 0 0.635561
 0 0.635561
 0 0.635563
 0 0.635563
 0 0.635575
 0 0.635575
 0 0.635587
 0 0.635654
 0 0.635655
 0 0.635655
 0 0.635662
 0 0.635662
 0 0.635669
 0 0.635671
 0 0.635671
 0 0.635675
 0 0.635684
 0 0.635684
 0 0.635686
 0 0.635709
 0 0.635709
 0 0.635713
 0 0.635713
 0 0.635757
 0 0.635757
 0 0.635758
 0 0.635759
 0 0.635837
 0 0.635837
 0 0.635838
 0 0.635838
 0 0.635839
 0 0.635839
 0 0.63584
 0 0.63584
 0 0.63586
 0 0.635861
 0 0.635861
 0 0.635921
 0 0.635921
 0 0.635921
 0 0.635926
 0 0.635926
 0 0.635926
 0 0.635929
 0 0.635929
 0 0.635929
 0 0.635937
 0 0.635937
 0 0.635948
 0 0.635966
 0 0.635968
 0 0.635969
 0 0.635982
 0 0.636002
 0 0.636003
 0 0.636004
 0 0.636021
 0 0.636021
 0 0.636021
 0 0.636022
 0 0.63604
 0 0.63604
 0 0.63604
 0 0.63604
 0 0.63604
 0 0.636041
 0 0.636042
 0 0.636042
 0 0.636042
 0 0.636049
 0 0.636065
 0 0.636065
 0 0.636065
 0 0.636065
 0 0.636093
 0 0.636096
 0 0.636102
 0 0.636102
 0 0.636107
 0 0.636107
 0 0.636134
 0 0.636135
 0 0.636136
 0 0.636136
 0 0.636156
 0 0.636167
 0 0.636213
 0 0.636221
 0 0.636221
 0 0.636221
 0 0.636231
 0 0.636249
 0 0.636251
 0 0.636272
 0 0.636272
 0 0.636272
 0 0.636274
 0 0.636274
 0 0.63628
 0 0.636288
 0 0.63629
 0 0.636291
 0 0.636318
 0 0.636319
 0 0.636335
 0 0.636354
 0 0.63636
 0 0.636361
 0 0.636366
 0 0.636366
 0 0.636372
 0 0.636372
 0 0.636391
 0 0.636391
 0 0.636391
 0 0.636391
 0 0.636399
 0 0.636407
 0 0.636429
 0 0.636433
 0 0.636433
 0 0.636434
 0 0.636434
 0 0.636438
 0 0.636438
 0 0.636444
 0 0.636444
 0 0.636465
 0 0.636475
 0 0.636541
 0 0.636541
 0 0.636542
 0 0.636542
 0 0.636543
 0 0.636573
 0 0.636574
 0 0.636575
 0 0.636575
 0 0.636579
 0 0.63658
 0 0.63658
 0 0.636607
 0 0.636608
 0 0.636624
 0 0.636625
 0 0.636635
 0 0.636635
 0 0.636635
 0 0.636651
 0 0.636668
 0 0.636668
 0 0.636668
 0 0.636668
 0 0.636681
 0 0.636685
 0 0.636686
 0 0.636711
 0 0.636711
 0 0.636711
 0 0.636711
 0 0.636711
 0 0.636713
 0 0.636713
 0 0.63672
 0 0.636721
 0 0.636725
 0 0.636725
 0 0.636725
 0 0.636738
 0 0.636739
 0 0.63674
 0 0.636757
 0 0.636757
 0 0.636757
 0 0.636757
 0 0.636768
 0 0.63677
 0 0.636773
 0 0.636777
 0 0.636806
 0 0.636806
 0 0.636807
 0 0.636813
 0 0.636831
 0 0.636848
 0 0.636848
 0 0.63685
 0 0.63685
 0 0.63685
 0 0.636858
 0 0.636858
 0 0.636862
 0 0.636862
 0 0.63688
 0 0.636881
 0 0.636883
 0 0.636885
 0 0.636885
 0 0.636889
 0 0.636907
 0 0.636918
 0 0.636922
 0 0.636926
 0 0.636926
 0 0.636926
 0 0.636964
 0 0.636977
 0 0.63699
 0 0.63699
 0 0.637058
 0 0.63706
 0 0.63706
 0 0.637061
 0 0.637063
 0 0.637063
 0 0.637063
 0 0.637063
 0 0.637088
 0 0.637103
 0 0.637104
 0 0.637129
 0 0.637136
 0 0.637136
 0 0.637142
 0 0.637151
 0 0.637167
 0 0.637191
 0 0.637191
 0 0.6372
 0 0.637204
 0 0.637204
 0 0.637209
 0 0.637209
 0 0.637213
 0 0.637271
 0 0.637271
 0 0.637271
 0 0.637272
 0 0.637272
 0 0.637283
 0 0.637283
 0 0.637283
 0 0.637284
 0 0.637325
 0 0.637334
 0 0.637335
 0 0.637335
 0 0.637346
 0 0.637346
 0 0.637359
 0 0.637359
 0 0.63736
 0 0.637401
 0 0.637411
 0 0.637411
 0 0.637428
 0 0.637436
 0 0.637437
 0 0.637443
 0 0.637443
 0 0.637444
 0 0.637448
 0 0.637449
 0 0.637464
 0 0.637465
 0 0.637506
 0 0.637506
 0 0.637506
 0 0.637506
 0 0.637506
 0 0.63756
 0 0.637561
 0 0.637575
 0 0.637577
 0 0.637577
 0 0.6376
 0 0.6376
 0 0.637602
 0 0.63763
 0 0.637633
 0 0.637635
 0 0.637643
 0 0.637643
 0 0.637643
 0 0.637685
 0 0.637686
 0 0.637686
 0 0.637686
 0 0.637694
 0 0.63771
 0 0.63771
 0 0.637711
 0 0.637711
 0 0.637712
 0 0.637731
 0 0.637747
 0 0.637748
 0 0.637749
 0 0.637749
 0 0.637755
 0 0.637755
 0 0.637762
 0 0.637762
 0 0.637787
 0 0.63779
 0 0.637795
 0 0.637798
 0 0.637849
 0 0.637859
 0 0.63786
 0 0.637866
 0 0.637867
 0 0.637867
 0 0.637867
 0 0.637877
 0 0.637881
 0 0.637904
 0 0.637907
 0 0.637918
 0 0.637918
 0 0.637923
 0 0.637961
 0 0.637961
 0 0.638028
 0 0.638029
 0 0.638029
 0 0.638053
 0 0.638053
 0 0.638068
 0 0.638083
 0 0.63811
 0 0.638112
 0 0.63817
 0 0.63817
 0 0.638182
 0 0.638183
 0 0.638183
 0 0.638189
 0 0.638226
 0 0.63823
 0 0.638246
 0 0.638255
 0 0.638255
 0 0.638256
 0 0.638256
 0 0.638264
 0 0.638264
 0 0.638266
 0 0.638271
 0 0.638272
 0 0.638272
 0 0.638287
 0 0.638287
 0 0.638328
 0 0.638328
 0 0.638336
 0 0.638336
 0 0.638358
 0 0.638378
 0 0.638378
 0 0.638379
 0 0.638381
 0 0.638386
 0 0.638386
 0 0.638393
 0 0.638443
 0 0.63845
 0 0.63845
 0 0.63845
 0 0.638503
 0 0.638503
 0 0.638503
 0 0.638509
 0 0.638509
 0 0.638511
 0 0.638511
 0 0.638513
 0 0.638544
 0 0.63858
 0 0.63858
 0 0.63858
 0 0.63858
 0 0.63858
 0 0.638584
 0 0.638668
 0 0.638669
 0 0.638669
 0 0.638676
 0 0.638676
 0 0.638697
 0 0.63873
 0 0.638739
 0 0.638793
 0 0.638816
 0 0.638832
 0 0.638853
 0 0.638853
 0 0.638951
 0 0.638964
 0 0.638965
 0 0.639015
 0 0.639015
 0 0.639016
 0 0.639032
 0 0.639032
 0 0.639042
 0 0.639042
 0 0.63906
 0 0.639075
 0 0.639089
 0 0.639109
 0 0.639109
 0 0.639109
 0 0.639114
 0 0.639114
 0 0.639117
 0 0.639207
 0 0.639242
 0 0.639284
 0 0.639284
 0 0.639288
 0 0.639291
 0 0.639292
 0 0.639292
 0 0.639312
 0 0.639357
 0 0.639358
 0 0.639359
 0 0.639416
 0 0.639416
 0 0.639417
 0 0.639417
 0 0.639417
 0 0.639522
 0 0.639522
 0 0.639532
 0 0.639532
 0 0.639532
 0 0.63954
 0 0.63954
 0 0.63954
 0 0.639552
 0 0.639552
 0 0.639576
 0 0.639576
 0 0.639576
 0 0.639598
 0 0.639622
 0 0.639656
 0 0.639656
 0 0.639656
 0 0.639656
 0 0.639686
 0 0.639686
 0 0.639717
 0 0.639719
 0 0.639719
 0 0.63974
 0 0.63974
 0 0.639752
 0 0.639755
 0 0.639755
 0 0.639755
 0 0.639755
 0 0.639764
 0 0.639769
 0 0.639769
 0 0.639769
 0 0.639779
 0 0.639779
 0 0.639779
 0 0.639779
 0 0.639813
 0 0.639813
 0 0.639889
 0 0.639988
 0 0.639988
 0 0.639989
 0 0.639989
 0 0.640015
 0 0.640052
 0 0.640108
 0 0.640164
 0 0.640218
 0 0.64022
 0 0.640272
 0 0.640274
 0 0.64028
 0 0.640303
 0 0.640316
 0 0.640335
 0 0.640382
 0 0.640383
 0 0.640408
 0 0.640435
 0 0.640435
 0 0.640584
 0 0.640584
 0 0.640597
 0 0.640597
 0 0.640597
 0 0.640598
 0 0.640606
 0 0.640608
 0 0.640608
 0 0.640609
 0 0.640609
 0 0.640697
 0 0.640697
 0 0.640753
 0 0.640753
 0 0.640792
 0 0.640792
 0 0.640803
 0 0.640803
 0 0.640803
 0 0.640806
 0 0.640806
 0 0.640806
 0 0.64084
 0 0.640842
 0 0.640845
 0 0.640845
 0 0.640865
 0 0.640866
 0 0.640866
 0 0.640866
 0 0.641027
 0 0.64104
 0 0.641041
 0 0.641045
 0 0.641045
 0 0.641052
 0 0.641052
 0 0.641052
 0 0.641052
 0 0.641154
 0 0.641154
 0 0.641212
 0 0.641218
 0 0.641266
 0 0.641266
 0 0.641266
 0 0.641502
 0 0.641502
 0 0.641502
 0 0.641637
 0 0.641637
 0 0.641654
 0 0.641654
 0 0.641777
 0 0.641778
 0 0.641784
 0 0.641784
 0 0.64183
 0 0.64183
 0 0.641831
 0 0.641849
 0 0.641849
 0 0.641883
 0 0.641917
 0 0.641932
 0 0.641936
 0 0.641936
 0 0.641936
 0 0.642083
 0 0.642252
 0 0.642253
 0 0.642336
 0 0.642336
 0 0.642358
 0 0.642359
 0 0.642359
 0 0.642431
 0 0.642431
 0 0.642538
 0 0.642538
 0 0.642784
 0 0.642859
 0 0.642863
 0 0.642989
 0 0.642989
 0 0.643034
 0 0.643038
 0 0.643072
 0 0.643078
 0 0.643097
 0 0.643097
 0 0.643248
 0 0.643248
 0 0.643248
 0 0.643319
 0 0.643549
 0 0.64355
 0 0.643551
 0 0.643552
 0 0.643602
 0 0.643603
 0 0.643603
 0 0.643649
 0 0.643649
 0 0.644085
 0 0.644147
 0 0.644148
 0 0.644151
 0 0.644151
 0 0.644211
 0 0.644211
 0 0.644211
 0 0.644211
 0 0.644429
 0 0.644519
 0 0.644519
 0 0.644749
 0 0.644749
 0 0.64478
 0 0.644944
 0 0.64505
 0 0.645056
 0 0.645057
 0 0.645058
 0 0.645229
 0 0.645229
 0 0.645229
 0 0.645229
 0 0.64523
 0 0.64537
 0 0.645578
 0 0.645578
 0 0.645578
 0 0.645804
 0 0.646223
 0 0.646325
 0 0.646326
 0 0.646326
 0 0.64652
 0 0.64652
 0 0.646724
 0 0.646725
 0 0.646725
 0 0.646726
 0 0.646842
 0 0.647503
 0 0.647652
 0 0.647654
 0 0.648239
 0 0.648239
 0 0.648239
 0 0.648513
 0 0.648958
 0 0.648959
 0 0.649094
 0 0.649195
 0 0.649537
 0 inf
