 0 0.483124
 0 0.483275
 0 0.483275
 0 0.483276
 0 0.484175
 0 0.484175
 0 0.485238
 0 0.485238
 0 0.48524
 0 0.48524
 0 0.48524
 0 0.48547
 0 0.491188
 0 0.491499
 0 0.491503
 0 0.492093
 0 0.492402
 0 0.492402
 0 0.49529
 0 0.49529
 0 0.495293
 0 0.495293
 0 0.495709
 0 0.495715
 0 0.618274
 0 0.618274
 0 0.618672
 0 0.618675
 0 0.619524
 0 0.619922
 0 0.620214
 0 0.620214
 0 0.620214
 0 0.620214
 0 0.620214
 0 0.620376
 0 0.620376
 0 0.620723
 0 0.620723
 0 0.620723
 0 0.620723
 0 0.620856
 0 0.620857
 0 0.620859
 0 0.620922
 0 0.620994
 0 0.621132
 0 0.621308
 0 0.621312
 0 0.621349
 0 0.621349
 0 0.621424
 0 0.621424
 0 0.621486
 0 0.621486
 0 0.621548
 0 0.621739
 0 0.62174
 0 0.621796
 0 0.621797
 0 0.621921
 0 0.621925
 0 0.621929
 0 0.621929
 0 0.621933
 0 0.621933
 0 0.622081
 0 0.622083
 0 0.622229
 0 0.622232
 0 0.622265
 0 0.622326
 0 0.622336
 0 0.622336
 0 0.622336
 0 0.622352
 0 0.622391
 0 0.622391
 0 0.622391
 0 0.622418
 0 0.622419
 0 0.622421
 0 0.622487
 0 0.622488
 0 0.622811
 0 0.622812
 0 0.622812
 0 0.622813
 0 0.622858
 0 0.622861
 0 0.622863
 0 0.622874
 0 0.622924
 0 0.622925
 0 0.623102
 0 0.623102
 0 0.623106
 0 0.623108
 0 0.62327
 0 0.623272
 0 0.623274
 0 0.623445
 0 0.623447
 0 0.623635
 0 0.62364
 0 0.62381
 0 0.623812
 0 0.623815
 0 0.623821
 0 0.623823
 0 0.624005
 0 0.62401
 0 0.624028
 0 0.624048
 0 0.624189
 0 0.624299
 0 0.624328
 0 0.62433
 0 0.624342
 0 0.624344
 0 0.624379
 0 0.624405
 0 0.62449
 0 0.624492
 0 0.624535
 0 0.624602
 0 0.624605
 0 0.624612
 0 0.624614
 0 0.624632
 0 0.624632
 0 0.624632
 0 0.624634
 0 0.624708
 0 0.624708
 0 0.62471
 0 0.624733
 0 0.624735
 0 0.624735
 0 0.624742
 0 0.624742
 0 0.624746
 0 0.624907
 0 0.625039
 0 0.625125
 0 0.625126
 0 0.625154
 0 0.625169
 0 0.625169
 0 0.625169
 0 0.625174
 0 0.625174
 0 0.625253
 0 0.625255
 0 0.625365
 0 0.625367
 0 0.625398
 0 0.6254
 0 0.625426
 0 0.625482
 0 0.625556
 0 0.625557
 0 0.625561
 0 0.625703
 0 0.625704
 0 0.625706
 0 0.625706
 0 0.625765
 0 0.625766
 0 0.625781
 0 0.625856
 0 0.625859
 0 0.625861
 0 0.626031
 0 0.626043
 0 0.626087
 0 0.626185
 0 0.626186
 0 0.6264
 0 0.626402
 0 0.626425
 0 0.626427
 0 0.626443
 0 0.626456
 0 0.626456
 0 0.62646
 0 0.62646
 0 0.626471
 0 0.626473
 0 0.626473
 0 0.626475
 0 0.626482
 0 0.626484
 0 0.62649
 0 0.62649
 0 0.626554
 0 0.626556
 0 0.626567
 0 0.626637
 0 0.626645
 0 0.626728
 0 0.62676
 0 0.626761
 0 0.626819
 0 0.626869
 0 0.626906
 0 0.626909
 0 0.626909
 0 0.626909
 0 0.626912
 0 0.626912
 0 0.626914
 0 0.626917
 0 0.626921
 0 0.626926
 0 0.62694
 0 0.626941
 0 0.626944
 0 0.626944
 0 0.626962
 0 0.626964
 0 0.626983
 0 0.626984
 0 0.626986
 0 0.627055
 0 0.627129
 0 0.627132
 0 0.627253
 0 0.627312
 0 0.627315
 0 0.627315
 0 0.62733
 0 0.62733
 0 0.627334
 0 0.627363
 0 0.627371
 0 0.627474
 0 0.627544
 0 0.627544
 0 0.627555
 0 0.627555
 0 0.627558
 0 0.627559
 0 0.62756
 0 0.627633
 0 0.627633
 0 0.627668
 0 0.62767
 0 0.627743
 0 0.627743
 0 0.627758
 0 0.627761
 0 0.627761
 0 0.627779
 0 0.627779
 0 0.627846
 0 0.62785
 0 0.627903
 0 0.627918
 0 0.627918
 0 0.627943
 0 0.627998
 0 0.627998
 0 0.628
 0 0.628
 0 0.62812
 0 0.628189
 0 0.628212
 0 0.628212
 0 0.62822
 0 0.628221
 0 0.628263
 0 0.628264
 0 0.628264
 0 0.628281
 0 0.62831
 0 0.62832
 0 0.62832
 0 0.628321
 0 0.628321
 0 0.628341
 0 0.62836
 0 0.628361
 0 0.628363
 0 0.628363
 0 0.628448
 0 0.628448
 0 0.628448
 0 0.628477
 0 0.628524
 0 0.628539
 0 0.628539
 0 0.628539
 0 0.628607
 0 0.628608
 0 0.628608
 0 0.628649
 0 0.628652
 0 0.628688
 0 0.628688
 0 0.628729
 0 0.628731
 0 0.628731
 0 0.628731
 0 0.628732
 0 0.62885
 0 0.628851
 0 0.628885
 0 0.628885
 0 0.628887
 0 0.6289
 0 0.628914
 0 0.629023
 0 0.629025
 0 0.629027
 0 0.629061
 0 0.629061
 0 0.629061
 0 0.629065
 0 0.629091
 0 0.629095
 0 0.629095
 0 0.629099
 0 0.629114
 0 0.62917
 0 0.629173
 0 0.629177
 0 0.629177
 0 0.629211
 0 0.629214
 0 0.629222
 0 0.629249
 0 0.629249
 0 0.629249
 0 0.629307
 0 0.629309
 0 0.629309
 0 0.629309
 0 0.629405
 0 0.629406
 0 0.629406
 0 0.629414
 0 0.629434
 0 0.629436
 0 0.629436
 0 0.629437
 0 0.629439
 0 0.62946
 0 0.629461
 0 0.629482
 0 0.629484
 0 0.629546
 0 0.629548
 0 0.629558
 0 0.629558
 0 0.629561
 0 0.629566
 0 0.629598
 0 0.629598
 0 0.629622
 0 0.629623
 0 0.629624
 0 0.629695
 0 0.629695
 0 0.629704
 0 0.629706
 0 0.629706
 0 0.629706
 0 0.629706
 0 0.629713
 0 0.629728
 0 0.629728
 0 0.629731
 0 0.629732
 0 0.629732
 0 0.629747
 0 0.62979
 0 0.629792
 0 0.629793
 0 0.629801
 0 0.629802
 0 0.629803
 0 0.629805
 0 0.629806
 0 0.629847
 0 0.629849
 0 0.62985
 0 0.62985
 0 0.629857
 0 0.629858
 0 0.629859
 0 0.629884
 0 0.62991
 0 0.629925
 0 0.629948
 0 0.629982
 0 0.629988
 0 0.629988
 0 0.629991
 0 0.63
 0 0.630001
 0 0.630011
 0 0.630011
 0 0.630014
 0 0.630021
 0 0.630038
 0 0.630101
 0 0.630104
 0 0.630107
 0 0.630107
 0 0.630107
 0 0.630109
 0 0.630112
 0 0.630115
 0 0.630115
 0 0.630116
 0 0.630116
 0 0.63018
 0 0.630182
 0 0.630203
 0 0.630203
 0 0.630203
 0 0.63023
 0 0.630243
 0 0.630244
 0 0.630245
 0 0.630246
 0 0.630246
 0 0.630257
 0 0.630258
 0 0.630268
 0 0.630268
 0 0.630286
 0 0.630288
 0 0.630288
 0 0.630295
 0 0.63035
 0 0.630351
 0 0.630355
 0 0.630362
 0 0.630366
 0 0.630437
 0 0.630442
 0 0.630443
 0 0.630445
 0 0.630445
 0 0.630452
 0 0.630456
 0 0.630473
 0 0.630477
 0 0.630488
 0 0.630488
 0 0.630497
 0 0.6305
 0 0.630547
 0 0.630547
 0 0.63056
 0 0.630582
 0 0.630582
 0 0.630603
 0 0.630661
 0 0.630661
 0 0.630719
 0 0.630719
 0 0.630741
 0 0.630743
 0 0.630744
 0 0.630744
 0 0.630746
 0 0.630747
 0 0.630759
 0 0.630761
 0 0.630778
 0 0.630868
 0 0.63087
 0 0.63087
 0 0.63087
 0 0.630872
 0 0.630872
 0 0.630872
 0 0.630874
 0 0.6309
 0 0.6309
 0 0.630901
 0 0.630912
 0 0.630923
 0 0.630925
 0 0.630938
 0 0.630968
 0 0.631
 0 0.631001
 0 0.631025
 0 0.631058
 0 0.631058
 0 0.63109
 0 0.631094
 0 0.631143
 0 0.631144
 0 0.631175
 0 0.631225
 0 0.631227
 0 0.631227
 0 0.63123
 0 0.63123
 0 0.63123
 0 0.631231
 0 0.631231
 0 0.631256
 0 0.631259
 0 0.631262
 0 0.631326
 0 0.631334
 0 0.631348
 0 0.631348
 0 0.631348
 0 0.63135
 0 0.631388
 0 0.631389
 0 0.63139
 0 0.631433
 0 0.631433
 0 0.631457
 0 0.631487
 0 0.631489
 0 0.631501
 0 0.631504
 0 0.631515
 0 0.631541
 0 0.631559
 0 0.631564
 0 0.631577
 0 0.631577
 0 0.631604
 0 0.631627
 0 0.631628
 0 0.631629
 0 0.631635
 0 0.631635
 0 0.631636
 0 0.631641
 0 0.631644
 0 0.631644
 0 0.631664
 0 0.631692
 0 0.631692
 0 0.631764
 0 0.631764
 0 0.631764
 0 0.631775
 0 0.631794
 0 0.631794
 0 0.631811
 0 0.63182
 0 0.631823
 0 0.631829
 0 0.631829
 0 0.631835
 0 0.631839
 0 0.631839
 0 0.631839
 0 0.631874
 0 0.631874
 0 0.631877
 0 0.631879
 0 0.631888
 0 0.63189
 0 0.631921
 0 0.631923
 0 0.631931
 0 0.631935
 0 0.631975
 0 0.631985
 0 0.632012
 0 0.632012
 0 0.632034
 0 0.632061
 0 0.63212
 0 0.632131
 0 0.632131
 0 0.632133
 0 0.632157
 0 0.632178
 0 0.63218
 0 0.632201
 0 0.632201
 0 0.632216
 0 0.632221
 0 0.632221
 0 0.632223
 0 0.632272
 0 0.63228
 0 0.632282
 0 0.6323
 0 0.632303
 0 0.632304
 0 0.632304
 0 0.632317
 0 0.632332
 0 0.632332
 0 0.632341
 0 0.632344
 0 0.632355
 0 0.632356
 0 0.63238
 0 0.632383
 0 0.632383
 0 0.632383
 0 0.632385
 0 0.632388
 0 0.632388
 0 0.632406
 0 0.632406
 0 0.632426
 0 0.632455
 0 0.632463
 0 0.632466
 0 0.632474
 0 0.632474
 0 0.632518
 0 0.632586
 0 0.632586
 0 0.632587
 0 0.632587
 0 0.632603
 0 0.632603
 0 0.632606
 0 0.632622
 0 0.632622
 0 0.632622
 0 0.632633
 0 0.632633
 0 0.632635
 0 0.632637
 0 0.632648
 0 0.632656
 0 0.632656
 0 0.632657
 0 0.632657
 0 0.632657
 0 0.632659
 0 0.632659
 0 0.63266
 0 0.632661
 0 0.632711
 0 0.632739
 0 0.632777
 0 0.632778
 0 0.632779
 0 0.632787
 0 0.632787
 0 0.632787
 0 0.632827
 0 0.632835
 0 0.632838
 0 0.632838
 0 0.632843
 0 0.632865
 0 0.632868
 0 0.632907
 0 0.632907
 0 0.632908
 0 0.632924
 0 0.632977
 0 0.632977
 0 0.632978
 0 0.63299
 0 0.632991
 0 0.632998
 0 0.632999
 0 0.633006
 0 0.633015
 0 0.633029
 0 0.633029
 0 0.633033
 0 0.633038
 0 0.633041
 0 0.63305
 0 0.6331
 0 0.633159
 0 0.633177
 0 0.633178
 0 0.633182
 0 0.633192
 0 0.633209
 0 0.633209
 0 0.633211
 0 0.633214
 0 0.633215
 0 0.633215
 0 0.633262
 0 0.633262
 0 0.633262
 0 0.633264
 0 0.633318
 0 0.633348
 0 0.633348
 0 0.633359
 0 0.633361
 0 0.633439
 0 0.633439
 0 0.63346
 0 0.63346
 0 0.633468
 0 0.63347
 0 0.633471
 0 0.633471
 0 0.633474
 0 0.633486
 0 0.633487
 0 0.633488
 0 0.633489
 0 0.633489
 0 0.633491
 0 0.633527
 0 0.633555
 0 0.633555
 0 0.633558
 0 0.633558
 0 0.633619
 0 0.633621
 0 0.633625
 0 0.633625
 0 0.633657
 0 0.633661
 0 0.633694
 0 0.633697
 0 0.633697
 0 0.633711
 0 0.633711
 0 0.633733
 0 0.633761
 0 0.633761
 0 0.633853
 0 0.633854
 0 0.63387
 0 0.633872
 0 0.633872
 0 0.63388
 0 0.63388
 0 0.633882
 0 0.633882
 0 0.633924
 0 0.63395
 0 0.63395
 0 0.63396
 0 0.63396
 0 0.63396
 0 0.63398
 0 0.63399
 0 0.634045
 0 0.634045
 0 0.634051
 0 0.634065
 0 0.634068
 0 0.634073
 0 0.634073
 0 0.634075
 0 0.6341
 0 0.6342
 0 0.6342
 0 0.6342
 0 0.634201
 0 0.634203
 0 0.634218
 0 0.634218
 0 0.634232
 0 0.634237
 0 0.634282
 0 0.634306
 0 0.634309
 0 0.634309
 0 0.634313
 0 0.634313
 0 0.634348
 0 0.634353
 0 0.634353
 0 0.634359
 0 0.634427
 0 0.634466
 0 0.634467
 0 0.634467
 0 0.634487
 0 0.634487
 0 0.634494
 0 0.634535
 0 0.634614
 0 0.634621
 0 0.634621
 0 0.634623
 0 0.634623
 0 0.634626
 0 0.634637
 0 0.63466
 0 0.63466
 0 0.634661
 0 0.634672
 0 0.634672
 0 0.634679
 0 0.634679
 0 0.63468
 0 0.634714
 0 0.634714
 0 0.634714
 0 0.634714
 0 0.634715
 0 0.634718
 0 0.634718
 0 0.634718
 0 0.634719
 0 0.634719
 0 0.634736
 0 0.634736
 0 0.634742
 0 0.634742
 0 0.634742
 0 0.634743
 0 0.634745
 0 0.634747
 0 0.634798
 0 0.634799
 0 0.634799
 0 0.634805
 0 0.63483
 0 0.634832
 0 0.634835
 0 0.634838
 0 0.634869
 0 0.63487
 0 0.634872
 0 0.634877
 0 0.634878
 0 0.634879
 0 0.634879
 0 0.63488
 0 0.634885
 0 0.634886
 0 0.63489
 0 0.63489
 0 0.634891
 0 0.634907
 0 0.634908
 0 0.634908
 0 0.634908
 0 0.634909
 0 0.634909
 0 0.634979
 0 0.634979
 0 0.634983
 0 0.634984
 0 0.634988
 0 0.635005
 0 0.635009
 0 0.635009
 0 0.63501
 0 0.635062
 0 0.635064
 0 0.635083
 0 0.635083
 0 0.635086
 0 0.63511
 0 0.635133
 0 0.635135
 0 0.635173
 0 0.635175
 0 0.635175
 0 0.635189
 0 0.635191
 0 0.635193
 0 0.635194
 0 0.635197
 0 0.635197
 0 0.635203
 0 0.635221
 0 0.635234
 0 0.635253
 0 0.635255
 0 0.635264
 0 0.635266
 0 0.635299
 0 0.635299
 0 0.635299
 0 0.6353
 0 0.6353
 0 0.635308
 0 0.635309
 0 0.635318
 0 0.635318
 0 0.63532
 0 0.63532
 0 0.635322
 0 0.635322
 0 0.635323
 0 0.635331
 0 0.635331
 0 0.635331
 0 0.635334
 0 0.635335
 0 0.635351
 0 0.635351
 0 0.63537
 0 0.635373
 0 0.63538
 0 0.635386
 0 0.635386
 0 0.635387
 0 0.635387
 0 0.635405
 0 0.635405
 0 0.635407
 0 0.635407
 0 0.635426
 0 0.635439
 0 0.635439
 0 0.635445
 0 0.635445
 0 0.635464
 0 0.635465
 0 0.635484
 0 0.635485
 0 0.635511
 0 0.635512
 0 0.635513
 0 0.635514
 0 0.635514
 0 0.635526
 0 0.635526
 0 0.635529
 0 0.635529
 0 0.635534
 0 0.635563
 0 0.635564
 0 0.635575
 0 0.635575
 0 0.635625
 0 0.635625
 0 0.635662
 0 0.635664
 0 0.635664
 0 0.635676
 0 0.635677
 0 0.635743
 0 0.635743
 0 0.635745
 0 0.635747
 0 0.635756
 0 0.635757
 0 0.635766
 0 0.635784
 0 0.635789
 0 0.635789
 0 0.635833
 0 0.635833
 0 0.635836
 0 0.635855
 0 0.635855
 0 0.635855
 0 0.635856
 0 0.635856
 0 0.635875
 0 0.635928
 0 0.635944
 0 0.635945
 0 0.635946
 0 0.635947
 0 0.635948
 0 0.635951
 0 0.635953
 0 0.635963
 0 0.635965
 0 0.63597
 0 0.635971
 0 0.635974
 0 0.63602
 0 0.636032
 0 0.636032
 0 0.636032
 0 0.636032
 0 0.63604
 0 0.63604
 0 0.636088
 0 0.636089
 0 0.63609
 0 0.636099
 0 0.6361
 0 0.636106
 0 0.636127
 0 0.636129
 0 0.63613
 0 0.636136
 0 0.636136
 0 0.636136
 0 0.636146
 0 0.636153
 0 0.636193
 0 0.636193
 0 0.636193
 0 0.636202
 0 0.636203
 0 0.636222
 0 0.636224
 0 0.636224
 0 0.636225
 0 0.636227
 0 0.636233
 0 0.63627
 0 0.636273
 0 0.636292
 0 0.636293
 0 0.636295
 0 0.636299
 0 0.6363
 0 0.636304
 0 0.636328
 0 0.636352
 0 0.636356
 0 0.636387
 0 0.636398
 0 0.6364
 0 0.6364
 0 0.636402
 0 0.636418
 0 0.636419
 0 0.636419
 0 0.63643
 0 0.636478
 0 0.636515
 0 0.636516
 0 0.636516
 0 0.636517
 0 0.636517
 0 0.636518
 0 0.636543
 0 0.636543
 0 0.636556
 0 0.636559
 0 0.636568
 0 0.636568
 0 0.636571
 0 0.636575
 0 0.636578
 0 0.636603
 0 0.636606
 0 0.636609
 0 0.636626
 0 0.636626
 0 0.636626
 0 0.636654
 0 0.636659
 0 0.636681
 0 0.636701
 0 0.636727
 0 0.636728
 0 0.636735
 0 0.636735
 0 0.636738
 0 0.636745
 0 0.636746
 0 0.636748
 0 0.636772
 0 0.636774
 0 0.636774
 0 0.636774
 0 0.636775
 0 0.636791
 0 0.636794
 0 0.636794
 0 0.636806
 0 0.63681
 0 0.636816
 0 0.636831
 0 0.636836
 0 0.636843
 0 0.636844
 0 0.636849
 0 0.636851
 0 0.636851
 0 0.636852
 0 0.636856
 0 0.636897
 0 0.636898
 0 0.6369
 0 0.6369
 0 0.6369
 0 0.636901
 0 0.636903
 0 0.636908
 0 0.636919
 0 0.636919
 0 0.63692
 0 0.63692
 0 0.636922
 0 0.636923
 0 0.636923
 0 0.636923
 0 0.636925
 0 0.636933
 0 0.63694
 0 0.63694
 0 0.63694
 0 0.636944
 0 0.636968
 0 0.636971
 0 0.636999
 0 0.637
 0 0.63701
 0 0.63701
 0 0.63701
 0 0.637011
 0 0.637042
 0 0.637046
 0 0.63706
 0 0.637069
 0 0.637071
 0 0.637071
 0 0.637071
 0 0.637073
 0 0.637077
 0 0.637087
 0 0.637092
 0 0.637093
 0 0.637093
 0 0.637096
 0 0.637097
 0 0.637097
 0 0.637109
 0 0.63711
 0 0.637144
 0 0.637144
 0 0.637145
 0 0.637147
 0 0.637156
 0 0.637156
 0 0.63716
 0 0.637174
 0 0.637175
 0 0.637175
 0 0.637176
 0 0.637183
 0 0.637214
 0 0.637218
 0 0.637218
 0 0.637218
 0 0.63722
 0 0.63722
 0 0.637222
 0 0.637222
 0 0.637225
 0 0.637225
 0 0.637225
 0 0.637234
 0 0.637238
 0 0.637246
 0 0.637247
 0 0.63726
 0 0.63726
 0 0.637262
 0 0.637278
 0 0.637282
 0 0.637285
 0 0.637285
 0 0.637289
 0 0.637294
 0 0.637295
 0 0.637296
 0 0.637296
 0 0.63734
 0 0.637342
 0 0.637372
 0 0.637376
 0 0.637389
 0 0.63739
 0 0.637423
 0 0.637429
 0 0.63743
 0 0.637456
 0 0.637458
 0 0.637463
 0 0.637463
 0 0.637463
 0 0.637471
 0 0.637471
 0 0.637471
 0 0.637473
 0 0.637479
 0 0.637485
 0 0.637485
 0 0.637505
 0 0.637506
 0 0.637506
 0 0.637507
 0 0.63752
 0 0.63752
 0 0.637524
 0 0.637531
 0 0.637531
 0 0.63755
 0 0.63755
 0 0.637552
 0 0.637552
 0 0.637577
 0 0.637577
 0 0.637577
 0 0.637578
 0 0.63758
 0 0.637607
 0 0.637607
 0 0.637608
 0 0.63761
 0 0.637641
 0 0.637645
 0 0.637647
 0 0.637647
 0 0.637665
 0 0.637667
 0 0.63768
 0 0.637689
 0 0.637691
 0 0.637697
 0 0.637697
 0 0.637701
 0 0.637701
 0 0.63773
 0 0.63773
 0 0.637731
 0 0.637736
 0 0.637737
 0 0.637739
 0 0.637739
 0 0.637761
 0 0.637769
 0 0.637769
 0 0.637793
 0 0.637793
 0 0.637825
 0 0.637825
 0 0.637827
 0 0.637827
 0 0.637829
 0 0.637829
 0 0.63783
 0 0.637853
 0 0.637871
 0 0.63789
 0 0.6379
 0 0.637901
 0 0.637907
 0 0.637918
 0 0.637929
 0 0.637932
 0 0.637935
 0 0.638
 0 0.638001
 0 0.638004
 0 0.638007
 0 0.638007
 0 0.638048
 0 0.638049
 0 0.638053
 0 0.638054
 0 0.638061
 0 0.638084
 0 0.638086
 0 0.638094
 0 0.638098
 0 0.6381
 0 0.6381
 0 0.638102
 0 0.638115
 0 0.638116
 0 0.638124
 0 0.638124
 0 0.638127
 0 0.638139
 0 0.638152
 0 0.638154
 0 0.638155
 0 0.638157
 0 0.638157
 0 0.638157
 0 0.638157
 0 0.638163
 0 0.638191
 0 0.63829
 0 0.638292
 0 0.638294
 0 0.638299
 0 0.638301
 0 0.638305
 0 0.638338
 0 0.638345
 0 0.638366
 0 0.638368
 0 0.638369
 0 0.638369
 0 0.638369
 0 0.638371
 0 0.638417
 0 0.63842
 0 0.638428
 0 0.638431
 0 0.638435
 0 0.638437
 0 0.638451
 0 0.638489
 0 0.638489
 0 0.638489
 0 0.638489
 0 0.638505
 0 0.638542
 0 0.638543
 0 0.638543
 0 0.638575
 0 0.638575
 0 0.638606
 0 0.638655
 0 0.638683
 0 0.63869
 0 0.638696
 0 0.638696
 0 0.638716
 0 0.638716
 0 0.638716
 0 0.638766
 0 0.638767
 0 0.638786
 0 0.638844
 0 0.638845
 0 0.638865
 0 0.638877
 0 0.638877
 0 0.638879
 0 0.638879
 0 0.638879
 0 0.638899
 0 0.63893
 0 0.638931
 0 0.638933
 0 0.638943
 0 0.638943
 0 0.638944
 0 0.638968
 0 0.638968
 0 0.638978
 0 0.638978
 0 0.638993
 0 0.638995
 0 0.638996
 0 0.638998
 0 0.639026
 0 0.63905
 0 0.63905
 0 0.639065
 0 0.639114
 0 0.63912
 0 0.63912
 0 0.63912
 0 0.63912
 0 0.639122
 0 0.639122
 0 0.63913
 0 0.639132
 0 0.639133
 0 0.639157
 0 0.639163
 0 0.639252
 0 0.639253
 0 0.639255
 0 0.639257
 0 0.63927
 0 0.639284
 0 0.639302
 0 0.639304
 0 0.63935
 0 0.639425
 0 0.639484
 0 0.639484
 0 0.639484
 0 0.639521
 0 0.639528
 0 0.639596
 0 0.639596
 0 0.639631
 0 0.639707
 0 0.639707
 0 0.639708
 0 0.639728
 0 0.63973
 0 0.639731
 0 0.639754
 0 0.639757
 0 0.639757
 0 0.639794
 0 0.639794
 0 0.639794
 0 0.639795
 0 0.639823
 0 0.639835
 0 0.639882
 0 0.639882
 0 0.639915
 0 0.639916
 0 0.639917
 0 0.639917
 0 0.639919
 0 0.639941
 0 0.639941
 0 0.639944
 0 0.639969
 0 0.63997
 0 0.63997
 0 0.640047
 0 0.640047
 0 0.640073
 0 0.640073
 0 0.640073
 0 0.640074
 0 0.640089
 0 0.640126
 0 0.640145
 0 0.640145
 0 0.640152
 0 0.640153
 0 0.640179
 0 0.64018
 0 0.640182
 0 0.640203
 0 0.640212
 0 0.640212
 0 0.640215
 0 0.640288
 0 0.640331
 0 0.640388
 0 0.640388
 0 0.64042
 0 0.640421
 0 0.640474
 0 0.640497
 0 0.640497
 0 0.640503
 0 0.640503
 0 0.640523
 0 0.640523
 0 0.640523
 0 0.640523
 0 0.640528
 0 0.640566
 0 0.640568
 0 0.64057
 0 0.64057
 0 0.64057
 0 0.640571
 0 0.640575
 0 0.640577
 0 0.640577
 0 0.640601
 0 0.640629
 0 0.640659
 0 0.640659
 0 0.640726
 0 0.64073
 0 0.64073
 0 0.640767
 0 0.640771
 0 0.640795
 0 0.640795
 0 0.640808
 0 0.640808
 0 0.640828
 0 0.64083
 0 0.640856
 0 0.640868
 0 0.64087
 0 0.640925
 0 0.640927
 0 0.64094
 0 0.640941
 0 0.641003
 0 0.641006
 0 0.641114
 0 0.641124
 0 0.641124
 0 0.641225
 0 0.641225
 0 0.641226
 0 0.641226
 0 0.641249
 0 0.64125
 0 0.6413
 0 0.641302
 0 0.641315
 0 0.641316
 0 0.641316
 0 0.64132
 0 0.641322
 0 0.641336
 0 0.64137
 0 0.64137
 0 0.641396
 0 0.641411
 0 0.641424
 0 0.641424
 0 0.641424
 0 0.641425
 0 0.641425
 0 0.641426
 0 0.641449
 0 0.641449
 0 0.641452
 0 0.64146
 0 0.6415
 0 0.641514
 0 0.641539
 0 0.641562
 0 0.641595
 0 0.641717
 0 0.641717
 0 0.64172
 0 0.641739
 0 0.641739
 0 0.641739
 0 0.641814
 0 0.641816
 0 0.641817
 0 0.641818
 0 0.64182
 0 0.641847
 0 0.641894
 0 0.641894
 0 0.641914
 0 0.641942
 0 0.641991
 0 0.641993
 0 0.642069
 0 0.642083
 0 0.642086
 0 0.642087
 0 0.64209
 0 0.642092
 0 0.642105
 0 0.642128
 0 0.642138
 0 0.642154
 0 0.64226
 0 0.642311
 0 0.642313
 0 0.642313
 0 0.642314
 0 0.642346
 0 0.642354
 0 0.642357
 0 0.642378
 0 0.64238
 0 0.642385
 0 0.642394
 0 0.642442
 0 0.642442
 0 0.642443
 0 0.642452
 0 0.642453
 0 0.642499
 0 0.642499
 0 0.642528
 0 0.642528
 0 0.642528
 0 0.642528
 0 0.642529
 0 0.642611
 0 0.642615
 0 0.642615
 0 0.642615
 0 0.642616
 0 0.642681
 0 0.642684
 0 0.64276
 0 0.64276
 0 0.642803
 0 0.642804
 0 0.642804
 0 0.642848
 0 0.64285
 0 0.64285
 0 0.642851
 0 0.642909
 0 0.642911
 0 0.643051
 0 0.643065
 0 0.643065
 0 0.643066
 0 0.643067
 0 0.643067
 0 0.64307
 0 0.643156
 0 0.643436
 0 0.643473
 0 0.643477
 0 0.643477
 0 0.643477
 0 0.643478
 0 0.643579
 0 0.64386
 0 0.64386
 0 0.643909
 0 0.644104
 0 0.644106
 0 0.644107
 0 0.644132
 0 0.644185
 0 0.644186
 0 0.644325
 0 0.644392
 0 0.644393
 0 0.644526
 0 0.644526
 0 0.644571
 0 0.644575
 0 0.644656
 0 0.64475
 0 0.64475
 0 0.644754
 0 0.644754
 0 0.645089
 0 0.645089
 0 0.64509
 0 0.645091
 0 0.645972
 0 0.645973
 0 0.646276
 0 0.646277
 0 0.646345
 0 0.646888
 0 0.647145
 0 0.647146
 0 0.647146
 0 0.647148
 0 0.64726
 0 0.647262
 0 0.647737
 0 0.648209
 0 0.648217
 0 0.648217
 0 0.648775
 0 0.648775
 0 0.648776
 0 0.648776
 0 0.649102
 0 0.649102
 0 0.649102
 0 0.649102
 0 0.649105
 0 0.649177
 0 0.649181
 0 0.649328
 0 0.649331
 0 0.649332
 0 0.650061
 0 0.650061
 0 inf
