 0 0.493612
 0 0.493613
 0 0.493613
 0 0.494261
 0 0.494263
 0 0.494263
 0 0.627111
 0 0.627113
 0 0.627165
 0 0.627168
 0 0.62717
 0 0.62717
 0 0.627391
 0 0.627768
 0 0.627769
 0 0.627769
 0 0.627769
 0 0.627835
 0 0.627837
 0 0.627837
 0 0.628
 0 0.628
 0 0.628001
 0 0.62808
 0 0.62808
 0 0.628104
 0 0.628211
 0 0.628222
 0 0.628275
 0 0.628277
 0 0.628306
 0 0.628384
 0 0.628384
 0 0.628384
 0 0.628385
 0 0.628524
 0 0.628557
 0 0.628559
 0 0.628581
 0 0.628581
 0 0.628581
 0 0.628626
 0 0.628691
 0 0.628691
 0 0.628692
 0 0.628708
 0 0.628708
 0 0.628708
 0 0.62876
 0 0.62876
 0 0.628806
 0 0.628806
 0 0.628807
 0 0.628807
 0 0.628928
 0 0.628928
 0 0.62903
 0 0.629034
 0 0.629078
 0 0.629079
 0 0.629091
 0 0.629091
 0 0.629102
 0 0.629103
 0 0.629115
 0 0.629115
 0 0.629115
 0 0.629116
 0 0.629137
 0 0.629138
 0 0.62919
 0 0.629318
 0 0.629318
 0 0.62939
 0 0.62939
 0 0.629496
 0 0.629562
 0 0.629562
 0 0.629566
 0 0.629566
 0 0.629591
 0 0.629593
 0 0.629703
 0 0.629709
 0 0.629794
 0 0.629865
 0 0.629918
 0 0.629928
 0 0.629929
 0 0.630008
 0 0.63001
 0 0.63001
 0 0.630042
 0 0.630148
 0 0.630151
 0 0.630189
 0 0.630213
 0 0.630213
 0 0.630213
 0 0.630213
 0 0.630214
 0 0.630237
 0 0.630237
 0 0.630239
 0 0.63024
 0 0.630259
 0 0.63026
 0 0.630261
 0 0.630261
 0 0.630294
 0 0.630294
 0 0.630309
 0 0.630309
 0 0.630312
 0 0.630312
 0 0.630443
 0 0.630454
 0 0.630551
 0 0.630569
 0 0.630597
 0 0.630638
 0 0.630638
 0 0.630651
 0 0.630651
 0 0.630711
 0 0.630723
 0 0.630724
 0 0.630725
 0 0.630726
 0 0.630753
 0 0.630754
 0 0.630759
 0 0.63076
 0 0.630766
 0 0.630769
 0 0.630769
 0 0.630786
 0 0.630843
 0 0.630844
 0 0.630844
 0 0.630848
 0 0.63085
 0 0.630852
 0 0.630892
 0 0.6309
 0 0.630915
 0 0.630915
 0 0.630937
 0 0.630937
 0 0.63095
 0 0.630981
 0 0.630982
 0 0.631027
 0 0.631027
 0 0.631039
 0 0.631039
 0 0.631064
 0 0.631065
 0 0.631086
 0 0.631098
 0 0.631098
 0 0.631114
 0 0.631114
 0 0.631116
 0 0.631128
 0 0.631166
 0 0.63122
 0 0.631236
 0 0.631236
 0 0.631236
 0 0.631248
 0 0.631264
 0 0.631289
 0 0.631289
 0 0.631289
 0 0.631352
 0 0.631352
 0 0.63138
 0 0.63138
 0 0.631381
 0 0.631386
 0 0.631386
 0 0.631386
 0 0.631387
 0 0.631387
 0 0.631431
 0 0.631437
 0 0.631437
 0 0.631439
 0 0.631439
 0 0.631439
 0 0.63147
 0 0.631476
 0 0.631499
 0 0.631499
 0 0.631538
 0 0.631538
 0 0.631546
 0 0.631557
 0 0.631559
 0 0.631559
 0 0.631559
 0 0.631563
 0 0.631566
 0 0.631566
 0 0.631569
 0 0.631577
 0 0.631577
 0 0.631584
 0 0.631585
 0 0.631586
 0 0.631598
 0 0.631598
 0 0.6316
 0 0.6316
 0 0.631666
 0 0.631666
 0 0.631678
 0 0.631714
 0 0.631722
 0 0.631722
 0 0.631723
 0 0.631723
 0 0.631737
 0 0.631737
 0 0.631737
 0 0.631737
 0 0.631755
 0 0.631755
 0 0.631755
 0 0.631757
 0 0.631757
 0 0.631757
 0 0.631757
 0 0.631757
 0 0.631771
 0 0.631774
 0 0.631778
 0 0.631824
 0 0.631824
 0 0.631824
 0 0.631825
 0 0.631825
 0 0.631825
 0 0.631825
 0 0.631825
 0 0.631827
 0 0.631862
 0 0.631875
 0 0.631875
 0 0.631875
 0 0.631875
 0 0.631884
 0 0.631884
 0 0.631884
 0 0.631887
 0 0.631933
 0 0.631961
 0 0.631967
 0 0.631967
 0 0.631976
 0 0.631977
 0 0.631977
 0 0.631994
 0 0.631994
 0 0.631994
 0 0.631994
 0 0.631995
 0 0.632006
 0 0.632007
 0 0.632051
 0 0.632051
 0 0.632065
 0 0.632065
 0 0.632067
 0 0.632068
 0 0.632069
 0 0.63211
 0 0.63211
 0 0.632112
 0 0.632112
 0 0.632116
 0 0.632153
 0 0.632159
 0 0.632162
 0 0.632162
 0 0.632167
 0 0.632179
 0 0.632266
 0 0.632266
 0 0.632267
 0 0.632267
 0 0.632268
 0 0.63227
 0 0.632271
 0 0.632288
 0 0.632295
 0 0.632295
 0 0.632296
 0 0.632298
 0 0.632298
 0 0.632298
 0 0.632298
 0 0.632298
 0 0.632301
 0 0.632301
 0 0.632303
 0 0.632348
 0 0.632353
 0 0.632353
 0 0.632368
 0 0.632368
 0 0.632369
 0 0.63237
 0 0.63238
 0 0.63238
 0 0.63238
 0 0.632381
 0 0.632382
 0 0.632431
 0 0.632432
 0 0.632435
 0 0.632438
 0 0.632439
 0 0.632457
 0 0.632468
 0 0.632468
 0 0.632468
 0 0.632468
 0 0.632468
 0 0.632469
 0 0.632473
 0 0.632473
 0 0.632482
 0 0.632497
 0 0.6325
 0 0.632523
 0 0.632523
 0 0.632525
 0 0.632542
 0 0.632542
 0 0.632542
 0 0.632543
 0 0.632545
 0 0.632551
 0 0.632551
 0 0.632555
 0 0.632555
 0 0.632567
 0 0.632585
 0 0.63259
 0 0.63259
 0 0.63259
 0 0.632608
 0 0.632647
 0 0.632648
 0 0.632648
 0 0.632648
 0 0.632648
 0 0.63265
 0 0.632651
 0 0.632653
 0 0.632661
 0 0.632661
 0 0.632661
 0 0.632694
 0 0.632695
 0 0.632731
 0 0.632764
 0 0.632773
 0 0.632823
 0 0.632831
 0 0.632831
 0 0.632835
 0 0.632835
 0 0.632838
 0 0.632845
 0 0.632846
 0 0.632877
 0 0.63288
 0 0.632881
 0 0.632892
 0 0.632901
 0 0.632901
 0 0.632902
 0 0.632905
 0 0.632921
 0 0.632921
 0 0.632931
 0 0.632934
 0 0.632942
 0 0.632946
 0 0.632948
 0 0.632986
 0 0.632987
 0 0.632988
 0 0.63299
 0 0.63299
 0 0.63299
 0 0.632997
 0 0.632998
 0 0.633
 0 0.633
 0 0.633001
 0 0.633007
 0 0.633007
 0 0.633008
 0 0.633016
 0 0.633018
 0 0.633021
 0 0.63306
 0 0.633061
 0 0.633068
 0 0.633068
 0 0.633069
 0 0.63307
 0 0.633083
 0 0.633083
 0 0.633091
 0 0.633092
 0 0.633108
 0 0.633114
 0 0.633114
 0 0.633115
 0 0.633123
 0 0.633124
 0 0.633125
 0 0.633132
 0 0.633133
 0 0.633144
 0 0.633145
 0 0.633145
 0 0.633167
 0 0.633167
 0 0.633169
 0 0.63318
 0 0.63318
 0 0.633181
 0 0.633203
 0 0.633203
 0 0.633203
 0 0.633204
 0 0.633204
 0 0.633216
 0 0.633216
 0 0.633216
 0 0.633233
 0 0.633235
 0 0.633237
 0 0.633246
 0 0.633255
 0 0.633255
 0 0.633281
 0 0.633281
 0 0.633294
 0 0.633299
 0 0.633303
 0 0.633304
 0 0.633326
 0 0.633326
 0 0.633361
 0 0.633362
 0 0.633389
 0 0.63341
 0 0.633414
 0 0.633418
 0 0.63342
 0 0.63342
 0 0.63342
 0 0.63342
 0 0.633437
 0 0.633437
 0 0.633439
 0 0.633446
 0 0.633446
 0 0.633459
 0 0.633459
 0 0.63346
 0 0.63346
 0 0.633461
 0 0.633472
 0 0.633472
 0 0.633477
 0 0.633478
 0 0.633482
 0 0.633482
 0 0.633483
 0 0.633484
 0 0.633484
 0 0.633484
 0 0.633486
 0 0.63349
 0 0.633495
 0 0.633495
 0 0.633495
 0 0.633514
 0 0.633518
 0 0.633518
 0 0.633519
 0 0.63352
 0 0.633521
 0 0.633524
 0 0.633525
 0 0.633525
 0 0.633526
 0 0.633551
 0 0.633566
 0 0.633566
 0 0.633566
 0 0.633566
 0 0.633569
 0 0.633569
 0 0.633569
 0 0.633571
 0 0.633572
 0 0.633583
 0 0.633601
 0 0.633601
 0 0.633603
 0 0.633603
 0 0.63361
 0 0.633632
 0 0.633632
 0 0.633632
 0 0.633632
 0 0.633634
 0 0.633638
 0 0.633644
 0 0.633644
 0 0.633645
 0 0.633657
 0 0.633657
 0 0.633671
 0 0.633673
 0 0.633673
 0 0.633673
 0 0.633674
 0 0.633684
 0 0.633693
 0 0.633693
 0 0.633696
 0 0.633708
 0 0.633708
 0 0.63371
 0 0.63371
 0 0.633712
 0 0.633725
 0 0.633728
 0 0.633729
 0 0.633736
 0 0.633737
 0 0.633739
 0 0.633772
 0 0.633774
 0 0.633774
 0 0.633774
 0 0.633775
 0 0.633775
 0 0.633786
 0 0.633789
 0 0.633803
 0 0.633803
 0 0.633803
 0 0.633812
 0 0.633812
 0 0.633821
 0 0.633821
 0 0.63383
 0 0.633856
 0 0.633856
 0 0.633858
 0 0.633868
 0 0.633868
 0 0.633868
 0 0.633868
 0 0.633868
 0 0.63388
 0 0.63388
 0 0.633881
 0 0.633881
 0 0.633881
 0 0.633882
 0 0.63389
 0 0.633913
 0 0.633913
 0 0.633913
 0 0.633932
 0 0.633947
 0 0.633976
 0 0.63399
 0 0.63399
 0 0.633992
 0 0.633992
 0 0.633997
 0 0.633999
 0 0.634001
 0 0.634001
 0 0.634043
 0 0.634043
 0 0.634078
 0 0.634084
 0 0.634084
 0 0.634094
 0 0.634094
 0 0.6341
 0 0.634101
 0 0.634114
 0 0.634114
 0 0.634133
 0 0.634133
 0 0.634138
 0 0.634144
 0 0.634151
 0 0.634152
 0 0.634153
 0 0.634173
 0 0.634173
 0 0.634176
 0 0.634177
 0 0.634177
 0 0.634181
 0 0.634188
 0 0.634196
 0 0.63421
 0 0.63421
 0 0.634218
 0 0.634218
 0 0.634218
 0 0.634218
 0 0.634219
 0 0.634241
 0 0.634242
 0 0.634242
 0 0.634245
 0 0.63425
 0 0.634251
 0 0.634252
 0 0.634269
 0 0.634283
 0 0.634284
 0 0.634284
 0 0.634285
 0 0.634285
 0 0.634285
 0 0.634288
 0 0.634293
 0 0.634293
 0 0.6343
 0 0.6343
 0 0.634302
 0 0.634304
 0 0.634312
 0 0.634313
 0 0.634313
 0 0.634313
 0 0.634319
 0 0.634319
 0 0.634319
 0 0.634335
 0 0.634336
 0 0.63434
 0 0.63434
 0 0.63434
 0 0.63434
 0 0.63434
 0 0.634341
 0 0.634341
 0 0.634341
 0 0.634342
 0 0.634342
 0 0.634342
 0 0.634343
 0 0.634348
 0 0.634351
 0 0.634351
 0 0.634361
 0 0.634367
 0 0.634367
 0 0.634378
 0 0.634379
 0 0.634386
 0 0.6344
 0 0.634402
 0 0.634403
 0 0.63441
 0 0.63441
 0 0.634412
 0 0.634438
 0 0.634438
 0 0.634445
 0 0.634459
 0 0.634461
 0 0.634465
 0 0.634465
 0 0.634477
 0 0.634477
 0 0.634481
 0 0.634481
 0 0.634485
 0 0.634485
 0 0.634489
 0 0.63449
 0 0.63449
 0 0.634492
 0 0.634492
 0 0.634498
 0 0.634498
 0 0.634498
 0 0.634504
 0 0.634505
 0 0.634531
 0 0.634531
 0 0.634532
 0 0.634554
 0 0.634554
 0 0.634554
 0 0.634554
 0 0.634555
 0 0.634562
 0 0.634588
 0 0.6346
 0 0.634601
 0 0.634602
 0 0.634604
 0 0.634606
 0 0.634606
 0 0.634606
 0 0.634607
 0 0.634607
 0 0.634612
 0 0.634618
 0 0.634626
 0 0.634626
 0 0.634647
 0 0.634654
 0 0.634657
 0 0.634657
 0 0.634671
 0 0.634692
 0 0.634692
 0 0.634693
 0 0.634693
 0 0.634701
 0 0.634716
 0 0.634719
 0 0.63472
 0 0.634731
 0 0.634736
 0 0.634736
 0 0.634736
 0 0.634749
 0 0.634754
 0 0.634754
 0 0.634754
 0 0.634775
 0 0.634776
 0 0.634776
 0 0.634807
 0 0.634817
 0 0.634834
 0 0.634835
 0 0.634836
 0 0.634862
 0 0.634862
 0 0.634869
 0 0.634869
 0 0.634869
 0 0.634874
 0 0.634875
 0 0.634875
 0 0.634875
 0 0.634881
 0 0.634902
 0 0.634902
 0 0.634903
 0 0.634909
 0 0.634909
 0 0.634913
 0 0.634938
 0 0.634938
 0 0.634938
 0 0.63495
 0 0.634968
 0 0.634968
 0 0.634968
 0 0.634968
 0 0.63497
 0 0.63497
 0 0.63497
 0 0.634981
 0 0.634981
 0 0.634988
 0 0.634988
 0 0.634988
 0 0.63499
 0 0.634995
 0 0.634995
 0 0.634996
 0 0.635009
 0 0.635009
 0 0.635011
 0 0.635015
 0 0.635016
 0 0.635016
 0 0.635038
 0 0.635038
 0 0.635049
 0 0.63505
 0 0.63505
 0 0.635066
 0 0.63507
 0 0.63507
 0 0.635084
 0 0.635085
 0 0.635085
 0 0.635085
 0 0.635126
 0 0.63514
 0 0.635141
 0 0.635146
 0 0.635151
 0 0.635152
 0 0.635152
 0 0.635176
 0 0.635178
 0 0.635188
 0 0.635189
 0 0.635191
 0 0.635198
 0 0.635215
 0 0.635215
 0 0.635215
 0 0.635218
 0 0.635235
 0 0.635246
 0 0.635261
 0 0.63527
 0 0.635271
 0 0.635285
 0 0.635286
 0 0.635287
 0 0.635287
 0 0.63529
 0 0.635291
 0 0.635291
 0 0.635303
 0 0.635303
 0 0.635313
 0 0.635335
 0 0.635335
 0 0.635336
 0 0.635338
 0 0.635343
 0 0.63536
 0 0.635365
 0 0.635366
 0 0.635366
 0 0.635368
 0 0.635368
 0 0.635368
 0 0.635369
 0 0.635388
 0 0.635393
 0 0.635394
 0 0.635394
 0 0.635413
 0 0.635413
 0 0.63544
 0 0.63544
 0 0.63544
 0 0.635445
 0 0.635445
 0 0.635445
 0 0.635455
 0 0.635455
 0 0.635455
 0 0.635456
 0 0.635456
 0 0.635459
 0 0.63546
 0 0.63546
 0 0.63546
 0 0.63546
 0 0.63547
 0 0.635482
 0 0.635495
 0 0.635495
 0 0.635496
 0 0.635519
 0 0.635522
 0 0.635523
 0 0.635523
 0 0.635525
 0 0.635527
 0 0.63553
 0 0.635531
 0 0.635537
 0 0.635538
 0 0.635562
 0 0.635563
 0 0.635564
 0 0.635567
 0 0.635569
 0 0.635569
 0 0.635573
 0 0.635592
 0 0.635624
 0 0.635627
 0 0.635629
 0 0.63563
 0 0.63572
 0 0.63572
 0 0.635724
 0 0.635724
 0 0.635724
 0 0.635728
 0 0.635731
 0 0.635735
 0 0.635737
 0 0.63574
 0 0.635741
 0 0.635748
 0 0.635755
 0 0.635812
 0 0.635812
 0 0.635812
 0 0.635841
 0 0.635863
 0 0.635866
 0 0.635881
 0 0.635881
 0 0.635891
 0 0.635892
 0 0.635898
 0 0.635898
 0 0.635898
 0 0.635898
 0 0.635901
 0 0.635902
 0 0.635902
 0 0.635904
 0 0.635904
 0 0.63591
 0 0.635914
 0 0.635914
 0 0.635925
 0 0.635927
 0 0.635928
 0 0.635928
 0 0.635928
 0 0.635931
 0 0.635931
 0 0.635939
 0 0.63594
 0 0.63594
 0 0.635945
 0 0.636006
 0 0.636007
 0 0.636015
 0 0.636015
 0 0.636039
 0 0.636039
 0 0.636065
 0 0.636065
 0 0.636066
 0 0.636068
 0 0.636071
 0 0.636071
 0 0.636073
 0 0.636074
 0 0.636074
 0 0.636074
 0 0.636074
 0 0.636074
 0 0.636083
 0 0.636084
 0 0.636087
 0 0.636089
 0 0.636089
 0 0.636093
 0 0.636102
 0 0.636114
 0 0.636147
 0 0.636147
 0 0.636147
 0 0.636148
 0 0.636149
 0 0.636149
 0 0.63617
 0 0.636171
 0 0.636171
 0 0.636172
 0 0.63619
 0 0.636191
 0 0.636191
 0 0.636192
 0 0.636194
 0 0.636197
 0 0.636224
 0 0.636224
 0 0.636226
 0 0.636243
 0 0.636262
 0 0.636262
 0 0.636281
 0 0.636281
 0 0.636318
 0 0.636318
 0 0.636318
 0 0.636318
 0 0.636318
 0 0.636333
 0 0.636343
 0 0.636344
 0 0.636349
 0 0.63635
 0 0.63635
 0 0.636359
 0 0.636359
 0 0.636359
 0 0.636366
 0 0.636366
 0 0.636366
 0 0.636374
 0 0.636375
 0 0.636375
 0 0.636398
 0 0.636402
 0 0.636413
 0 0.636426
 0 0.636426
 0 0.636426
 0 0.636437
 0 0.636445
 0 0.636448
 0 0.636448
 0 0.63645
 0 0.636451
 0 0.636452
 0 0.636454
 0 0.636455
 0 0.636479
 0 0.636481
 0 0.636501
 0 0.636504
 0 0.636505
 0 0.636505
 0 0.636544
 0 0.636545
 0 0.636588
 0 0.636591
 0 0.636594
 0 0.636595
 0 0.636596
 0 0.636596
 0 0.636596
 0 0.636599
 0 0.636599
 0 0.636599
 0 0.6366
 0 0.636661
 0 0.636661
 0 0.636662
 0 0.636681
 0 0.636681
 0 0.636702
 0 0.636702
 0 0.636704
 0 0.636704
 0 0.636708
 0 0.636712
 0 0.636712
 0 0.636714
 0 0.636714
 0 0.636752
 0 0.63676
 0 0.636762
 0 0.636764
 0 0.636764
 0 0.636765
 0 0.636778
 0 0.63679
 0 0.636795
 0 0.636798
 0 0.636837
 0 0.636838
 0 0.636855
 0 0.636899
 0 0.636899
 0 0.636924
 0 0.636926
 0 0.636928
 0 0.636965
 0 0.636966
 0 0.636966
 0 0.636968
 0 0.636997
 0 0.636997
 0 0.636997
 0 0.637009
 0 0.637012
 0 0.637041
 0 0.637066
 0 0.637066
 0 0.637074
 0 0.637077
 0 0.637077
 0 0.637077
 0 0.637077
 0 0.637085
 0 0.637086
 0 0.637097
 0 0.637098
 0 0.63715
 0 0.63715
 0 0.637172
 0 0.637173
 0 0.637179
 0 0.637213
 0 0.637215
 0 0.637215
 0 0.637244
 0 0.637246
 0 0.637246
 0 0.637253
 0 0.637259
 0 0.637272
 0 0.637275
 0 0.637277
 0 0.637277
 0 0.637295
 0 0.637295
 0 0.637348
 0 0.637348
 0 0.637354
 0 0.637363
 0 0.637366
 0 0.637367
 0 0.637388
 0 0.637405
 0 0.637414
 0 0.637415
 0 0.637415
 0 0.637415
 0 0.637455
 0 0.637501
 0 0.637501
 0 0.637501
 0 0.637502
 0 0.637502
 0 0.637505
 0 0.637544
 0 0.637547
 0 0.637547
 0 0.637547
 0 0.637549
 0 0.637604
 0 0.637611
 0 0.637611
 0 0.637611
 0 0.637623
 0 0.637646
 0 0.637647
 0 0.637648
 0 0.637648
 0 0.637648
 0 0.637663
 0 0.637699
 0 0.637701
 0 0.637768
 0 0.63777
 0 0.637774
 0 0.637776
 0 0.637776
 0 0.637778
 0 0.637842
 0 0.637863
 0 0.637863
 0 0.637863
 0 0.637876
 0 0.637876
 0 0.637958
 0 0.638058
 0 0.63807
 0 0.63807
 0 0.63807
 0 0.638272
 0 0.638273
 0 0.638274
 0 0.638274
 0 0.638274
 0 0.638333
 0 0.638333
 0 0.638357
 0 0.638357
 0 0.638359
 0 0.638359
 0 0.638405
 0 0.638442
 0 0.638446
 0 0.638446
 0 0.638454
 0 0.63847
 0 0.63847
 0 0.638478
 0 0.638478
 0 0.638485
 0 0.638492
 0 0.638563
 0 0.638563
 0 0.638612
 0 0.638783
 0 0.638829
 0 0.638829
 0 0.639063
 0 0.639063
 0 0.639063
 0 0.63912
 0 0.63918
 0 0.639182
 0 0.639185
 0 0.639185
 0 0.639192
 0 0.639194
 0 0.639194
 0 0.63927
 0 0.63927
 0 0.63927
 0 0.639277
 0 0.639278
 0 0.639278
 0 0.639291
 0 0.639357
 0 0.639357
 0 0.639358
 0 0.639358
 0 0.639365
 0 0.639434
 0 0.639435
 0 0.639443
 0 0.639445
 0 0.639821
 0 0.639822
 0 0.639888
 0 0.639908
 0 0.640029
 0 0.640041
 0 0.640101
 0 0.640101
 0 0.640102
 0 0.640176
 0 0.640274
 0 0.640301
 0 0.640302
 0 0.640524
 0 0.640611
 0 0.640697
 0 0.640697
 0 0.640757
 0 0.640757
 0 2.2232
 0 3.9635
 0 4.1677
 0 4.16782
 0 4.1681
 0 4.16865
 0 inf
