 0 0.487024
 0 0.487024
 0 0.487542
 0 0.487573
 0 0.487684
 0 0.487684
 0 0.625826
 0 0.626393
 0 0.626395
 0 0.626414
 0 0.626803
 0 0.626803
 0 0.626803
 0 0.627009
 0 0.627028
 0 0.627029
 0 0.627093
 0 0.627221
 0 0.627221
 0 0.627237
 0 0.627306
 0 0.627679
 0 0.627769
 0 0.627769
 0 0.627807
 0 0.627825
 0 0.627997
 0 0.627997
 0 0.628192
 0 0.628212
 0 0.628222
 0 0.628223
 0 0.628276
 0 0.628367
 0 0.628381
 0 0.62841
 0 0.62861
 0 0.628811
 0 0.628812
 0 0.628812
 0 0.628813
 0 0.628813
 0 0.628833
 0 0.628857
 0 0.628924
 0 0.628924
 0 0.628953
 0 0.628964
 0 0.628965
 0 0.628996
 0 0.629057
 0 0.629057
 0 0.629057
 0 0.629117
 0 0.629117
 0 0.629117
 0 0.629174
 0 0.629198
 0 0.629247
 0 0.629247
 0 0.629312
 0 0.629313
 0 0.62934
 0 0.629433
 0 0.629433
 0 0.629454
 0 0.629493
 0 0.629495
 0 0.629495
 0 0.629496
 0 0.629516
 0 0.629517
 0 0.629563
 0 0.629564
 0 0.629564
 0 0.629564
 0 0.629564
 0 0.629712
 0 0.629712
 0 0.629727
 0 0.629727
 0 0.629763
 0 0.629776
 0 0.629776
 0 0.629776
 0 0.629797
 0 0.629798
 0 0.629798
 0 0.629841
 0 0.629849
 0 0.629854
 0 0.629854
 0 0.629974
 0 0.629977
 0 0.630049
 0 0.630049
 0 0.630049
 0 0.630052
 0 0.630076
 0 0.630082
 0 0.630084
 0 0.630094
 0 0.630094
 0 0.630094
 0 0.6301
 0 0.630117
 0 0.63012
 0 0.630147
 0 0.630209
 0 0.630237
 0 0.630277
 0 0.630278
 0 0.630296
 0 0.630296
 0 0.630308
 0 0.630388
 0 0.630437
 0 0.63046
 0 0.630461
 0 0.630465
 0 0.630465
 0 0.630465
 0 0.630465
 0 0.630518
 0 0.630518
 0 0.630519
 0 0.63052
 0 0.630523
 0 0.6306
 0 0.6306
 0 0.6306
 0 0.630601
 0 0.630601
 0 0.630629
 0 0.630629
 0 0.630634
 0 0.630634
 0 0.630636
 0 0.630671
 0 0.630671
 0 0.63069
 0 0.63069
 0 0.630764
 0 0.630765
 0 0.630787
 0 0.630788
 0 0.630788
 0 0.630837
 0 0.630837
 0 0.630837
 0 0.630838
 0 0.630838
 0 0.630838
 0 0.630845
 0 0.630851
 0 0.63087
 0 0.63088
 0 0.63088
 0 0.63088
 0 0.630899
 0 0.630899
 0 0.6309
 0 0.6309
 0 0.6309
 0 0.63094
 0 0.630941
 0 0.630941
 0 0.630963
 0 0.630988
 0 0.630988
 0 0.631019
 0 0.631019
 0 0.631029
 0 0.631085
 0 0.631099
 0 0.631126
 0 0.631128
 0 0.631158
 0 0.631158
 0 0.631178
 0 0.631229
 0 0.63123
 0 0.63123
 0 0.63123
 0 0.631267
 0 0.63131
 0 0.631354
 0 0.631384
 0 0.631384
 0 0.631408
 0 0.631465
 0 0.631475
 0 0.631496
 0 0.631519
 0 0.631563
 0 0.631564
 0 0.631564
 0 0.631605
 0 0.631605
 0 0.631605
 0 0.631628
 0 0.631685
 0 0.631685
 0 0.631687
 0 0.631692
 0 0.631692
 0 0.631692
 0 0.631695
 0 0.631697
 0 0.631698
 0 0.631698
 0 0.631699
 0 0.631701
 0 0.631701
 0 0.63171
 0 0.63171
 0 0.631712
 0 0.631712
 0 0.631714
 0 0.631719
 0 0.631721
 0 0.631722
 0 0.631722
 0 0.631726
 0 0.631727
 0 0.631745
 0 0.631761
 0 0.631762
 0 0.631787
 0 0.631788
 0 0.631789
 0 0.631795
 0 0.631796
 0 0.631796
 0 0.631811
 0 0.631812
 0 0.631812
 0 0.631812
 0 0.631812
 0 0.631813
 0 0.631813
 0 0.631813
 0 0.63183
 0 0.631831
 0 0.631841
 0 0.631841
 0 0.631846
 0 0.631859
 0 0.631861
 0 0.631861
 0 0.631882
 0 0.631919
 0 0.631927
 0 0.631932
 0 0.631932
 0 0.631932
 0 0.631932
 0 0.631966
 0 0.631966
 0 0.63197
 0 0.63197
 0 0.631971
 0 0.631971
 0 0.63198
 0 0.63199
 0 0.63199
 0 0.632
 0 0.632013
 0 0.632013
 0 0.632013
 0 0.632014
 0 0.63206
 0 0.632068
 0 0.632077
 0 0.632102
 0 0.632103
 0 0.632124
 0 0.632124
 0 0.632127
 0 0.632132
 0 0.632132
 0 0.632132
 0 0.63214
 0 0.632144
 0 0.632154
 0 0.632162
 0 0.632191
 0 0.632197
 0 0.632224
 0 0.632225
 0 0.632225
 0 0.632242
 0 0.632243
 0 0.632244
 0 0.632244
 0 0.632244
 0 0.632244
 0 0.632244
 0 0.632245
 0 0.632257
 0 0.632275
 0 0.632293
 0 0.632294
 0 0.63231
 0 0.63231
 0 0.632315
 0 0.632333
 0 0.632333
 0 0.632339
 0 0.63234
 0 0.63234
 0 0.632341
 0 0.632345
 0 0.632348
 0 0.632348
 0 0.63235
 0 0.632353
 0 0.63238
 0 0.632382
 0 0.632425
 0 0.632425
 0 0.632455
 0 0.632456
 0 0.632456
 0 0.632473
 0 0.632506
 0 0.632507
 0 0.632509
 0 0.63251
 0 0.632517
 0 0.632521
 0 0.632521
 0 0.632527
 0 0.632537
 0 0.632538
 0 0.632538
 0 0.632554
 0 0.632557
 0 0.632559
 0 0.632564
 0 0.632564
 0 0.632567
 0 0.632571
 0 0.632572
 0 0.632577
 0 0.632577
 0 0.632578
 0 0.632581
 0 0.63259
 0 0.632602
 0 0.632609
 0 0.632609
 0 0.632638
 0 0.632638
 0 0.632641
 0 0.632641
 0 0.632663
 0 0.632663
 0 0.632663
 0 0.632674
 0 0.632675
 0 0.632681
 0 0.632681
 0 0.632681
 0 0.632681
 0 0.632683
 0 0.632726
 0 0.632736
 0 0.632736
 0 0.632778
 0 0.632781
 0 0.632782
 0 0.632783
 0 0.632791
 0 0.632799
 0 0.6328
 0 0.6328
 0 0.632808
 0 0.632808
 0 0.632808
 0 0.632819
 0 0.632821
 0 0.632822
 0 0.632822
 0 0.632824
 0 0.632827
 0 0.632827
 0 0.632827
 0 0.632833
 0 0.632833
 0 0.632864
 0 0.632867
 0 0.632889
 0 0.63289
 0 0.632899
 0 0.632899
 0 0.632899
 0 0.632904
 0 0.632904
 0 0.632904
 0 0.632905
 0 0.632905
 0 0.632905
 0 0.632915
 0 0.632916
 0 0.632916
 0 0.632925
 0 0.632926
 0 0.632926
 0 0.632931
 0 0.632937
 0 0.632938
 0 0.632938
 0 0.632969
 0 0.632969
 0 0.63298
 0 0.632982
 0 0.633002
 0 0.633003
 0 0.633004
 0 0.633005
 0 0.633012
 0 0.633012
 0 0.633017
 0 0.633017
 0 0.633021
 0 0.633025
 0 0.633025
 0 0.633025
 0 0.633028
 0 0.633028
 0 0.633028
 0 0.633029
 0 0.633029
 0 0.633036
 0 0.633038
 0 0.633056
 0 0.633056
 0 0.633056
 0 0.633056
 0 0.633081
 0 0.633085
 0 0.633085
 0 0.633094
 0 0.633097
 0 0.633101
 0 0.633102
 0 0.633126
 0 0.633128
 0 0.63313
 0 0.633131
 0 0.633131
 0 0.633135
 0 0.633136
 0 0.633136
 0 0.633136
 0 0.633136
 0 0.633137
 0 0.633137
 0 0.633157
 0 0.633167
 0 0.633167
 0 0.633168
 0 0.63318
 0 0.633189
 0 0.633189
 0 0.63319
 0 0.633221
 0 0.633223
 0 0.633225
 0 0.633225
 0 0.633225
 0 0.633229
 0 0.633229
 0 0.63323
 0 0.63323
 0 0.633231
 0 0.633245
 0 0.633246
 0 0.633246
 0 0.633248
 0 0.633274
 0 0.633274
 0 0.633281
 0 0.633281
 0 0.633282
 0 0.633283
 0 0.633311
 0 0.633329
 0 0.633335
 0 0.633335
 0 0.63334
 0 0.633354
 0 0.633355
 0 0.633355
 0 0.63336
 0 0.63336
 0 0.633385
 0 0.633385
 0 0.633385
 0 0.633385
 0 0.633395
 0 0.633395
 0 0.633395
 0 0.633396
 0 0.633405
 0 0.633405
 0 0.633426
 0 0.633427
 0 0.633434
 0 0.633456
 0 0.633456
 0 0.633477
 0 0.633478
 0 0.633481
 0 0.633484
 0 0.633484
 0 0.633487
 0 0.633487
 0 0.633488
 0 0.633496
 0 0.633497
 0 0.633499
 0 0.633507
 0 0.633513
 0 0.633514
 0 0.633522
 0 0.633522
 0 0.633522
 0 0.633547
 0 0.633547
 0 0.633552
 0 0.633552
 0 0.633553
 0 0.633558
 0 0.633569
 0 0.63357
 0 0.63357
 0 0.633603
 0 0.633605
 0 0.633605
 0 0.633615
 0 0.633616
 0 0.633616
 0 0.633635
 0 0.633636
 0 0.633651
 0 0.633653
 0 0.633659
 0 0.633659
 0 0.633679
 0 0.63368
 0 0.633681
 0 0.633721
 0 0.633726
 0 0.633726
 0 0.633726
 0 0.633727
 0 0.633728
 0 0.633746
 0 0.633747
 0 0.633748
 0 0.633764
 0 0.633764
 0 0.633771
 0 0.633771
 0 0.633783
 0 0.633813
 0 0.633813
 0 0.633816
 0 0.633827
 0 0.633827
 0 0.633828
 0 0.63383
 0 0.633831
 0 0.633833
 0 0.633835
 0 0.633842
 0 0.633842
 0 0.633842
 0 0.633842
 0 0.633845
 0 0.633853
 0 0.633853
 0 0.633854
 0 0.633863
 0 0.633864
 0 0.633871
 0 0.633872
 0 0.633873
 0 0.63388
 0 0.63388
 0 0.633885
 0 0.63389
 0 0.63389
 0 0.633904
 0 0.633904
 0 0.633904
 0 0.633911
 0 0.633923
 0 0.633935
 0 0.633943
 0 0.63396
 0 0.63396
 0 0.633973
 0 0.633979
 0 0.63398
 0 0.633986
 0 0.633987
 0 0.633987
 0 0.633995
 0 0.633995
 0 0.633996
 0 0.633997
 0 0.634041
 0 0.634055
 0 0.634056
 0 0.634056
 0 0.634086
 0 0.634087
 0 0.634087
 0 0.634104
 0 0.634104
 0 0.634107
 0 0.634115
 0 0.634121
 0 0.634128
 0 0.634135
 0 0.634145
 0 0.63418
 0 0.634182
 0 0.634187
 0 0.634189
 0 0.634192
 0 0.634192
 0 0.634192
 0 0.634202
 0 0.634206
 0 0.634206
 0 0.634216
 0 0.634216
 0 0.634216
 0 0.634216
 0 0.634218
 0 0.634219
 0 0.634223
 0 0.634227
 0 0.63423
 0 0.634232
 0 0.634232
 0 0.634233
 0 0.634236
 0 0.634245
 0 0.634247
 0 0.634247
 0 0.63425
 0 0.634251
 0 0.634252
 0 0.634253
 0 0.634267
 0 0.634271
 0 0.634271
 0 0.634278
 0 0.634278
 0 0.634278
 0 0.634279
 0 0.634279
 0 0.634289
 0 0.634289
 0 0.634289
 0 0.634296
 0 0.634296
 0 0.634296
 0 0.6343
 0 0.634302
 0 0.634302
 0 0.634303
 0 0.634303
 0 0.634309
 0 0.634318
 0 0.634338
 0 0.634338
 0 0.634338
 0 0.634338
 0 0.63434
 0 0.634344
 0 0.634344
 0 0.634345
 0 0.634357
 0 0.634361
 0 0.634362
 0 0.634362
 0 0.634369
 0 0.634369
 0 0.63438
 0 0.63438
 0 0.63438
 0 0.634387
 0 0.634389
 0 0.634398
 0 0.634428
 0 0.634428
 0 0.634448
 0 0.634451
 0 0.634481
 0 0.634495
 0 0.634499
 0 0.634499
 0 0.634501
 0 0.634505
 0 0.634506
 0 0.634512
 0 0.634512
 0 0.634519
 0 0.634519
 0 0.634524
 0 0.634524
 0 0.634538
 0 0.634542
 0 0.634542
 0 0.634542
 0 0.634549
 0 0.63455
 0 0.634561
 0 0.634616
 0 0.634617
 0 0.634622
 0 0.634622
 0 0.634635
 0 0.634635
 0 0.634656
 0 0.634656
 0 0.634656
 0 0.634656
 0 0.634656
 0 0.634659
 0 0.63466
 0 0.634661
 0 0.634661
 0 0.634678
 0 0.634679
 0 0.634681
 0 0.634682
 0 0.634693
 0 0.6347
 0 0.6347
 0 0.634701
 0 0.634702
 0 0.634703
 0 0.634719
 0 0.634738
 0 0.634739
 0 0.634741
 0 0.634741
 0 0.634741
 0 0.634775
 0 0.634786
 0 0.634796
 0 0.634797
 0 0.634803
 0 0.634805
 0 0.634805
 0 0.634809
 0 0.63481
 0 0.63481
 0 0.634821
 0 0.634824
 0 0.634875
 0 0.634877
 0 0.634897
 0 0.634912
 0 0.634913
 0 0.634914
 0 0.634914
 0 0.634914
 0 0.63492
 0 0.634921
 0 0.634921
 0 0.634932
 0 0.63494
 0 0.63494
 0 0.63494
 0 0.634941
 0 0.634941
 0 0.634941
 0 0.634955
 0 0.634955
 0 0.634956
 0 0.634958
 0 0.634961
 0 0.634964
 0 0.634975
 0 0.634977
 0 0.634987
 0 0.634988
 0 0.634991
 0 0.635001
 0 0.635007
 0 0.635024
 0 0.635032
 0 0.635032
 0 0.63507
 0 0.635084
 0 0.635084
 0 0.635086
 0 0.635086
 0 0.635102
 0 0.635103
 0 0.635104
 0 0.635104
 0 0.635159
 0 0.63516
 0 0.635164
 0 0.635164
 0 0.635164
 0 0.635172
 0 0.635172
 0 0.635172
 0 0.635172
 0 0.635172
 0 0.635189
 0 0.63519
 0 0.635221
 0 0.635221
 0 0.635226
 0 0.635227
 0 0.635232
 0 0.635234
 0 0.635235
 0 0.63526
 0 0.63526
 0 0.635261
 0 0.635262
 0 0.635268
 0 0.635268
 0 0.63527
 0 0.635284
 0 0.635301
 0 0.635315
 0 0.635323
 0 0.635328
 0 0.635328
 0 0.635332
 0 0.635332
 0 0.635332
 0 0.635332
 0 0.635361
 0 0.635398
 0 0.635404
 0 0.635405
 0 0.635405
 0 0.635405
 0 0.635409
 0 0.63541
 0 0.635435
 0 0.635435
 0 0.635435
 0 0.635435
 0 0.635457
 0 0.635485
 0 0.635485
 0 0.635486
 0 0.635486
 0 0.635489
 0 0.63549
 0 0.635491
 0 0.635491
 0 0.635491
 0 0.635492
 0 0.635494
 0 0.635515
 0 0.635515
 0 0.635515
 0 0.635518
 0 0.635519
 0 0.635519
 0 0.635521
 0 0.635527
 0 0.635535
 0 0.635535
 0 0.635548
 0 0.635573
 0 0.635573
 0 0.635593
 0 0.635601
 0 0.635601
 0 0.635619
 0 0.635652
 0 0.635692
 0 0.635693
 0 0.635708
 0 0.635708
 0 0.635712
 0 0.635713
 0 0.63575
 0 0.635752
 0 0.635778
 0 0.635781
 0 0.635796
 0 0.6358
 0 0.6358
 0 0.635802
 0 0.635809
 0 0.63582
 0 0.63582
 0 0.635823
 0 0.635824
 0 0.635824
 0 0.635824
 0 0.635831
 0 0.635852
 0 0.635853
 0 0.635853
 0 0.635859
 0 0.635867
 0 0.635871
 0 0.635872
 0 0.635888
 0 0.635888
 0 0.63592
 0 0.635932
 0 0.635964
 0 0.635965
 0 0.635965
 0 0.63598
 0 0.635992
 0 0.635992
 0 0.635992
 0 0.635993
 0 0.636015
 0 0.636028
 0 0.636065
 0 0.636065
 0 0.636065
 0 0.636065
 0 0.636088
 0 0.636091
 0 0.636115
 0 0.63614
 0 0.636148
 0 0.636149
 0 0.636168
 0 0.636168
 0 0.636179
 0 0.636179
 0 0.636179
 0 0.636195
 0 0.636211
 0 0.636211
 0 0.63624
 0 0.636297
 0 0.63631
 0 0.636324
 0 0.636324
 0 0.636343
 0 0.636343
 0 0.636356
 0 0.636357
 0 0.636357
 0 0.636375
 0 0.636406
 0 0.636407
 0 0.636407
 0 0.636408
 0 0.636408
 0 0.636421
 0 0.636424
 0 0.636426
 0 0.636426
 0 0.636426
 0 0.636426
 0 0.636431
 0 0.636431
 0 0.636432
 0 0.636432
 0 0.636448
 0 0.636451
 0 0.636451
 0 0.636452
 0 0.636454
 0 0.636454
 0 0.636454
 0 0.636466
 0 0.636467
 0 0.636482
 0 0.636482
 0 0.636518
 0 0.636518
 0 0.636519
 0 0.636519
 0 0.636519
 0 0.636548
 0 0.636549
 0 0.63655
 0 0.636568
 0 0.636568
 0 0.636568
 0 0.636568
 0 0.636568
 0 0.636568
 0 0.63657
 0 0.636581
 0 0.636581
 0 0.636581
 0 0.636582
 0 0.636582
 0 0.636594
 0 0.636594
 0 0.636595
 0 0.636599
 0 0.636599
 0 0.636602
 0 0.636616
 0 0.636616
 0 0.636617
 0 0.636618
 0 0.636632
 0 0.636633
 0 0.636634
 0 0.636675
 0 0.636683
 0 0.636683
 0 0.636683
 0 0.636683
 0 0.63671
 0 0.636711
 0 0.636711
 0 0.636712
 0 0.636727
 0 0.636731
 0 0.63675
 0 0.636762
 0 0.636764
 0 0.636777
 0 0.636777
 0 0.636778
 0 0.636796
 0 0.636818
 0 0.636846
 0 0.636846
 0 0.636846
 0 0.636851
 0 0.636851
 0 0.636852
 0 0.636852
 0 0.636855
 0 0.636857
 0 0.636867
 0 0.636867
 0 0.636868
 0 0.636868
 0 0.636888
 0 0.636888
 0 0.636888
 0 0.636888
 0 0.636888
 0 0.636897
 0 0.636909
 0 0.636912
 0 0.636912
 0 0.636938
 0 0.636938
 0 0.63695
 0 0.636973
 0 0.636973
 0 0.636988
 0 0.636988
 0 0.637022
 0 0.637022
 0 0.637022
 0 0.637057
 0 0.63706
 0 0.63706
 0 0.637063
 0 0.637113
 0 0.637114
 0 0.637116
 0 0.637126
 0 0.637128
 0 0.63713
 0 0.63713
 0 0.637134
 0 0.637136
 0 0.637137
 0 0.637141
 0 0.637177
 0 0.637178
 0 0.637178
 0 0.637201
 0 0.637203
 0 0.637217
 0 0.637217
 0 0.637217
 0 0.637218
 0 0.637223
 0 0.637225
 0 0.637245
 0 0.637245
 0 0.637246
 0 0.637251
 0 0.637282
 0 0.637296
 0 0.637302
 0 0.637302
 0 0.637347
 0 0.63737
 0 0.637371
 0 0.637387
 0 0.637387
 0 0.637387
 0 0.637387
 0 0.637392
 0 0.637393
 0 0.637393
 0 0.637406
 0 0.637406
 0 0.637414
 0 0.637462
 0 0.637462
 0 0.637464
 0 0.637466
 0 0.637467
 0 0.637467
 0 0.637468
 0 0.637468
 0 0.637517
 0 0.637518
 0 0.637519
 0 0.637591
 0 0.637634
 0 0.637652
 0 0.637653
 0 0.637653
 0 0.637736
 0 0.637738
 0 0.637738
 0 0.637751
 0 0.637753
 0 0.637773
 0 0.637773
 0 0.637787
 0 0.637845
 0 0.637845
 0 0.637855
 0 0.637868
 0 0.637876
 0 0.637876
 0 0.637876
 0 0.637876
 0 0.637877
 0 0.637904
 0 0.637904
 0 0.637905
 0 0.637905
 0 0.637941
 0 0.637942
 0 0.638075
 0 0.638075
 0 0.638075
 0 0.638108
 0 0.638173
 0 0.638174
 0 0.638216
 0 0.638216
 0 0.638216
 0 0.638218
 0 0.638238
 0 0.638238
 0 0.638238
 0 0.638242
 0 0.638284
 0 0.638329
 0 0.638358
 0 0.638359
 0 0.638359
 0 0.638359
 0 0.638376
 0 0.63838
 0 0.638454
 0 0.638454
 0 0.638455
 0 0.638455
 0 0.638526
 0 0.638528
 0 0.638529
 0 0.63853
 0 0.63853
 0 0.63853
 0 0.638532
 0 0.638532
 0 0.638532
 0 0.638536
 0 0.638536
 0 0.638606
 0 0.638606
 0 0.638607
 0 0.638675
 0 0.638691
 0 0.638691
 0 0.638691
 0 0.638712
 0 0.638714
 0 0.638827
 0 0.638906
 0 0.638979
 0 0.638979
 0 0.63898
 0 0.638981
 0 0.63901
 0 0.63901
 0 0.63912
 0 0.639126
 0 0.639193
 0 0.639193
 0 0.639204
 0 0.639241
 0 0.639242
 0 0.639247
 0 0.639316
 0 0.639317
 0 0.639317
 0 0.639471
 0 0.639642
 0 0.639673
 0 0.639879
 0 0.639879
 0 0.63988
 0 0.64007
 0 0.640071
 0 0.64013
 0 0.640131
 0 0.640385
 0 0.640385
 0 0.640385
 0 0.640468
 0 0.640468
 0 0.64067
 0 0.640755
 0 0.640755
 0 0.640757
 0 0.640757
 0 0.640757
 0 0.640757
 0 0.640758
 0 0.640794
 0 0.640795
 0 0.640795
 0 0.640795
 0 0.640901
 0 0.640933
 0 0.640933
 0 0.640933
 0 0.640967
 0 0.640969
 0 0.640969
 0 0.641344
 0 0.641469
 0 0.641606
 0 0.641793
 0 0.641793
 0 2.31537
 0 3.8957
 0 4.09973
 0 4.09973
 0 4.09986
 0 4.10002
 0 inf
