 0 0.489969
 0 0.490117
 0 0.490527
 0 0.490527
 0 0.490625
 0 0.490625
 0 0.624118
 0 0.6249
 0 0.624919
 0 0.625419
 0 0.62542
 0 0.6255
 0 0.625518
 0 0.625518
 0 0.625953
 0 0.626023
 0 0.626556
 0 0.626558
 0 0.626972
 0 0.627096
 0 0.627268
 0 0.627268
 0 0.627269
 0 0.62733
 0 0.627378
 0 0.627378
 0 0.627467
 0 0.627479
 0 0.627551
 0 0.627614
 0 0.627657
 0 0.627657
 0 0.627694
 0 0.627745
 0 0.627748
 0 0.627793
 0 0.627864
 0 0.627873
 0 0.627874
 0 0.627941
 0 0.627941
 0 0.627941
 0 0.627941
 0 0.627953
 0 0.627953
 0 0.627953
 0 0.62821
 0 0.628211
 0 0.628211
 0 0.628236
 0 0.628436
 0 0.628436
 0 0.628641
 0 0.628642
 0 0.628669
 0 0.628677
 0 0.628678
 0 0.628684
 0 0.628685
 0 0.62871
 0 0.628719
 0 0.628742
 0 0.628742
 0 0.628743
 0 0.628805
 0 0.628805
 0 0.628858
 0 0.628911
 0 0.629164
 0 0.629164
 0 0.629165
 0 0.629166
 0 0.629235
 0 0.629391
 0 0.629579
 0 0.629579
 0 0.629628
 0 0.629628
 0 0.629648
 0 0.629717
 0 0.629717
 0 0.62972
 0 0.62972
 0 0.629759
 0 0.629813
 0 0.629898
 0 0.629926
 0 0.629927
 0 0.629929
 0 0.62993
 0 0.62993
 0 0.629979
 0 0.629979
 0 0.629979
 0 0.62998
 0 0.63002
 0 0.63002
 0 0.630021
 0 0.630069
 0 0.630069
 0 0.630094
 0 0.630103
 0 0.630104
 0 0.630104
 0 0.630126
 0 0.630134
 0 0.630136
 0 0.630154
 0 0.630154
 0 0.630154
 0 0.630179
 0 0.630179
 0 0.630243
 0 0.630243
 0 0.630249
 0 0.630357
 0 0.630363
 0 0.630366
 0 0.630366
 0 0.630366
 0 0.630367
 0 0.630374
 0 0.630374
 0 0.630377
 0 0.630381
 0 0.630403
 0 0.630404
 0 0.630404
 0 0.630442
 0 0.630442
 0 0.630443
 0 0.630443
 0 0.630443
 0 0.630449
 0 0.630507
 0 0.630561
 0 0.630563
 0 0.630564
 0 0.630568
 0 0.630568
 0 0.63057
 0 0.630575
 0 0.630595
 0 0.630604
 0 0.630605
 0 0.630608
 0 0.63061
 0 0.630623
 0 0.630641
 0 0.630642
 0 0.630664
 0 0.630679
 0 0.630703
 0 0.630715
 0 0.630715
 0 0.630746
 0 0.630746
 0 0.630778
 0 0.630813
 0 0.630813
 0 0.630818
 0 0.63082
 0 0.63082
 0 0.63082
 0 0.63082
 0 0.630825
 0 0.630872
 0 0.630873
 0 0.630873
 0 0.630874
 0 0.630875
 0 0.630875
 0 0.630876
 0 0.630887
 0 0.630888
 0 0.630893
 0 0.630893
 0 0.630905
 0 0.630914
 0 0.630914
 0 0.630927
 0 0.630928
 0 0.630939
 0 0.63094
 0 0.63094
 0 0.63094
 0 0.630952
 0 0.630985
 0 0.630986
 0 0.631007
 0 0.631057
 0 0.631058
 0 0.631066
 0 0.631077
 0 0.631077
 0 0.631077
 0 0.631113
 0 0.631115
 0 0.631115
 0 0.63112
 0 0.631121
 0 0.631121
 0 0.631134
 0 0.631134
 0 0.631134
 0 0.631168
 0 0.631182
 0 0.631187
 0 0.631187
 0 0.631237
 0 0.631237
 0 0.631238
 0 0.631253
 0 0.631253
 0 0.631304
 0 0.631305
 0 0.631351
 0 0.63136
 0 0.63137
 0 0.631402
 0 0.631453
 0 0.631453
 0 0.631459
 0 0.631459
 0 0.631492
 0 0.631492
 0 0.631522
 0 0.631537
 0 0.631537
 0 0.631537
 0 0.631537
 0 0.631545
 0 0.631545
 0 0.631552
 0 0.631579
 0 0.631579
 0 0.631585
 0 0.631585
 0 0.631586
 0 0.631588
 0 0.631588
 0 0.631599
 0 0.631599
 0 0.631599
 0 0.6316
 0 0.6316
 0 0.6316
 0 0.6316
 0 0.631637
 0 0.631661
 0 0.631663
 0 0.631663
 0 0.631663
 0 0.631693
 0 0.631696
 0 0.631705
 0 0.631707
 0 0.631726
 0 0.631732
 0 0.631732
 0 0.631733
 0 0.631742
 0 0.631742
 0 0.63176
 0 0.631767
 0 0.631779
 0 0.631779
 0 0.631783
 0 0.631789
 0 0.63179
 0 0.631806
 0 0.631831
 0 0.631871
 0 0.631875
 0 0.631878
 0 0.63188
 0 0.631886
 0 0.631918
 0 0.631924
 0 0.631939
 0 0.631951
 0 0.631951
 0 0.631954
 0 0.631958
 0 0.631989
 0 0.631989
 0 0.631994
 0 0.632052
 0 0.632056
 0 0.632056
 0 0.632056
 0 0.632058
 0 0.632058
 0 0.632058
 0 0.63206
 0 0.63206
 0 0.632091
 0 0.632093
 0 0.632118
 0 0.632118
 0 0.632134
 0 0.632134
 0 0.632173
 0 0.632176
 0 0.632176
 0 0.632176
 0 0.632181
 0 0.632183
 0 0.632183
 0 0.632205
 0 0.632223
 0 0.632224
 0 0.632228
 0 0.632229
 0 0.632246
 0 0.632246
 0 0.632258
 0 0.632258
 0 0.632261
 0 0.632286
 0 0.632292
 0 0.632292
 0 0.632293
 0 0.632304
 0 0.632305
 0 0.632305
 0 0.632306
 0 0.632308
 0 0.632308
 0 0.632309
 0 0.632326
 0 0.632327
 0 0.632331
 0 0.632332
 0 0.632332
 0 0.632341
 0 0.632342
 0 0.632342
 0 0.632343
 0 0.632344
 0 0.63235
 0 0.632367
 0 0.632368
 0 0.632378
 0 0.632378
 0 0.632381
 0 0.632381
 0 0.632381
 0 0.632399
 0 0.632401
 0 0.632402
 0 0.632406
 0 0.632413
 0 0.632413
 0 0.632421
 0 0.632422
 0 0.632452
 0 0.632465
 0 0.632467
 0 0.632503
 0 0.632503
 0 0.632507
 0 0.632507
 0 0.63251
 0 0.632511
 0 0.632557
 0 0.63256
 0 0.632575
 0 0.632578
 0 0.632578
 0 0.632578
 0 0.632589
 0 0.632589
 0 0.63259
 0 0.632612
 0 0.632618
 0 0.632618
 0 0.632666
 0 0.632666
 0 0.632672
 0 0.632681
 0 0.632681
 0 0.632685
 0 0.632688
 0 0.632693
 0 0.632693
 0 0.632708
 0 0.632709
 0 0.632713
 0 0.632713
 0 0.632736
 0 0.632738
 0 0.632762
 0 0.632763
 0 0.632768
 0 0.632768
 0 0.632778
 0 0.632778
 0 0.632779
 0 0.63278
 0 0.632781
 0 0.632782
 0 0.632783
 0 0.632806
 0 0.632808
 0 0.632812
 0 0.632816
 0 0.632817
 0 0.632817
 0 0.632825
 0 0.632846
 0 0.632846
 0 0.632846
 0 0.632846
 0 0.632846
 0 0.632846
 0 0.632848
 0 0.632868
 0 0.632868
 0 0.632869
 0 0.63288
 0 0.63288
 0 0.632889
 0 0.632889
 0 0.632894
 0 0.632899
 0 0.632899
 0 0.632912
 0 0.632912
 0 0.632935
 0 0.63295
 0 0.632951
 0 0.632959
 0 0.632959
 0 0.63296
 0 0.632973
 0 0.632978
 0 0.632978
 0 0.632979
 0 0.632989
 0 0.632989
 0 0.632997
 0 0.632997
 0 0.632997
 0 0.633
 0 0.633007
 0 0.633023
 0 0.633023
 0 0.633028
 0 0.633051
 0 0.633051
 0 0.633051
 0 0.633052
 0 0.633052
 0 0.633058
 0 0.633058
 0 0.633071
 0 0.633072
 0 0.633078
 0 0.633103
 0 0.633104
 0 0.633104
 0 0.633116
 0 0.633121
 0 0.633121
 0 0.633122
 0 0.633126
 0 0.633159
 0 0.633159
 0 0.633191
 0 0.633198
 0 0.633205
 0 0.633215
 0 0.63323
 0 0.63325
 0 0.63325
 0 0.633251
 0 0.633251
 0 0.633252
 0 0.633263
 0 0.633263
 0 0.633263
 0 0.633264
 0 0.633281
 0 0.633281
 0 0.633281
 0 0.633281
 0 0.633285
 0 0.633319
 0 0.633341
 0 0.633342
 0 0.633342
 0 0.633348
 0 0.63335
 0 0.633355
 0 0.633385
 0 0.633399
 0 0.633401
 0 0.633412
 0 0.633412
 0 0.633419
 0 0.633427
 0 0.633427
 0 0.633436
 0 0.633436
 0 0.633437
 0 0.633437
 0 0.633437
 0 0.633443
 0 0.633443
 0 0.633454
 0 0.633456
 0 0.633457
 0 0.633457
 0 0.633464
 0 0.63347
 0 0.63347
 0 0.63347
 0 0.633474
 0 0.633474
 0 0.633474
 0 0.633478
 0 0.633478
 0 0.633478
 0 0.633481
 0 0.633484
 0 0.633502
 0 0.633506
 0 0.633516
 0 0.633541
 0 0.633544
 0 0.633545
 0 0.633565
 0 0.633571
 0 0.633571
 0 0.633571
 0 0.633573
 0 0.633591
 0 0.633603
 0 0.633604
 0 0.63361
 0 0.633625
 0 0.633625
 0 0.633632
 0 0.633632
 0 0.633632
 0 0.633633
 0 0.633633
 0 0.633634
 0 0.633641
 0 0.633641
 0 0.633642
 0 0.633642
 0 0.633644
 0 0.633644
 0 0.633647
 0 0.633647
 0 0.633651
 0 0.633651
 0 0.633651
 0 0.633652
 0 0.633653
 0 0.633654
 0 0.633657
 0 0.633657
 0 0.633657
 0 0.63366
 0 0.633681
 0 0.633686
 0 0.633688
 0 0.633688
 0 0.633688
 0 0.633688
 0 0.633688
 0 0.633688
 0 0.633689
 0 0.633689
 0 0.633714
 0 0.633717
 0 0.633717
 0 0.633717
 0 0.633723
 0 0.633723
 0 0.633723
 0 0.633745
 0 0.633763
 0 0.633763
 0 0.633763
 0 0.633763
 0 0.633764
 0 0.633764
 0 0.633764
 0 0.633764
 0 0.633765
 0 0.633765
 0 0.633771
 0 0.633771
 0 0.633772
 0 0.633772
 0 0.633772
 0 0.633789
 0 0.633791
 0 0.633792
 0 0.633801
 0 0.633802
 0 0.633803
 0 0.633803
 0 0.633806
 0 0.633808
 0 0.633809
 0 0.633809
 0 0.633809
 0 0.633809
 0 0.633809
 0 0.633813
 0 0.633815
 0 0.633815
 0 0.633824
 0 0.633824
 0 0.633832
 0 0.633864
 0 0.633866
 0 0.633867
 0 0.633867
 0 0.633868
 0 0.633868
 0 0.633868
 0 0.633868
 0 0.633878
 0 0.63388
 0 0.633886
 0 0.633887
 0 0.633909
 0 0.633927
 0 0.633929
 0 0.633929
 0 0.633953
 0 0.633953
 0 0.63396
 0 0.633961
 0 0.633961
 0 0.633962
 0 0.633962
 0 0.633975
 0 0.633988
 0 0.633989
 0 0.633992
 0 0.633992
 0 0.633992
 0 0.633992
 0 0.634008
 0 0.634008
 0 0.634009
 0 0.63401
 0 0.634017
 0 0.634032
 0 0.634034
 0 0.634043
 0 0.63405
 0 0.634051
 0 0.634052
 0 0.634055
 0 0.634055
 0 0.634055
 0 0.634074
 0 0.634081
 0 0.634102
 0 0.634102
 0 0.634105
 0 0.634105
 0 0.634105
 0 0.634124
 0 0.634125
 0 0.634125
 0 0.634125
 0 0.634125
 0 0.634154
 0 0.634154
 0 0.634155
 0 0.634155
 0 0.634156
 0 0.634157
 0 0.634178
 0 0.634184
 0 0.634191
 0 0.634191
 0 0.634196
 0 0.634196
 0 0.634198
 0 0.634198
 0 0.634198
 0 0.634201
 0 0.634201
 0 0.634202
 0 0.634202
 0 0.634202
 0 0.634212
 0 0.634212
 0 0.634221
 0 0.634221
 0 0.634223
 0 0.634235
 0 0.634235
 0 0.634252
 0 0.634253
 0 0.634258
 0 0.634268
 0 0.634278
 0 0.634278
 0 0.634278
 0 0.634289
 0 0.63429
 0 0.63429
 0 0.63429
 0 0.634305
 0 0.634344
 0 0.634389
 0 0.63439
 0 0.634394
 0 0.634396
 0 0.634411
 0 0.634412
 0 0.634412
 0 0.63443
 0 0.634438
 0 0.63444
 0 0.634452
 0 0.634452
 0 0.634452
 0 0.634452
 0 0.634452
 0 0.634452
 0 0.634452
 0 0.634453
 0 0.634453
 0 0.634454
 0 0.634455
 0 0.634456
 0 0.634456
 0 0.634457
 0 0.634457
 0 0.634457
 0 0.634459
 0 0.634462
 0 0.634469
 0 0.63447
 0 0.63447
 0 0.63447
 0 0.63447
 0 0.634471
 0 0.634474
 0 0.634483
 0 0.634486
 0 0.634486
 0 0.634486
 0 0.634487
 0 0.634487
 0 0.634493
 0 0.634493
 0 0.634504
 0 0.634504
 0 0.634505
 0 0.634515
 0 0.634516
 0 0.634516
 0 0.634516
 0 0.634519
 0 0.634532
 0 0.63455
 0 0.634553
 0 0.634554
 0 0.634554
 0 0.63456
 0 0.63456
 0 0.634562
 0 0.634566
 0 0.634566
 0 0.634568
 0 0.634568
 0 0.634568
 0 0.634591
 0 0.634591
 0 0.634591
 0 0.634591
 0 0.634591
 0 0.634593
 0 0.634593
 0 0.634594
 0 0.634597
 0 0.634614
 0 0.634614
 0 0.634616
 0 0.634633
 0 0.634634
 0 0.634666
 0 0.634669
 0 0.634669
 0 0.634681
 0 0.634685
 0 0.634698
 0 0.6347
 0 0.634702
 0 0.634729
 0 0.634729
 0 0.63473
 0 0.63473
 0 0.63473
 0 0.634731
 0 0.634734
 0 0.634767
 0 0.634779
 0 0.634779
 0 0.634783
 0 0.634784
 0 0.63479
 0 0.63479
 0 0.634791
 0 0.634799
 0 0.634801
 0 0.634803
 0 0.634804
 0 0.63483
 0 0.63483
 0 0.63483
 0 0.634831
 0 0.634832
 0 0.634832
 0 0.634839
 0 0.634851
 0 0.634851
 0 0.634871
 0 0.634896
 0 0.634897
 0 0.634897
 0 0.634907
 0 0.634916
 0 0.634916
 0 0.634919
 0 0.634919
 0 0.63492
 0 0.634939
 0 0.63495
 0 0.634952
 0 0.634957
 0 0.634959
 0 0.634962
 0 0.634962
 0 0.634964
 0 0.634986
 0 0.634997
 0 0.634998
 0 0.635006
 0 0.635035
 0 0.635045
 0 0.635045
 0 0.635059
 0 0.635059
 0 0.635059
 0 0.635066
 0 0.635068
 0 0.635068
 0 0.63508
 0 0.635082
 0 0.635082
 0 0.635084
 0 0.635084
 0 0.635088
 0 0.635088
 0 0.635088
 0 0.635089
 0 0.635093
 0 0.635093
 0 0.635094
 0 0.635095
 0 0.635101
 0 0.635102
 0 0.635102
 0 0.635102
 0 0.635103
 0 0.635103
 0 0.635104
 0 0.635109
 0 0.63513
 0 0.63513
 0 0.635133
 0 0.635134
 0 0.635148
 0 0.635155
 0 0.635157
 0 0.635176
 0 0.635176
 0 0.635177
 0 0.635179
 0 0.635183
 0 0.63519
 0 0.63519
 0 0.63519
 0 0.635191
 0 0.635212
 0 0.63523
 0 0.635231
 0 0.635251
 0 0.635257
 0 0.635258
 0 0.63526
 0 0.635291
 0 0.635331
 0 0.635331
 0 0.635332
 0 0.635332
 0 0.635334
 0 0.635334
 0 0.635334
 0 0.635338
 0 0.63534
 0 0.63534
 0 0.635362
 0 0.635364
 0 0.635366
 0 0.635367
 0 0.635367
 0 0.635367
 0 0.635367
 0 0.635368
 0 0.635383
 0 0.635385
 0 0.635385
 0 0.635385
 0 0.635386
 0 0.635386
 0 0.635386
 0 0.635403
 0 0.635403
 0 0.635403
 0 0.635408
 0 0.635409
 0 0.635412
 0 0.635412
 0 0.635421
 0 0.635436
 0 0.635442
 0 0.635443
 0 0.635449
 0 0.635449
 0 0.635449
 0 0.635461
 0 0.635462
 0 0.635492
 0 0.635493
 0 0.635494
 0 0.635499
 0 0.635499
 0 0.635499
 0 0.635514
 0 0.635514
 0 0.635514
 0 0.635515
 0 0.63552
 0 0.635536
 0 0.635536
 0 0.635541
 0 0.635543
 0 0.635543
 0 0.635545
 0 0.635545
 0 0.635545
 0 0.635557
 0 0.635557
 0 0.635557
 0 0.635589
 0 0.635603
 0 0.635606
 0 0.635606
 0 0.635612
 0 0.635615
 0 0.635629
 0 0.635629
 0 0.635647
 0 0.635647
 0 0.635647
 0 0.635647
 0 0.635647
 0 0.635669
 0 0.635673
 0 0.635673
 0 0.635673
 0 0.635674
 0 0.635702
 0 0.635713
 0 0.635713
 0 0.635742
 0 0.635742
 0 0.63575
 0 0.63575
 0 0.635752
 0 0.635761
 0 0.635782
 0 0.635783
 0 0.635784
 0 0.635787
 0 0.635787
 0 0.635792
 0 0.635847
 0 0.635852
 0 0.635853
 0 0.635855
 0 0.635907
 0 0.635907
 0 0.635907
 0 0.635908
 0 0.635908
 0 0.635909
 0 0.635935
 0 0.635935
 0 0.635938
 0 0.635939
 0 0.635939
 0 0.635939
 0 0.635947
 0 0.635957
 0 0.635957
 0 0.635963
 0 0.635963
 0 0.635963
 0 0.635965
 0 0.635992
 0 0.635992
 0 0.635995
 0 0.635996
 0 0.635996
 0 0.636002
 0 0.636003
 0 0.63601
 0 0.63601
 0 0.636011
 0 0.63602
 0 0.636029
 0 0.636042
 0 0.636044
 0 0.636045
 0 0.636045
 0 0.636047
 0 0.636065
 0 0.636065
 0 0.636103
 0 0.636124
 0 0.636141
 0 0.636142
 0 0.636145
 0 0.636145
 0 0.636146
 0 0.636161
 0 0.63617
 0 0.636186
 0 0.636186
 0 0.636187
 0 0.636187
 0 0.636203
 0 0.636204
 0 0.636204
 0 0.636206
 0 0.636206
 0 0.636206
 0 0.636208
 0 0.636208
 0 0.63621
 0 0.636217
 0 0.636222
 0 0.636223
 0 0.636223
 0 0.63623
 0 0.636231
 0 0.636247
 0 0.636247
 0 0.636247
 0 0.636275
 0 0.636275
 0 0.636277
 0 0.636286
 0 0.636289
 0 0.636289
 0 0.636289
 0 0.636334
 0 0.636343
 0 0.636353
 0 0.636375
 0 0.636376
 0 0.636379
 0 0.636379
 0 0.636385
 0 0.636388
 0 0.636388
 0 0.636388
 0 0.636388
 0 0.636391
 0 0.636393
 0 0.636405
 0 0.636406
 0 0.636407
 0 0.636413
 0 0.636426
 0 0.636427
 0 0.636433
 0 0.636434
 0 0.636444
 0 0.636446
 0 0.636447
 0 0.636448
 0 0.636448
 0 0.636448
 0 0.636475
 0 0.63652
 0 0.636521
 0 0.636529
 0 0.63653
 0 0.636531
 0 0.636533
 0 0.636533
 0 0.636607
 0 0.63665
 0 0.63665
 0 0.636682
 0 0.636682
 0 0.636694
 0 0.63674
 0 0.636744
 0 0.636744
 0 0.636744
 0 0.636745
 0 0.636761
 0 0.636852
 0 0.636855
 0 0.636878
 0 0.636878
 0 0.636893
 0 0.636893
 0 0.636893
 0 0.636896
 0 0.636896
 0 0.636896
 0 0.636898
 0 0.636898
 0 0.636913
 0 0.63695
 0 0.63695
 0 0.636978
 0 0.637012
 0 0.637012
 0 0.637028
 0 0.637029
 0 0.637039
 0 0.637039
 0 0.637057
 0 0.637057
 0 0.637082
 0 0.637086
 0 0.637086
 0 0.637122
 0 0.637122
 0 0.637132
 0 0.637133
 0 0.637154
 0 0.63716
 0 0.637165
 0 0.637165
 0 0.637167
 0 0.637167
 0 0.637168
 0 0.637185
 0 0.637206
 0 0.637208
 0 0.63721
 0 0.637306
 0 0.637322
 0 0.637323
 0 0.637324
 0 0.637326
 0 0.637334
 0 0.637334
 0 0.637335
 0 0.637364
 0 0.637365
 0 0.637365
 0 0.637366
 0 0.637386
 0 0.637389
 0 0.63739
 0 0.637409
 0 0.63742
 0 0.63742
 0 0.637421
 0 0.637423
 0 0.637427
 0 0.637427
 0 0.637526
 0 0.637526
 0 0.637527
 0 0.637528
 0 0.637528
 0 0.63759
 0 0.63759
 0 0.637603
 0 0.637603
 0 0.637649
 0 0.637698
 0 0.637698
 0 0.637734
 0 0.637734
 0 0.637738
 0 0.637789
 0 0.637789
 0 0.637789
 0 0.637791
 0 0.637792
 0 0.637793
 0 0.637798
 0 0.637799
 0 0.637878
 0 0.637882
 0 0.637905
 0 0.637911
 0 0.637911
 0 0.637911
 0 0.637966
 0 0.637973
 0 0.637973
 0 0.637973
 0 0.637974
 0 0.637974
 0 0.637978
 0 0.638038
 0 0.638041
 0 0.638042
 0 0.638196
 0 0.638218
 0 0.638231
 0 0.638273
 0 0.638323
 0 0.638326
 0 0.638328
 0 0.638328
 0 0.638421
 0 0.638459
 0 0.638525
 0 0.638531
 0 0.638531
 0 0.638603
 0 0.638603
 0 0.638603
 0 0.638615
 0 0.638908
 0 0.638908
 0 0.638925
 0 0.638925
 0 0.638947
 0 0.639185
 0 0.639185
 0 0.639185
 0 0.639185
 0 0.639428
 0 0.639441
 0 0.639441
 0 0.639441
 0 0.639564
 0 0.639565
 0 0.639607
 0 0.640597
 0 0.640597
 0 0.640722
 0 0.640722
 0 0.640964
 0 0.641305
 0 0.641305
 0 0.641305
 0 0.641307
 0 0.641598
 0 0.642017
 0 0.642018
 0 3.38089
 0 3.43865
 0 3.44006
 0 3.44017
 0 3.44017
 0 3.44017
 0 inf
