 0 0.491574
 0 0.492224
 0 0.492224
 0 0.492249
 0 0.492773
 0 0.492773
 0 0.626247
 0 0.626475
 0 0.626475
 0 0.626476
 0 0.626477
 0 0.626782
 0 0.626804
 0 0.626804
 0 0.626804
 0 0.626804
 0 0.626998
 0 0.626998
 0 0.627007
 0 0.627009
 0 0.627074
 0 0.627074
 0 0.627211
 0 0.627211
 0 0.627251
 0 0.627255
 0 0.627285
 0 0.627297
 0 0.627297
 0 0.627351
 0 0.627352
 0 0.627352
 0 0.6274
 0 0.62751
 0 0.627586
 0 0.627596
 0 0.627597
 0 0.627616
 0 0.627616
 0 0.627665
 0 0.627843
 0 0.627843
 0 0.627856
 0 0.627876
 0 0.627972
 0 0.628051
 0 0.628051
 0 0.628076
 0 0.628077
 0 0.628078
 0 0.628078
 0 0.628119
 0 0.628119
 0 0.628119
 0 0.628207
 0 0.628207
 0 0.628227
 0 0.628228
 0 0.628336
 0 0.628336
 0 0.628336
 0 0.628336
 0 0.628338
 0 0.628395
 0 0.628397
 0 0.628398
 0 0.628484
 0 0.628526
 0 0.628554
 0 0.62859
 0 0.62859
 0 0.628746
 0 0.628746
 0 0.628747
 0 0.628777
 0 0.628838
 0 0.628838
 0 0.628838
 0 0.629234
 0 0.629249
 0 0.629274
 0 0.629274
 0 0.629288
 0 0.629288
 0 0.629435
 0 0.629447
 0 0.629457
 0 0.629457
 0 0.629464
 0 0.629465
 0 0.629472
 0 0.629474
 0 0.629522
 0 0.629649
 0 0.629649
 0 0.629649
 0 0.629655
 0 0.629655
 0 0.629655
 0 0.629655
 0 0.629737
 0 0.629737
 0 0.629737
 0 0.629742
 0 0.629742
 0 0.62976
 0 0.629788
 0 0.629806
 0 0.629809
 0 0.629809
 0 0.630016
 0 0.630017
 0 0.630019
 0 0.630019
 0 0.630062
 0 0.630063
 0 0.630063
 0 0.630077
 0 0.630147
 0 0.630192
 0 0.630192
 0 0.630192
 0 0.630198
 0 0.630199
 0 0.630203
 0 0.630203
 0 0.630203
 0 0.630204
 0 0.630233
 0 0.630328
 0 0.63033
 0 0.63033
 0 0.630331
 0 0.630385
 0 0.630386
 0 0.630401
 0 0.630402
 0 0.630446
 0 0.630447
 0 0.630496
 0 0.630497
 0 0.630498
 0 0.630525
 0 0.630525
 0 0.630566
 0 0.630569
 0 0.630577
 0 0.63058
 0 0.630594
 0 0.630595
 0 0.63061
 0 0.630727
 0 0.630728
 0 0.630728
 0 0.630734
 0 0.630735
 0 0.630753
 0 0.630755
 0 0.630755
 0 0.630811
 0 0.630811
 0 0.630866
 0 0.630877
 0 0.630879
 0 0.630903
 0 0.630933
 0 0.630936
 0 0.630945
 0 0.630993
 0 0.630994
 0 0.630994
 0 0.631004
 0 0.631012
 0 0.631013
 0 0.631019
 0 0.631021
 0 0.631021
 0 0.631021
 0 0.631027
 0 0.631027
 0 0.631039
 0 0.631046
 0 0.63105
 0 0.63105
 0 0.631052
 0 0.631061
 0 0.63107
 0 0.631071
 0 0.631115
 0 0.631118
 0 0.631129
 0 0.631222
 0 0.631222
 0 0.631225
 0 0.631235
 0 0.631237
 0 0.631261
 0 0.631297
 0 0.631298
 0 0.6313
 0 0.6313
 0 0.63132
 0 0.631324
 0 0.631354
 0 0.631354
 0 0.631355
 0 0.631388
 0 0.631389
 0 0.631401
 0 0.63142
 0 0.63142
 0 0.63142
 0 0.631433
 0 0.631445
 0 0.631447
 0 0.631449
 0 0.631452
 0 0.631453
 0 0.631485
 0 0.631486
 0 0.631486
 0 0.631488
 0 0.631489
 0 0.631492
 0 0.631492
 0 0.631492
 0 0.631492
 0 0.631492
 0 0.631512
 0 0.631512
 0 0.631512
 0 0.631533
 0 0.631533
 0 0.631534
 0 0.631534
 0 0.631535
 0 0.631585
 0 0.631589
 0 0.631591
 0 0.631611
 0 0.631611
 0 0.631612
 0 0.631612
 0 0.631612
 0 0.631612
 0 0.631612
 0 0.631629
 0 0.631648
 0 0.631674
 0 0.631674
 0 0.631698
 0 0.631704
 0 0.631706
 0 0.631723
 0 0.631723
 0 0.631724
 0 0.631754
 0 0.631766
 0 0.631773
 0 0.631774
 0 0.631789
 0 0.631789
 0 0.631789
 0 0.631849
 0 0.63185
 0 0.631867
 0 0.631876
 0 0.631888
 0 0.631923
 0 0.631931
 0 0.631965
 0 0.632003
 0 0.632004
 0 0.63204
 0 0.63204
 0 0.63204
 0 0.632052
 0 0.632052
 0 0.632076
 0 0.632086
 0 0.632104
 0 0.632106
 0 0.632133
 0 0.632153
 0 0.632179
 0 0.632195
 0 0.632205
 0 0.632208
 0 0.632209
 0 0.632211
 0 0.632211
 0 0.632218
 0 0.632223
 0 0.632242
 0 0.632243
 0 0.632259
 0 0.63226
 0 0.632261
 0 0.632273
 0 0.632273
 0 0.632273
 0 0.632282
 0 0.632283
 0 0.632294
 0 0.632294
 0 0.632329
 0 0.63233
 0 0.632331
 0 0.632331
 0 0.632338
 0 0.632339
 0 0.632339
 0 0.632339
 0 0.632349
 0 0.632351
 0 0.632353
 0 0.632353
 0 0.632396
 0 0.632396
 0 0.632396
 0 0.632407
 0 0.632408
 0 0.632409
 0 0.632432
 0 0.632433
 0 0.632435
 0 0.632435
 0 0.632435
 0 0.632435
 0 0.632443
 0 0.632444
 0 0.63245
 0 0.632451
 0 0.632452
 0 0.632452
 0 0.632452
 0 0.632454
 0 0.632467
 0 0.632467
 0 0.632502
 0 0.632541
 0 0.632542
 0 0.632542
 0 0.632542
 0 0.632542
 0 0.632543
 0 0.632545
 0 0.632547
 0 0.632564
 0 0.632569
 0 0.632571
 0 0.632572
 0 0.632578
 0 0.632591
 0 0.632591
 0 0.632594
 0 0.632596
 0 0.632597
 0 0.63261
 0 0.63261
 0 0.63261
 0 0.632611
 0 0.63262
 0 0.632622
 0 0.632626
 0 0.632626
 0 0.632626
 0 0.632626
 0 0.632626
 0 0.632631
 0 0.632633
 0 0.632634
 0 0.632634
 0 0.632634
 0 0.632638
 0 0.632638
 0 0.632639
 0 0.632649
 0 0.632649
 0 0.632649
 0 0.63266
 0 0.63266
 0 0.632661
 0 0.632663
 0 0.632667
 0 0.632669
 0 0.632671
 0 0.632672
 0 0.632678
 0 0.63268
 0 0.63268
 0 0.632689
 0 0.632691
 0 0.632691
 0 0.632691
 0 0.632786
 0 0.632786
 0 0.632789
 0 0.632789
 0 0.632789
 0 0.632789
 0 0.632792
 0 0.632794
 0 0.632795
 0 0.632795
 0 0.632816
 0 0.632818
 0 0.632818
 0 0.632824
 0 0.632824
 0 0.632824
 0 0.632824
 0 0.632833
 0 0.632833
 0 0.63284
 0 0.632842
 0 0.632842
 0 0.632843
 0 0.63288
 0 0.63288
 0 0.632909
 0 0.632909
 0 0.632914
 0 0.632925
 0 0.632938
 0 0.632938
 0 0.632938
 0 0.632991
 0 0.632997
 0 0.632998
 0 0.632998
 0 0.633018
 0 0.633022
 0 0.633025
 0 0.633025
 0 0.633027
 0 0.63307
 0 0.63307
 0 0.633071
 0 0.633074
 0 0.633082
 0 0.633083
 0 0.633084
 0 0.633084
 0 0.633094
 0 0.633102
 0 0.63312
 0 0.633134
 0 0.633139
 0 0.63314
 0 0.633142
 0 0.633142
 0 0.633171
 0 0.633172
 0 0.633207
 0 0.633221
 0 0.633221
 0 0.633224
 0 0.633224
 0 0.633224
 0 0.633224
 0 0.633241
 0 0.633241
 0 0.633243
 0 0.633244
 0 0.633259
 0 0.63326
 0 0.633261
 0 0.633261
 0 0.633261
 0 0.633296
 0 0.633297
 0 0.633299
 0 0.6333
 0 0.6333
 0 0.6333
 0 0.633303
 0 0.633303
 0 0.633303
 0 0.633308
 0 0.633309
 0 0.633316
 0 0.633317
 0 0.63332
 0 0.633329
 0 0.63333
 0 0.633333
 0 0.633337
 0 0.633339
 0 0.633339
 0 0.633343
 0 0.633361
 0 0.633363
 0 0.633367
 0 0.633367
 0 0.633395
 0 0.633395
 0 0.633396
 0 0.633425
 0 0.633425
 0 0.633431
 0 0.633431
 0 0.633437
 0 0.633438
 0 0.633452
 0 0.633452
 0 0.633452
 0 0.633452
 0 0.633452
 0 0.633468
 0 0.63347
 0 0.63347
 0 0.633483
 0 0.633483
 0 0.633488
 0 0.633489
 0 0.633489
 0 0.63349
 0 0.633491
 0 0.633504
 0 0.633508
 0 0.633508
 0 0.633509
 0 0.633519
 0 0.633519
 0 0.633519
 0 0.633522
 0 0.633522
 0 0.633522
 0 0.633532
 0 0.633532
 0 0.633533
 0 0.633533
 0 0.63354
 0 0.63354
 0 0.63354
 0 0.633541
 0 0.633562
 0 0.633562
 0 0.633562
 0 0.633566
 0 0.633566
 0 0.633581
 0 0.633603
 0 0.633604
 0 0.633615
 0 0.633616
 0 0.633616
 0 0.633617
 0 0.633623
 0 0.633634
 0 0.633654
 0 0.633662
 0 0.633662
 0 0.633662
 0 0.633663
 0 0.633664
 0 0.633669
 0 0.633669
 0 0.633672
 0 0.633672
 0 0.633673
 0 0.633684
 0 0.633685
 0 0.633693
 0 0.633697
 0 0.633698
 0 0.633698
 0 0.633699
 0 0.633731
 0 0.633743
 0 0.633743
 0 0.633749
 0 0.633749
 0 0.633749
 0 0.633749
 0 0.633749
 0 0.63375
 0 0.633755
 0 0.633756
 0 0.63379
 0 0.63379
 0 0.633796
 0 0.63381
 0 0.63381
 0 0.63381
 0 0.63381
 0 0.633817
 0 0.633817
 0 0.633819
 0 0.633823
 0 0.633823
 0 0.633827
 0 0.633827
 0 0.633827
 0 0.633827
 0 0.633827
 0 0.633835
 0 0.633847
 0 0.633849
 0 0.633862
 0 0.633862
 0 0.633862
 0 0.633862
 0 0.633875
 0 0.633876
 0 0.633881
 0 0.633881
 0 0.633885
 0 0.633906
 0 0.633911
 0 0.633915
 0 0.633939
 0 0.633973
 0 0.633979
 0 0.63398
 0 0.633981
 0 0.633988
 0 0.633988
 0 0.633988
 0 0.633991
 0 0.633992
 0 0.633993
 0 0.634005
 0 0.634006
 0 0.634008
 0 0.634025
 0 0.634025
 0 0.634061
 0 0.634063
 0 0.634064
 0 0.634071
 0 0.634071
 0 0.634071
 0 0.634079
 0 0.634079
 0 0.634079
 0 0.634083
 0 0.634084
 0 0.634084
 0 0.634098
 0 0.6341
 0 0.634102
 0 0.634103
 0 0.634103
 0 0.634106
 0 0.634106
 0 0.634134
 0 0.634134
 0 0.634135
 0 0.634137
 0 0.634139
 0 0.634152
 0 0.634162
 0 0.634164
 0 0.634164
 0 0.634179
 0 0.634181
 0 0.634184
 0 0.634186
 0 0.634186
 0 0.634187
 0 0.634187
 0 0.634188
 0 0.634194
 0 0.634194
 0 0.634194
 0 0.634205
 0 0.634205
 0 0.634205
 0 0.634205
 0 0.634214
 0 0.634214
 0 0.634228
 0 0.634234
 0 0.634251
 0 0.634291
 0 0.634292
 0 0.634292
 0 0.634355
 0 0.634355
 0 0.634355
 0 0.634358
 0 0.634358
 0 0.634358
 0 0.634359
 0 0.634359
 0 0.634359
 0 0.63436
 0 0.634361
 0 0.634361
 0 0.634362
 0 0.634362
 0 0.634362
 0 0.634362
 0 0.634362
 0 0.634362
 0 0.634364
 0 0.634364
 0 0.634366
 0 0.634366
 0 0.634369
 0 0.634374
 0 0.634376
 0 0.634382
 0 0.634382
 0 0.634383
 0 0.634389
 0 0.634389
 0 0.634389
 0 0.634389
 0 0.634389
 0 0.634398
 0 0.634408
 0 0.634408
 0 0.63442
 0 0.634421
 0 0.634422
 0 0.634422
 0 0.634428
 0 0.634429
 0 0.634457
 0 0.634457
 0 0.634459
 0 0.63447
 0 0.634471
 0 0.634472
 0 0.634472
 0 0.634472
 0 0.634472
 0 0.634486
 0 0.634488
 0 0.634499
 0 0.634505
 0 0.634505
 0 0.634505
 0 0.634505
 0 0.634506
 0 0.634506
 0 0.634533
 0 0.634534
 0 0.634537
 0 0.63454
 0 0.63454
 0 0.634544
 0 0.634563
 0 0.634566
 0 0.634568
 0 0.634568
 0 0.634569
 0 0.634569
 0 0.63457
 0 0.634572
 0 0.634572
 0 0.634572
 0 0.634575
 0 0.634575
 0 0.634587
 0 0.634587
 0 0.634588
 0 0.634603
 0 0.634605
 0 0.634625
 0 0.634625
 0 0.63463
 0 0.634635
 0 0.634666
 0 0.634671
 0 0.634672
 0 0.634672
 0 0.634672
 0 0.634672
 0 0.634673
 0 0.634676
 0 0.634682
 0 0.634682
 0 0.634683
 0 0.634683
 0 0.634683
 0 0.634683
 0 0.634685
 0 0.634685
 0 0.634735
 0 0.634737
 0 0.634737
 0 0.634751
 0 0.63476
 0 0.634764
 0 0.634768
 0 0.634776
 0 0.634777
 0 0.634778
 0 0.634796
 0 0.634796
 0 0.634797
 0 0.6348
 0 0.6348
 0 0.634804
 0 0.634805
 0 0.63481
 0 0.634816
 0 0.634816
 0 0.634817
 0 0.634831
 0 0.634834
 0 0.634844
 0 0.634844
 0 0.634845
 0 0.634845
 0 0.634859
 0 0.634861
 0 0.634861
 0 0.634864
 0 0.634865
 0 0.634879
 0 0.634879
 0 0.634881
 0 0.634894
 0 0.634894
 0 0.634898
 0 0.6349
 0 0.6349
 0 0.634923
 0 0.63495
 0 0.63495
 0 0.634956
 0 0.634956
 0 0.634956
 0 0.634962
 0 0.634962
 0 0.634964
 0 0.634965
 0 0.634998
 0 0.634999
 0 0.634999
 0 0.635001
 0 0.635019
 0 0.635022
 0 0.635022
 0 0.635022
 0 0.635022
 0 0.635031
 0 0.635031
 0 0.63505
 0 0.63505
 0 0.635051
 0 0.635052
 0 0.635053
 0 0.635077
 0 0.635077
 0 0.635078
 0 0.635078
 0 0.635078
 0 0.63508
 0 0.63508
 0 0.635083
 0 0.635083
 0 0.635089
 0 0.635089
 0 0.635106
 0 0.635113
 0 0.63512
 0 0.63512
 0 0.635128
 0 0.635134
 0 0.635135
 0 0.635138
 0 0.63514
 0 0.635147
 0 0.635156
 0 0.635157
 0 0.635158
 0 0.635158
 0 0.63518
 0 0.63518
 0 0.635186
 0 0.635186
 0 0.635186
 0 0.635187
 0 0.635188
 0 0.635202
 0 0.635222
 0 0.635241
 0 0.635241
 0 0.635268
 0 0.635268
 0 0.635283
 0 0.635283
 0 0.635287
 0 0.635301
 0 0.635313
 0 0.635345
 0 0.635345
 0 0.635345
 0 0.635348
 0 0.63535
 0 0.635352
 0 0.635353
 0 0.635353
 0 0.635356
 0 0.635356
 0 0.635362
 0 0.635362
 0 0.635364
 0 0.635364
 0 0.635364
 0 0.635364
 0 0.635368
 0 0.635368
 0 0.635369
 0 0.63539
 0 0.635392
 0 0.635417
 0 0.63542
 0 0.63542
 0 0.635445
 0 0.635445
 0 0.635502
 0 0.635504
 0 0.635509
 0 0.635509
 0 0.635526
 0 0.635528
 0 0.635529
 0 0.635532
 0 0.635532
 0 0.635538
 0 0.63554
 0 0.635551
 0 0.635555
 0 0.635555
 0 0.635561
 0 0.635562
 0 0.635574
 0 0.635583
 0 0.635584
 0 0.635594
 0 0.635597
 0 0.63561
 0 0.63561
 0 0.63561
 0 0.635645
 0 0.635646
 0 0.635648
 0 0.635658
 0 0.635683
 0 0.635683
 0 0.635685
 0 0.635711
 0 0.635711
 0 0.635711
 0 0.635721
 0 0.635737
 0 0.635742
 0 0.635744
 0 0.635744
 0 0.635807
 0 0.635807
 0 0.635815
 0 0.635828
 0 0.63584
 0 0.635871
 0 0.635893
 0 0.635893
 0 0.635894
 0 0.635904
 0 0.635904
 0 0.635945
 0 0.635956
 0 0.635957
 0 0.635958
 0 0.635958
 0 0.635959
 0 0.635962
 0 0.635969
 0 0.63597
 0 0.635971
 0 0.636023
 0 0.636023
 0 0.636023
 0 0.636041
 0 0.636041
 0 0.636042
 0 0.636042
 0 0.636043
 0 0.636073
 0 0.636074
 0 0.636091
 0 0.636092
 0 0.636093
 0 0.636102
 0 0.636104
 0 0.63612
 0 0.636157
 0 0.636158
 0 0.636158
 0 0.63617
 0 0.636171
 0 0.636174
 0 0.636184
 0 0.636194
 0 0.636194
 0 0.636198
 0 0.636198
 0 0.636199
 0 0.636199
 0 0.6362
 0 0.6362
 0 0.6362
 0 0.6362
 0 0.6362
 0 0.6362
 0 0.636211
 0 0.636214
 0 0.636215
 0 0.636217
 0 0.636218
 0 0.636229
 0 0.636229
 0 0.636229
 0 0.636229
 0 0.636271
 0 0.636283
 0 0.636286
 0 0.636286
 0 0.636294
 0 0.636294
 0 0.636294
 0 0.636294
 0 0.636294
 0 0.636294
 0 0.636295
 0 0.636298
 0 0.636301
 0 0.636315
 0 0.636316
 0 0.636318
 0 0.636319
 0 0.636319
 0 0.636319
 0 0.636331
 0 0.636332
 0 0.636332
 0 0.636333
 0 0.636357
 0 0.636373
 0 0.636375
 0 0.636375
 0 0.636385
 0 0.636386
 0 0.6364
 0 0.6364
 0 0.6364
 0 0.6364
 0 0.6364
 0 0.636401
 0 0.636419
 0 0.636435
 0 0.636435
 0 0.636435
 0 0.636435
 0 0.636436
 0 0.636449
 0 0.636466
 0 0.636472
 0 0.636499
 0 0.636499
 0 0.636507
 0 0.636537
 0 0.636539
 0 0.63656
 0 0.636562
 0 0.636644
 0 0.636652
 0 0.636661
 0 0.636661
 0 0.636665
 0 0.636699
 0 0.636699
 0 0.636699
 0 0.636748
 0 0.636749
 0 0.63676
 0 0.636761
 0 0.636762
 0 0.636778
 0 0.6368
 0 0.636801
 0 0.636802
 0 0.636808
 0 0.636821
 0 0.636847
 0 0.636847
 0 0.636855
 0 0.636856
 0 0.636862
 0 0.636862
 0 0.636864
 0 0.636865
 0 0.636886
 0 0.636889
 0 0.636909
 0 0.636909
 0 0.636918
 0 0.636918
 0 0.636928
 0 0.636962
 0 0.636963
 0 0.636989
 0 0.636995
 0 0.636995
 0 0.637083
 0 0.637106
 0 0.63711
 0 0.637116
 0 0.637116
 0 0.637119
 0 0.637135
 0 0.637162
 0 0.637162
 0 0.637163
 0 0.637163
 0 0.637163
 0 0.637163
 0 0.637171
 0 0.637172
 0 0.637172
 0 0.637194
 0 0.637195
 0 0.637195
 0 0.637202
 0 0.637202
 0 0.637202
 0 0.637221
 0 0.637221
 0 0.637266
 0 0.637267
 0 0.637267
 0 0.637267
 0 0.637267
 0 0.637268
 0 0.637269
 0 0.637306
 0 0.637388
 0 0.637393
 0 0.637393
 0 0.637393
 0 0.637393
 0 0.637394
 0 0.637394
 0 0.637396
 0 0.637397
 0 0.637397
 0 0.637397
 0 0.637405
 0 0.637417
 0 0.637417
 0 0.637418
 0 0.637418
 0 0.63742
 0 0.63742
 0 0.637421
 0 0.637424
 0 0.637456
 0 0.637466
 0 0.637473
 0 0.637474
 0 0.637474
 0 0.637476
 0 0.637476
 0 0.637477
 0 0.637477
 0 0.637487
 0 0.63752
 0 0.63752
 0 0.637548
 0 0.637555
 0 0.637555
 0 0.637556
 0 0.637603
 0 0.637616
 0 0.637621
 0 0.637621
 0 0.63771
 0 0.63771
 0 0.63771
 0 0.637731
 0 0.637766
 0 0.637766
 0 0.637776
 0 0.637776
 0 0.637863
 0 0.637887
 0 0.637888
 0 0.637916
 0 0.637918
 0 0.637927
 0 0.637927
 0 0.637935
 0 0.638014
 0 0.638036
 0 0.638037
 0 0.638038
 0 0.638039
 0 0.638039
 0 0.638061
 0 0.638061
 0 0.638073
 0 0.638074
 0 0.638137
 0 0.638138
 0 0.638138
 0 0.638217
 0 0.638219
 0 0.638274
 0 0.638299
 0 0.6383
 0 0.638403
 0 0.638403
 0 0.638417
 0 0.638417
 0 0.638417
 0 0.638457
 0 0.638465
 0 0.638613
 0 0.638628
 0 0.638629
 0 0.638642
 0 0.638643
 0 0.638735
 0 0.638735
 0 0.63881
 0 0.638873
 0 0.639015
 0 0.639221
 0 0.639241
 0 0.639241
 0 0.639241
 0 0.639241
 0 0.639327
 0 0.639489
 0 0.639563
 0 0.639563
 0 0.639748
 0 0.639748
 0 0.639789
 0 0.639789
 0 0.639789
 0 0.640343
 0 0.64084
 0 0.640962
 0 0.640964
 0 0.641081
 0 0.641081
 0 0.641083
 0 0.641368
 0 0.641368
 0 0.641368
 0 0.64137
 0 0.641459
 0 0.641459
 0 0.641495
 0 0.641704
 0 0.641704
 0 0.641926
 0 0.642143
 0 4.16933
 0 4.28007
 0 4.30453
 0 4.30599
 0 4.306
 0 4.306
 0 inf
