 14.4766 14.495
 14.428 14.8072
 8.41338 8.46926
 8.33343 9.08098
 8.02843 8.32843
 7.63441 7.74251
 7.60694 8.85216
 7.32784 7.62951
 7.09806 8.61062
 6.79681 7.0746
 6.78511 7.24165
 6.56197 7.78456
 6.48056 7.17441
 6.46972 7.46727
 6.45719 7.22558
 6.19753 6.70841
 5.73951 7.0616
 5.72414 6.12328
 5.7012 5.72794
 5.67042 5.76188
 5.4628 5.53102
 5.40098 6.08439
 5.35332 5.37508
 5.3006 5.52811
 5.28673 5.32821
 5.17186 8.41511
 5.16156 5.16734
 5.16123 5.17139
 5.15437 5.31719
 5.10602 6.71282
 5.05429 5.07121
 5.04959 5.05901
 5.04199 5.06307
 5.03955 5.06059
 5.03508 5.05903
 5.03504 5.06919
 5.02245 5.14613
 5.00772 5.84754
 5.00708 5.24402
 4.92563 4.92702
 4.91359 5.88691
 4.88456 4.91654
 4.87668 4.88921
 4.87552 4.87601
 4.87496 4.90679
 4.87239 4.88757
 4.86685 4.86965
 4.86422 4.8962
 4.86192 4.86696
 4.85962 4.86518
 4.85877 4.88281
 4.85464 4.888
 4.84821 4.90308
 4.84604 4.87827
 4.82787 4.84377
 4.82311 4.83975
 4.80444 4.80445
 4.80257 4.81368
 4.79875 4.93929
 4.78956 4.81071
 4.78139 4.797
 4.78076 4.79618
 4.77895 4.79494
 4.77768 4.79634
 4.77765 4.80049
 4.77217 4.77326
 4.77035 4.78335
 4.76701 4.7678
 4.76117 4.7867
 4.75444 4.77062
 4.75139 8.00902
 4.74634 4.76376
 4.74483 4.76074
 4.74378 4.89317
 4.74195 4.77335
 4.73715 4.75767
 4.73561 4.7703
 4.73511 4.73887
 4.73357 4.7771
 4.7331 4.7368
 4.73194 4.73383
 4.73178 4.74072
 4.72944 4.83632
 4.72635 4.7267
 4.72437 4.7418
 4.71568 4.73644
 4.7079 4.70982
 4.70723 4.72455
 4.70608 4.72402
 4.70571 4.72654
 4.70089 4.72366
 4.69849 4.92173
 4.69795 7.90964
 4.6945 4.70119
 4.69201 4.71401
 4.68797 4.69763
 4.68678 4.71308
 4.68588 4.6978
 4.68054 4.80265
 4.66943 4.93785
 4.6679 4.67734
 4.66761 8.4837
 4.6665 4.73006
 4.66511 5.04922
 4.66474 4.67772
 4.5802 5.00687
 4.56012 8.94815
 4.55074 4.55147
 4.52733 9.76033
 4.37459 8.63363
 4.35649 4.87051
 4.30524 4.75904
 4.27508 8.77502
 4.09903 6.85271
 3.56933 8.96523
