 0 0.494642
 0 0.495193
 0 0.495193
 0 0.495193
 0 0.496364
 0 0.496364
 0 0.624561
 0 0.62459
 0 0.624831
 0 0.624832
 0 0.624859
 0 0.624861
 0 0.625723
 0 0.625723
 0 0.626004
 0 0.626163
 0 0.626406
 0 0.626431
 0 0.626432
 0 0.626432
 0 0.626767
 0 0.626768
 0 0.626768
 0 0.626768
 0 0.627129
 0 0.627129
 0 0.62713
 0 0.62713
 0 0.627163
 0 0.627269
 0 0.627416
 0 0.627417
 0 0.627492
 0 0.627546
 0 0.627549
 0 0.627658
 0 0.627658
 0 0.627919
 0 0.627919
 0 0.62792
 0 0.62796
 0 0.62796
 0 0.628033
 0 0.628034
 0 0.628036
 0 0.628037
 0 0.628119
 0 0.628136
 0 0.628213
 0 0.628214
 0 0.628214
 0 0.628214
 0 0.62827
 0 0.62827
 0 0.628329
 0 0.628329
 0 0.628329
 0 0.628385
 0 0.628385
 0 0.628386
 0 0.628387
 0 0.62839
 0 0.628391
 0 0.62842
 0 0.62842
 0 0.62846
 0 0.62846
 0 0.628523
 0 0.628545
 0 0.628606
 0 0.628693
 0 0.628753
 0 0.628754
 0 0.628758
 0 0.628758
 0 0.628899
 0 0.628899
 0 0.628989
 0 0.628989
 0 0.628996
 0 0.628996
 0 0.628997
 0 0.628998
 0 0.628998
 0 0.629009
 0 0.629009
 0 0.629044
 0 0.629054
 0 0.629054
 0 0.629054
 0 0.629054
 0 0.629079
 0 0.629101
 0 0.629109
 0 0.629159
 0 0.629159
 0 0.629159
 0 0.629236
 0 0.629237
 0 0.629237
 0 0.629237
 0 0.629238
 0 0.629238
 0 0.629288
 0 0.629288
 0 0.62929
 0 0.62933
 0 0.629343
 0 0.629344
 0 0.629344
 0 0.629344
 0 0.62937
 0 0.629371
 0 0.629433
 0 0.629506
 0 0.629507
 0 0.629507
 0 0.629509
 0 0.629509
 0 0.629515
 0 0.629515
 0 0.629548
 0 0.629556
 0 0.629557
 0 0.629658
 0 0.629658
 0 0.629658
 0 0.629658
 0 0.629667
 0 0.629683
 0 0.629754
 0 0.629803
 0 0.629811
 0 0.629823
 0 0.629854
 0 0.629854
 0 0.629858
 0 0.629858
 0 0.629858
 0 0.629859
 0 0.62996
 0 0.629962
 0 0.629964
 0 0.629964
 0 0.629992
 0 0.629992
 0 0.630037
 0 0.630039
 0 0.630094
 0 0.630095
 0 0.630225
 0 0.630227
 0 0.630329
 0 0.630329
 0 0.630364
 0 0.630365
 0 0.630408
 0 0.630408
 0 0.630629
 0 0.630657
 0 0.630767
 0 0.630767
 0 0.630768
 0 0.630782
 0 0.630796
 0 0.630842
 0 0.630953
 0 0.630953
 0 0.630954
 0 0.63098
 0 0.630992
 0 0.630992
 0 0.631018
 0 0.631018
 0 0.631021
 0 0.631025
 0 0.631026
 0 0.631026
 0 0.631026
 0 0.63107
 0 0.631073
 0 0.631081
 0 0.631081
 0 0.631081
 0 0.631082
 0 0.631082
 0 0.631082
 0 0.631086
 0 0.631087
 0 0.631113
 0 0.631115
 0 0.631129
 0 0.631149
 0 0.631152
 0 0.631152
 0 0.631152
 0 0.631189
 0 0.63119
 0 0.631193
 0 0.631193
 0 0.631193
 0 0.631201
 0 0.631202
 0 0.631203
 0 0.631203
 0 0.631203
 0 0.631231
 0 0.631231
 0 0.631248
 0 0.631249
 0 0.631255
 0 0.631256
 0 0.631279
 0 0.631306
 0 0.631308
 0 0.631322
 0 0.63133
 0 0.63133
 0 0.63133
 0 0.631331
 0 0.631384
 0 0.631384
 0 0.631402
 0 0.631404
 0 0.631404
 0 0.631446
 0 0.631448
 0 0.631473
 0 0.631485
 0 0.631553
 0 0.631556
 0 0.631559
 0 0.631571
 0 0.631572
 0 0.631587
 0 0.631592
 0 0.631604
 0 0.631627
 0 0.63171
 0 0.631712
 0 0.631712
 0 0.631712
 0 0.631725
 0 0.631725
 0 0.631776
 0 0.631788
 0 0.631789
 0 0.631789
 0 0.63179
 0 0.631792
 0 0.631792
 0 0.631792
 0 0.631792
 0 0.631817
 0 0.631817
 0 0.631818
 0 0.631834
 0 0.631852
 0 0.631852
 0 0.631853
 0 0.631853
 0 0.631864
 0 0.63187
 0 0.631873
 0 0.631876
 0 0.631876
 0 0.631985
 0 0.631985
 0 0.631991
 0 0.632082
 0 0.632084
 0 0.632099
 0 0.632099
 0 0.632099
 0 0.632136
 0 0.632136
 0 0.632137
 0 0.632137
 0 0.632162
 0 0.632165
 0 0.632204
 0 0.632204
 0 0.632208
 0 0.632209
 0 0.632209
 0 0.632231
 0 0.632231
 0 0.632232
 0 0.632232
 0 0.632285
 0 0.632286
 0 0.632286
 0 0.632286
 0 0.632289
 0 0.632289
 0 0.632325
 0 0.632325
 0 0.632334
 0 0.632334
 0 0.632334
 0 0.632357
 0 0.632358
 0 0.632364
 0 0.632365
 0 0.632365
 0 0.632365
 0 0.63241
 0 0.63241
 0 0.632413
 0 0.632419
 0 0.63242
 0 0.63242
 0 0.632428
 0 0.632428
 0 0.632429
 0 0.632429
 0 0.632437
 0 0.632439
 0 0.632461
 0 0.632461
 0 0.632462
 0 0.632463
 0 0.632463
 0 0.632463
 0 0.63252
 0 0.63252
 0 0.63252
 0 0.632521
 0 0.632533
 0 0.63254
 0 0.632542
 0 0.632542
 0 0.632543
 0 0.632543
 0 0.632563
 0 0.632563
 0 0.632564
 0 0.632577
 0 0.632577
 0 0.632578
 0 0.632616
 0 0.632618
 0 0.632618
 0 0.632619
 0 0.632619
 0 0.632619
 0 0.632619
 0 0.632621
 0 0.632622
 0 0.63263
 0 0.63263
 0 0.632639
 0 0.632649
 0 0.632649
 0 0.632662
 0 0.632665
 0 0.632666
 0 0.632681
 0 0.632681
 0 0.632682
 0 0.632684
 0 0.632684
 0 0.632687
 0 0.632688
 0 0.632714
 0 0.632714
 0 0.632715
 0 0.632715
 0 0.632716
 0 0.632717
 0 0.632732
 0 0.632756
 0 0.632757
 0 0.632775
 0 0.632781
 0 0.632823
 0 0.632825
 0 0.632825
 0 0.632836
 0 0.632836
 0 0.632837
 0 0.632867
 0 0.632868
 0 0.632884
 0 0.632893
 0 0.632901
 0 0.632901
 0 0.632901
 0 0.632901
 0 0.632902
 0 0.632927
 0 0.632929
 0 0.632943
 0 0.632946
 0 0.632947
 0 0.632947
 0 0.632947
 0 0.632949
 0 0.63295
 0 0.63295
 0 0.63299
 0 0.63299
 0 0.633012
 0 0.633012
 0 0.633014
 0 0.633018
 0 0.633018
 0 0.633021
 0 0.633022
 0 0.633022
 0 0.633025
 0 0.633058
 0 0.633059
 0 0.63306
 0 0.633063
 0 0.633063
 0 0.633064
 0 0.633064
 0 0.63308
 0 0.63308
 0 0.633098
 0 0.633099
 0 0.633107
 0 0.633107
 0 0.633108
 0 0.633108
 0 0.633108
 0 0.633109
 0 0.633138
 0 0.633138
 0 0.633138
 0 0.633147
 0 0.633178
 0 0.633179
 0 0.633191
 0 0.633199
 0 0.6332
 0 0.633239
 0 0.633255
 0 0.633255
 0 0.633263
 0 0.633264
 0 0.633265
 0 0.633271
 0 0.633271
 0 0.633282
 0 0.633282
 0 0.633282
 0 0.633284
 0 0.633285
 0 0.633285
 0 0.633291
 0 0.633291
 0 0.6333
 0 0.633321
 0 0.633322
 0 0.633322
 0 0.633322
 0 0.633325
 0 0.633325
 0 0.633328
 0 0.633335
 0 0.633336
 0 0.633336
 0 0.633337
 0 0.633346
 0 0.633346
 0 0.633347
 0 0.633355
 0 0.633364
 0 0.633371
 0 0.633374
 0 0.633374
 0 0.633376
 0 0.633376
 0 0.633377
 0 0.633379
 0 0.63338
 0 0.633381
 0 0.633387
 0 0.633391
 0 0.633393
 0 0.633395
 0 0.633395
 0 0.633397
 0 0.633397
 0 0.633398
 0 0.6334
 0 0.6334
 0 0.633421
 0 0.633421
 0 0.633421
 0 0.633429
 0 0.633429
 0 0.63343
 0 0.633452
 0 0.633452
 0 0.633489
 0 0.633492
 0 0.633492
 0 0.633492
 0 0.633524
 0 0.633524
 0 0.633525
 0 0.633527
 0 0.633528
 0 0.633531
 0 0.633533
 0 0.633564
 0 0.633564
 0 0.633564
 0 0.63361
 0 0.633614
 0 0.633616
 0 0.633627
 0 0.633627
 0 0.633634
 0 0.633639
 0 0.633639
 0 0.633656
 0 0.633658
 0 0.633658
 0 0.633659
 0 0.633659
 0 0.633666
 0 0.633668
 0 0.633669
 0 0.63368
 0 0.633688
 0 0.633688
 0 0.633694
 0 0.633698
 0 0.633709
 0 0.633709
 0 0.63371
 0 0.63371
 0 0.633717
 0 0.633717
 0 0.633744
 0 0.633747
 0 0.633753
 0 0.633755
 0 0.633777
 0 0.633777
 0 0.633779
 0 0.633783
 0 0.633783
 0 0.633783
 0 0.63381
 0 0.633812
 0 0.633812
 0 0.633817
 0 0.633829
 0 0.633829
 0 0.633829
 0 0.633829
 0 0.63383
 0 0.63383
 0 0.633846
 0 0.633847
 0 0.633859
 0 0.633863
 0 0.633868
 0 0.633871
 0 0.633891
 0 0.633944
 0 0.633944
 0 0.633945
 0 0.633945
 0 0.633959
 0 0.633962
 0 0.633963
 0 0.634008
 0 0.634042
 0 0.634042
 0 0.634042
 0 0.634042
 0 0.634043
 0 0.634044
 0 0.634044
 0 0.634058
 0 0.634062
 0 0.634062
 0 0.634062
 0 0.634063
 0 0.634068
 0 0.634068
 0 0.634068
 0 0.63407
 0 0.634088
 0 0.634088
 0 0.634089
 0 0.634093
 0 0.634094
 0 0.634103
 0 0.634105
 0 0.634105
 0 0.634107
 0 0.634107
 0 0.634107
 0 0.634107
 0 0.634117
 0 0.634119
 0 0.634126
 0 0.634146
 0 0.634147
 0 0.634149
 0 0.634149
 0 0.63415
 0 0.63415
 0 0.634152
 0 0.634157
 0 0.634165
 0 0.634166
 0 0.634166
 0 0.634167
 0 0.634167
 0 0.634169
 0 0.634188
 0 0.634192
 0 0.634199
 0 0.6342
 0 0.634212
 0 0.634214
 0 0.634215
 0 0.63424
 0 0.634257
 0 0.634257
 0 0.634264
 0 0.634265
 0 0.634265
 0 0.634278
 0 0.634278
 0 0.634278
 0 0.634278
 0 0.634285
 0 0.634286
 0 0.634289
 0 0.634297
 0 0.634297
 0 0.634297
 0 0.634298
 0 0.6343
 0 0.6343
 0 0.6343
 0 0.6343
 0 0.634303
 0 0.634306
 0 0.634306
 0 0.63431
 0 0.63431
 0 0.63431
 0 0.634311
 0 0.634322
 0 0.634339
 0 0.634351
 0 0.634354
 0 0.634367
 0 0.634367
 0 0.634368
 0 0.634371
 0 0.634371
 0 0.634383
 0 0.634383
 0 0.634383
 0 0.634394
 0 0.634395
 0 0.634395
 0 0.634398
 0 0.634398
 0 0.634398
 0 0.634401
 0 0.634418
 0 0.63442
 0 0.634421
 0 0.634421
 0 0.634422
 0 0.63443
 0 0.634434
 0 0.634436
 0 0.634462
 0 0.634487
 0 0.634494
 0 0.634494
 0 0.634495
 0 0.634495
 0 0.634515
 0 0.634515
 0 0.634516
 0 0.634521
 0 0.634521
 0 0.634523
 0 0.634527
 0 0.634527
 0 0.634529
 0 0.634529
 0 0.634555
 0 0.634556
 0 0.634561
 0 0.634561
 0 0.634561
 0 0.634562
 0 0.634604
 0 0.634604
 0 0.634604
 0 0.634613
 0 0.634614
 0 0.634642
 0 0.634644
 0 0.634644
 0 0.634644
 0 0.634645
 0 0.634645
 0 0.634663
 0 0.634663
 0 0.634685
 0 0.634687
 0 0.634687
 0 0.634691
 0 0.634692
 0 0.634692
 0 0.634692
 0 0.634705
 0 0.63471
 0 0.63471
 0 0.634722
 0 0.634722
 0 0.634723
 0 0.634723
 0 0.634724
 0 0.634725
 0 0.634725
 0 0.634725
 0 0.634736
 0 0.634736
 0 0.634738
 0 0.63474
 0 0.63474
 0 0.634745
 0 0.634746
 0 0.634747
 0 0.634751
 0 0.634765
 0 0.634777
 0 0.634786
 0 0.634786
 0 0.634787
 0 0.634804
 0 0.63482
 0 0.634823
 0 0.634823
 0 0.634839
 0 0.634839
 0 0.634843
 0 0.634843
 0 0.634843
 0 0.634868
 0 0.634868
 0 0.634868
 0 0.634875
 0 0.634876
 0 0.634876
 0 0.634878
 0 0.634879
 0 0.634879
 0 0.634879
 0 0.634881
 0 0.634882
 0 0.634883
 0 0.634894
 0 0.634895
 0 0.634896
 0 0.634899
 0 0.634906
 0 0.634907
 0 0.634908
 0 0.634911
 0 0.634911
 0 0.634911
 0 0.634922
 0 0.634922
 0 0.634959
 0 0.634966
 0 0.634966
 0 0.634976
 0 0.634976
 0 0.634978
 0 0.634978
 0 0.634984
 0 0.634987
 0 0.634991
 0 0.634995
 0 0.634996
 0 0.634996
 0 0.634997
 0 0.634997
 0 0.635
 0 0.635
 0 0.635
 0 0.635006
 0 0.635006
 0 0.635006
 0 0.635006
 0 0.635007
 0 0.635012
 0 0.635015
 0 0.635033
 0 0.635034
 0 0.635037
 0 0.63504
 0 0.635044
 0 0.635044
 0 0.63505
 0 0.635052
 0 0.635052
 0 0.635055
 0 0.635056
 0 0.635058
 0 0.635059
 0 0.635066
 0 0.635068
 0 0.635082
 0 0.635092
 0 0.635092
 0 0.635096
 0 0.635096
 0 0.635098
 0 0.635098
 0 0.635103
 0 0.635107
 0 0.635107
 0 0.635108
 0 0.635133
 0 0.635133
 0 0.635133
 0 0.635145
 0 0.635145
 0 0.635145
 0 0.635146
 0 0.635149
 0 0.635149
 0 0.635152
 0 0.635154
 0 0.635155
 0 0.635155
 0 0.635157
 0 0.635161
 0 0.635161
 0 0.635162
 0 0.635163
 0 0.635163
 0 0.635163
 0 0.635177
 0 0.635182
 0 0.635183
 0 0.635184
 0 0.635185
 0 0.635201
 0 0.635202
 0 0.635222
 0 0.635238
 0 0.635239
 0 0.635239
 0 0.63524
 0 0.63524
 0 0.635241
 0 0.635241
 0 0.635243
 0 0.635267
 0 0.635268
 0 0.635268
 0 0.635272
 0 0.635272
 0 0.635279
 0 0.635279
 0 0.6353
 0 0.635301
 0 0.635303
 0 0.635306
 0 0.635306
 0 0.635306
 0 0.635311
 0 0.635328
 0 0.635331
 0 0.635333
 0 0.635333
 0 0.635333
 0 0.635334
 0 0.635335
 0 0.635335
 0 0.635375
 0 0.635375
 0 0.635399
 0 0.635399
 0 0.635401
 0 0.635406
 0 0.635409
 0 0.635409
 0 0.635413
 0 0.635413
 0 0.635421
 0 0.635423
 0 0.635441
 0 0.635457
 0 0.63546
 0 0.635472
 0 0.635473
 0 0.635511
 0 0.635514
 0 0.635517
 0 0.635517
 0 0.635518
 0 0.635518
 0 0.635518
 0 0.635519
 0 0.635519
 0 0.635519
 0 0.63552
 0 0.635526
 0 0.635526
 0 0.635575
 0 0.635579
 0 0.63558
 0 0.63558
 0 0.63558
 0 0.635584
 0 0.635587
 0 0.635587
 0 0.635609
 0 0.635627
 0 0.635627
 0 0.635627
 0 0.635631
 0 0.635631
 0 0.635636
 0 0.635636
 0 0.635651
 0 0.635664
 0 0.635671
 0 0.635678
 0 0.635683
 0 0.635684
 0 0.635687
 0 0.635688
 0 0.635688
 0 0.635688
 0 0.635688
 0 0.63569
 0 0.635707
 0 0.63572
 0 0.63572
 0 0.635737
 0 0.635751
 0 0.635753
 0 0.635763
 0 0.635763
 0 0.635779
 0 0.635787
 0 0.635805
 0 0.635809
 0 0.635812
 0 0.635812
 0 0.635819
 0 0.635841
 0 0.635851
 0 0.635859
 0 0.63586
 0 0.635866
 0 0.635875
 0 0.635875
 0 0.635875
 0 0.635888
 0 0.635908
 0 0.63591
 0 0.635916
 0 0.635916
 0 0.63592
 0 0.63592
 0 0.635932
 0 0.635936
 0 0.635941
 0 0.635941
 0 0.635941
 0 0.635944
 0 0.635944
 0 0.63595
 0 0.635953
 0 0.635954
 0 0.635963
 0 0.635963
 0 0.635967
 0 0.635969
 0 0.635972
 0 0.635972
 0 0.635973
 0 0.635975
 0 0.635976
 0 0.635979
 0 0.635979
 0 0.63598
 0 0.63598
 0 0.636007
 0 0.636022
 0 0.636023
 0 0.636024
 0 0.636025
 0 0.636026
 0 0.636027
 0 0.636027
 0 0.636028
 0 0.636031
 0 0.636035
 0 0.636036
 0 0.636071
 0 0.636096
 0 0.636117
 0 0.636118
 0 0.636125
 0 0.636136
 0 0.636145
 0 0.636145
 0 0.636153
 0 0.636166
 0 0.636216
 0 0.636245
 0 0.636246
 0 0.636246
 0 0.636265
 0 0.636266
 0 0.636267
 0 0.63627
 0 0.636272
 0 0.636272
 0 0.636291
 0 0.636306
 0 0.636306
 0 0.636322
 0 0.636328
 0 0.636338
 0 0.636338
 0 0.636347
 0 0.636369
 0 0.636381
 0 0.636382
 0 0.636382
 0 0.636382
 0 0.636399
 0 0.636418
 0 0.636418
 0 0.636418
 0 0.636435
 0 0.636435
 0 0.636438
 0 0.636448
 0 0.636449
 0 0.636468
 0 0.636469
 0 0.636469
 0 0.636471
 0 0.636479
 0 0.63648
 0 0.636485
 0 0.636485
 0 0.636485
 0 0.636501
 0 0.636501
 0 0.636503
 0 0.63651
 0 0.636563
 0 0.636586
 0 0.636586
 0 0.636586
 0 0.636586
 0 0.636588
 0 0.636604
 0 0.636606
 0 0.636606
 0 0.636615
 0 0.636615
 0 0.636615
 0 0.636615
 0 0.636633
 0 0.636634
 0 0.636634
 0 0.636667
 0 0.636669
 0 0.636669
 0 0.636671
 0 0.636671
 0 0.636674
 0 0.636698
 0 0.636699
 0 0.636699
 0 0.636725
 0 0.636725
 0 0.636725
 0 0.636732
 0 0.636734
 0 0.636742
 0 0.636742
 0 0.636743
 0 0.636749
 0 0.636749
 0 0.636749
 0 0.63675
 0 0.63675
 0 0.63675
 0 0.636752
 0 0.636752
 0 0.636768
 0 0.636793
 0 0.636793
 0 0.636799
 0 0.636811
 0 0.636812
 0 0.636833
 0 0.636836
 0 0.636836
 0 0.636836
 0 0.636848
 0 0.636851
 0 0.636858
 0 0.636858
 0 0.636858
 0 0.636873
 0 0.636899
 0 0.636912
 0 0.636941
 0 0.637023
 0 0.637024
 0 0.637034
 0 0.637058
 0 0.637062
 0 0.637075
 0 0.637082
 0 0.637135
 0 0.637135
 0 0.637135
 0 0.637192
 0 0.637223
 0 0.637232
 0 0.637233
 0 0.63724
 0 0.63724
 0 0.637251
 0 0.637254
 0 0.637289
 0 0.63729
 0 0.63729
 0 0.637303
 0 0.637317
 0 0.637318
 0 0.637318
 0 0.637318
 0 0.637334
 0 0.637334
 0 0.637336
 0 0.637403
 0 0.637404
 0 0.637407
 0 0.637425
 0 0.637427
 0 0.637427
 0 0.637427
 0 0.637428
 0 0.637435
 0 0.637447
 0 0.637453
 0 0.637454
 0 0.63748
 0 0.63748
 0 0.637496
 0 0.637496
 0 0.6375
 0 0.6375
 0 0.637522
 0 0.637522
 0 0.637522
 0 0.637523
 0 0.637539
 0 0.63754
 0 0.63754
 0 0.637589
 0 0.637604
 0 0.637623
 0 0.637623
 0 0.637623
 0 0.637641
 0 0.637643
 0 0.637661
 0 0.637661
 0 0.637724
 0 0.637724
 0 0.637725
 0 0.637746
 0 0.637764
 0 0.637764
 0 0.637769
 0 0.637769
 0 0.637783
 0 0.637783
 0 0.6378
 0 0.6378
 0 0.637801
 0 0.637801
 0 0.63781
 0 0.637871
 0 0.637886
 0 0.637886
 0 0.63798
 0 0.638229
 0 0.638261
 0 0.638263
 0 0.638283
 0 0.638357
 0 0.638357
 0 0.638394
 0 0.638395
 0 0.638464
 0 0.638593
 0 0.638593
 0 0.63866
 0 0.638773
 0 0.638773
 0 0.638773
 0 0.638773
 0 0.638816
 0 0.638816
 0 0.638818
 0 0.638822
 0 0.63883
 0 0.63883
 0 0.638891
 0 0.638891
 0 0.638982
 0 0.639006
 0 0.639007
 0 0.639007
 0 0.639019
 0 0.639043
 0 0.639119
 0 0.639119
 0 0.639382
 0 0.63956
 0 0.63956
 0 0.63956
 0 0.639729
 0 0.639776
 0 0.639776
 0 0.639779
 0 0.639886
 0 0.639886
 0 0.639992
 0 0.639992
 0 0.640881
 0 0.640881
 0 0.641321
 0 0.641742
 0 0.641744
 0 0.642026
 0 1.65128
 0 2.9748
 0 3.6685
 0 3.66896
 0 3.66984
 0 3.66985
 0 inf
