 0 0.501059
 0 0.50106
 0 0.501591
 0 0.501747
 0 0.501747
 0 0.501747
 0 0.622412
 0 0.622414
 0 0.622904
 0 0.622904
 0 0.622905
 0 0.623511
 0 0.627044
 0 0.627046
 0 0.627047
 0 0.627276
 0 0.627666
 0 0.627667
 0 0.627673
 0 0.627867
 0 0.627868
 0 0.627869
 0 0.628032
 0 0.628303
 0 0.628306
 0 0.628313
 0 0.628453
 0 0.628453
 0 0.628566
 0 0.628566
 0 0.628572
 0 0.628572
 0 0.628573
 0 0.628574
 0 0.628574
 0 0.628668
 0 0.628695
 0 0.628695
 0 0.628715
 0 0.628715
 0 0.628717
 0 0.628718
 0 0.628733
 0 0.628744
 0 0.628744
 0 0.628746
 0 0.628747
 0 0.628788
 0 0.628815
 0 0.62885
 0 0.62885
 0 0.628851
 0 0.628863
 0 0.628863
 0 0.628882
 0 0.62891
 0 0.62891
 0 0.628914
 0 0.628942
 0 0.628943
 0 0.628944
 0 0.629015
 0 0.629017
 0 0.629017
 0 0.629048
 0 0.629048
 0 0.629096
 0 0.629132
 0 0.629223
 0 0.629223
 0 0.629225
 0 0.629225
 0 0.629226
 0 0.629256
 0 0.629256
 0 0.629286
 0 0.629286
 0 0.629286
 0 0.629286
 0 0.629288
 0 0.629288
 0 0.629291
 0 0.629291
 0 0.629293
 0 0.629309
 0 0.629361
 0 0.629382
 0 0.629404
 0 0.629414
 0 0.629427
 0 0.629427
 0 0.629429
 0 0.629435
 0 0.629437
 0 0.629484
 0 0.629493
 0 0.629511
 0 0.629511
 0 0.629511
 0 0.629512
 0 0.629556
 0 0.629556
 0 0.629575
 0 0.629575
 0 0.629585
 0 0.629586
 0 0.629635
 0 0.629679
 0 0.62969
 0 0.629745
 0 0.629807
 0 0.629822
 0 0.629847
 0 0.629853
 0 0.629932
 0 0.629932
 0 0.63
 0 0.630041
 0 0.630063
 0 0.630063
 0 0.630063
 0 0.630063
 0 0.630087
 0 0.630087
 0 0.630088
 0 0.630089
 0 0.630089
 0 0.630113
 0 0.630125
 0 0.630126
 0 0.630126
 0 0.630128
 0 0.630156
 0 0.630156
 0 0.63024
 0 0.63024
 0 0.630245
 0 0.630245
 0 0.630245
 0 0.630245
 0 0.630274
 0 0.6304
 0 0.630401
 0 0.630401
 0 0.630401
 0 0.630407
 0 0.630407
 0 0.630408
 0 0.63043
 0 0.630435
 0 0.630436
 0 0.63044
 0 0.630461
 0 0.630464
 0 0.630477
 0 0.630513
 0 0.630513
 0 0.630571
 0 0.630571
 0 0.630602
 0 0.630602
 0 0.630717
 0 0.630719
 0 0.630744
 0 0.630774
 0 0.630775
 0 0.630791
 0 0.630835
 0 0.630835
 0 0.630857
 0 0.63086
 0 0.630861
 0 0.630863
 0 0.630869
 0 0.63087
 0 0.63087
 0 0.630913
 0 0.630913
 0 0.630913
 0 0.630917
 0 0.630925
 0 0.630925
 0 0.630928
 0 0.630931
 0 0.630931
 0 0.630931
 0 0.630964
 0 0.631011
 0 0.631019
 0 0.63102
 0 0.63102
 0 0.631038
 0 0.63104
 0 0.631055
 0 0.631065
 0 0.631065
 0 0.631085
 0 0.631085
 0 0.631086
 0 0.631088
 0 0.63111
 0 0.631111
 0 0.631116
 0 0.631133
 0 0.631169
 0 0.63117
 0 0.63117
 0 0.63117
 0 0.631171
 0 0.631197
 0 0.6312
 0 0.6312
 0 0.6312
 0 0.631212
 0 0.631216
 0 0.631284
 0 0.631284
 0 0.631293
 0 0.631293
 0 0.631308
 0 0.631338
 0 0.631338
 0 0.631345
 0 0.631347
 0 0.631349
 0 0.631395
 0 0.631395
 0 0.631401
 0 0.631413
 0 0.631414
 0 0.631441
 0 0.631453
 0 0.631453
 0 0.631453
 0 0.631453
 0 0.631466
 0 0.631471
 0 0.631485
 0 0.631485
 0 0.631485
 0 0.631513
 0 0.631513
 0 0.631519
 0 0.63152
 0 0.631521
 0 0.631521
 0 0.631522
 0 0.631538
 0 0.631538
 0 0.631567
 0 0.631567
 0 0.631621
 0 0.631621
 0 0.631621
 0 0.631622
 0 0.631623
 0 0.63164
 0 0.631643
 0 0.631643
 0 0.631655
 0 0.631664
 0 0.631665
 0 0.631667
 0 0.631673
 0 0.631674
 0 0.631711
 0 0.631711
 0 0.631713
 0 0.631717
 0 0.631726
 0 0.631736
 0 0.631742
 0 0.631742
 0 0.631742
 0 0.631742
 0 0.631745
 0 0.631745
 0 0.631745
 0 0.631768
 0 0.631781
 0 0.631811
 0 0.631811
 0 0.631818
 0 0.631819
 0 0.631819
 0 0.631847
 0 0.631848
 0 0.631861
 0 0.631863
 0 0.631863
 0 0.631864
 0 0.631878
 0 0.631902
 0 0.631902
 0 0.631925
 0 0.631927
 0 0.631954
 0 0.631954
 0 0.631954
 0 0.631957
 0 0.631963
 0 0.631963
 0 0.631963
 0 0.631969
 0 0.631969
 0 0.631969
 0 0.631974
 0 0.631976
 0 0.631992
 0 0.631994
 0 0.632014
 0 0.632019
 0 0.63202
 0 0.632025
 0 0.632026
 0 0.632026
 0 0.632026
 0 0.632065
 0 0.632066
 0 0.632074
 0 0.632108
 0 0.632108
 0 0.632127
 0 0.632127
 0 0.632135
 0 0.632136
 0 0.632141
 0 0.632141
 0 0.632143
 0 0.632151
 0 0.632152
 0 0.632152
 0 0.632152
 0 0.632155
 0 0.632155
 0 0.632156
 0 0.632203
 0 0.632204
 0 0.632208
 0 0.632209
 0 0.632209
 0 0.632217
 0 0.632224
 0 0.632249
 0 0.632265
 0 0.632268
 0 0.632287
 0 0.632295
 0 0.632296
 0 0.632296
 0 0.632304
 0 0.632305
 0 0.632305
 0 0.632309
 0 0.632323
 0 0.632324
 0 0.632345
 0 0.632345
 0 0.632345
 0 0.632345
 0 0.63235
 0 0.63235
 0 0.632371
 0 0.632371
 0 0.632381
 0 0.632392
 0 0.632399
 0 0.632407
 0 0.632407
 0 0.632407
 0 0.632413
 0 0.632426
 0 0.632445
 0 0.632452
 0 0.632452
 0 0.632452
 0 0.632466
 0 0.632466
 0 0.632466
 0 0.632466
 0 0.632467
 0 0.632467
 0 0.632467
 0 0.632467
 0 0.632517
 0 0.632522
 0 0.63254
 0 0.632541
 0 0.632557
 0 0.632558
 0 0.63257
 0 0.632571
 0 0.63258
 0 0.632581
 0 0.632597
 0 0.632603
 0 0.632603
 0 0.632605
 0 0.632605
 0 0.632605
 0 0.632605
 0 0.632609
 0 0.632652
 0 0.632652
 0 0.632662
 0 0.632662
 0 0.632665
 0 0.632667
 0 0.632677
 0 0.632677
 0 0.632679
 0 0.632679
 0 0.632679
 0 0.632682
 0 0.6327
 0 0.632707
 0 0.632707
 0 0.632707
 0 0.632707
 0 0.632707
 0 0.63271
 0 0.632711
 0 0.632711
 0 0.632712
 0 0.632713
 0 0.632715
 0 0.632717
 0 0.632729
 0 0.632748
 0 0.632764
 0 0.632764
 0 0.632768
 0 0.632768
 0 0.632803
 0 0.632817
 0 0.632818
 0 0.632818
 0 0.632818
 0 0.632818
 0 0.632836
 0 0.632837
 0 0.632842
 0 0.632842
 0 0.632846
 0 0.632852
 0 0.632855
 0 0.632873
 0 0.632874
 0 0.632874
 0 0.632875
 0 0.632895
 0 0.632895
 0 0.632936
 0 0.632937
 0 0.632937
 0 0.632953
 0 0.632954
 0 0.632954
 0 0.632954
 0 0.632979
 0 0.632979
 0 0.632981
 0 0.632981
 0 0.632987
 0 0.633003
 0 0.633003
 0 0.633007
 0 0.633007
 0 0.633007
 0 0.633015
 0 0.633022
 0 0.633024
 0 0.633025
 0 0.633026
 0 0.633027
 0 0.63304
 0 0.633042
 0 0.633045
 0 0.633051
 0 0.633052
 0 0.633064
 0 0.633087
 0 0.633104
 0 0.633105
 0 0.633125
 0 0.633128
 0 0.633146
 0 0.633147
 0 0.633147
 0 0.633153
 0 0.633161
 0 0.633168
 0 0.633168
 0 0.633168
 0 0.633191
 0 0.633199
 0 0.633203
 0 0.633204
 0 0.633205
 0 0.633207
 0 0.633209
 0 0.63321
 0 0.633211
 0 0.633217
 0 0.633221
 0 0.633224
 0 0.633231
 0 0.633236
 0 0.633238
 0 0.633238
 0 0.633244
 0 0.633244
 0 0.633244
 0 0.633266
 0 0.63327
 0 0.63327
 0 0.633279
 0 0.633309
 0 0.63331
 0 0.63331
 0 0.633317
 0 0.633325
 0 0.633327
 0 0.633327
 0 0.633338
 0 0.633338
 0 0.633338
 0 0.633342
 0 0.633342
 0 0.633346
 0 0.633346
 0 0.633348
 0 0.633351
 0 0.633397
 0 0.633399
 0 0.6334
 0 0.633414
 0 0.633419
 0 0.633419
 0 0.633423
 0 0.633423
 0 0.633424
 0 0.633427
 0 0.633431
 0 0.63344
 0 0.633442
 0 0.633442
 0 0.63346
 0 0.633471
 0 0.633471
 0 0.633472
 0 0.633482
 0 0.633482
 0 0.633482
 0 0.633482
 0 0.633488
 0 0.633493
 0 0.633494
 0 0.633496
 0 0.633496
 0 0.63351
 0 0.63351
 0 0.633513
 0 0.633513
 0 0.63352
 0 0.633524
 0 0.633525
 0 0.633525
 0 0.633526
 0 0.633541
 0 0.633541
 0 0.633549
 0 0.633557
 0 0.633557
 0 0.633585
 0 0.633585
 0 0.633585
 0 0.633617
 0 0.633617
 0 0.633619
 0 0.633622
 0 0.633623
 0 0.633623
 0 0.633625
 0 0.633625
 0 0.633631
 0 0.633644
 0 0.633644
 0 0.633652
 0 0.633652
 0 0.633664
 0 0.633672
 0 0.633672
 0 0.633685
 0 0.633685
 0 0.633716
 0 0.633716
 0 0.633717
 0 0.633717
 0 0.633734
 0 0.633737
 0 0.633742
 0 0.633742
 0 0.633743
 0 0.633759
 0 0.63376
 0 0.633767
 0 0.633784
 0 0.633786
 0 0.633786
 0 0.633793
 0 0.633806
 0 0.633812
 0 0.633813
 0 0.633813
 0 0.633818
 0 0.633821
 0 0.633821
 0 0.633821
 0 0.633834
 0 0.633835
 0 0.633837
 0 0.633837
 0 0.633837
 0 0.633838
 0 0.633846
 0 0.633846
 0 0.633847
 0 0.633848
 0 0.633848
 0 0.633854
 0 0.633855
 0 0.633856
 0 0.633856
 0 0.633862
 0 0.633862
 0 0.633868
 0 0.633877
 0 0.633904
 0 0.633916
 0 0.633916
 0 0.633926
 0 0.633926
 0 0.633927
 0 0.633927
 0 0.633927
 0 0.633928
 0 0.633928
 0 0.633936
 0 0.633936
 0 0.633945
 0 0.633953
 0 0.633953
 0 0.633955
 0 0.633982
 0 0.633982
 0 0.633983
 0 0.633991
 0 0.633991
 0 0.633991
 0 0.634
 0 0.634
 0 0.634002
 0 0.634002
 0 0.634005
 0 0.634008
 0 0.634008
 0 0.634022
 0 0.634035
 0 0.634038
 0 0.634039
 0 0.634039
 0 0.634045
 0 0.634054
 0 0.634054
 0 0.634065
 0 0.634073
 0 0.634096
 0 0.634097
 0 0.634122
 0 0.634125
 0 0.634125
 0 0.634125
 0 0.634136
 0 0.634136
 0 0.634144
 0 0.634144
 0 0.634144
 0 0.634146
 0 0.634146
 0 0.634147
 0 0.634148
 0 0.634153
 0 0.634153
 0 0.634153
 0 0.634158
 0 0.634165
 0 0.634165
 0 0.634166
 0 0.634172
 0 0.634188
 0 0.634188
 0 0.634192
 0 0.634192
 0 0.634197
 0 0.634213
 0 0.634213
 0 0.634217
 0 0.634219
 0 0.634235
 0 0.634238
 0 0.63424
 0 0.63424
 0 0.634241
 0 0.634243
 0 0.634243
 0 0.634244
 0 0.634246
 0 0.634281
 0 0.634281
 0 0.634285
 0 0.634285
 0 0.634295
 0 0.634303
 0 0.634303
 0 0.634304
 0 0.634304
 0 0.634304
 0 0.634305
 0 0.634305
 0 0.634305
 0 0.634305
 0 0.634322
 0 0.634322
 0 0.634348
 0 0.634348
 0 0.634348
 0 0.63436
 0 0.634384
 0 0.634385
 0 0.634385
 0 0.634386
 0 0.634386
 0 0.634392
 0 0.634409
 0 0.634409
 0 0.634432
 0 0.634433
 0 0.634435
 0 0.634436
 0 0.634436
 0 0.634437
 0 0.634437
 0 0.634439
 0 0.634474
 0 0.634476
 0 0.634477
 0 0.634495
 0 0.634495
 0 0.634499
 0 0.634499
 0 0.634503
 0 0.634505
 0 0.634506
 0 0.634506
 0 0.634507
 0 0.634519
 0 0.634546
 0 0.634569
 0 0.634569
 0 0.634572
 0 0.634572
 0 0.634598
 0 0.634599
 0 0.6346
 0 0.6346
 0 0.6346
 0 0.6346
 0 0.6346
 0 0.6346
 0 0.6346
 0 0.6346
 0 0.634601
 0 0.634601
 0 0.634601
 0 0.634609
 0 0.634613
 0 0.634616
 0 0.634616
 0 0.634619
 0 0.634619
 0 0.634632
 0 0.634632
 0 0.634662
 0 0.634669
 0 0.634669
 0 0.63467
 0 0.634681
 0 0.634681
 0 0.634682
 0 0.634712
 0 0.634713
 0 0.634719
 0 0.634719
 0 0.63472
 0 0.634732
 0 0.634743
 0 0.63477
 0 0.634774
 0 0.634796
 0 0.634798
 0 0.634798
 0 0.634798
 0 0.634799
 0 0.634807
 0 0.634808
 0 0.63481
 0 0.634811
 0 0.634811
 0 0.634811
 0 0.634811
 0 0.634812
 0 0.634812
 0 0.634815
 0 0.634815
 0 0.634815
 0 0.634818
 0 0.634834
 0 0.634834
 0 0.634834
 0 0.634838
 0 0.634839
 0 0.63484
 0 0.634847
 0 0.634847
 0 0.634847
 0 0.634854
 0 0.634854
 0 0.634855
 0 0.634855
 0 0.634858
 0 0.634861
 0 0.634861
 0 0.634864
 0 0.63487
 0 0.63487
 0 0.63487
 0 0.63487
 0 0.634886
 0 0.634887
 0 0.63489
 0 0.63489
 0 0.63489
 0 0.634909
 0 0.63491
 0 0.634937
 0 0.634937
 0 0.634937
 0 0.634943
 0 0.634943
 0 0.634944
 0 0.634959
 0 0.634969
 0 0.635012
 0 0.635015
 0 0.63502
 0 0.63502
 0 0.635032
 0 0.635032
 0 0.635038
 0 0.635054
 0 0.635054
 0 0.635061
 0 0.635062
 0 0.635063
 0 0.635071
 0 0.635074
 0 0.635074
 0 0.635092
 0 0.635096
 0 0.635102
 0 0.635102
 0 0.635105
 0 0.635105
 0 0.635115
 0 0.635115
 0 0.635119
 0 0.63512
 0 0.635132
 0 0.635136
 0 0.635136
 0 0.635136
 0 0.63515
 0 0.635153
 0 0.635153
 0 0.635161
 0 0.635165
 0 0.635165
 0 0.635178
 0 0.635187
 0 0.635187
 0 0.635192
 0 0.635192
 0 0.635192
 0 0.635197
 0 0.635197
 0 0.635248
 0 0.63525
 0 0.635259
 0 0.635272
 0 0.635284
 0 0.635284
 0 0.635309
 0 0.63531
 0 0.635315
 0 0.635318
 0 0.635318
 0 0.635318
 0 0.635337
 0 0.63534
 0 0.63534
 0 0.635341
 0 0.635341
 0 0.635343
 0 0.635344
 0 0.635344
 0 0.635347
 0 0.635348
 0 0.635353
 0 0.635353
 0 0.635354
 0 0.635354
 0 0.635387
 0 0.635389
 0 0.635389
 0 0.63539
 0 0.635431
 0 0.63547
 0 0.635495
 0 0.635506
 0 0.635506
 0 0.635526
 0 0.635532
 0 0.635539
 0 0.635546
 0 0.63557
 0 0.63557
 0 0.635571
 0 0.635571
 0 0.635581
 0 0.635583
 0 0.635595
 0 0.635596
 0 0.635596
 0 0.635596
 0 0.635597
 0 0.635602
 0 0.635603
 0 0.635604
 0 0.635616
 0 0.635637
 0 0.635637
 0 0.635637
 0 0.635662
 0 0.635662
 0 0.635662
 0 0.635667
 0 0.63567
 0 0.635697
 0 0.635711
 0 0.635769
 0 0.635769
 0 0.635804
 0 0.635813
 0 0.635815
 0 0.635815
 0 0.635815
 0 0.635816
 0 0.635816
 0 0.635826
 0 0.635826
 0 0.635841
 0 0.635843
 0 0.635853
 0 0.635853
 0 0.635887
 0 0.635887
 0 0.635888
 0 0.635888
 0 0.635888
 0 0.635889
 0 0.635889
 0 0.635893
 0 0.635918
 0 0.635919
 0 0.635921
 0 0.635939
 0 0.635957
 0 0.635967
 0 0.635967
 0 0.635967
 0 0.635968
 0 0.635999
 0 0.635999
 0 0.636008
 0 0.636042
 0 0.636042
 0 0.636043
 0 0.636058
 0 0.636058
 0 0.636095
 0 0.636103
 0 0.636129
 0 0.636145
 0 0.636145
 0 0.636145
 0 0.636147
 0 0.636147
 0 0.636151
 0 0.636152
 0 0.636153
 0 0.636224
 0 0.63624
 0 0.63624
 0 0.636249
 0 0.636249
 0 0.636297
 0 0.636297
 0 0.636297
 0 0.636314
 0 0.636314
 0 0.636317
 0 0.636319
 0 0.636338
 0 0.636404
 0 0.636419
 0 0.63642
 0 0.636437
 0 0.636447
 0 0.636447
 0 0.636455
 0 0.636455
 0 0.636455
 0 0.636455
 0 0.636467
 0 0.636469
 0 0.636469
 0 0.636476
 0 0.636479
 0 0.636479
 0 0.63651
 0 0.63651
 0 0.636511
 0 0.636513
 0 0.636513
 0 0.636537
 0 0.636538
 0 0.636538
 0 0.636545
 0 0.636549
 0 0.636565
 0 0.636565
 0 0.636586
 0 0.636586
 0 0.636587
 0 0.636588
 0 0.636639
 0 0.636639
 0 0.636639
 0 0.63664
 0 0.636652
 0 0.636653
 0 0.636658
 0 0.63666
 0 0.636661
 0 0.636661
 0 0.636676
 0 0.636676
 0 0.636676
 0 0.636676
 0 0.636717
 0 0.636719
 0 0.636719
 0 0.636725
 0 0.636742
 0 0.636751
 0 0.636764
 0 0.636766
 0 0.636767
 0 0.636772
 0 0.636832
 0 0.636832
 0 0.636832
 0 0.636854
 0 0.636858
 0 0.63686
 0 0.63686
 0 0.636875
 0 0.636877
 0 0.636895
 0 0.636895
 0 0.636903
 0 0.636903
 0 0.636954
 0 0.636968
 0 0.63697
 0 0.636982
 0 0.636982
 0 0.637037
 0 0.637038
 0 0.637117
 0 0.637117
 0 0.637118
 0 0.637133
 0 0.637142
 0 0.637142
 0 0.637145
 0 0.637145
 0 0.637145
 0 0.637148
 0 0.637157
 0 0.637171
 0 0.637172
 0 0.637173
 0 0.637192
 0 0.637192
 0 0.637197
 0 0.637214
 0 0.637214
 0 0.637217
 0 0.637238
 0 0.637238
 0 0.637268
 0 0.637268
 0 0.637268
 0 0.637272
 0 0.637274
 0 0.637289
 0 0.637329
 0 0.637408
 0 0.637408
 0 0.637408
 0 0.63741
 0 0.637411
 0 0.637411
 0 0.637486
 0 0.637487
 0 0.637487
 0 0.637487
 0 0.637487
 0 0.637487
 0 0.637566
 0 0.63759
 0 0.637634
 0 0.637635
 0 0.637635
 0 0.637694
 0 0.637694
 0 0.637717
 0 0.637717
 0 0.637731
 0 0.637733
 0 0.637734
 0 0.637735
 0 0.637782
 0 0.637782
 0 0.637882
 0 0.637883
 0 0.637883
 0 0.637966
 0 0.637966
 0 0.637967
 0 0.637981
 0 0.637981
 0 0.637984
 0 0.637989
 0 0.638008
 0 0.638018
 0 0.638018
 0 0.638091
 0 0.638091
 0 0.638093
 0 0.638111
 0 0.638113
 0 0.638114
 0 0.638168
 0 0.638336
 0 0.638354
 0 0.638354
 0 0.638356
 0 0.63838
 0 0.63838
 0 0.638384
 0 0.638384
 0 0.638384
 0 0.638411
 0 0.638438
 0 0.638438
 0 0.638456
 0 0.63847
 0 0.638472
 0 0.638509
 0 0.638524
 0 0.638525
 0 0.638525
 0 0.638557
 0 0.638615
 0 0.638615
 0 0.638616
 0 0.638627
 0 0.638627
 0 0.638628
 0 0.638628
 0 0.638651
 0 0.638736
 0 0.638737
 0 0.638775
 0 0.638777
 0 0.638953
 0 0.638955
 0 0.638994
 0 0.638994
 0 0.639056
 0 0.639068
 0 0.639136
 0 0.639146
 0 0.639147
 0 0.639147
 0 0.63942
 0 0.639495
 0 0.639609
 0 0.639609
 0 0.63961
 0 0.639611
 0 0.639611
 0 0.639696
 0 0.639735
 0 0.639829
 0 0.639927
 0 0.639927
 0 0.639927
 0 0.640262
 0 0.640521
 0 0.640521
 0 0.640655
 0 0.640705
 0 0.641017
 0 0.64102
 0 0.641654
 0 0.641941
 0 0.642107
 0 0.642107
 0 0.642394
 0 0.643239
 0 2.18402
 0 2.20048
 0 4.31125
 0 4.31125
 0 4.31173
 0 4.31212
 0 inf
