 14.5623 14.5993
 14.5552 14.7248
 8.35262 8.96984
 8.00173 8.29548
 7.66284 7.75952
 7.05929 7.26232
 6.91914 7.30122
 6.80034 7.17051
 6.79719 7.66869
 6.60734 7.72201
 6.55005 8.13196
 6.4768 7.23053
 6.4398 6.78711
 6.3458 6.70778
 5.98842 5.98959
 5.98657 6.19927
 5.81644 7.06359
 5.75438 5.78287
 5.63505 6.26226
 5.6199 5.73919
 5.45635 5.52979
 5.39484 5.58122
 5.30598 8.39742
 5.30079 5.36199
 5.25005 5.25077
 5.18692 5.1951
 5.17728 6.62803
 5.1373 5.15194
 5.10984 5.23719
 5.10037 5.16057
 5.09414 5.36338
 5.09376 5.12568
 5.08701 5.09519
 5.08217 5.11736
 5.078 5.11321
 5.07714 5.11366
 5.07565 5.11876
 4.94965 5.91802
 4.93412 4.93902
 4.88132 4.89197
 4.87905 4.91037
 4.86732 4.8761
 4.86658 4.89853
 4.86484 4.87664
 4.86213 4.87629
 4.8552 4.88593
 4.85001 4.8532
 4.84893 4.86544
 4.84738 4.86538
 4.84325 4.87631
 4.84267 4.87318
 4.83351 4.89608
 4.8327 4.84485
 4.8302 4.86774
 4.82888 4.8439
 4.82055 4.82969
 4.80706 4.81885
 4.7988 4.80743
 4.79333 4.79982
 4.79203 4.80177
 4.79135 4.80145
 4.78909 4.80486
 4.78849 4.809
 4.78728 4.80212
 4.78322 4.79344
 4.76751 4.77679
 4.75825 4.78405
 4.75677 8.16145
 4.75383 4.76976
 4.75115 4.75408
 4.74778 4.76061
 4.74741 4.76347
 4.7468 4.84077
 4.74478 4.75539
 4.73774 4.76843
 4.7351 4.74465
 4.72917 4.76449
 4.72788 4.76056
 4.72753 4.76493
 4.72503 4.7396
 4.7213 4.73135
 4.7205 4.72564
 4.71934 4.72299
 4.71657 4.72363
 4.71583 4.71899
 4.71438 4.7273
 4.7121 4.72995
 4.71134 4.72846
 4.70947 4.87336
 4.70814 4.71887
 4.70775 4.72763
 4.70683 4.71351
 4.70669 4.79912
 4.69901 4.70586
 4.69625 4.70635
 4.68886 4.69976
 4.68719 4.70073
 4.6853 4.815
 4.68204 4.69685
 4.68143 4.94306
 4.68094 4.6969
 4.68046 4.69689
 4.67117 7.96816
 4.66925 4.69293
 4.65709 4.7439
 4.65135 4.92318
 4.64389 4.65902
 4.64173 4.64248
 4.63941 4.64163
 4.63904 4.8888
 4.63265 8.68875
 4.60547 5.04532
 4.58721 9.67696
 4.52768 8.98021
 4.43452 4.90342
 4.36188 4.85951
 4.11275 5.87612
 4.09126 9.12801
 4.08164 8.77946
 3.9889 6.78424
 3.62188 9.2358
