 9.50149 9.57208
 9.00722 9.24074
 8.70531 9.03904
 8.15629 8.24851
 7.60765 7.67249
 7.56761 7.59328
 7.45591 7.50463
 7.39797 7.92076
 6.93312 6.95666
 6.80263 6.87357
 6.66341 6.8773
 6.5339 6.90064
 6.48715 6.87518
 6.47767 6.86169
 6.44125 6.44271
 6.43872 6.87961
 6.30795 7.44501
 6.03956 6.04126
 5.97682 5.98163
 5.92741 5.93173
 5.87876 5.88333
 5.8778 9.21547
 5.83043 7.996
 5.55993 5.8744
 5.54594 7.45716
 5.41262 6.56289
 5.40618 6.80776
 5.28971 5.29765
 5.27736 5.89639
 5.26542 5.44152
 5.2131 5.25106
 5.20355 5.35324
 5.19728 5.20585
 5.18546 5.18633
 5.15726 5.161
 5.13854 5.14728
 5.13411 5.1391
 5.12503 5.1461
 5.10074 5.12867
 5.08404 5.11607
 5.08 5.08875
 5.07424 5.10907
 5.07414 5.27702
 5.06897 5.10396
 5.04237 5.05859
 5.03702 5.04389
 5.03571 5.03993
 5.02223 5.03148
 5.00206 5.26656
 4.93384 7.2438
 4.91986 5.4366
 4.90582 4.90653
 4.89985 4.90319
 4.89455 4.89865
 4.88582 4.89345
 4.8752 4.8889
 4.86781 4.95448
 4.86624 4.88435
 4.86189 4.94699
 4.85166 4.85259
 4.83141 4.84118
 4.81789 4.83394
 4.81525 4.82601
 4.8077 4.82245
 4.80531 4.81074
 4.80308 4.83724
 4.80003 4.99093
 4.77558 4.79249
 4.77359 4.79414
 4.77067 4.79986
 4.76952 4.83278
 4.7603 4.80306
 4.74438 4.75314
 4.73342 4.7357
 4.73295 4.75667
 4.7325 4.74121
 4.71945 4.84755
 4.71522 4.72135
 4.71303 4.73295
 4.70251 5.18911
 4.69953 5.1494
 4.68253 4.71897
 4.67493 4.68185
 4.67221 4.69467
 4.66365 4.90633
 4.65746 4.94602
 4.63305 4.63791
 4.62969 4.63266
 4.62463 4.6299
 4.62256 5.12505
 4.61576 4.63048
 4.60996 4.62245
 4.60484 5.07077
 4.60483 5.07569
 4.60101 4.82925
 4.59209 4.59256
 4.58618 6.63962
 4.58493 5.02216
 4.57864 9.13822
 4.57458 4.59649
 4.56806 4.57391
 4.54146 4.54704
 4.52803 4.78272
 4.52627 6.93588
 4.51599 5.34905
 4.50759 5.34065
 4.47801 4.49126
 4.47023 5.15078
 4.45633 4.81808
 4.45587 5.0854
 4.45552 7.6979
 4.44527 4.44925
 4.41963 5.16556
 4.41715 4.96062
 4.41551 4.43455
 4.40539 6.08873
 4.40397 7.14572
 4.37477 4.38064
 4.35791 5.27906
 4.35749 4.55739
 4.35298 6.92903
 4.33244 5.04559
 4.32937 4.43268
 4.28959 4.63066
 4.28019 7.05044
 4.24806 5.28319
 4.2358 9.35888
 4.21573 5.16348
 4.20365 4.94371
 4.17203 8.80248
 4.17009 4.21072
 4.14787 4.17688
 4.14354 9.55711
 4.12568 4.49941
 4.12168 5.14782
 4.05602 5.34903
 4.0359 7.49525
 4.02556 8.41944
 4.01745 5.88086
 4.01132 4.94837
 4.0113 4.34522
 3.95037 3.95318
 3.9305 5.32822
 3.81093 8.85181
 3.38107 4.91844
