 0 0.511166
 0 0.511331
 0 0.511344
 0 0.511362
 0 0.511982
 0 0.511995
 0 0.626626
 0 0.626632
 0 0.626649
 0 0.626994
 0 0.626994
 0 0.627002
 0 0.627049
 0 0.627049
 0 0.627053
 0 0.627053
 0 0.62767
 0 0.627704
 0 0.62811
 0 0.628322
 0 0.628323
 0 0.628326
 0 0.628344
 0 0.628519
 0 0.628523
 0 0.628532
 0 0.628555
 0 0.628583
 0 0.628583
 0 0.628803
 0 0.628805
 0 0.628819
 0 0.628843
 0 0.628854
 0 0.628972
 0 0.628973
 0 0.628981
 0 0.628988
 0 0.629
 0 0.629015
 0 0.629015
 0 0.629103
 0 0.629103
 0 0.629162
 0 0.629169
 0 0.629169
 0 0.629169
 0 0.629175
 0 0.629178
 0 0.629185
 0 0.629191
 0 0.629191
 0 0.629196
 0 0.629257
 0 0.629271
 0 0.629298
 0 0.629325
 0 0.629468
 0 0.62947
 0 0.629476
 0 0.629476
 0 0.62948
 0 0.62948
 0 0.629498
 0 0.629501
 0 0.629507
 0 0.629507
 0 0.629512
 0 0.629517
 0 0.629518
 0 0.629559
 0 0.62957
 0 0.629601
 0 0.62961
 0 0.629614
 0 0.629627
 0 0.629627
 0 0.629654
 0 0.629672
 0 0.629686
 0 0.629686
 0 0.629689
 0 0.629714
 0 0.629718
 0 0.62974
 0 0.629751
 0 0.629752
 0 0.629756
 0 0.629763
 0 0.629767
 0 0.629774
 0 0.629782
 0 0.629783
 0 0.629783
 0 0.629899
 0 0.629908
 0 0.629964
 0 0.630086
 0 0.630132
 0 0.630132
 0 0.630156
 0 0.630156
 0 0.630161
 0 0.630185
 0 0.630228
 0 0.630228
 0 0.630233
 0 0.630237
 0 0.630243
 0 0.630254
 0 0.630265
 0 0.630268
 0 0.630272
 0 0.630297
 0 0.630336
 0 0.630338
 0 0.630361
 0 0.630369
 0 0.630371
 0 0.630372
 0 0.630372
 0 0.630399
 0 0.630408
 0 0.630409
 0 0.630418
 0 0.630442
 0 0.630491
 0 0.630494
 0 0.630498
 0 0.63051
 0 0.630512
 0 0.630512
 0 0.630542
 0 0.630546
 0 0.630555
 0 0.630555
 0 0.630569
 0 0.630571
 0 0.630572
 0 0.630575
 0 0.630583
 0 0.630584
 0 0.630584
 0 0.630588
 0 0.630634
 0 0.630634
 0 0.630638
 0 0.630671
 0 0.630672
 0 0.630672
 0 0.630673
 0 0.630696
 0 0.630718
 0 0.630718
 0 0.630729
 0 0.630729
 0 0.630732
 0 0.630732
 0 0.630776
 0 0.630777
 0 0.630789
 0 0.630799
 0 0.6308
 0 0.6308
 0 0.630809
 0 0.630813
 0 0.63082
 0 0.630821
 0 0.630855
 0 0.630855
 0 0.63092
 0 0.63092
 0 0.630925
 0 0.630925
 0 0.630932
 0 0.630939
 0 0.630939
 0 0.630942
 0 0.630942
 0 0.630956
 0 0.630956
 0 0.630958
 0 0.630991
 0 0.630996
 0 0.630999
 0 0.631006
 0 0.631007
 0 0.631014
 0 0.631019
 0 0.631022
 0 0.631022
 0 0.631046
 0 0.631065
 0 0.631067
 0 0.63108
 0 0.63108
 0 0.63108
 0 0.631088
 0 0.631126
 0 0.631126
 0 0.631126
 0 0.63113
 0 0.631147
 0 0.631156
 0 0.631161
 0 0.631164
 0 0.631167
 0 0.631171
 0 0.631175
 0 0.631225
 0 0.631232
 0 0.631232
 0 0.631236
 0 0.631241
 0 0.631243
 0 0.63128
 0 0.631285
 0 0.631285
 0 0.631304
 0 0.631334
 0 0.63137
 0 0.63137
 0 0.63141
 0 0.631412
 0 0.631424
 0 0.631429
 0 0.631429
 0 0.631436
 0 0.631442
 0 0.631443
 0 0.631443
 0 0.631445
 0 0.631445
 0 0.631446
 0 0.631461
 0 0.631467
 0 0.631472
 0 0.631508
 0 0.631528
 0 0.631551
 0 0.631551
 0 0.631558
 0 0.63156
 0 0.63156
 0 0.63156
 0 0.631566
 0 0.631599
 0 0.631609
 0 0.631622
 0 0.631622
 0 0.631633
 0 0.631634
 0 0.631637
 0 0.631637
 0 0.631644
 0 0.631644
 0 0.631654
 0 0.631657
 0 0.631657
 0 0.631658
 0 0.631659
 0 0.631679
 0 0.631684
 0 0.631695
 0 0.631698
 0 0.631698
 0 0.631707
 0 0.631712
 0 0.631713
 0 0.631727
 0 0.631729
 0 0.631729
 0 0.631733
 0 0.631755
 0 0.631756
 0 0.631758
 0 0.63177
 0 0.63178
 0 0.63179
 0 0.631803
 0 0.631809
 0 0.631811
 0 0.631814
 0 0.631816
 0 0.631825
 0 0.631826
 0 0.631827
 0 0.631832
 0 0.631833
 0 0.631834
 0 0.631835
 0 0.631837
 0 0.631841
 0 0.631842
 0 0.631846
 0 0.631868
 0 0.631882
 0 0.631884
 0 0.631884
 0 0.631885
 0 0.631895
 0 0.631896
 0 0.631898
 0 0.631904
 0 0.631904
 0 0.631904
 0 0.631907
 0 0.631917
 0 0.631919
 0 0.631957
 0 0.631974
 0 0.631985
 0 0.632017
 0 0.632018
 0 0.632023
 0 0.632026
 0 0.632026
 0 0.632028
 0 0.632031
 0 0.632055
 0 0.632055
 0 0.632056
 0 0.632067
 0 0.632073
 0 0.632086
 0 0.632091
 0 0.632094
 0 0.632094
 0 0.632096
 0 0.6321
 0 0.632101
 0 0.632111
 0 0.632119
 0 0.632133
 0 0.632135
 0 0.63214
 0 0.632142
 0 0.632142
 0 0.632143
 0 0.632146
 0 0.632146
 0 0.632153
 0 0.632157
 0 0.632158
 0 0.632162
 0 0.63217
 0 0.632171
 0 0.632173
 0 0.632176
 0 0.632177
 0 0.632178
 0 0.632182
 0 0.632182
 0 0.632184
 0 0.632186
 0 0.632187
 0 0.632192
 0 0.6322
 0 0.632203
 0 0.632239
 0 0.632256
 0 0.632261
 0 0.63227
 0 0.63227
 0 0.632292
 0 0.632293
 0 0.632293
 0 0.632301
 0 0.632302
 0 0.632305
 0 0.632309
 0 0.632309
 0 0.632315
 0 0.632317
 0 0.632318
 0 0.63232
 0 0.632321
 0 0.632327
 0 0.632331
 0 0.632334
 0 0.632345
 0 0.632365
 0 0.632366
 0 0.632373
 0 0.632377
 0 0.632377
 0 0.63238
 0 0.63238
 0 0.63238
 0 0.63238
 0 0.632381
 0 0.632386
 0 0.632392
 0 0.632395
 0 0.632401
 0 0.632406
 0 0.632408
 0 0.632419
 0 0.632419
 0 0.632421
 0 0.63246
 0 0.632468
 0 0.632468
 0 0.632478
 0 0.632512
 0 0.632512
 0 0.632515
 0 0.632516
 0 0.63252
 0 0.632529
 0 0.632537
 0 0.632537
 0 0.632538
 0 0.632546
 0 0.632553
 0 0.632559
 0 0.632559
 0 0.632566
 0 0.632571
 0 0.632574
 0 0.63258
 0 0.63258
 0 0.632581
 0 0.632592
 0 0.632596
 0 0.632596
 0 0.632601
 0 0.632604
 0 0.632614
 0 0.632616
 0 0.632617
 0 0.632638
 0 0.632639
 0 0.632649
 0 0.632649
 0 0.632649
 0 0.63265
 0 0.632654
 0 0.632654
 0 0.632658
 0 0.632661
 0 0.632667
 0 0.632673
 0 0.632675
 0 0.632676
 0 0.63268
 0 0.63268
 0 0.632686
 0 0.632686
 0 0.632691
 0 0.632691
 0 0.632691
 0 0.632691
 0 0.632697
 0 0.632697
 0 0.6327
 0 0.6327
 0 0.632707
 0 0.632713
 0 0.632713
 0 0.632713
 0 0.632718
 0 0.632722
 0 0.632737
 0 0.632754
 0 0.632762
 0 0.632762
 0 0.632766
 0 0.632768
 0 0.632773
 0 0.632778
 0 0.632778
 0 0.632807
 0 0.632809
 0 0.632809
 0 0.63282
 0 0.632822
 0 0.632827
 0 0.632846
 0 0.632854
 0 0.632854
 0 0.632858
 0 0.632858
 0 0.632868
 0 0.63289
 0 0.632891
 0 0.632891
 0 0.632894
 0 0.6329
 0 0.632907
 0 0.632907
 0 0.632919
 0 0.632922
 0 0.632926
 0 0.632926
 0 0.632931
 0 0.632931
 0 0.632932
 0 0.632932
 0 0.632933
 0 0.632933
 0 0.632942
 0 0.632945
 0 0.632945
 0 0.632947
 0 0.632947
 0 0.632949
 0 0.632957
 0 0.632961
 0 0.632969
 0 0.632969
 0 0.632973
 0 0.632973
 0 0.632977
 0 0.632977
 0 0.632979
 0 0.632981
 0 0.632984
 0 0.632992
 0 0.632994
 0 0.63301
 0 0.633031
 0 0.633033
 0 0.633034
 0 0.633034
 0 0.63304
 0 0.633048
 0 0.633051
 0 0.633051
 0 0.633059
 0 0.633061
 0 0.633062
 0 0.633066
 0 0.633067
 0 0.633074
 0 0.633075
 0 0.633078
 0 0.633083
 0 0.633084
 0 0.633084
 0 0.633098
 0 0.633101
 0 0.633103
 0 0.633105
 0 0.633106
 0 0.63311
 0 0.633112
 0 0.633117
 0 0.633117
 0 0.633117
 0 0.633124
 0 0.633134
 0 0.633135
 0 0.633157
 0 0.633161
 0 0.633167
 0 0.633168
 0 0.63317
 0 0.63317
 0 0.633172
 0 0.633175
 0 0.633181
 0 0.633183
 0 0.633184
 0 0.633184
 0 0.633197
 0 0.633198
 0 0.633212
 0 0.633212
 0 0.633215
 0 0.633231
 0 0.633236
 0 0.633299
 0 0.633307
 0 0.633319
 0 0.633322
 0 0.633322
 0 0.633323
 0 0.633324
 0 0.633328
 0 0.633328
 0 0.633341
 0 0.633351
 0 0.633367
 0 0.633384
 0 0.633389
 0 0.633401
 0 0.633404
 0 0.633409
 0 0.63341
 0 0.63341
 0 0.63341
 0 0.633411
 0 0.633415
 0 0.633421
 0 0.633423
 0 0.633423
 0 0.633426
 0 0.633433
 0 0.633436
 0 0.633448
 0 0.63345
 0 0.633455
 0 0.633455
 0 0.633455
 0 0.633461
 0 0.633461
 0 0.633462
 0 0.63347
 0 0.633479
 0 0.6335
 0 0.633501
 0 0.63355
 0 0.63355
 0 0.633556
 0 0.633561
 0 0.633568
 0 0.633568
 0 0.633576
 0 0.633578
 0 0.633591
 0 0.633592
 0 0.633592
 0 0.633611
 0 0.633617
 0 0.633626
 0 0.63363
 0 0.633632
 0 0.633637
 0 0.633637
 0 0.633637
 0 0.633644
 0 0.63365
 0 0.633652
 0 0.633655
 0 0.633658
 0 0.633662
 0 0.633662
 0 0.633662
 0 0.633663
 0 0.633664
 0 0.633669
 0 0.633688
 0 0.633688
 0 0.633755
 0 0.633767
 0 0.633771
 0 0.633771
 0 0.633774
 0 0.633784
 0 0.633784
 0 0.633784
 0 0.633786
 0 0.633792
 0 0.633793
 0 0.633814
 0 0.633814
 0 0.633814
 0 0.633816
 0 0.633829
 0 0.63384
 0 0.633848
 0 0.63385
 0 0.633852
 0 0.633854
 0 0.63386
 0 0.633862
 0 0.633863
 0 0.633874
 0 0.633874
 0 0.633883
 0 0.633883
 0 0.633885
 0 0.633888
 0 0.63389
 0 0.63389
 0 0.633893
 0 0.633893
 0 0.633896
 0 0.633897
 0 0.633897
 0 0.633898
 0 0.633902
 0 0.633903
 0 0.633906
 0 0.633906
 0 0.633906
 0 0.633911
 0 0.633916
 0 0.633916
 0 0.633916
 0 0.633918
 0 0.633926
 0 0.633929
 0 0.633941
 0 0.633942
 0 0.633942
 0 0.633943
 0 0.633946
 0 0.633951
 0 0.633957
 0 0.633958
 0 0.633968
 0 0.63397
 0 0.633975
 0 0.633978
 0 0.633982
 0 0.633982
 0 0.633996
 0 0.634014
 0 0.634022
 0 0.634022
 0 0.634023
 0 0.634025
 0 0.634025
 0 0.634027
 0 0.634032
 0 0.634033
 0 0.634041
 0 0.634044
 0 0.634049
 0 0.634052
 0 0.634054
 0 0.634054
 0 0.634059
 0 0.634073
 0 0.634073
 0 0.634078
 0 0.634099
 0 0.634126
 0 0.634142
 0 0.634142
 0 0.634154
 0 0.634156
 0 0.634165
 0 0.634166
 0 0.634168
 0 0.634168
 0 0.634174
 0 0.634175
 0 0.634176
 0 0.634194
 0 0.634194
 0 0.634198
 0 0.634199
 0 0.634207
 0 0.634207
 0 0.634214
 0 0.634218
 0 0.634224
 0 0.634229
 0 0.634231
 0 0.634239
 0 0.634242
 0 0.634243
 0 0.634243
 0 0.634249
 0 0.634249
 0 0.63425
 0 0.634256
 0 0.634258
 0 0.634258
 0 0.634266
 0 0.634268
 0 0.634272
 0 0.634283
 0 0.634285
 0 0.634312
 0 0.634317
 0 0.63432
 0 0.634321
 0 0.634329
 0 0.634358
 0 0.634358
 0 0.634358
 0 0.634367
 0 0.634371
 0 0.634378
 0 0.634381
 0 0.634398
 0 0.634398
 0 0.6344
 0 0.634421
 0 0.634431
 0 0.634445
 0 0.634446
 0 0.634448
 0 0.634457
 0 0.634457
 0 0.634461
 0 0.634464
 0 0.634467
 0 0.634467
 0 0.634472
 0 0.634472
 0 0.634474
 0 0.634475
 0 0.634479
 0 0.634481
 0 0.634487
 0 0.634489
 0 0.634491
 0 0.634498
 0 0.634515
 0 0.634518
 0 0.634518
 0 0.634534
 0 0.634535
 0 0.634535
 0 0.634538
 0 0.634553
 0 0.634553
 0 0.634557
 0 0.634557
 0 0.63456
 0 0.634562
 0 0.634575
 0 0.634576
 0 0.634587
 0 0.634589
 0 0.634593
 0 0.634594
 0 0.634594
 0 0.634595
 0 0.634597
 0 0.634604
 0 0.634617
 0 0.634617
 0 0.63462
 0 0.63462
 0 0.634625
 0 0.634628
 0 0.634631
 0 0.634636
 0 0.63464
 0 0.63464
 0 0.634641
 0 0.634644
 0 0.634646
 0 0.634647
 0 0.634648
 0 0.634648
 0 0.634652
 0 0.634658
 0 0.634662
 0 0.634664
 0 0.634666
 0 0.634669
 0 0.634677
 0 0.634677
 0 0.63468
 0 0.634687
 0 0.63473
 0 0.63474
 0 0.634745
 0 0.63475
 0 0.63475
 0 0.634759
 0 0.634759
 0 0.634767
 0 0.63477
 0 0.63477
 0 0.634774
 0 0.634784
 0 0.634785
 0 0.634785
 0 0.634795
 0 0.6348
 0 0.634802
 0 0.634802
 0 0.634807
 0 0.634811
 0 0.63483
 0 0.63483
 0 0.634842
 0 0.634842
 0 0.634846
 0 0.634846
 0 0.634851
 0 0.634851
 0 0.634867
 0 0.634867
 0 0.634879
 0 0.634879
 0 0.63488
 0 0.634881
 0 0.634881
 0 0.634882
 0 0.634885
 0 0.63489
 0 0.63489
 0 0.634895
 0 0.634895
 0 0.634904
 0 0.634919
 0 0.634919
 0 0.63492
 0 0.63492
 0 0.634922
 0 0.634932
 0 0.634947
 0 0.634947
 0 0.634947
 0 0.634948
 0 0.634948
 0 0.634956
 0 0.634956
 0 0.63496
 0 0.63496
 0 0.634961
 0 0.634964
 0 0.63498
 0 0.634982
 0 0.634983
 0 0.634983
 0 0.634983
 0 0.634983
 0 0.634987
 0 0.634987
 0 0.634987
 0 0.634991
 0 0.635012
 0 0.635033
 0 0.63504
 0 0.63504
 0 0.635042
 0 0.635054
 0 0.635055
 0 0.635059
 0 0.63506
 0 0.635061
 0 0.635061
 0 0.635064
 0 0.635064
 0 0.635064
 0 0.635072
 0 0.635073
 0 0.635073
 0 0.635094
 0 0.635094
 0 0.635098
 0 0.635105
 0 0.635106
 0 0.635117
 0 0.635125
 0 0.635125
 0 0.635132
 0 0.635134
 0 0.635137
 0 0.635139
 0 0.635145
 0 0.635152
 0 0.635152
 0 0.635159
 0 0.635161
 0 0.635167
 0 0.635177
 0 0.635178
 0 0.635178
 0 0.635178
 0 0.635185
 0 0.635188
 0 0.635188
 0 0.635209
 0 0.635211
 0 0.635214
 0 0.635214
 0 0.635216
 0 0.635221
 0 0.635222
 0 0.635222
 0 0.63523
 0 0.635246
 0 0.635246
 0 0.635249
 0 0.635253
 0 0.635255
 0 0.635255
 0 0.635265
 0 0.635268
 0 0.635272
 0 0.635273
 0 0.635273
 0 0.635273
 0 0.635273
 0 0.635273
 0 0.635287
 0 0.635287
 0 0.635301
 0 0.635308
 0 0.635313
 0 0.635317
 0 0.635323
 0 0.635323
 0 0.63533
 0 0.635342
 0 0.635342
 0 0.635349
 0 0.635349
 0 0.635351
 0 0.635353
 0 0.635353
 0 0.635359
 0 0.635359
 0 0.635363
 0 0.635364
 0 0.635364
 0 0.635365
 0 0.635372
 0 0.635386
 0 0.635393
 0 0.635396
 0 0.635398
 0 0.635408
 0 0.635411
 0 0.635411
 0 0.635411
 0 0.635422
 0 0.635422
 0 0.635424
 0 0.635432
 0 0.635432
 0 0.635436
 0 0.63544
 0 0.63544
 0 0.635446
 0 0.635448
 0 0.635448
 0 0.635457
 0 0.635459
 0 0.635469
 0 0.635469
 0 0.635473
 0 0.635483
 0 0.635486
 0 0.635486
 0 0.635491
 0 0.635501
 0 0.635523
 0 0.635526
 0 0.63553
 0 0.63553
 0 0.635537
 0 0.635538
 0 0.635541
 0 0.635542
 0 0.635543
 0 0.635553
 0 0.635554
 0 0.635576
 0 0.635576
 0 0.63559
 0 0.635599
 0 0.6356
 0 0.635611
 0 0.635613
 0 0.635618
 0 0.635621
 0 0.635624
 0 0.635624
 0 0.635624
 0 0.635624
 0 0.635626
 0 0.635629
 0 0.635635
 0 0.635643
 0 0.635643
 0 0.635646
 0 0.635646
 0 0.635658
 0 0.635661
 0 0.635662
 0 0.6357
 0 0.6357
 0 0.635701
 0 0.635718
 0 0.635751
 0 0.635761
 0 0.635762
 0 0.635762
 0 0.635765
 0 0.635765
 0 0.635769
 0 0.635769
 0 0.635774
 0 0.635775
 0 0.6358
 0 0.6358
 0 0.635803
 0 0.635819
 0 0.635825
 0 0.635827
 0 0.63583
 0 0.635838
 0 0.635839
 0 0.635839
 0 0.635841
 0 0.635847
 0 0.63587
 0 0.63587
 0 0.635895
 0 0.635909
 0 0.635923
 0 0.635931
 0 0.635953
 0 0.635969
 0 0.635979
 0 0.635989
 0 0.635997
 0 0.635997
 0 0.636019
 0 0.636024
 0 0.636036
 0 0.636053
 0 0.636073
 0 0.636073
 0 0.636084
 0 0.636084
 0 0.636091
 0 0.636093
 0 0.636093
 0 0.636093
 0 0.636094
 0 0.636103
 0 0.636105
 0 0.636106
 0 0.636113
 0 0.636121
 0 0.636126
 0 0.636139
 0 0.636146
 0 0.636151
 0 0.636152
 0 0.636152
 0 0.636152
 0 0.636152
 0 0.636171
 0 0.636176
 0 0.636177
 0 0.636182
 0 0.636186
 0 0.636191
 0 0.636192
 0 0.636192
 0 0.636193
 0 0.63621
 0 0.636219
 0 0.636259
 0 0.636259
 0 0.636312
 0 0.636324
 0 0.636328
 0 0.636336
 0 0.636344
 0 0.636344
 0 0.636345
 0 0.636349
 0 0.636357
 0 0.636377
 0 0.63638
 0 0.636386
 0 0.636394
 0 0.63641
 0 0.636417
 0 0.636417
 0 0.636433
 0 0.636436
 0 0.636511
 0 0.636513
 0 0.636518
 0 0.63652
 0 0.636524
 0 0.636524
 0 0.636525
 0 0.636526
 0 0.636537
 0 0.636539
 0 0.636588
 0 0.636593
 0 0.636593
 0 0.636597
 0 0.636597
 0 0.636599
 0 0.636606
 0 0.636609
 0 0.636656
 0 0.636671
 0 0.636671
 0 0.636671
 0 0.636677
 0 0.636677
 0 0.636683
 0 0.636683
 0 0.636686
 0 0.636696
 0 0.636696
 0 0.636716
 0 0.636716
 0 0.636716
 0 0.636719
 0 0.636725
 0 0.636733
 0 0.63674
 0 0.63677
 0 0.636799
 0 0.636803
 0 0.636868
 0 0.636868
 0 0.636881
 0 0.6369
 0 0.636904
 0 0.636914
 0 0.636917
 0 0.636927
 0 0.636927
 0 0.636929
 0 0.636939
 0 0.63695
 0 0.636951
 0 0.636959
 0 0.63696
 0 0.636961
 0 0.636998
 0 0.637001
 0 0.637018
 0 0.63703
 0 0.637082
 0 0.637082
 0 0.637094
 0 0.637094
 0 0.637095
 0 0.637098
 0 0.63711
 0 0.63711
 0 0.63711
 0 0.637156
 0 0.637163
 0 0.637167
 0 0.637201
 0 0.637212
 0 0.637212
 0 0.63723
 0 0.637304
 0 0.637308
 0 0.637317
 0 0.637365
 0 0.637421
 0 0.637529
 0 0.637533
 0 0.637537
 0 0.637548
 0 0.637566
 0 0.637573
 0 0.637597
 0 0.637599
 0 0.637629
 0 0.637631
 0 0.637712
 0 0.637712
 0 0.637728
 0 0.637743
 0 0.637768
 0 0.637775
 0 0.637778
 0 0.637796
 0 0.637796
 0 0.637801
 0 0.637806
 0 0.637809
 0 0.637896
 0 0.637925
 0 0.637932
 0 0.638042
 0 0.638044
 0 0.63806
 0 0.638069
 0 0.638209
 0 0.638307
 0 0.638307
 0 0.638312
 0 0.638338
 0 0.638348
 0 0.638416
 0 0.638425
 0 0.638425
 0 0.638432
 0 0.638464
 0 0.638467
 0 0.638467
 0 0.638542
 0 0.638626
 0 0.638636
 0 0.638708
 0 0.638775
 0 0.638794
 0 0.638796
 0 0.638804
 0 0.638923
 0 0.638923
 0 0.638931
 0 0.638931
 0 0.639118
 0 0.639354
 0 0.639354
 0 0.639443
 0 0.639449
 0 0.639475
 0 0.639475
 0 0.6397
 0 0.639707
 0 0.639712
 0 0.639713
 0 0.639923
 0 0.63993
 0 0.639937
 0 0.640278
 0 0.640279
 0 0.640406
 0 0.640428
 0 0.640443
 0 0.640684
 0 0.640684
 0 0.640694
 0 0.640935
 0 0.640937
 0 0.64117
 0 0.64117
 0 0.641284
 0 0.64164
 0 0.64164
 0 0.641654
 0 0.641672
 0 0.64168
 0 0.641692
 0 0.64192
 0 0.641937
 0 0.641937
 0 0.641988
 0 0.642133
 0 0.642977
 0 0.642977
 0 0.642992
 0 0.64306
 0 0.64306
 0 0.725943
 0 0.72595
 0 0.725953
 0 0.726715
 0 0.726718
 0 0.726718
 0 inf
