4.5712046015560865	5.01315050272922
4.6076180544835985	5.189846187834109
4.680210278699311	5.513336388643708
4.750228250607293	5.339583955298977
4.755424885826739	5.193622830604091
4.762924370257122	5.106676062827253
4.7994433034190065	6.017600174345904
4.8634756172156255	5.161401782734632
4.87090239215532	5.333112135773872
4.891418017906518	5.830911429739847
4.898160707574086	5.332803295078552
4.90163194720959	5.288997487947169
4.914977225081021	5.306424748106532
4.927241855019771	5.02498436183025
4.951592058613872	5.082490543807765
4.967606622822733	5.41455069663629
4.976035931376943	5.345464512476314
4.976352520494738	5.04068749277895
4.992210671737217	5.24800439102964
5.0315455299449	5.223876501592706
5.033537586299824	5.912692642152097
5.045075971663775	5.600252003031
5.08103510048156	5.470021678739018
5.084806233597719	5.247016067856424
5.112847687122073	5.471170641352706
5.135419520348597	6.039892294712296
5.1355633830237135	6.172391625045401
5.1410557052084584	5.301955533031933
5.153145539321656	5.461182490581999
5.171103451716415	6.083241508408524
5.191519930330751	5.194242850437029
5.216436328605455	5.4351159716487825
5.227689371038309	5.636005747851552
5.24685277849891	5.7226481374867815
5.278112760272635	5.766767875205735
5.2783738147915935	5.358000164265437
5.2846744241994905	5.306627379792652
5.320611281877564	5.327366804938865
5.364208006854668	5.733749834082422
5.5168870514074335	5.750440538895403
5.810109354494787	5.823164165488134
5.856252396156523	5.955419550176422
6.16646877944645	6.501435435852978
6.604507994129637	6.633100115956634
6.64177373384126	6.741526328151788
6.797796806098145	7.039150712092981
7.176183494531011	7.501937591178039
7.400280551562022	7.8000782392995385
4.046865672559936	5.064804326790232
4.180435419438562	4.564946018425628
4.3418772417436164	5.140607698733386
4.342547451327124	5.9875838113340265
4.3940546087818655	4.789731284406975
4.448105112579849	5.587621170367999
4.49177138631302	5.084925210565617
4.527241821952947	4.945510955314849
4.56932250790826	5.872179891112882
4.581439303170104	5.263576863178976
4.593883164381302	5.028853306024119
4.6014890531414725	5.221609615945442
4.625231363348894	5.256282974220372
4.637148310978316	5.951175270997875
4.6562813691466385	4.93418881708737
4.673136867161331	4.945510955314849
4.6801563626383	5.161401782734632
4.684268056723346	5.137103599380778
4.704746180487309	5.373329289114108
4.7158363927124585	5.658890659332329
4.720525151086007	5.254566982350174
4.722314223063256	5.221609615945442
4.730382131317896	5.30073051219414
4.7335986797907195	5.176364953708516
4.737641868394004	4.850443908400254
4.7459090926960865	4.9771469104989015
4.774778401406328	5.646777621093272
4.827966026467933	5.449098799064233
4.828844921115805	5.233742386740003
4.835056569728262	4.918007640529154
4.843922996688294	5.382778906692508
4.8585297646711325	5.6894217794962225
4.877757227177834	5.528439397570396
4.877988309252616	5.779745132068303
4.896632428470365	4.929731851264803
4.9168817078895986	5.098433581499377
4.931587815516881	5.239121992479619
4.9358666967710585	5.144724012931054
4.943490055320456	5.354568564514773
4.952544355977105	5.137103599380778
4.960084178877212	6.114483294212924
4.974181326323138	7.263991853962051
4.975074493191432	5.625647281172893
4.976343053873645	5.371430540922391
4.990833130542289	5.313364184383862
4.996048480680316	5.2472329559581805
5.006031140495463	5.244220388383496
5.015656644274169	5.241635425417741
5.021084798948655	5.38450464016117
5.022222464469172	5.5196130088389355
5.040107050066223	5.55578376832417
5.0783189363482055	5.41993279680449
5.08374775543196	5.13948855456422
5.1050137322351	5.249636821710746
5.106989564120986	5.76232671077494
5.1084055205573895	5.187507642204405
5.134054679506022	5.7827876020525375
5.147679235170973	6.339264845487045
5.151513777434987	5.484819020089838
5.162648588255104	5.254566982350174
5.163728113666878	5.452656402211666
5.178736942981684	5.322718144541818
5.212893951257468	5.63896801531269
5.260334241517346	5.760234897153271
5.269414347922841	5.3483985344103395
5.270568883053345	6.014506059045906
5.2773710780746415	5.561236010387233
5.386292053488212	5.75105269701082
5.394988863469908	5.515910192172113
5.42146210026393	5.7602715850605515
5.421606692039902	5.645593402909611
5.423178408882989	5.5196130088389355
5.446555034520095	6.3582897463306365
5.46556787256024	5.842722836888786
5.474052757090009	6.058212728186718
5.485799271480901	5.627673211889564
5.489221800880022	6.355658651560028
5.490635513224606	5.627232478132125
5.513124068064494	5.534348169392391
5.516847385596871	5.605135107791104
5.580189997775517	5.852156493711844
5.660849976939221	5.931108679731264
5.6650048675134	7.408532213003005
5.668691616698685	5.694710915888013
5.683716059188084	5.773031269286698
5.754884849628461	5.823164165488134
5.896943274319605	6.204527966305685
5.965785463424024	6.133692218735399
5.97978063413652	7.110900018897712
6.20875513131827	8.085105287883367
6.2816156833311405	6.772263091942394
6.3309699360049665	6.840042015207534
6.479847308666249	7.175562131223752
6.487223036334721	6.6190484789865005
6.588359107472663	6.976848319572412
6.781287242285786	7.663142266892478
6.816473519081624	6.945770781831241
7.033679381209526	7.741255956809176
7.039940930118765	7.99262625131628
7.056661507592707	7.805361738348586
7.09672626031441	7.541978517726118
7.3601327526567255	8.965511263924267
7.412658937647846	8.604121329376895
7.416608095533059	7.808816506383507
7.533695519606788	7.957443128517943
7.603187923988626	9.097610370332664
7.868862939758665	8.252749565475648
8.199988248252028	8.704552054654192
8.612977524004306	9.324070905006277
8.863772446749172	9.486508812780995
8.952516630306551	9.106537062407911
9.6615876770042	9.812929168927724
4.259176732107881	5.217692561313068
4.328488060078065	5.588692695933077
4.548024123145757	5.2766699952500185
4.647526233856066	6.310351524329708
4.742067210544514	5.9878851440014245
4.751987570510841	6.1350907222878215
4.829907129834934	6.098822528599446
4.855981091144667	6.328210286483524
4.865657005681607	5.850856710474536
4.942537973175166	5.313364184383862
4.981533664180386	5.885492917833371
4.991648509416721	6.020257140721331
4.999677304389584	5.598520294284068
5.026387617800193	5.555446999317702
5.050944290459222	8.13831921306698
5.080691557393201	6.371279945142057
5.104466823408495	6.0301376863126945
5.283234115082657	5.661184946613566
5.315815683952205	5.7767730714389955
5.347179902201882	6.414187243146654
5.353299914479587	5.6649614719588115
5.373498421390544	6.160519963780281
5.586733742486435	5.694710915888013
5.870982143635134	6.210001506497061
6.059793315237762	7.4184196516886
6.297069834077729	8.601672048999637
6.6088374026660475	7.838539433783553
4.436681921786267	8.231509390596441
4.6703304243102375	8.318754096751112
4.690290772102484	6.04113845597414
4.701422251231798	6.09138181909116
4.766519834068207	5.598520294284068
4.78046290848457	6.3125594665335445
4.788193219461696	5.737214126993262
4.874584346061113	8.094714037687709
4.921348526903492	8.21479388776448
5.060631055366228	7.526438295876528
4.38413965065139	8.76523312046
4.457818771526964	7.7520708576511925
4.459694457951303	10.268727108253055
4.567357566473206	6.959978110115775
4.663904067022928	6.079687177844048
4.8088698055957035	8.432601232561394
4.3110799797106845	9.014309236542976
4.474320412259313	8.41496998884095
4.502833815025903	7.8052031693041055
4.615647451934317	8.928234407231159
4.7977663865913005	8.479700344004016
4.41860891731501	8.089344698306384
4.541986325821217	8.7914780897877
4.766104479423185	9.104126294130793
4.413525698134616	8.535292495194147
