4.294213212882427	4.972148273019601
4.483790888736405	5.064055834076613
4.5065287368072	5.118592579741907
4.593264509395914	5.2376439231411664
4.702601000151903	4.783849530281407
4.734511814456235	5.611021236903883
4.739495917299619	5.94654308972186
4.75619455623616	4.847202174634356
4.771868139329011	5.682634535595391
4.819475635585604	5.253738505433919
4.830900806051465	5.326789791383262
4.881333393977056	5.171102664200807
4.918477447921281	4.991973081076901
4.9452990514659865	5.451100005121946
4.946769033341447	5.360089218289656
4.9470141663749825	5.254430942168687
4.954577486748052	5.517595494458458
4.9948631556930545	6.106840912567157
4.995918770582068	5.119266327448022
4.9997178761686545	5.085234355955837
5.0001953624439475	5.525893476036352
5.006187861873111	5.551864676177809
5.0195574338115	5.6667116486518765
5.0457119626145746	5.1055018704895
5.068446048766541	5.246477523896044
5.070339406576819	5.204102806632165
5.076623476381071	5.529710451541477
5.081195633289	5.326789791383262
5.085855410425608	5.519441732231579
5.090821652415211	5.169017997122466
5.114744424944858	5.246477523896044
5.118397174982991	5.2983267611158045
5.142468982394772	5.396903157607739
5.187983700318277	5.532346536606927
5.188287315445795	5.341782335080918
5.188978059761909	5.253738505433919
5.273029100417903	5.509420339290288
5.2732885879073415	5.406701631315438
5.337140557014096	5.564773118399201
5.343201095467188	5.481775057990385
5.359159830233261	5.68581789177799
5.369746808054109	5.541273437355579
5.372160829126872	5.564773118399201
5.407578621429737	5.451100005121946
5.4228080311468805	5.525893476036352
5.464329650734197	6.05111700129657
5.467134560734603	5.530729145807614
5.470493098656019	5.522578740349637
5.470592013264782	6.3105082297185975
5.479145658227853	5.519441732231579
5.488845997156111	5.530729145807614
5.5113028007600855	5.705975694498917
5.552168236623528	6.001128062597045
5.586053652464664	6.39114216270781
5.6670373096657505	5.876403605366294
5.88972351577721	6.146995785616312
5.985168415957589	6.16285918496901
8.569953813751447	8.81250172072397
8.622910674817684	9.157465798530964
4.090039586841309	5.44678715233735
4.39363934363568	5.86326347607448
4.438461773140086	5.2565325082328975
4.447243387464481	4.850612773904067
4.480193748297219	5.780701127772346
4.492857234253335	4.711223260392097
4.53058172654908	5.1055018704895
4.566372373193348	5.498696671259842
4.568291430997073	5.698705536953778
4.598961520368003	4.707656540737846
4.6027510051921885	5.676888038070377
4.606869710148025	5.329338873950328
4.614759516833967	5.459115413481749
4.627453710220083	5.024884878724693
4.673751532441243	5.071871625394049
4.689446161381512	5.184268646250049
4.6995410750072715	5.276093664673754
4.711239329007326	5.196995798393091
4.725886249895688	5.224418643285574
4.73054751075459	4.994299210681936
4.738147661523911	5.155127281267029
4.747741394655534	5.340692462637315
4.759324579319051	4.994717686634706
4.7648561700399155	5.407914069723405
4.783118959429888	5.0233800537426845
4.851270984702512	5.195327926383216
4.891401731817804	5.162181802253985
4.912186311634517	5.522578740349637
4.92977158629933	5.759194557280983
4.980285734077372	5.368884187714812
4.9898092616880545	5.447962776213773
4.995456493165138	5.731096378081574
4.999186501464041	7.294087525893737
4.999222970522403	5.376887659179252
5.007688855491432	5.884125249902971
5.022964985797893	6.065974360015049
5.026395099332684	5.25651433905661
5.030773994856287	5.481342605025402
5.032780352848834	5.372953743128417
5.0332254222571935	5.467544144041827
5.033741004389869	6.144657517700299
5.050497712036432	5.526013350405225
5.054969083218808	5.324259810909677
5.057496583309628	5.118731876925047
5.0577632123767	5.396586992453773
5.1415425792278775	5.335740621294893
5.1628477823100924	6.138200399298313
5.186820688597764	5.20858185778562
5.196110372562015	5.231842164517329
5.203826489097668	6.079567251410196
5.226507143954736	5.234226936304125
5.233399783436993	5.251552419506405
5.247453606337713	5.5277770959765675
5.261385598102824	5.314156218117512
5.309291957740741	5.373792596550085
5.311864356898531	5.964196802760501
5.332051342225307	5.791777883064758
5.3889563168066585	5.695379135141235
5.39210541925294	5.7214107333490745
5.408154779083061	5.62674758157987
5.41499897884746	5.622656937516647
5.426746630417929	5.656099004934976
5.4273113532203325	6.929663585405166
5.428323545126215	5.443704386290361
5.501824851775706	5.709538919220555
5.568054416989644	5.618505285144381
5.623821387482506	6.702821078488282
5.634490051099053	6.162746905196971
5.652561756112212	7.3826512236893205
5.6705058445946115	6.232592064694159
5.708348170643392	6.071904700183698
5.7173054958496135	6.172082803328275
6.027609316463779	6.289504651390351
6.167325433747139	6.214432689898575
6.363339183630659	7.374275579516846
6.388906358732537	7.947916395536649
6.442040360963769	6.622790436182071
6.484204576075941	6.851356060549308
6.506457127640738	7.546857832095824
6.745577526366872	6.949908216456391
6.841837236078745	7.89365184209056
6.87478976970075	7.272663701270854
6.899823970857973	7.033481605642398
6.932548175347163	7.929074701673566
6.93899955181988	7.7707922391125255
6.968204082160835	8.09244449558431
6.979353474587571	7.506404279793717
7.130029866823642	7.64525785326032
7.265719512247349	8.811395777859934
7.36700346424027	8.352760461848014
7.516569496379478	8.179197521036894
7.648735081857408	8.068978127093443
7.7984305965063525	7.9239016672452935
8.163269945087297	8.675201076258512
8.40771668489951	9.092530725318612
8.412961004358255	9.229433512361796
4.361617628694679	9.073526487488888
4.533373010944158	5.711466092676297
4.58841880269322	5.932550694880138
4.606740853328061	5.398316379420707
4.616373503204233	5.811612069887427
4.642739516947453	5.281064931796949
4.655429250980376	5.6921160561443935
4.667733365137592	5.200129974878501
4.730313031278074	5.765324677585753
4.730530425481049	5.155127281267029
4.767827789756716	5.720700114567825
4.830596359470323	5.878549033397382
4.866233819343976	6.114596125583546
4.87510858020623	5.719165715373623
4.87680108356551	5.994609842584123
4.96004845454233	5.991471264481437
5.01389127158972	5.411511602679899
5.014783180039082	5.905350949288272
5.018678437251699	8.166926436726621
5.175439260719799	5.75318926718317
5.39664101858278	8.465959260049418
5.830415888469118	6.562949021431975
6.308092118185891	6.6460785159395295
6.490388057856867	8.555405431312444
6.8090652823765785	7.446304110926134
4.397156785446172	6.877659294566239
4.431311560128627	8.399397663206898
4.486688664088571	8.82876910631829
4.565800506728533	5.217157147906282
4.567784185026548	5.654396381479537
4.579040761915427	5.942272201338688
4.632161381899521	6.8168804877305735
4.727130462488446	6.294872772575407
4.976629769686928	8.07417582463008
6.788630625423544	7.9289857242828985
4.289170317721903	8.466257361431337
4.301375502620097	7.562820920193072
4.421303017758456	8.754946606940196
4.4300981700030615	8.477032719145402
4.463848282825215	8.713689284683314
4.478453921097051	8.044076254409537
4.577668009778205	10.05273594868641
4.784947278736942	8.617397241056226
4.217322169814585	7.813065004202256
4.264768634864465	7.97308721886929
4.282410908256251	8.932669196965827
4.458703236019605	8.504213054744854
4.667997305381943	8.657845569872
