3.9874735747079604	4.648777116639356
4.159803880470416	4.874139835699302
4.463960563342763	5.149088714008167
4.505647436800475	5.85605832859937
4.600378694999296	5.15214977520648
4.625849298631106	4.834756175029016
4.658427248593905	5.191327497842148
4.6676194157215365	4.777789497687186
4.7014162802678205	4.777789497687186
4.702218028632522	5.6554717869575235
4.716511961402244	5.018133248432367
4.741868526780999	5.742277036892473
4.760738987958273	5.606886356530044
4.84183182422804	5.46134915089877
4.844930560996512	5.277464469648715
4.861353319668688	5.130819804324623
4.8627903390242615	5.439200185358944
4.925419924600898	5.409633575700781
4.959792657109652	5.3345333602059775
4.962713853922882	5.31225809411042
4.969942633588509	5.017881446751871
4.972304460174163	5.18189472831767
4.973658799267263	5.4909443137547544
4.982351306403524	5.486441558123873
4.988325236231069	5.18607844993473
4.997250166385262	5.392503528429175
5.012110573184913	5.328158832548919
5.017956130072919	6.025801179042433
5.034092270892744	5.076920682218434
5.0420895057256425	5.149088714008167
5.055152623902971	5.1211254046173424
5.060744432350666	5.083623498002003
5.08888040752224	5.368953951543785
5.093939535895927	5.770428750724456
5.105143172170018	5.2256501665792525
5.140061040814803	5.3138587618079445
5.155985889395463	5.815034171663671
5.1684370867667475	5.642007566688385
5.198458599582882	5.967771975787592
5.203698842793219	5.500008270016538
5.209238369235316	5.674993716810515
5.2263621399364455	5.266229463167151
5.226575566341941	5.674993716810515
5.228877058429969	5.3814711064967184
5.229459264072371	5.308242039640389
5.2497512469220196	5.41954073674691
5.25043785538137	5.542341337676214
5.291639818126433	5.328158832548919
5.294892015370157	5.543711267597747
5.302776960559828	5.31225809411042
5.320344650925045	5.738077627990401
5.3388363997260475	5.537060262757224
5.350571657725913	5.531298589531939
5.351374954766866	5.815034171663671
5.3841556783009565	5.392503528429175
5.411912486001605	5.817508425606348
5.416903083690209	5.4769392276167865
5.426995493059871	5.912253090188965
5.43627561642948	5.716144209663912
5.43673874023656	5.64881409377757
5.453885193924011	5.788855064910483
5.457266424984989	5.656864634262841
5.472063516467503	5.598475833939988
5.478185176787086	5.510220214671716
5.505489562810033	5.526995263619259
5.579131650009944	5.64818377715697
5.636787069081419	5.645488182813874
5.6458863819717235	5.737219292924609
5.649346661532676	6.2444374730381424
5.7808927037819	5.8871950200305205
5.787016891364521	5.817508425606348
5.8602506481082255	6.349416142056377
6.156851478942012	6.273209594180422
7.334593865521597	7.595306286714289
7.464969640299355	7.485621330808777
7.627173048079722	7.7759488435151605
4.280052316051432	5.12822882138808
4.363866809121066	5.0413308143574005
4.390262473680384	4.862815543531873
4.392421436311545	5.225102999550794
4.448950776063756	5.217810134400386
4.480467841204459	6.049837202334458
4.480942865549216	5.49179424654519
4.61340593905057	5.749029372613999
4.616847496827822	5.223529048903511
4.6292788883767955	5.800970496346237
4.653940914675884	5.380596518705761
4.689259553729378	5.37018879179823
4.69325299340002	5.082502162836836
4.697392413101175	5.631224576265917
4.712456603033873	5.298175084936117
4.72229558309241	4.73313827737634
4.730423101655143	5.965261994167639
4.732417565364515	5.529939992729791
4.773406624456367	5.0413308143574005
4.812614282846349	5.576651164792583
4.838768101287819	7.167390114800273
4.865891430935625	5.543771260757371
4.886459938653149	5.493960786696243
4.893839350700553	5.277464469648715
4.908017349140444	5.128526965464377
4.909420064629257	5.899533355135995
4.930015610914546	5.130015660217329
4.931256519411943	5.37301588259157
4.953973001198804	5.561113358633485
5.0075749876782405	5.3138587618079445
5.023634183894967	5.131941460364784
5.024991233656598	5.769070325059166
5.029865569424866	5.190632233061217
5.038310135804537	5.6948697840738225
5.0658883195089865	5.251476056083865
5.0722952337216975	5.487551169960948
5.113541187018153	5.394565346257762
5.12650684707868	5.456824265330939
5.127923518276859	5.4347096498842316
5.128525497064893	6.461260842859106
5.131075124949743	5.741859066916348
5.164776915188854	6.224422207995401
5.1690369365098165	5.190632233061217
5.186219447126497	5.203442208472218
5.194772695224658	5.311659924784364
5.203923885862891	5.223002120735899
5.210943506605466	6.375036206450125
5.212400287263719	5.460820244249726
5.219958180882477	5.945295477719319
5.230512796791516	5.863218436549827
5.342493123535819	5.395600054570579
5.346638890272981	5.3507079885412425
5.404145123139488	5.583666246365083
5.410005495446061	5.493960786696243
5.500908333566927	5.820683990800616
5.531837216600682	5.802948539575787
5.656664008874441	6.106510644275715
5.714273484131194	6.813114497053443
5.717266876960361	6.451612713872913
5.724077878368678	5.876258036685148
5.807483521594992	5.8324882092419275
5.905432762662948	6.4085489479182804
5.955361519562315	7.146223325932913
6.031537116355681	6.15960561674079
6.106596040915825	7.060845399464455
6.344818807920771	6.801653960018598
6.375950365060226	8.238903996638127
6.416358712329287	7.471232171049037
6.631512255214084	7.07830348104192
6.666077349847067	6.934966309068607
6.71878226550324	7.081716299964672
6.744624250009316	7.402220336323578
6.807165115870645	7.498835577967816
6.826572135234268	6.90089267187795
6.846161993860161	7.795311964365959
6.846300742954855	6.971408785889043
6.918553455695567	7.975639908753969
7.077092503272158	7.818700424796272
7.187573583586987	8.028981741248211
7.239413706693469	8.636832370017872
7.392419721228195	8.071286829208665
7.613363559146556	7.672302378668006
7.699627935367673	8.250047402631543
7.904837478612777	8.82723829478106
7.92419733200804	7.983910085585647
8.04312477736943	8.458319408626496
8.080652057365363	8.360115884114963
8.49704349491272	8.644264040931782
8.80148011601878	9.609594483450644
4.119018781864513	5.505594025589592
4.369614163225383	5.5166251420441785
4.480117739398575	5.799318397577758
4.512719469703851	5.907937251964046
4.541523295213129	6.0114360010304475
4.545449371053286	5.159468970359692
4.553751798013523	8.566146404682524
4.555147498186418	5.650910908508882
4.5667650240208335	5.819550295290389
4.6006495053006145	5.637160482587186
4.654477282713552	6.156567959299981
4.658310697133677	5.673173251118413
4.73798752777638	6.2176055271335064
4.7527026424680034	5.673173251118413
4.787037591184912	7.824858507726217
4.805927220195309	6.119122289581191
4.823526456500832	5.560062792497036
4.8598486679767925	5.46134915089877
4.878582221954499	8.311120891855806
4.979054817960558	5.394565346257762
5.0441821026301925	6.946318368704619
5.056180420966649	6.823890987569993
5.077757443982213	5.214768278750281
5.151604138869358	5.890353826598084
5.378552748314524	5.976437438213889
5.3830283933720455	6.166692955514542
5.665829060269983	7.726213291630101
6.548648730720829	7.713102481581617
6.558784116597195	8.071512855818623
6.943060065062601	7.939737198272261
4.388065582515745	5.856240352897054
4.449698997252175	7.309114373223529
4.49689589833298	8.81641448499794
4.500234986554199	8.425118110349743
4.518739468620972	8.011830121969533
4.695914968161803	6.079194414731169
4.711690129168268	8.300692170639863
4.841549419176206	7.853769744591268
4.847203016402099	8.401783240891826
5.356924557464174	8.025532532246848
4.3355663813169505	8.590163092319958
4.422819905800869	7.077560195233861
4.595502727935808	8.95977816177104
4.649174191023248	8.9081592467133
4.328546573617879	10.016842088827344
4.348957813514027	7.989714114113906
4.467264008976557	8.99876866820304
4.463047211834125	9.061045223814839
