3.95255537374967	4.700565604203101
4.214300817531501	5.017914199025499
4.248946840260428	4.516670678060972
4.32012052901987	4.6899812093864695
4.380527262811092	5.1865841222992985
4.598078943019787	4.7909689782824
4.626293995014167	5.255626671283078
4.635093407540879	5.708435854769809
4.677128935834596	4.698825148397715
4.700571389414499	5.655166084734576
4.7681646292004105	5.691379066642628
4.794455355443529	5.167781544088525
4.808289559659815	4.837675398271657
4.8191427846873625	5.046560325299949
4.839133909533008	5.0921431274941975
4.898372742044136	5.5726263552491355
4.911083619150028	5.2171415955312375
4.9433502158700335	5.3009239013768665
4.996220041798869	5.339485025442061
4.998653014415223	5.13832899191351
5.009454869255016	5.079379393942106
5.0543986287183795	5.3775437332524705
5.083172812770335	5.152635625073844
5.106032154466185	5.1865841222992985
5.130811696946262	5.361409969423858
5.154152801134817	5.447707632088736
5.204668241390946	5.301764789846801
5.206548167466702	5.673788100827166
5.225210903459322	5.434888972028671
5.280318134661143	5.325499290661744
5.318423394999407	5.497881510480361
5.327727128894428	5.5789748401932115
5.338621826657361	5.361409969423858
5.341760716914417	6.136424989966394
5.346879757292061	5.379642087417526
5.347806184439222	5.730515848193335
5.355762932806585	5.484083442827316
5.3605844598874635	5.50641465589765
5.364460253664121	5.611179950768258
5.375773820825566	5.5145629190596255
5.399997529530542	5.501475128333512
5.4207068402516	5.961236031967229
5.450295063991858	5.6646719973400845
5.462756185124057	5.62999989723024
5.467935440535175	5.722321940506782
5.535749969922667	5.658597822012705
5.604746440016473	5.685218121867832
5.612007205234196	5.684531653728773
5.637700388928154	5.664048728059035
5.63788273077106	5.9035738602407175
5.67064649257972	5.748320269176058
5.719442725452177	5.854204100997657
5.9134421863893385	6.032753197805874
5.974846362324162	6.058822360585719
6.037835591929717	6.156401001638016
6.342709081676057	6.4299739174990655
6.380700895037725	6.550810943256473
6.399105218164748	6.480699100419535
6.817019731293932	7.353447605915934
7.465956470054549	7.5929887213115235
7.488603786954611	7.808673246705141
7.712912652794032	7.855476238552389
7.861424460576045	8.071680210026091
7.888949330219037	8.17728373669346
8.280714497773067	8.37999276801578
8.927990423226285	9.2663577831619
4.270132188746615	5.1209830312549105
4.308666068963624	5.472812497335999
4.401970112834189	5.92816289411092
4.415755267334133	5.1168749249545815
4.463945384692612	5.890191423855604
4.482507617331395	5.227670834016512
4.5027313200249335	4.991239547303466
4.517055703013406	5.008372616163222
4.52963109229615	4.571487045768095
4.532349135283689	5.096208760286675
4.533841380437382	4.757130070654729
4.53412542626732	5.3545882216305065
4.570501488112201	5.351878369283643
4.619993042283315	4.885996463502663
4.664985916990642	5.840226482151074
4.693077490578019	5.929075249066364
4.714910351041159	5.396987154535935
4.726265766725939	5.504944854734301
4.727584571209087	5.779733328231851
4.731475523574432	5.742566006254035
4.7439380172076016	5.259814704136141
4.748090052792373	5.212965840104917
4.751912554019206	5.4985356692596
4.7553282000446	5.203324945081017
4.786793502879048	4.983051319648301
4.791153303196652	5.3809582773776
4.840278247095612	4.918955095781534
4.865443447348575	6.065134333651248
4.888423268964616	5.194863733252181
4.907699385961393	5.393544963366575
4.907876073913273	5.4128479407618855
4.917016069917783	5.11849878259809
4.919906383476433	5.154144990060937
4.9241284139145955	5.796116117463655
4.9741714976736215	5.410953050882187
4.9778169220152275	5.887496679988762
4.977832281510981	5.34371697293513
4.990978565021654	5.3492092736145755
5.008657103138017	5.17520098305182
5.0282414079985935	5.368713095699646
5.037666219313369	5.426850118152599
5.039737230619711	5.3775437332524705
5.044850153245684	5.396607723413955
5.05466382380736	5.243619661299981
5.0583391814095275	5.411002463286008
5.071906418265476	5.407446518999625
5.079390251060119	5.396607723413955
5.083902675776268	5.501803529574294
5.089159877683746	5.556680690291175
5.0925494824270086	5.410953050882187
5.101767253872302	5.25471932684036
5.113955401779657	5.199487116244898
5.118111492252566	5.793624756131764
5.131542001020571	5.512483536741766
5.156212725627945	5.39943443032627
5.1708490396487505	5.25471932684036
5.171391702401635	5.183862397853446
5.175967372937637	5.851442681371117
5.1859231830566355	5.6540522408447105
5.193585377031054	5.633466490229794
5.207128240223916	6.106036393839728
5.208870405343681	5.3545882216305065
5.215006252466574	5.244621576967031
5.21570774112837	6.212716304513851
5.22403152872348	5.757411036802529
5.2241055323365275	5.243619661299981
5.251990184162429	5.439352256270742
5.259984415289362	5.577404761636353
5.268593364160192	5.3492092736145755
5.307080070978519	5.696411572460124
5.311738841355496	5.955874674129892
5.31226454042324	5.877899158227906
5.320772841777	5.969024832040378
5.325941846140523	5.473931885703297
5.357778284106237	6.0070229414342915
5.366048584688163	5.412859892263515
5.398978500344065	5.422370300278764
5.410972024328267	6.569243386899935
5.435037075536382	5.726947071450936
5.445180653486758	6.438937216976299
5.453078911271528	5.6341000519281375
5.4849800366716	8.55104178925357
5.531870612034141	6.29049655649459
5.546076908936087	5.923731239315356
5.571224638031904	5.687014783539458
5.639965930218517	6.0332832009173805
5.653529355047355	5.738318189129355
5.755468274785829	7.068451587660098
5.765853264441501	5.87992204775266
5.871348622088341	6.466832116505737
5.945133132639915	6.169382727800926
5.970293091852441	6.385817459678503
6.072194380232388	6.524028781426399
6.097536400849392	6.258390365637712
6.195814680221173	7.220353637879678
6.299285182449704	7.667566704879454
6.38854569183699	6.560301608809584
6.474585553766606	6.665058768758749
6.505468347809827	7.2911752365849996
6.545468911418281	6.96646927027843
6.545636001151362	7.492941142395806
6.702620920674865	6.935630875737032
7.041769950002133	8.591281474200203
7.067213781992954	7.317819399131523
7.099457804174357	7.347557061822614
7.186781601246508	8.045288743009339
7.193490215982604	7.423043206104864
7.208250996386104	7.418160848421665
7.211501252890715	7.706008786960137
7.351479674746463	8.111946195842433
7.396433746320567	7.769999861081784
7.40112268591347	7.572453172640436
7.409030105506116	7.974145792688904
7.428131091119877	8.029191933265288
7.542029169557077	8.086749145837384
7.784378461158221	8.385993738904002
7.892808212806681	8.027090313191446
8.10506367241759	9.091997444034709
8.12918383419127	8.822779036917415
8.823292430803638	9.667254874988751
9.419140704022842	9.475042436777349
4.147232127202004	5.433017111637082
4.2275995491540765	4.700565604203101
4.38400589440203	5.978042493525837
4.413172017869155	5.31203388106836
4.419058977813612	8.130990252163567
4.477412326840682	5.95077117885163
4.558314616428288	5.8551026442420495
4.603366433213976	5.657890773956664
4.6932312625179655	8.52243415699609
4.698746612650834	5.2507487523416545
4.717492019545474	6.526649690902084
4.789179699317817	6.165947603099008
4.82662483926983	8.495545277550702
4.842483621327309	5.903372067148884
4.896250754091626	6.028439389069051
4.960377440779072	6.369190680857326
4.9788931294799434	5.567252591066332
5.024728155947781	6.830312442187871
5.739204173079201	7.3118906907470205
6.135864449329993	7.755750715966771
6.705745058660537	8.196821296638511
4.2015024809064485	6.066114172350937
4.416094950887705	8.406468619710704
4.418919789368332	5.918504906269504
4.560036772272353	8.079525275813186
4.570371576846226	6.584236451920432
4.665324392962356	7.848213849978535
4.69214334874388	6.769270926000247
4.927973058358309	8.131411800663999
4.436806442172404	8.067104878818913
4.509377817029889	7.150949950918793
4.7263383410625295	8.516047634729755
4.26110761062716	8.581906735269326
4.319585045732854	8.843341439236921
4.411961637495232	8.747327598124418
4.680931797428783	8.541525931827037
4.334722010698784	9.328155535178816
4.408788876155011	9.591319515254897
4.5050194940667945	8.600385992031125
4.356699615464592	10.294045040435737
